0.166667 0.157776 0.011723 200 202 1000 1002 1000 1000 100 2
0.166667 0.167238 0.011828 200 187 1000 986 1000 1000 100 2
0.166667 0.142263 0.011560 200 188 1000 1000 1000 1000 100 2
0.166667 0.163773 0.011852 200 209 1000 995 1000 1000 100 2
0.166667 0.172618 0.011585 200 199 1000 1036 1000 1000 100 2
0.166667 0.179014 0.012067 200 204 1000 992 1000 1000 100 2
0.166667 0.146272 0.011447 200 184 1000 997 1000 1000 100 2
0.166667 0.161600 0.011930 200 191 1000 966 1000 1000 100 2
0.166667 0.159513 0.011612 200 195 1000 1020 1000 1000 100 2
0.166667 0.157321 0.011455 200 196 1000 1026 1000 1000 100 2
0.166667 0.156341 0.011769 200 189 1000 973 1000 1000 100 2
0.166667 0.135813 0.010837 200 179 1000 1057 1000 1000 100 2
0.166667 0.162905 0.011893 200 195 1000 968 1000 1000 100 2
0.166667 0.157642 0.012024 200 173 1000 925 1000 1000 100 2
0.166667 0.168553 0.012452 200 199 1000 917 1000 1000 100 2
0.166667 0.160038 0.011706 200 202 1000 1003 1000 1000 100 2
0.166667 0.151282 0.011331 200 204 1000 1033 1000 1000 100 2
0.166667 0.160525 0.011236 200 192 1000 1048 1000 1000 100 2
0.166667 0.152489 0.011776 200 193 1000 969 1000 1000 100 2
0.166667 0.177070 0.012373 200 208 1000 954 1000 1000 100 2
0.166667 0.151470 0.011249 200 187 1000 1034 1000 1000 100 2
0.166667 0.158433 0.011810 200 188 1000 961 1000 1000 100 2
0.166667 0.150411 0.011593 200 201 1000 981 1000 1000 100 2
0.166667 0.167528 0.011905 200 197 1000 976 1000 1000 100 2
0.166667 0.150205 0.011496 200 191 1000 1008 1000 1000 100 2
0.166667 0.163533 0.011572 200 196 1000 1034 1000 1000 100 2
0.166667 0.157229 0.011394 200 193 1000 1044 1000 1000 100 2
0.166667 0.153603 0.011292 200 204 1000 1025 1000 1000 100 2
0.166667 0.169638 0.012014 200 200 1000 969 1000 1000 100 2
0.166667 0.171259 0.011762 200 211 1000 1015 1000 1000 100 2
0.166667 0.156784 0.011973 200 184 1000 976 1000 1000 100 2
0.166667 0.150989 0.011804 200 165 1000 938 1000 1000 100 2
0.166667 0.148141 0.011068 200 185 1000 1023 1000 1000 100 2
0.166667 0.168912 0.012183 200 214 1000 965 1000 1000 100 2
0.166667 0.141439 0.011713 200 181 1000 967 1000 1000 100 2
0.166667 0.165901 0.011785 200 208 1000 1000 1000 1000 100 2
0.166667 0.165893 0.011708 200 203 1000 1010 1000 1000 100 2
0.166667 0.157905 0.011860 200 188 1000 985 1000 1000 100 2
0.166667 0.169473 0.011829 200 212 1000 1015 1000 1000 100 2
0.166667 0.174021 0.012072 200 208 1000 964 1000 1000 100 2
0.166667 0.175565 0.012111 200 209 1000 978 1000 1000 100 2
0.166667 0.177779 0.012196 200 216 1000 965 1000 1000 100 2
0.166667 0.163676 0.011554 200 203 1000 1022 1000 1000 100 2
0.166667 0.181923 0.012045 200 229 1000 1016 1000 1000 100 2
0.166667 0.161077 0.011453 200 213 1000 1060 1000 1000 100 2
0.166667 0.140670 0.010876 200 176 1000 1035 1000 1000 100 2
0.166667 0.130427 0.011424 200 167 1000 968 1000 1000 100 2
0.166667 0.156580 0.011440 200 196 1000 1035 1000 1000 100 2
0.166667 0.151644 0.011635 200 185 1000 971 1000 1000 100 2
0.166667 0.168384 0.011982 200 208 1000 994 1000 1000 100 2
0.166667 0.150636 0.011830 200 185 1000 966 1000 1000 100 2
0.166667 0.150102 0.011626 200 186 1000 1020 1000 1000 100 2
0.166667 0.167291 0.011756 200 216 1000 1031 1000 1000 100 2
0.166667 0.191753 0.012682 200 207 1000 925 1000 1000 100 2
0.166667 0.149305 0.011449 200 188 1000 1049 1000 1000 100 2
0.166667 0.163983 0.011646 200 205 1000 1014 1000 1000 100 2
0.166667 0.154747 0.011493 200 188 1000 1012 1000 1000 100 2
0.166667 0.156354 0.011384 200 189 1000 1009 1000 1000 100 2
0.166667 0.140404 0.011208 200 180 1000 1046 1000 1000 100 2
0.166667 0.180271 0.011845 200 218 1000 1025 1000 1000 100 2
0.166667 0.178593 0.011877 200 225 1000 1006 1000 1000 100 2
0.166667 0.176413 0.012210 200 201 1000 957 1000 1000 100 2
0.166667 0.147656 0.011263 200 186 1000 1025 1000 1000 100 2
0.166667 0.178341 0.012137 200 206 1000 988 1000 1000 100 2
0.166667 0.151977 0.011521 200 187 1000 1002 1000 1000 100 2
0.166667 0.175575 0.011661 200 207 1000 1015 1000 1000 100 2
0.166667 0.160952 0.011868 200 200 1000 988 1000 1000 100 2
0.166667 0.153240 0.011652 200 187 1000 1008 1000 1000 100 2
0.166667 0.177772 0.012298 200 218 1000 979 1000 1000 100 2
0.166667 0.196201 0.012550 200 229 1000 946 1000 1000 100 2
0.166667 0.171999 0.012101 200 216 1000 967 1000 1000 100 2
0.166667 0.176906 0.012323 200 217 1000 966 1000 1000 100 2
0.166667 0.167112 0.011714 200 203 1000 998 1000 1000 100 2
0.166667 0.175728 0.012338 200 201 1000 943 1000 1000 100 2
0.166667 0.171146 0.011470 200 219 1000 1045 1000 1000 100 2
0.166667 0.167032 0.011998 200 195 1000 985 1000 1000 100 2
0.166667 0.152098 0.011324 200 196 1000 1016 1000 1000 100 2
0.166667 0.144193 0.011207 200 177 1000 982 1000 1000 100 2
0.166667 0.165820 0.011475 200 223 1000 1050 1000 1000 100 2
0.166667 0.160848 0.011369 200 211 1000 1033 1000 1000 100 2
0.166667 0.157235 0.011281 200 212 1000 1051 1000 1000 100 2
0.166667 0.176908 0.012173 200 212 1000 976 1000 1000 100 2
0.166667 0.169256 0.011548 200 205 1000 1030 1000 1000 100 2
0.166667 0.164279 0.011881 200 198 1000 1000 1000 1000 100 2
0.166667 0.152833 0.011566 200 191 1000 992 1000 1000 100 2
0.166667 0.167075 0.011865 200 206 1000 1007 1000 1000 100 2
0.166667 0.177002 0.012251 200 219 1000 986 1000 1000 100 2
0.166667 0.167584 0.011628 200 189 1000 1000 1000 1000 100 2
0.166667 0.161637 0.011382 200 209 1000 1053 1000 1000 100 2
0.166667 0.156952 0.011645 200 189 1000 1016 1000 1000 100 2
0.166667 0.156280 0.011833 200 181 1000 948 1000 1000 100 2
0.166667 0.170168 0.012067 200 215 1000 967 1000 1000 100 2
0.166667 0.164711 0.011892 200 208 1000 1005 1000 1000 100 2
0.166667 0.155772 0.011638 200 185 1000 998 1000 1000 100 2
0.166667 0.148848 0.011763 200 191 1000 974 1000 1000 100 2
0.166667 0.151178 0.011890 200 207 1000 955 1000 1000 100 2
0.166667 0.151894 0.011084 200 187 1000 1051 1000 1000 100 2
0.166667 0.152566 0.011314 200 188 1000 1013 1000 1000 100 2
0.166667 0.178445 0.012576 200 218 1000 946 1000 1000 100 2
0.166667 0.162310 0.011856 200 204 1000 995 1000 1000 100 2
0.166667 0.164364 0.011740 200 207 1000 1018 1000 1000 100 2
0.166667 0.167400 0.011837 200 215 1000 1020 1000 1000 100 2
0.166667 0.159718 0.011749 200 195 1000 993 1000 1000 100 2
0.166667 0.191833 0.012489 200 234 1000 949 1000 1000 100 2
0.166667 0.160226 0.011649 200 220 1000 1019 1000 1000 100 2
0.166667 0.153415 0.011716 200 176 1000 987 1000 1000 100 2
0.166667 0.164342 0.011623 200 200 1000 1035 1000 1000 100 2
0.166667 0.184811 0.012785 200 215 1000 937 1000 1000 100 2
0.166667 0.163141 0.011928 200 193 1000 985 1000 1000 100 2
0.166667 0.160573 0.011973 200 193 1000 991 1000 1000 100 2
0.166667 0.163044 0.011903 200 192 1000 997 1000 1000 100 2
0.166667 0.166023 0.011677 200 214 1000 1011 1000 1000 100 2
0.166667 0.163181 0.011876 200 189 1000 983 1000 1000 100 2
0.166667 0.171548 0.012352 200 204 1000 939 1000 1000 100 2
0.166667 0.170655 0.011491 200 220 1000 1054 1000 1000 100 2
0.166667 0.164615 0.011465 200 211 1000 1042 1000 1000 100 2
0.166667 0.148158 0.011094 200 196 1000 1063 1000 1000 100 2
0.166667 0.173743 0.011882 200 210 1000 997 1000 1000 100 2
0.166667 0.146344 0.011421 200 184 1000 1000 1000 1000 100 2
0.166667 0.156526 0.011728 200 202 1000 1016 1000 1000 100 2
0.166667 0.152726 0.011321 200 200 1000 1056 1000 1000 100 2
0.166667 0.183923 0.011936 200 236 1000 1041 1000 1000 100 2
0.166667 0.162812 0.011562 200 193 1000 1003 1000 1000 100 2
0.166667 0.142477 0.011338 200 182 1000 994 1000 1000 100 2
0.166667 0.161012 0.011576 200 199 1000 1055 1000 1000 100 2
0.166667 0.152919 0.011500 200 199 1000 1009 1000 1000 100 2
0.166667 0.188777 0.012804 200 224 1000 923 1000 1000 100 2
0.166667 0.177449 0.011931 200 202 1000 1010 1000 1000 100 2
0.166667 0.164961 0.011939 200 204 1000 996 1000 1000 100 2
0.166667 0.173275 0.012039 200 212 1000 994 1000 1000 100 2
0.166667 0.188498 0.012270 200 221 1000 1000 1000 1000 100 2
0.166667 0.153455 0.011851 200 199 1000 990 1000 1000 100 2
0.166667 0.167540 0.012072 200 195 1000 962 1000 1000 100 2
0.166667 0.172272 0.011800 200 208 1000 1004 1000 1000 100 2
0.166667 0.157028 0.011647 200 195 1000 991 1000 1000 100 2
0.166667 0.164091 0.011823 200 204 1000 1010 1000 1000 100 2
0.166667 0.154854 0.011779 200 200 1000 964 1000 1000 100 2
0.166667 0.164340 0.011680 200 199 1000 1006 1000 1000 100 2
0.166667 0.155303 0.011491 200 189 1000 1010 1000 1000 100 2
0.166667 0.157368 0.011565 200 193 1000 1006 1000 1000 100 2
0.166667 0.179613 0.012303 200 204 1000 940 1000 1000 100 2
0.166667 0.159687 0.011630 200 202 1000 1001 1000 1000 100 2
0.166667 0.169883 0.011782 200 222 1000 1020 1000 1000 100 2
0.166667 0.169481 0.012047 200 195 1000 969 1000 1000 100 2
0.166667 0.162203 0.011631 200 211 1000 1024 1000 1000 100 2
0.166667 0.161977 0.011686 200 194 1000 1000 1000 1000 100 2
0.166667 0.183063 0.012477 200 215 1000 952 1000 1000 100 2
0.166667 0.169613 0.012105 200 212 1000 963 1000 1000 100 2
0.166667 0.167191 0.011637 200 202 1000 1010 1000 1000 100 2
0.166667 0.158124 0.011439 200 215 1000 1035 1000 1000 100 2
0.166667 0.166639 0.011437 200 227 1000 1065 1000 1000 100 2
0.166667 0.181809 0.012673 200 207 1000 928 1000 1000 100 2
0.166667 0.140484 0.011568 200 159 1000 997 1000 1000 100 2
0.166667 0.154797 0.011289 200 194 1000 1021 1000 1000 100 2
0.166667 0.186474 0.012368 200 222 1000 942 1000 1000 100 2
0.166667 0.161566 0.011825 200 203 1000 987 1000 1000 100 2
0.166667 0.153740 0.011371 200 205 1000 1032 1000 1000 100 2
0.166667 0.160515 0.011502 200 188 1000 1010 1000 1000 100 2
0.166667 0.185623 0.012608 200 222 1000 933 1000 1000 100 2
0.166667 0.179425 0.011941 200 213 1000 1001 1000 1000 100 2
0.166667 0.166952 0.011667 200 199 1000 1022 1000 1000 100 2
0.166667 0.162885 0.011740 200 214 1000 1007 1000 1000 100 2
0.166667 0.151270 0.011469 200 182 1000 1037 1000 1000 100 2
0.166667 0.141509 0.011490 200 173 1000 969 1000 1000 100 2
0.166667 0.181896 0.011983 200 209 1000 986 1000 1000 100 2
0.166667 0.155649 0.011276 200 198 1000 1041 1000 1000 100 2
0.166667 0.160787 0.011757 200 196 1000 978 1000 1000 100 2
0.166667 0.148226 0.010993 200 183 1000 1066 1000 1000 100 2
0.166667 0.153717 0.011461 200 191 1000 1020 1000 1000 100 2
0.166667 0.173460 0.011678 200 219 1000 1019 1000 1000 100 2
0.166667 0.166191 0.012020 200 182 1000 982 1000 1000 100 2
0.166667 0.163136 0.011316 200 209 1000 1085 1000 1000 100 2
0.166667 0.155796 0.011524 200 190 1000 1011 1000 1000 100 2
0.166667 0.144029 0.011045 200 172 1000 1050 1000 1000 100 2
0.166667 0.188297 0.012441 200 235 1000 950 1000 1000 100 2
0.166667 0.170486 0.012027 200 190 1000 964 1000 1000 100 2
0.166667 0.164047 0.012075 200 202 1000 986 1000 1000 100 2
0.166667 0.162676 0.011723 200 190 1000 981 1000 1000 100 2
0.166667 0.145688 0.011059 200 191 1000 1057 1000 1000 100 2
0.166667 0.162674 0.011845 200 216 1000 989 1000 1000 100 2
0.166667 0.160701 0.011305 200 213 1000 1061 1000 1000 100 2
0.166667 0.147806 0.011365 200 185 1000 1029 1000 1000 100 2
0.166667 0.149243 0.011707 200 176 1000 944 1000 1000 100 2
0.166667 0.163958 0.011676 200 205 1000 997 1000 1000 100 2
0.166667 0.167328 0.012025 200 191 1000 958 1000 1000 100 2
0.166667 0.173126 0.012095 200 190 1000 971 1000 1000 100 2
0.166667 0.170524 0.011788 200 209 1000 1004 1000 1000 100 2
0.166667 0.163743 0.011567 200 184 1000 1018 1000 1000 100 2
0.166667 0.146246 0.011623 200 168 1000 968 1000 1000 100 2
0.166667 0.160286 0.011508 200 182 1000 1000 1000 1000 100 2
0.166667 0.164632 0.011943 200 180 1000 978 1000 1000 100 2
0.166667 0.162804 0.012088 200 188 1000 948 1000 1000 100 2
0.166667 0.171963 0.011803 200 209 1000 1001 1000 1000 100 2
0.166667 0.164330 0.011489 200 200 1000 1036 1000 1000 100 2
0.166667 0.174545 0.011914 200 207 1000 1022 1000 1000 100 2
0.166667 0.185901 0.012306 200 202 1000 963 1000 1000 100 2
0.166667 0.171171 0.012083 200 201 1000 986 1000 1000 100 2
0.166667 0.158229 0.011685 200 197 1000 997 1000 1000 100 2
0.166667 0.171176 0.012105 200 209 1000 1000 1000 1000 100 2
0.166667 0.178027 0.012545 200 207 1000 906 1000 1000 100 2
0.166667 0.162809 0.011795 200 204 1000 992 1000 1000 100 2
0.166667 0.170505 0.012028 200 194 1000 981 1000 1000 100 2
0.166667 0.179521 0.012063 200 220 1000 996 1000 1000 100 2
0.166667 0.149240 0.011337 200 186 1000 1045 1000 1000 100 2
0.166667 0.170133 0.011881 200 201 1000 972 1000 1000 100 2
0.166667 0.173292 0.012341 200 204 1000 941 1000 1000 100 2
0.166667 0.152492 0.011431 200 194 1000 1018 1000 1000 100 2
0.166667 0.162498 0.011926 200 202 1000 978 1000 1000 100 2
0.166667 0.168469 0.011348 200 216 1000 1054 1000 1000 100 2
0.166667 0.157920 0.011884 200 212 1000 1013 1000 1000 100 2
0.166667 0.151918 0.011316 200 186 1000 1015 1000 1000 100 2
0.166667 0.136585 0.011169 200 191 1000 1040 1000 1000 100 2
0.166667 0.154860 0.011438 200 179 1000 1013 1000 1000 100 2
0.166667 0.151405 0.011590 200 192 1000 990 1000 1000 100 2
0.166667 0.178328 0.011790 200 205 1000 1039 1000 1000 100 2
0.166667 0.164222 0.011921 200 213 1000 972 1000 1000 100 2
0.166667 0.179755 0.012051 200 217 1000 1001 1000 1000 100 2
0.166667 0.160211 0.011686 200 201 1000 997 1000 1000 100 2
0.166667 0.170377 0.011778 200 208 1000 1008 1000 1000 100 2
0.166667 0.164899 0.011732 200 209 1000 1012 1000 1000 100 2
0.166667 0.145969 0.011518 200 190 1000 999 1000 1000 100 2
0.166667 0.161303 0.012066 200 188 1000 950 1000 1000 100 2
0.166667 0.153931 0.011638 200 193 1000 1015 1000 1000 100 2
0.166667 0.166727 0.012048 200 213 1000 985 1000 1000 100 2
0.166667 0.172197 0.011859 200 202 1000 995 1000 1000 100 2
0.166667 0.157108 0.011976 200 188 1000 982 1000 1000 100 2
0.166667 0.174959 0.012256 200 213 1000 966 1000 1000 100 2
0.166667 0.150106 0.011373 200 204 1000 1008 1000 1000 100 2
0.166667 0.168454 0.012075 200 188 1000 983 1000 1000 100 2
0.166667 0.174663 0.012502 200 207 1000 940 1000 1000 100 2
0.166667 0.174192 0.011912 200 201 1000 1023 1000 1000 100 2
0.166667 0.159578 0.011577 200 194 1000 1006 1000 1000 100 2
0.166667 0.152693 0.011633 200 172 1000 1006 1000 1000 100 2
0.166667 0.150632 0.011406 200 184 1000 1025 1000 1000 100 2
0.166667 0.176341 0.011853 200 213 1000 1005 1000 1000 100 2
0.166667 0.157876 0.011392 200 208 1000 1037 1000 1000 100 2
0.166667 0.170436 0.011842 200 206 1000 1026 1000 1000 100 2
0.166667 0.156069 0.011257 200 193 1000 1061 1000 1000 100 2
0.166667 0.167340 0.011892 200 196 1000 978 1000 1000 100 2
0.166667 0.172420 0.012114 200 202 1000 976 1000 1000 100 2
0.166667 0.144663 0.011437 200 189 1000 1024 1000 1000 100 2
0.166667 0.184962 0.012182 200 223 1000 976 1000 1000 100 2
0.166667 0.147694 0.011323 200 173 1000 1016 1000 1000 100 2
0.166667 0.157525 0.011503 200 195 1000 1007 1000 1000 100 2
0.166667 0.155982 0.011354 200 209 1000 1050 1000 1000 100 2
0.166667 0.174328 0.011873 200 206 1000 999 1000 1000 100 2
0.166667 0.177819 0.012452 200 230 1000 960 1000 1000 100 2
0.166667 0.182285 0.011900 200 230 1000 1032 1000 1000 100 2
0.166667 0.181442 0.012288 200 225 1000 1001 1000 1000 100 2
0.166667 0.188131 0.012425 200 207 1000 981 1000 1000 100 2
0.166667 0.163959 0.011994 200 195 1000 964 1000 1000 100 2
0.166667 0.154513 0.011889 200 194 1000 991 1000 1000 100 2
0.166667 0.144619 0.011255 200 184 1000 1048 1000 1000 100 2
0.166667 0.174113 0.011876 200 209 1000 1013 1000 1000 100 2
0.166667 0.183086 0.012410 200 219 1000 961 1000 1000 100 2
0.166667 0.167269 0.012010 200 186 1000 968 1000 1000 100 2
0.166667 0.148125 0.011171 200 191 1000 1029 1000 1000 100 2
0.166667 0.185356 0.012460 200 195 1000 917 1000 1000 100 2
0.166667 0.143714 0.011072 200 176 1000 1058 1000 1000 100 2
0.166667 0.173710 0.012358 200 207 1000 962 1000 1000 100 2
0.166667 0.160366 0.011450 200 207 1000 1045 1000 1000 100 2
0.166667 0.145872 0.011389 200 176 1000 1020 1000 1000 100 2
0.166667 0.141890 0.011123 200 186 1000 1049 1000 1000 100 2
0.166667 0.164515 0.011860 200 204 1000 992 1000 1000 100 2
0.166667 0.160813 0.011766 200 189 1000 988 1000 1000 100 2
0.166667 0.157457 0.011410 200 183 1000 1014 1000 1000 100 2
0.166667 0.153953 0.011707 200 190 1000 974 1000 1000 100 2
0.166667 0.173447 0.012054 200 210 1000 990 1000 1000 100 2
0.166667 0.157851 0.011427 200 193 1000 1016 1000 1000 100 2
0.166667 0.161342 0.011552 200 205 1000 1028 1000 1000 100 2
0.166667 0.159093 0.011520 200 205 1000 1020 1000 1000 100 2
0.166667 0.175762 0.011927 200 202 1000 986 1000 1000 100 2
0.166667 0.166976 0.011684 200 207 1000 1020 1000 1000 100 2
0.166667 0.165852 0.011855 200 188 1000 966 1000 1000 100 2
0.166667 0.176996 0.011788 200 226 1000 1041 1000 1000 100 2
0.166667 0.142500 0.011321 200 180 1000 1018 1000 1000 100 2
0.166667 0.163811 0.011731 200 199 1000 987 1000 1000 100 2
0.166667 0.148530 0.011352 200 176 1000 1038 1000 1000 100 2
0.166667 0.147900 0.011674 200 177 1000 946 1000 1000 100 2
0.166667 0.152443 0.011632 200 194 1000 1008 1000 1000 100 2
0.166667 0.178099 0.012343 200 208 1000 954 1000 1000 100 2
0.166667 0.136268 0.011378 200 171 1000 991 1000 1000 100 2
0.166667 0.143915 0.011782 200 179 1000 942 1000 1000 100 2
0.166667 0.156498 0.011790 200 195 1000 977 1000 1000 100 2
0.166667 0.154766 0.011624 200 185 1000 1031 1000 1000 100 2
0.166667 0.167270 0.012096 200 199 1000 968 1000 1000 100 2
0.166667 0.158869 0.011491 200 193 1000 1027 1000 1000 100 2
0.166667 0.158790 0.011837 200 191 1000 976 1000 1000 100 2
0.166667 0.168987 0.012110 200 208 1000 980 1000 1000 100 2
0.166667 0.167278 0.011841 200 199 1000 988 1000 1000 100 2
0.166667 0.161071 0.011428 200 198 1000 1049 1000 1000 100 2
0.166667 0.141366 0.011103 200 206 1000 1047 1000 1000 100 2
0.166667 0.152550 0.011608 200 179 1000 978 1000 1000 100 2
0.166667 0.163183 0.011835 200 194 1000 1009 1000 1000 100 2
0.166667 0.168446 0.011764 200 196 1000 998 1000 1000 100 2
0.166667 0.147272 0.011216 200 191 1000 1039 1000 1000 100 2
0.166667 0.167509 0.011711 200 216 1000 1007 1000 1000 100 2
0.166667 0.148507 0.011445 200 196 1000 1014 1000 1000 100 2
0.166667 0.152412 0.011423 200 191 1000 1033 1000 1000 100 2
0.166667 0.172558 0.012374 200 205 1000 940 1000 1000 100 2
0.166667 0.158008 0.011517 200 207 1000 1029 1000 1000 100 2
0.166667 0.194342 0.012350 200 219 1000 970 1000 1000 100 2
0.166667 0.164145 0.011831 200 204 1000 993 1000 1000 100 2
0.166667 0.178734 0.011861 200 220 1000 1028 1000 1000 100 2
0.166667 0.153786 0.011176 200 198 1000 1048 1000 1000 100 2
0.166667 0.157337 0.011684 200 193 1000 999 1000 1000 100 2
0.166667 0.150843 0.011475 200 180 1000 1021 1000 1000 100 2
0.166667 0.168449 0.012199 200 198 1000 936 1000 1000 100 2
0.166667 0.150996 0.011423 200 194 1000 1024 1000 1000 100 2
0.166667 0.165765 0.011498 200 193 1000 1033 1000 1000 100 2
0.166667 0.150762 0.011739 200 192 1000 967 1000 1000 100 2
0.166667 0.154173 0.011655 200 184 1000 1025 1000 1000 100 2
0.166667 0.168721 0.012002 200 198 1000 982 1000 1000 100 2
0.166667 0.146336 0.011365 200 192 1000 1009 1000 1000 100 2
0.166667 0.167091 0.012180 200 211 1000 951 1000 1000 100 2
0.166667 0.147284 0.011294 200 199 1000 1037 1000 1000 100 2
0.166667 0.156984 0.011492 200 206 1000 1030 1000 1000 100 2
0.166667 0.179807 0.012197 200 212 1000 980 1000 1000 100 2
0.166667 0.164612 0.011741 200 212 1000 1002 1000 1000 100 2
0.166667 0.168126 0.011884 200 192 1000 973 1000 1000 100 2
0.166667 0.165260 0.011900 200 195 1000 959 1000 1000 100 2
0.166667 0.179064 0.011921 200 217 1000 1018 1000 1000 100 2
0.166667 0.171006 0.011763 200 219 1000 1048 1000 1000 100 2
0.166667 0.142929 0.011326 200 173 1000 988 1000 1000 100 2
0.166667 0.158572 0.011752 200 194 1000 984 1000 1000 100 2
0.166667 0.153993 0.011746 200 204 1000 968 1000 1000 100 2
0.166667 0.153080 0.011520 200 200 1000 1018 1000 1000 100 2
0.166667 0.155022 0.011377 200 203 1000 1045 1000 1000 100 2
0.166667 0.194084 0.012204 200 248 1000 1024 1000 1000 100 2
0.166667 0.131374 0.011080 200 179 1000 1035 1000 1000 100 2
0.166667 0.154071 0.011871 200 188 1000 970 1000 1000 100 2
0.166667 0.186393 0.012249 200 222 1000 989 1000 1000 100 2
0.166667 0.144695 0.011281 200 195 1000 1047 1000 1000 100 2
0.166667 0.164030 0.011882 200 207 1000 1006 1000 1000 100 2
0.166667 0.137163 0.011056 200 169 1000 1015 1000 1000 100 2
0.166667 0.180276 0.011982 200 217 1000 1006 1000 1000 100 2
0.166667 0.163061 0.011501 200 205 1000 1023 1000 1000 100 2
0.166667 0.159655 0.011626 200 191 1000 1019 1000 1000 100 2
0.166667 0.165351 0.012033 200 197 1000 976 1000 1000 100 2
0.166667 0.171599 0.011933 200 216 1000 1013 1000 1000 100 2
0.166667 0.172112 0.012105 200 200 1000 973 1000 1000 100 2
0.166667 0.177189 0.012666 200 212 1000 930 1000 1000 100 2
0.166667 0.159226 0.011355 200 199 1000 1056 1000 1000 100 2
0.166667 0.143601 0.011216 200 191 1000 1033 1000 1000 100 2
0.166667 0.150733 0.011619 200 191 1000 974 1000 1000 100 2
0.166667 0.163755 0.011545 200 195 1000 1037 1000 1000 100 2
0.166667 0.149451 0.011700 200 179 1000 971 1000 1000 100 2
0.166667 0.162604 0.011463 200 193 1000 1020 1000 1000 100 2
0.166667 0.150458 0.011674 200 184 1000 977 1000 1000 100 2
0.166667 0.170091 0.011515 200 209 1000 1049 1000 1000 100 2
0.166667 0.169576 0.011779 200 193 1000 999 1000 1000 100 2
0.166667 0.162259 0.011973 200 186 1000 963 1000 1000 100 2
0.166667 0.165910 0.011800 200 200 1000 966 1000 1000 100 2
0.166667 0.153352 0.011845 200 187 1000 960 1000 1000 100 2
0.166667 0.166309 0.011895 200 202 1000 969 1000 1000 100 2
0.166667 0.152593 0.011306 200 192 1000 1023 1000 1000 100 2
0.166667 0.170465 0.012107 200 209 1000 962 1000 1000 100 2
0.166667 0.176211 0.011741 200 200 1000 998 1000 1000 100 2
0.166667 0.149368 0.011243 200 186 1000 1024 1000 1000 100 2
0.166667 0.154190 0.011764 200 209 1000 1004 1000 1000 100 2
0.166667 0.187764 0.012378 200 230 1000 977 1000 1000 100 2
0.166667 0.178844 0.011898 200 222 1000 1014 1000 1000 100 2
0.166667 0.169718 0.011819 200 195 1000 1009 1000 1000 100 2
0.166667 0.177251 0.012197 200 205 1000 967 1000 1000 100 2
0.166667 0.162265 0.011699 200 194 1000 1008 1000 1000 100 2
0.166667 0.169955 0.011884 200 204 1000 1000 1000 1000 100 2
0.166667 0.164403 0.011700 200 214 1000 1021 1000 1000 100 2
0.166667 0.151907 0.011399 200 194 1000 1019 1000 1000 100 2
0.166667 0.140517 0.011121 200 175 1000 1028 1000 1000 100 2
0.166667 0.169954 0.011804 200 197 1000 1005 1000 1000 100 2
0.166667 0.140814 0.011402 200 178 1000 989 1000 1000 100 2
0.166667 0.156353 0.011997 200 195 1000 967 1000 1000 100 2
0.166667 0.146012 0.011229 200 190 1000 1017 1000 1000 100 2
0.166667 0.175240 0.012006 200 208 1000 1000 1000 1000 100 2
0.166667 0.162745 0.011933 200 200 1000 987 1000 1000 100 2
0.166667 0.167746 0.012002 200 206 1000 985 1000 1000 100 2
0.166667 0.156057 0.011548 200 189 1000 1000 1000 1000 100 2
0.166667 0.149930 0.011698 200 177 1000 986 1000 1000 100 2
0.166667 0.152710 0.011284 200 196 1000 1030 1000 1000 100 2
0.166667 0.164154 0.011976 200 202 1000 967 1000 1000 100 2
0.166667 0.160197 0.011592 200 206 1000 1022 1000 1000 100 2
0.166667 0.186451 0.012274 200 215 1000 967 1000 1000 100 2
0.166667 0.163194 0.011891 200 194 1000 959 1000 1000 100 2
0.166667 0.173911 0.012089 200 204 1000 987 1000 1000 100 2
0.166667 0.153742 0.011573 200 180 1000 1031 1000 1000 100 2
0.166667 0.147953 0.011360 200 186 1000 1002 1000 1000 100 2
0.166667 0.150444 0.011301 200 169 1000 975 1000 1000 100 2
0.166667 0.184369 0.012284 200 221 1000 983 1000 1000 100 2
0.166667 0.168665 0.011815 200 217 1000 1003 1000 1000 100 2
0.166667 0.147654 0.011162 200 192 1000 1036 1000 1000 100 2
0.166667 0.161804 0.011796 200 197 1000 975 1000 1000 100 2
0.166667 0.171736 0.011814 200 215 1000 1022 1000 1000 100 2
0.166667 0.145633 0.011652 200 182 1000 980 1000 1000 100 2
0.166667 0.133799 0.011413 200 183 1000 963 1000 1000 100 2
0.166667 0.171961 0.012289 200 190 1000 955 1000 1000 100 2
0.166667 0.130373 0.010708 200 184 1000 1086 1000 1000 100 2
0.166667 0.160482 0.011487 200 194 1000 1025 1000 1000 100 2
0.166667 0.148941 0.011080 200 191 1000 1052 1000 1000 100 2
0.166667 0.164597 0.011708 200 209 1000 1008 1000 1000 100 2
0.166667 0.158005 0.011531 200 199 1000 1031 1000 1000 100 2
0.166667 0.170584 0.012141 200 204 1000 975 1000 1000 100 2
0.166667 0.169762 0.011966 200 204 1000 990 1000 1000 100 2
0.166667 0.164826 0.011644 200 204 1000 1033 1000 1000 100 2
0.166667 0.181682 0.012367 200 199 1000 943 1000 1000 100 2
0.166667 0.162434 0.011834 200 213 1000 1044 1000 1000 100 2
0.166667 0.170161 0.012435 200 199 1000 930 1000 1000 100 2
0.166667 0.152486 0.011300 200 179 1000 998 1000 1000 100 2
0.166667 0.173616 0.011932 200 213 1000 1005 1000 1000 100 2
0.166667 0.164866 0.012064 200 192 1000 982 1000 1000 100 2
0.166667 0.150827 0.011702 200 188 1000 981 1000 1000 100 2
0.166667 0.170409 0.012106 200 213 1000 967 1000 1000 100 2
0.166667 0.175816 0.011945 200 199 1000 983 1000 1000 100 2
0.166667 0.144353 0.011544 200 168 1000 989 1000 1000 100 2
0.166667 0.154170 0.011554 200 198 1000 1006 1000 1000 100 2
0.166667 0.145044 0.011455 200 182 1000 1000 1000 1000 100 2
0.166667 0.158892 0.011566 200 173 1000 967 1000 1000 100 2
0.166667 0.154335 0.011521 200 191 1000 992 1000 1000 100 2
0.166667 0.183563 0.012014 200 221 1000 1005 1000 1000 100 2
0.166667 0.171485 0.011938 200 210 1000 998 1000 1000 100 2
0.166667 0.146137 0.011374 200 179 1000 990 1000 1000 100 2
0.166667 0.194812 0.012828 200 217 1000 941 1000 1000 100 2
0.166667 0.161593 0.011402 200 201 1000 1072 1000 1000 100 2
0.166667 0.175266 0.012353 200 209 1000 953 1000 1000 100 2
0.166667 0.150577 0.011523 200 202 1000 1025 1000 1000 100 2
0.166667 0.172680 0.012175 200 211 1000 973 1000 1000 100 2
0.166667 0.152682 0.011611 200 176 1000 999 1000 1000 100 2
0.166667 0.178999 0.012003 200 224 1000 985 1000 1000 100 2
0.166667 0.168657 0.012117 200 198 1000 966 1000 1000 100 2
0.166667 0.145153 0.011328 200 190 1000 1025 1000 1000 100 2
0.166667 0.151051 0.011548 200 203 1000 994 1000 1000 100 2
0.166667 0.152733 0.011660 200 204 1000 1007 1000 1000 100 2
0.166667 0.170156 0.012127 200 208 1000 976 1000 1000 100 2
0.166667 0.164305 0.011731 200 190 1000 1007 1000 1000 100 2
0.166667 0.172127 0.011863 200 217 1000 1025 1000 1000 100 2
0.166667 0.175990 0.011674 200 219 1000 1015 1000 1000 100 2
0.166667 0.168976 0.011523 200 214 1000 1015 1000 1000 100 2
0.166667 0.158257 0.011846 200 206 1000 987 1000 1000 100 2
0.166667 0.160870 0.011472 200 221 1000 1034 1000 1000 100 2
0.166667 0.172322 0.011985 200 212 1000 1018 1000 1000 100 2
0.166667 0.178376 0.012249 200 213 1000 955 1000 1000 100 2
0.166667 0.155336 0.011540 200 192 1000 1029 1000 1000 100 2
0.166667 0.167766 0.011832 200 203 1000 1013 1000 1000 100 2
0.166667 0.178007 0.012099 200 213 1000 984 1000 1000 100 2
0.166667 0.171354 0.012206 200 194 1000 932 1000 1000 100 2
0.166667 0.150060 0.011322 200 205 1000 1060 1000 1000 100 2
0.166667 0.150624 0.011307 200 191 1000 1009 1000 1000 100 2
0.166667 0.135756 0.011485 200 167 1000 978 1000 1000 100 2
0.166667 0.151606 0.011770 200 195 1000 989 1000 1000 100 2
0.166667 0.174553 0.012141 200 201 1000 969 1000 1000 100 2
0.166667 0.161851 0.011404 200 197 1000 1049 1000 1000 100 2
0.166667 0.147193 0.011351 200 190 1000 1013 1000 1000 100 2
0.166667 0.143623 0.011044 200 168 1000 1031 1000 1000 100 2
0.166667 0.171168 0.011851 200 215 1000 982 1000 1000 100 2
0.166667 0.173960 0.011853 200 214 1000 1014 1000 1000 100 2
0.166667 0.154391 0.011302 200 197 1000 1030 1000 1000 100 2
0.166667 0.151677 0.011405 200 190 1000 1034 1000 1000 100 2
0.166667 0.177018 0.012072 200 216 1000 968 1000 1000 100 2
0.166667 0.154056 0.011816 200 193 1000 974 1000 1000 100 2
0.166667 0.181829 0.012441 200 214 1000 948 1000 1000 100 2
0.166667 0.160112 0.011814 200 189 1000 973 1000 1000 100 2
0.166667 0.174220 0.012430 200 215 1000 963 1000 1000 100 2
0.166667 0.149677 0.011162 200 179 1000 1031 1000 1000 100 2
0.166667 0.163480 0.011806 200 188 1000 993 1000 1000 100 2
0.166667 0.157981 0.011394 200 205 1000 1034 1000 1000 100 2
0.166667 0.171337 0.011858 200 208 1000 1005 1000 1000 100 2
0.166667 0.145135 0.011879 200 187 1000 961 1000 1000 100 2
0.166667 0.173068 0.011918 200 215 1000 1003 1000 1000 100 2
0.166667 0.147155 0.011144 200 184 1000 1035 1000 1000 100 2
0.166667 0.152033 0.011513 200 194 1000 1018 1000 1000 100 2
0.166667 0.169293 0.011609 200 205 1000 1030 1000 1000 100 2
0.166667 0.165292 0.011584 200 210 1000 1048 1000 1000 100 2
0.166667 0.174592 0.011969 200 220 1000 1011 1000 1000 100 2
0.166667 0.153638 0.011584 200 182 1000 988 1000 1000 100 2
0.166667 0.158522 0.011774 200 204 1000 994 1000 1000 100 2
0.166667 0.147282 0.011669 200 174 1000 955 1000 1000 100 2
0.166667 0.162940 0.011894 200 196 1000 990 1000 1000 100 2
0.166667 0.157160 0.011866 200 203 1000 1014 1000 1000 100 2
0.166667 0.151343 0.011372 200 187 1000 1015 1000 1000 100 2
0.166667 0.171135 0.012118 200 202 1000 949 1000 1000 100 2
0.166667 0.152071 0.011415 200 190 1000 1006 1000 1000 100 2
0.166667 0.171228 0.012171 200 206 1000 968 1000 1000 100 2
0.166667 0.165331 0.012095 200 204 1000 965 1000 1000 100 2
0.166667 0.165885 0.011883 200 196 1000 998 1000 1000 100 2
0.166667 0.163638 0.011953 200 200 1000 974 1000 1000 100 2
0.166667 0.170693 0.011995 200 202 1000 991 1000 1000 100 2
0.166667 0.162027 0.012096 200 192 1000 950 1000 1000 100 2
0.166667 0.166430 0.011858 200 214 1000 1005 1000 1000 100 2
0.166667 0.155770 0.011397 200 200 1000 1021 1000 1000 100 2
0.166667 0.183168 0.011932 200 227 1000 1018 1000 1000 100 2
0.166667 0.174854 0.011880 200 216 1000 1005 1000 1000 100 2
0.166667 0.174969 0.012442 200 214 1000 947 1000 1000 100 2
0.166667 0.175156 0.011760 200 205 1000 1010 1000 1000 100 2
0.166667 0.176003 0.011828 200 217 1000 1028 1000 1000 100 2
0.166667 0.163979 0.011764 200 196 1000 984 1000 1000 100 2
0.166667 0.163129 0.011514 200 192 1000 1029 1000 1000 100 2
0.166667 0.158624 0.011767 200 200 1000 993 1000 1000 100 2
0.166667 0.162428 0.011763 200 191 1000 979 1000 1000 100 2
0.166667 0.160996 0.011673 200 199 1000 1002 1000 1000 100 2
0.166667 0.169136 0.011878 200 203 1000 973 1000 1000 100 2
0.166667 0.164840 0.012144 200 187 1000 946 1000 1000 100 2
0.166667 0.177139 0.012357 200 221 1000 947 1000 1000 100 2
0.166667 0.156731 0.011768 200 190 1000 967 1000 1000 100 2
0.166667 0.153525 0.011738 200 180 1000 983 1000 1000 100 2
0.166667 0.158994 0.011678 200 195 1000 991 1000 1000 100 2
0.166667 0.137877 0.010868 200 181 1000 1110 1000 1000 100 2
0.166667 0.170540 0.012234 200 206 1000 947 1000 1000 100 2
0.166667 0.183855 0.012354 200 225 1000 970 1000 1000 100 2
0.166667 0.172468 0.012322 200 195 1000 941 1000 1000 100 2
0.166667 0.170285 0.012286 200 193 1000 932 1000 1000 100 2
0.166667 0.144583 0.011385 200 179 1000 1005 1000 1000 100 2
0.166667 0.164191 0.011825 200 219 1000 1006 1000 1000 100 2
0.166667 0.162945 0.011914 200 204 1000 992 1000 1000 100 2
0.166667 0.164528 0.011762 200 202 1000 989 1000 1000 100 2
0.166667 0.149577 0.011629 200 175 1000 967 1000 1000 100 2
0.166667 0.148022 0.011819 200 172 1000 959 1000 1000 100 2
0.166667 0.158638 0.011569 200 220 1000 1038 1000 1000 100 2
0.166667 0.186239 0.012427 200 215 1000 958 1000 1000 100 2
0.166667 0.159384 0.012109 200 189 1000 957 1000 1000 100 2
0.166667 0.156788 0.011597 200 198 1000 975 1000 1000 100 2
0.166667 0.175340 0.012176 200 217 1000 980 1000 1000 100 2
0.166667 0.152224 0.011303 200 198 1000 1049 1000 1000 100 2
0.166667 0.154693 0.011116 200 196 1000 1034 1000 1000 100 2
0.166667 0.165910 0.011924 200 207 1000 1000 1000 1000 100 2
0.166667 0.159130 0.011894 200 202 1000 969 1000 1000 100 2
0.166667 0.148636 0.011428 200 178 1000 1036 1000 1000 100 2
0.166667 0.153456 0.011546 200 180 1000 1026 1000 1000 100 2
0.166667 0.164207 0.011906 200 197 1000 950 1000 1000 100 2
0.166667 0.161907 0.011728 200 192 1000 987 1000 1000 100 2
0.166667 0.162225 0.011575 200 192 1000 1046 1000 1000 100 2
0.166667 0.162870 0.011934 200 218 1000 992 1000 1000 100 2
0.166667 0.174212 0.012007 200 226 1000 998 1000 1000 100 2
0.166667 0.168997 0.011686 200 199 1000 1002 1000 1000 100 2
0.166667 0.148041 0.011681 200 190 1000 991 1000 1000 100 2
0.166667 0.164435 0.011903 200 199 1000 961 1000 1000 100 2
0.166667 0.182765 0.012395 200 219 1000 951 1000 1000 100 2
0.166667 0.146684 0.011400 200 188 1000 1004 1000 1000 100 2
0.166667 0.170010 0.011952 200 200 1000 994 1000 1000 100 2
0.166667 0.184675 0.012431 200 228 1000 991 1000 1000 100 2
0.166667 0.165055 0.011596 200 207 1000 1044 1000 1000 100 2
0.166667 0.161036 0.011410 200 190 1000 1040 1000 1000 100 2
0.166667 0.158975 0.011855 200 194 1000 965 1000 1000 100 2
0.166667 0.176255 0.012276 200 221 1000 965 1000 1000 100 2
0.166667 0.153976 0.012036 200 180 1000 967 1000 1000 100 2
0.166667 0.166686 0.011821 200 202 1000 1017 1000 1000 100 2
0.166667 0.157260 0.011654 200 209 1000 1026 1000 1000 100 2
0.166667 0.167581 0.011678 200 193 1000 1012 1000 1000 100 2
0.166667 0.135052 0.011149 200 166 1000 1027 1000 1000 100 2
0.166667 0.161284 0.011758 200 205 1000 1001 1000 1000 100 2
0.166667 0.182692 0.012247 200 219 1000 989 1000 1000 100 2
0.166667 0.164084 0.011531 200 213 1000 1051 1000 1000 100 2
0.166667 0.174825 0.012045 200 211 1000 976 1000 1000 100 2
0.166667 0.178734 0.012297 200 231 1000 994 1000 1000 100 2
0.166667 0.179518 0.012001 200 211 1000 980 1000 1000 100 2
0.166667 0.167961 0.011536 200 209 1000 1046 1000 1000 100 2
0.166667 0.166052 0.011866 200 196 1000 976 1000 1000 100 2
0.166667 0.184852 0.012070 200 223 1000 1002 1000 1000 100 2
0.166667 0.167876 0.012055 200 213 1000 987 1000 1000 100 2
0.166667 0.168561 0.011494 200 201 1000 1021 1000 1000 100 2
0.166667 0.151539 0.011443 200 195 1000 1034 1000 1000 100 2
0.166667 0.165215 0.011724 200 200 1000 1006 1000 1000 100 2
0.166667 0.152833 0.011513 200 197 1000 1012 1000 1000 100 2
0.166667 0.173823 0.011784 200 211 1000 1042 1000 1000 100 2
0.166667 0.157981 0.011586 200 197 1000 1041 1000 1000 100 2
0.166667 0.153332 0.010956 200 196 1000 1078 1000 1000 100 2
0.166667 0.162068 0.011388 200 198 1000 1029 1000 1000 100 2
0.166667 0.154011 0.011815 200 188 1000 973 1000 1000 100 2
0.166667 0.168351 0.012089 200 206 1000 988 1000 1000 100 2
0.166667 0.159441 0.011487 200 204 1000 1016 1000 1000 100 2
0.166667 0.158038 0.011614 200 199 1000 1032 1000 1000 100 2
0.166667 0.156146 0.011523 200 197 1000 1022 1000 1000 100 2
0.166667 0.169110 0.011397 200 211 1000 1071 1000 1000 100 2
0.166667 0.162478 0.011681 200 203 1000 1013 1000 1000 100 2
0.166667 0.146163 0.011513 200 191 1000 1023 1000 1000 100 2
0.166667 0.175571 0.011857 200 219 1000 1006 1000 1000 100 2
0.166667 0.184522 0.012321 200 223 1000 966 1000 1000 100 2
0.166667 0.158949 0.011700 200 201 1000 1011 1000 1000 100 2
0.166667 0.148828 0.011482 200 179 1000 1017 1000 1000 100 2
0.166667 0.183488 0.012239 200 216 1000 992 1000 1000 100 2
0.166667 0.157128 0.011393 200 204 1000 1023 1000 1000 100 2
0.166667 0.157190 0.011828 200 200 1000 985 1000 1000 100 2
0.166667 0.180735 0.012031 200 209 1000 1004 1000 1000 100 2
0.166667 0.139726 0.011133 200 182 1000 1023 1000 1000 100 2
0.166667 0.139987 0.011312 200 191 1000 1013 1000 1000 100 2
0.166667 0.143888 0.011225 200 181 1000 1004 1000 1000 100 2
0.166667 0.187543 0.012210 200 229 1000 989 1000 1000 100 2
0.166667 0.162790 0.011703 200 225 1000 1021 1000 1000 100 2
0.166667 0.148667 0.011328 200 186 1000 1032 1000 1000 100 2
0.166667 0.163556 0.011597 200 203 1000 1017 1000 1000 100 2
0.166667 0.166807 0.012007 200 196 1000 974 1000 1000 100 2
0.166667 0.181556 0.012231 200 217 1000 959 1000 1000 100 2
0.166667 0.162918 0.011794 200 198 1000 988 1000 1000 100 2
0.166667 0.174875 0.012000 200 213 1000 980 1000 1000 100 2
0.166667 0.169154 0.011601 200 206 1000 1053 1000 1000 100 2
0.166667 0.167584 0.011718 200 201 1000 1022 1000 1000 100 2
0.166667 0.158515 0.011723 200 195 1000 1003 1000 1000 100 2
0.166667 0.164399 0.011614 200 205 1000 1017 1000 1000 100 2
0.166667 0.173827 0.012060 200 191 1000 987 1000 1000 100 2
0.166667 0.176769 0.012068 200 214 1000 998 1000 1000 100 2
0.166667 0.164664 0.011645 200 205 1000 1017 1000 1000 100 2
0.166667 0.151902 0.011104 200 184 1000 1036 1000 1000 100 2
0.166667 0.169185 0.011998 200 202 1000 1001 1000 1000 100 2
0.166667 0.151858 0.011309 200 204 1000 1044 1000 1000 100 2
0.166667 0.150525 0.011340 200 209 1000 1053 1000 1000 100 2
0.166667 0.169754 0.011599 200 198 1000 1008 1000 1000 100 2
0.166667 0.176053 0.011670 200 228 1000 1040 1000 1000 100 2
0.166667 0.161662 0.012213 200 203 1000 968 1000 1000 100 2
0.166667 0.148083 0.011559 200 184 1000 1017 1000 1000 100 2
0.166667 0.176069 0.012324 200 192 1000 964 1000 1000 100 2
0.166667 0.156858 0.011612 200 208 1000 1004 1000 1000 100 2
0.166667 0.168485 0.012010 200 201 1000 976 1000 1000 100 2
0.166667 0.161724 0.012001 200 206 1000 993 1000 1000 100 2
0.166667 0.161718 0.011762 200 198 1000 1049 1000 1000 100 2
0.166667 0.161192 0.011251 200 206 1000 1071 1000 1000 100 2
0.166667 0.139742 0.011627 200 166 1000 967 1000 1000 100 2
0.166667 0.164672 0.011883 200 203 1000 1000 1000 1000 100 2
0.166667 0.140672 0.011328 200 177 1000 1007 1000 1000 100 2
0.166667 0.163202 0.011929 200 207 1000 995 1000 1000 100 2
0.166667 0.162864 0.011870 200 195 1000 1005 1000 1000 100 2
0.166667 0.154584 0.011787 200 200 1000 1002 1000 1000 100 2
0.166667 0.165094 0.011674 200 200 1000 1005 1000 1000 100 2
0.166667 0.158762 0.011680 200 193 1000 992 1000 1000 100 2
0.166667 0.182129 0.012150 200 220 1000 997 1000 1000 100 2
0.166667 0.163745 0.011775 200 206 1000 1002 1000 1000 100 2
0.166667 0.159821 0.011617 200 196 1000 1032 1000 1000 100 2
0.166667 0.163859 0.011600 200 207 1000 1008 1000 1000 100 2
0.166667 0.148693 0.011302 200 174 1000 1035 1000 1000 100 2
0.166667 0.156883 0.011520 200 204 1000 1011 1000 1000 100 2
0.166667 0.175327 0.011766 200 212 1000 1031 1000 1000 100 2
0.166667 0.171537 0.012000 200 204 1000 980 1000 1000 100 2
0.166667 0.157249 0.011768 200 184 1000 997 1000 1000 100 2
0.166667 0.165559 0.011751 200 196 1000 1000 1000 1000 100 2
0.166667 0.144563 0.011324 200 192 1000 1034 1000 1000 100 2
0.166667 0.158897 0.011740 200 198 1000 997 1000 1000 100 2
0.166667 0.146914 0.011625 200 178 1000 981 1000 1000 100 2
0.166667 0.162743 0.011866 200 200 1000 989 1000 1000 100 2
0.166667 0.175038 0.011542 200 205 1000 1009 1000 1000 100 2
0.166667 0.149786 0.011353 200 194 1000 1017 1000 1000 100 2
0.166667 0.172990 0.011964 200 216 1000 979 1000 1000 100 2
0.166667 0.206430 0.012708 200 253 1000 956 1000 1000 100 2
0.166667 0.149392 0.011474 200 209 1000 1019 1000 1000 100 2
0.166667 0.179415 0.012176 200 203 1000 989 1000 1000 100 2
0.166667 0.158897 0.011732 200 191 1000 982 1000 1000 100 2
0.166667 0.156849 0.011495 200 180 1000 973 1000 1000 100 2
0.166667 0.178456 0.012007 200 232 1000 1006 1000 1000 100 2
0.166667 0.151452 0.011495 200 199 1000 1038 1000 1000 100 2
0.166667 0.176084 0.011923 200 227 1000 1027 1000 1000 100 2
0.166667 0.148234 0.011415 200 192 1000 1016 1000 1000 100 2
0.166667 0.196793 0.012491 200 240 1000 959 1000 1000 100 2
0.166667 0.161512 0.011557 200 195 1000 1043 1000 1000 100 2
0.166667 0.162098 0.011631 200 203 1000 1008 1000 1000 100 2
0.166667 0.148424 0.011419 200 196 1000 1001 1000 1000 100 2
0.166667 0.160796 0.011656 200 188 1000 980 1000 1000 100 2
0.166667 0.186824 0.011910 200 227 1000 1035 1000 1000 100 2
0.166667 0.159897 0.011613 200 194 1000 1004 1000 1000 100 2
0.166667 0.157913 0.011400 200 194 1000 1013 1000 1000 100 2
0.166667 0.184843 0.012127 200 217 1000 985 1000 1000 100 2
0.166667 0.129381 0.010833 200 188 1000 1052 1000 1000 100 2
0.166667 0.160850 0.011922 200 193 1000 984 1000 1000 100 2
0.166667 0.186836 0.012077 200 213 1000 970 1000 1000 100 2
0.166667 0.172866 0.012019 200 238 1000 1004 1000 1000 100 2
0.166667 0.166114 0.011843 200 198 1000 983 1000 1000 100 2
0.166667 0.144546 0.010935 200 176 1000 1025 1000 1000 100 2
0.166667 0.148187 0.011540 200 183 1000 1018 1000 1000 100 2
0.166667 0.162349 0.011762 200 204 1000 1007 1000 1000 100 2
0.166667 0.175005 0.012043 200 201 1000 957 1000 1000 100 2
0.166667 0.170579 0.011723 200 212 1000 1030 1000 1000 100 2
0.166667 0.177448 0.011917 200 207 1000 998 1000 1000 100 2
0.166667 0.146568 0.011206 200 183 1000 1072 1000 1000 100 2
0.166667 0.151603 0.011699 200 181 1000 976 1000 1000 100 2
0.166667 0.169409 0.011904 200 214 1000 1013 1000 1000 100 2
0.166667 0.185448 0.012343 200 219 1000 941 1000 1000 100 2
0.166667 0.160310 0.011892 200 192 1000 976 1000 1000 100 2
0.166667 0.146971 0.011197 200 188 1000 1030 1000 1000 100 2
0.166667 0.150057 0.011517 200 201 1000 1010 1000 1000 100 2
0.166667 0.170801 0.011855 200 207 1000 997 1000 1000 100 2
0.166667 0.166528 0.011838 200 200 1000 993 1000 1000 100 2
0.166667 0.163925 0.011820 200 210 1000 1005 1000 1000 100 2
0.166667 0.181641 0.012449 200 200 1000 932 1000 1000 100 2
0.166667 0.167912 0.011994 200 205 1000 979 1000 1000 100 2
0.166667 0.167599 0.011535 200 207 1000 1043 1000 1000 100 2
0.166667 0.178263 0.011835 200 214 1000 982 1000 1000 100 2
0.166667 0.146803 0.011521 200 178 1000 987 1000 1000 100 2
0.166667 0.169064 0.011945 200 210 1000 974 1000 1000 100 2
0.166667 0.168249 0.012156 200 220 1000 985 1000 1000 100 2
0.166667 0.145140 0.011474 200 176 1000 970 1000 1000 100 2
0.166667 0.169914 0.012086 200 214 1000 974 1000 1000 100 2
0.166667 0.152638 0.011565 200 196 1000 996 1000 1000 100 2
0.166667 0.177642 0.011856 200 197 1000 1003 1000 1000 100 2
0.166667 0.160593 0.011355 200 209 1000 1037 1000 1000 100 2
0.166667 0.149492 0.011631 200 202 1000 1000 1000 1000 100 2
0.166667 0.156955 0.011391 200 192 1000 1040 1000 1000 100 2
0.166667 0.150980 0.011199 200 185 1000 1018 1000 1000 100 2
0.166667 0.159684 0.011974 200 198 1000 963 1000 1000 100 2
0.166667 0.179801 0.011817 200 218 1000 1040 1000 1000 100 2
0.166667 0.173502 0.011950 200 206 1000 991 1000 1000 100 2
0.166667 0.155218 0.011564 200 188 1000 985 1000 1000 100 2
0.166667 0.172356 0.012537 200 202 1000 916 1000 1000 100 2
0.166667 0.153446 0.011609 200 198 1000 1009 1000 1000 100 2
0.166667 0.164765 0.012048 200 193 1000 978 1000 1000 100 2
0.166667 0.176819 0.011762 200 225 1000 1039 1000 1000 100 2
0.166667 0.172938 0.012099 200 191 1000 970 1000 1000 100 2
0.166667 0.187079 0.012266 200 225 1000 987 1000 1000 100 2
0.166667 0.157488 0.011682 200 181 1000 965 1000 1000 100 2
0.166667 0.152621 0.011444 200 198 1000 1028 1000 1000 100 2
0.166667 0.145852 0.011218 200 186 1000 1035 1000 1000 100 2
0.166667 0.180310 0.012024 200 214 1000 983 1000 1000 100 2
0.166667 0.146269 0.011419 200 187 1000 1018 1000 1000 100 2
0.166667 0.184545 0.011959 200 212 1000 1006 1000 1000 100 2
0.166667 0.181738 0.012591 200 216 1000 915 1000 1000 100 2
0.166667 0.169793 0.011949 200 209 1000 1001 1000 1000 100 2
0.166667 0.168257 0.011726 200 208 1000 1024 1000 1000 100 2
0.166667 0.146744 0.011409 200 187 1000 1015 1000 1000 100 2
0.166667 0.151453 0.011543 200 197 1000 1021 1000 1000 100 2
0.166667 0.173340 0.011843 200 219 1000 1009 1000 1000 100 2
0.166667 0.165141 0.011759 200 201 1000 978 1000 1000 100 2
0.166667 0.164195 0.011652 200 207 1000 1010 1000 1000 100 2
0.166667 0.171266 0.011699 200 188 1000 1005 1000 1000 100 2
0.166667 0.168046 0.011573 200 215 1000 1022 1000 1000 100 2
0.166667 0.167067 0.011351 200 225 1000 1075 1000 1000 100 2
0.166667 0.168135 0.011797 200 209 1000 1005 1000 1000 100 2
0.166667 0.160942 0.011358 200 194 1000 1052 1000 1000 100 2
0.166667 0.156391 0.011768 200 186 1000 987 1000 1000 100 2
0.166667 0.164256 0.011772 200 202 1000 1001 1000 1000 100 2
0.166667 0.139220 0.010936 200 176 1000 1058 1000 1000 100 2
0.166667 0.158506 0.011615 200 215 1000 1023 1000 1000 100 2
0.166667 0.189101 0.012009 200 217 1000 992 1000 1000 100 2
0.166667 0.164741 0.011952 200 203 1000 988 1000 1000 100 2
0.166667 0.134883 0.010807 200 185 1000 1061 1000 1000 100 2
0.166667 0.183148 0.012709 200 212 1000 922 1000 1000 100 2
0.166667 0.162394 0.011967 200 183 1000 943 1000 1000 100 2
0.166667 0.156328 0.011707 200 200 1000 1001 1000 1000 100 2
0.166667 0.164967 0.011805 200 209 1000 1004 1000 1000 100 2
0.166667 0.158648 0.011796 200 193 1000 985 1000 1000 100 2
0.166667 0.154326 0.011702 200 193 1000 974 1000 1000 100 2
0.166667 0.157245 0.011392 200 209 1000 1028 1000 1000 100 2
0.166667 0.166582 0.012242 200 194 1000 951 1000 1000 100 2
0.166667 0.164021 0.011850 200 214 1000 1004 1000 1000 100 2
0.166667 0.162364 0.011683 200 206 1000 1004 1000 1000 100 2
0.166667 0.152582 0.011609 200 187 1000 991 1000 1000 100 2
0.166667 0.141604 0.011388 200 173 1000 983 1000 1000 100 2
0.166667 0.173470 0.011531 200 215 1000 1021 1000 1000 100 2
0.166667 0.154040 0.011330 200 197 1000 1014 1000 1000 100 2
0.166667 0.168287 0.011728 200 219 1000 1021 1000 1000 100 2
0.166667 0.169008 0.011764 200 205 1000 1009 1000 1000 100 2
0.166667 0.168457 0.011674 200 215 1000 1018 1000 1000 100 2
0.166667 0.154505 0.011761 200 197 1000 984 1000 1000 100 2
0.166667 0.152588 0.011735 200 203 1000 1027 1000 1000 100 2
0.166667 0.190535 0.012706 200 213 1000 942 1000 1000 100 2
0.166667 0.156929 0.011570 200 188 1000 1004 1000 1000 100 2
0.166667 0.148916 0.011466 200 187 1000 1008 1000 1000 100 2
0.166667 0.174524 0.011995 200 199 1000 976 1000 1000 100 2
0.166667 0.192005 0.012583 200 236 1000 957 1000 1000 100 2
0.166667 0.144889 0.011481 200 184 1000 1021 1000 1000 100 2
0.166667 0.168152 0.011884 200 203 1000 992 1000 1000 100 2
0.166667 0.170238 0.011990 200 211 1000 1014 1000 1000 100 2
0.166667 0.167820 0.011704 200 204 1000 1002 1000 1000 100 2
0.166667 0.164868 0.011908 200 190 1000 973 1000 1000 100 2
0.166667 0.155488 0.011829 200 196 1000 983 1000 1000 100 2
0.166667 0.156645 0.011917 200 173 1000 977 1000 1000 100 2
0.166667 0.161948 0.011923 200 203 1000 953 1000 1000 100 2
0.166667 0.156513 0.011545 200 192 1000 997 1000 1000 100 2
0.166667 0.159090 0.011585 200 195 1000 1013 1000 1000 100 2
0.166667 0.151279 0.011251 200 206 1000 1050 1000 1000 100 2
0.166667 0.160954 0.011752 200 212 1000 1016 1000 1000 100 2
0.166667 0.168450 0.011920 200 206 1000 1011 1000 1000 100 2
0.166667 0.160761 0.011478 200 195 1000 1027 1000 1000 100 2
0.166667 0.169688 0.011964 200 204 1000 997 1000 1000 100 2
0.166667 0.171575 0.011807 200 196 1000 996 1000 1000 100 2
0.166667 0.170194 0.011750 200 204 1000 1012 1000 1000 100 2
0.166667 0.151613 0.011459 200 175 1000 977 1000 1000 100 2
0.166667 0.175212 0.011636 200 213 1000 1035 1000 1000 100 2
0.166667 0.178127 0.011832 200 225 1000 1047 1000 1000 100 2
0.166667 0.156355 0.012030 200 196 1000 962 1000 1000 100 2
0.166667 0.145697 0.011174 200 177 1000 1009 1000 1000 100 2
0.166667 0.167726 0.011870 200 196 1000 993 1000 1000 100 2
0.166667 0.154090 0.011515 200 188 1000 1026 1000 1000 100 2
0.166667 0.161463 0.011878 200 200 1000 981 1000 1000 100 2
0.166667 0.152225 0.011485 200 206 1000 1019 1000 1000 100 2
0.166667 0.173232 0.012006 200 203 1000 982 1000 1000 100 2
0.166667 0.161045 0.011614 200 202 1000 1002 1000 1000 100 2
0.166667 0.150508 0.011155 200 193 1000 1048 1000 1000 100 2
0.166667 0.169619 0.011919 200 214 1000 1005 1000 1000 100 2
0.166667 0.142802 0.011170 200 177 1000 1033 1000 1000 100 2
0.166667 0.172032 0.012104 200 210 1000 968 1000 1000 100 2
0.166667 0.162670 0.011464 200 203 1000 1027 1000 1000 100 2
0.166667 0.161489 0.011530 200 206 1000 1040 1000 1000 100 2
0.166667 0.157037 0.011601 200 204 1000 1032 1000 1000 100 2
0.166667 0.152530 0.011900 200 183 1000 951 1000 1000 100 2
0.166667 0.166422 0.011971 200 201 1000 994 1000 1000 100 2
0.166667 0.184248 0.012230 200 220 1000 988 1000 1000 100 2
0.166667 0.166375 0.011949 200 214 1000 989 1000 1000 100 2
0.166667 0.181435 0.012235 200 201 1000 967 1000 1000 100 2
0.166667 0.160972 0.011238 200 213 1000 1071 1000 1000 100 2
0.166667 0.174220 0.011622 200 225 1000 1037 1000 1000 100 2
0.166667 0.168982 0.011952 200 198 1000 996 1000 1000 100 2
0.166667 0.160103 0.011603 200 203 1000 1001 1000 1000 100 2
0.166667 0.173412 0.011964 200 215 1000 1006 1000 1000 100 2
0.166667 0.168529 0.011611 200 186 1000 1017 1000 1000 100 2
0.166667 0.162573 0.012291 200 199 1000 947 1000 1000 100 2
0.166667 0.159330 0.011776 200 211 1000 1017 1000 1000 100 2
0.166667 0.153487 0.011719 200 184 1000 983 1000 1000 100 2
0.166667 0.156036 0.011775 200 189 1000 973 1000 1000 100 2
0.166667 0.178356 0.012150 200 228 1000 961 1000 1000 100 2
0.166667 0.155601 0.011474 200 202 1000 1026 1000 1000 100 2
0.166667 0.161221 0.011579 200 199 1000 1024 1000 1000 100 2
0.166667 0.171357 0.012430 200 187 1000 931 1000 1000 100 2
0.166667 0.153572 0.011336 200 180 1000 1040 1000 1000 100 2
0.166667 0.163632 0.012188 200 182 1000 927 1000 1000 100 2
0.166667 0.160969 0.011649 200 195 1000 1029 1000 1000 100 2
0.166667 0.166160 0.011661 200 204 1000 1011 1000 1000 100 2
0.166667 0.170434 0.012168 200 215 1000 968 1000 1000 100 2
0.166667 0.182475 0.012030 200 223 1000 1027 1000 1000 100 2
0.166667 0.155500 0.011384 200 185 1000 1013 1000 1000 100 2
0.166667 0.159287 0.011760 200 191 1000 998 1000 1000 100 2
0.166667 0.149383 0.011210 200 192 1000 1061 1000 1000 100 2
0.166667 0.153447 0.011503 200 188 1000 1000 1000 1000 100 2
0.166667 0.148202 0.011354 200 196 1000 1032 1000 1000 100 2
0.166667 0.172093 0.011546 200 206 1000 1022 1000 1000 100 2
0.166667 0.147301 0.011419 200 177 1000 1018 1000 1000 100 2
0.166667 0.184523 0.012114 200 222 1000 1001 1000 1000 100 2
0.166667 0.150319 0.011424 200 182 1000 1002 1000 1000 100 2
0.166667 0.151682 0.011465 200 183 1000 1008 1000 1000 100 2
0.166667 0.177391 0.011983 200 228 1000 1010 1000 1000 100 2
0.166667 0.172294 0.011867 200 205 1000 999 1000 1000 100 2
0.166667 0.154007 0.011534 200 187 1000 1022 1000 1000 100 2
0.166667 0.160251 0.011767 200 182 1000 986 1000 1000 100 2
0.166667 0.173442 0.012306 200 195 1000 961 1000 1000 100 2
0.166667 0.167289 0.011745 200 203 1000 993 1000 1000 100 2
0.166667 0.171304 0.011987 200 204 1000 995 1000 1000 100 2
0.166667 0.138104 0.011119 200 179 1000 1041 1000 1000 100 2
0.166667 0.186624 0.012263 200 239 1000 966 1000 1000 100 2
0.166667 0.161708 0.011606 200 210 1000 1018 1000 1000 100 2
0.166667 0.151984 0.011326 200 188 1000 1038 1000 1000 100 2
0.166667 0.169602 0.011577 200 204 1000 1034 1000 1000 100 2
0.166667 0.161236 0.011310 200 215 1000 1057 1000 1000 100 2
0.166667 0.133764 0.011027 200 175 1000 1028 1000 1000 100 2
0.166667 0.152091 0.011494 200 182 1000 1011 1000 1000 100 2
0.166667 0.154946 0.011704 200 186 1000 1005 1000 1000 100 2
0.166667 0.170477 0.011634 200 206 1000 1024 1000 1000 100 2
0.166667 0.151562 0.011504 200 203 1000 1028 1000 1000 100 2
0.166667 0.147306 0.011356 200 205 1000 1025 1000 1000 100 2
0.166667 0.135637 0.010980 200 178 1000 1023 1000 1000 100 2
0.166667 0.158150 0.011389 200 199 1000 1046 1000 1000 100 2
0.166667 0.168147 0.012113 200 209 1000 972 1000 1000 100 2
0.166667 0.156926 0.011801 200 206 1000 992 1000 1000 100 2
0.166667 0.158080 0.011526 200 199 1000 1043 1000 1000 100 2
0.166667 0.154654 0.011293 200 181 1000 1008 1000 1000 100 2
0.166667 0.157726 0.011520 200 202 1000 1037 1000 1000 100 2
0.166667 0.149414 0.011620 200 189 1000 982 1000 1000 100 2
0.166667 0.146461 0.011421 200 196 1000 1019 1000 1000 100 2
0.166667 0.155152 0.011400 200 190 1000 1000 1000 1000 100 2
0.166667 0.159122 0.011385 200 204 1000 1056 1000 1000 100 2
0.166667 0.182066 0.012247 200 221 1000 982 1000 1000 100 2
0.166667 0.151364 0.011078 200 205 1000 1058 1000 1000 100 2
0.166667 0.163944 0.011934 200 194 1000 974 1000 1000 100 2
0.166667 0.174082 0.011885 200 214 1000 994 1000 1000 100 2
0.166667 0.189933 0.012067 200 228 1000 1025 1000 1000 100 2
0.166667 0.148863 0.011275 200 196 1000 1036 1000 1000 100 2
0.166667 0.171435 0.011821 200 220 1000 1018 1000 1000 100 2
0.166667 0.151036 0.011533 200 186 1000 996 1000 1000 100 2
0.166667 0.160616 0.012039 200 195 1000 954 1000 1000 100 2
0.166667 0.178171 0.011926 200 227 1000 986 1000 1000 100 2
0.166667 0.158058 0.011656 200 212 1000 1018 1000 1000 100 2
0.166667 0.179238 0.012131 200 210 1000 1001 1000 1000 100 2
0.166667 0.162022 0.012059 200 192 1000 953 1000 1000 100 2
0.166667 0.151793 0.011810 200 170 1000 942 1000 1000 100 2
0.166667 0.167720 0.011925 200 215 1000 996 1000 1000 100 2
0.166667 0.153104 0.011621 200 189 1000 992 1000 1000 100 2
0.166667 0.147897 0.011749 200 177 1000 975 1000 1000 100 2
0.166667 0.146519 0.011473 200 174 1000 975 1000 1000 100 2
0.166667 0.174305 0.011848 200 217 1000 1028 1000 1000 100 2
0.166667 0.143450 0.011010 200 183 1000 1061 1000 1000 100 2
0.166667 0.138895 0.011294 200 176 1000 1006 1000 1000 100 2
0.166667 0.166827 0.011841 200 200 1000 993 1000 1000 100 2
0.166667 0.169132 0.012234 200 215 1000 951 1000 1000 100 2
0.166667 0.173800 0.012033 200 201 1000 1000 1000 1000 100 2
0.166667 0.173258 0.011766 200 213 1000 1009 1000 1000 100 2
0.166667 0.161975 0.011903 200 212 1000 985 1000 1000 100 2
0.166667 0.167664 0.011749 200 195 1000 1011 1000 1000 100 2
0.166667 0.176412 0.011959 200 215 1000 996 1000 1000 100 2
0.166667 0.155657 0.011631 200 200 1000 1003 1000 1000 100 2
0.166667 0.151425 0.011177 200 192 1000 1063 1000 1000 100 2
0.166667 0.145448 0.011474 200 172 1000 990 1000 1000 100 2
0.166667 0.159694 0.011537 200 209 1000 1037 1000 1000 100 2
0.166667 0.162635 0.011946 200 216 1000 990 1000 1000 100 2
0.166667 0.161024 0.011956 200 200 1000 988 1000 1000 100 2
0.166667 0.151218 0.011470 200 187 1000 981 1000 1000 100 2
0.166667 0.157113 0.011776 200 193 1000 993 1000 1000 100 2
0.166667 0.156780 0.011778 200 184 1000 966 1000 1000 100 2
0.166667 0.171250 0.011687 200 201 1000 1016 1000 1000 100 2
0.166667 0.159138 0.011232 200 205 1000 1083 1000 1000 100 2
0.166667 0.160222 0.011543 200 197 1000 1016 1000 1000 100 2
0.166667 0.174033 0.012712 200 190 1000 888 1000 1000 100 2
0.166667 0.155083 0.012228 200 188 1000 946 1000 1000 100 2
0.166667 0.163668 0.012368 200 195 1000 946 1000 1000 100 2
0.166667 0.150225 0.011387 200 190 1000 1016 1000 1000 100 2
0.166667 0.159404 0.011362 200 205 1000 1062 1000 1000 100 2
0.166667 0.159627 0.011514 200 199 1000 1003 1000 1000 100 2
0.166667 0.151284 0.011562 200 184 1000 1000 1000 1000 100 2
0.166667 0.166869 0.011741 200 197 1000 1007 1000 1000 100 2
0.166667 0.163039 0.011666 200 216 1000 1019 1000 1000 100 2
0.166667 0.159923 0.011482 200 180 1000 1015 1000 1000 100 2
0.166667 0.145290 0.011074 200 188 1000 1064 1000 1000 100 2
0.166667 0.158521 0.011267 200 205 1000 1059 1000 1000 100 2
0.166667 0.143941 0.011020 200 187 1000 1052 1000 1000 100 2
0.166667 0.140374 0.011321 200 168 1000 993 1000 1000 100 2
0.166667 0.154207 0.011900 200 205 1000 996 1000 1000 100 2
0.166667 0.161060 0.011684 200 200 1000 1002 1000 1000 100 2
0.166667 0.193601 0.012311 200 240 1000 996 1000 1000 100 2
0.166667 0.168248 0.012061 200 190 1000 951 1000 1000 100 2
0.166667 0.164489 0.012081 200 206 1000 981 1000 1000 100 2
0.166667 0.174132 0.012079 200 212 1000 969 1000 1000 100 2
0.166667 0.160385 0.011537 200 199 1000 1023 1000 1000 100 2
0.166667 0.191449 0.012352 200 221 1000 981 1000 1000 100 2
0.166667 0.153979 0.011444 200 189 1000 1036 1000 1000 100 2
0.166667 0.185051 0.012284 200 209 1000 983 1000 1000 100 2
0.166667 0.159944 0.011658 200 200 1000 1019 1000 1000 100 2
0.166667 0.171226 0.011958 200 198 1000 990 1000 1000 100 2
0.166667 0.156718 0.011843 200 195 1000 969 1000 1000 100 2
0.166667 0.143856 0.011450 200 182 1000 1007 1000 1000 100 2
0.166667 0.158630 0.011759 200 186 1000 975 1000 1000 100 2
0.166667 0.179396 0.012375 200 218 1000 964 1000 1000 100 2
0.166667 0.167603 0.012123 200 197 1000 969 1000 1000 100 2
0.166667 0.126037 0.010785 200 178 1000 1065 1000 1000 100 2
0.166667 0.153833 0.011310 200 187 1000 1005 1000 1000 100 2
0.166667 0.141790 0.011106 200 186 1000 1034 1000 1000 100 2
0.166667 0.183530 0.012224 200 226 1000 1002 1000 1000 100 2
0.166667 0.166937 0.011741 200 208 1000 1016 1000 1000 100 2
0.166667 0.178668 0.012108 200 216 1000 988 1000 1000 100 2
0.166667 0.186630 0.012414 200 209 1000 950 1000 1000 100 2
0.166667 0.153743 0.011833 200 188 1000 977 1000 1000 100 2
0.166667 0.163542 0.011810 200 215 1000 1008 1000 1000 100 2
0.166667 0.165690 0.011868 200 196 1000 1005 1000 1000 100 2
0.166667 0.173194 0.012368 200 203 1000 945 1000 1000 100 2
0.166667 0.153522 0.011391 200 197 1000 1019 1000 1000 100 2
0.166667 0.162161 0.011295 200 210 1000 1076 1000 1000 100 2
0.166667 0.161991 0.011541 200 209 1000 1042 1000 1000 100 2
0.166667 0.156313 0.011913 200 192 1000 954 1000 1000 100 2
0.166667 0.172862 0.011843 200 210 1000 1015 1000 1000 100 2
0.166667 0.161104 0.011914 200 192 1000 963 1000 1000 100 2
0.166667 0.142234 0.011154 200 183 1000 1037 1000 1000 100 2
0.166667 0.161784 0.011591 200 183 1000 1022 1000 1000 100 2
0.166667 0.164533 0.011700 200 195 1000 988 1000 1000 100 2
0.166667 0.168814 0.011658 200 209 1000 1014 1000 1000 100 2
0.166667 0.167725 0.011920 200 203 1000 1004 1000 1000 100 2
0.166667 0.173571 0.011882 200 213 1000 992 1000 1000 100 2
0.166667 0.154039 0.011808 200 202 1000 988 1000 1000 100 2
0.166667 0.169862 0.011817 200 205 1000 1008 1000 1000 100 2
0.166667 0.164710 0.011665 200 202 1000 1033 1000 1000 100 2
0.166667 0.164913 0.011831 200 201 1000 1001 1000 1000 100 2
0.166667 0.138953 0.011270 200 183 1000 1064 1000 1000 100 2
0.166667 0.149064 0.011527 200 173 1000 996 1000 1000 100 2
0.166667 0.169331 0.011919 200 202 1000 993 1000 1000 100 2
0.166667 0.169555 0.011730 200 185 1000 972 1000 1000 100 2
0.166667 0.180063 0.012157 200 225 1000 992 1000 1000 100 2
0.166667 0.177872 0.011960 200 213 1000 1001 1000 1000 100 2
0.166667 0.171253 0.011951 200 208 1000 976 1000 1000 100 2
0.166667 0.138922 0.011486 200 184 1000 980 1000 1000 100 2
0.166667 0.160100 0.011748 200 197 1000 981 1000 1000 100 2
0.166667 0.148685 0.011703 200 183 1000 981 1000 1000 100 2
0.166667 0.139961 0.011276 200 183 1000 983 1000 1000 100 2
0.166667 0.171332 0.011856 200 205 1000 1021 1000 1000 100 2
0.166667 0.161060 0.011866 200 186 1000 994 1000 1000 100 2
0.166667 0.166175 0.012059 200 191 1000 956 1000 1000 100 2
0.166667 0.166788 0.011917 200 200 1000 958 1000 1000 100 2
0.166667 0.147262 0.011622 200 179 1000 960 1000 1000 100 2
0.166667 0.155369 0.011469 200 178 1000 1001 1000 1000 100 2
0.166667 0.168965 0.011554 200 205 1000 1039 1000 1000 100 2
0.166667 0.153874 0.011872 200 185 1000 957 1000 1000 100 2
0.166667 0.182554 0.012028 200 245 1000 1024 1000 1000 100 2
0.166667 0.151533 0.011364 200 181 1000 1010 1000 1000 100 2
0.166667 0.153039 0.011636 200 205 1000 995 1000 1000 100 2
0.166667 0.146493 0.010938 200 195 1000 1066 1000 1000 100 2
0.166667 0.180128 0.011801 200 207 1000 1026 1000 1000 100 2
0.166667 0.151838 0.011658 200 190 1000 1015 1000 1000 100 2
0.166667 0.180040 0.012128 200 213 1000 978 1000 1000 100 2
0.166667 0.177823 0.012239 200 210 1000 962 1000 1000 100 2
0.166667 0.163546 0.012359 200 192 1000 902 1000 1000 100 2
0.166667 0.174099 0.012099 200 198 1000 951 1000 1000 100 2
0.166667 0.148217 0.011404 200 196 1000 1015 1000 1000 100 2
0.166667 0.158214 0.011577 200 196 1000 1008 1000 1000 100 2
0.166667 0.182690 0.011868 200 230 1000 1039 1000 1000 100 2
0.166667 0.185190 0.012169 200 228 1000 979 1000 1000 100 2
0.166667 0.145485 0.011371 200 174 1000 1011 1000 1000 100 2
0.166667 0.177357 0.012382 200 219 1000 964 1000 1000 100 2
0.166667 0.150498 0.011486 200 188 1000 1001 1000 1000 100 2
0.166667 0.160624 0.011733 200 205 1000 1009 1000 1000 100 2
0.166667 0.144653 0.011351 200 175 1000 992 1000 1000 100 2
0.166667 0.172128 0.011973 200 197 1000 996 1000 1000 100 2
0.166667 0.140887 0.011390 200 182 1000 1003 1000 1000 100 2
0.166667 0.158550 0.011490 200 191 1000 1027 1000 1000 100 2
0.166667 0.164332 0.011842 200 209 1000 1006 1000 1000 100 2
0.166667 0.168582 0.011889 200 220 1000 995 1000 1000 100 2
0.166667 0.169868 0.011889 200 208 1000 1011 1000 1000 100 2
0.166667 0.159287 0.011698 200 215 1000 1024 1000 1000 100 2
0.166667 0.160854 0.011827 200 194 1000 984 1000 1000 100 2
0.166667 0.141833 0.011187 200 180 1000 1008 1000 1000 100 2
0.166667 0.159226 0.011978 200 205 1000 967 1000 1000 100 2
0.166667 0.160965 0.011586 200 204 1000 997 1000 1000 100 2
0.166667 0.147307 0.011326 200 199 1000 1042 1000 1000 100 2
