0.166667 0.176536 0.018068 200 198 1000 989 2 1000 1000 0 10
0.166667 0.185817 0.017494 200 199 1000 1052 2 1000 1000 0 10
0.166667 0.218523 0.018817 200 197 1000 932 2 1000 1000 0 10
0.166667 0.215505 0.018123 200 209 1000 1073 2 1000 1000 0 10
0.166667 0.183062 0.018630 200 211 1000 1002 2 1000 1000 0 10
0.166667 0.221114 0.019005 200 203 1000 984 2 1000 1000 0 10
0.166667 0.205985 0.017423 200 197 1000 1036 2 1000 1000 0 10
0.166667 0.178428 0.018380 200 172 1000 970 2 1000 1000 0 10
0.166667 0.175684 0.018158 200 182 1000 960 2 1000 1000 0 10
0.166667 0.175701 0.017760 200 181 1000 1000 2 1000 1000 0 10
0.166667 0.238794 0.019409 200 202 1000 986 2 1000 1000 0 10
0.166667 0.171843 0.018591 200 198 1000 950 2 1000 1000 0 10
0.166667 0.222774 0.018150 200 229 1000 981 2 1000 1000 0 10
0.166667 0.220681 0.018666 200 177 1000 1008 2 1000 1000 0 10
0.166667 0.211145 0.018545 200 209 1000 977 2 1000 1000 0 10
0.166667 0.217431 0.018305 200 211 1000 1040 2 1000 1000 0 10
0.166667 0.220484 0.019379 200 174 1000 961 2 1000 1000 0 10
0.166667 0.246275 0.018862 200 210 1000 1005 2 1000 1000 0 10
0.166667 0.221449 0.018391 200 195 1000 981 2 1000 1000 0 10
0.166667 0.192253 0.018222 200 195 1000 1057 2 1000 1000 0 10
0.166667 0.225396 0.018732 200 195 1000 1004 2 1000 1000 0 10
0.166667 0.191276 0.017681 200 210 1000 1006 2 1000 1000 0 10
0.166667 0.194470 0.018687 200 202 1000 1074 2 1000 1000 0 10
0.166667 0.191059 0.018807 200 184 1000 977 2 1000 1000 0 10
0.166667 0.230153 0.019117 200 217 1000 974 2 1000 1000 0 10
0.166667 0.194467 0.018123 200 188 1000 1000 2 1000 1000 0 10
0.166667 0.200656 0.019471 200 197 1000 982 2 1000 1000 0 10
0.166667 0.212731 0.019010 200 192 1000 1009 2 1000 1000 0 10
0.166667 0.206991 0.018135 200 204 1000 1021 2 1000 1000 0 10
0.166667 0.187978 0.018758 200 173 1000 1010 2 1000 1000 0 10
0.166667 0.208173 0.017456 200 190 1000 1067 2 1000 1000 0 10
0.166667 0.212118 0.018597 200 196 1000 996 2 1000 1000 0 10
0.166667 0.203798 0.017826 200 186 1000 980 2 1000 1000 0 10
0.166667 0.168244 0.018228 200 184 1000 994 2 1000 1000 0 10
0.166667 0.178388 0.018537 200 195 1000 999 2 1000 1000 0 10
0.166667 0.239795 0.019591 200 199 1000 956 2 1000 1000 0 10
0.166667 0.245219 0.018803 200 204 1000 983 2 1000 1000 0 10
0.166667 0.173889 0.017755 200 194 1000 982 2 1000 1000 0 10
0.166667 0.200850 0.017770 200 197 1000 1013 2 1000 1000 0 10
0.166667 0.197048 0.018637 200 176 1000 981 2 1000 1000 0 10
0.166667 0.221876 0.018359 200 198 1000 1054 2 1000 1000 0 10
0.166667 0.239849 0.018818 200 231 1000 994 2 1000 1000 0 10
0.166667 0.207796 0.018316 200 204 1000 986 2 1000 1000 0 10
0.166667 0.228519 0.019381 200 183 1000 921 2 1000 1000 0 10
0.166667 0.231771 0.018910 200 194 1000 950 2 1000 1000 0 10
0.166667 0.205221 0.018658 200 199 1000 958 2 1000 1000 0 10
0.166667 0.219679 0.018217 200 210 1000 1050 2 1000 1000 0 10
0.166667 0.186994 0.018405 200 189 1000 1002 2 1000 1000 0 10
0.166667 0.175551 0.017627 200 198 1000 1018 2 1000 1000 0 10
0.166667 0.227368 0.018580 200 185 1000 990 2 1000 1000 0 10
0.166667 0.191479 0.018299 200 191 1000 979 2 1000 1000 0 10
0.166667 0.228260 0.018775 200 190 1000 1006 2 1000 1000 0 10
0.166667 0.218701 0.018871 200 193 1000 1015 2 1000 1000 0 10
0.166667 0.233499 0.018515 200 229 1000 1009 2 1000 1000 0 10
0.166667 0.191780 0.018294 200 200 1000 981 2 1000 1000 0 10
0.166667 0.199929 0.018085 200 188 1000 1042 2 1000 1000 0 10
0.166667 0.247892 0.018398 200 207 1000 976 2 1000 1000 0 10
0.166667 0.211624 0.017976 200 207 1000 1059 2 1000 1000 0 10
0.166667 0.180463 0.018136 200 192 1000 1026 2 1000 1000 0 10
0.166667 0.232692 0.018621 200 202 1000 965 2 1000 1000 0 10
0.166667 0.195270 0.018804 200 194 1000 954 2 1000 1000 0 10
0.166667 0.205558 0.017440 200 200 1000 1048 2 1000 1000 0 10
0.166667 0.214293 0.018134 200 205 1000 996 2 1000 1000 0 10
0.166667 0.168535 0.017402 200 195 1000 1089 2 1000 1000 0 10
0.166667 0.255877 0.018995 200 213 1000 1004 2 1000 1000 0 10
0.166667 0.243651 0.018891 200 205 1000 988 2 1000 1000 0 10
0.166667 0.219590 0.018809 200 214 1000 992 2 1000 1000 0 10
0.166667 0.214400 0.018733 200 209 1000 971 2 1000 1000 0 10
0.166667 0.210611 0.018986 200 211 1000 969 2 1000 1000 0 10
0.166667 0.155703 0.017060 200 183 1000 1043 2 1000 1000 0 10
0.166667 0.195941 0.018248 200 176 1000 1011 2 1000 1000 0 10
0.166667 0.205400 0.018242 200 202 1000 1025 2 1000 1000 0 10
0.166667 0.213067 0.018073 200 204 1000 1044 2 1000 1000 0 10
0.166667 0.173046 0.017644 200 194 1000 1037 2 1000 1000 0 10
0.166667 0.201560 0.018122 200 207 1000 1041 2 1000 1000 0 10
0.166667 0.211667 0.018305 200 184 1000 976 2 1000 1000 0 10
0.166667 0.231446 0.018464 200 209 1000 988 2 1000 1000 0 10
0.166667 0.205504 0.018423 200 213 1000 985 2 1000 1000 0 10
0.166667 0.202977 0.017756 200 209 1000 998 2 1000 1000 0 10
0.166667 0.234948 0.018977 200 212 1000 951 2 1000 1000 0 10
0.166667 0.219413 0.018352 200 205 1000 984 2 1000 1000 0 10
0.166667 0.176527 0.017476 200 202 1000 1044 2 1000 1000 0 10
0.166667 0.224017 0.018751 200 189 1000 1037 2 1000 1000 0 10
0.166667 0.238168 0.018879 200 225 1000 998 2 1000 1000 0 10
0.166667 0.206245 0.017629 200 189 1000 998 2 1000 1000 0 10
0.166667 0.204153 0.018431 200 197 1000 989 2 1000 1000 0 10
0.166667 0.234923 0.018297 200 193 1000 1001 2 1000 1000 0 10
0.166667 0.214618 0.018074 200 209 1000 977 2 1000 1000 0 10
0.166667 0.217136 0.018659 200 206 1000 1014 2 1000 1000 0 10
0.166667 0.199141 0.018572 200 180 1000 992 2 1000 1000 0 10
0.166667 0.228075 0.019013 200 214 1000 984 2 1000 1000 0 10
0.166667 0.210225 0.018726 200 205 1000 1023 2 1000 1000 0 10
0.166667 0.208510 0.018870 200 185 1000 973 2 1000 1000 0 10
0.166667 0.185167 0.018419 200 191 1000 1014 2 1000 1000 0 10
0.166667 0.212012 0.018148 200 227 1000 1006 2 1000 1000 0 10
0.166667 0.223129 0.018183 200 206 1000 1020 2 1000 1000 0 10
0.166667 0.214165 0.018615 200 187 1000 1023 2 1000 1000 0 10
0.166667 0.221439 0.018325 200 208 1000 1030 2 1000 1000 0 10
0.166667 0.224837 0.018603 200 196 1000 966 2 1000 1000 0 10
0.166667 0.217195 0.018368 200 220 1000 1002 2 1000 1000 0 10
0.166667 0.193513 0.018892 200 183 1000 946 2 1000 1000 0 10
0.166667 0.235759 0.019354 200 194 1000 982 2 1000 1000 0 10
0.166667 0.167962 0.017525 200 191 1000 1049 2 1000 1000 0 10
0.166667 0.228327 0.018953 200 207 1000 1005 2 1000 1000 0 10
0.166667 0.237795 0.019590 200 182 1000 994 2 1000 1000 0 10
0.166667 0.183248 0.017794 200 204 1000 1059 2 1000 1000 0 10
0.166667 0.213344 0.018272 200 207 1000 1023 2 1000 1000 0 10
0.166667 0.184509 0.018818 200 189 1000 996 2 1000 1000 0 10
0.166667 0.228139 0.019221 200 195 1000 993 2 1000 1000 0 10
0.166667 0.221433 0.018374 200 209 1000 1004 2 1000 1000 0 10
0.166667 0.264372 0.018863 200 210 1000 998 2 1000 1000 0 10
0.166667 0.206117 0.018169 200 209 1000 1006 2 1000 1000 0 10
0.166667 0.219865 0.018863 200 189 1000 1024 2 1000 1000 0 10
0.166667 0.218166 0.018464 200 200 1000 1035 2 1000 1000 0 10
0.166667 0.196523 0.018508 200 193 1000 1023 2 1000 1000 0 10
0.166667 0.202046 0.018065 200 198 1000 1017 2 1000 1000 0 10
0.166667 0.183892 0.017851 200 190 1000 1027 2 1000 1000 0 10
0.166667 0.258715 0.019135 200 202 1000 963 2 1000 1000 0 10
0.166667 0.250789 0.018652 200 205 1000 1007 2 1000 1000 0 10
0.166667 0.202462 0.018825 200 201 1000 999 2 1000 1000 0 10
0.166667 0.173797 0.017595 200 170 1000 1030 2 1000 1000 0 10
0.166667 0.159685 0.017740 200 181 1000 986 2 1000 1000 0 10
0.166667 0.220200 0.018782 200 209 1000 998 2 1000 1000 0 10
0.166667 0.192156 0.017850 200 186 1000 1044 2 1000 1000 0 10
0.166667 0.176251 0.016956 200 194 1000 1051 2 1000 1000 0 10
0.166667 0.199332 0.018214 200 183 1000 1050 2 1000 1000 0 10
0.166667 0.159448 0.018364 200 181 1000 1010 2 1000 1000 0 10
0.166667 0.196297 0.017470 200 210 1000 1054 2 1000 1000 0 10
0.166667 0.244451 0.018130 200 237 1000 1038 2 1000 1000 0 10
0.166667 0.213673 0.017834 200 197 1000 1037 2 1000 1000 0 10
0.166667 0.182998 0.017687 200 208 1000 1009 2 1000 1000 0 10
0.166667 0.231303 0.018694 200 196 1000 1016 2 1000 1000 0 10
0.166667 0.195813 0.020486 200 198 1000 930 2 1000 1000 0 10
0.166667 0.230491 0.017884 200 192 1000 1054 2 1000 1000 0 10
0.166667 0.229169 0.019187 200 183 1000 968 2 1000 1000 0 10
0.166667 0.213249 0.018523 200 196 1000 971 2 1000 1000 0 10
0.166667 0.240310 0.018748 200 201 1000 1023 2 1000 1000 0 10
0.166667 0.189327 0.018496 200 199 1000 1003 2 1000 1000 0 10
0.166667 0.236904 0.018899 200 222 1000 1002 2 1000 1000 0 10
0.166667 0.202244 0.018439 200 206 1000 970 2 1000 1000 0 10
0.166667 0.203937 0.018752 200 200 1000 999 2 1000 1000 0 10
0.166667 0.230372 0.018691 200 225 1000 1004 2 1000 1000 0 10
0.166667 0.208906 0.018425 200 209 1000 1054 2 1000 1000 0 10
0.166667 0.190383 0.018230 200 188 1000 1022 2 1000 1000 0 10
0.166667 0.173611 0.018773 200 177 1000 960 2 1000 1000 0 10
0.166667 0.210922 0.019191 200 188 1000 997 2 1000 1000 0 10
0.166667 0.215407 0.019077 200 220 1000 959 2 1000 1000 0 10
0.166667 0.228385 0.019654 200 204 1000 946 2 1000 1000 0 10
0.166667 0.156437 0.016988 200 190 1000 1022 2 1000 1000 0 10
0.166667 0.196622 0.018185 200 191 1000 1004 2 1000 1000 0 10
0.166667 0.198247 0.019405 200 200 1000 952 2 1000 1000 0 10
0.166667 0.226936 0.018611 200 208 1000 985 2 1000 1000 0 10
0.166667 0.213219 0.017631 200 208 1000 1041 2 1000 1000 0 10
0.166667 0.187078 0.017554 200 180 1000 1051 2 1000 1000 0 10
0.166667 0.184036 0.017682 200 189 1000 1017 2 1000 1000 0 10
0.166667 0.212859 0.018957 200 198 1000 978 2 1000 1000 0 10
0.166667 0.215280 0.018050 200 205 1000 1022 2 1000 1000 0 10
0.166667 0.215761 0.019005 200 194 1000 967 2 1000 1000 0 10
0.166667 0.238407 0.018800 200 220 1000 963 2 1000 1000 0 10
0.166667 0.214983 0.019110 200 212 1000 936 2 1000 1000 0 10
0.166667 0.226504 0.018969 200 204 1000 1004 2 1000 1000 0 10
0.166667 0.237047 0.018662 200 215 1000 1000 2 1000 1000 0 10
0.166667 0.193378 0.019008 200 196 1000 971 2 1000 1000 0 10
0.166667 0.223882 0.018162 200 210 1000 1030 2 1000 1000 0 10
0.166667 0.217370 0.019210 200 212 1000 1017 2 1000 1000 0 10
0.166667 0.226988 0.018528 200 218 1000 996 2 1000 1000 0 10
0.166667 0.214024 0.018663 200 213 1000 971 2 1000 1000 0 10
0.166667 0.181858 0.017517 200 201 1000 1054 2 1000 1000 0 10
0.166667 0.221436 0.017458 200 212 1000 1013 2 1000 1000 0 10
0.166667 0.228989 0.018567 200 208 1000 1023 2 1000 1000 0 10
0.166667 0.222040 0.019157 200 220 1000 993 2 1000 1000 0 10
0.166667 0.169734 0.018666 200 154 1000 988 2 1000 1000 0 10
0.166667 0.206877 0.018800 200 190 1000 973 2 1000 1000 0 10
0.166667 0.203769 0.018783 200 181 1000 994 2 1000 1000 0 10
0.166667 0.238322 0.018265 200 212 1000 999 2 1000 1000 0 10
0.166667 0.226626 0.018731 200 207 1000 963 2 1000 1000 0 10
0.166667 0.203407 0.018676 200 217 1000 963 2 1000 1000 0 10
0.166667 0.226897 0.018398 200 207 1000 1035 2 1000 1000 0 10
0.166667 0.203722 0.018606 200 217 1000 1007 2 1000 1000 0 10
0.166667 0.166552 0.018471 200 172 1000 993 2 1000 1000 0 10
0.166667 0.206099 0.018748 200 196 1000 1005 2 1000 1000 0 10
0.166667 0.197833 0.018223 200 182 1000 1044 2 1000 1000 0 10
0.166667 0.211076 0.019354 200 183 1000 961 2 1000 1000 0 10
0.166667 0.263698 0.019629 200 218 1000 949 2 1000 1000 0 10
0.166667 0.223607 0.019046 200 176 1000 969 2 1000 1000 0 10
0.166667 0.229595 0.018553 200 197 1000 1020 2 1000 1000 0 10
0.166667 0.235711 0.019257 200 203 1000 1007 2 1000 1000 0 10
0.166667 0.185509 0.017924 200 193 1000 1008 2 1000 1000 0 10
0.166667 0.155754 0.016593 200 198 1000 1042 2 1000 1000 0 10
0.166667 0.203139 0.018810 200 207 1000 995 2 1000 1000 0 10
0.166667 0.180090 0.018616 200 174 1000 963 2 1000 1000 0 10
0.166667 0.218087 0.019195 200 213 1000 1007 2 1000 1000 0 10
0.166667 0.218075 0.018803 200 204 1000 982 2 1000 1000 0 10
0.166667 0.217537 0.019162 200 202 1000 1002 2 1000 1000 0 10
0.166667 0.213875 0.017846 200 221 1000 1043 2 1000 1000 0 10
0.166667 0.224389 0.019349 200 226 1000 970 2 1000 1000 0 10
0.166667 0.191363 0.018311 200 206 1000 1050 2 1000 1000 0 10
0.166667 0.219055 0.018764 200 210 1000 1018 2 1000 1000 0 10
0.166667 0.194239 0.018862 200 187 1000 934 2 1000 1000 0 10
0.166667 0.215659 0.018587 200 223 1000 971 2 1000 1000 0 10
0.166667 0.176178 0.017859 200 162 1000 1014 2 1000 1000 0 10
0.166667 0.238496 0.019204 200 229 1000 967 2 1000 1000 0 10
0.166667 0.241116 0.018740 200 202 1000 1047 2 1000 1000 0 10
0.166667 0.180497 0.018621 200 181 1000 998 2 1000 1000 0 10
0.166667 0.174231 0.019186 200 206 1000 975 2 1000 1000 0 10
0.166667 0.228625 0.018845 200 196 1000 990 2 1000 1000 0 10
0.166667 0.199154 0.017722 200 190 1000 1010 2 1000 1000 0 10
0.166667 0.215928 0.019141 200 197 1000 965 2 1000 1000 0 10
0.166667 0.206477 0.018152 200 196 1000 1049 2 1000 1000 0 10
0.166667 0.230475 0.018369 200 214 1000 1029 2 1000 1000 0 10
0.166667 0.207923 0.019420 200 202 1000 962 2 1000 1000 0 10
0.166667 0.181486 0.017904 200 196 1000 1052 2 1000 1000 0 10
0.166667 0.241722 0.018933 200 198 1000 945 2 1000 1000 0 10
0.166667 0.220619 0.018108 200 204 1000 1055 2 1000 1000 0 10
0.166667 0.217436 0.018790 200 204 1000 950 2 1000 1000 0 10
0.166667 0.206917 0.018126 200 195 1000 969 2 1000 1000 0 10
0.166667 0.219617 0.018875 200 194 1000 1004 2 1000 1000 0 10
0.166667 0.191974 0.018182 200 201 1000 1007 2 1000 1000 0 10
0.166667 0.255776 0.018507 200 219 1000 1032 2 1000 1000 0 10
0.166667 0.240015 0.018739 200 221 1000 991 2 1000 1000 0 10
0.166667 0.192775 0.018286 200 188 1000 1025 2 1000 1000 0 10
0.166667 0.197292 0.018665 200 185 1000 956 2 1000 1000 0 10
0.166667 0.192921 0.018602 200 207 1000 1007 2 1000 1000 0 10
0.166667 0.168893 0.017774 200 184 1000 1042 2 1000 1000 0 10
0.166667 0.229407 0.019705 200 207 1000 942 2 1000 1000 0 10
0.166667 0.197900 0.018050 200 206 1000 1005 2 1000 1000 0 10
0.166667 0.207031 0.018164 200 196 1000 1014 2 1000 1000 0 10
0.166667 0.199448 0.018251 200 200 1000 1002 2 1000 1000 0 10
0.166667 0.233314 0.019644 200 185 1000 959 2 1000 1000 0 10
0.166667 0.195286 0.018878 200 202 1000 959 2 1000 1000 0 10
0.166667 0.172590 0.017720 200 188 1000 958 2 1000 1000 0 10
0.166667 0.223701 0.019035 200 209 1000 1021 2 1000 1000 0 10
0.166667 0.231653 0.018563 200 226 1000 988 2 1000 1000 0 10
0.166667 0.198630 0.019094 200 190 1000 940 2 1000 1000 0 10
0.166667 0.219148 0.018677 200 205 1000 962 2 1000 1000 0 10
0.166667 0.227287 0.018725 200 194 1000 1001 2 1000 1000 0 10
0.166667 0.193728 0.018164 200 181 1000 959 2 1000 1000 0 10
0.166667 0.184228 0.017129 200 208 1000 1054 2 1000 1000 0 10
0.166667 0.187039 0.017985 200 213 1000 1052 2 1000 1000 0 10
0.166667 0.183896 0.018610 200 195 1000 986 2 1000 1000 0 10
0.166667 0.230903 0.018025 200 213 1000 1039 2 1000 1000 0 10
0.166667 0.195909 0.018521 200 188 1000 998 2 1000 1000 0 10
0.166667 0.214281 0.018441 200 210 1000 1010 2 1000 1000 0 10
0.166667 0.205359 0.018269 200 199 1000 1010 2 1000 1000 0 10
0.166667 0.166706 0.018308 200 188 1000 992 2 1000 1000 0 10
0.166667 0.201781 0.018112 200 193 1000 1030 2 1000 1000 0 10
0.166667 0.188476 0.018125 200 213 1000 1030 2 1000 1000 0 10
0.166667 0.222183 0.019230 200 210 1000 949 2 1000 1000 0 10
0.166667 0.252077 0.018430 200 261 1000 975 2 1000 1000 0 10
0.166667 0.227623 0.018548 200 198 1000 1030 2 1000 1000 0 10
0.166667 0.193645 0.018079 200 185 1000 1014 2 1000 1000 0 10
0.166667 0.249832 0.019609 200 207 1000 937 2 1000 1000 0 10
0.166667 0.228881 0.017864 200 214 1000 1022 2 1000 1000 0 10
0.166667 0.218395 0.018738 200 210 1000 1016 2 1000 1000 0 10
0.166667 0.227443 0.018502 200 203 1000 999 2 1000 1000 0 10
0.166667 0.208166 0.018110 200 186 1000 1037 2 1000 1000 0 10
0.166667 0.200641 0.018516 200 197 1000 999 2 1000 1000 0 10
0.166667 0.193008 0.017865 200 202 1000 1034 2 1000 1000 0 10
0.166667 0.207058 0.019213 200 178 1000 955 2 1000 1000 0 10
0.166667 0.232170 0.018531 200 235 1000 985 2 1000 1000 0 10
0.166667 0.215231 0.018899 200 194 1000 954 2 1000 1000 0 10
0.166667 0.224735 0.019220 200 202 1000 992 2 1000 1000 0 10
0.166667 0.211831 0.018733 200 194 1000 994 2 1000 1000 0 10
0.166667 0.203867 0.018820 200 209 1000 961 2 1000 1000 0 10
0.166667 0.200716 0.018829 200 194 1000 963 2 1000 1000 0 10
0.166667 0.178099 0.017789 200 185 1000 1075 2 1000 1000 0 10
0.166667 0.190925 0.018616 200 191 1000 963 2 1000 1000 0 10
0.166667 0.200812 0.018272 200 203 1000 993 2 1000 1000 0 10
0.166667 0.193725 0.018674 200 186 1000 952 2 1000 1000 0 10
0.166667 0.193836 0.017992 200 192 1000 1056 2 1000 1000 0 10
0.166667 0.205433 0.018763 200 181 1000 1021 2 1000 1000 0 10
0.166667 0.232387 0.017688 200 204 1000 1040 2 1000 1000 0 10
0.166667 0.236171 0.018576 200 214 1000 1018 2 1000 1000 0 10
0.166667 0.227608 0.018573 200 211 1000 984 2 1000 1000 0 10
0.166667 0.201272 0.018697 200 195 1000 972 2 1000 1000 0 10
0.166667 0.182385 0.018754 200 204 1000 967 2 1000 1000 0 10
0.166667 0.212094 0.018498 200 224 1000 1005 2 1000 1000 0 10
0.166667 0.212729 0.018718 200 187 1000 1000 2 1000 1000 0 10
0.166667 0.216658 0.018205 200 200 1000 1017 2 1000 1000 0 10
0.166667 0.210094 0.017541 200 186 1000 1008 2 1000 1000 0 10
0.166667 0.198790 0.018505 200 201 1000 1013 2 1000 1000 0 10
0.166667 0.262520 0.019100 200 219 1000 1011 2 1000 1000 0 10
0.166667 0.233200 0.020043 200 216 1000 976 2 1000 1000 0 10
0.166667 0.213725 0.018476 200 204 1000 1033 2 1000 1000 0 10
0.166667 0.184066 0.018036 200 181 1000 1023 2 1000 1000 0 10
0.166667 0.221959 0.018818 200 203 1000 946 2 1000 1000 0 10
0.166667 0.224032 0.018777 200 204 1000 961 2 1000 1000 0 10
0.166667 0.211020 0.019176 200 199 1000 1005 2 1000 1000 0 10
0.166667 0.233028 0.019581 200 200 1000 937 2 1000 1000 0 10
0.166667 0.214074 0.018008 200 217 1000 1007 2 1000 1000 0 10
0.166667 0.242794 0.018174 200 213 1000 1026 2 1000 1000 0 10
0.166667 0.211780 0.018532 200 176 1000 1028 2 1000 1000 0 10
0.166667 0.216702 0.018791 200 195 1000 972 2 1000 1000 0 10
0.166667 0.222167 0.018543 200 204 1000 1020 2 1000 1000 0 10
0.166667 0.201880 0.019220 200 186 1000 993 2 1000 1000 0 10
0.166667 0.198021 0.018848 200 199 1000 942 2 1000 1000 0 10
0.166667 0.216087 0.019535 200 175 1000 934 2 1000 1000 0 10
0.166667 0.214444 0.018882 200 205 1000 943 2 1000 1000 0 10
0.166667 0.213383 0.017827 200 224 1000 1072 2 1000 1000 0 10
0.166667 0.217723 0.018441 200 191 1000 988 2 1000 1000 0 10
0.166667 0.207277 0.018737 200 199 1000 986 2 1000 1000 0 10
0.166667 0.200410 0.018478 200 214 1000 1006 2 1000 1000 0 10
0.166667 0.221655 0.018096 200 209 1000 1031 2 1000 1000 0 10
0.166667 0.188672 0.017385 200 204 1000 1074 2 1000 1000 0 10
0.166667 0.174045 0.018296 200 183 1000 1016 2 1000 1000 0 10
0.166667 0.215695 0.018563 200 208 1000 966 2 1000 1000 0 10
0.166667 0.175353 0.018049 200 186 1000 1024 2 1000 1000 0 10
0.166667 0.201744 0.018240 200 207 1000 1000 2 1000 1000 0 10
0.166667 0.239724 0.018176 200 216 1000 1007 2 1000 1000 0 10
0.166667 0.190762 0.018667 200 210 1000 947 2 1000 1000 0 10
0.166667 0.176871 0.018902 200 201 1000 1025 2 1000 1000 0 10
0.166667 0.260394 0.019129 200 209 1000 991 2 1000 1000 0 10
0.166667 0.229917 0.018606 200 208 1000 1028 2 1000 1000 0 10
0.166667 0.196184 0.017942 200 204 1000 1021 2 1000 1000 0 10
0.166667 0.196901 0.018047 200 203 1000 1018 2 1000 1000 0 10
0.166667 0.216780 0.018643 200 223 1000 984 2 1000 1000 0 10
0.166667 0.223510 0.018632 200 202 1000 985 2 1000 1000 0 10
0.166667 0.216610 0.018985 200 217 1000 979 2 1000 1000 0 10
0.166667 0.232489 0.018636 200 220 1000 1001 2 1000 1000 0 10
0.166667 0.204829 0.018450 200 194 1000 1007 2 1000 1000 0 10
0.166667 0.180099 0.018466 200 180 1000 992 2 1000 1000 0 10
0.166667 0.202325 0.018462 200 189 1000 978 2 1000 1000 0 10
0.166667 0.189639 0.017969 200 168 1000 1016 2 1000 1000 0 10
0.166667 0.209518 0.018166 200 212 1000 1033 2 1000 1000 0 10
0.166667 0.226317 0.018263 200 183 1000 995 2 1000 1000 0 10
0.166667 0.232767 0.019146 200 199 1000 950 2 1000 1000 0 10
0.166667 0.207992 0.018622 200 207 1000 948 2 1000 1000 0 10
0.166667 0.228033 0.018927 200 184 1000 993 2 1000 1000 0 10
0.166667 0.230933 0.018256 200 228 1000 1019 2 1000 1000 0 10
0.166667 0.190767 0.018165 200 195 1000 1004 2 1000 1000 0 10
0.166667 0.215484 0.018749 200 193 1000 950 2 1000 1000 0 10
0.166667 0.206867 0.018119 200 210 1000 1006 2 1000 1000 0 10
0.166667 0.235982 0.019938 200 202 1000 961 2 1000 1000 0 10
0.166667 0.187831 0.017532 200 194 1000 1060 2 1000 1000 0 10
0.166667 0.181417 0.018531 200 201 1000 1021 2 1000 1000 0 10
0.166667 0.201682 0.018252 200 212 1000 1027 2 1000 1000 0 10
0.166667 0.194228 0.018625 200 192 1000 963 2 1000 1000 0 10
0.166667 0.205877 0.018616 200 190 1000 1045 2 1000 1000 0 10
0.166667 0.236563 0.019033 200 182 1000 956 2 1000 1000 0 10
0.166667 0.247913 0.018274 200 219 1000 1026 2 1000 1000 0 10
0.166667 0.254925 0.019373 200 223 1000 975 2 1000 1000 0 10
0.166667 0.207524 0.017955 200 231 1000 1047 2 1000 1000 0 10
0.166667 0.246434 0.019154 200 218 1000 995 2 1000 1000 0 10
0.166667 0.201361 0.017591 200 184 1000 1030 2 1000 1000 0 10
0.166667 0.196804 0.018420 200 216 1000 989 2 1000 1000 0 10
0.166667 0.190675 0.019041 200 206 1000 978 2 1000 1000 0 10
0.166667 0.212938 0.018948 200 204 1000 1025 2 1000 1000 0 10
0.166667 0.200559 0.019061 200 207 1000 982 2 1000 1000 0 10
0.166667 0.206935 0.018185 200 211 1000 992 2 1000 1000 0 10
0.166667 0.223789 0.018760 200 201 1000 1008 2 1000 1000 0 10
0.166667 0.158817 0.018118 200 196 1000 1025 2 1000 1000 0 10
0.166667 0.222710 0.019153 200 223 1000 966 2 1000 1000 0 10
0.166667 0.215058 0.018601 200 185 1000 944 2 1000 1000 0 10
0.166667 0.198901 0.019202 200 203 1000 964 2 1000 1000 0 10
0.166667 0.220911 0.018609 200 189 1000 1009 2 1000 1000 0 10
0.166667 0.229927 0.019211 200 215 1000 962 2 1000 1000 0 10
0.166667 0.213189 0.018423 200 196 1000 1033 2 1000 1000 0 10
0.166667 0.249288 0.019151 200 199 1000 1010 2 1000 1000 0 10
0.166667 0.227363 0.018684 200 230 1000 1030 2 1000 1000 0 10
0.166667 0.249034 0.018612 200 211 1000 991 2 1000 1000 0 10
0.166667 0.163917 0.017867 200 188 1000 1046 2 1000 1000 0 10
0.166667 0.213625 0.017014 200 199 1000 1071 2 1000 1000 0 10
0.166667 0.203303 0.018028 200 214 1000 978 2 1000 1000 0 10
0.166667 0.222818 0.018236 200 177 1000 998 2 1000 1000 0 10
0.166667 0.201843 0.017984 200 194 1000 998 2 1000 1000 0 10
0.166667 0.193285 0.017810 200 213 1000 1030 2 1000 1000 0 10
0.166667 0.208071 0.018570 200 189 1000 980 2 1000 1000 0 10
0.166667 0.209737 0.018874 200 212 1000 999 2 1000 1000 0 10
0.166667 0.234686 0.018232 200 187 1000 996 2 1000 1000 0 10
0.166667 0.242088 0.017989 200 194 1000 1043 2 1000 1000 0 10
0.166667 0.247196 0.018710 200 209 1000 1012 2 1000 1000 0 10
0.166667 0.189004 0.018040 200 199 1000 1036 2 1000 1000 0 10
0.166667 0.212545 0.018606 200 211 1000 988 2 1000 1000 0 10
0.166667 0.208098 0.018365 200 210 1000 968 2 1000 1000 0 10
0.166667 0.192399 0.017490 200 198 1000 1055 2 1000 1000 0 10
0.166667 0.209374 0.018189 200 175 1000 963 2 1000 1000 0 10
0.166667 0.224911 0.018916 200 197 1000 980 2 1000 1000 0 10
0.166667 0.171043 0.018240 200 197 1000 1056 2 1000 1000 0 10
0.166667 0.208120 0.018739 200 218 1000 961 2 1000 1000 0 10
0.166667 0.217336 0.018108 200 194 1000 1019 2 1000 1000 0 10
0.166667 0.223308 0.018588 200 209 1000 1004 2 1000 1000 0 10
0.166667 0.198250 0.017999 200 196 1000 1020 2 1000 1000 0 10
0.166667 0.173750 0.018464 200 185 1000 989 2 1000 1000 0 10
0.166667 0.239297 0.019141 200 222 1000 980 2 1000 1000 0 10
0.166667 0.207883 0.018867 200 197 1000 978 2 1000 1000 0 10
0.166667 0.208525 0.018487 200 187 1000 992 2 1000 1000 0 10
0.166667 0.226594 0.019009 200 188 1000 967 2 1000 1000 0 10
0.166667 0.209056 0.018478 200 189 1000 1019 2 1000 1000 0 10
0.166667 0.242128 0.018734 200 206 1000 1035 2 1000 1000 0 10
0.166667 0.220252 0.017928 200 218 1000 1014 2 1000 1000 0 10
0.166667 0.224589 0.018315 200 198 1000 972 2 1000 1000 0 10
0.166667 0.243281 0.019385 200 217 1000 970 2 1000 1000 0 10
0.166667 0.214846 0.018567 200 216 1000 966 2 1000 1000 0 10
0.166667 0.202146 0.018972 200 199 1000 959 2 1000 1000 0 10
0.166667 0.198226 0.017879 200 206 1000 1041 2 1000 1000 0 10
0.166667 0.197867 0.018086 200 202 1000 1026 2 1000 1000 0 10
0.166667 0.203959 0.018500 200 185 1000 951 2 1000 1000 0 10
0.166667 0.237543 0.020305 200 188 1000 948 2 1000 1000 0 10
0.166667 0.214888 0.018232 200 199 1000 1002 2 1000 1000 0 10
0.166667 0.201094 0.018115 200 169 1000 1038 2 1000 1000 0 10
0.166667 0.209989 0.018262 200 224 1000 998 2 1000 1000 0 10
0.166667 0.243891 0.018894 200 217 1000 1000 2 1000 1000 0 10
0.166667 0.184029 0.019430 200 195 1000 963 2 1000 1000 0 10
0.166667 0.239707 0.018944 200 214 1000 1007 2 1000 1000 0 10
0.166667 0.189589 0.019374 200 187 1000 925 2 1000 1000 0 10
0.166667 0.190826 0.018693 200 225 1000 1016 2 1000 1000 0 10
0.166667 0.215007 0.018653 200 206 1000 993 2 1000 1000 0 10
0.166667 0.226548 0.019015 200 198 1000 993 2 1000 1000 0 10
0.166667 0.201692 0.018591 200 197 1000 968 2 1000 1000 0 10
0.166667 0.224808 0.019235 200 214 1000 978 2 1000 1000 0 10
0.166667 0.210907 0.019378 200 203 1000 976 2 1000 1000 0 10
0.166667 0.213137 0.018999 200 208 1000 1024 2 1000 1000 0 10
0.166667 0.214706 0.018568 200 206 1000 994 2 1000 1000 0 10
0.166667 0.183630 0.017961 200 201 1000 1002 2 1000 1000 0 10
0.166667 0.237809 0.019207 200 197 1000 938 2 1000 1000 0 10
0.166667 0.226980 0.018225 200 209 1000 1010 2 1000 1000 0 10
0.166667 0.194391 0.018675 200 206 1000 985 2 1000 1000 0 10
0.166667 0.203146 0.018230 200 200 1000 1039 2 1000 1000 0 10
0.166667 0.211500 0.018611 200 216 1000 955 2 1000 1000 0 10
0.166667 0.198377 0.017472 200 188 1000 1021 2 1000 1000 0 10
0.166667 0.210730 0.019349 200 209 1000 963 2 1000 1000 0 10
0.166667 0.208121 0.018072 200 203 1000 1028 2 1000 1000 0 10
0.166667 0.202438 0.018153 200 189 1000 965 2 1000 1000 0 10
0.166667 0.177500 0.018540 200 191 1000 1011 2 1000 1000 0 10
0.166667 0.243371 0.018936 200 183 1000 954 2 1000 1000 0 10
0.166667 0.197061 0.018666 200 198 1000 994 2 1000 1000 0 10
0.166667 0.224328 0.018418 200 220 1000 970 2 1000 1000 0 10
0.166667 0.239779 0.018758 200 200 1000 942 2 1000 1000 0 10
0.166667 0.228334 0.019186 200 206 1000 979 2 1000 1000 0 10
0.166667 0.195657 0.018320 200 198 1000 1056 2 1000 1000 0 10
0.166667 0.159122 0.018918 200 173 1000 945 2 1000 1000 0 10
0.166667 0.182255 0.017672 200 200 1000 1015 2 1000 1000 0 10
0.166667 0.231932 0.018961 200 218 1000 985 2 1000 1000 0 10
0.166667 0.196189 0.017925 200 174 1000 997 2 1000 1000 0 10
0.166667 0.240284 0.018304 200 199 1000 980 2 1000 1000 0 10
0.166667 0.234624 0.018486 200 206 1000 991 2 1000 1000 0 10
0.166667 0.179614 0.017701 200 177 1000 1021 2 1000 1000 0 10
0.166667 0.206782 0.018723 200 187 1000 985 2 1000 1000 0 10
0.166667 0.224268 0.018312 200 207 1000 969 2 1000 1000 0 10
0.166667 0.229412 0.018241 200 205 1000 1015 2 1000 1000 0 10
0.166667 0.195805 0.018113 200 184 1000 1016 2 1000 1000 0 10
0.166667 0.207353 0.018402 200 197 1000 1050 2 1000 1000 0 10
0.166667 0.226051 0.017887 200 196 1000 1010 2 1000 1000 0 10
0.166667 0.188288 0.018067 200 183 1000 1026 2 1000 1000 0 10
0.166667 0.233261 0.018125 200 199 1000 1020 2 1000 1000 0 10
0.166667 0.221183 0.018570 200 199 1000 985 2 1000 1000 0 10
0.166667 0.154947 0.017375 200 179 1000 969 2 1000 1000 0 10
0.166667 0.212548 0.018035 200 214 1000 1032 2 1000 1000 0 10
0.166667 0.226830 0.019014 200 177 1000 975 2 1000 1000 0 10
0.166667 0.203266 0.018399 200 192 1000 1011 2 1000 1000 0 10
0.166667 0.222881 0.018345 200 217 1000 1027 2 1000 1000 0 10
0.166667 0.249816 0.018891 200 212 1000 987 2 1000 1000 0 10
0.166667 0.223384 0.018524 200 211 1000 1042 2 1000 1000 0 10
0.166667 0.224574 0.018135 200 211 1000 993 2 1000 1000 0 10
0.166667 0.212259 0.019752 200 200 1000 942 2 1000 1000 0 10
0.166667 0.188146 0.017896 200 225 1000 1027 2 1000 1000 0 10
0.166667 0.203651 0.018422 200 212 1000 981 2 1000 1000 0 10
0.166667 0.202138 0.018122 200 172 1000 1034 2 1000 1000 0 10
0.166667 0.213663 0.019031 200 176 1000 986 2 1000 1000 0 10
0.166667 0.196659 0.019162 200 190 1000 962 2 1000 1000 0 10
0.166667 0.152339 0.017027 200 170 1000 1082 2 1000 1000 0 10
0.166667 0.170488 0.018941 200 185 1000 955 2 1000 1000 0 10
0.166667 0.234639 0.018663 200 190 1000 1021 2 1000 1000 0 10
0.166667 0.222963 0.018858 200 202 1000 992 2 1000 1000 0 10
0.166667 0.200426 0.018728 200 182 1000 958 2 1000 1000 0 10
0.166667 0.208964 0.018654 200 195 1000 984 2 1000 1000 0 10
0.166667 0.271377 0.018927 200 208 1000 958 2 1000 1000 0 10
0.166667 0.234016 0.019044 200 189 1000 970 2 1000 1000 0 10
0.166667 0.202292 0.019064 200 192 1000 1038 2 1000 1000 0 10
0.166667 0.204174 0.019317 200 184 1000 996 2 1000 1000 0 10
0.166667 0.241269 0.019917 200 203 1000 949 2 1000 1000 0 10
0.166667 0.199416 0.018138 200 206 1000 1028 2 1000 1000 0 10
0.166667 0.235088 0.019066 200 212 1000 977 2 1000 1000 0 10
0.166667 0.182982 0.018806 200 207 1000 964 2 1000 1000 0 10
0.166667 0.192480 0.017779 200 179 1000 1022 2 1000 1000 0 10
0.166667 0.201599 0.018414 200 192 1000 1032 2 1000 1000 0 10
0.166667 0.223617 0.018436 200 215 1000 1032 2 1000 1000 0 10
0.166667 0.208243 0.018061 200 196 1000 1020 2 1000 1000 0 10
0.166667 0.189609 0.018801 200 181 1000 999 2 1000 1000 0 10
0.166667 0.228736 0.018484 200 210 1000 955 2 1000 1000 0 10
0.166667 0.187761 0.018176 200 202 1000 997 2 1000 1000 0 10
0.166667 0.191798 0.019366 200 187 1000 1017 2 1000 1000 0 10
0.166667 0.194945 0.018509 200 195 1000 973 2 1000 1000 0 10
0.166667 0.220085 0.019081 200 212 1000 971 2 1000 1000 0 10
0.166667 0.202513 0.019448 200 217 1000 935 2 1000 1000 0 10
0.166667 0.237853 0.018160 200 224 1000 1017 2 1000 1000 0 10
0.166667 0.194293 0.018307 200 189 1000 970 2 1000 1000 0 10
0.166667 0.206174 0.017802 200 219 1000 1062 2 1000 1000 0 10
0.166667 0.204414 0.018478 200 210 1000 1028 2 1000 1000 0 10
0.166667 0.229260 0.018955 200 213 1000 993 2 1000 1000 0 10
0.166667 0.204991 0.018458 200 199 1000 1060 2 1000 1000 0 10
0.166667 0.215447 0.018713 200 190 1000 1036 2 1000 1000 0 10
0.166667 0.237833 0.018983 200 185 1000 984 2 1000 1000 0 10
0.166667 0.206660 0.018542 200 213 1000 1002 2 1000 1000 0 10
0.166667 0.236338 0.019026 200 195 1000 984 2 1000 1000 0 10
0.166667 0.207981 0.018912 200 181 1000 950 2 1000 1000 0 10
0.166667 0.221837 0.018493 200 191 1000 1006 2 1000 1000 0 10
0.166667 0.178352 0.018542 200 184 1000 973 2 1000 1000 0 10
0.166667 0.207993 0.018605 200 209 1000 1015 2 1000 1000 0 10
0.166667 0.226772 0.019858 200 214 1000 964 2 1000 1000 0 10
0.166667 0.217658 0.018554 200 224 1000 1017 2 1000 1000 0 10
0.166667 0.209945 0.018323 200 200 1000 981 2 1000 1000 0 10
0.166667 0.195439 0.018902 200 184 1000 935 2 1000 1000 0 10
0.166667 0.227571 0.018857 200 236 1000 1010 2 1000 1000 0 10
0.166667 0.192234 0.017341 200 218 1000 1107 2 1000 1000 0 10
0.166667 0.199292 0.017360 200 205 1000 1051 2 1000 1000 0 10
0.166667 0.170529 0.018405 200 190 1000 1003 2 1000 1000 0 10
0.166667 0.161951 0.017711 200 189 1000 1036 2 1000 1000 0 10
0.166667 0.238049 0.018355 200 207 1000 983 2 1000 1000 0 10
0.166667 0.211333 0.018722 200 201 1000 1022 2 1000 1000 0 10
0.166667 0.241623 0.018975 200 225 1000 998 2 1000 1000 0 10
0.166667 0.186980 0.018521 200 199 1000 1037 2 1000 1000 0 10
0.166667 0.191638 0.018555 200 182 1000 1020 2 1000 1000 0 10
0.166667 0.216172 0.018173 200 196 1000 1024 2 1000 1000 0 10
0.166667 0.193119 0.018180 200 190 1000 961 2 1000 1000 0 10
0.166667 0.195650 0.018137 200 202 1000 1003 2 1000 1000 0 10
0.166667 0.246739 0.018949 200 205 1000 945 2 1000 1000 0 10
0.166667 0.221947 0.018162 200 190 1000 1008 2 1000 1000 0 10
0.166667 0.209788 0.019200 200 186 1000 1017 2 1000 1000 0 10
0.166667 0.251801 0.019054 200 221 1000 989 2 1000 1000 0 10
0.166667 0.160502 0.017891 200 166 1000 941 2 1000 1000 0 10
0.166667 0.209383 0.018352 200 200 1000 1007 2 1000 1000 0 10
0.166667 0.196538 0.018466 200 179 1000 998 2 1000 1000 0 10
0.166667 0.196889 0.019235 200 203 1000 990 2 1000 1000 0 10
0.166667 0.225553 0.019163 200 188 1000 942 2 1000 1000 0 10
0.166667 0.238565 0.019233 200 204 1000 960 2 1000 1000 0 10
0.166667 0.199589 0.018377 200 183 1000 1045 2 1000 1000 0 10
0.166667 0.220291 0.019490 200 234 1000 982 2 1000 1000 0 10
0.166667 0.206509 0.018512 200 183 1000 1017 2 1000 1000 0 10
0.166667 0.218545 0.018280 200 203 1000 980 2 1000 1000 0 10
0.166667 0.224849 0.018781 200 232 1000 1010 2 1000 1000 0 10
0.166667 0.218918 0.018264 200 193 1000 1009 2 1000 1000 0 10
0.166667 0.194940 0.018345 200 183 1000 1019 2 1000 1000 0 10
0.166667 0.184360 0.018550 200 168 1000 990 2 1000 1000 0 10
0.166667 0.215102 0.019253 200 200 1000 974 2 1000 1000 0 10
0.166667 0.223210 0.019035 200 180 1000 1003 2 1000 1000 0 10
0.166667 0.173317 0.017159 200 198 1000 1067 2 1000 1000 0 10
0.166667 0.198500 0.018497 200 209 1000 994 2 1000 1000 0 10
0.166667 0.203848 0.017785 200 184 1000 1022 2 1000 1000 0 10
0.166667 0.232503 0.018903 200 197 1000 1010 2 1000 1000 0 10
0.166667 0.194162 0.017797 200 192 1000 1070 2 1000 1000 0 10
0.166667 0.199087 0.018884 200 199 1000 996 2 1000 1000 0 10
0.166667 0.181902 0.018523 200 186 1000 952 2 1000 1000 0 10
0.166667 0.180220 0.018002 200 193 1000 1031 2 1000 1000 0 10
0.166667 0.201483 0.019029 200 211 1000 970 2 1000 1000 0 10
0.166667 0.223438 0.018580 200 205 1000 1029 2 1000 1000 0 10
0.166667 0.217022 0.018547 200 204 1000 982 2 1000 1000 0 10
0.166667 0.216984 0.019017 200 175 1000 986 2 1000 1000 0 10
0.166667 0.213938 0.018077 200 201 1000 1049 2 1000 1000 0 10
0.166667 0.230559 0.019231 200 209 1000 955 2 1000 1000 0 10
0.166667 0.190045 0.017623 200 187 1000 1021 2 1000 1000 0 10
0.166667 0.210913 0.019016 200 198 1000 969 2 1000 1000 0 10
0.166667 0.238031 0.018940 200 217 1000 975 2 1000 1000 0 10
0.166667 0.212416 0.019528 200 194 1000 990 2 1000 1000 0 10
0.166667 0.196534 0.018514 200 192 1000 1008 2 1000 1000 0 10
0.166667 0.234916 0.018717 200 228 1000 1000 2 1000 1000 0 10
0.166667 0.239065 0.018595 200 200 1000 957 2 1000 1000 0 10
0.166667 0.203626 0.018115 200 212 1000 987 2 1000 1000 0 10
0.166667 0.227319 0.018809 200 222 1000 966 2 1000 1000 0 10
0.166667 0.218129 0.018636 200 225 1000 1002 2 1000 1000 0 10
0.166667 0.179245 0.018675 200 191 1000 1001 2 1000 1000 0 10
0.166667 0.202433 0.018649 200 198 1000 994 2 1000 1000 0 10
0.166667 0.186176 0.018542 200 183 1000 1048 2 1000 1000 0 10
0.166667 0.196140 0.018240 200 203 1000 1053 2 1000 1000 0 10
0.166667 0.204360 0.019530 200 190 1000 953 2 1000 1000 0 10
0.166667 0.215117 0.019118 200 204 1000 996 2 1000 1000 0 10
0.166667 0.237206 0.018598 200 203 1000 1009 2 1000 1000 0 10
0.166667 0.169215 0.017602 200 161 1000 1054 2 1000 1000 0 10
0.166667 0.177829 0.017389 200 196 1000 1043 2 1000 1000 0 10
0.166667 0.224788 0.019486 200 219 1000 924 2 1000 1000 0 10
0.166667 0.201764 0.019136 200 199 1000 975 2 1000 1000 0 10
0.166667 0.187814 0.017864 200 189 1000 1046 2 1000 1000 0 10
0.166667 0.212912 0.018722 200 221 1000 984 2 1000 1000 0 10
0.166667 0.160957 0.017736 200 183 1000 1000 2 1000 1000 0 10
0.166667 0.240554 0.018975 200 214 1000 968 2 1000 1000 0 10
0.166667 0.202113 0.019137 200 180 1000 997 2 1000 1000 0 10
0.166667 0.216368 0.019197 200 191 1000 948 2 1000 1000 0 10
0.166667 0.199719 0.017138 200 188 1000 1044 2 1000 1000 0 10
0.166667 0.193398 0.018863 200 175 1000 970 2 1000 1000 0 10
0.166667 0.181961 0.018578 200 193 1000 985 2 1000 1000 0 10
0.166667 0.245289 0.018894 200 198 1000 960 2 1000 1000 0 10
0.166667 0.234536 0.019441 200 219 1000 993 2 1000 1000 0 10
0.166667 0.200067 0.019001 200 202 1000 1000 2 1000 1000 0 10
0.166667 0.228171 0.018642 200 206 1000 1021 2 1000 1000 0 10
0.166667 0.238605 0.017874 200 197 1000 1049 2 1000 1000 0 10
0.166667 0.188137 0.018758 200 183 1000 969 2 1000 1000 0 10
0.166667 0.248906 0.018307 200 199 1000 1015 2 1000 1000 0 10
0.166667 0.187224 0.019571 200 192 1000 938 2 1000 1000 0 10
0.166667 0.190801 0.018350 200 196 1000 970 2 1000 1000 0 10
0.166667 0.165586 0.018211 200 194 1000 1025 2 1000 1000 0 10
0.166667 0.219131 0.019254 200 186 1000 1009 2 1000 1000 0 10
0.166667 0.175288 0.018546 200 177 1000 984 2 1000 1000 0 10
0.166667 0.241772 0.018081 200 200 1000 1013 2 1000 1000 0 10
0.166667 0.226918 0.018721 200 217 1000 1018 2 1000 1000 0 10
0.166667 0.194720 0.017676 200 217 1000 1055 2 1000 1000 0 10
0.166667 0.238769 0.018302 200 203 1000 1025 2 1000 1000 0 10
0.166667 0.212871 0.017988 200 206 1000 1044 2 1000 1000 0 10
0.166667 0.177708 0.018817 200 196 1000 1009 2 1000 1000 0 10
0.166667 0.210657 0.017701 200 196 1000 1020 2 1000 1000 0 10
0.166667 0.211674 0.018432 200 183 1000 999 2 1000 1000 0 10
0.166667 0.222947 0.018399 200 191 1000 1021 2 1000 1000 0 10
0.166667 0.234370 0.018625 200 208 1000 967 2 1000 1000 0 10
0.166667 0.189487 0.018331 200 220 1000 1050 2 1000 1000 0 10
0.166667 0.232119 0.018226 200 214 1000 1011 2 1000 1000 0 10
0.166667 0.218132 0.018537 200 205 1000 1001 2 1000 1000 0 10
0.166667 0.227417 0.018793 200 190 1000 983 2 1000 1000 0 10
0.166667 0.231537 0.018387 200 211 1000 1045 2 1000 1000 0 10
0.166667 0.201170 0.018491 200 196 1000 1002 2 1000 1000 0 10
0.166667 0.219825 0.018667 200 212 1000 1014 2 1000 1000 0 10
0.166667 0.215058 0.019081 200 215 1000 947 2 1000 1000 0 10
0.166667 0.191632 0.018904 200 180 1000 992 2 1000 1000 0 10
0.166667 0.193374 0.018191 200 206 1000 1040 2 1000 1000 0 10
0.166667 0.187534 0.018156 200 191 1000 1000 2 1000 1000 0 10
0.166667 0.199109 0.017809 200 208 1000 1011 2 1000 1000 0 10
0.166667 0.220150 0.019041 200 210 1000 961 2 1000 1000 0 10
0.166667 0.214533 0.018214 200 195 1000 991 2 1000 1000 0 10
0.166667 0.247082 0.019348 200 214 1000 975 2 1000 1000 0 10
0.166667 0.227679 0.018480 200 222 1000 968 2 1000 1000 0 10
0.166667 0.213203 0.018491 200 192 1000 1006 2 1000 1000 0 10
0.166667 0.256462 0.018846 200 223 1000 1003 2 1000 1000 0 10
0.166667 0.199157 0.018472 200 181 1000 1010 2 1000 1000 0 10
0.166667 0.210955 0.017193 200 195 1000 1091 2 1000 1000 0 10
0.166667 0.194229 0.017433 200 213 1000 1039 2 1000 1000 0 10
0.166667 0.209909 0.018382 200 213 1000 984 2 1000 1000 0 10
0.166667 0.212520 0.017778 200 184 1000 1014 2 1000 1000 0 10
0.166667 0.189698 0.018156 200 178 1000 1011 2 1000 1000 0 10
0.166667 0.205684 0.018749 200 196 1000 1026 2 1000 1000 0 10
0.166667 0.223284 0.018827 200 202 1000 946 2 1000 1000 0 10
0.166667 0.210471 0.018601 200 212 1000 1002 2 1000 1000 0 10
0.166667 0.175118 0.018625 200 187 1000 1045 2 1000 1000 0 10
0.166667 0.189654 0.018654 200 199 1000 1018 2 1000 1000 0 10
0.166667 0.240074 0.019038 200 217 1000 973 2 1000 1000 0 10
0.166667 0.207319 0.019164 200 200 1000 988 2 1000 1000 0 10
0.166667 0.187296 0.017898 200 216 1000 980 2 1000 1000 0 10
0.166667 0.222444 0.018630 200 194 1000 987 2 1000 1000 0 10
0.166667 0.179816 0.018107 200 203 1000 989 2 1000 1000 0 10
0.166667 0.233762 0.019351 200 205 1000 961 2 1000 1000 0 10
0.166667 0.222369 0.018425 200 202 1000 1026 2 1000 1000 0 10
0.166667 0.163267 0.019131 200 175 1000 959 2 1000 1000 0 10
0.166667 0.182912 0.018398 200 219 1000 1050 2 1000 1000 0 10
0.166667 0.226192 0.018124 200 227 1000 1012 2 1000 1000 0 10
0.166667 0.209023 0.017689 200 209 1000 999 2 1000 1000 0 10
0.166667 0.207503 0.018579 200 189 1000 993 2 1000 1000 0 10
0.166667 0.186560 0.018743 200 203 1000 998 2 1000 1000 0 10
0.166667 0.198707 0.017784 200 200 1000 1009 2 1000 1000 0 10
0.166667 0.197807 0.018534 200 195 1000 985 2 1000 1000 0 10
0.166667 0.200124 0.017895 200 200 1000 1016 2 1000 1000 0 10
0.166667 0.214274 0.018355 200 208 1000 986 2 1000 1000 0 10
0.166667 0.209246 0.018118 200 194 1000 999 2 1000 1000 0 10
0.166667 0.181356 0.018194 200 170 1000 1034 2 1000 1000 0 10
0.166667 0.208785 0.018495 200 180 1000 977 2 1000 1000 0 10
0.166667 0.244390 0.018944 200 212 1000 969 2 1000 1000 0 10
0.166667 0.196311 0.018468 200 199 1000 982 2 1000 1000 0 10
0.166667 0.217131 0.018360 200 209 1000 981 2 1000 1000 0 10
0.166667 0.196053 0.018413 200 187 1000 997 2 1000 1000 0 10
0.166667 0.211949 0.018211 200 220 1000 1042 2 1000 1000 0 10
0.166667 0.202780 0.017791 200 209 1000 1023 2 1000 1000 0 10
0.166667 0.178260 0.017998 200 200 1000 1023 2 1000 1000 0 10
0.166667 0.244892 0.018188 200 227 1000 984 2 1000 1000 0 10
0.166667 0.211591 0.018162 200 197 1000 1016 2 1000 1000 0 10
0.166667 0.230002 0.018962 200 211 1000 1045 2 1000 1000 0 10
0.166667 0.228962 0.018091 200 215 1000 1015 2 1000 1000 0 10
0.166667 0.228528 0.018152 200 199 1000 927 2 1000 1000 0 10
0.166667 0.195545 0.018251 200 171 1000 973 2 1000 1000 0 10
0.166667 0.225971 0.018270 200 199 1000 1014 2 1000 1000 0 10
0.166667 0.244592 0.019126 200 224 1000 984 2 1000 1000 0 10
0.166667 0.211088 0.018752 200 212 1000 949 2 1000 1000 0 10
0.166667 0.223085 0.018600 200 193 1000 1002 2 1000 1000 0 10
0.166667 0.202844 0.018199 200 216 1000 1001 2 1000 1000 0 10
0.166667 0.210264 0.019490 200 192 1000 1022 2 1000 1000 0 10
0.166667 0.200255 0.019303 200 185 1000 939 2 1000 1000 0 10
0.166667 0.215637 0.018317 200 212 1000 1043 2 1000 1000 0 10
0.166667 0.201287 0.018453 200 213 1000 1016 2 1000 1000 0 10
0.166667 0.261811 0.019336 200 216 1000 951 2 1000 1000 0 10
0.166667 0.161991 0.018868 200 167 1000 1001 2 1000 1000 0 10
0.166667 0.194432 0.019092 200 196 1000 949 2 1000 1000 0 10
0.166667 0.209027 0.018042 200 184 1000 1005 2 1000 1000 0 10
0.166667 0.267933 0.019641 200 232 1000 1015 2 1000 1000 0 10
0.166667 0.212385 0.018210 200 178 1000 1005 2 1000 1000 0 10
0.166667 0.151677 0.018405 200 174 1000 994 2 1000 1000 0 10
0.166667 0.169346 0.017980 200 194 1000 1021 2 1000 1000 0 10
0.166667 0.209013 0.019219 200 196 1000 1001 2 1000 1000 0 10
0.166667 0.231283 0.018514 200 204 1000 953 2 1000 1000 0 10
0.166667 0.204322 0.018586 200 202 1000 1020 2 1000 1000 0 10
0.166667 0.207450 0.019204 200 197 1000 977 2 1000 1000 0 10
0.166667 0.233713 0.019487 200 209 1000 952 2 1000 1000 0 10
0.166667 0.247582 0.018569 200 213 1000 941 2 1000 1000 0 10
0.166667 0.180649 0.019415 200 181 1000 925 2 1000 1000 0 10
0.166667 0.191865 0.018104 200 191 1000 1016 2 1000 1000 0 10
0.166667 0.233716 0.018712 200 187 1000 1008 2 1000 1000 0 10
0.166667 0.204688 0.018381 200 171 1000 979 2 1000 1000 0 10
0.166667 0.207152 0.018102 200 196 1000 997 2 1000 1000 0 10
0.166667 0.192576 0.017210 200 189 1000 1011 2 1000 1000 0 10
0.166667 0.182977 0.018365 200 177 1000 1013 2 1000 1000 0 10
0.166667 0.226816 0.018968 200 187 1000 943 2 1000 1000 0 10
0.166667 0.216841 0.017984 200 203 1000 1063 2 1000 1000 0 10
0.166667 0.176226 0.018887 200 197 1000 971 2 1000 1000 0 10
0.166667 0.186430 0.018932 200 171 1000 997 2 1000 1000 0 10
0.166667 0.228434 0.019349 200 216 1000 982 2 1000 1000 0 10
0.166667 0.221942 0.018471 200 210 1000 1002 2 1000 1000 0 10
0.166667 0.218041 0.018001 200 193 1000 1014 2 1000 1000 0 10
0.166667 0.217970 0.017998 200 194 1000 985 2 1000 1000 0 10
0.166667 0.213411 0.018668 200 186 1000 986 2 1000 1000 0 10
0.166667 0.210613 0.018191 200 204 1000 993 2 1000 1000 0 10
0.166667 0.193715 0.018286 200 229 1000 1013 2 1000 1000 0 10
0.166667 0.200348 0.018650 200 205 1000 1045 2 1000 1000 0 10
0.166667 0.172361 0.018874 200 175 1000 962 2 1000 1000 0 10
0.166667 0.227137 0.018586 200 203 1000 976 2 1000 1000 0 10
0.166667 0.215554 0.018790 200 206 1000 994 2 1000 1000 0 10
0.166667 0.177103 0.018735 200 194 1000 1029 2 1000 1000 0 10
0.166667 0.225535 0.019176 200 227 1000 903 2 1000 1000 0 10
0.166667 0.206094 0.017583 200 205 1000 1020 2 1000 1000 0 10
0.166667 0.230290 0.018959 200 169 1000 972 2 1000 1000 0 10
0.166667 0.225868 0.018016 200 195 1000 1009 2 1000 1000 0 10
0.166667 0.230098 0.019267 200 209 1000 966 2 1000 1000 0 10
0.166667 0.205030 0.017542 200 184 1000 1090 2 1000 1000 0 10
0.166667 0.234165 0.019046 200 208 1000 930 2 1000 1000 0 10
0.166667 0.199029 0.018243 200 182 1000 1025 2 1000 1000 0 10
0.166667 0.175189 0.017702 200 184 1000 1045 2 1000 1000 0 10
0.166667 0.210193 0.018201 200 202 1000 998 2 1000 1000 0 10
0.166667 0.221728 0.018873 200 207 1000 954 2 1000 1000 0 10
0.166667 0.208167 0.018544 200 196 1000 975 2 1000 1000 0 10
0.166667 0.227090 0.018502 200 208 1000 1018 2 1000 1000 0 10
0.166667 0.245864 0.018087 200 229 1000 994 2 1000 1000 0 10
0.166667 0.237517 0.018074 200 205 1000 982 2 1000 1000 0 10
0.166667 0.202201 0.018652 200 193 1000 1004 2 1000 1000 0 10
0.166667 0.197185 0.018347 200 198 1000 1040 2 1000 1000 0 10
0.166667 0.194910 0.017997 200 213 1000 1061 2 1000 1000 0 10
0.166667 0.230706 0.019047 200 207 1000 1017 2 1000 1000 0 10
0.166667 0.245759 0.018591 200 213 1000 997 2 1000 1000 0 10
0.166667 0.201914 0.017753 200 220 1000 1012 2 1000 1000 0 10
0.166667 0.206403 0.018354 200 187 1000 1040 2 1000 1000 0 10
0.166667 0.183959 0.018508 200 193 1000 989 2 1000 1000 0 10
0.166667 0.211873 0.018313 200 205 1000 998 2 1000 1000 0 10
0.166667 0.218728 0.018169 200 195 1000 995 2 1000 1000 0 10
0.166667 0.236835 0.019736 200 221 1000 959 2 1000 1000 0 10
0.166667 0.187143 0.017414 200 210 1000 987 2 1000 1000 0 10
0.166667 0.202399 0.018075 200 202 1000 1045 2 1000 1000 0 10
0.166667 0.197461 0.019072 200 187 1000 1001 2 1000 1000 0 10
0.166667 0.177759 0.017868 200 181 1000 1013 2 1000 1000 0 10
0.166667 0.238260 0.018615 200 219 1000 997 2 1000 1000 0 10
0.166667 0.248706 0.018972 200 202 1000 993 2 1000 1000 0 10
0.166667 0.188015 0.017349 200 198 1000 1017 2 1000 1000 0 10
0.166667 0.207101 0.019765 200 181 1000 1005 2 1000 1000 0 10
0.166667 0.194445 0.018645 200 190 1000 976 2 1000 1000 0 10
0.166667 0.200970 0.018660 200 179 1000 988 2 1000 1000 0 10
0.166667 0.181830 0.017999 200 183 1000 1026 2 1000 1000 0 10
0.166667 0.219813 0.018829 200 209 1000 1002 2 1000 1000 0 10
0.166667 0.208766 0.018248 200 201 1000 990 2 1000 1000 0 10
0.166667 0.149012 0.018072 200 183 1000 1004 2 1000 1000 0 10
0.166667 0.226680 0.018173 200 190 1000 1010 2 1000 1000 0 10
0.166667 0.202927 0.017272 200 188 1000 1024 2 1000 1000 0 10
0.166667 0.197504 0.017892 200 206 1000 1069 2 1000 1000 0 10
0.166667 0.172855 0.018132 200 188 1000 1024 2 1000 1000 0 10
0.166667 0.209498 0.018560 200 218 1000 993 2 1000 1000 0 10
0.166667 0.238742 0.018790 200 224 1000 980 2 1000 1000 0 10
0.166667 0.197089 0.018719 200 184 1000 960 2 1000 1000 0 10
0.166667 0.197318 0.018341 200 195 1000 1018 2 1000 1000 0 10
0.166667 0.193761 0.018007 200 197 1000 989 2 1000 1000 0 10
0.166667 0.219300 0.019555 200 208 1000 959 2 1000 1000 0 10
0.166667 0.213360 0.018644 200 214 1000 976 2 1000 1000 0 10
0.166667 0.223372 0.019111 200 220 1000 988 2 1000 1000 0 10
0.166667 0.199583 0.017402 200 211 1000 1040 2 1000 1000 0 10
0.166667 0.200570 0.017974 200 209 1000 1005 2 1000 1000 0 10
0.166667 0.182548 0.018628 200 197 1000 952 2 1000 1000 0 10
0.166667 0.218658 0.018101 200 200 1000 1039 2 1000 1000 0 10
0.166667 0.178923 0.017876 200 196 1000 1021 2 1000 1000 0 10
0.166667 0.225132 0.018044 200 214 1000 1004 2 1000 1000 0 10
0.166667 0.204985 0.019352 200 185 1000 942 2 1000 1000 0 10
0.166667 0.196840 0.017931 200 209 1000 1054 2 1000 1000 0 10
0.166667 0.189223 0.018507 200 193 1000 1029 2 1000 1000 0 10
0.166667 0.186043 0.018214 200 194 1000 1048 2 1000 1000 0 10
0.166667 0.201529 0.018141 200 194 1000 1000 2 1000 1000 0 10
0.166667 0.172885 0.018222 200 199 1000 1073 2 1000 1000 0 10
0.166667 0.209085 0.019033 200 203 1000 1008 2 1000 1000 0 10
0.166667 0.211848 0.019144 200 195 1000 1016 2 1000 1000 0 10
0.166667 0.221161 0.018651 200 223 1000 1006 2 1000 1000 0 10
0.166667 0.196673 0.019037 200 187 1000 980 2 1000 1000 0 10
0.166667 0.203321 0.018834 200 194 1000 936 2 1000 1000 0 10
0.166667 0.202057 0.019206 200 179 1000 961 2 1000 1000 0 10
0.166667 0.263947 0.019260 200 221 1000 958 2 1000 1000 0 10
0.166667 0.219109 0.018730 200 206 1000 992 2 1000 1000 0 10
0.166667 0.216073 0.018555 200 193 1000 964 2 1000 1000 0 10
0.166667 0.205988 0.018275 200 190 1000 1015 2 1000 1000 0 10
0.166667 0.159246 0.018043 200 176 1000 984 2 1000 1000 0 10
0.166667 0.209565 0.018995 200 193 1000 982 2 1000 1000 0 10
0.166667 0.211970 0.018601 200 191 1000 983 2 1000 1000 0 10
0.166667 0.225804 0.018318 200 218 1000 1009 2 1000 1000 0 10
0.166667 0.212195 0.018480 200 186 1000 984 2 1000 1000 0 10
0.166667 0.218126 0.018765 200 229 1000 1005 2 1000 1000 0 10
0.166667 0.198476 0.018662 200 193 1000 1017 2 1000 1000 0 10
0.166667 0.175824 0.018522 200 186 1000 1015 2 1000 1000 0 10
0.166667 0.233852 0.018954 200 240 1000 986 2 1000 1000 0 10
0.166667 0.223768 0.018526 200 213 1000 989 2 1000 1000 0 10
0.166667 0.207610 0.018121 200 182 1000 1016 2 1000 1000 0 10
0.166667 0.184737 0.018057 200 219 1000 1030 2 1000 1000 0 10
0.166667 0.220044 0.018730 200 192 1000 1008 2 1000 1000 0 10
0.166667 0.202546 0.018175 200 198 1000 1037 2 1000 1000 0 10
0.166667 0.231797 0.019038 200 193 1000 966 2 1000 1000 0 10
0.166667 0.192114 0.018784 200 164 1000 1049 2 1000 1000 0 10
0.166667 0.221116 0.018818 200 183 1000 1022 2 1000 1000 0 10
0.166667 0.168061 0.018447 200 195 1000 1023 2 1000 1000 0 10
0.166667 0.197635 0.018687 200 205 1000 968 2 1000 1000 0 10
0.166667 0.187912 0.017917 200 183 1000 1000 2 1000 1000 0 10
0.166667 0.200677 0.018759 200 214 1000 985 2 1000 1000 0 10
0.166667 0.263068 0.018455 200 230 1000 975 2 1000 1000 0 10
0.166667 0.204725 0.019777 200 205 1000 950 2 1000 1000 0 10
0.166667 0.189670 0.017384 200 202 1000 1040 2 1000 1000 0 10
0.166667 0.171403 0.018045 200 181 1000 985 2 1000 1000 0 10
0.166667 0.210103 0.018374 200 202 1000 1018 2 1000 1000 0 10
0.166667 0.170465 0.017925 200 178 1000 988 2 1000 1000 0 10
0.166667 0.205953 0.018103 200 185 1000 981 2 1000 1000 0 10
0.166667 0.201716 0.018194 200 207 1000 1066 2 1000 1000 0 10
0.166667 0.212522 0.018919 200 209 1000 998 2 1000 1000 0 10
0.166667 0.229144 0.017749 200 208 1000 1051 2 1000 1000 0 10
0.166667 0.220942 0.018840 200 217 1000 1034 2 1000 1000 0 10
0.166667 0.186468 0.018768 200 186 1000 947 2 1000 1000 0 10
0.166667 0.215875 0.018948 200 205 1000 984 2 1000 1000 0 10
0.166667 0.202240 0.018638 200 195 1000 1017 2 1000 1000 0 10
0.166667 0.200349 0.017852 200 196 1000 1026 2 1000 1000 0 10
0.166667 0.201331 0.018546 200 206 1000 983 2 1000 1000 0 10
0.166667 0.239049 0.018537 200 220 1000 957 2 1000 1000 0 10
0.166667 0.189137 0.017941 200 175 1000 1036 2 1000 1000 0 10
0.166667 0.203269 0.019392 200 185 1000 949 2 1000 1000 0 10
0.166667 0.225341 0.019327 200 167 1000 989 2 1000 1000 0 10
0.166667 0.203423 0.018106 200 172 1000 1012 2 1000 1000 0 10
0.166667 0.187450 0.018598 200 194 1000 1011 2 1000 1000 0 10
0.166667 0.207771 0.018282 200 218 1000 1000 2 1000 1000 0 10
0.166667 0.197274 0.019022 200 197 1000 1004 2 1000 1000 0 10
0.166667 0.181836 0.017803 200 183 1000 1035 2 1000 1000 0 10
0.166667 0.242356 0.019454 200 192 1000 995 2 1000 1000 0 10
0.166667 0.216740 0.018465 200 189 1000 997 2 1000 1000 0 10
0.166667 0.238227 0.019084 200 216 1000 1007 2 1000 1000 0 10
0.166667 0.197963 0.018537 200 192 1000 987 2 1000 1000 0 10
0.166667 0.228224 0.019658 200 212 1000 926 2 1000 1000 0 10
0.166667 0.185235 0.017740 200 189 1000 1045 2 1000 1000 0 10
0.166667 0.207777 0.018692 200 215 1000 979 2 1000 1000 0 10
0.166667 0.207624 0.018685 200 184 1000 972 2 1000 1000 0 10
0.166667 0.215492 0.018666 200 206 1000 1028 2 1000 1000 0 10
0.166667 0.215230 0.018325 200 178 1000 967 2 1000 1000 0 10
0.166667 0.217495 0.018577 200 206 1000 961 2 1000 1000 0 10
0.166667 0.225331 0.018179 200 225 1000 993 2 1000 1000 0 10
0.166667 0.210935 0.017253 200 195 1000 1076 2 1000 1000 0 10
0.166667 0.227254 0.018417 200 201 1000 995 2 1000 1000 0 10
0.166667 0.204206 0.018769 200 171 1000 966 2 1000 1000 0 10
0.166667 0.206348 0.018550 200 187 1000 950 2 1000 1000 0 10
0.166667 0.230615 0.018566 200 224 1000 1001 2 1000 1000 0 10
0.166667 0.186951 0.018057 200 211 1000 1025 2 1000 1000 0 10
0.166667 0.270028 0.018751 200 221 1000 1022 2 1000 1000 0 10
0.166667 0.186351 0.018626 200 202 1000 989 2 1000 1000 0 10
0.166667 0.209856 0.018240 200 195 1000 1034 2 1000 1000 0 10
0.166667 0.225156 0.018280 200 198 1000 1013 2 1000 1000 0 10
0.166667 0.202686 0.017870 200 210 1000 1068 2 1000 1000 0 10
0.166667 0.232396 0.019012 200 195 1000 1013 2 1000 1000 0 10
0.166667 0.168812 0.017556 200 170 1000 1024 2 1000 1000 0 10
0.166667 0.143679 0.018128 200 205 1000 1001 2 1000 1000 0 10
0.166667 0.220692 0.018564 200 207 1000 1007 2 1000 1000 0 10
0.166667 0.219852 0.018709 200 191 1000 978 2 1000 1000 0 10
0.166667 0.228054 0.019159 200 200 1000 969 2 1000 1000 0 10
0.166667 0.219127 0.017950 200 200 1000 1037 2 1000 1000 0 10
0.166667 0.182650 0.017779 200 204 1000 1010 2 1000 1000 0 10
0.166667 0.209074 0.019025 200 183 1000 952 2 1000 1000 0 10
0.166667 0.214120 0.018129 200 219 1000 1064 2 1000 1000 0 10
0.166667 0.229460 0.018520 200 202 1000 996 2 1000 1000 0 10
0.166667 0.182628 0.018364 200 181 1000 1021 2 1000 1000 0 10
0.166667 0.197113 0.018379 200 194 1000 990 2 1000 1000 0 10
0.166667 0.221414 0.017583 200 191 1000 1030 2 1000 1000 0 10
0.166667 0.211130 0.018738 200 186 1000 993 2 1000 1000 0 10
0.166667 0.224498 0.019081 200 201 1000 986 2 1000 1000 0 10
0.166667 0.218697 0.018989 200 191 1000 968 2 1000 1000 0 10
0.166667 0.200062 0.018944 200 213 1000 1003 2 1000 1000 0 10
0.166667 0.201264 0.018603 200 191 1000 1008 2 1000 1000 0 10
0.166667 0.208016 0.018955 200 191 1000 945 2 1000 1000 0 10
0.166667 0.198959 0.017956 200 203 1000 1049 2 1000 1000 0 10
0.166667 0.196532 0.018121 200 181 1000 994 2 1000 1000 0 10
0.166667 0.200220 0.018415 200 201 1000 1007 2 1000 1000 0 10
0.166667 0.174378 0.018009 200 190 1000 1029 2 1000 1000 0 10
0.166667 0.174889 0.018763 200 188 1000 983 2 1000 1000 0 10
0.166667 0.212286 0.018405 200 203 1000 999 2 1000 1000 0 10
0.166667 0.228553 0.019014 200 203 1000 1016 2 1000 1000 0 10
0.166667 0.224571 0.017742 200 213 1000 1034 2 1000 1000 0 10
0.166667 0.197656 0.017951 200 206 1000 1041 2 1000 1000 0 10
0.166667 0.222869 0.018172 200 189 1000 986 2 1000 1000 0 10
0.166667 0.224260 0.018668 200 197 1000 1028 2 1000 1000 0 10
0.166667 0.188893 0.018473 200 209 1000 1044 2 1000 1000 0 10
0.166667 0.204999 0.018734 200 214 1000 1002 2 1000 1000 0 10
0.166667 0.165884 0.018608 200 166 1000 1042 2 1000 1000 0 10
0.166667 0.227788 0.018388 200 213 1000 975 2 1000 1000 0 10
0.166667 0.203935 0.018797 200 196 1000 986 2 1000 1000 0 10
0.166667 0.188066 0.018514 200 189 1000 1014 2 1000 1000 0 10
0.166667 0.209601 0.018768 200 210 1000 1021 2 1000 1000 0 10
0.166667 0.207936 0.019188 200 196 1000 993 2 1000 1000 0 10
0.166667 0.236768 0.018901 200 221 1000 945 2 1000 1000 0 10
0.166667 0.245576 0.019396 200 195 1000 995 2 1000 1000 0 10
0.166667 0.231189 0.018489 200 240 1000 1044 2 1000 1000 0 10
0.166667 0.218240 0.018889 200 219 1000 972 2 1000 1000 0 10
0.166667 0.227209 0.019325 200 216 1000 976 2 1000 1000 0 10
0.166667 0.205256 0.019541 200 179 1000 1003 2 1000 1000 0 10
0.166667 0.192256 0.017912 200 182 1000 1029 2 1000 1000 0 10
0.166667 0.207374 0.018578 200 212 1000 1014 2 1000 1000 0 10
0.166667 0.204793 0.019414 200 183 1000 930 2 1000 1000 0 10
0.166667 0.213418 0.018214 200 206 1000 1003 2 1000 1000 0 10
0.166667 0.152917 0.018548 200 197 1000 1006 2 1000 1000 0 10
0.166667 0.238109 0.018961 200 207 1000 1017 2 1000 1000 0 10
0.166667 0.185298 0.018716 200 201 1000 1006 2 1000 1000 0 10
0.166667 0.209573 0.018469 200 186 1000 958 2 1000 1000 0 10
0.166667 0.212516 0.019307 200 211 1000 952 2 1000 1000 0 10
0.166667 0.192814 0.017925 200 181 1000 995 2 1000 1000 0 10
0.166667 0.198124 0.019233 200 209 1000 945 2 1000 1000 0 10
0.166667 0.231137 0.018188 200 239 1000 1022 2 1000 1000 0 10
0.166667 0.229393 0.018522 200 207 1000 975 2 1000 1000 0 10
0.166667 0.242237 0.018554 200 221 1000 980 2 1000 1000 0 10
0.166667 0.207872 0.018369 200 209 1000 965 2 1000 1000 0 10
0.166667 0.189736 0.018098 200 201 1000 960 2 1000 1000 0 10
0.166667 0.257105 0.019378 200 229 1000 940 2 1000 1000 0 10
0.166667 0.213085 0.019294 200 183 1000 973 2 1000 1000 0 10
0.166667 0.226206 0.019326 200 201 1000 996 2 1000 1000 0 10
0.166667 0.192587 0.017810 200 191 1000 1014 2 1000 1000 0 10
0.166667 0.235384 0.018759 200 187 1000 998 2 1000 1000 0 10
0.166667 0.213511 0.018635 200 193 1000 995 2 1000 1000 0 10
0.166667 0.187281 0.018686 200 197 1000 980 2 1000 1000 0 10
0.166667 0.190278 0.018635 200 182 1000 999 2 1000 1000 0 10
0.166667 0.213930 0.018171 200 213 1000 1017 2 1000 1000 0 10
0.166667 0.221731 0.017509 200 212 1000 1070 2 1000 1000 0 10
0.166667 0.224296 0.019023 200 191 1000 1002 2 1000 1000 0 10
0.166667 0.219990 0.018704 200 197 1000 1015 2 1000 1000 0 10
0.166667 0.210873 0.018960 200 182 1000 1015 2 1000 1000 0 10
0.166667 0.223934 0.020234 200 206 1000 882 2 1000 1000 0 10
0.166667 0.203800 0.018402 200 198 1000 1021 2 1000 1000 0 10
0.166667 0.221290 0.018912 200 202 1000 987 2 1000 1000 0 10
0.166667 0.226872 0.018903 200 190 1000 976 2 1000 1000 0 10
0.166667 0.211066 0.018587 200 198 1000 1000 2 1000 1000 0 10
0.166667 0.205104 0.018938 200 191 1000 989 2 1000 1000 0 10
0.166667 0.207233 0.018716 200 194 1000 988 2 1000 1000 0 10
0.166667 0.197348 0.019119 200 188 1000 965 2 1000 1000 0 10
0.166667 0.222905 0.018538 200 206 1000 998 2 1000 1000 0 10
0.166667 0.253345 0.018182 200 218 1000 981 2 1000 1000 0 10
0.166667 0.189390 0.018402 200 196 1000 983 2 1000 1000 0 10
0.166667 0.216973 0.017326 200 204 1000 1009 2 1000 1000 0 10
0.166667 0.159566 0.018996 200 186 1000 965 2 1000 1000 0 10
0.166667 0.151736 0.018111 200 179 1000 1052 2 1000 1000 0 10
0.166667 0.207269 0.019034 200 206 1000 943 2 1000 1000 0 10
0.166667 0.175445 0.019100 200 190 1000 977 2 1000 1000 0 10
0.166667 0.209399 0.018596 200 218 1000 988 2 1000 1000 0 10
0.166667 0.225036 0.019227 200 205 1000 976 2 1000 1000 0 10
0.166667 0.224895 0.018251 200 194 1000 1022 2 1000 1000 0 10
0.166667 0.208294 0.018651 200 204 1000 983 2 1000 1000 0 10
0.166667 0.244057 0.018538 200 199 1000 1017 2 1000 1000 0 10
0.166667 0.215511 0.019466 200 189 1000 934 2 1000 1000 0 10
0.166667 0.201495 0.018090 200 197 1000 1017 2 1000 1000 0 10
0.166667 0.185686 0.018903 200 215 1000 954 2 1000 1000 0 10
0.166667 0.222676 0.019383 200 196 1000 973 2 1000 1000 0 10
0.166667 0.210363 0.018792 200 183 1000 995 2 1000 1000 0 10
0.166667 0.226824 0.018489 200 213 1000 980 2 1000 1000 0 10
0.166667 0.172047 0.018386 200 210 1000 1001 2 1000 1000 0 10
0.166667 0.213757 0.018348 200 205 1000 1071 2 1000 1000 0 10
0.166667 0.217724 0.019154 200 204 1000 985 2 1000 1000 0 10
0.166667 0.219516 0.018946 200 193 1000 969 2 1000 1000 0 10
0.166667 0.220284 0.018334 200 204 1000 1013 2 1000 1000 0 10
0.166667 0.208023 0.018253 200 181 1000 1001 2 1000 1000 0 10
0.166667 0.207089 0.019010 200 198 1000 966 2 1000 1000 0 10
0.166667 0.213440 0.019079 200 202 1000 998 2 1000 1000 0 10
0.166667 0.217468 0.018983 200 188 1000 1029 2 1000 1000 0 10
0.166667 0.181513 0.018170 200 187 1000 989 2 1000 1000 0 10
0.166667 0.232409 0.018806 200 192 1000 996 2 1000 1000 0 10
0.166667 0.180431 0.019055 200 181 1000 994 2 1000 1000 0 10
0.166667 0.263628 0.018587 200 224 1000 984 2 1000 1000 0 10
0.166667 0.231441 0.018694 200 201 1000 973 2 1000 1000 0 10
0.166667 0.196630 0.018738 200 212 1000 982 2 1000 1000 0 10
0.166667 0.210462 0.018738 200 190 1000 957 2 1000 1000 0 10
0.166667 0.207807 0.018562 200 180 1000 1014 2 1000 1000 0 10
0.166667 0.216452 0.018585 200 199 1000 1014 2 1000 1000 0 10
0.166667 0.197634 0.018109 200 214 1000 1024 2 1000 1000 0 10
0.166667 0.210317 0.019168 200 205 1000 948 2 1000 1000 0 10
0.166667 0.178104 0.017684 200 182 1000 1014 2 1000 1000 0 10
0.166667 0.217909 0.018468 200 200 1000 1024 2 1000 1000 0 10
0.166667 0.195496 0.018852 200 211 1000 989 2 1000 1000 0 10
0.166667 0.193288 0.018429 200 175 1000 1057 2 1000 1000 0 10
0.166667 0.197726 0.018144 200 178 1000 1027 2 1000 1000 0 10
0.166667 0.176263 0.019439 200 190 1000 939 2 1000 1000 0 10
0.166667 0.220712 0.018820 200 183 1000 980 2 1000 1000 0 10
0.166667 0.201780 0.018441 200 202 1000 982 2 1000 1000 0 10
0.166667 0.188775 0.018830 200 189 1000 977 2 1000 1000 0 10
0.166667 0.209467 0.018723 200 173 1000 968 2 1000 1000 0 10
0.166667 0.233348 0.018807 200 210 1000 978 2 1000 1000 0 10
0.166667 0.212732 0.019309 200 202 1000 981 2 1000 1000 0 10
0.166667 0.225783 0.018299 200 193 1000 1082 2 1000 1000 0 10
0.166667 0.171065 0.018371 200 199 1000 984 2 1000 1000 0 10
0.166667 0.216656 0.018764 200 209 1000 975 2 1000 1000 0 10
0.166667 0.231855 0.018616 200 204 1000 971 2 1000 1000 0 10
0.166667 0.207805 0.018452 200 201 1000 1035 2 1000 1000 0 10
0.166667 0.187263 0.018592 200 204 1000 984 2 1000 1000 0 10
0.166667 0.191467 0.019394 200 177 1000 960 2 1000 1000 0 10
0.166667 0.228692 0.019074 200 203 1000 981 2 1000 1000 0 10
0.166667 0.235922 0.019161 200 217 1000 1026 2 1000 1000 0 10
0.166667 0.229258 0.019324 200 214 1000 990 2 1000 1000 0 10
0.166667 0.263781 0.018539 200 228 1000 991 2 1000 1000 0 10
0.166667 0.185287 0.018998 200 211 1000 964 2 1000 1000 0 10
0.166667 0.234625 0.018581 200 213 1000 956 2 1000 1000 0 10
0.166667 0.209418 0.019162 200 218 1000 992 2 1000 1000 0 10
