0.166667 0.170679 0.038987 20 19 100 91 2 1000 1000 0 5
0.166667 0.141548 0.034868 20 18 100 96 2 1000 1000 0 5
0.166667 0.138694 0.036800 20 17 100 89 2 1000 1000 0 5
0.166667 0.131264 0.036065 20 13 100 88 2 1000 1000 0 5
0.166667 0.194453 0.037440 20 25 100 98 2 1000 1000 0 5
0.166667 0.213572 0.040375 20 24 100 91 2 1000 1000 0 5
0.166667 0.170646 0.033793 20 24 100 115 2 1000 1000 0 5
0.166667 0.172433 0.035974 20 23 100 112 2 1000 1000 0 5
0.166667 0.176670 0.039974 20 17 100 87 2 1000 1000 0 5
0.166667 0.192435 0.037954 20 19 100 100 2 1000 1000 0 5
0.166667 0.144645 0.034107 20 17 100 107 2 1000 1000 0 5
0.166667 0.148396 0.033103 20 20 100 115 2 1000 1000 0 5
0.166667 0.132251 0.031557 20 20 100 115 2 1000 1000 0 5
0.166667 0.223989 0.037500 20 28 100 108 2 1000 1000 0 5
0.166667 0.079338 0.028549 20 9 100 101 2 1000 1000 0 5
0.166667 0.170200 0.039681 20 19 100 83 2 1000 1000 0 5
0.166667 0.211288 0.040054 20 24 100 92 2 1000 1000 0 5
0.166667 0.134333 0.036076 20 15 100 84 2 1000 1000 0 5
0.166667 0.170489 0.036922 20 21 100 98 2 1000 1000 0 5
0.166667 0.103397 0.029129 20 14 100 121 2 1000 1000 0 5
0.166667 0.175787 0.040631 20 19 100 85 2 1000 1000 0 5
0.166667 0.223591 0.040388 20 24 100 96 2 1000 1000 0 5
0.166667 0.166728 0.036025 20 22 100 104 2 1000 1000 0 5
0.166667 0.162133 0.035862 20 21 100 98 2 1000 1000 0 5
0.166667 0.149096 0.035393 20 20 100 101 2 1000 1000 0 5
0.166667 0.156028 0.037052 20 17 100 86 2 1000 1000 0 5
0.166667 0.148479 0.033071 20 20 100 115 2 1000 1000 0 5
0.166667 0.137205 0.033329 20 17 100 109 2 1000 1000 0 5
0.166667 0.135264 0.031405 20 19 100 124 2 1000 1000 0 5
0.166667 0.188999 0.036932 20 25 100 104 2 1000 1000 0 5
0.166667 0.045173 0.022797 20 9 100 113 2 1000 1000 0 5
0.166667 0.142304 0.034455 20 19 100 101 2 1000 1000 0 5
0.166667 0.190406 0.038338 20 20 100 100 2 1000 1000 0 5
0.166667 0.168281 0.038190 20 20 100 92 2 1000 1000 0 5
0.166667 0.159052 0.033704 20 24 100 112 2 1000 1000 0 5
0.166667 0.205539 0.039498 20 22 100 96 2 1000 1000 0 5
0.166667 0.176739 0.035569 20 24 100 105 2 1000 1000 0 5
0.166667 0.159295 0.036193 20 19 100 100 2 1000 1000 0 5
0.166667 0.184513 0.040113 20 19 100 85 2 1000 1000 0 5
0.166667 0.186352 0.038549 20 21 100 92 2 1000 1000 0 5
0.166667 0.167320 0.037560 20 20 100 98 2 1000 1000 0 5
0.166667 0.186672 0.034588 20 30 100 114 2 1000 1000 0 5
0.166667 0.104735 0.031550 20 13 100 104 2 1000 1000 0 5
0.166667 0.149163 0.036135 20 18 100 95 2 1000 1000 0 5
0.166667 0.109192 0.030837 20 13 100 105 2 1000 1000 0 5
0.166667 0.126124 0.033713 20 18 100 106 2 1000 1000 0 5
0.166667 0.283214 0.044129 20 32 100 84 2 1000 1000 0 5
0.166667 0.167491 0.034638 20 19 100 110 2 1000 1000 0 5
0.166667 0.230567 0.040525 20 25 100 96 2 1000 1000 0 5
0.166667 0.226988 0.037573 20 29 100 109 2 1000 1000 0 5
0.166667 0.157967 0.034039 20 20 100 110 2 1000 1000 0 5
0.166667 0.132116 0.036294 20 18 100 92 2 1000 1000 0 5
0.166667 0.212647 0.038879 20 23 100 98 2 1000 1000 0 5
0.166667 0.132330 0.032618 20 19 100 105 2 1000 1000 0 5
0.166667 0.126507 0.034284 20 14 100 95 2 1000 1000 0 5
0.166667 0.157630 0.033022 20 24 100 117 2 1000 1000 0 5
0.166667 0.184459 0.037868 20 21 100 95 2 1000 1000 0 5
0.166667 0.207195 0.039499 20 22 100 94 2 1000 1000 0 5
0.166667 0.135514 0.033011 20 17 100 107 2 1000 1000 0 5
0.166667 0.203666 0.037198 20 27 100 109 2 1000 1000 0 5
0.166667 0.151759 0.034203 20 18 100 112 2 1000 1000 0 5
0.166667 0.196818 0.037689 20 23 100 105 2 1000 1000 0 5
0.166667 0.178567 0.035519 20 25 100 108 2 1000 1000 0 5
0.166667 0.188725 0.039315 20 23 100 92 2 1000 1000 0 5
0.166667 0.141369 0.033987 20 17 100 104 2 1000 1000 0 5
0.166667 0.138407 0.034493 20 19 100 106 2 1000 1000 0 5
0.166667 0.184012 0.040302 20 19 100 86 2 1000 1000 0 5
0.166667 0.162984 0.035045 20 21 100 108 2 1000 1000 0 5
0.166667 0.148395 0.036705 20 15 100 90 2 1000 1000 0 5
0.166667 0.188842 0.038091 20 25 100 103 2 1000 1000 0 5
0.166667 0.223609 0.039667 20 25 100 97 2 1000 1000 0 5
0.166667 0.168265 0.037279 20 17 100 96 2 1000 1000 0 5
0.166667 0.151865 0.035892 20 17 100 103 2 1000 1000 0 5
0.166667 0.177198 0.035200 20 24 100 106 2 1000 1000 0 5
0.166667 0.124839 0.035060 20 15 100 92 2 1000 1000 0 5
0.166667 0.158397 0.038872 20 14 100 87 2 1000 1000 0 5
0.166667 0.158187 0.035180 20 20 100 101 2 1000 1000 0 5
0.166667 0.133017 0.033903 20 14 100 103 2 1000 1000 0 5
0.166667 0.172128 0.036382 20 19 100 106 2 1000 1000 0 5
0.166667 0.150947 0.039670 20 16 100 81 2 1000 1000 0 5
0.166667 0.153154 0.034739 20 19 100 104 2 1000 1000 0 5
0.166667 0.160287 0.037400 20 19 100 91 2 1000 1000 0 5
0.166667 0.134317 0.035623 20 16 100 93 2 1000 1000 0 5
0.166667 0.163549 0.033321 20 21 100 114 2 1000 1000 0 5
0.166667 0.241928 0.039217 20 28 100 104 2 1000 1000 0 5
0.166667 0.206404 0.040548 20 22 100 93 2 1000 1000 0 5
0.166667 0.161568 0.035940 20 19 100 101 2 1000 1000 0 5
0.166667 0.158936 0.035351 20 20 100 104 2 1000 1000 0 5
0.166667 0.171832 0.037795 20 20 100 94 2 1000 1000 0 5
0.166667 0.149455 0.037700 20 15 100 91 2 1000 1000 0 5
0.166667 0.217117 0.038114 20 28 100 101 2 1000 1000 0 5
0.166667 0.156069 0.034803 20 19 100 105 2 1000 1000 0 5
0.166667 0.145178 0.034453 20 16 100 102 2 1000 1000 0 5
0.166667 0.162932 0.034124 20 22 100 110 2 1000 1000 0 5
0.166667 0.167118 0.035870 20 22 100 103 2 1000 1000 0 5
0.166667 0.195255 0.038368 20 25 100 95 2 1000 1000 0 5
0.166667 0.163088 0.033466 20 21 100 116 2 1000 1000 0 5
0.166667 0.176937 0.037989 20 20 100 100 2 1000 1000 0 5
0.166667 0.216785 0.038029 20 30 100 101 2 1000 1000 0 5
0.166667 0.173094 0.035339 20 24 100 112 2 1000 1000 0 5
0.166667 0.153879 0.035283 20 20 100 103 2 1000 1000 0 5
0.166667 0.138864 0.033886 20 18 100 106 2 1000 1000 0 5
0.166667 0.132927 0.031878 20 20 100 111 2 1000 1000 0 5
0.166667 0.226789 0.040908 20 25 100 93 2 1000 1000 0 5
0.166667 0.165249 0.035467 20 18 100 110 2 1000 1000 0 5
0.166667 0.179765 0.038431 20 20 100 92 2 1000 1000 0 5
0.166667 0.146598 0.036864 20 18 100 96 2 1000 1000 0 5
0.166667 0.171073 0.037136 20 19 100 93 2 1000 1000 0 5
0.166667 0.134278 0.036209 20 14 100 96 2 1000 1000 0 5
0.166667 0.179526 0.037011 20 17 100 98 2 1000 1000 0 5
0.166667 0.136694 0.034146 20 17 100 103 2 1000 1000 0 5
0.166667 0.127273 0.034428 20 16 100 93 2 1000 1000 0 5
0.166667 0.153986 0.033882 20 23 100 118 2 1000 1000 0 5
0.166667 0.227322 0.039353 20 28 100 101 2 1000 1000 0 5
0.166667 0.075501 0.027395 20 11 100 109 2 1000 1000 0 5
0.166667 0.123334 0.037184 20 14 100 83 2 1000 1000 0 5
0.166667 0.179231 0.038024 20 20 100 98 2 1000 1000 0 5
0.166667 0.151104 0.034648 20 18 100 103 2 1000 1000 0 5
0.166667 0.182351 0.041097 20 18 100 83 2 1000 1000 0 5
0.166667 0.147230 0.035560 20 18 100 96 2 1000 1000 0 5
0.166667 0.131896 0.034469 20 16 100 98 2 1000 1000 0 5
0.166667 0.192635 0.040413 20 20 100 90 2 1000 1000 0 5
0.166667 0.158057 0.034555 20 19 100 110 2 1000 1000 0 5
0.166667 0.130657 0.033382 20 17 100 114 2 1000 1000 0 5
0.166667 0.161975 0.035328 20 20 100 106 2 1000 1000 0 5
0.166667 0.239708 0.044248 20 23 100 80 2 1000 1000 0 5
0.166667 0.167411 0.033610 20 24 100 117 2 1000 1000 0 5
0.166667 0.170011 0.036294 20 23 100 96 2 1000 1000 0 5
0.166667 0.128356 0.033894 20 14 100 104 2 1000 1000 0 5
0.166667 0.196059 0.041083 20 21 100 86 2 1000 1000 0 5
0.166667 0.167238 0.036537 20 19 100 103 2 1000 1000 0 5
0.166667 0.204652 0.039952 20 22 100 93 2 1000 1000 0 5
0.166667 0.147376 0.036911 20 16 100 92 2 1000 1000 0 5
0.166667 0.179853 0.038045 20 23 100 101 2 1000 1000 0 5
0.166667 0.177849 0.040087 20 16 100 86 2 1000 1000 0 5
0.166667 0.209922 0.039837 20 26 100 92 2 1000 1000 0 5
0.166667 0.160495 0.036532 20 22 100 100 2 1000 1000 0 5
0.166667 0.182561 0.036258 20 24 100 107 2 1000 1000 0 5
0.166667 0.120823 0.032974 20 15 100 101 2 1000 1000 0 5
0.166667 0.177824 0.036808 20 19 100 98 2 1000 1000 0 5
0.166667 0.144352 0.033257 20 19 100 105 2 1000 1000 0 5
0.166667 0.205498 0.039246 20 24 100 95 2 1000 1000 0 5
0.166667 0.214399 0.041065 20 24 100 85 2 1000 1000 0 5
0.166667 0.198298 0.039187 20 21 100 94 2 1000 1000 0 5
0.166667 0.207325 0.038644 20 26 100 103 2 1000 1000 0 5
0.166667 0.194047 0.041134 20 19 100 85 2 1000 1000 0 5
0.166667 0.141996 0.035897 20 19 100 99 2 1000 1000 0 5
0.166667 0.195282 0.039917 20 19 100 90 2 1000 1000 0 5
0.166667 0.133485 0.034396 20 18 100 102 2 1000 1000 0 5
0.166667 0.128332 0.031689 20 17 100 114 2 1000 1000 0 5
0.166667 0.097451 0.030627 20 12 100 98 2 1000 1000 0 5
0.166667 0.172275 0.038222 20 18 100 94 2 1000 1000 0 5
0.166667 0.146672 0.033684 20 19 100 113 2 1000 1000 0 5
0.166667 0.178117 0.038205 20 23 100 91 2 1000 1000 0 5
0.166667 0.181243 0.040119 20 20 100 86 2 1000 1000 0 5
0.166667 0.184276 0.038241 20 21 100 100 2 1000 1000 0 5
0.166667 0.201250 0.038168 20 25 100 99 2 1000 1000 0 5
0.166667 0.211199 0.041331 20 25 100 83 2 1000 1000 0 5
0.166667 0.161956 0.036269 20 18 100 103 2 1000 1000 0 5
0.166667 0.189074 0.038573 20 23 100 92 2 1000 1000 0 5
0.166667 0.136916 0.033195 20 16 100 105 2 1000 1000 0 5
0.166667 0.141985 0.034160 20 18 100 112 2 1000 1000 0 5
0.166667 0.172128 0.036605 20 21 100 101 2 1000 1000 0 5
0.166667 0.181698 0.036290 20 23 100 104 2 1000 1000 0 5
0.166667 0.177457 0.039535 20 18 100 88 2 1000 1000 0 5
0.166667 0.172314 0.036757 20 21 100 96 2 1000 1000 0 5
0.166667 0.170329 0.040839 20 14 100 81 2 1000 1000 0 5
0.166667 0.204921 0.034921 20 31 100 120 2 1000 1000 0 5
0.166667 0.157416 0.036741 20 18 100 94 2 1000 1000 0 5
0.166667 0.143090 0.034896 20 18 100 103 2 1000 1000 0 5
0.166667 0.101120 0.031123 20 13 100 104 2 1000 1000 0 5
0.166667 0.121197 0.034195 20 13 100 102 2 1000 1000 0 5
0.166667 0.172753 0.034086 20 22 100 116 2 1000 1000 0 5
0.166667 0.096358 0.029414 20 14 100 114 2 1000 1000 0 5
0.166667 0.169691 0.039692 20 15 100 86 2 1000 1000 0 5
0.166667 0.087860 0.029304 20 11 100 104 2 1000 1000 0 5
0.166667 0.156048 0.034818 20 21 100 104 2 1000 1000 0 5
0.166667 0.240482 0.042159 20 23 100 91 2 1000 1000 0 5
0.166667 0.195859 0.039505 20 18 100 95 2 1000 1000 0 5
0.166667 0.133411 0.033324 20 18 100 116 2 1000 1000 0 5
0.166667 0.186723 0.037974 20 21 100 96 2 1000 1000 0 5
0.166667 0.124672 0.033500 20 17 100 110 2 1000 1000 0 5
0.166667 0.151462 0.037549 20 16 100 91 2 1000 1000 0 5
0.166667 0.229107 0.041130 20 27 100 93 2 1000 1000 0 5
0.166667 0.109012 0.033332 20 13 100 95 2 1000 1000 0 5
0.166667 0.134705 0.031795 20 19 100 112 2 1000 1000 0 5
0.166667 0.140585 0.033851 20 19 100 113 2 1000 1000 0 5
0.166667 0.202931 0.038409 20 24 100 99 2 1000 1000 0 5
0.166667 0.120470 0.035075 20 13 100 87 2 1000 1000 0 5
0.166667 0.157508 0.035742 20 21 100 102 2 1000 1000 0 5
0.166667 0.121708 0.032191 20 14 100 104 2 1000 1000 0 5
0.166667 0.120588 0.031734 20 16 100 104 2 1000 1000 0 5
0.166667 0.174682 0.037152 20 21 100 104 2 1000 1000 0 5
0.166667 0.144079 0.029983 20 24 100 131 2 1000 1000 0 5
0.166667 0.163353 0.035751 20 21 100 104 2 1000 1000 0 5
0.166667 0.159532 0.033467 20 21 100 115 2 1000 1000 0 5
0.166667 0.185932 0.040000 20 20 100 88 2 1000 1000 0 5
0.166667 0.177050 0.035112 20 19 100 120 2 1000 1000 0 5
0.166667 0.082482 0.029303 20 12 100 102 2 1000 1000 0 5
0.166667 0.138840 0.031388 20 22 100 120 2 1000 1000 0 5
0.166667 0.263835 0.042905 20 30 100 88 2 1000 1000 0 5
0.166667 0.241888 0.039918 20 30 100 94 2 1000 1000 0 5
0.166667 0.181989 0.035153 20 24 100 116 2 1000 1000 0 5
0.166667 0.157949 0.033775 20 20 100 114 2 1000 1000 0 5
0.166667 0.182742 0.038234 20 22 100 90 2 1000 1000 0 5
0.166667 0.180539 0.038119 20 21 100 95 2 1000 1000 0 5
0.166667 0.153727 0.036861 20 19 100 101 2 1000 1000 0 5
0.166667 0.215230 0.038158 20 30 100 104 2 1000 1000 0 5
0.166667 0.075565 0.028098 20 9 100 96 2 1000 1000 0 5
0.166667 0.138267 0.031415 20 20 100 116 2 1000 1000 0 5
0.166667 0.197640 0.039154 20 22 100 92 2 1000 1000 0 5
0.166667 0.155350 0.034814 20 18 100 109 2 1000 1000 0 5
0.166667 0.153442 0.033589 20 21 100 116 2 1000 1000 0 5
0.166667 0.188848 0.040056 20 22 100 91 2 1000 1000 0 5
0.166667 0.138662 0.033833 20 18 100 103 2 1000 1000 0 5
0.166667 0.170231 0.035604 20 22 100 103 2 1000 1000 0 5
0.166667 0.132674 0.034591 20 18 100 98 2 1000 1000 0 5
0.166667 0.145089 0.036257 20 17 100 94 2 1000 1000 0 5
0.166667 0.178650 0.036949 20 20 100 100 2 1000 1000 0 5
0.166667 0.151210 0.034878 20 21 100 103 2 1000 1000 0 5
0.166667 0.170607 0.035271 20 24 100 107 2 1000 1000 0 5
0.166667 0.105082 0.028794 20 14 100 116 2 1000 1000 0 5
0.166667 0.190596 0.041699 20 17 100 89 2 1000 1000 0 5
0.166667 0.212125 0.039162 20 22 100 101 2 1000 1000 0 5
0.166667 0.180864 0.040244 20 18 100 82 2 1000 1000 0 5
0.166667 0.186093 0.035366 20 25 100 110 2 1000 1000 0 5
0.166667 0.162817 0.036324 20 18 100 99 2 1000 1000 0 5
0.166667 0.160363 0.034130 20 23 100 109 2 1000 1000 0 5
0.166667 0.148294 0.033224 20 20 100 115 2 1000 1000 0 5
0.166667 0.093883 0.028223 20 14 100 112 2 1000 1000 0 5
0.166667 0.190161 0.038529 20 22 100 98 2 1000 1000 0 5
0.166667 0.146109 0.034680 20 20 100 101 2 1000 1000 0 5
0.166667 0.152253 0.033513 20 19 100 112 2 1000 1000 0 5
0.166667 0.137192 0.033545 20 21 100 107 2 1000 1000 0 5
0.166667 0.149784 0.033352 20 19 100 116 2 1000 1000 0 5
0.166667 0.178267 0.037693 20 19 100 94 2 1000 1000 0 5
0.166667 0.171189 0.033792 20 25 100 110 2 1000 1000 0 5
0.166667 0.142450 0.034289 20 19 100 105 2 1000 1000 0 5
0.166667 0.245793 0.039240 20 31 100 97 2 1000 1000 0 5
0.166667 0.171622 0.037637 20 16 100 93 2 1000 1000 0 5
0.166667 0.212897 0.040378 20 20 100 95 2 1000 1000 0 5
0.166667 0.228348 0.041231 20 27 100 90 2 1000 1000 0 5
0.166667 0.155719 0.036279 20 17 100 98 2 1000 1000 0 5
0.166667 0.212872 0.039677 20 21 100 96 2 1000 1000 0 5
0.166667 0.106367 0.031858 20 15 100 99 2 1000 1000 0 5
0.166667 0.155552 0.033794 20 21 100 117 2 1000 1000 0 5
0.166667 0.162323 0.038203 20 16 100 92 2 1000 1000 0 5
0.166667 0.164411 0.037315 20 19 100 96 2 1000 1000 0 5
0.166667 0.180671 0.034048 20 26 100 117 2 1000 1000 0 5
0.166667 0.259170 0.041064 20 31 100 98 2 1000 1000 0 5
0.166667 0.128228 0.035271 20 16 100 89 2 1000 1000 0 5
0.166667 0.181417 0.039664 20 20 100 87 2 1000 1000 0 5
0.166667 0.148422 0.032527 20 21 100 116 2 1000 1000 0 5
0.166667 0.171833 0.037732 20 18 100 102 2 1000 1000 0 5
0.166667 0.165255 0.034742 20 24 100 114 2 1000 1000 0 5
0.166667 0.137248 0.033267 20 21 100 105 2 1000 1000 0 5
0.166667 0.131768 0.032148 20 20 100 114 2 1000 1000 0 5
0.166667 0.197866 0.039789 20 21 100 90 2 1000 1000 0 5
0.166667 0.207984 0.038124 20 23 100 99 2 1000 1000 0 5
0.166667 0.166049 0.037001 20 18 100 96 2 1000 1000 0 5
0.166667 0.176404 0.036153 20 23 100 105 2 1000 1000 0 5
0.166667 0.157900 0.033572 20 21 100 108 2 1000 1000 0 5
0.166667 0.198534 0.039327 20 21 100 96 2 1000 1000 0 5
0.166667 0.165469 0.034515 20 20 100 112 2 1000 1000 0 5
0.166667 0.121487 0.033301 20 14 100 95 2 1000 1000 0 5
0.166667 0.160156 0.031950 20 20 100 127 2 1000 1000 0 5
0.166667 0.209319 0.042526 20 20 100 80 2 1000 1000 0 5
0.166667 0.178241 0.037344 20 22 100 97 2 1000 1000 0 5
0.166667 0.156623 0.036910 20 18 100 93 2 1000 1000 0 5
0.166667 0.202489 0.041098 20 21 100 94 2 1000 1000 0 5
0.166667 0.185824 0.040080 20 17 100 88 2 1000 1000 0 5
0.166667 0.220097 0.041983 20 23 100 83 2 1000 1000 0 5
0.166667 0.159565 0.037215 20 17 100 93 2 1000 1000 0 5
0.166667 0.122397 0.031883 20 15 100 106 2 1000 1000 0 5
0.166667 0.217115 0.042633 20 22 100 85 2 1000 1000 0 5
0.166667 0.116030 0.034559 20 14 100 98 2 1000 1000 0 5
0.166667 0.161472 0.035992 20 22 100 102 2 1000 1000 0 5
0.166667 0.134226 0.033129 20 18 100 109 2 1000 1000 0 5
0.166667 0.192309 0.037719 20 24 100 100 2 1000 1000 0 5
0.166667 0.190059 0.037881 20 21 100 99 2 1000 1000 0 5
0.166667 0.205237 0.038541 20 26 100 95 2 1000 1000 0 5
0.166667 0.155916 0.034093 20 19 100 106 2 1000 1000 0 5
0.166667 0.139075 0.033272 20 19 100 102 2 1000 1000 0 5
0.166667 0.201472 0.040526 20 22 100 93 2 1000 1000 0 5
0.166667 0.202154 0.039460 20 23 100 95 2 1000 1000 0 5
0.166667 0.161848 0.037108 20 21 100 96 2 1000 1000 0 5
0.166667 0.186729 0.035902 20 24 100 106 2 1000 1000 0 5
0.166667 0.180109 0.034043 20 23 100 120 2 1000 1000 0 5
0.166667 0.148793 0.033874 20 18 100 106 2 1000 1000 0 5
0.166667 0.213306 0.037646 20 28 100 103 2 1000 1000 0 5
0.166667 0.146529 0.033558 20 21 100 109 2 1000 1000 0 5
0.166667 0.199231 0.039270 20 20 100 94 2 1000 1000 0 5
0.166667 0.149707 0.033964 20 22 100 112 2 1000 1000 0 5
0.166667 0.154000 0.037961 20 14 100 91 2 1000 1000 0 5
0.166667 0.162672 0.034290 20 22 100 111 2 1000 1000 0 5
0.166667 0.172556 0.039760 20 18 100 86 2 1000 1000 0 5
0.166667 0.161212 0.033968 20 22 100 110 2 1000 1000 0 5
0.166667 0.130883 0.031770 20 20 100 111 2 1000 1000 0 5
0.166667 0.092600 0.028358 20 13 100 111 2 1000 1000 0 5
0.166667 0.196357 0.037124 20 25 100 108 2 1000 1000 0 5
0.166667 0.100148 0.030532 20 10 100 102 2 1000 1000 0 5
0.166667 0.159634 0.036581 20 17 100 102 2 1000 1000 0 5
0.166667 0.193924 0.040134 20 21 100 89 2 1000 1000 0 5
0.166667 0.102828 0.033925 20 10 100 90 2 1000 1000 0 5
0.166667 0.247928 0.038515 20 32 100 105 2 1000 1000 0 5
0.166667 0.204267 0.038107 20 24 100 100 2 1000 1000 0 5
0.166667 0.133510 0.033553 20 15 100 106 2 1000 1000 0 5
0.166667 0.134281 0.034909 20 16 100 105 2 1000 1000 0 5
0.166667 0.157885 0.036054 20 19 100 96 2 1000 1000 0 5
0.166667 0.107391 0.030987 20 14 100 102 2 1000 1000 0 5
0.166667 0.168773 0.037451 20 20 100 92 2 1000 1000 0 5
0.166667 0.162233 0.033521 20 22 100 116 2 1000 1000 0 5
0.166667 0.171827 0.040510 20 17 100 79 2 1000 1000 0 5
0.166667 0.209565 0.040755 20 25 100 89 2 1000 1000 0 5
0.166667 0.139107 0.033611 20 19 100 107 2 1000 1000 0 5
0.166667 0.157258 0.033991 20 20 100 104 2 1000 1000 0 5
0.166667 0.171432 0.034979 20 20 100 111 2 1000 1000 0 5
0.166667 0.161645 0.036212 20 21 100 99 2 1000 1000 0 5
0.166667 0.177391 0.038064 20 18 100 94 2 1000 1000 0 5
0.166667 0.188737 0.037881 20 23 100 93 2 1000 1000 0 5
0.166667 0.168879 0.034903 20 22 100 106 2 1000 1000 0 5
0.166667 0.214173 0.038615 20 24 100 103 2 1000 1000 0 5
0.166667 0.251642 0.042463 20 25 100 94 2 1000 1000 0 5
0.166667 0.160535 0.040082 20 16 100 84 2 1000 1000 0 5
0.166667 0.231230 0.038026 20 29 100 106 2 1000 1000 0 5
0.166667 0.117525 0.033143 20 14 100 106 2 1000 1000 0 5
0.166667 0.172231 0.037291 20 21 100 98 2 1000 1000 0 5
0.166667 0.202383 0.042633 20 19 100 81 2 1000 1000 0 5
0.166667 0.106462 0.032465 20 14 100 99 2 1000 1000 0 5
0.166667 0.209859 0.041326 20 23 100 84 2 1000 1000 0 5
0.166667 0.190733 0.039940 20 21 100 90 2 1000 1000 0 5
0.166667 0.134693 0.032441 20 18 100 104 2 1000 1000 0 5
0.166667 0.167885 0.036259 20 19 100 101 2 1000 1000 0 5
0.166667 0.231145 0.036653 20 32 100 113 2 1000 1000 0 5
0.166667 0.200300 0.036022 20 28 100 111 2 1000 1000 0 5
0.166667 0.110735 0.030417 20 14 100 114 2 1000 1000 0 5
0.166667 0.113515 0.029484 20 15 100 121 2 1000 1000 0 5
0.166667 0.205457 0.037198 20 25 100 107 2 1000 1000 0 5
0.166667 0.221506 0.041791 20 23 100 90 2 1000 1000 0 5
0.166667 0.259207 0.040925 20 29 100 99 2 1000 1000 0 5
0.166667 0.125607 0.033714 20 17 100 100 2 1000 1000 0 5
0.166667 0.090026 0.031634 20 12 100 98 2 1000 1000 0 5
0.166667 0.125275 0.032027 20 16 100 114 2 1000 1000 0 5
0.166667 0.090506 0.028362 20 10 100 117 2 1000 1000 0 5
0.166667 0.151377 0.035588 20 18 100 95 2 1000 1000 0 5
0.166667 0.132429 0.032403 20 17 100 114 2 1000 1000 0 5
0.166667 0.219518 0.041066 20 25 100 86 2 1000 1000 0 5
0.166667 0.151364 0.033820 20 19 100 108 2 1000 1000 0 5
0.166667 0.114781 0.031951 20 15 100 103 2 1000 1000 0 5
0.166667 0.139781 0.034675 20 17 100 105 2 1000 1000 0 5
0.166667 0.152549 0.039019 20 14 100 85 2 1000 1000 0 5
0.166667 0.136487 0.034404 20 20 100 102 2 1000 1000 0 5
0.166667 0.139943 0.033917 20 19 100 99 2 1000 1000 0 5
0.166667 0.189922 0.035877 20 26 100 109 2 1000 1000 0 5
0.166667 0.189496 0.037280 20 24 100 103 2 1000 1000 0 5
0.166667 0.146128 0.034456 20 19 100 107 2 1000 1000 0 5
0.166667 0.225680 0.042296 20 25 100 82 2 1000 1000 0 5
0.166667 0.124103 0.034237 20 13 100 90 2 1000 1000 0 5
0.166667 0.180445 0.037229 20 21 100 101 2 1000 1000 0 5
0.166667 0.116858 0.033576 20 14 100 90 2 1000 1000 0 5
0.166667 0.114115 0.032443 20 16 100 100 2 1000 1000 0 5
0.166667 0.115123 0.032763 20 15 100 99 2 1000 1000 0 5
0.166667 0.196267 0.037735 20 22 100 102 2 1000 1000 0 5
0.166667 0.213176 0.041276 20 21 100 92 2 1000 1000 0 5
0.166667 0.165695 0.034050 20 23 100 115 2 1000 1000 0 5
0.166667 0.175386 0.037655 20 21 100 94 2 1000 1000 0 5
0.166667 0.162905 0.033639 20 23 100 114 2 1000 1000 0 5
0.166667 0.167907 0.040536 20 18 100 81 2 1000 1000 0 5
0.166667 0.204795 0.041308 20 22 100 90 2 1000 1000 0 5
0.166667 0.145909 0.034655 20 17 100 109 2 1000 1000 0 5
0.166667 0.202888 0.040681 20 20 100 86 2 1000 1000 0 5
0.166667 0.188034 0.036834 20 25 100 105 2 1000 1000 0 5
0.166667 0.207801 0.038752 20 25 100 97 2 1000 1000 0 5
0.166667 0.116707 0.033682 20 14 100 96 2 1000 1000 0 5
0.166667 0.194619 0.040630 20 18 100 91 2 1000 1000 0 5
0.166667 0.177385 0.035988 20 24 100 108 2 1000 1000 0 5
0.166667 0.237618 0.037924 20 29 100 107 2 1000 1000 0 5
0.166667 0.124333 0.032966 20 15 100 107 2 1000 1000 0 5
0.166667 0.205800 0.039313 20 26 100 95 2 1000 1000 0 5
0.166667 0.168914 0.037305 20 14 100 99 2 1000 1000 0 5
0.166667 0.167483 0.037660 20 18 100 94 2 1000 1000 0 5
0.166667 0.151046 0.034078 20 18 100 110 2 1000 1000 0 5
0.166667 0.173573 0.037805 20 19 100 97 2 1000 1000 0 5
0.166667 0.135639 0.034891 20 15 100 98 2 1000 1000 0 5
0.166667 0.171248 0.033938 20 25 100 112 2 1000 1000 0 5
0.166667 0.182271 0.034806 20 24 100 112 2 1000 1000 0 5
0.166667 0.240730 0.043532 20 23 100 83 2 1000 1000 0 5
0.166667 0.187784 0.036254 20 26 100 104 2 1000 1000 0 5
0.166667 0.198282 0.038200 20 26 100 96 2 1000 1000 0 5
0.166667 0.106762 0.033514 20 15 100 89 2 1000 1000 0 5
0.166667 0.193376 0.037072 20 26 100 103 2 1000 1000 0 5
0.166667 0.079869 0.027132 20 11 100 112 2 1000 1000 0 5
0.166667 0.140718 0.034185 20 20 100 104 2 1000 1000 0 5
0.166667 0.173219 0.040636 20 18 100 78 2 1000 1000 0 5
0.166667 0.168600 0.039312 20 17 100 87 2 1000 1000 0 5
0.166667 0.124398 0.033741 20 17 100 99 2 1000 1000 0 5
0.166667 0.246954 0.039052 20 32 100 102 2 1000 1000 0 5
0.166667 0.145161 0.033087 20 19 100 112 2 1000 1000 0 5
0.166667 0.228584 0.038151 20 28 100 107 2 1000 1000 0 5
0.166667 0.149225 0.037032 20 17 100 91 2 1000 1000 0 5
0.166667 0.114805 0.030694 20 15 100 108 2 1000 1000 0 5
0.166667 0.151489 0.037492 20 14 100 94 2 1000 1000 0 5
0.166667 0.262552 0.041050 20 29 100 95 2 1000 1000 0 5
0.166667 0.132035 0.032616 20 15 100 108 2 1000 1000 0 5
0.166667 0.178291 0.039547 20 19 100 88 2 1000 1000 0 5
0.166667 0.182412 0.036380 20 24 100 104 2 1000 1000 0 5
0.166667 0.169572 0.037056 20 20 100 99 2 1000 1000 0 5
0.166667 0.209666 0.038666 20 27 100 99 2 1000 1000 0 5
0.166667 0.230862 0.045346 20 22 100 74 2 1000 1000 0 5
0.166667 0.165575 0.034320 20 22 100 114 2 1000 1000 0 5
0.166667 0.236311 0.042629 20 25 100 86 2 1000 1000 0 5
0.166667 0.177794 0.036099 20 23 100 102 2 1000 1000 0 5
0.166667 0.163109 0.036107 20 21 100 104 2 1000 1000 0 5
0.166667 0.141639 0.034460 20 16 100 101 2 1000 1000 0 5
0.166667 0.172222 0.037561 20 20 100 97 2 1000 1000 0 5
0.166667 0.200352 0.037728 20 25 100 99 2 1000 1000 0 5
0.166667 0.145328 0.035897 20 15 100 97 2 1000 1000 0 5
0.166667 0.175016 0.034680 20 23 100 110 2 1000 1000 0 5
0.166667 0.116283 0.033398 20 13 100 96 2 1000 1000 0 5
0.166667 0.142778 0.034374 20 17 100 103 2 1000 1000 0 5
0.166667 0.141153 0.034517 20 18 100 101 2 1000 1000 0 5
0.166667 0.152237 0.035971 20 17 100 105 2 1000 1000 0 5
0.166667 0.159250 0.034461 20 20 100 110 2 1000 1000 0 5
0.166667 0.174043 0.035038 20 24 100 106 2 1000 1000 0 5
0.166667 0.159727 0.034947 20 21 100 107 2 1000 1000 0 5
0.166667 0.192505 0.040216 20 21 100 85 2 1000 1000 0 5
0.166667 0.152281 0.034257 20 20 100 102 2 1000 1000 0 5
0.166667 0.149944 0.034368 20 18 100 113 2 1000 1000 0 5
0.166667 0.183839 0.038127 20 21 100 97 2 1000 1000 0 5
0.166667 0.223094 0.040636 20 28 100 92 2 1000 1000 0 5
0.166667 0.151012 0.035616 20 19 100 97 2 1000 1000 0 5
0.166667 0.155847 0.035568 20 18 100 100 2 1000 1000 0 5
0.166667 0.201450 0.039121 20 24 100 95 2 1000 1000 0 5
0.166667 0.161342 0.032616 20 23 100 126 2 1000 1000 0 5
0.166667 0.173138 0.036190 20 21 100 106 2 1000 1000 0 5
0.166667 0.178877 0.036211 20 25 100 109 2 1000 1000 0 5
0.166667 0.180700 0.038183 20 20 100 93 2 1000 1000 0 5
0.166667 0.148583 0.034639 20 19 100 102 2 1000 1000 0 5
0.166667 0.181362 0.037968 20 21 100 95 2 1000 1000 0 5
0.166667 0.187548 0.036995 20 23 100 104 2 1000 1000 0 5
0.166667 0.128533 0.032663 20 16 100 102 2 1000 1000 0 5
0.166667 0.164267 0.033613 20 21 100 120 2 1000 1000 0 5
0.166667 0.201230 0.040160 20 23 100 93 2 1000 1000 0 5
0.166667 0.136547 0.035773 20 14 100 94 2 1000 1000 0 5
0.166667 0.200412 0.038461 20 19 100 98 2 1000 1000 0 5
0.166667 0.194862 0.039044 20 22 100 89 2 1000 1000 0 5
0.166667 0.217405 0.041321 20 22 100 86 2 1000 1000 0 5
0.166667 0.213172 0.038382 20 28 100 96 2 1000 1000 0 5
0.166667 0.216290 0.037145 20 27 100 105 2 1000 1000 0 5
0.166667 0.283794 0.043419 20 31 100 84 2 1000 1000 0 5
0.166667 0.169864 0.036204 20 20 100 101 2 1000 1000 0 5
0.166667 0.163697 0.034851 20 23 100 109 2 1000 1000 0 5
0.166667 0.149407 0.036923 20 16 100 96 2 1000 1000 0 5
0.166667 0.125433 0.033123 20 17 100 102 2 1000 1000 0 5
0.166667 0.133094 0.033254 20 18 100 102 2 1000 1000 0 5
0.166667 0.203860 0.038692 20 24 100 100 2 1000 1000 0 5
0.166667 0.130605 0.030686 20 17 100 123 2 1000 1000 0 5
0.166667 0.213032 0.038294 20 28 100 103 2 1000 1000 0 5
0.166667 0.095936 0.032145 20 11 100 101 2 1000 1000 0 5
0.166667 0.177645 0.037511 20 22 100 96 2 1000 1000 0 5
0.166667 0.165847 0.035628 20 20 100 106 2 1000 1000 0 5
0.166667 0.156960 0.034060 20 20 100 111 2 1000 1000 0 5
0.166667 0.194437 0.036954 20 24 100 106 2 1000 1000 0 5
0.166667 0.154988 0.034026 20 21 100 111 2 1000 1000 0 5
0.166667 0.201761 0.037795 20 25 100 103 2 1000 1000 0 5
0.166667 0.209390 0.038418 20 27 100 100 2 1000 1000 0 5
0.166667 0.222622 0.039729 20 27 100 96 2 1000 1000 0 5
0.166667 0.176621 0.038449 20 23 100 97 2 1000 1000 0 5
0.166667 0.120425 0.032683 20 13 100 103 2 1000 1000 0 5
0.166667 0.146490 0.035248 20 15 100 97 2 1000 1000 0 5
0.166667 0.234068 0.038356 20 31 100 105 2 1000 1000 0 5
0.166667 0.158548 0.036497 20 18 100 95 2 1000 1000 0 5
0.166667 0.178256 0.039987 20 19 100 85 2 1000 1000 0 5
0.166667 0.147722 0.034932 20 19 100 105 2 1000 1000 0 5
0.166667 0.161724 0.034247 20 23 100 115 2 1000 1000 0 5
0.166667 0.186684 0.038012 20 20 100 94 2 1000 1000 0 5
0.166667 0.189365 0.040328 20 21 100 90 2 1000 1000 0 5
0.166667 0.173225 0.036747 20 19 100 100 2 1000 1000 0 5
0.166667 0.172437 0.036554 20 20 100 102 2 1000 1000 0 5
0.166667 0.155313 0.035384 20 20 100 98 2 1000 1000 0 5
0.166667 0.184274 0.036422 20 22 100 110 2 1000 1000 0 5
0.166667 0.143652 0.033135 20 19 100 110 2 1000 1000 0 5
0.166667 0.209816 0.041639 20 21 100 87 2 1000 1000 0 5
0.166667 0.217845 0.040541 20 24 100 96 2 1000 1000 0 5
0.166667 0.157601 0.037217 20 18 100 98 2 1000 1000 0 5
0.166667 0.179282 0.036741 20 19 100 106 2 1000 1000 0 5
0.166667 0.158596 0.035500 20 20 100 101 2 1000 1000 0 5
0.166667 0.162212 0.034732 20 23 100 110 2 1000 1000 0 5
0.166667 0.162814 0.040246 20 16 100 82 2 1000 1000 0 5
0.166667 0.141852 0.034675 20 18 100 107 2 1000 1000 0 5
0.166667 0.108963 0.029807 20 18 100 114 2 1000 1000 0 5
0.166667 0.086541 0.028386 20 14 100 116 2 1000 1000 0 5
0.166667 0.191660 0.039508 20 21 100 91 2 1000 1000 0 5
0.166667 0.142285 0.033772 20 16 100 109 2 1000 1000 0 5
0.166667 0.223091 0.040933 20 23 100 92 2 1000 1000 0 5
0.166667 0.202287 0.039918 20 23 100 88 2 1000 1000 0 5
0.166667 0.102229 0.031080 20 12 100 104 2 1000 1000 0 5
0.166667 0.256900 0.040719 20 28 100 100 2 1000 1000 0 5
0.166667 0.143533 0.035315 20 17 100 98 2 1000 1000 0 5
0.166667 0.188771 0.035847 20 27 100 107 2 1000 1000 0 5
0.166667 0.194514 0.039751 20 19 100 97 2 1000 1000 0 5
0.166667 0.176267 0.035798 20 21 100 108 2 1000 1000 0 5
0.166667 0.250129 0.041889 20 29 100 91 2 1000 1000 0 5
0.166667 0.193662 0.039205 20 21 100 96 2 1000 1000 0 5
0.166667 0.176464 0.039349 20 18 100 90 2 1000 1000 0 5
0.166667 0.165058 0.036235 20 19 100 102 2 1000 1000 0 5
0.166667 0.163905 0.036988 20 16 100 96 2 1000 1000 0 5
0.166667 0.225028 0.038144 20 29 100 107 2 1000 1000 0 5
0.166667 0.189169 0.037036 20 22 100 105 2 1000 1000 0 5
0.166667 0.140064 0.034413 20 19 100 99 2 1000 1000 0 5
0.166667 0.144911 0.031857 20 22 100 116 2 1000 1000 0 5
0.166667 0.156136 0.036335 20 19 100 95 2 1000 1000 0 5
0.166667 0.200439 0.039797 20 22 100 89 2 1000 1000 0 5
0.166667 0.217090 0.041628 20 23 100 88 2 1000 1000 0 5
0.166667 0.135166 0.033379 20 18 100 102 2 1000 1000 0 5
0.166667 0.167641 0.032101 20 27 100 128 2 1000 1000 0 5
0.166667 0.143313 0.033208 20 19 100 105 2 1000 1000 0 5
0.166667 0.163867 0.039389 20 16 100 92 2 1000 1000 0 5
0.166667 0.201739 0.038885 20 24 100 96 2 1000 1000 0 5
0.166667 0.195657 0.036945 20 22 100 106 2 1000 1000 0 5
0.166667 0.193161 0.040469 20 19 100 87 2 1000 1000 0 5
0.166667 0.198623 0.041519 20 22 100 84 2 1000 1000 0 5
0.166667 0.131611 0.034107 20 18 100 102 2 1000 1000 0 5
0.166667 0.220681 0.041674 20 24 100 89 2 1000 1000 0 5
0.166667 0.234344 0.041686 20 29 100 87 2 1000 1000 0 5
0.166667 0.152652 0.034935 20 19 100 103 2 1000 1000 0 5
0.166667 0.194543 0.040283 20 22 100 86 2 1000 1000 0 5
0.166667 0.187604 0.039763 20 19 100 86 2 1000 1000 0 5
0.166667 0.160370 0.036044 20 21 100 99 2 1000 1000 0 5
0.166667 0.195775 0.038941 20 21 100 95 2 1000 1000 0 5
0.166667 0.186971 0.039186 20 22 100 93 2 1000 1000 0 5
0.166667 0.172578 0.036596 20 21 100 100 2 1000 1000 0 5
0.166667 0.137338 0.039769 20 12 100 80 2 1000 1000 0 5
0.166667 0.108954 0.030715 20 18 100 115 2 1000 1000 0 5
0.166667 0.208408 0.037575 20 29 100 104 2 1000 1000 0 5
0.166667 0.099473 0.031392 20 11 100 97 2 1000 1000 0 5
0.166667 0.202253 0.041261 20 22 100 85 2 1000 1000 0 5
0.166667 0.151829 0.036353 20 16 100 97 2 1000 1000 0 5
0.166667 0.180871 0.041714 20 17 100 81 2 1000 1000 0 5
0.166667 0.169425 0.037174 20 21 100 102 2 1000 1000 0 5
0.166667 0.144821 0.034002 20 20 100 105 2 1000 1000 0 5
0.166667 0.204279 0.043223 20 20 100 80 2 1000 1000 0 5
0.166667 0.136345 0.036071 20 12 100 94 2 1000 1000 0 5
0.166667 0.129135 0.033173 20 17 100 105 2 1000 1000 0 5
0.166667 0.126627 0.032252 20 18 100 103 2 1000 1000 0 5
0.166667 0.138945 0.035116 20 17 100 100 2 1000 1000 0 5
0.166667 0.180650 0.039779 20 21 100 88 2 1000 1000 0 5
0.166667 0.124279 0.030315 20 18 100 123 2 1000 1000 0 5
0.166667 0.161188 0.038778 20 17 100 86 2 1000 1000 0 5
0.166667 0.202280 0.041215 20 20 100 87 2 1000 1000 0 5
0.166667 0.108838 0.030085 20 15 100 114 2 1000 1000 0 5
0.166667 0.142985 0.034279 20 15 100 107 2 1000 1000 0 5
0.166667 0.140347 0.035805 20 16 100 94 2 1000 1000 0 5
0.166667 0.237444 0.047654 20 21 100 66 2 1000 1000 0 5
0.166667 0.096274 0.029579 20 11 100 105 2 1000 1000 0 5
0.166667 0.188302 0.039013 20 18 100 93 2 1000 1000 0 5
0.166667 0.185283 0.040178 20 20 100 87 2 1000 1000 0 5
0.166667 0.224393 0.037914 20 31 100 103 2 1000 1000 0 5
0.166667 0.131496 0.032221 20 16 100 109 2 1000 1000 0 5
0.166667 0.210045 0.036541 20 30 100 111 2 1000 1000 0 5
0.166667 0.160264 0.034540 20 21 100 112 2 1000 1000 0 5
0.166667 0.152646 0.034711 20 19 100 109 2 1000 1000 0 5
0.166667 0.162534 0.036510 20 19 100 100 2 1000 1000 0 5
0.166667 0.192623 0.039773 20 20 100 96 2 1000 1000 0 5
0.166667 0.210558 0.042648 20 20 100 82 2 1000 1000 0 5
0.166667 0.143160 0.033517 20 19 100 114 2 1000 1000 0 5
0.166667 0.132874 0.032902 20 17 100 109 2 1000 1000 0 5
0.166667 0.176002 0.034723 20 22 100 114 2 1000 1000 0 5
0.166667 0.186711 0.037899 20 22 100 97 2 1000 1000 0 5
0.166667 0.095887 0.030470 20 13 100 103 2 1000 1000 0 5
0.166667 0.183717 0.040391 20 19 100 90 2 1000 1000 0 5
0.166667 0.173759 0.040113 20 19 100 86 2 1000 1000 0 5
0.166667 0.167124 0.035573 20 21 100 105 2 1000 1000 0 5
0.166667 0.139704 0.032057 20 21 100 116 2 1000 1000 0 5
0.166667 0.176864 0.037004 20 22 100 100 2 1000 1000 0 5
0.166667 0.189856 0.036889 20 22 100 103 2 1000 1000 0 5
0.166667 0.150244 0.034269 20 18 100 104 2 1000 1000 0 5
0.166667 0.229264 0.040339 20 26 100 94 2 1000 1000 0 5
0.166667 0.181572 0.034961 20 26 100 111 2 1000 1000 0 5
0.166667 0.159759 0.033718 20 21 100 116 2 1000 1000 0 5
0.166667 0.152732 0.033455 20 19 100 110 2 1000 1000 0 5
0.166667 0.141934 0.035353 20 18 100 99 2 1000 1000 0 5
0.166667 0.120183 0.033435 20 13 100 99 2 1000 1000 0 5
0.166667 0.197671 0.039328 20 24 100 87 2 1000 1000 0 5
0.166667 0.138699 0.034937 20 15 100 102 2 1000 1000 0 5
0.166667 0.224170 0.041979 20 24 100 88 2 1000 1000 0 5
0.166667 0.178409 0.038748 20 21 100 91 2 1000 1000 0 5
0.166667 0.162570 0.036796 20 19 100 93 2 1000 1000 0 5
0.166667 0.182734 0.036645 20 22 100 100 2 1000 1000 0 5
0.166667 0.149541 0.038618 20 17 100 87 2 1000 1000 0 5
0.166667 0.217140 0.038458 20 28 100 101 2 1000 1000 0 5
0.166667 0.148120 0.036656 20 17 100 92 2 1000 1000 0 5
0.166667 0.170450 0.036117 20 20 100 102 2 1000 1000 0 5
0.166667 0.155694 0.032698 20 24 100 122 2 1000 1000 0 5
0.166667 0.195995 0.037988 20 23 100 103 2 1000 1000 0 5
0.166667 0.161910 0.035891 20 19 100 103 2 1000 1000 0 5
0.166667 0.192537 0.044162 20 18 100 76 2 1000 1000 0 5
0.166667 0.076238 0.026451 20 12 100 120 2 1000 1000 0 5
0.166667 0.168255 0.037977 20 20 100 95 2 1000 1000 0 5
0.166667 0.127017 0.033085 20 15 100 103 2 1000 1000 0 5
0.166667 0.200263 0.039407 20 19 100 99 2 1000 1000 0 5
0.166667 0.224933 0.038036 20 26 100 108 2 1000 1000 0 5
0.166667 0.156793 0.034230 20 18 100 114 2 1000 1000 0 5
0.166667 0.207928 0.040269 20 22 100 95 2 1000 1000 0 5
0.166667 0.112588 0.032028 20 13 100 106 2 1000 1000 0 5
0.166667 0.230999 0.044063 20 21 100 82 2 1000 1000 0 5
0.166667 0.157685 0.037416 20 20 100 92 2 1000 1000 0 5
0.166667 0.150809 0.034475 20 18 100 111 2 1000 1000 0 5
0.166667 0.117348 0.032699 20 16 100 100 2 1000 1000 0 5
0.166667 0.127620 0.032666 20 15 100 104 2 1000 1000 0 5
0.166667 0.088808 0.030398 20 11 100 96 2 1000 1000 0 5
0.166667 0.161372 0.036133 20 17 100 97 2 1000 1000 0 5
0.166667 0.164615 0.036672 20 17 100 94 2 1000 1000 0 5
0.166667 0.153360 0.034254 20 19 100 104 2 1000 1000 0 5
0.166667 0.142269 0.033199 20 18 100 106 2 1000 1000 0 5
0.166667 0.163606 0.034876 20 21 100 108 2 1000 1000 0 5
0.166667 0.198131 0.040786 20 20 100 85 2 1000 1000 0 5
0.166667 0.096524 0.029616 20 12 100 107 2 1000 1000 0 5
0.166667 0.109371 0.031612 20 15 100 110 2 1000 1000 0 5
0.166667 0.178387 0.039353 20 17 100 93 2 1000 1000 0 5
0.166667 0.172972 0.035611 20 25 100 103 2 1000 1000 0 5
0.166667 0.120076 0.030508 20 19 100 121 2 1000 1000 0 5
0.166667 0.143033 0.037694 20 15 100 85 2 1000 1000 0 5
0.166667 0.234973 0.040675 20 29 100 93 2 1000 1000 0 5
0.166667 0.142399 0.033544 20 21 100 111 2 1000 1000 0 5
0.166667 0.150433 0.035523 20 20 100 103 2 1000 1000 0 5
0.166667 0.163979 0.037407 20 17 100 97 2 1000 1000 0 5
0.166667 0.174368 0.039476 20 18 100 87 2 1000 1000 0 5
0.166667 0.099079 0.028606 20 16 100 120 2 1000 1000 0 5
0.166667 0.157208 0.034235 20 21 100 107 2 1000 1000 0 5
0.166667 0.194344 0.043597 20 15 100 84 2 1000 1000 0 5
0.166667 0.191353 0.040271 20 20 100 92 2 1000 1000 0 5
0.166667 0.175235 0.037835 20 20 100 95 2 1000 1000 0 5
0.166667 0.149462 0.035720 20 15 100 96 2 1000 1000 0 5
0.166667 0.199492 0.039346 20 24 100 88 2 1000 1000 0 5
0.166667 0.167435 0.034778 20 25 100 113 2 1000 1000 0 5
0.166667 0.128942 0.033934 20 18 100 97 2 1000 1000 0 5
0.166667 0.192843 0.037287 20 23 100 100 2 1000 1000 0 5
0.166667 0.151067 0.036476 20 18 100 96 2 1000 1000 0 5
0.166667 0.190294 0.039022 20 22 100 95 2 1000 1000 0 5
0.166667 0.223313 0.038585 20 27 100 102 2 1000 1000 0 5
0.166667 0.187315 0.040473 20 18 100 85 2 1000 1000 0 5
0.166667 0.163541 0.034518 20 20 100 111 2 1000 1000 0 5
0.166667 0.179134 0.038382 20 21 100 92 2 1000 1000 0 5
0.166667 0.108120 0.029382 20 14 100 115 2 1000 1000 0 5
0.166667 0.126394 0.035624 20 15 100 86 2 1000 1000 0 5
0.166667 0.165621 0.039348 20 15 100 92 2 1000 1000 0 5
0.166667 0.161852 0.038330 20 18 100 87 2 1000 1000 0 5
0.166667 0.142893 0.034871 20 18 100 106 2 1000 1000 0 5
0.166667 0.157434 0.034100 20 22 100 108 2 1000 1000 0 5
0.166667 0.182682 0.036322 20 21 100 107 2 1000 1000 0 5
0.166667 0.198859 0.037984 20 26 100 95 2 1000 1000 0 5
0.166667 0.190439 0.038674 20 23 100 94 2 1000 1000 0 5
0.166667 0.202613 0.041872 20 22 100 82 2 1000 1000 0 5
0.166667 0.168226 0.035254 20 19 100 111 2 1000 1000 0 5
0.166667 0.121834 0.034055 20 15 100 94 2 1000 1000 0 5
0.166667 0.168661 0.036527 20 20 100 101 2 1000 1000 0 5
0.166667 0.167792 0.037512 20 21 100 95 2 1000 1000 0 5
0.166667 0.193966 0.035613 20 27 100 113 2 1000 1000 0 5
0.166667 0.154162 0.035604 20 18 100 98 2 1000 1000 0 5
0.166667 0.159172 0.035291 20 17 100 111 2 1000 1000 0 5
0.166667 0.135330 0.033716 20 17 100 97 2 1000 1000 0 5
0.166667 0.116806 0.031092 20 15 100 108 2 1000 1000 0 5
0.166667 0.139822 0.035534 20 16 100 99 2 1000 1000 0 5
0.166667 0.177910 0.038455 20 18 100 96 2 1000 1000 0 5
0.166667 0.229523 0.040061 20 26 100 93 2 1000 1000 0 5
0.166667 0.156150 0.034206 20 19 100 106 2 1000 1000 0 5
0.166667 0.168494 0.040011 20 18 100 84 2 1000 1000 0 5
0.166667 0.222830 0.041298 20 23 100 89 2 1000 1000 0 5
0.166667 0.105271 0.030060 20 13 100 107 2 1000 1000 0 5
0.166667 0.167555 0.037655 20 17 100 96 2 1000 1000 0 5
0.166667 0.196127 0.036189 20 23 100 114 2 1000 1000 0 5
0.166667 0.186458 0.037094 20 23 100 103 2 1000 1000 0 5
0.166667 0.169683 0.041291 20 14 100 89 2 1000 1000 0 5
0.166667 0.108745 0.031454 20 15 100 106 2 1000 1000 0 5
0.166667 0.159315 0.036389 20 20 100 101 2 1000 1000 0 5
0.166667 0.156697 0.035947 20 18 100 106 2 1000 1000 0 5
0.166667 0.158430 0.033760 20 21 100 117 2 1000 1000 0 5
0.166667 0.160982 0.034223 20 19 100 117 2 1000 1000 0 5
0.166667 0.141815 0.034133 20 17 100 102 2 1000 1000 0 5
0.166667 0.118099 0.033855 20 12 100 92 2 1000 1000 0 5
0.166667 0.089998 0.029088 20 10 100 103 2 1000 1000 0 5
0.166667 0.182304 0.036733 20 22 100 98 2 1000 1000 0 5
0.166667 0.208788 0.041524 20 21 100 87 2 1000 1000 0 5
0.166667 0.205663 0.037743 20 29 100 99 2 1000 1000 0 5
0.166667 0.224821 0.041378 20 24 100 85 2 1000 1000 0 5
0.166667 0.185735 0.033572 20 29 100 119 2 1000 1000 0 5
0.166667 0.157059 0.034872 20 24 100 105 2 1000 1000 0 5
0.166667 0.142451 0.036860 20 13 100 92 2 1000 1000 0 5
0.166667 0.140238 0.034701 20 15 100 97 2 1000 1000 0 5
0.166667 0.186970 0.039788 20 22 100 87 2 1000 1000 0 5
0.166667 0.149216 0.032883 20 19 100 114 2 1000 1000 0 5
0.166667 0.119324 0.031832 20 13 100 104 2 1000 1000 0 5
0.166667 0.201724 0.037677 20 27 100 100 2 1000 1000 0 5
0.166667 0.204916 0.042917 20 21 100 78 2 1000 1000 0 5
0.166667 0.140171 0.035348 20 15 100 96 2 1000 1000 0 5
0.166667 0.218575 0.040079 20 25 100 98 2 1000 1000 0 5
0.166667 0.141511 0.032567 20 23 100 114 2 1000 1000 0 5
0.166667 0.115735 0.031347 20 16 100 107 2 1000 1000 0 5
0.166667 0.192285 0.039218 20 20 100 93 2 1000 1000 0 5
0.166667 0.123597 0.032919 20 14 100 103 2 1000 1000 0 5
0.166667 0.206324 0.040928 20 22 100 85 2 1000 1000 0 5
0.166667 0.241655 0.038409 20 32 100 104 2 1000 1000 0 5
0.166667 0.171069 0.037353 20 18 100 95 2 1000 1000 0 5
0.166667 0.122896 0.032894 20 16 100 102 2 1000 1000 0 5
0.166667 0.214533 0.041849 20 24 100 85 2 1000 1000 0 5
0.166667 0.207480 0.038683 20 24 100 99 2 1000 1000 0 5
0.166667 0.125279 0.030183 20 17 100 129 2 1000 1000 0 5
0.166667 0.215252 0.039358 20 22 100 97 2 1000 1000 0 5
0.166667 0.136214 0.035357 20 15 100 95 2 1000 1000 0 5
0.166667 0.196339 0.040737 20 20 100 89 2 1000 1000 0 5
0.166667 0.166623 0.035210 20 20 100 107 2 1000 1000 0 5
0.166667 0.121102 0.030655 20 18 100 119 2 1000 1000 0 5
0.166667 0.130495 0.034791 20 15 100 91 2 1000 1000 0 5
0.166667 0.161792 0.036416 20 21 100 97 2 1000 1000 0 5
0.166667 0.139637 0.035719 20 15 100 104 2 1000 1000 0 5
0.166667 0.135841 0.036128 20 16 100 91 2 1000 1000 0 5
0.166667 0.129884 0.032315 20 19 100 108 2 1000 1000 0 5
0.166667 0.210912 0.036769 20 28 100 111 2 1000 1000 0 5
0.166667 0.182698 0.039956 20 19 100 88 2 1000 1000 0 5
0.166667 0.195728 0.038018 20 23 100 99 2 1000 1000 0 5
0.166667 0.175216 0.039109 20 21 100 90 2 1000 1000 0 5
0.166667 0.179173 0.036632 20 21 100 106 2 1000 1000 0 5
0.166667 0.191197 0.037276 20 24 100 107 2 1000 1000 0 5
0.166667 0.177715 0.038807 20 20 100 92 2 1000 1000 0 5
0.166667 0.150143 0.033620 20 19 100 115 2 1000 1000 0 5
0.166667 0.125270 0.032137 20 18 100 109 2 1000 1000 0 5
0.166667 0.154547 0.034457 20 22 100 104 2 1000 1000 0 5
0.166667 0.137315 0.033749 20 16 100 106 2 1000 1000 0 5
0.166667 0.169592 0.036440 20 20 100 102 2 1000 1000 0 5
0.166667 0.229447 0.041316 20 26 100 88 2 1000 1000 0 5
0.166667 0.133743 0.033452 20 14 100 109 2 1000 1000 0 5
0.166667 0.117060 0.031167 20 17 100 113 2 1000 1000 0 5
0.166667 0.153268 0.034458 20 20 100 104 2 1000 1000 0 5
0.166667 0.151022 0.036462 20 15 100 98 2 1000 1000 0 5
0.166667 0.190328 0.038222 20 21 100 100 2 1000 1000 0 5
0.166667 0.166441 0.038146 20 19 100 88 2 1000 1000 0 5
0.166667 0.178857 0.038387 20 19 100 93 2 1000 1000 0 5
0.166667 0.144717 0.035744 20 16 100 97 2 1000 1000 0 5
0.166667 0.183377 0.038011 20 20 100 98 2 1000 1000 0 5
0.166667 0.189801 0.038421 20 22 100 97 2 1000 1000 0 5
0.166667 0.162216 0.036582 20 19 100 92 2 1000 1000 0 5
0.166667 0.141063 0.032603 20 17 100 120 2 1000 1000 0 5
0.166667 0.165267 0.036790 20 19 100 96 2 1000 1000 0 5
0.166667 0.149464 0.035350 20 19 100 106 2 1000 1000 0 5
0.166667 0.143360 0.035288 20 16 100 101 2 1000 1000 0 5
0.166667 0.132590 0.032849 20 18 100 106 2 1000 1000 0 5
0.166667 0.177576 0.035654 20 25 100 104 2 1000 1000 0 5
0.166667 0.134150 0.036044 20 16 100 94 2 1000 1000 0 5
0.166667 0.260108 0.039694 20 32 100 103 2 1000 1000 0 5
0.166667 0.116337 0.031432 20 17 100 108 2 1000 1000 0 5
0.166667 0.169603 0.036347 20 21 100 97 2 1000 1000 0 5
0.166667 0.142712 0.031264 20 22 100 123 2 1000 1000 0 5
0.166667 0.107885 0.031815 20 15 100 101 2 1000 1000 0 5
0.166667 0.182017 0.042289 20 18 100 79 2 1000 1000 0 5
0.166667 0.162641 0.037057 20 19 100 94 2 1000 1000 0 5
0.166667 0.169577 0.037621 20 18 100 99 2 1000 1000 0 5
0.166667 0.188792 0.040818 20 18 100 90 2 1000 1000 0 5
0.166667 0.104225 0.029983 20 15 100 114 2 1000 1000 0 5
0.166667 0.133649 0.034038 20 17 100 94 2 1000 1000 0 5
0.166667 0.191048 0.040736 20 22 100 91 2 1000 1000 0 5
0.166667 0.213908 0.038938 20 24 100 95 2 1000 1000 0 5
0.166667 0.217155 0.039932 20 27 100 94 2 1000 1000 0 5
0.166667 0.197737 0.036848 20 27 100 104 2 1000 1000 0 5
0.166667 0.142813 0.036901 20 17 100 95 2 1000 1000 0 5
0.166667 0.189917 0.035970 20 27 100 104 2 1000 1000 0 5
0.166667 0.119733 0.033882 20 12 100 91 2 1000 1000 0 5
0.166667 0.167730 0.036032 20 20 100 104 2 1000 1000 0 5
0.166667 0.152906 0.032935 20 21 100 119 2 1000 1000 0 5
0.166667 0.151138 0.034508 20 16 100 107 2 1000 1000 0 5
0.166667 0.196234 0.038938 20 21 100 95 2 1000 1000 0 5
0.166667 0.208659 0.036922 20 29 100 106 2 1000 1000 0 5
0.166667 0.222850 0.043517 20 17 100 89 2 1000 1000 0 5
0.166667 0.168417 0.037456 20 19 100 96 2 1000 1000 0 5
0.166667 0.213622 0.039276 20 26 100 97 2 1000 1000 0 5
0.166667 0.134664 0.034702 20 18 100 95 2 1000 1000 0 5
0.166667 0.191046 0.041860 20 20 100 82 2 1000 1000 0 5
0.166667 0.189115 0.037199 20 26 100 96 2 1000 1000 0 5
0.166667 0.263268 0.046114 20 26 100 76 2 1000 1000 0 5
0.166667 0.199477 0.035377 20 28 100 112 2 1000 1000 0 5
0.166667 0.176231 0.039480 20 19 100 93 2 1000 1000 0 5
0.166667 0.182048 0.036522 20 23 100 106 2 1000 1000 0 5
0.166667 0.157208 0.034185 20 19 100 112 2 1000 1000 0 5
0.166667 0.194096 0.036601 20 27 100 109 2 1000 1000 0 5
0.166667 0.165099 0.036058 20 22 100 104 2 1000 1000 0 5
0.166667 0.159594 0.038477 20 17 100 87 2 1000 1000 0 5
0.166667 0.209724 0.038821 20 25 100 97 2 1000 1000 0 5
0.166667 0.157428 0.034970 20 18 100 109 2 1000 1000 0 5
0.166667 0.118060 0.033031 20 13 100 99 2 1000 1000 0 5
0.166667 0.141584 0.035275 20 17 100 96 2 1000 1000 0 5
0.166667 0.149555 0.037138 20 18 100 90 2 1000 1000 0 5
0.166667 0.215119 0.042808 20 20 100 86 2 1000 1000 0 5
0.166667 0.145311 0.033191 20 18 100 110 2 1000 1000 0 5
0.166667 0.186669 0.036325 20 23 100 111 2 1000 1000 0 5
0.166667 0.119991 0.031008 20 17 100 113 2 1000 1000 0 5
0.166667 0.147954 0.031470 20 24 100 125 2 1000 1000 0 5
0.166667 0.177801 0.037390 20 22 100 98 2 1000 1000 0 5
0.166667 0.205806 0.038219 20 23 100 104 2 1000 1000 0 5
0.166667 0.201723 0.036269 20 28 100 108 2 1000 1000 0 5
0.166667 0.127062 0.030722 20 15 100 115 2 1000 1000 0 5
0.166667 0.160020 0.039094 20 17 100 81 2 1000 1000 0 5
0.166667 0.185400 0.034843 20 24 100 111 2 1000 1000 0 5
0.166667 0.121244 0.034090 20 13 100 97 2 1000 1000 0 5
0.166667 0.132842 0.031600 20 19 100 115 2 1000 1000 0 5
0.166667 0.148053 0.035718 20 15 100 100 2 1000 1000 0 5
0.166667 0.122365 0.029424 20 19 100 130 2 1000 1000 0 5
0.166667 0.156220 0.034496 20 23 100 108 2 1000 1000 0 5
0.166667 0.169093 0.036978 20 20 100 100 2 1000 1000 0 5
0.166667 0.146849 0.034158 20 19 100 99 2 1000 1000 0 5
0.166667 0.127032 0.035825 20 13 100 93 2 1000 1000 0 5
0.166667 0.145209 0.034322 20 18 100 105 2 1000 1000 0 5
0.166667 0.165219 0.036185 20 20 100 101 2 1000 1000 0 5
0.166667 0.097874 0.030133 20 13 100 104 2 1000 1000 0 5
0.166667 0.163981 0.035970 20 19 100 101 2 1000 1000 0 5
0.166667 0.151565 0.033475 20 21 100 115 2 1000 1000 0 5
0.166667 0.156904 0.035800 20 17 100 104 2 1000 1000 0 5
0.166667 0.094414 0.030448 20 12 100 98 2 1000 1000 0 5
0.166667 0.139977 0.033350 20 19 100 105 2 1000 1000 0 5
0.166667 0.176067 0.036963 20 19 100 101 2 1000 1000 0 5
0.166667 0.205280 0.040007 20 21 100 90 2 1000 1000 0 5
0.166667 0.202468 0.039962 20 27 100 94 2 1000 1000 0 5
0.166667 0.195099 0.038769 20 24 100 90 2 1000 1000 0 5
0.166667 0.087269 0.027278 20 13 100 121 2 1000 1000 0 5
0.166667 0.115312 0.028950 20 17 100 126 2 1000 1000 0 5
0.166667 0.201191 0.042677 20 21 100 83 2 1000 1000 0 5
0.166667 0.135902 0.032297 20 19 100 111 2 1000 1000 0 5
0.166667 0.152613 0.035283 20 17 100 100 2 1000 1000 0 5
0.166667 0.158714 0.035577 20 16 100 100 2 1000 1000 0 5
0.166667 0.211074 0.039199 20 24 100 100 2 1000 1000 0 5
0.166667 0.253401 0.037211 20 32 100 114 2 1000 1000 0 5
0.166667 0.158416 0.036659 20 18 100 95 2 1000 1000 0 5
0.166667 0.169823 0.036016 20 22 100 104 2 1000 1000 0 5
0.166667 0.138340 0.033037 20 17 100 106 2 1000 1000 0 5
0.166667 0.250549 0.043326 20 29 100 85 2 1000 1000 0 5
0.166667 0.128484 0.035943 20 15 100 89 2 1000 1000 0 5
0.166667 0.163018 0.034804 20 16 100 108 2 1000 1000 0 5
0.166667 0.161300 0.033866 20 23 100 113 2 1000 1000 0 5
0.166667 0.174203 0.035263 20 23 100 105 2 1000 1000 0 5
0.166667 0.152140 0.033244 20 20 100 115 2 1000 1000 0 5
0.166667 0.154517 0.035179 20 19 100 103 2 1000 1000 0 5
0.166667 0.247419 0.041017 20 29 100 92 2 1000 1000 0 5
0.166667 0.111973 0.030494 20 15 100 114 2 1000 1000 0 5
0.166667 0.175561 0.037123 20 23 100 97 2 1000 1000 0 5
0.166667 0.148005 0.036362 20 19 100 96 2 1000 1000 0 5
0.166667 0.131477 0.033736 20 16 100 98 2 1000 1000 0 5
0.166667 0.209585 0.041412 20 18 100 91 2 1000 1000 0 5
0.166667 0.178710 0.036922 20 21 100 104 2 1000 1000 0 5
0.166667 0.161502 0.035912 20 19 100 99 2 1000 1000 0 5
0.166667 0.161451 0.036801 20 18 100 98 2 1000 1000 0 5
0.166667 0.124536 0.032625 20 18 100 106 2 1000 1000 0 5
0.166667 0.189261 0.037424 20 20 100 102 2 1000 1000 0 5
0.166667 0.210398 0.038027 20 25 100 109 2 1000 1000 0 5
0.166667 0.136386 0.034144 20 14 100 103 2 1000 1000 0 5
0.166667 0.163957 0.037235 20 18 100 94 2 1000 1000 0 5
0.166667 0.168574 0.036257 20 20 100 99 2 1000 1000 0 5
0.166667 0.085348 0.028563 20 12 100 115 2 1000 1000 0 5
0.166667 0.164208 0.037154 20 16 100 103 2 1000 1000 0 5
0.166667 0.168670 0.037659 20 16 100 95 2 1000 1000 0 5
0.166667 0.102790 0.030037 20 14 100 115 2 1000 1000 0 5
0.166667 0.141367 0.034403 20 18 100 109 2 1000 1000 0 5
0.166667 0.197488 0.037807 20 23 100 96 2 1000 1000 0 5
0.166667 0.173259 0.038617 20 21 100 88 2 1000 1000 0 5
0.166667 0.120146 0.030868 20 21 100 114 2 1000 1000 0 5
0.166667 0.164134 0.036754 20 19 100 95 2 1000 1000 0 5
0.166667 0.164149 0.038939 20 16 100 89 2 1000 1000 0 5
0.166667 0.250534 0.043279 20 24 100 87 2 1000 1000 0 5
0.166667 0.187632 0.039831 20 20 100 85 2 1000 1000 0 5
0.166667 0.198392 0.039187 20 22 100 95 2 1000 1000 0 5
0.166667 0.207292 0.036904 20 27 100 104 2 1000 1000 0 5
0.166667 0.211530 0.037541 20 28 100 102 2 1000 1000 0 5
0.166667 0.157828 0.036147 20 17 100 98 2 1000 1000 0 5
0.166667 0.152379 0.035302 20 19 100 105 2 1000 1000 0 5
0.166667 0.172806 0.036863 20 20 100 98 2 1000 1000 0 5
0.166667 0.187943 0.040669 20 19 100 85 2 1000 1000 0 5
0.166667 0.146451 0.038090 20 14 100 93 2 1000 1000 0 5
0.166667 0.144809 0.036466 20 17 100 95 2 1000 1000 0 5
0.166667 0.135469 0.034437 20 16 100 104 2 1000 1000 0 5
0.166667 0.199214 0.038703 20 25 100 94 2 1000 1000 0 5
0.166667 0.193833 0.039004 20 20 100 97 2 1000 1000 0 5
0.166667 0.202963 0.039219 20 27 100 90 2 1000 1000 0 5
0.166667 0.128037 0.033490 20 13 100 111 2 1000 1000 0 5
0.166667 0.112303 0.031719 20 15 100 107 2 1000 1000 0 5
0.166667 0.176895 0.036164 20 21 100 100 2 1000 1000 0 5
0.166667 0.161245 0.035220 20 18 100 107 2 1000 1000 0 5
0.166667 0.114247 0.033360 20 14 100 101 2 1000 1000 0 5
0.166667 0.174557 0.038863 20 17 100 92 2 1000 1000 0 5
0.166667 0.098248 0.031526 20 12 100 97 2 1000 1000 0 5
0.166667 0.212460 0.041344 20 21 100 84 2 1000 1000 0 5
0.166667 0.206948 0.040988 20 22 100 86 2 1000 1000 0 5
0.166667 0.109426 0.029855 20 16 100 113 2 1000 1000 0 5
0.166667 0.144564 0.034436 20 18 100 112 2 1000 1000 0 5
0.166667 0.189559 0.038409 20 20 100 96 2 1000 1000 0 5
0.166667 0.162027 0.035760 20 20 100 97 2 1000 1000 0 5
0.166667 0.177561 0.037181 20 22 100 100 2 1000 1000 0 5
0.166667 0.116486 0.031534 20 15 100 111 2 1000 1000 0 5
0.166667 0.163732 0.036601 20 19 100 97 2 1000 1000 0 5
0.166667 0.196042 0.036255 20 26 100 111 2 1000 1000 0 5
0.166667 0.151238 0.034077 20 21 100 108 2 1000 1000 0 5
0.166667 0.200531 0.039490 20 25 100 91 2 1000 1000 0 5
0.166667 0.103271 0.030433 20 14 100 101 2 1000 1000 0 5
0.166667 0.204108 0.039798 20 23 100 92 2 1000 1000 0 5
0.166667 0.205256 0.038237 20 24 100 103 2 1000 1000 0 5
0.166667 0.149691 0.036742 20 18 100 90 2 1000 1000 0 5
0.166667 0.093036 0.026564 20 15 100 133 2 1000 1000 0 5
0.166667 0.191958 0.040007 20 21 100 89 2 1000 1000 0 5
0.166667 0.144264 0.034839 20 17 100 103 2 1000 1000 0 5
0.166667 0.210015 0.040621 20 23 100 88 2 1000 1000 0 5
0.166667 0.187321 0.035359 20 25 100 113 2 1000 1000 0 5
0.166667 0.157757 0.036692 20 16 100 96 2 1000 1000 0 5
0.166667 0.174994 0.039444 20 19 100 90 2 1000 1000 0 5
0.166667 0.178160 0.035038 20 24 100 107 2 1000 1000 0 5
0.166667 0.142380 0.031463 20 21 100 122 2 1000 1000 0 5
0.166667 0.143590 0.033061 20 20 100 107 2 1000 1000 0 5
0.166667 0.168485 0.035975 20 20 100 102 2 1000 1000 0 5
0.166667 0.105922 0.030772 20 12 100 109 2 1000 1000 0 5
0.166667 0.132680 0.033951 20 15 100 100 2 1000 1000 0 5
0.166667 0.132487 0.032973 20 17 100 102 2 1000 1000 0 5
0.166667 0.136100 0.033984 20 18 100 100 2 1000 1000 0 5
0.166667 0.259255 0.042160 20 29 100 97 2 1000 1000 0 5
0.166667 0.171658 0.036970 20 18 100 99 2 1000 1000 0 5
0.166667 0.160739 0.035400 20 20 100 103 2 1000 1000 0 5
0.166667 0.101207 0.032165 20 12 100 95 2 1000 1000 0 5
0.166667 0.167607 0.036983 20 19 100 98 2 1000 1000 0 5
0.166667 0.177464 0.035422 20 22 100 110 2 1000 1000 0 5
0.166667 0.203654 0.038836 20 25 100 99 2 1000 1000 0 5
0.166667 0.154198 0.034946 20 20 100 101 2 1000 1000 0 5
0.166667 0.185752 0.040484 20 20 100 85 2 1000 1000 0 5
0.166667 0.240915 0.039298 20 30 100 97 2 1000 1000 0 5
0.166667 0.141440 0.035277 20 15 100 97 2 1000 1000 0 5
0.166667 0.154962 0.036641 20 18 100 92 2 1000 1000 0 5
0.166667 0.142800 0.038588 20 16 100 87 2 1000 1000 0 5
0.166667 0.126225 0.034083 20 16 100 97 2 1000 1000 0 5
0.166667 0.113321 0.034408 20 12 100 87 2 1000 1000 0 5
0.166667 0.148610 0.033753 20 21 100 108 2 1000 1000 0 5
0.166667 0.225133 0.037370 20 31 100 108 2 1000 1000 0 5
0.166667 0.152160 0.035822 20 20 100 100 2 1000 1000 0 5
0.166667 0.207686 0.035196 20 28 100 117 2 1000 1000 0 5
0.166667 0.173999 0.038425 20 19 100 90 2 1000 1000 0 5
0.166667 0.192792 0.037496 20 24 100 104 2 1000 1000 0 5
0.166667 0.201450 0.040435 20 24 100 87 2 1000 1000 0 5
0.166667 0.241446 0.043086 20 25 100 82 2 1000 1000 0 5
0.166667 0.119466 0.033853 20 16 100 93 2 1000 1000 0 5
0.166667 0.119392 0.030162 20 19 100 122 2 1000 1000 0 5
0.166667 0.156581 0.034854 20 21 100 104 2 1000 1000 0 5
0.166667 0.183898 0.038652 20 22 100 101 2 1000 1000 0 5
0.166667 0.201708 0.042004 20 19 100 86 2 1000 1000 0 5
0.166667 0.171806 0.036974 20 20 100 95 2 1000 1000 0 5
0.166667 0.153179 0.034734 20 20 100 112 2 1000 1000 0 5
0.166667 0.181291 0.040288 20 18 100 87 2 1000 1000 0 5
0.166667 0.160111 0.034605 20 21 100 112 2 1000 1000 0 5
0.166667 0.220594 0.040423 20 27 100 95 2 1000 1000 0 5
0.166667 0.198245 0.039689 20 22 100 93 2 1000 1000 0 5
0.166667 0.142951 0.035241 20 16 100 93 2 1000 1000 0 5
0.166667 0.102835 0.030288 20 12 100 113 2 1000 1000 0 5
0.166667 0.165520 0.034824 20 20 100 109 2 1000 1000 0 5
0.166667 0.143377 0.032886 20 20 100 111 2 1000 1000 0 5
0.166667 0.117679 0.032027 20 15 100 106 2 1000 1000 0 5
0.166667 0.101680 0.029802 20 14 100 116 2 1000 1000 0 5
0.166667 0.179458 0.039554 20 18 100 92 2 1000 1000 0 5
0.166667 0.173585 0.037070 20 21 100 98 2 1000 1000 0 5
0.166667 0.158369 0.033928 20 21 100 116 2 1000 1000 0 5
0.166667 0.207560 0.040951 20 25 100 87 2 1000 1000 0 5
0.166667 0.177566 0.035396 20 24 100 114 2 1000 1000 0 5
0.166667 0.209281 0.037182 20 30 100 104 2 1000 1000 0 5
0.166667 0.176362 0.037333 20 19 100 97 2 1000 1000 0 5
0.166667 0.182775 0.036721 20 23 100 104 2 1000 1000 0 5
0.166667 0.111742 0.034413 20 12 100 90 2 1000 1000 0 5
0.166667 0.087361 0.026856 20 15 100 121 2 1000 1000 0 5
0.166667 0.159259 0.035708 20 20 100 99 2 1000 1000 0 5
0.166667 0.156435 0.034692 20 21 100 106 2 1000 1000 0 5
0.166667 0.202954 0.039165 20 24 100 92 2 1000 1000 0 5
0.166667 0.155312 0.034885 20 18 100 101 2 1000 1000 0 5
0.166667 0.211370 0.039165 20 25 100 94 2 1000 1000 0 5
0.166667 0.228984 0.042385 20 25 100 88 2 1000 1000 0 5
0.166667 0.160489 0.036034 20 20 100 100 2 1000 1000 0 5
0.166667 0.100642 0.030816 20 14 100 107 2 1000 1000 0 5
0.166667 0.206196 0.043369 20 20 100 78 2 1000 1000 0 5
0.166667 0.187334 0.043075 20 17 100 77 2 1000 1000 0 5
0.166667 0.164832 0.041371 20 16 100 80 2 1000 1000 0 5
0.166667 0.253032 0.039449 20 34 100 101 2 1000 1000 0 5
0.166667 0.152064 0.034394 20 17 100 106 2 1000 1000 0 5
0.166667 0.182260 0.039098 20 18 100 93 2 1000 1000 0 5
0.166667 0.170364 0.035839 20 23 100 103 2 1000 1000 0 5
0.166667 0.179883 0.035822 20 25 100 102 2 1000 1000 0 5
0.166667 0.173011 0.033545 20 27 100 117 2 1000 1000 0 5
0.166667 0.163705 0.037171 20 19 100 92 2 1000 1000 0 5
0.166667 0.164505 0.039350 20 14 100 85 2 1000 1000 0 5
0.166667 0.216806 0.039540 20 24 100 95 2 1000 1000 0 5
0.166667 0.142979 0.036708 20 15 100 92 2 1000 1000 0 5
0.166667 0.192077 0.034947 20 27 100 114 2 1000 1000 0 5
0.166667 0.190452 0.039670 20 22 100 89 2 1000 1000 0 5
0.166667 0.168043 0.035615 20 21 100 107 2 1000 1000 0 5
0.166667 0.158529 0.039358 20 16 100 87 2 1000 1000 0 5
0.166667 0.106639 0.031821 20 15 100 99 2 1000 1000 0 5
0.166667 0.180289 0.037083 20 21 100 98 2 1000 1000 0 5
0.166667 0.202852 0.042367 20 19 100 79 2 1000 1000 0 5
0.166667 0.167421 0.038319 20 19 100 93 2 1000 1000 0 5
0.166667 0.183445 0.038635 20 20 100 95 2 1000 1000 0 5
0.166667 0.176463 0.037467 20 21 100 94 2 1000 1000 0 5
0.166667 0.217368 0.041464 20 21 100 92 2 1000 1000 0 5
