0.166667 0.182230 0.014941 200 199 1000 1002 1 1000 1000 0 10
0.166667 0.203596 0.014916 200 216 1000 1015 1 1000 1000 0 10
0.166667 0.179500 0.015574 200 204 1000 965 1 1000 1000 0 10
0.166667 0.201134 0.015608 200 218 1000 989 1 1000 1000 0 10
0.166667 0.181628 0.014966 200 203 1000 1029 1 1000 1000 0 10
0.166667 0.183611 0.015281 200 178 1000 939 1 1000 1000 0 10
0.166667 0.187146 0.015397 200 201 1000 966 1 1000 1000 0 10
0.166667 0.147718 0.014508 200 203 1000 1026 1 1000 1000 0 10
0.166667 0.187752 0.014340 200 221 1000 1066 1 1000 1000 0 10
0.166667 0.175159 0.014936 200 201 1000 984 1 1000 1000 0 10
0.166667 0.201094 0.014676 200 233 1000 1027 1 1000 1000 0 10
0.166667 0.207202 0.014965 200 223 1000 1006 1 1000 1000 0 10
0.166667 0.176256 0.014956 200 207 1000 1018 1 1000 1000 0 10
0.166667 0.176689 0.015013 200 214 1000 994 1 1000 1000 0 10
0.166667 0.205958 0.014705 200 212 1000 1022 1 1000 1000 0 10
0.166667 0.150828 0.014794 200 190 1000 1033 1 1000 1000 0 10
0.166667 0.173574 0.014952 200 200 1000 1015 1 1000 1000 0 10
0.166667 0.175510 0.015217 200 193 1000 993 1 1000 1000 0 10
0.166667 0.146242 0.014360 200 197 1000 1031 1 1000 1000 0 10
0.166667 0.179832 0.015084 200 193 1000 975 1 1000 1000 0 10
0.166667 0.165066 0.015382 200 181 1000 981 1 1000 1000 0 10
0.166667 0.197815 0.015063 200 197 1000 987 1 1000 1000 0 10
0.166667 0.168763 0.014347 200 201 1000 1039 1 1000 1000 0 10
0.166667 0.186488 0.015707 200 184 1000 959 1 1000 1000 0 10
0.166667 0.187428 0.014985 200 197 1000 969 1 1000 1000 0 10
0.166667 0.176314 0.014804 200 228 1000 1033 1 1000 1000 0 10
0.166667 0.180342 0.014344 200 181 1000 1048 1 1000 1000 0 10
0.166667 0.197037 0.015698 200 224 1000 975 1 1000 1000 0 10
0.166667 0.153193 0.014582 200 162 1000 1035 1 1000 1000 0 10
0.166667 0.160799 0.014672 200 183 1000 975 1 1000 1000 0 10
0.166667 0.183811 0.015414 200 189 1000 983 1 1000 1000 0 10
0.166667 0.191612 0.015053 200 203 1000 994 1 1000 1000 0 10
0.166667 0.155731 0.014857 200 196 1000 1033 1 1000 1000 0 10
0.166667 0.161101 0.014789 200 185 1000 1006 1 1000 1000 0 10
0.166667 0.198433 0.015002 200 205 1000 1002 1 1000 1000 0 10
0.166667 0.145610 0.014745 200 183 1000 991 1 1000 1000 0 10
0.166667 0.189483 0.015126 200 215 1000 1002 1 1000 1000 0 10
0.166667 0.155409 0.014488 200 194 1000 1034 1 1000 1000 0 10
0.166667 0.177437 0.014751 200 205 1000 1015 1 1000 1000 0 10
0.166667 0.161216 0.014932 200 208 1000 1005 1 1000 1000 0 10
0.166667 0.184133 0.015111 200 199 1000 981 1 1000 1000 0 10
0.166667 0.192945 0.014990 200 201 1000 965 1 1000 1000 0 10
0.166667 0.162731 0.014277 200 175 1000 1032 1 1000 1000 0 10
0.166667 0.174271 0.014723 200 195 1000 987 1 1000 1000 0 10
0.166667 0.152897 0.014896 200 196 1000 991 1 1000 1000 0 10
0.166667 0.180026 0.014681 200 193 1000 1017 1 1000 1000 0 10
0.166667 0.167704 0.014854 200 183 1000 945 1 1000 1000 0 10
0.166667 0.164213 0.014716 200 201 1000 977 1 1000 1000 0 10
0.166667 0.183001 0.015294 200 196 1000 942 1 1000 1000 0 10
0.166667 0.172505 0.014424 200 193 1000 1032 1 1000 1000 0 10
0.166667 0.198279 0.015393 200 221 1000 988 1 1000 1000 0 10
0.166667 0.158342 0.015037 200 198 1000 1003 1 1000 1000 0 10
0.166667 0.159458 0.014592 200 210 1000 1035 1 1000 1000 0 10
0.166667 0.166521 0.014489 200 197 1000 1065 1 1000 1000 0 10
0.166667 0.145587 0.015274 200 183 1000 992 1 1000 1000 0 10
0.166667 0.197517 0.015147 200 201 1000 976 1 1000 1000 0 10
0.166667 0.206500 0.015352 200 211 1000 990 1 1000 1000 0 10
0.166667 0.166815 0.015256 200 183 1000 917 1 1000 1000 0 10
0.166667 0.169048 0.015135 200 191 1000 951 1 1000 1000 0 10
0.166667 0.171428 0.015184 200 200 1000 937 1 1000 1000 0 10
0.166667 0.184145 0.015070 200 214 1000 1027 1 1000 1000 0 10
0.166667 0.187196 0.014972 200 225 1000 1034 1 1000 1000 0 10
0.166667 0.126826 0.014382 200 184 1000 1005 1 1000 1000 0 10
0.166667 0.151837 0.015019 200 183 1000 1024 1 1000 1000 0 10
0.166667 0.169118 0.015415 200 186 1000 946 1 1000 1000 0 10
0.166667 0.177295 0.015094 200 204 1000 988 1 1000 1000 0 10
0.166667 0.156890 0.014315 200 199 1000 1018 1 1000 1000 0 10
0.166667 0.179467 0.014707 200 203 1000 1024 1 1000 1000 0 10
0.166667 0.181996 0.015117 200 217 1000 1012 1 1000 1000 0 10
0.166667 0.144230 0.015074 200 203 1000 1020 1 1000 1000 0 10
0.166667 0.170421 0.014194 200 203 1000 1049 1 1000 1000 0 10
0.166667 0.180184 0.015039 200 220 1000 993 1 1000 1000 0 10
0.166667 0.154480 0.014438 200 183 1000 999 1 1000 1000 0 10
0.166667 0.159876 0.013991 200 197 1000 1059 1 1000 1000 0 10
0.166667 0.183207 0.015144 200 228 1000 1015 1 1000 1000 0 10
0.166667 0.164701 0.014875 200 201 1000 1038 1 1000 1000 0 10
0.166667 0.133320 0.014848 200 181 1000 995 1 1000 1000 0 10
0.166667 0.217722 0.015073 200 219 1000 998 1 1000 1000 0 10
0.166667 0.205837 0.015603 200 217 1000 954 1 1000 1000 0 10
0.166667 0.162567 0.014978 200 192 1000 967 1 1000 1000 0 10
0.166667 0.175495 0.014639 200 200 1000 1012 1 1000 1000 0 10
0.166667 0.187390 0.015701 200 187 1000 991 1 1000 1000 0 10
0.166667 0.170619 0.014486 200 181 1000 989 1 1000 1000 0 10
0.166667 0.189085 0.015467 200 211 1000 966 1 1000 1000 0 10
0.166667 0.171685 0.015571 200 211 1000 974 1 1000 1000 0 10
0.166667 0.177108 0.014647 200 200 1000 998 1 1000 1000 0 10
0.166667 0.164509 0.015235 200 177 1000 970 1 1000 1000 0 10
0.166667 0.158162 0.014733 200 185 1000 1019 1 1000 1000 0 10
0.166667 0.196529 0.014602 200 211 1000 1005 1 1000 1000 0 10
0.166667 0.185344 0.014892 200 197 1000 1016 1 1000 1000 0 10
0.166667 0.196313 0.015511 200 213 1000 972 1 1000 1000 0 10
0.166667 0.170995 0.015233 200 217 1000 965 1 1000 1000 0 10
0.166667 0.159707 0.014797 200 202 1000 1013 1 1000 1000 0 10
0.166667 0.169820 0.014667 200 194 1000 1020 1 1000 1000 0 10
0.166667 0.168782 0.014577 200 195 1000 1034 1 1000 1000 0 10
0.166667 0.194998 0.016102 200 210 1000 913 1 1000 1000 0 10
0.166667 0.172537 0.014636 200 192 1000 1034 1 1000 1000 0 10
0.166667 0.203750 0.015145 200 224 1000 999 1 1000 1000 0 10
0.166667 0.171559 0.015250 200 202 1000 1004 1 1000 1000 0 10
0.166667 0.175535 0.015453 200 207 1000 967 1 1000 1000 0 10
0.166667 0.176188 0.014230 200 218 1000 1053 1 1000 1000 0 10
0.166667 0.183914 0.014697 200 176 1000 1038 1 1000 1000 0 10
0.166667 0.191550 0.015773 200 215 1000 953 1 1000 1000 0 10
0.166667 0.167973 0.014938 200 200 1000 994 1 1000 1000 0 10
0.166667 0.155369 0.014636 200 189 1000 1014 1 1000 1000 0 10
0.166667 0.200148 0.014903 200 203 1000 1000 1 1000 1000 0 10
0.166667 0.148985 0.014582 200 207 1000 1017 1 1000 1000 0 10
0.166667 0.179328 0.014590 200 200 1000 1021 1 1000 1000 0 10
0.166667 0.135313 0.014319 200 179 1000 1034 1 1000 1000 0 10
0.166667 0.209222 0.015282 200 213 1000 1015 1 1000 1000 0 10
0.166667 0.174223 0.014858 200 191 1000 999 1 1000 1000 0 10
0.166667 0.191263 0.015140 200 217 1000 1036 1 1000 1000 0 10
0.166667 0.204778 0.015607 200 204 1000 940 1 1000 1000 0 10
0.166667 0.183472 0.015237 200 214 1000 958 1 1000 1000 0 10
0.166667 0.158245 0.014140 200 199 1000 997 1 1000 1000 0 10
0.166667 0.170446 0.014467 200 184 1000 1019 1 1000 1000 0 10
0.166667 0.171302 0.015160 200 206 1000 1020 1 1000 1000 0 10
0.166667 0.197971 0.015519 200 214 1000 969 1 1000 1000 0 10
0.166667 0.174399 0.015050 200 195 1000 970 1 1000 1000 0 10
0.166667 0.160477 0.014523 200 201 1000 1020 1 1000 1000 0 10
0.166667 0.190658 0.014989 200 201 1000 1019 1 1000 1000 0 10
0.166667 0.183984 0.015025 200 191 1000 1012 1 1000 1000 0 10
0.166667 0.196535 0.014780 200 212 1000 1014 1 1000 1000 0 10
0.166667 0.189978 0.015415 200 200 1000 1006 1 1000 1000 0 10
0.166667 0.200727 0.014796 200 205 1000 1013 1 1000 1000 0 10
0.166667 0.166491 0.014374 200 187 1000 1005 1 1000 1000 0 10
0.166667 0.155926 0.014737 200 191 1000 1023 1 1000 1000 0 10
0.166667 0.130541 0.014561 200 178 1000 1056 1 1000 1000 0 10
0.166667 0.180687 0.014619 200 207 1000 1041 1 1000 1000 0 10
0.166667 0.148794 0.014896 200 183 1000 985 1 1000 1000 0 10
0.166667 0.193978 0.015296 200 205 1000 941 1 1000 1000 0 10
0.166667 0.155489 0.015118 200 188 1000 1007 1 1000 1000 0 10
0.166667 0.191170 0.014999 200 187 1000 966 1 1000 1000 0 10
0.166667 0.186884 0.015270 200 188 1000 964 1 1000 1000 0 10
0.166667 0.140566 0.015346 200 174 1000 993 1 1000 1000 0 10
0.166667 0.180217 0.014193 200 220 1000 1069 1 1000 1000 0 10
0.166667 0.186739 0.015795 200 199 1000 922 1 1000 1000 0 10
0.166667 0.177880 0.015163 200 219 1000 978 1 1000 1000 0 10
0.166667 0.194166 0.015512 200 225 1000 982 1 1000 1000 0 10
0.166667 0.171901 0.015086 200 211 1000 984 1 1000 1000 0 10
0.166667 0.178178 0.014875 200 208 1000 1010 1 1000 1000 0 10
0.166667 0.166198 0.014728 200 215 1000 1027 1 1000 1000 0 10
0.166667 0.160212 0.015594 200 190 1000 962 1 1000 1000 0 10
0.166667 0.172168 0.014779 200 184 1000 993 1 1000 1000 0 10
0.166667 0.173000 0.014835 200 213 1000 1014 1 1000 1000 0 10
0.166667 0.162161 0.014816 200 182 1000 1026 1 1000 1000 0 10
0.166667 0.181384 0.015231 200 184 1000 973 1 1000 1000 0 10
0.166667 0.162987 0.015009 200 206 1000 947 1 1000 1000 0 10
0.166667 0.188316 0.014731 200 205 1000 1010 1 1000 1000 0 10
0.166667 0.148314 0.014896 200 199 1000 1006 1 1000 1000 0 10
0.166667 0.157781 0.014600 200 183 1000 1009 1 1000 1000 0 10
0.166667 0.159497 0.014471 200 194 1000 1029 1 1000 1000 0 10
0.166667 0.183914 0.015585 200 195 1000 951 1 1000 1000 0 10
0.166667 0.169884 0.014993 200 187 1000 962 1 1000 1000 0 10
0.166667 0.176859 0.015210 200 199 1000 1024 1 1000 1000 0 10
0.166667 0.164968 0.015293 200 206 1000 996 1 1000 1000 0 10
0.166667 0.156102 0.015906 200 211 1000 978 1 1000 1000 0 10
0.166667 0.188398 0.015255 200 223 1000 995 1 1000 1000 0 10
0.166667 0.185432 0.014633 200 220 1000 1027 1 1000 1000 0 10
0.166667 0.189820 0.015260 200 198 1000 1003 1 1000 1000 0 10
0.166667 0.195541 0.014746 200 203 1000 982 1 1000 1000 0 10
0.166667 0.175300 0.014873 200 199 1000 1022 1 1000 1000 0 10
0.166667 0.142462 0.014780 200 185 1000 983 1 1000 1000 0 10
0.166667 0.212129 0.015181 200 198 1000 951 1 1000 1000 0 10
0.166667 0.174909 0.015440 200 195 1000 999 1 1000 1000 0 10
0.166667 0.169530 0.015054 200 195 1000 1023 1 1000 1000 0 10
0.166667 0.179280 0.015126 200 196 1000 1011 1 1000 1000 0 10
0.166667 0.187549 0.015629 200 210 1000 980 1 1000 1000 0 10
0.166667 0.166269 0.015513 200 206 1000 943 1 1000 1000 0 10
0.166667 0.188085 0.015108 200 219 1000 978 1 1000 1000 0 10
0.166667 0.197122 0.015109 200 214 1000 967 1 1000 1000 0 10
0.166667 0.177962 0.015023 200 185 1000 946 1 1000 1000 0 10
0.166667 0.176228 0.015799 200 196 1000 1008 1 1000 1000 0 10
0.166667 0.157201 0.014150 200 184 1000 1005 1 1000 1000 0 10
0.166667 0.196546 0.014795 200 205 1000 1005 1 1000 1000 0 10
0.166667 0.162311 0.015363 200 198 1000 977 1 1000 1000 0 10
0.166667 0.160952 0.014883 200 197 1000 1027 1 1000 1000 0 10
0.166667 0.149451 0.015279 200 214 1000 980 1 1000 1000 0 10
0.166667 0.207080 0.015298 200 233 1000 992 1 1000 1000 0 10
0.166667 0.176873 0.014862 200 199 1000 979 1 1000 1000 0 10
0.166667 0.169846 0.016268 200 199 1000 907 1 1000 1000 0 10
0.166667 0.174649 0.015303 200 194 1000 1020 1 1000 1000 0 10
0.166667 0.184194 0.015538 200 196 1000 970 1 1000 1000 0 10
0.166667 0.166468 0.014860 200 199 1000 990 1 1000 1000 0 10
0.166667 0.179601 0.015288 200 194 1000 993 1 1000 1000 0 10
0.166667 0.165946 0.014575 200 205 1000 1033 1 1000 1000 0 10
0.166667 0.168746 0.014392 200 196 1000 1060 1 1000 1000 0 10
0.166667 0.170050 0.014474 200 199 1000 1010 1 1000 1000 0 10
0.166667 0.167208 0.014462 200 213 1000 1011 1 1000 1000 0 10
0.166667 0.183037 0.015135 200 187 1000 942 1 1000 1000 0 10
0.166667 0.148677 0.014329 200 205 1000 1092 1 1000 1000 0 10
0.166667 0.144302 0.013742 200 177 1000 1085 1 1000 1000 0 10
0.166667 0.180278 0.014971 200 248 1000 1003 1 1000 1000 0 10
0.166667 0.177143 0.015054 200 199 1000 1024 1 1000 1000 0 10
0.166667 0.175207 0.014934 200 211 1000 1001 1 1000 1000 0 10
0.166667 0.158076 0.014676 200 191 1000 1022 1 1000 1000 0 10
0.166667 0.185785 0.014987 200 193 1000 954 1 1000 1000 0 10
0.166667 0.173057 0.014769 200 198 1000 1008 1 1000 1000 0 10
0.166667 0.158105 0.014599 200 187 1000 1042 1 1000 1000 0 10
0.166667 0.165969 0.015175 200 208 1000 1021 1 1000 1000 0 10
0.166667 0.174488 0.015103 200 203 1000 995 1 1000 1000 0 10
0.166667 0.185667 0.014473 200 204 1000 1026 1 1000 1000 0 10
0.166667 0.165288 0.014925 200 196 1000 1021 1 1000 1000 0 10
0.166667 0.201600 0.015256 200 229 1000 979 1 1000 1000 0 10
0.166667 0.159723 0.014582 200 215 1000 1059 1 1000 1000 0 10
0.166667 0.190524 0.014775 200 232 1000 1043 1 1000 1000 0 10
0.166667 0.157966 0.014589 200 210 1000 1047 1 1000 1000 0 10
0.166667 0.202020 0.015404 200 223 1000 928 1 1000 1000 0 10
0.166667 0.169024 0.014716 200 207 1000 1047 1 1000 1000 0 10
0.166667 0.116907 0.014537 200 174 1000 1028 1 1000 1000 0 10
0.166667 0.226967 0.015073 200 218 1000 1006 1 1000 1000 0 10
0.166667 0.167988 0.015129 200 186 1000 991 1 1000 1000 0 10
0.166667 0.171102 0.014089 200 212 1000 1039 1 1000 1000 0 10
0.166667 0.193679 0.014573 200 202 1000 1031 1 1000 1000 0 10
0.166667 0.159041 0.015013 200 190 1000 979 1 1000 1000 0 10
0.166667 0.183169 0.014922 200 203 1000 992 1 1000 1000 0 10
0.166667 0.174666 0.014104 200 214 1000 1029 1 1000 1000 0 10
0.166667 0.194075 0.014934 200 196 1000 963 1 1000 1000 0 10
0.166667 0.157928 0.014426 200 210 1000 1026 1 1000 1000 0 10
0.166667 0.172028 0.014638 200 180 1000 994 1 1000 1000 0 10
0.166667 0.201319 0.015160 200 212 1000 1002 1 1000 1000 0 10
0.166667 0.132275 0.014487 200 183 1000 1036 1 1000 1000 0 10
0.166667 0.184916 0.015448 200 202 1000 945 1 1000 1000 0 10
0.166667 0.152943 0.014731 200 192 1000 991 1 1000 1000 0 10
0.166667 0.167971 0.014581 200 205 1000 1025 1 1000 1000 0 10
0.166667 0.200686 0.014997 200 198 1000 1018 1 1000 1000 0 10
0.166667 0.149677 0.015288 200 188 1000 960 1 1000 1000 0 10
0.166667 0.201559 0.015057 200 197 1000 1007 1 1000 1000 0 10
0.166667 0.178957 0.014939 200 201 1000 1023 1 1000 1000 0 10
0.166667 0.164345 0.014514 200 188 1000 1009 1 1000 1000 0 10
0.166667 0.171328 0.015039 200 203 1000 1000 1 1000 1000 0 10
0.166667 0.180627 0.014981 200 202 1000 976 1 1000 1000 0 10
0.166667 0.165132 0.015216 200 180 1000 981 1 1000 1000 0 10
0.166667 0.180469 0.014851 200 225 1000 1022 1 1000 1000 0 10
0.166667 0.174829 0.015445 200 186 1000 949 1 1000 1000 0 10
0.166667 0.201930 0.015602 200 215 1000 998 1 1000 1000 0 10
0.166667 0.146987 0.015134 200 188 1000 979 1 1000 1000 0 10
0.166667 0.186761 0.014537 200 208 1000 1023 1 1000 1000 0 10
0.166667 0.166360 0.015095 200 206 1000 972 1 1000 1000 0 10
0.166667 0.155185 0.014336 200 166 1000 1037 1 1000 1000 0 10
0.166667 0.170174 0.015932 200 208 1000 966 1 1000 1000 0 10
0.166667 0.177374 0.015471 200 230 1000 992 1 1000 1000 0 10
0.166667 0.148779 0.014336 200 201 1000 1048 1 1000 1000 0 10
0.166667 0.184634 0.014839 200 195 1000 1016 1 1000 1000 0 10
0.166667 0.187301 0.015434 200 184 1000 945 1 1000 1000 0 10
0.166667 0.151393 0.014033 200 179 1000 1041 1 1000 1000 0 10
0.166667 0.189078 0.014694 200 214 1000 1030 1 1000 1000 0 10
0.166667 0.159968 0.014384 200 187 1000 1042 1 1000 1000 0 10
0.166667 0.177539 0.015019 200 193 1000 992 1 1000 1000 0 10
0.166667 0.177314 0.014966 200 202 1000 1010 1 1000 1000 0 10
0.166667 0.145673 0.014506 200 183 1000 1026 1 1000 1000 0 10
0.166667 0.191713 0.015164 200 190 1000 1038 1 1000 1000 0 10
0.166667 0.156064 0.015210 200 188 1000 997 1 1000 1000 0 10
0.166667 0.162397 0.014352 200 194 1000 1019 1 1000 1000 0 10
0.166667 0.162997 0.014827 200 187 1000 1019 1 1000 1000 0 10
0.166667 0.172112 0.014953 200 183 1000 966 1 1000 1000 0 10
0.166667 0.199936 0.015023 200 219 1000 1029 1 1000 1000 0 10
0.166667 0.153126 0.014595 200 172 1000 995 1 1000 1000 0 10
0.166667 0.162644 0.014503 200 186 1000 1057 1 1000 1000 0 10
0.166667 0.149165 0.014763 200 200 1000 1041 1 1000 1000 0 10
0.166667 0.164640 0.014818 200 195 1000 1004 1 1000 1000 0 10
0.166667 0.181845 0.015152 200 198 1000 993 1 1000 1000 0 10
0.166667 0.147015 0.014465 200 213 1000 1046 1 1000 1000 0 10
0.166667 0.177430 0.015679 200 203 1000 969 1 1000 1000 0 10
0.166667 0.194323 0.014648 200 209 1000 997 1 1000 1000 0 10
0.166667 0.163702 0.016056 200 198 1000 931 1 1000 1000 0 10
0.166667 0.153479 0.015097 200 196 1000 971 1 1000 1000 0 10
0.166667 0.183266 0.014478 200 214 1000 1044 1 1000 1000 0 10
0.166667 0.179317 0.015180 200 181 1000 995 1 1000 1000 0 10
0.166667 0.154159 0.014452 200 183 1000 997 1 1000 1000 0 10
0.166667 0.169984 0.015701 200 197 1000 942 1 1000 1000 0 10
0.166667 0.194730 0.014904 200 223 1000 1005 1 1000 1000 0 10
0.166667 0.167698 0.015048 200 215 1000 986 1 1000 1000 0 10
0.166667 0.172756 0.015223 200 213 1000 993 1 1000 1000 0 10
0.166667 0.193538 0.014480 200 200 1000 1035 1 1000 1000 0 10
0.166667 0.151673 0.014200 200 193 1000 1034 1 1000 1000 0 10
0.166667 0.161988 0.015368 200 197 1000 940 1 1000 1000 0 10
0.166667 0.190525 0.014965 200 198 1000 975 1 1000 1000 0 10
0.166667 0.129122 0.015342 200 186 1000 930 1 1000 1000 0 10
0.166667 0.172134 0.014432 200 182 1000 1030 1 1000 1000 0 10
0.166667 0.179668 0.014879 200 210 1000 980 1 1000 1000 0 10
0.166667 0.183121 0.014992 200 239 1000 1046 1 1000 1000 0 10
0.166667 0.188437 0.015195 200 201 1000 968 1 1000 1000 0 10
0.166667 0.189168 0.015007 200 202 1000 967 1 1000 1000 0 10
0.166667 0.183018 0.015735 200 207 1000 926 1 1000 1000 0 10
0.166667 0.163753 0.015236 200 198 1000 989 1 1000 1000 0 10
0.166667 0.182216 0.014755 200 218 1000 1029 1 1000 1000 0 10
0.166667 0.162090 0.014915 200 200 1000 1021 1 1000 1000 0 10
0.166667 0.193948 0.014956 200 213 1000 990 1 1000 1000 0 10
0.166667 0.184785 0.014834 200 200 1000 1033 1 1000 1000 0 10
0.166667 0.187058 0.015000 200 195 1000 1012 1 1000 1000 0 10
0.166667 0.175815 0.014432 200 192 1000 1036 1 1000 1000 0 10
0.166667 0.152680 0.014994 200 196 1000 1044 1 1000 1000 0 10
0.166667 0.172461 0.015173 200 179 1000 924 1 1000 1000 0 10
0.166667 0.153952 0.014552 200 186 1000 996 1 1000 1000 0 10
0.166667 0.199582 0.015096 200 213 1000 1022 1 1000 1000 0 10
0.166667 0.191369 0.015025 200 221 1000 1031 1 1000 1000 0 10
0.166667 0.175937 0.015053 200 173 1000 971 1 1000 1000 0 10
0.166667 0.180113 0.014905 200 204 1000 1029 1 1000 1000 0 10
0.166667 0.185893 0.015648 200 186 1000 990 1 1000 1000 0 10
0.166667 0.127821 0.014004 200 158 1000 1033 1 1000 1000 0 10
0.166667 0.177430 0.015083 200 217 1000 1020 1 1000 1000 0 10
0.166667 0.175222 0.015515 200 199 1000 987 1 1000 1000 0 10
0.166667 0.177328 0.015419 200 209 1000 1007 1 1000 1000 0 10
0.166667 0.179322 0.014685 200 199 1000 994 1 1000 1000 0 10
0.166667 0.180873 0.015060 200 208 1000 1036 1 1000 1000 0 10
0.166667 0.206072 0.015490 200 220 1000 958 1 1000 1000 0 10
0.166667 0.157509 0.014289 200 196 1000 1024 1 1000 1000 0 10
0.166667 0.149493 0.014821 200 198 1000 991 1 1000 1000 0 10
0.166667 0.167258 0.014922 200 231 1000 1064 1 1000 1000 0 10
0.166667 0.183393 0.014538 200 199 1000 1010 1 1000 1000 0 10
0.166667 0.150349 0.014221 200 184 1000 1017 1 1000 1000 0 10
0.166667 0.175112 0.014710 200 209 1000 1020 1 1000 1000 0 10
0.166667 0.178641 0.014486 200 206 1000 1028 1 1000 1000 0 10
0.166667 0.168521 0.014404 200 206 1000 1033 1 1000 1000 0 10
0.166667 0.164010 0.014640 200 189 1000 1048 1 1000 1000 0 10
0.166667 0.184672 0.015826 200 187 1000 994 1 1000 1000 0 10
0.166667 0.189858 0.014428 200 201 1000 1009 1 1000 1000 0 10
0.166667 0.227398 0.015227 200 208 1000 987 1 1000 1000 0 10
0.166667 0.167100 0.014898 200 210 1000 983 1 1000 1000 0 10
0.166667 0.181404 0.015072 200 205 1000 967 1 1000 1000 0 10
0.166667 0.160641 0.014851 200 198 1000 1005 1 1000 1000 0 10
0.166667 0.161715 0.014520 200 196 1000 1004 1 1000 1000 0 10
0.166667 0.195344 0.014768 200 215 1000 979 1 1000 1000 0 10
0.166667 0.165999 0.015196 200 180 1000 991 1 1000 1000 0 10
0.166667 0.182180 0.015640 200 191 1000 957 1 1000 1000 0 10
0.166667 0.169448 0.014384 200 190 1000 986 1 1000 1000 0 10
0.166667 0.197829 0.015768 200 197 1000 942 1 1000 1000 0 10
0.166667 0.167960 0.014522 200 183 1000 1008 1 1000 1000 0 10
0.166667 0.191997 0.014505 200 216 1000 1038 1 1000 1000 0 10
0.166667 0.174797 0.014627 200 193 1000 1023 1 1000 1000 0 10
0.166667 0.166404 0.014825 200 215 1000 1004 1 1000 1000 0 10
0.166667 0.190880 0.014771 200 229 1000 1046 1 1000 1000 0 10
0.166667 0.173549 0.014360 200 195 1000 1010 1 1000 1000 0 10
0.166667 0.166559 0.014390 200 195 1000 1027 1 1000 1000 0 10
0.166667 0.179660 0.014894 200 203 1000 1034 1 1000 1000 0 10
0.166667 0.151542 0.014324 200 180 1000 1054 1 1000 1000 0 10
0.166667 0.202816 0.015824 200 213 1000 937 1 1000 1000 0 10
0.166667 0.183458 0.014967 200 185 1000 1021 1 1000 1000 0 10
0.166667 0.179389 0.015522 200 197 1000 965 1 1000 1000 0 10
0.166667 0.176129 0.014978 200 197 1000 989 1 1000 1000 0 10
0.166667 0.131165 0.014290 200 174 1000 1014 1 1000 1000 0 10
0.166667 0.193582 0.015063 200 212 1000 1003 1 1000 1000 0 10
0.166667 0.143930 0.015160 200 198 1000 1005 1 1000 1000 0 10
0.166667 0.196470 0.014673 200 220 1000 1058 1 1000 1000 0 10
0.166667 0.140176 0.014156 200 178 1000 996 1 1000 1000 0 10
0.166667 0.172906 0.014820 200 194 1000 1023 1 1000 1000 0 10
0.166667 0.150974 0.014116 200 178 1000 1033 1 1000 1000 0 10
0.166667 0.174640 0.015634 200 183 1000 943 1 1000 1000 0 10
0.166667 0.185285 0.014627 200 186 1000 976 1 1000 1000 0 10
0.166667 0.179841 0.014879 200 190 1000 1016 1 1000 1000 0 10
0.166667 0.211622 0.015432 200 221 1000 1015 1 1000 1000 0 10
0.166667 0.183603 0.014965 200 216 1000 1003 1 1000 1000 0 10
0.166667 0.164839 0.014834 200 202 1000 976 1 1000 1000 0 10
0.166667 0.160067 0.014358 200 192 1000 1021 1 1000 1000 0 10
0.166667 0.158476 0.014537 200 213 1000 1022 1 1000 1000 0 10
0.166667 0.159142 0.014739 200 194 1000 983 1 1000 1000 0 10
0.166667 0.189513 0.015059 200 199 1000 990 1 1000 1000 0 10
0.166667 0.182605 0.015128 200 219 1000 971 1 1000 1000 0 10
0.166667 0.162060 0.015356 200 196 1000 1000 1 1000 1000 0 10
0.166667 0.192000 0.014869 200 219 1000 1012 1 1000 1000 0 10
0.166667 0.224914 0.015787 200 219 1000 969 1 1000 1000 0 10
0.166667 0.160950 0.014754 200 187 1000 1019 1 1000 1000 0 10
0.166667 0.176106 0.015178 200 196 1000 976 1 1000 1000 0 10
0.166667 0.171690 0.014794 200 204 1000 973 1 1000 1000 0 10
0.166667 0.160988 0.015580 200 194 1000 984 1 1000 1000 0 10
0.166667 0.158656 0.014807 200 188 1000 1010 1 1000 1000 0 10
0.166667 0.189793 0.014805 200 221 1000 1029 1 1000 1000 0 10
0.166667 0.197531 0.015813 200 211 1000 951 1 1000 1000 0 10
0.166667 0.180868 0.015185 200 204 1000 1028 1 1000 1000 0 10
0.166667 0.184643 0.015338 200 209 1000 932 1 1000 1000 0 10
0.166667 0.189280 0.015361 200 199 1000 970 1 1000 1000 0 10
0.166667 0.174504 0.014660 200 207 1000 1042 1 1000 1000 0 10
0.166667 0.153870 0.014308 200 201 1000 1054 1 1000 1000 0 10
0.166667 0.182064 0.015167 200 195 1000 988 1 1000 1000 0 10
0.166667 0.189843 0.014750 200 201 1000 1028 1 1000 1000 0 10
0.166667 0.185908 0.015224 200 214 1000 977 1 1000 1000 0 10
0.166667 0.170759 0.014795 200 174 1000 996 1 1000 1000 0 10
0.166667 0.169955 0.014650 200 204 1000 1033 1 1000 1000 0 10
0.166667 0.175551 0.014795 200 233 1000 1039 1 1000 1000 0 10
0.166667 0.198275 0.015958 200 197 1000 901 1 1000 1000 0 10
0.166667 0.158417 0.014707 200 207 1000 1031 1 1000 1000 0 10
0.166667 0.151229 0.015279 200 193 1000 990 1 1000 1000 0 10
0.166667 0.138382 0.014724 200 176 1000 969 1 1000 1000 0 10
0.166667 0.180773 0.015208 200 198 1000 975 1 1000 1000 0 10
0.166667 0.174766 0.014744 200 215 1000 1012 1 1000 1000 0 10
0.166667 0.171353 0.015186 200 211 1000 1010 1 1000 1000 0 10
0.166667 0.179581 0.014692 200 190 1000 988 1 1000 1000 0 10
0.166667 0.176414 0.015186 200 204 1000 989 1 1000 1000 0 10
0.166667 0.199075 0.015544 200 196 1000 968 1 1000 1000 0 10
0.166667 0.164794 0.015060 200 178 1000 970 1 1000 1000 0 10
0.166667 0.165700 0.015122 200 210 1000 1016 1 1000 1000 0 10
0.166667 0.173086 0.014921 200 206 1000 1025 1 1000 1000 0 10
0.166667 0.177555 0.014524 200 185 1000 1012 1 1000 1000 0 10
0.166667 0.166516 0.015179 200 193 1000 966 1 1000 1000 0 10
0.166667 0.208524 0.016099 200 209 1000 906 1 1000 1000 0 10
0.166667 0.186171 0.015267 200 204 1000 1009 1 1000 1000 0 10
0.166667 0.217058 0.016007 200 232 1000 973 1 1000 1000 0 10
0.166667 0.174730 0.014800 200 201 1000 1000 1 1000 1000 0 10
0.166667 0.181593 0.015234 200 192 1000 958 1 1000 1000 0 10
0.166667 0.176785 0.014929 200 202 1000 1015 1 1000 1000 0 10
0.166667 0.147368 0.014902 200 202 1000 984 1 1000 1000 0 10
0.166667 0.174663 0.015051 200 187 1000 981 1 1000 1000 0 10
0.166667 0.158637 0.015353 200 211 1000 1001 1 1000 1000 0 10
0.166667 0.200933 0.016133 200 194 1000 961 1 1000 1000 0 10
0.166667 0.173216 0.014316 200 217 1000 1049 1 1000 1000 0 10
0.166667 0.178369 0.014676 200 193 1000 1021 1 1000 1000 0 10
0.166667 0.168237 0.014928 200 211 1000 1008 1 1000 1000 0 10
0.166667 0.179522 0.014656 200 199 1000 1024 1 1000 1000 0 10
0.166667 0.197183 0.014855 200 237 1000 996 1 1000 1000 0 10
0.166667 0.178573 0.014871 200 201 1000 1003 1 1000 1000 0 10
0.166667 0.196891 0.015323 200 205 1000 973 1 1000 1000 0 10
0.166667 0.186697 0.015761 200 193 1000 954 1 1000 1000 0 10
0.166667 0.201234 0.015215 200 196 1000 985 1 1000 1000 0 10
0.166667 0.186308 0.014723 200 209 1000 1010 1 1000 1000 0 10
0.166667 0.164908 0.014620 200 195 1000 1033 1 1000 1000 0 10
0.166667 0.201227 0.014771 200 216 1000 1056 1 1000 1000 0 10
0.166667 0.153136 0.014303 200 184 1000 1036 1 1000 1000 0 10
0.166667 0.174652 0.014914 200 217 1000 976 1 1000 1000 0 10
0.166667 0.161378 0.015250 200 193 1000 988 1 1000 1000 0 10
0.166667 0.208725 0.015905 200 210 1000 972 1 1000 1000 0 10
0.166667 0.182810 0.015442 200 204 1000 962 1 1000 1000 0 10
0.166667 0.141519 0.014775 200 174 1000 985 1 1000 1000 0 10
0.166667 0.180181 0.014985 200 190 1000 987 1 1000 1000 0 10
0.166667 0.173825 0.015070 200 205 1000 938 1 1000 1000 0 10
0.166667 0.177432 0.015583 200 188 1000 1007 1 1000 1000 0 10
0.166667 0.174178 0.014991 200 219 1000 1008 1 1000 1000 0 10
0.166667 0.178142 0.014278 200 211 1000 1007 1 1000 1000 0 10
0.166667 0.181819 0.015268 200 206 1000 976 1 1000 1000 0 10
0.166667 0.137506 0.014607 200 173 1000 986 1 1000 1000 0 10
0.166667 0.199069 0.014973 200 241 1000 1006 1 1000 1000 0 10
0.166667 0.175023 0.015315 200 181 1000 954 1 1000 1000 0 10
0.166667 0.155501 0.014692 200 179 1000 1022 1 1000 1000 0 10
0.166667 0.186036 0.015464 200 196 1000 943 1 1000 1000 0 10
0.166667 0.180698 0.015116 200 207 1000 977 1 1000 1000 0 10
0.166667 0.147516 0.015123 200 215 1000 1048 1 1000 1000 0 10
0.166667 0.188235 0.015064 200 197 1000 972 1 1000 1000 0 10
0.166667 0.167289 0.014748 200 184 1000 990 1 1000 1000 0 10
0.166667 0.168015 0.014416 200 185 1000 1046 1 1000 1000 0 10
0.166667 0.189894 0.014840 200 187 1000 974 1 1000 1000 0 10
0.166667 0.190570 0.015582 200 201 1000 931 1 1000 1000 0 10
0.166667 0.157741 0.014376 200 210 1000 1040 1 1000 1000 0 10
0.166667 0.173997 0.014284 200 188 1000 1028 1 1000 1000 0 10
0.166667 0.182055 0.015545 200 183 1000 967 1 1000 1000 0 10
0.166667 0.147182 0.014536 200 190 1000 1032 1 1000 1000 0 10
0.166667 0.153133 0.014352 200 181 1000 1010 1 1000 1000 0 10
0.166667 0.164118 0.015595 200 194 1000 975 1 1000 1000 0 10
0.166667 0.166633 0.015113 200 192 1000 984 1 1000 1000 0 10
0.166667 0.164691 0.014570 200 192 1000 1008 1 1000 1000 0 10
0.166667 0.182565 0.014539 200 204 1000 1031 1 1000 1000 0 10
0.166667 0.187903 0.015257 200 202 1000 1001 1 1000 1000 0 10
0.166667 0.159625 0.014807 200 212 1000 1024 1 1000 1000 0 10
0.166667 0.207547 0.014798 200 203 1000 976 1 1000 1000 0 10
0.166667 0.211206 0.015542 200 233 1000 953 1 1000 1000 0 10
0.166667 0.178685 0.015031 200 201 1000 1020 1 1000 1000 0 10
0.166667 0.210630 0.014941 200 216 1000 979 1 1000 1000 0 10
0.166667 0.184006 0.015680 200 220 1000 948 1 1000 1000 0 10
0.166667 0.168328 0.015009 200 188 1000 988 1 1000 1000 0 10
0.166667 0.166025 0.014425 200 174 1000 997 1 1000 1000 0 10
0.166667 0.168239 0.014172 200 171 1000 1065 1 1000 1000 0 10
0.166667 0.172214 0.014915 200 221 1000 1048 1 1000 1000 0 10
0.166667 0.180516 0.014792 200 198 1000 982 1 1000 1000 0 10
0.166667 0.185806 0.015342 200 197 1000 1007 1 1000 1000 0 10
0.166667 0.176243 0.015182 200 203 1000 982 1 1000 1000 0 10
0.166667 0.187427 0.014905 200 200 1000 1035 1 1000 1000 0 10
0.166667 0.216124 0.015817 200 224 1000 923 1 1000 1000 0 10
0.166667 0.130582 0.014253 200 189 1000 1041 1 1000 1000 0 10
0.166667 0.191493 0.015074 200 226 1000 1014 1 1000 1000 0 10
0.166667 0.181276 0.015855 200 212 1000 998 1 1000 1000 0 10
0.166667 0.182953 0.014579 200 204 1000 1001 1 1000 1000 0 10
0.166667 0.169867 0.014925 200 206 1000 996 1 1000 1000 0 10
0.166667 0.180152 0.014364 200 193 1000 1043 1 1000 1000 0 10
0.166667 0.202483 0.015955 200 191 1000 936 1 1000 1000 0 10
0.166667 0.212669 0.015824 200 206 1000 976 1 1000 1000 0 10
0.166667 0.157237 0.015525 200 187 1000 916 1 1000 1000 0 10
0.166667 0.163114 0.015030 200 181 1000 1018 1 1000 1000 0 10
0.166667 0.187991 0.015297 200 203 1000 1002 1 1000 1000 0 10
0.166667 0.177081 0.014663 200 189 1000 999 1 1000 1000 0 10
0.166667 0.191294 0.015215 200 197 1000 1028 1 1000 1000 0 10
0.166667 0.167017 0.014827 200 195 1000 1025 1 1000 1000 0 10
0.166667 0.173236 0.014810 200 204 1000 969 1 1000 1000 0 10
0.166667 0.179663 0.014473 200 213 1000 1079 1 1000 1000 0 10
0.166667 0.147318 0.015395 200 190 1000 987 1 1000 1000 0 10
0.166667 0.175723 0.015023 200 201 1000 1021 1 1000 1000 0 10
0.166667 0.169788 0.014925 200 211 1000 1011 1 1000 1000 0 10
0.166667 0.181450 0.014310 200 205 1000 1004 1 1000 1000 0 10
0.166667 0.167477 0.014754 200 204 1000 1000 1 1000 1000 0 10
0.166667 0.158235 0.015265 200 209 1000 965 1 1000 1000 0 10
0.166667 0.188834 0.015213 200 212 1000 997 1 1000 1000 0 10
0.166667 0.197554 0.014681 200 225 1000 1045 1 1000 1000 0 10
0.166667 0.173653 0.014945 200 194 1000 978 1 1000 1000 0 10
0.166667 0.160899 0.013892 200 196 1000 1062 1 1000 1000 0 10
0.166667 0.176450 0.014729 200 205 1000 1008 1 1000 1000 0 10
0.166667 0.189886 0.014886 200 203 1000 1007 1 1000 1000 0 10
0.166667 0.171424 0.014831 200 187 1000 967 1 1000 1000 0 10
0.166667 0.169223 0.015384 200 199 1000 1008 1 1000 1000 0 10
0.166667 0.167039 0.015180 200 180 1000 951 1 1000 1000 0 10
0.166667 0.183196 0.014463 200 197 1000 1032 1 1000 1000 0 10
0.166667 0.218763 0.014936 200 216 1000 1014 1 1000 1000 0 10
0.166667 0.156959 0.014462 200 206 1000 1032 1 1000 1000 0 10
0.166667 0.169435 0.015251 200 219 1000 999 1 1000 1000 0 10
0.166667 0.196251 0.014708 200 230 1000 1046 1 1000 1000 0 10
0.166667 0.154358 0.014415 200 199 1000 1060 1 1000 1000 0 10
0.166667 0.149010 0.015316 200 189 1000 1028 1 1000 1000 0 10
0.166667 0.194062 0.014806 200 218 1000 1004 1 1000 1000 0 10
0.166667 0.207293 0.015315 200 202 1000 1004 1 1000 1000 0 10
0.166667 0.192716 0.015722 200 198 1000 956 1 1000 1000 0 10
0.166667 0.180610 0.015290 200 215 1000 981 1 1000 1000 0 10
0.166667 0.154776 0.015028 200 196 1000 1018 1 1000 1000 0 10
0.166667 0.154446 0.014870 200 187 1000 974 1 1000 1000 0 10
0.166667 0.171283 0.015064 200 188 1000 994 1 1000 1000 0 10
0.166667 0.158716 0.014617 200 195 1000 1038 1 1000 1000 0 10
0.166667 0.167686 0.014766 200 216 1000 1020 1 1000 1000 0 10
0.166667 0.184467 0.015167 200 206 1000 966 1 1000 1000 0 10
0.166667 0.175085 0.015541 200 208 1000 960 1 1000 1000 0 10
0.166667 0.123657 0.013862 200 167 1000 1027 1 1000 1000 0 10
0.166667 0.206748 0.015030 200 206 1000 937 1 1000 1000 0 10
0.166667 0.169268 0.014842 200 192 1000 1032 1 1000 1000 0 10
0.166667 0.173599 0.014810 200 192 1000 971 1 1000 1000 0 10
0.166667 0.163292 0.015635 200 194 1000 963 1 1000 1000 0 10
0.166667 0.153252 0.014642 200 197 1000 1014 1 1000 1000 0 10
0.166667 0.197643 0.015726 200 194 1000 948 1 1000 1000 0 10
0.166667 0.158555 0.015004 200 202 1000 976 1 1000 1000 0 10
0.166667 0.202334 0.015507 200 213 1000 954 1 1000 1000 0 10
0.166667 0.168166 0.015106 200 216 1000 1007 1 1000 1000 0 10
0.166667 0.174969 0.014987 200 198 1000 998 1 1000 1000 0 10
0.166667 0.179045 0.014790 200 188 1000 1014 1 1000 1000 0 10
0.166667 0.171911 0.015431 200 189 1000 964 1 1000 1000 0 10
0.166667 0.173293 0.014464 200 216 1000 1009 1 1000 1000 0 10
0.166667 0.170565 0.014915 200 199 1000 1008 1 1000 1000 0 10
0.166667 0.151794 0.014590 200 170 1000 989 1 1000 1000 0 10
0.166667 0.152637 0.014718 200 195 1000 982 1 1000 1000 0 10
0.166667 0.175335 0.014857 200 191 1000 949 1 1000 1000 0 10
0.166667 0.214169 0.015720 200 204 1000 977 1 1000 1000 0 10
0.166667 0.174345 0.014563 200 196 1000 1023 1 1000 1000 0 10
0.166667 0.162134 0.014243 200 184 1000 1031 1 1000 1000 0 10
0.166667 0.185324 0.015433 200 204 1000 941 1 1000 1000 0 10
0.166667 0.156538 0.015171 200 181 1000 995 1 1000 1000 0 10
0.166667 0.168411 0.014672 200 212 1000 1014 1 1000 1000 0 10
0.166667 0.192382 0.015217 200 212 1000 1004 1 1000 1000 0 10
0.166667 0.180146 0.014652 200 202 1000 1053 1 1000 1000 0 10
0.166667 0.185652 0.014582 200 221 1000 1055 1 1000 1000 0 10
0.166667 0.170858 0.014650 200 205 1000 1012 1 1000 1000 0 10
0.166667 0.160519 0.014708 200 204 1000 1034 1 1000 1000 0 10
0.166667 0.184785 0.014913 200 199 1000 1008 1 1000 1000 0 10
0.166667 0.181060 0.014662 200 186 1000 1015 1 1000 1000 0 10
0.166667 0.164296 0.014583 200 182 1000 1002 1 1000 1000 0 10
0.166667 0.188870 0.014985 200 221 1000 1006 1 1000 1000 0 10
0.166667 0.197006 0.015459 200 206 1000 959 1 1000 1000 0 10
0.166667 0.185244 0.014890 200 187 1000 994 1 1000 1000 0 10
0.166667 0.193670 0.014900 200 187 1000 1005 1 1000 1000 0 10
0.166667 0.129092 0.014817 200 171 1000 995 1 1000 1000 0 10
0.166667 0.194019 0.014947 200 195 1000 1007 1 1000 1000 0 10
0.166667 0.172714 0.014546 200 183 1000 1006 1 1000 1000 0 10
0.166667 0.184745 0.014654 200 187 1000 989 1 1000 1000 0 10
0.166667 0.174614 0.014429 200 212 1000 1039 1 1000 1000 0 10
0.166667 0.160739 0.014699 200 198 1000 1013 1 1000 1000 0 10
0.166667 0.175771 0.015218 200 204 1000 980 1 1000 1000 0 10
0.166667 0.155205 0.014115 200 188 1000 1012 1 1000 1000 0 10
0.166667 0.212924 0.015488 200 219 1000 969 1 1000 1000 0 10
0.166667 0.203213 0.014912 200 212 1000 949 1 1000 1000 0 10
0.166667 0.171717 0.014471 200 188 1000 1033 1 1000 1000 0 10
0.166667 0.190699 0.015386 200 201 1000 963 1 1000 1000 0 10
0.166667 0.155263 0.014757 200 191 1000 1001 1 1000 1000 0 10
0.166667 0.206645 0.015475 200 227 1000 977 1 1000 1000 0 10
0.166667 0.183434 0.014584 200 201 1000 1011 1 1000 1000 0 10
0.166667 0.186232 0.015263 200 199 1000 1035 1 1000 1000 0 10
0.166667 0.168671 0.015082 200 185 1000 976 1 1000 1000 0 10
0.166667 0.162076 0.015329 200 208 1000 977 1 1000 1000 0 10
0.166667 0.165405 0.015243 200 204 1000 974 1 1000 1000 0 10
0.166667 0.170722 0.014702 200 190 1000 1030 1 1000 1000 0 10
0.166667 0.159837 0.014953 200 196 1000 1017 1 1000 1000 0 10
0.166667 0.160194 0.014464 200 199 1000 1047 1 1000 1000 0 10
0.166667 0.167698 0.014110 200 196 1000 1028 1 1000 1000 0 10
0.166667 0.193986 0.015833 200 221 1000 923 1 1000 1000 0 10
0.166667 0.186858 0.014949 200 224 1000 1028 1 1000 1000 0 10
0.166667 0.176858 0.015063 200 196 1000 999 1 1000 1000 0 10
0.166667 0.160001 0.015172 200 227 1000 1006 1 1000 1000 0 10
0.166667 0.167261 0.014899 200 187 1000 997 1 1000 1000 0 10
0.166667 0.210066 0.014820 200 221 1000 987 1 1000 1000 0 10
0.166667 0.157693 0.014814 200 195 1000 1036 1 1000 1000 0 10
0.166667 0.164790 0.014690 200 209 1000 1025 1 1000 1000 0 10
0.166667 0.186247 0.014901 200 217 1000 1015 1 1000 1000 0 10
0.166667 0.152603 0.014043 200 189 1000 1065 1 1000 1000 0 10
0.166667 0.186920 0.015185 200 191 1000 946 1 1000 1000 0 10
0.166667 0.154626 0.014009 200 185 1000 1022 1 1000 1000 0 10
0.166667 0.170768 0.014942 200 198 1000 1002 1 1000 1000 0 10
0.166667 0.186326 0.014387 200 198 1000 1020 1 1000 1000 0 10
0.166667 0.145694 0.015566 200 193 1000 982 1 1000 1000 0 10
0.166667 0.181579 0.015025 200 211 1000 1008 1 1000 1000 0 10
0.166667 0.172170 0.014831 200 191 1000 1024 1 1000 1000 0 10
0.166667 0.141310 0.014472 200 179 1000 1027 1 1000 1000 0 10
0.166667 0.175103 0.015047 200 193 1000 1040 1 1000 1000 0 10
0.166667 0.149862 0.014926 200 214 1000 1033 1 1000 1000 0 10
0.166667 0.195043 0.015059 200 205 1000 1002 1 1000 1000 0 10
0.166667 0.166942 0.015733 200 197 1000 943 1 1000 1000 0 10
0.166667 0.163671 0.014530 200 189 1000 1019 1 1000 1000 0 10
0.166667 0.155531 0.014654 200 173 1000 983 1 1000 1000 0 10
0.166667 0.189664 0.015198 200 218 1000 992 1 1000 1000 0 10
0.166667 0.151893 0.014746 200 193 1000 1004 1 1000 1000 0 10
0.166667 0.156534 0.014892 200 207 1000 990 1 1000 1000 0 10
0.166667 0.203130 0.015361 200 205 1000 967 1 1000 1000 0 10
0.166667 0.186135 0.014833 200 202 1000 981 1 1000 1000 0 10
0.166667 0.182692 0.015656 200 196 1000 982 1 1000 1000 0 10
0.166667 0.172514 0.015266 200 201 1000 970 1 1000 1000 0 10
0.166667 0.191271 0.015707 200 211 1000 955 1 1000 1000 0 10
0.166667 0.198210 0.015024 200 232 1000 1046 1 1000 1000 0 10
0.166667 0.195800 0.015583 200 206 1000 956 1 1000 1000 0 10
0.166667 0.163870 0.014959 200 178 1000 992 1 1000 1000 0 10
0.166667 0.186124 0.015030 200 194 1000 1037 1 1000 1000 0 10
0.166667 0.146824 0.014690 200 194 1000 999 1 1000 1000 0 10
0.166667 0.171009 0.015175 200 185 1000 991 1 1000 1000 0 10
0.166667 0.177629 0.014903 200 230 1000 1051 1 1000 1000 0 10
0.166667 0.157446 0.015012 200 195 1000 1000 1 1000 1000 0 10
0.166667 0.167061 0.014846 200 216 1000 992 1 1000 1000 0 10
0.166667 0.168501 0.014916 200 186 1000 960 1 1000 1000 0 10
0.166667 0.185985 0.014980 200 205 1000 989 1 1000 1000 0 10
0.166667 0.185565 0.015308 200 195 1000 1023 1 1000 1000 0 10
0.166667 0.162994 0.015733 200 196 1000 946 1 1000 1000 0 10
0.166667 0.153428 0.015159 200 201 1000 991 1 1000 1000 0 10
0.166667 0.193141 0.015300 200 207 1000 978 1 1000 1000 0 10
0.166667 0.194404 0.014665 200 206 1000 1021 1 1000 1000 0 10
0.166667 0.185080 0.015345 200 206 1000 1007 1 1000 1000 0 10
0.166667 0.176494 0.014663 200 186 1000 1044 1 1000 1000 0 10
0.166667 0.201059 0.015107 200 213 1000 1025 1 1000 1000 0 10
0.166667 0.176370 0.014649 200 199 1000 1008 1 1000 1000 0 10
0.166667 0.186415 0.015224 200 191 1000 984 1 1000 1000 0 10
0.166667 0.174107 0.014757 200 197 1000 1008 1 1000 1000 0 10
0.166667 0.174213 0.014601 200 198 1000 1017 1 1000 1000 0 10
0.166667 0.163936 0.014827 200 196 1000 1014 1 1000 1000 0 10
0.166667 0.163314 0.015183 200 187 1000 978 1 1000 1000 0 10
0.166667 0.189278 0.014739 200 209 1000 992 1 1000 1000 0 10
0.166667 0.175604 0.014945 200 190 1000 986 1 1000 1000 0 10
0.166667 0.162256 0.014735 200 190 1000 1006 1 1000 1000 0 10
0.166667 0.196647 0.015586 200 221 1000 962 1 1000 1000 0 10
0.166667 0.155476 0.014878 200 217 1000 995 1 1000 1000 0 10
0.166667 0.135066 0.014526 200 181 1000 1007 1 1000 1000 0 10
0.166667 0.160867 0.014828 200 184 1000 1000 1 1000 1000 0 10
0.166667 0.164690 0.015178 200 209 1000 977 1 1000 1000 0 10
0.166667 0.167302 0.014897 200 201 1000 999 1 1000 1000 0 10
0.166667 0.165529 0.015129 200 203 1000 1014 1 1000 1000 0 10
0.166667 0.157381 0.014848 200 201 1000 974 1 1000 1000 0 10
0.166667 0.180810 0.015199 200 195 1000 993 1 1000 1000 0 10
0.166667 0.169155 0.014766 200 214 1000 1030 1 1000 1000 0 10
0.166667 0.158835 0.014687 200 196 1000 1000 1 1000 1000 0 10
0.166667 0.185407 0.015552 200 213 1000 980 1 1000 1000 0 10
0.166667 0.195076 0.015717 200 208 1000 930 1 1000 1000 0 10
0.166667 0.166170 0.015068 200 213 1000 1007 1 1000 1000 0 10
0.166667 0.209805 0.015077 200 227 1000 1016 1 1000 1000 0 10
0.166667 0.201275 0.015758 200 207 1000 944 1 1000 1000 0 10
0.166667 0.166097 0.015466 200 191 1000 946 1 1000 1000 0 10
0.166667 0.183111 0.014469 200 217 1000 1042 1 1000 1000 0 10
0.166667 0.174151 0.015184 200 201 1000 1002 1 1000 1000 0 10
0.166667 0.152663 0.015160 200 195 1000 967 1 1000 1000 0 10
0.166667 0.164448 0.015239 200 187 1000 974 1 1000 1000 0 10
0.166667 0.183449 0.014329 200 223 1000 1069 1 1000 1000 0 10
0.166667 0.183718 0.014823 200 199 1000 1006 1 1000 1000 0 10
0.166667 0.193997 0.014314 200 213 1000 1011 1 1000 1000 0 10
0.166667 0.173309 0.014971 200 188 1000 966 1 1000 1000 0 10
0.166667 0.157149 0.014569 200 188 1000 1053 1 1000 1000 0 10
0.166667 0.171106 0.015058 200 189 1000 980 1 1000 1000 0 10
0.166667 0.164697 0.014823 200 182 1000 996 1 1000 1000 0 10
0.166667 0.168805 0.014626 200 213 1000 1010 1 1000 1000 0 10
0.166667 0.180124 0.015512 200 192 1000 930 1 1000 1000 0 10
0.166667 0.176852 0.015165 200 191 1000 1006 1 1000 1000 0 10
0.166667 0.176918 0.014923 200 194 1000 1024 1 1000 1000 0 10
0.166667 0.195752 0.015550 200 203 1000 986 1 1000 1000 0 10
0.166667 0.152033 0.014463 200 185 1000 1035 1 1000 1000 0 10
0.166667 0.149362 0.015220 200 182 1000 1008 1 1000 1000 0 10
0.166667 0.188075 0.015414 200 197 1000 1021 1 1000 1000 0 10
0.166667 0.187118 0.015076 200 226 1000 1037 1 1000 1000 0 10
0.166667 0.154280 0.014966 200 186 1000 1013 1 1000 1000 0 10
0.166667 0.178004 0.015257 200 220 1000 985 1 1000 1000 0 10
0.166667 0.157697 0.014942 200 200 1000 982 1 1000 1000 0 10
0.166667 0.172158 0.014924 200 200 1000 1005 1 1000 1000 0 10
0.166667 0.155910 0.015024 200 192 1000 1014 1 1000 1000 0 10
0.166667 0.169998 0.014614 200 212 1000 1036 1 1000 1000 0 10
0.166667 0.169435 0.014535 200 212 1000 1018 1 1000 1000 0 10
0.166667 0.169897 0.014987 200 194 1000 1022 1 1000 1000 0 10
0.166667 0.190034 0.015936 200 208 1000 906 1 1000 1000 0 10
0.166667 0.178910 0.015430 200 209 1000 954 1 1000 1000 0 10
0.166667 0.167843 0.014332 200 177 1000 1029 1 1000 1000 0 10
0.166667 0.203926 0.015873 200 238 1000 955 1 1000 1000 0 10
0.166667 0.182869 0.014995 200 182 1000 964 1 1000 1000 0 10
0.166667 0.164012 0.014519 200 199 1000 1035 1 1000 1000 0 10
0.166667 0.145909 0.014422 200 182 1000 986 1 1000 1000 0 10
0.166667 0.166275 0.015775 200 219 1000 960 1 1000 1000 0 10
0.166667 0.147412 0.014673 200 179 1000 1032 1 1000 1000 0 10
0.166667 0.168838 0.015404 200 194 1000 995 1 1000 1000 0 10
0.166667 0.169343 0.013972 200 175 1000 1047 1 1000 1000 0 10
0.166667 0.168324 0.014708 200 200 1000 1023 1 1000 1000 0 10
0.166667 0.206713 0.015356 200 225 1000 999 1 1000 1000 0 10
0.166667 0.185488 0.015024 200 198 1000 997 1 1000 1000 0 10
0.166667 0.135851 0.014682 200 183 1000 1034 1 1000 1000 0 10
0.166667 0.173397 0.015319 200 216 1000 1029 1 1000 1000 0 10
0.166667 0.149074 0.014765 200 174 1000 967 1 1000 1000 0 10
0.166667 0.180359 0.015528 200 221 1000 981 1 1000 1000 0 10
0.166667 0.187745 0.014567 200 195 1000 1001 1 1000 1000 0 10
0.166667 0.157116 0.014573 200 196 1000 1052 1 1000 1000 0 10
0.166667 0.164648 0.014245 200 218 1000 1002 1 1000 1000 0 10
0.166667 0.184947 0.014391 200 213 1000 1022 1 1000 1000 0 10
0.166667 0.178370 0.015067 200 172 1000 970 1 1000 1000 0 10
0.166667 0.194774 0.016051 200 201 1000 963 1 1000 1000 0 10
0.166667 0.139425 0.014514 200 177 1000 1012 1 1000 1000 0 10
0.166667 0.174692 0.014669 200 204 1000 997 1 1000 1000 0 10
0.166667 0.184017 0.013919 200 185 1000 1044 1 1000 1000 0 10
0.166667 0.159019 0.015156 200 190 1000 960 1 1000 1000 0 10
0.166667 0.187072 0.015039 200 195 1000 983 1 1000 1000 0 10
0.166667 0.170271 0.014792 200 210 1000 1020 1 1000 1000 0 10
0.166667 0.171271 0.015671 200 185 1000 959 1 1000 1000 0 10
0.166667 0.190795 0.014973 200 212 1000 1015 1 1000 1000 0 10
0.166667 0.174112 0.014994 200 181 1000 971 1 1000 1000 0 10
0.166667 0.185454 0.015667 200 201 1000 993 1 1000 1000 0 10
0.166667 0.179007 0.014605 200 214 1000 1010 1 1000 1000 0 10
0.166667 0.168762 0.014412 200 207 1000 1026 1 1000 1000 0 10
0.166667 0.174336 0.014806 200 197 1000 1011 1 1000 1000 0 10
0.166667 0.153870 0.014730 200 198 1000 1025 1 1000 1000 0 10
0.166667 0.171951 0.014872 200 192 1000 1001 1 1000 1000 0 10
0.166667 0.167595 0.015286 200 185 1000 967 1 1000 1000 0 10
0.166667 0.176517 0.014777 200 190 1000 1005 1 1000 1000 0 10
0.166667 0.137608 0.014474 200 182 1000 998 1 1000 1000 0 10
0.166667 0.181974 0.015372 200 199 1000 965 1 1000 1000 0 10
0.166667 0.173199 0.015219 200 214 1000 983 1 1000 1000 0 10
0.166667 0.159464 0.014422 200 203 1000 1031 1 1000 1000 0 10
0.166667 0.148806 0.015155 200 181 1000 967 1 1000 1000 0 10
0.166667 0.172369 0.014688 200 196 1000 1041 1 1000 1000 0 10
0.166667 0.168596 0.014997 200 195 1000 953 1 1000 1000 0 10
0.166667 0.168455 0.015260 200 192 1000 982 1 1000 1000 0 10
0.166667 0.165042 0.014993 200 205 1000 988 1 1000 1000 0 10
0.166667 0.202014 0.015520 200 202 1000 962 1 1000 1000 0 10
0.166667 0.178973 0.014433 200 201 1000 1022 1 1000 1000 0 10
0.166667 0.160958 0.015157 200 183 1000 1001 1 1000 1000 0 10
0.166667 0.195943 0.014870 200 220 1000 984 1 1000 1000 0 10
0.166667 0.178176 0.015098 200 202 1000 981 1 1000 1000 0 10
0.166667 0.191782 0.015349 200 203 1000 986 1 1000 1000 0 10
0.166667 0.155987 0.014302 200 191 1000 1029 1 1000 1000 0 10
0.166667 0.198382 0.014771 200 190 1000 997 1 1000 1000 0 10
0.166667 0.182817 0.015052 200 207 1000 1045 1 1000 1000 0 10
0.166667 0.175987 0.015237 200 214 1000 987 1 1000 1000 0 10
0.166667 0.165406 0.014291 200 215 1000 1060 1 1000 1000 0 10
0.166667 0.186776 0.015426 200 187 1000 976 1 1000 1000 0 10
0.166667 0.172570 0.015365 200 194 1000 988 1 1000 1000 0 10
0.166667 0.169374 0.014648 200 234 1000 1065 1 1000 1000 0 10
0.166667 0.170176 0.015000 200 203 1000 992 1 1000 1000 0 10
0.166667 0.191592 0.015484 200 207 1000 1005 1 1000 1000 0 10
0.166667 0.118849 0.014058 200 186 1000 1050 1 1000 1000 0 10
0.166667 0.156050 0.014849 200 216 1000 1023 1 1000 1000 0 10
0.166667 0.187895 0.016099 200 210 1000 932 1 1000 1000 0 10
0.166667 0.174693 0.014623 200 214 1000 1046 1 1000 1000 0 10
0.166667 0.190062 0.014884 200 190 1000 983 1 1000 1000 0 10
0.166667 0.201815 0.015354 200 204 1000 959 1 1000 1000 0 10
0.166667 0.153559 0.014300 200 170 1000 999 1 1000 1000 0 10
0.166667 0.191389 0.014658 200 213 1000 1020 1 1000 1000 0 10
0.166667 0.174156 0.014436 200 197 1000 1009 1 1000 1000 0 10
0.166667 0.180134 0.014968 200 203 1000 960 1 1000 1000 0 10
0.166667 0.170132 0.014186 200 205 1000 1077 1 1000 1000 0 10
0.166667 0.139797 0.014902 200 175 1000 1011 1 1000 1000 0 10
0.166667 0.184526 0.014700 200 208 1000 1011 1 1000 1000 0 10
0.166667 0.150331 0.014581 200 173 1000 1003 1 1000 1000 0 10
0.166667 0.157205 0.014624 200 192 1000 1001 1 1000 1000 0 10
0.166667 0.185362 0.015288 200 217 1000 992 1 1000 1000 0 10
0.166667 0.182312 0.014556 200 216 1000 1028 1 1000 1000 0 10
0.166667 0.169206 0.014562 200 218 1000 994 1 1000 1000 0 10
0.166667 0.157426 0.014303 200 200 1000 1095 1 1000 1000 0 10
0.166667 0.167966 0.015206 200 188 1000 978 1 1000 1000 0 10
0.166667 0.175074 0.015003 200 202 1000 989 1 1000 1000 0 10
0.166667 0.190634 0.015066 200 229 1000 1019 1 1000 1000 0 10
0.166667 0.165116 0.014821 200 193 1000 1018 1 1000 1000 0 10
0.166667 0.173419 0.014458 200 192 1000 1034 1 1000 1000 0 10
0.166667 0.169959 0.015168 200 202 1000 989 1 1000 1000 0 10
0.166667 0.169159 0.014783 200 196 1000 1007 1 1000 1000 0 10
0.166667 0.170620 0.015389 200 191 1000 976 1 1000 1000 0 10
0.166667 0.168086 0.014364 200 195 1000 1016 1 1000 1000 0 10
0.166667 0.170805 0.015452 200 203 1000 994 1 1000 1000 0 10
0.166667 0.186623 0.014835 200 209 1000 1012 1 1000 1000 0 10
0.166667 0.185624 0.015091 200 226 1000 1026 1 1000 1000 0 10
0.166667 0.172035 0.014591 200 193 1000 1018 1 1000 1000 0 10
0.166667 0.151620 0.015237 200 193 1000 940 1 1000 1000 0 10
0.166667 0.172838 0.014730 200 195 1000 1001 1 1000 1000 0 10
0.166667 0.177490 0.014925 200 208 1000 984 1 1000 1000 0 10
0.166667 0.157560 0.015103 200 184 1000 945 1 1000 1000 0 10
0.166667 0.210824 0.015091 200 228 1000 987 1 1000 1000 0 10
0.166667 0.163995 0.015411 200 196 1000 974 1 1000 1000 0 10
0.166667 0.180165 0.014654 200 181 1000 1039 1 1000 1000 0 10
0.166667 0.187214 0.015156 200 186 1000 940 1 1000 1000 0 10
0.166667 0.166465 0.014977 200 174 1000 1004 1 1000 1000 0 10
0.166667 0.200048 0.015232 200 209 1000 984 1 1000 1000 0 10
0.166667 0.155792 0.014512 200 200 1000 1007 1 1000 1000 0 10
0.166667 0.171852 0.015143 200 229 1000 1022 1 1000 1000 0 10
0.166667 0.174888 0.014716 200 249 1000 1034 1 1000 1000 0 10
0.166667 0.157468 0.013960 200 199 1000 1044 1 1000 1000 0 10
0.166667 0.147296 0.014221 200 191 1000 1001 1 1000 1000 0 10
0.166667 0.151499 0.014349 200 204 1000 1001 1 1000 1000 0 10
0.166667 0.162665 0.014854 200 194 1000 1024 1 1000 1000 0 10
0.166667 0.209832 0.015880 200 202 1000 961 1 1000 1000 0 10
0.166667 0.206142 0.015754 200 229 1000 963 1 1000 1000 0 10
0.166667 0.161373 0.014665 200 193 1000 990 1 1000 1000 0 10
0.166667 0.197279 0.015451 200 233 1000 982 1 1000 1000 0 10
0.166667 0.148210 0.014638 200 190 1000 1021 1 1000 1000 0 10
0.166667 0.190096 0.015112 200 200 1000 958 1 1000 1000 0 10
0.166667 0.136852 0.014477 200 170 1000 1010 1 1000 1000 0 10
0.166667 0.172405 0.014814 200 181 1000 982 1 1000 1000 0 10
0.166667 0.162893 0.014651 200 191 1000 1041 1 1000 1000 0 10
0.166667 0.180541 0.015430 200 200 1000 967 1 1000 1000 0 10
0.166667 0.191290 0.015046 200 194 1000 971 1 1000 1000 0 10
0.166667 0.197180 0.015220 200 204 1000 996 1 1000 1000 0 10
0.166667 0.211448 0.015089 200 233 1000 1003 1 1000 1000 0 10
0.166667 0.175277 0.014649 200 217 1000 1045 1 1000 1000 0 10
0.166667 0.151408 0.014325 200 215 1000 1071 1 1000 1000 0 10
0.166667 0.157763 0.014489 200 205 1000 1039 1 1000 1000 0 10
0.166667 0.173423 0.014890 200 191 1000 1004 1 1000 1000 0 10
0.166667 0.196582 0.015411 200 194 1000 953 1 1000 1000 0 10
0.166667 0.139472 0.014144 200 195 1000 1050 1 1000 1000 0 10
0.166667 0.171771 0.014908 200 193 1000 977 1 1000 1000 0 10
0.166667 0.179302 0.014751 200 204 1000 989 1 1000 1000 0 10
0.166667 0.204994 0.014852 200 199 1000 998 1 1000 1000 0 10
0.166667 0.173197 0.014963 200 180 1000 973 1 1000 1000 0 10
0.166667 0.175054 0.014977 200 196 1000 1016 1 1000 1000 0 10
0.166667 0.177173 0.014975 200 204 1000 967 1 1000 1000 0 10
0.166667 0.153825 0.014811 200 186 1000 1016 1 1000 1000 0 10
0.166667 0.186464 0.015456 200 187 1000 963 1 1000 1000 0 10
0.166667 0.150976 0.014708 200 187 1000 976 1 1000 1000 0 10
0.166667 0.183415 0.014649 200 199 1000 1021 1 1000 1000 0 10
0.166667 0.184860 0.015063 200 203 1000 994 1 1000 1000 0 10
0.166667 0.191652 0.015414 200 186 1000 953 1 1000 1000 0 10
0.166667 0.200100 0.014433 200 211 1000 1010 1 1000 1000 0 10
0.166667 0.198535 0.014856 200 209 1000 1024 1 1000 1000 0 10
0.166667 0.158585 0.015225 200 192 1000 1051 1 1000 1000 0 10
0.166667 0.199181 0.015523 200 219 1000 982 1 1000 1000 0 10
0.166667 0.187187 0.015008 200 206 1000 972 1 1000 1000 0 10
0.166667 0.183375 0.015134 200 198 1000 964 1 1000 1000 0 10
0.166667 0.164701 0.014422 200 173 1000 1035 1 1000 1000 0 10
0.166667 0.181227 0.015354 200 207 1000 988 1 1000 1000 0 10
0.166667 0.173677 0.015586 200 179 1000 994 1 1000 1000 0 10
0.166667 0.175230 0.015419 200 211 1000 945 1 1000 1000 0 10
0.166667 0.188904 0.015338 200 186 1000 962 1 1000 1000 0 10
0.166667 0.167013 0.014785 200 196 1000 1001 1 1000 1000 0 10
0.166667 0.182525 0.015096 200 211 1000 992 1 1000 1000 0 10
0.166667 0.179768 0.015280 200 203 1000 1012 1 1000 1000 0 10
0.166667 0.186092 0.014711 200 203 1000 1009 1 1000 1000 0 10
0.166667 0.188022 0.015855 200 184 1000 953 1 1000 1000 0 10
0.166667 0.183730 0.015531 200 191 1000 949 1 1000 1000 0 10
0.166667 0.188582 0.015044 200 207 1000 980 1 1000 1000 0 10
0.166667 0.178798 0.014963 200 198 1000 983 1 1000 1000 0 10
0.166667 0.169551 0.015930 200 207 1000 959 1 1000 1000 0 10
0.166667 0.215823 0.015106 200 228 1000 982 1 1000 1000 0 10
0.166667 0.173204 0.014916 200 200 1000 998 1 1000 1000 0 10
0.166667 0.222840 0.015375 200 235 1000 991 1 1000 1000 0 10
0.166667 0.187884 0.015658 200 198 1000 997 1 1000 1000 0 10
0.166667 0.183910 0.014870 200 208 1000 1074 1 1000 1000 0 10
0.166667 0.209646 0.015249 200 233 1000 999 1 1000 1000 0 10
0.166667 0.190511 0.014637 200 208 1000 1009 1 1000 1000 0 10
0.166667 0.179192 0.014667 200 206 1000 1007 1 1000 1000 0 10
0.166667 0.187681 0.014957 200 208 1000 994 1 1000 1000 0 10
0.166667 0.150268 0.014914 200 187 1000 1006 1 1000 1000 0 10
0.166667 0.177356 0.015546 200 217 1000 931 1 1000 1000 0 10
0.166667 0.153288 0.014350 200 166 1000 976 1 1000 1000 0 10
0.166667 0.175242 0.015336 200 201 1000 966 1 1000 1000 0 10
0.166667 0.168477 0.014606 200 210 1000 983 1 1000 1000 0 10
0.166667 0.196524 0.015497 200 216 1000 979 1 1000 1000 0 10
0.166667 0.186737 0.015031 200 188 1000 966 1 1000 1000 0 10
0.166667 0.187867 0.014995 200 213 1000 999 1 1000 1000 0 10
0.166667 0.188868 0.014862 200 187 1000 967 1 1000 1000 0 10
0.166667 0.161450 0.014783 200 183 1000 979 1 1000 1000 0 10
0.166667 0.171130 0.015099 200 207 1000 997 1 1000 1000 0 10
0.166667 0.127532 0.014421 200 181 1000 1035 1 1000 1000 0 10
0.166667 0.163502 0.014668 200 216 1000 1018 1 1000 1000 0 10
0.166667 0.172631 0.015093 200 197 1000 951 1 1000 1000 0 10
0.166667 0.169727 0.014553 200 174 1000 1016 1 1000 1000 0 10
0.166667 0.159193 0.015077 200 196 1000 1008 1 1000 1000 0 10
0.166667 0.132835 0.014396 200 155 1000 1010 1 1000 1000 0 10
0.166667 0.206208 0.015535 200 200 1000 977 1 1000 1000 0 10
0.166667 0.157429 0.014376 200 186 1000 1043 1 1000 1000 0 10
0.166667 0.191129 0.015773 200 216 1000 934 1 1000 1000 0 10
0.166667 0.159112 0.014381 200 191 1000 1028 1 1000 1000 0 10
0.166667 0.207811 0.015759 200 220 1000 943 1 1000 1000 0 10
0.166667 0.137683 0.014530 200 195 1000 1012 1 1000 1000 0 10
0.166667 0.131771 0.014524 200 186 1000 1021 1 1000 1000 0 10
0.166667 0.177473 0.015053 200 187 1000 979 1 1000 1000 0 10
0.166667 0.158986 0.014362 200 197 1000 1045 1 1000 1000 0 10
0.166667 0.154358 0.014927 200 178 1000 994 1 1000 1000 0 10
0.166667 0.173319 0.014929 200 180 1000 1016 1 1000 1000 0 10
0.166667 0.186678 0.014748 200 203 1000 984 1 1000 1000 0 10
0.166667 0.167170 0.015051 200 195 1000 999 1 1000 1000 0 10
0.166667 0.168682 0.014873 200 214 1000 1031 1 1000 1000 0 10
0.166667 0.147447 0.014101 200 199 1000 1053 1 1000 1000 0 10
0.166667 0.182844 0.015464 200 226 1000 961 1 1000 1000 0 10
0.166667 0.161077 0.014947 200 197 1000 1000 1 1000 1000 0 10
0.166667 0.192493 0.015731 200 197 1000 948 1 1000 1000 0 10
0.166667 0.171205 0.014697 200 198 1000 1040 1 1000 1000 0 10
0.166667 0.165769 0.015012 200 204 1000 1004 1 1000 1000 0 10
0.166667 0.182196 0.014708 200 214 1000 993 1 1000 1000 0 10
0.166667 0.148627 0.013979 200 187 1000 1093 1 1000 1000 0 10
0.166667 0.169262 0.015214 200 220 1000 932 1 1000 1000 0 10
0.166667 0.170017 0.013844 200 200 1000 1030 1 1000 1000 0 10
0.166667 0.182805 0.015392 200 210 1000 1011 1 1000 1000 0 10
0.166667 0.164017 0.014749 200 211 1000 1029 1 1000 1000 0 10
0.166667 0.149841 0.014564 200 176 1000 1001 1 1000 1000 0 10
0.166667 0.168413 0.015100 200 196 1000 965 1 1000 1000 0 10
0.166667 0.170460 0.014832 200 194 1000 1040 1 1000 1000 0 10
0.166667 0.160037 0.014742 200 191 1000 985 1 1000 1000 0 10
0.166667 0.185134 0.015052 200 177 1000 966 1 1000 1000 0 10
0.166667 0.185240 0.015895 200 180 1000 945 1 1000 1000 0 10
0.166667 0.171812 0.014564 200 196 1000 1040 1 1000 1000 0 10
0.166667 0.165669 0.014617 200 186 1000 1018 1 1000 1000 0 10
0.166667 0.194508 0.015784 200 224 1000 937 1 1000 1000 0 10
0.166667 0.178609 0.014573 200 200 1000 1018 1 1000 1000 0 10
0.166667 0.173341 0.014642 200 197 1000 985 1 1000 1000 0 10
0.166667 0.191318 0.015070 200 221 1000 1004 1 1000 1000 0 10
0.166667 0.171055 0.013992 200 191 1000 1076 1 1000 1000 0 10
0.166667 0.162866 0.014402 200 194 1000 1002 1 1000 1000 0 10
0.166667 0.158173 0.015712 200 184 1000 986 1 1000 1000 0 10
0.166667 0.165611 0.015184 200 205 1000 1028 1 1000 1000 0 10
0.166667 0.179897 0.015385 200 201 1000 958 1 1000 1000 0 10
0.166667 0.136089 0.014939 200 199 1000 1005 1 1000 1000 0 10
0.166667 0.171561 0.014883 200 201 1000 1018 1 1000 1000 0 10
0.166667 0.170744 0.015513 200 194 1000 965 1 1000 1000 0 10
0.166667 0.161042 0.014157 200 206 1000 1077 1 1000 1000 0 10
0.166667 0.146446 0.014913 200 198 1000 993 1 1000 1000 0 10
0.166667 0.148971 0.015108 200 196 1000 980 1 1000 1000 0 10
0.166667 0.184448 0.014836 200 227 1000 1013 1 1000 1000 0 10
0.166667 0.203543 0.015177 200 241 1000 988 1 1000 1000 0 10
0.166667 0.177494 0.015377 200 207 1000 1024 1 1000 1000 0 10
0.166667 0.189156 0.014855 200 219 1000 1023 1 1000 1000 0 10
0.166667 0.181540 0.014994 200 203 1000 987 1 1000 1000 0 10
0.166667 0.143394 0.014270 200 190 1000 1052 1 1000 1000 0 10
0.166667 0.145895 0.014687 200 187 1000 1063 1 1000 1000 0 10
0.166667 0.152321 0.014724 200 182 1000 1015 1 1000 1000 0 10
0.166667 0.185440 0.015035 200 197 1000 1029 1 1000 1000 0 10
0.166667 0.136399 0.014381 200 177 1000 972 1 1000 1000 0 10
0.166667 0.167692 0.015405 200 183 1000 1000 1 1000 1000 0 10
0.166667 0.184480 0.015010 200 209 1000 1003 1 1000 1000 0 10
0.166667 0.183078 0.014897 200 223 1000 1003 1 1000 1000 0 10
0.166667 0.164386 0.013980 200 202 1000 1084 1 1000 1000 0 10
0.166667 0.183684 0.014980 200 208 1000 958 1 1000 1000 0 10
0.166667 0.162071 0.015711 200 197 1000 978 1 1000 1000 0 10
0.166667 0.194642 0.015300 200 207 1000 988 1 1000 1000 0 10
0.166667 0.174755 0.015393 200 192 1000 993 1 1000 1000 0 10
0.166667 0.175934 0.014644 200 200 1000 988 1 1000 1000 0 10
0.166667 0.167668 0.014955 200 209 1000 1034 1 1000 1000 0 10
0.166667 0.146190 0.014685 200 205 1000 1071 1 1000 1000 0 10
0.166667 0.142048 0.014361 200 180 1000 986 1 1000 1000 0 10
0.166667 0.144275 0.014810 200 205 1000 1009 1 1000 1000 0 10
0.166667 0.148161 0.014910 200 185 1000 970 1 1000 1000 0 10
0.166667 0.202860 0.015346 200 221 1000 976 1 1000 1000 0 10
0.166667 0.183835 0.015692 200 217 1000 979 1 1000 1000 0 10
0.166667 0.184345 0.014909 200 204 1000 1032 1 1000 1000 0 10
0.166667 0.176797 0.015328 200 214 1000 1004 1 1000 1000 0 10
0.166667 0.201782 0.014837 200 223 1000 1020 1 1000 1000 0 10
0.166667 0.160478 0.014632 200 196 1000 1031 1 1000 1000 0 10
0.166667 0.141614 0.014827 200 179 1000 995 1 1000 1000 0 10
0.166667 0.170834 0.015559 200 192 1000 946 1 1000 1000 0 10
0.166667 0.185301 0.015277 200 219 1000 982 1 1000 1000 0 10
0.166667 0.142555 0.014048 200 179 1000 1055 1 1000 1000 0 10
0.166667 0.167727 0.014724 200 192 1000 1055 1 1000 1000 0 10
0.166667 0.158434 0.014605 200 187 1000 1026 1 1000 1000 0 10
0.166667 0.160647 0.014626 200 199 1000 974 1 1000 1000 0 10
0.166667 0.150902 0.014833 200 185 1000 1012 1 1000 1000 0 10
0.166667 0.166558 0.014880 200 179 1000 976 1 1000 1000 0 10
0.166667 0.169736 0.014954 200 199 1000 987 1 1000 1000 0 10
0.166667 0.188141 0.015087 200 202 1000 1028 1 1000 1000 0 10
0.166667 0.159220 0.014506 200 192 1000 1059 1 1000 1000 0 10
0.166667 0.170651 0.014984 200 185 1000 978 1 1000 1000 0 10
0.166667 0.182297 0.015004 200 204 1000 1044 1 1000 1000 0 10
0.166667 0.133620 0.014429 200 170 1000 985 1 1000 1000 0 10
0.166667 0.171083 0.014773 200 202 1000 1048 1 1000 1000 0 10
0.166667 0.176385 0.014361 200 204 1000 1013 1 1000 1000 0 10
0.166667 0.179338 0.015521 200 203 1000 951 1 1000 1000 0 10
0.166667 0.150711 0.015387 200 207 1000 992 1 1000 1000 0 10
0.166667 0.200244 0.014603 200 208 1000 1007 1 1000 1000 0 10
0.166667 0.163857 0.014732 200 184 1000 989 1 1000 1000 0 10
0.166667 0.192085 0.014602 200 224 1000 1024 1 1000 1000 0 10
0.166667 0.197978 0.015004 200 216 1000 1003 1 1000 1000 0 10
0.166667 0.165253 0.015339 200 214 1000 1003 1 1000 1000 0 10
0.166667 0.196580 0.015416 200 220 1000 974 1 1000 1000 0 10
0.166667 0.211886 0.015438 200 215 1000 975 1 1000 1000 0 10
0.166667 0.161963 0.014610 200 207 1000 1033 1 1000 1000 0 10
0.166667 0.163275 0.014997 200 198 1000 1015 1 1000 1000 0 10
0.166667 0.200040 0.015008 200 227 1000 1024 1 1000 1000 0 10
0.166667 0.199275 0.015091 200 211 1000 1002 1 1000 1000 0 10
0.166667 0.178154 0.014814 200 201 1000 1028 1 1000 1000 0 10
0.166667 0.176278 0.015338 200 180 1000 930 1 1000 1000 0 10
0.166667 0.170564 0.015911 200 192 1000 949 1 1000 1000 0 10
0.166667 0.175412 0.014678 200 211 1000 1019 1 1000 1000 0 10
0.166667 0.172285 0.014119 200 189 1000 1027 1 1000 1000 0 10
0.166667 0.194383 0.015310 200 211 1000 984 1 1000 1000 0 10
0.166667 0.183498 0.015089 200 202 1000 997 1 1000 1000 0 10
0.166667 0.188125 0.015219 200 220 1000 1036 1 1000 1000 0 10
0.166667 0.165003 0.014802 200 190 1000 987 1 1000 1000 0 10
0.166667 0.188628 0.014980 200 221 1000 992 1 1000 1000 0 10
0.166667 0.188297 0.015558 200 212 1000 976 1 1000 1000 0 10
0.166667 0.139287 0.014614 200 196 1000 1042 1 1000 1000 0 10
0.166667 0.155732 0.014363 200 196 1000 999 1 1000 1000 0 10
0.166667 0.173927 0.015485 200 192 1000 985 1 1000 1000 0 10
0.166667 0.178220 0.015229 200 198 1000 965 1 1000 1000 0 10
0.166667 0.177934 0.015134 200 169 1000 994 1 1000 1000 0 10
0.166667 0.179294 0.014557 200 203 1000 1012 1 1000 1000 0 10
0.166667 0.185665 0.015005 200 214 1000 980 1 1000 1000 0 10
0.166667 0.138608 0.014432 200 184 1000 1027 1 1000 1000 0 10
0.166667 0.183502 0.014345 200 188 1000 1039 1 1000 1000 0 10
