0.166667 0.196813 0.012767 200 210 1000 988 2 1000 1000 0 10
0.166667 0.213485 0.013095 200 227 1000 981 2 1000 1000 0 10
0.166667 0.182109 0.012393 200 182 1000 1000 2 1000 1000 0 10
0.166667 0.172272 0.011942 200 204 1000 1053 2 1000 1000 0 10
0.166667 0.171715 0.012040 200 202 1000 1055 2 1000 1000 0 10
0.166667 0.182902 0.012721 200 200 1000 961 2 1000 1000 0 10
0.166667 0.192654 0.012233 200 221 1000 1046 2 1000 1000 0 10
0.166667 0.167184 0.011881 200 186 1000 1039 2 1000 1000 0 10
0.166667 0.175612 0.012227 200 191 1000 1028 2 1000 1000 0 10
0.166667 0.176312 0.012585 200 194 1000 1013 2 1000 1000 0 10
0.166667 0.185618 0.012615 200 219 1000 983 2 1000 1000 0 10
0.166667 0.192768 0.013011 200 193 1000 967 2 1000 1000 0 10
0.166667 0.183014 0.012560 200 196 1000 983 2 1000 1000 0 10
0.166667 0.181653 0.012599 200 193 1000 981 2 1000 1000 0 10
0.166667 0.182948 0.012520 200 198 1000 997 2 1000 1000 0 10
0.166667 0.168156 0.012220 200 194 1000 1020 2 1000 1000 0 10
0.166667 0.172029 0.012082 200 191 1000 1037 2 1000 1000 0 10
0.166667 0.189328 0.012415 200 212 1000 1045 2 1000 1000 0 10
0.166667 0.181015 0.012429 200 205 1000 1005 2 1000 1000 0 10
0.166667 0.198938 0.013051 200 203 1000 951 2 1000 1000 0 10
0.166667 0.171713 0.012452 200 184 1000 1002 2 1000 1000 0 10
0.166667 0.179857 0.012458 200 185 1000 970 2 1000 1000 0 10
0.166667 0.205605 0.013209 200 199 1000 935 2 1000 1000 0 10
0.166667 0.177581 0.011832 200 197 1000 1067 2 1000 1000 0 10
0.166667 0.187387 0.012665 200 184 1000 981 2 1000 1000 0 10
0.166667 0.186796 0.012533 200 217 1000 1017 2 1000 1000 0 10
0.166667 0.178599 0.012309 200 192 1000 1001 2 1000 1000 0 10
0.166667 0.183052 0.012436 200 208 1000 1036 2 1000 1000 0 10
0.166667 0.185608 0.012551 200 215 1000 1037 2 1000 1000 0 10
0.166667 0.180336 0.012920 200 189 1000 961 2 1000 1000 0 10
0.166667 0.186950 0.012263 200 200 1000 1040 2 1000 1000 0 10
0.166667 0.220434 0.013418 200 227 1000 947 2 1000 1000 0 10
0.166667 0.195884 0.013017 200 197 1000 985 2 1000 1000 0 10
0.166667 0.181711 0.012412 200 192 1000 1018 2 1000 1000 0 10
0.166667 0.188447 0.012589 200 201 1000 968 2 1000 1000 0 10
0.166667 0.188645 0.012706 200 205 1000 1000 2 1000 1000 0 10
0.166667 0.170986 0.012119 200 183 1000 1056 2 1000 1000 0 10
0.166667 0.217372 0.013497 200 221 1000 929 2 1000 1000 0 10
0.166667 0.186146 0.012773 200 197 1000 935 2 1000 1000 0 10
0.166667 0.182400 0.012466 200 194 1000 1004 2 1000 1000 0 10
0.166667 0.172679 0.012556 200 188 1000 979 2 1000 1000 0 10
0.166667 0.186306 0.012996 200 186 1000 953 2 1000 1000 0 10
0.166667 0.179800 0.012329 200 200 1000 1017 2 1000 1000 0 10
0.166667 0.173740 0.012453 200 183 1000 975 2 1000 1000 0 10
0.166667 0.187129 0.012733 200 196 1000 986 2 1000 1000 0 10
0.166667 0.185995 0.012859 200 206 1000 964 2 1000 1000 0 10
0.166667 0.195973 0.013271 200 191 1000 943 2 1000 1000 0 10
0.166667 0.191959 0.012875 200 198 1000 971 2 1000 1000 0 10
0.166667 0.177039 0.012311 200 188 1000 999 2 1000 1000 0 10
0.166667 0.167191 0.012677 200 182 1000 951 2 1000 1000 0 10
0.166667 0.188519 0.012578 200 203 1000 991 2 1000 1000 0 10
0.166667 0.172004 0.012404 200 201 1000 1036 2 1000 1000 0 10
0.166667 0.195504 0.012689 200 218 1000 1012 2 1000 1000 0 10
0.166667 0.196685 0.012593 200 211 1000 1004 2 1000 1000 0 10
0.166667 0.180773 0.012242 200 202 1000 1028 2 1000 1000 0 10
0.166667 0.192116 0.012844 200 196 1000 952 2 1000 1000 0 10
0.166667 0.194215 0.012677 200 214 1000 972 2 1000 1000 0 10
0.166667 0.203805 0.013132 200 210 1000 954 2 1000 1000 0 10
0.166667 0.174046 0.012126 200 199 1000 1024 2 1000 1000 0 10
0.166667 0.183532 0.011999 200 212 1000 1074 2 1000 1000 0 10
0.166667 0.171936 0.012526 200 185 1000 968 2 1000 1000 0 10
0.166667 0.177043 0.012548 200 180 1000 987 2 1000 1000 0 10
0.166667 0.176825 0.012296 200 202 1000 1024 2 1000 1000 0 10
0.166667 0.200098 0.013046 200 215 1000 948 2 1000 1000 0 10
0.166667 0.171482 0.012489 200 188 1000 990 2 1000 1000 0 10
0.166667 0.196747 0.012673 200 218 1000 1002 2 1000 1000 0 10
0.166667 0.166521 0.011886 200 187 1000 1046 2 1000 1000 0 10
0.166667 0.166950 0.012156 200 185 1000 1014 2 1000 1000 0 10
0.166667 0.156107 0.012179 200 185 1000 1008 2 1000 1000 0 10
0.166667 0.189293 0.012632 200 205 1000 1017 2 1000 1000 0 10
0.166667 0.189812 0.012992 200 194 1000 970 2 1000 1000 0 10
0.166667 0.163528 0.012265 200 170 1000 984 2 1000 1000 0 10
0.166667 0.169282 0.012132 200 190 1000 1020 2 1000 1000 0 10
0.166667 0.172530 0.011957 200 189 1000 1041 2 1000 1000 0 10
0.166667 0.212564 0.013018 200 239 1000 969 2 1000 1000 0 10
0.166667 0.209211 0.013074 200 224 1000 971 2 1000 1000 0 10
0.166667 0.190191 0.012752 200 201 1000 987 2 1000 1000 0 10
0.166667 0.171572 0.012492 200 187 1000 993 2 1000 1000 0 10
0.166667 0.190763 0.012556 200 213 1000 1024 2 1000 1000 0 10
0.166667 0.179935 0.012769 200 207 1000 994 2 1000 1000 0 10
0.166667 0.188433 0.012481 200 205 1000 1011 2 1000 1000 0 10
0.166667 0.172255 0.012172 200 188 1000 1023 2 1000 1000 0 10
0.166667 0.194177 0.012594 200 216 1000 1011 2 1000 1000 0 10
0.166667 0.172699 0.012279 200 190 1000 1037 2 1000 1000 0 10
0.166667 0.173558 0.012304 200 193 1000 984 2 1000 1000 0 10
0.166667 0.196547 0.012854 200 210 1000 961 2 1000 1000 0 10
0.166667 0.196901 0.012437 200 224 1000 1025 2 1000 1000 0 10
0.166667 0.189836 0.012832 200 184 1000 952 2 1000 1000 0 10
0.166667 0.193801 0.012568 200 206 1000 997 2 1000 1000 0 10
0.166667 0.183236 0.012503 200 189 1000 1012 2 1000 1000 0 10
0.166667 0.178440 0.012928 200 184 1000 939 2 1000 1000 0 10
0.166667 0.197251 0.012855 200 206 1000 970 2 1000 1000 0 10
0.166667 0.188179 0.012566 200 197 1000 1012 2 1000 1000 0 10
0.166667 0.196793 0.012785 200 216 1000 994 2 1000 1000 0 10
0.166667 0.214176 0.013053 200 234 1000 984 2 1000 1000 0 10
0.166667 0.176779 0.013064 200 179 1000 923 2 1000 1000 0 10
0.166667 0.206491 0.013308 200 210 1000 962 2 1000 1000 0 10
0.166667 0.191237 0.012559 200 206 1000 1012 2 1000 1000 0 10
0.166667 0.188322 0.012435 200 219 1000 1019 2 1000 1000 0 10
0.166667 0.173697 0.012591 200 184 1000 979 2 1000 1000 0 10
0.166667 0.174724 0.012470 200 189 1000 990 2 1000 1000 0 10
0.166667 0.179724 0.012303 200 196 1000 1008 2 1000 1000 0 10
0.166667 0.192032 0.012481 200 207 1000 994 2 1000 1000 0 10
0.166667 0.165478 0.012025 200 171 1000 1019 2 1000 1000 0 10
0.166667 0.187411 0.012472 200 210 1000 1024 2 1000 1000 0 10
0.166667 0.183049 0.012478 200 197 1000 993 2 1000 1000 0 10
0.166667 0.188629 0.012630 200 190 1000 973 2 1000 1000 0 10
0.166667 0.170738 0.012092 200 203 1000 1021 2 1000 1000 0 10
0.166667 0.188967 0.012606 200 193 1000 985 2 1000 1000 0 10
0.166667 0.180907 0.012424 200 199 1000 1022 2 1000 1000 0 10
0.166667 0.193131 0.012677 200 215 1000 982 2 1000 1000 0 10
0.166667 0.166609 0.012082 200 189 1000 1032 2 1000 1000 0 10
0.166667 0.174787 0.012134 200 178 1000 1015 2 1000 1000 0 10
0.166667 0.182629 0.012694 200 196 1000 969 2 1000 1000 0 10
0.166667 0.172206 0.012084 200 184 1000 1030 2 1000 1000 0 10
0.166667 0.186544 0.011906 200 227 1000 1103 2 1000 1000 0 10
0.166667 0.185532 0.012721 200 191 1000 969 2 1000 1000 0 10
0.166667 0.219101 0.013380 200 222 1000 927 2 1000 1000 0 10
0.166667 0.176900 0.012189 200 193 1000 1018 2 1000 1000 0 10
0.166667 0.186823 0.012437 200 213 1000 1018 2 1000 1000 0 10
0.166667 0.178598 0.012663 200 171 1000 975 2 1000 1000 0 10
0.166667 0.206493 0.012836 200 224 1000 989 2 1000 1000 0 10
0.166667 0.193299 0.012832 200 220 1000 1009 2 1000 1000 0 10
0.166667 0.167797 0.011909 200 202 1000 1057 2 1000 1000 0 10
0.166667 0.197057 0.012918 200 205 1000 959 2 1000 1000 0 10
0.166667 0.186024 0.012454 200 194 1000 1017 2 1000 1000 0 10
0.166667 0.206894 0.013133 200 213 1000 972 2 1000 1000 0 10
0.166667 0.187244 0.012443 200 200 1000 1015 2 1000 1000 0 10
0.166667 0.180086 0.012947 200 187 1000 952 2 1000 1000 0 10
0.166667 0.185256 0.012641 200 208 1000 996 2 1000 1000 0 10
0.166667 0.167836 0.012148 200 183 1000 1017 2 1000 1000 0 10
0.166667 0.179492 0.012507 200 188 1000 1015 2 1000 1000 0 10
0.166667 0.146791 0.011706 200 164 1000 1016 2 1000 1000 0 10
0.166667 0.165662 0.012184 200 181 1000 982 2 1000 1000 0 10
0.166667 0.193229 0.012716 200 208 1000 993 2 1000 1000 0 10
0.166667 0.182439 0.012827 200 198 1000 963 2 1000 1000 0 10
0.166667 0.185894 0.012564 200 200 1000 1002 2 1000 1000 0 10
0.166667 0.166668 0.012375 200 187 1000 988 2 1000 1000 0 10
0.166667 0.197131 0.013187 200 202 1000 914 2 1000 1000 0 10
0.166667 0.187371 0.012745 200 200 1000 967 2 1000 1000 0 10
0.166667 0.195268 0.012448 200 219 1000 1011 2 1000 1000 0 10
0.166667 0.157126 0.011836 200 181 1000 1024 2 1000 1000 0 10
0.166667 0.184454 0.012691 200 202 1000 972 2 1000 1000 0 10
0.166667 0.179718 0.012192 200 191 1000 1022 2 1000 1000 0 10
0.166667 0.181424 0.012353 200 201 1000 1003 2 1000 1000 0 10
0.166667 0.191294 0.012527 200 209 1000 1023 2 1000 1000 0 10
0.166667 0.198144 0.012806 200 210 1000 991 2 1000 1000 0 10
0.166667 0.184272 0.012454 200 212 1000 978 2 1000 1000 0 10
0.166667 0.191523 0.012598 200 222 1000 1041 2 1000 1000 0 10
0.166667 0.222492 0.013227 200 230 1000 956 2 1000 1000 0 10
0.166667 0.164900 0.012053 200 177 1000 1034 2 1000 1000 0 10
0.166667 0.209387 0.012899 200 226 1000 993 2 1000 1000 0 10
0.166667 0.187453 0.012633 200 214 1000 994 2 1000 1000 0 10
0.166667 0.205676 0.012978 200 224 1000 985 2 1000 1000 0 10
0.166667 0.172004 0.011832 200 198 1000 1048 2 1000 1000 0 10
0.166667 0.173475 0.012389 200 194 1000 995 2 1000 1000 0 10
0.166667 0.181170 0.012262 200 208 1000 1021 2 1000 1000 0 10
0.166667 0.205728 0.013078 200 222 1000 967 2 1000 1000 0 10
0.166667 0.187391 0.012610 200 204 1000 1003 2 1000 1000 0 10
0.166667 0.181120 0.012493 200 191 1000 1011 2 1000 1000 0 10
0.166667 0.195817 0.012855 200 201 1000 958 2 1000 1000 0 10
0.166667 0.193661 0.013095 200 198 1000 928 2 1000 1000 0 10
0.166667 0.191393 0.012400 200 201 1000 1011 2 1000 1000 0 10
0.166667 0.199950 0.012821 200 202 1000 967 2 1000 1000 0 10
0.166667 0.189179 0.012982 200 203 1000 987 2 1000 1000 0 10
0.166667 0.216698 0.012897 200 231 1000 1000 2 1000 1000 0 10
0.166667 0.164692 0.011498 200 191 1000 1113 2 1000 1000 0 10
0.166667 0.199832 0.012992 200 223 1000 987 2 1000 1000 0 10
0.166667 0.176678 0.012532 200 197 1000 968 2 1000 1000 0 10
0.166667 0.176653 0.012427 200 192 1000 1015 2 1000 1000 0 10
0.166667 0.167438 0.011968 200 191 1000 1045 2 1000 1000 0 10
0.166667 0.171442 0.012564 200 166 1000 961 2 1000 1000 0 10
0.166667 0.175778 0.012235 200 203 1000 1035 2 1000 1000 0 10
0.166667 0.189353 0.012935 200 191 1000 967 2 1000 1000 0 10
0.166667 0.190661 0.012637 200 206 1000 992 2 1000 1000 0 10
0.166667 0.194993 0.012926 200 206 1000 982 2 1000 1000 0 10
0.166667 0.170684 0.011851 200 192 1000 1054 2 1000 1000 0 10
0.166667 0.199628 0.012862 200 219 1000 972 2 1000 1000 0 10
0.166667 0.191992 0.012892 200 193 1000 959 2 1000 1000 0 10
0.166667 0.170124 0.011834 200 188 1000 1096 2 1000 1000 0 10
0.166667 0.173978 0.012564 200 195 1000 995 2 1000 1000 0 10
0.166667 0.178968 0.012313 200 196 1000 1022 2 1000 1000 0 10
0.166667 0.163472 0.011949 200 181 1000 1020 2 1000 1000 0 10
0.166667 0.171935 0.012147 200 193 1000 1017 2 1000 1000 0 10
0.166667 0.193358 0.012790 200 208 1000 989 2 1000 1000 0 10
0.166667 0.178520 0.012710 200 197 1000 964 2 1000 1000 0 10
0.166667 0.187993 0.012854 200 193 1000 964 2 1000 1000 0 10
0.166667 0.173657 0.012428 200 189 1000 1018 2 1000 1000 0 10
0.166667 0.181724 0.012580 200 190 1000 985 2 1000 1000 0 10
0.166667 0.201441 0.012966 200 224 1000 971 2 1000 1000 0 10
0.166667 0.203421 0.012742 200 208 1000 1002 2 1000 1000 0 10
0.166667 0.184950 0.012588 200 195 1000 995 2 1000 1000 0 10
0.166667 0.169353 0.012151 200 182 1000 1033 2 1000 1000 0 10
0.166667 0.209154 0.013497 200 214 1000 952 2 1000 1000 0 10
0.166667 0.195438 0.012514 200 215 1000 1017 2 1000 1000 0 10
0.166667 0.158733 0.011994 200 183 1000 1011 2 1000 1000 0 10
0.166667 0.172858 0.012235 200 196 1000 1024 2 1000 1000 0 10
0.166667 0.170276 0.012290 200 188 1000 1007 2 1000 1000 0 10
0.166667 0.196604 0.012459 200 213 1000 1028 2 1000 1000 0 10
0.166667 0.168068 0.011923 200 185 1000 1020 2 1000 1000 0 10
0.166667 0.186845 0.012203 200 211 1000 1044 2 1000 1000 0 10
0.166667 0.196269 0.012621 200 206 1000 1011 2 1000 1000 0 10
0.166667 0.173803 0.012208 200 205 1000 1036 2 1000 1000 0 10
0.166667 0.184232 0.012301 200 216 1000 1013 2 1000 1000 0 10
0.166667 0.179847 0.012353 200 199 1000 1006 2 1000 1000 0 10
0.166667 0.170670 0.012100 200 179 1000 1025 2 1000 1000 0 10
0.166667 0.180337 0.012537 200 195 1000 1005 2 1000 1000 0 10
0.166667 0.197031 0.012991 200 202 1000 978 2 1000 1000 0 10
0.166667 0.185213 0.012733 200 187 1000 974 2 1000 1000 0 10
0.166667 0.196168 0.012830 200 212 1000 976 2 1000 1000 0 10
0.166667 0.198772 0.012718 200 212 1000 1001 2 1000 1000 0 10
0.166667 0.186135 0.012426 200 191 1000 990 2 1000 1000 0 10
0.166667 0.198357 0.012748 200 206 1000 1000 2 1000 1000 0 10
0.166667 0.176693 0.012623 200 206 1000 1017 2 1000 1000 0 10
0.166667 0.191631 0.012832 200 203 1000 963 2 1000 1000 0 10
0.166667 0.173737 0.012358 200 196 1000 1037 2 1000 1000 0 10
0.166667 0.181668 0.012798 200 186 1000 975 2 1000 1000 0 10
0.166667 0.179451 0.012389 200 199 1000 1041 2 1000 1000 0 10
0.166667 0.189278 0.013035 200 196 1000 952 2 1000 1000 0 10
0.166667 0.183543 0.012950 200 208 1000 950 2 1000 1000 0 10
0.166667 0.195237 0.012623 200 216 1000 1013 2 1000 1000 0 10
0.166667 0.172345 0.012057 200 192 1000 1048 2 1000 1000 0 10
0.166667 0.180766 0.013088 200 179 1000 916 2 1000 1000 0 10
0.166667 0.186537 0.012425 200 204 1000 1045 2 1000 1000 0 10
0.166667 0.177360 0.012299 200 206 1000 1026 2 1000 1000 0 10
0.166667 0.171420 0.011921 200 187 1000 1047 2 1000 1000 0 10
0.166667 0.172664 0.011908 200 185 1000 1036 2 1000 1000 0 10
0.166667 0.190890 0.012581 200 210 1000 1012 2 1000 1000 0 10
0.166667 0.153612 0.011697 200 184 1000 1067 2 1000 1000 0 10
0.166667 0.194781 0.012912 200 204 1000 992 2 1000 1000 0 10
0.166667 0.175776 0.012105 200 181 1000 1012 2 1000 1000 0 10
0.166667 0.180832 0.012340 200 191 1000 988 2 1000 1000 0 10
0.166667 0.188296 0.013139 200 197 1000 949 2 1000 1000 0 10
0.166667 0.216130 0.013347 200 228 1000 936 2 1000 1000 0 10
0.166667 0.199205 0.012794 200 228 1000 984 2 1000 1000 0 10
0.166667 0.182924 0.012578 200 197 1000 983 2 1000 1000 0 10
0.166667 0.172275 0.012127 200 201 1000 1031 2 1000 1000 0 10
0.166667 0.192597 0.012885 200 194 1000 992 2 1000 1000 0 10
0.166667 0.190442 0.013312 200 194 1000 911 2 1000 1000 0 10
0.166667 0.194841 0.012645 200 219 1000 1027 2 1000 1000 0 10
0.166667 0.198782 0.012975 200 212 1000 973 2 1000 1000 0 10
0.166667 0.187207 0.012555 200 202 1000 996 2 1000 1000 0 10
0.166667 0.197077 0.012836 200 202 1000 1025 2 1000 1000 0 10
0.166667 0.194679 0.012458 200 203 1000 1043 2 1000 1000 0 10
0.166667 0.187735 0.012386 200 210 1000 1025 2 1000 1000 0 10
0.166667 0.180982 0.012291 200 199 1000 1035 2 1000 1000 0 10
0.166667 0.190563 0.012837 200 207 1000 958 2 1000 1000 0 10
0.166667 0.176879 0.012352 200 210 1000 1049 2 1000 1000 0 10
0.166667 0.178461 0.012829 200 200 1000 961 2 1000 1000 0 10
0.166667 0.193143 0.012791 200 201 1000 984 2 1000 1000 0 10
0.166667 0.192990 0.012788 200 209 1000 974 2 1000 1000 0 10
0.166667 0.172471 0.012148 200 197 1000 1019 2 1000 1000 0 10
0.166667 0.213914 0.013036 200 239 1000 1004 2 1000 1000 0 10
0.166667 0.194658 0.012770 200 210 1000 992 2 1000 1000 0 10
0.166667 0.208651 0.013012 200 227 1000 1008 2 1000 1000 0 10
0.166667 0.210974 0.013034 200 219 1000 969 2 1000 1000 0 10
0.166667 0.180497 0.012753 200 189 1000 967 2 1000 1000 0 10
0.166667 0.182161 0.012404 200 209 1000 1031 2 1000 1000 0 10
0.166667 0.167658 0.012316 200 179 1000 984 2 1000 1000 0 10
0.166667 0.186448 0.012623 200 201 1000 986 2 1000 1000 0 10
0.166667 0.178609 0.011903 200 207 1000 1099 2 1000 1000 0 10
0.166667 0.215770 0.013225 200 227 1000 946 2 1000 1000 0 10
0.166667 0.185131 0.012449 200 199 1000 1006 2 1000 1000 0 10
0.166667 0.165871 0.012023 200 186 1000 1031 2 1000 1000 0 10
0.166667 0.196739 0.012977 200 194 1000 966 2 1000 1000 0 10
0.166667 0.172230 0.011872 200 196 1000 1067 2 1000 1000 0 10
0.166667 0.194032 0.013052 200 197 1000 939 2 1000 1000 0 10
0.166667 0.199120 0.012687 200 224 1000 1016 2 1000 1000 0 10
0.166667 0.184993 0.012377 200 215 1000 1023 2 1000 1000 0 10
0.166667 0.189408 0.013106 200 191 1000 924 2 1000 1000 0 10
0.166667 0.188633 0.012747 200 197 1000 990 2 1000 1000 0 10
0.166667 0.196691 0.012734 200 198 1000 968 2 1000 1000 0 10
0.166667 0.203691 0.013207 200 215 1000 950 2 1000 1000 0 10
0.166667 0.207166 0.012918 200 222 1000 999 2 1000 1000 0 10
0.166667 0.194101 0.012923 200 205 1000 968 2 1000 1000 0 10
0.166667 0.167432 0.011880 200 202 1000 1059 2 1000 1000 0 10
0.166667 0.208197 0.012873 200 220 1000 977 2 1000 1000 0 10
0.166667 0.192816 0.012765 200 197 1000 997 2 1000 1000 0 10
0.166667 0.166594 0.012078 200 191 1000 1017 2 1000 1000 0 10
0.166667 0.160496 0.011939 200 200 1000 1033 2 1000 1000 0 10
0.166667 0.211818 0.013008 200 218 1000 979 2 1000 1000 0 10
0.166667 0.196790 0.012745 200 202 1000 982 2 1000 1000 0 10
0.166667 0.180652 0.012693 200 192 1000 963 2 1000 1000 0 10
0.166667 0.175772 0.012656 200 175 1000 988 2 1000 1000 0 10
0.166667 0.189366 0.012608 200 198 1000 989 2 1000 1000 0 10
0.166667 0.178713 0.012502 200 186 1000 1010 2 1000 1000 0 10
0.166667 0.189045 0.012797 200 203 1000 977 2 1000 1000 0 10
0.166667 0.212787 0.013589 200 223 1000 911 2 1000 1000 0 10
0.166667 0.179949 0.012257 200 201 1000 1036 2 1000 1000 0 10
0.166667 0.185228 0.012525 200 194 1000 1001 2 1000 1000 0 10
0.166667 0.200104 0.012735 200 213 1000 976 2 1000 1000 0 10
0.166667 0.166950 0.012069 200 178 1000 1039 2 1000 1000 0 10
0.166667 0.187908 0.012833 200 205 1000 960 2 1000 1000 0 10
0.166667 0.175664 0.012277 200 193 1000 1028 2 1000 1000 0 10
0.166667 0.173991 0.012152 200 201 1000 1045 2 1000 1000 0 10
0.166667 0.192492 0.012648 200 207 1000 1029 2 1000 1000 0 10
0.166667 0.195095 0.013320 200 200 1000 918 2 1000 1000 0 10
0.166667 0.167956 0.012058 200 183 1000 998 2 1000 1000 0 10
0.166667 0.182326 0.012849 200 197 1000 976 2 1000 1000 0 10
0.166667 0.202994 0.012832 200 224 1000 986 2 1000 1000 0 10
0.166667 0.168312 0.012347 200 188 1000 986 2 1000 1000 0 10
0.166667 0.170269 0.012477 200 178 1000 986 2 1000 1000 0 10
0.166667 0.175831 0.012352 200 182 1000 1010 2 1000 1000 0 10
0.166667 0.175634 0.012526 200 198 1000 1024 2 1000 1000 0 10
0.166667 0.178082 0.012651 200 199 1000 984 2 1000 1000 0 10
0.166667 0.182884 0.012700 200 197 1000 975 2 1000 1000 0 10
0.166667 0.185978 0.012446 200 203 1000 1018 2 1000 1000 0 10
0.166667 0.184955 0.012749 200 190 1000 971 2 1000 1000 0 10
0.166667 0.191536 0.012898 200 195 1000 950 2 1000 1000 0 10
0.166667 0.167658 0.012421 200 189 1000 998 2 1000 1000 0 10
0.166667 0.200769 0.013164 200 209 1000 962 2 1000 1000 0 10
0.166667 0.201425 0.012794 200 211 1000 993 2 1000 1000 0 10
0.166667 0.177037 0.012263 200 199 1000 1028 2 1000 1000 0 10
0.166667 0.223513 0.013251 200 245 1000 957 2 1000 1000 0 10
0.166667 0.183855 0.012627 200 199 1000 990 2 1000 1000 0 10
0.166667 0.175560 0.012280 200 203 1000 1033 2 1000 1000 0 10
0.166667 0.177781 0.012937 200 196 1000 949 2 1000 1000 0 10
0.166667 0.194659 0.012728 200 224 1000 1005 2 1000 1000 0 10
0.166667 0.172203 0.012270 200 173 1000 1021 2 1000 1000 0 10
0.166667 0.184304 0.012827 200 203 1000 994 2 1000 1000 0 10
0.166667 0.177793 0.012255 200 185 1000 996 2 1000 1000 0 10
0.166667 0.197282 0.012432 200 225 1000 1045 2 1000 1000 0 10
0.166667 0.187272 0.012658 200 196 1000 984 2 1000 1000 0 10
0.166667 0.175762 0.012302 200 179 1000 1007 2 1000 1000 0 10
0.166667 0.163740 0.012080 200 184 1000 1016 2 1000 1000 0 10
0.166667 0.167559 0.011954 200 194 1000 1064 2 1000 1000 0 10
0.166667 0.178269 0.012447 200 180 1000 999 2 1000 1000 0 10
0.166667 0.184613 0.012217 200 199 1000 1046 2 1000 1000 0 10
0.166667 0.161979 0.011822 200 177 1000 1040 2 1000 1000 0 10
0.166667 0.206589 0.013517 200 210 1000 917 2 1000 1000 0 10
0.166667 0.172190 0.012188 200 179 1000 1028 2 1000 1000 0 10
0.166667 0.169224 0.012149 200 189 1000 1019 2 1000 1000 0 10
0.166667 0.220276 0.013225 200 233 1000 983 2 1000 1000 0 10
0.166667 0.153732 0.011655 200 173 1000 1062 2 1000 1000 0 10
0.166667 0.190445 0.012707 200 212 1000 989 2 1000 1000 0 10
0.166667 0.183674 0.012570 200 207 1000 1014 2 1000 1000 0 10
0.166667 0.167923 0.012181 200 177 1000 991 2 1000 1000 0 10
0.166667 0.177258 0.012285 200 192 1000 996 2 1000 1000 0 10
0.166667 0.179321 0.012461 200 206 1000 1022 2 1000 1000 0 10
0.166667 0.176286 0.012420 200 193 1000 1005 2 1000 1000 0 10
0.166667 0.188906 0.013405 200 177 1000 897 2 1000 1000 0 10
0.166667 0.183813 0.012487 200 195 1000 986 2 1000 1000 0 10
0.166667 0.189676 0.012806 200 196 1000 951 2 1000 1000 0 10
0.166667 0.176801 0.012617 200 188 1000 970 2 1000 1000 0 10
0.166667 0.165842 0.012283 200 171 1000 987 2 1000 1000 0 10
0.166667 0.192328 0.012666 200 207 1000 978 2 1000 1000 0 10
0.166667 0.200204 0.013260 200 215 1000 975 2 1000 1000 0 10
0.166667 0.193332 0.012679 200 211 1000 971 2 1000 1000 0 10
0.166667 0.187687 0.012582 200 194 1000 993 2 1000 1000 0 10
0.166667 0.201985 0.012761 200 210 1000 978 2 1000 1000 0 10
0.166667 0.173553 0.012236 200 187 1000 1009 2 1000 1000 0 10
0.166667 0.181741 0.012306 200 192 1000 1024 2 1000 1000 0 10
0.166667 0.191041 0.012267 200 230 1000 1053 2 1000 1000 0 10
0.166667 0.189267 0.012838 200 209 1000 975 2 1000 1000 0 10
0.166667 0.177834 0.012197 200 198 1000 1050 2 1000 1000 0 10
0.166667 0.172782 0.012104 200 190 1000 1039 2 1000 1000 0 10
0.166667 0.192196 0.012584 200 202 1000 1014 2 1000 1000 0 10
0.166667 0.174698 0.012235 200 204 1000 1016 2 1000 1000 0 10
0.166667 0.206669 0.013015 200 209 1000 985 2 1000 1000 0 10
0.166667 0.202612 0.013181 200 228 1000 979 2 1000 1000 0 10
0.166667 0.200544 0.012906 200 208 1000 978 2 1000 1000 0 10
0.166667 0.191284 0.012663 200 220 1000 1020 2 1000 1000 0 10
0.166667 0.178261 0.012775 200 194 1000 963 2 1000 1000 0 10
0.166667 0.179595 0.012309 200 201 1000 1024 2 1000 1000 0 10
0.166667 0.185151 0.012761 200 198 1000 976 2 1000 1000 0 10
0.166667 0.196040 0.012753 200 210 1000 993 2 1000 1000 0 10
0.166667 0.173813 0.012065 200 194 1000 1009 2 1000 1000 0 10
0.166667 0.182244 0.012709 200 202 1000 987 2 1000 1000 0 10
0.166667 0.195193 0.012258 200 217 1000 1069 2 1000 1000 0 10
0.166667 0.175873 0.012513 200 196 1000 1018 2 1000 1000 0 10
0.166667 0.202532 0.012749 200 222 1000 996 2 1000 1000 0 10
0.166667 0.185236 0.012628 200 200 1000 979 2 1000 1000 0 10
0.166667 0.171389 0.012340 200 185 1000 987 2 1000 1000 0 10
0.166667 0.153130 0.011779 200 182 1000 1030 2 1000 1000 0 10
0.166667 0.184702 0.012774 200 201 1000 960 2 1000 1000 0 10
0.166667 0.198692 0.013339 200 213 1000 937 2 1000 1000 0 10
0.166667 0.159946 0.012023 200 178 1000 999 2 1000 1000 0 10
0.166667 0.177485 0.012571 200 178 1000 978 2 1000 1000 0 10
0.166667 0.188594 0.012037 200 214 1000 1096 2 1000 1000 0 10
0.166667 0.182182 0.012161 200 194 1000 1023 2 1000 1000 0 10
0.166667 0.192659 0.012537 200 221 1000 1016 2 1000 1000 0 10
0.166667 0.185831 0.012545 200 210 1000 996 2 1000 1000 0 10
0.166667 0.172841 0.012415 200 185 1000 979 2 1000 1000 0 10
0.166667 0.179514 0.012494 200 201 1000 994 2 1000 1000 0 10
0.166667 0.187801 0.012810 200 190 1000 973 2 1000 1000 0 10
0.166667 0.182129 0.012379 200 211 1000 1016 2 1000 1000 0 10
0.166667 0.194840 0.012525 200 214 1000 1005 2 1000 1000 0 10
0.166667 0.189001 0.012958 200 196 1000 934 2 1000 1000 0 10
0.166667 0.188110 0.012700 200 197 1000 985 2 1000 1000 0 10
0.166667 0.203924 0.012890 200 216 1000 1001 2 1000 1000 0 10
0.166667 0.198722 0.012908 200 217 1000 988 2 1000 1000 0 10
0.166667 0.203999 0.012829 200 217 1000 979 2 1000 1000 0 10
0.166667 0.192640 0.013048 200 189 1000 945 2 1000 1000 0 10
0.166667 0.196317 0.012431 200 222 1000 1009 2 1000 1000 0 10
0.166667 0.171300 0.012765 200 196 1000 978 2 1000 1000 0 10
0.166667 0.188763 0.012554 200 193 1000 1013 2 1000 1000 0 10
0.166667 0.186049 0.012345 200 196 1000 1010 2 1000 1000 0 10
0.166667 0.182225 0.012265 200 205 1000 1031 2 1000 1000 0 10
0.166667 0.180617 0.012666 200 205 1000 984 2 1000 1000 0 10
0.166667 0.159861 0.012255 200 175 1000 976 2 1000 1000 0 10
0.166667 0.181465 0.012340 200 199 1000 1014 2 1000 1000 0 10
0.166667 0.185748 0.012611 200 204 1000 982 2 1000 1000 0 10
0.166667 0.187740 0.012299 200 201 1000 1039 2 1000 1000 0 10
0.166667 0.186040 0.012503 200 209 1000 993 2 1000 1000 0 10
0.166667 0.200082 0.012952 200 217 1000 999 2 1000 1000 0 10
0.166667 0.198270 0.012971 200 210 1000 971 2 1000 1000 0 10
0.166667 0.181832 0.012449 200 196 1000 993 2 1000 1000 0 10
0.166667 0.200842 0.012577 200 225 1000 1009 2 1000 1000 0 10
0.166667 0.175782 0.012366 200 202 1000 1039 2 1000 1000 0 10
0.166667 0.176933 0.012394 200 184 1000 969 2 1000 1000 0 10
0.166667 0.197789 0.012238 200 217 1000 1039 2 1000 1000 0 10
0.166667 0.178976 0.012233 200 199 1000 1015 2 1000 1000 0 10
0.166667 0.161751 0.012012 200 179 1000 1001 2 1000 1000 0 10
0.166667 0.181439 0.012629 200 182 1000 998 2 1000 1000 0 10
0.166667 0.184272 0.012747 200 199 1000 945 2 1000 1000 0 10
0.166667 0.192577 0.012905 200 205 1000 946 2 1000 1000 0 10
0.166667 0.173420 0.012403 200 176 1000 981 2 1000 1000 0 10
0.166667 0.212860 0.013100 200 240 1000 990 2 1000 1000 0 10
0.166667 0.183329 0.012793 200 191 1000 957 2 1000 1000 0 10
0.166667 0.183320 0.012710 200 201 1000 981 2 1000 1000 0 10
0.166667 0.189525 0.012773 200 204 1000 976 2 1000 1000 0 10
0.166667 0.200486 0.012947 200 213 1000 995 2 1000 1000 0 10
0.166667 0.170024 0.011929 200 194 1000 1054 2 1000 1000 0 10
0.166667 0.211842 0.012997 200 217 1000 967 2 1000 1000 0 10
0.166667 0.177228 0.012072 200 197 1000 1026 2 1000 1000 0 10
0.166667 0.181660 0.012591 200 182 1000 972 2 1000 1000 0 10
0.166667 0.185963 0.012605 200 195 1000 978 2 1000 1000 0 10
0.166667 0.176382 0.012310 200 196 1000 1001 2 1000 1000 0 10
0.166667 0.189735 0.012687 200 210 1000 978 2 1000 1000 0 10
0.166667 0.170951 0.012359 200 188 1000 1015 2 1000 1000 0 10
0.166667 0.185499 0.012447 200 213 1000 1026 2 1000 1000 0 10
0.166667 0.207296 0.012832 200 219 1000 985 2 1000 1000 0 10
0.166667 0.168936 0.011904 200 200 1000 1057 2 1000 1000 0 10
0.166667 0.199885 0.013088 200 210 1000 949 2 1000 1000 0 10
0.166667 0.169802 0.011649 200 200 1000 1097 2 1000 1000 0 10
0.166667 0.165650 0.012230 200 181 1000 994 2 1000 1000 0 10
0.166667 0.183138 0.012618 200 212 1000 1019 2 1000 1000 0 10
0.166667 0.193217 0.012375 200 215 1000 1025 2 1000 1000 0 10
0.166667 0.189276 0.013104 200 189 1000 954 2 1000 1000 0 10
0.166667 0.179195 0.012352 200 204 1000 1055 2 1000 1000 0 10
0.166667 0.185651 0.012727 200 193 1000 977 2 1000 1000 0 10
0.166667 0.188283 0.012531 200 207 1000 992 2 1000 1000 0 10
0.166667 0.191147 0.013002 200 201 1000 956 2 1000 1000 0 10
0.166667 0.201370 0.012972 200 211 1000 966 2 1000 1000 0 10
0.166667 0.206769 0.012797 200 225 1000 1005 2 1000 1000 0 10
0.166667 0.189636 0.012527 200 214 1000 1019 2 1000 1000 0 10
0.166667 0.185697 0.012524 200 199 1000 961 2 1000 1000 0 10
0.166667 0.168455 0.012279 200 179 1000 994 2 1000 1000 0 10
0.166667 0.184871 0.012482 200 192 1000 986 2 1000 1000 0 10
0.166667 0.191759 0.012844 200 194 1000 963 2 1000 1000 0 10
0.166667 0.209676 0.012768 200 240 1000 1014 2 1000 1000 0 10
0.166667 0.197244 0.012772 200 204 1000 979 2 1000 1000 0 10
0.166667 0.185905 0.012690 200 197 1000 999 2 1000 1000 0 10
0.166667 0.185335 0.012462 200 202 1000 1020 2 1000 1000 0 10
0.166667 0.181808 0.012429 200 192 1000 986 2 1000 1000 0 10
0.166667 0.173943 0.012410 200 177 1000 986 2 1000 1000 0 10
0.166667 0.197691 0.012747 200 213 1000 988 2 1000 1000 0 10
0.166667 0.211662 0.013120 200 220 1000 949 2 1000 1000 0 10
0.166667 0.196096 0.012720 200 216 1000 985 2 1000 1000 0 10
0.166667 0.195772 0.012458 200 206 1000 999 2 1000 1000 0 10
0.166667 0.171061 0.012464 200 177 1000 975 2 1000 1000 0 10
0.166667 0.168495 0.012381 200 175 1000 980 2 1000 1000 0 10
0.166667 0.179009 0.012558 200 196 1000 991 2 1000 1000 0 10
0.166667 0.178981 0.012574 200 185 1000 995 2 1000 1000 0 10
0.166667 0.166040 0.012203 200 194 1000 1004 2 1000 1000 0 10
0.166667 0.219558 0.013891 200 207 1000 894 2 1000 1000 0 10
0.166667 0.188971 0.012833 200 189 1000 969 2 1000 1000 0 10
0.166667 0.179760 0.012095 200 203 1000 1013 2 1000 1000 0 10
0.166667 0.189845 0.013005 200 202 1000 959 2 1000 1000 0 10
0.166667 0.183438 0.012744 200 204 1000 981 2 1000 1000 0 10
0.166667 0.171772 0.012378 200 195 1000 984 2 1000 1000 0 10
0.166667 0.176428 0.012612 200 199 1000 986 2 1000 1000 0 10
0.166667 0.196232 0.012810 200 215 1000 978 2 1000 1000 0 10
0.166667 0.172915 0.012008 200 188 1000 1032 2 1000 1000 0 10
0.166667 0.153788 0.011912 200 176 1000 1032 2 1000 1000 0 10
0.166667 0.194274 0.012501 200 211 1000 1009 2 1000 1000 0 10
0.166667 0.177975 0.012695 200 186 1000 972 2 1000 1000 0 10
0.166667 0.192437 0.012820 200 215 1000 972 2 1000 1000 0 10
0.166667 0.172170 0.012385 200 195 1000 1024 2 1000 1000 0 10
0.166667 0.157319 0.012306 200 183 1000 992 2 1000 1000 0 10
0.166667 0.200644 0.013009 200 212 1000 984 2 1000 1000 0 10
0.166667 0.178289 0.012534 200 195 1000 1007 2 1000 1000 0 10
0.166667 0.185633 0.012557 200 202 1000 995 2 1000 1000 0 10
0.166667 0.163508 0.012102 200 176 1000 1017 2 1000 1000 0 10
0.166667 0.180051 0.012369 200 184 1000 1005 2 1000 1000 0 10
0.166667 0.188424 0.013051 200 184 1000 951 2 1000 1000 0 10
0.166667 0.169182 0.012456 200 175 1000 969 2 1000 1000 0 10
0.166667 0.206129 0.013078 200 222 1000 999 2 1000 1000 0 10
0.166667 0.168526 0.012297 200 190 1000 1012 2 1000 1000 0 10
0.166667 0.180775 0.012442 200 183 1000 993 2 1000 1000 0 10
0.166667 0.168059 0.012496 200 186 1000 980 2 1000 1000 0 10
0.166667 0.188909 0.012687 200 200 1000 984 2 1000 1000 0 10
0.166667 0.163598 0.012074 200 191 1000 1038 2 1000 1000 0 10
0.166667 0.169842 0.012316 200 183 1000 990 2 1000 1000 0 10
0.166667 0.175833 0.012269 200 194 1000 1003 2 1000 1000 0 10
0.166667 0.189994 0.012899 200 211 1000 965 2 1000 1000 0 10
0.166667 0.190406 0.012676 200 210 1000 994 2 1000 1000 0 10
0.166667 0.197826 0.012645 200 229 1000 1050 2 1000 1000 0 10
0.166667 0.196853 0.012781 200 202 1000 990 2 1000 1000 0 10
0.166667 0.195173 0.012713 200 208 1000 1003 2 1000 1000 0 10
0.166667 0.173609 0.012230 200 195 1000 1006 2 1000 1000 0 10
0.166667 0.198727 0.012914 200 208 1000 971 2 1000 1000 0 10
0.166667 0.183885 0.012236 200 206 1000 1039 2 1000 1000 0 10
0.166667 0.184823 0.012986 200 198 1000 948 2 1000 1000 0 10
0.166667 0.192311 0.012873 200 201 1000 979 2 1000 1000 0 10
0.166667 0.189230 0.012573 200 203 1000 997 2 1000 1000 0 10
0.166667 0.167179 0.012227 200 196 1000 1027 2 1000 1000 0 10
0.166667 0.190548 0.012149 200 223 1000 1037 2 1000 1000 0 10
0.166667 0.180633 0.012875 200 188 1000 947 2 1000 1000 0 10
0.166667 0.170453 0.012275 200 191 1000 990 2 1000 1000 0 10
0.166667 0.182925 0.012865 200 195 1000 954 2 1000 1000 0 10
0.166667 0.192145 0.013113 200 200 1000 947 2 1000 1000 0 10
0.166667 0.171965 0.012858 200 177 1000 940 2 1000 1000 0 10
0.166667 0.171641 0.012180 200 193 1000 1028 2 1000 1000 0 10
0.166667 0.178130 0.012334 200 207 1000 1008 2 1000 1000 0 10
0.166667 0.198977 0.013009 200 196 1000 968 2 1000 1000 0 10
0.166667 0.185151 0.012714 200 198 1000 994 2 1000 1000 0 10
0.166667 0.218554 0.013299 200 233 1000 960 2 1000 1000 0 10
0.166667 0.171438 0.012511 200 173 1000 962 2 1000 1000 0 10
0.166667 0.194249 0.012804 200 201 1000 967 2 1000 1000 0 10
0.166667 0.186182 0.012669 200 197 1000 968 2 1000 1000 0 10
0.166667 0.174042 0.012175 200 189 1000 990 2 1000 1000 0 10
0.166667 0.167953 0.012622 200 178 1000 972 2 1000 1000 0 10
0.166667 0.189146 0.012583 200 207 1000 987 2 1000 1000 0 10
0.166667 0.176616 0.012216 200 204 1000 1034 2 1000 1000 0 10
0.166667 0.174209 0.012157 200 189 1000 1045 2 1000 1000 0 10
0.166667 0.190600 0.012946 200 204 1000 960 2 1000 1000 0 10
0.166667 0.187168 0.012812 200 196 1000 949 2 1000 1000 0 10
0.166667 0.172967 0.011864 200 206 1000 1102 2 1000 1000 0 10
0.166667 0.195578 0.012885 200 208 1000 999 2 1000 1000 0 10
0.166667 0.162619 0.011999 200 196 1000 998 2 1000 1000 0 10
0.166667 0.177376 0.012234 200 200 1000 1019 2 1000 1000 0 10
0.166667 0.183108 0.012488 200 203 1000 984 2 1000 1000 0 10
0.166667 0.190793 0.012424 200 210 1000 1021 2 1000 1000 0 10
0.166667 0.174312 0.012285 200 201 1000 1025 2 1000 1000 0 10
0.166667 0.183384 0.012977 200 199 1000 973 2 1000 1000 0 10
0.166667 0.162219 0.012159 200 198 1000 1003 2 1000 1000 0 10
0.166667 0.192163 0.012605 200 218 1000 1019 2 1000 1000 0 10
0.166667 0.164569 0.011968 200 183 1000 1044 2 1000 1000 0 10
0.166667 0.193640 0.012511 200 195 1000 998 2 1000 1000 0 10
0.166667 0.191747 0.012926 200 207 1000 982 2 1000 1000 0 10
0.166667 0.183332 0.012395 200 209 1000 1031 2 1000 1000 0 10
0.166667 0.185679 0.012419 200 212 1000 1011 2 1000 1000 0 10
0.166667 0.181502 0.012580 200 187 1000 981 2 1000 1000 0 10
0.166667 0.184150 0.012803 200 195 1000 955 2 1000 1000 0 10
0.166667 0.184454 0.012602 200 203 1000 988 2 1000 1000 0 10
0.166667 0.198116 0.013346 200 193 1000 912 2 1000 1000 0 10
0.166667 0.182484 0.012154 200 217 1000 1072 2 1000 1000 0 10
0.166667 0.184566 0.012485 200 183 1000 996 2 1000 1000 0 10
0.166667 0.193709 0.012568 200 209 1000 1011 2 1000 1000 0 10
0.166667 0.195764 0.012783 200 222 1000 985 2 1000 1000 0 10
0.166667 0.176749 0.012166 200 201 1000 1050 2 1000 1000 0 10
0.166667 0.188565 0.012801 200 193 1000 970 2 1000 1000 0 10
0.166667 0.177913 0.012436 200 181 1000 1012 2 1000 1000 0 10
0.166667 0.190822 0.012679 200 198 1000 975 2 1000 1000 0 10
0.166667 0.207023 0.012935 200 226 1000 1001 2 1000 1000 0 10
0.166667 0.167833 0.012553 200 179 1000 1005 2 1000 1000 0 10
0.166667 0.170617 0.012458 200 178 1000 979 2 1000 1000 0 10
0.166667 0.165919 0.012159 200 190 1000 1023 2 1000 1000 0 10
0.166667 0.173738 0.012244 200 193 1000 1002 2 1000 1000 0 10
0.166667 0.190241 0.012460 200 209 1000 1005 2 1000 1000 0 10
0.166667 0.189706 0.013092 200 197 1000 927 2 1000 1000 0 10
0.166667 0.166010 0.012348 200 188 1000 1001 2 1000 1000 0 10
0.166667 0.188940 0.012225 200 220 1000 1089 2 1000 1000 0 10
0.166667 0.190827 0.012304 200 218 1000 1032 2 1000 1000 0 10
0.166667 0.208475 0.012636 200 235 1000 1032 2 1000 1000 0 10
0.166667 0.200494 0.013073 200 218 1000 959 2 1000 1000 0 10
0.166667 0.204421 0.013067 200 219 1000 984 2 1000 1000 0 10
0.166667 0.182215 0.012558 200 202 1000 998 2 1000 1000 0 10
0.166667 0.199250 0.012787 200 199 1000 992 2 1000 1000 0 10
0.166667 0.194144 0.013013 200 204 1000 943 2 1000 1000 0 10
0.166667 0.180309 0.012398 200 208 1000 1028 2 1000 1000 0 10
0.166667 0.169396 0.012574 200 188 1000 979 2 1000 1000 0 10
0.166667 0.177306 0.012364 200 186 1000 1010 2 1000 1000 0 10
0.166667 0.169693 0.012241 200 182 1000 1034 2 1000 1000 0 10
0.166667 0.174920 0.012522 200 184 1000 1010 2 1000 1000 0 10
0.166667 0.194980 0.012705 200 212 1000 1008 2 1000 1000 0 10
0.166667 0.205584 0.012752 200 225 1000 990 2 1000 1000 0 10
0.166667 0.196235 0.012715 200 210 1000 992 2 1000 1000 0 10
0.166667 0.187002 0.012153 200 210 1000 1056 2 1000 1000 0 10
0.166667 0.198366 0.013381 200 208 1000 927 2 1000 1000 0 10
0.166667 0.185714 0.012847 200 190 1000 970 2 1000 1000 0 10
0.166667 0.162780 0.011853 200 188 1000 1063 2 1000 1000 0 10
0.166667 0.195584 0.012933 200 204 1000 974 2 1000 1000 0 10
0.166667 0.182258 0.012410 200 203 1000 1023 2 1000 1000 0 10
0.166667 0.179766 0.012507 200 201 1000 995 2 1000 1000 0 10
0.166667 0.192259 0.012320 200 212 1000 1059 2 1000 1000 0 10
0.166667 0.205546 0.012744 200 220 1000 1003 2 1000 1000 0 10
0.166667 0.192687 0.012393 200 216 1000 1043 2 1000 1000 0 10
0.166667 0.191173 0.013201 200 189 1000 916 2 1000 1000 0 10
0.166667 0.165693 0.012247 200 184 1000 980 2 1000 1000 0 10
0.166667 0.186970 0.012783 200 200 1000 986 2 1000 1000 0 10
0.166667 0.191199 0.012667 200 218 1000 1008 2 1000 1000 0 10
0.166667 0.195437 0.012698 200 203 1000 1027 2 1000 1000 0 10
0.166667 0.197953 0.012631 200 209 1000 992 2 1000 1000 0 10
0.166667 0.194477 0.012747 200 202 1000 982 2 1000 1000 0 10
0.166667 0.178784 0.012513 200 207 1000 1035 2 1000 1000 0 10
0.166667 0.189721 0.012805 200 192 1000 999 2 1000 1000 0 10
0.166667 0.175915 0.012244 200 188 1000 997 2 1000 1000 0 10
0.166667 0.180906 0.012155 200 203 1000 1044 2 1000 1000 0 10
0.166667 0.208413 0.012780 200 240 1000 1001 2 1000 1000 0 10
0.166667 0.170085 0.012331 200 178 1000 994 2 1000 1000 0 10
0.166667 0.186565 0.012509 200 201 1000 993 2 1000 1000 0 10
0.166667 0.187331 0.012589 200 214 1000 995 2 1000 1000 0 10
0.166667 0.191483 0.012601 200 204 1000 988 2 1000 1000 0 10
0.166667 0.195701 0.012678 200 209 1000 1001 2 1000 1000 0 10
0.166667 0.186063 0.012612 200 194 1000 977 2 1000 1000 0 10
0.166667 0.180509 0.012529 200 191 1000 996 2 1000 1000 0 10
0.166667 0.179539 0.012213 200 199 1000 1012 2 1000 1000 0 10
0.166667 0.212662 0.013036 200 216 1000 997 2 1000 1000 0 10
0.166667 0.183906 0.012152 200 208 1000 1066 2 1000 1000 0 10
0.166667 0.182482 0.012391 200 201 1000 1017 2 1000 1000 0 10
0.166667 0.197388 0.012511 200 217 1000 1048 2 1000 1000 0 10
0.166667 0.179567 0.012395 200 201 1000 1004 2 1000 1000 0 10
0.166667 0.170757 0.012169 200 181 1000 1005 2 1000 1000 0 10
0.166667 0.176767 0.012374 200 178 1000 992 2 1000 1000 0 10
0.166667 0.210405 0.013267 200 214 1000 955 2 1000 1000 0 10
0.166667 0.185630 0.012347 200 198 1000 1019 2 1000 1000 0 10
0.166667 0.184027 0.012222 200 206 1000 1050 2 1000 1000 0 10
0.166667 0.169242 0.012119 200 206 1000 1033 2 1000 1000 0 10
0.166667 0.172288 0.012278 200 201 1000 1022 2 1000 1000 0 10
0.166667 0.184547 0.012903 200 188 1000 946 2 1000 1000 0 10
0.166667 0.175183 0.012460 200 192 1000 1005 2 1000 1000 0 10
0.166667 0.183527 0.012635 200 183 1000 997 2 1000 1000 0 10
0.166667 0.170025 0.011923 200 196 1000 1062 2 1000 1000 0 10
0.166667 0.172336 0.011986 200 196 1000 1017 2 1000 1000 0 10
0.166667 0.187236 0.012696 200 203 1000 991 2 1000 1000 0 10
0.166667 0.167741 0.012239 200 183 1000 988 2 1000 1000 0 10
0.166667 0.172979 0.012510 200 186 1000 970 2 1000 1000 0 10
0.166667 0.168972 0.012036 200 177 1000 1033 2 1000 1000 0 10
0.166667 0.173868 0.012369 200 183 1000 1020 2 1000 1000 0 10
0.166667 0.199891 0.012619 200 211 1000 1006 2 1000 1000 0 10
0.166667 0.171718 0.012032 200 190 1000 1035 2 1000 1000 0 10
0.166667 0.160568 0.012009 200 184 1000 1026 2 1000 1000 0 10
0.166667 0.187481 0.012696 200 204 1000 1010 2 1000 1000 0 10
0.166667 0.180668 0.012219 200 208 1000 1022 2 1000 1000 0 10
0.166667 0.175581 0.012344 200 191 1000 983 2 1000 1000 0 10
0.166667 0.184766 0.012818 200 206 1000 968 2 1000 1000 0 10
0.166667 0.189567 0.012467 200 205 1000 1033 2 1000 1000 0 10
0.166667 0.161266 0.012007 200 178 1000 1015 2 1000 1000 0 10
0.166667 0.179055 0.012707 200 188 1000 973 2 1000 1000 0 10
0.166667 0.208981 0.012811 200 225 1000 1010 2 1000 1000 0 10
0.166667 0.198699 0.013067 200 209 1000 962 2 1000 1000 0 10
0.166667 0.188700 0.012771 200 207 1000 1004 2 1000 1000 0 10
0.166667 0.152261 0.011991 200 172 1000 1019 2 1000 1000 0 10
0.166667 0.197946 0.012728 200 219 1000 1013 2 1000 1000 0 10
0.166667 0.173017 0.012216 200 184 1000 1005 2 1000 1000 0 10
0.166667 0.186066 0.012275 200 212 1000 1041 2 1000 1000 0 10
0.166667 0.187600 0.012665 200 204 1000 978 2 1000 1000 0 10
0.166667 0.165894 0.011974 200 195 1000 1027 2 1000 1000 0 10
0.166667 0.183935 0.012395 200 199 1000 1006 2 1000 1000 0 10
0.166667 0.197023 0.012794 200 206 1000 1037 2 1000 1000 0 10
0.166667 0.186401 0.012716 200 208 1000 999 2 1000 1000 0 10
0.166667 0.192929 0.012713 200 219 1000 990 2 1000 1000 0 10
0.166667 0.198908 0.012716 200 217 1000 1010 2 1000 1000 0 10
0.166667 0.185521 0.012351 200 216 1000 1062 2 1000 1000 0 10
0.166667 0.204834 0.012671 200 222 1000 1036 2 1000 1000 0 10
0.166667 0.197795 0.013128 200 201 1000 964 2 1000 1000 0 10
0.166667 0.177865 0.012297 200 200 1000 1029 2 1000 1000 0 10
0.166667 0.193935 0.012595 200 204 1000 1012 2 1000 1000 0 10
0.166667 0.201053 0.012838 200 218 1000 961 2 1000 1000 0 10
0.166667 0.203098 0.012828 200 226 1000 1010 2 1000 1000 0 10
0.166667 0.183297 0.012661 200 195 1000 977 2 1000 1000 0 10
0.166667 0.183422 0.013116 200 198 1000 928 2 1000 1000 0 10
0.166667 0.186539 0.012798 200 201 1000 990 2 1000 1000 0 10
0.166667 0.178164 0.012335 200 183 1000 972 2 1000 1000 0 10
0.166667 0.187085 0.012331 200 206 1000 1015 2 1000 1000 0 10
0.166667 0.208089 0.013020 200 220 1000 992 2 1000 1000 0 10
0.166667 0.181679 0.012585 200 207 1000 999 2 1000 1000 0 10
0.166667 0.190779 0.012487 200 206 1000 1003 2 1000 1000 0 10
0.166667 0.182780 0.012753 200 200 1000 989 2 1000 1000 0 10
0.166667 0.199738 0.013222 200 212 1000 969 2 1000 1000 0 10
0.166667 0.201452 0.012795 200 230 1000 1025 2 1000 1000 0 10
0.166667 0.196746 0.012730 200 207 1000 985 2 1000 1000 0 10
0.166667 0.170507 0.012076 200 185 1000 1024 2 1000 1000 0 10
0.166667 0.167677 0.012633 200 182 1000 969 2 1000 1000 0 10
0.166667 0.187149 0.012588 200 210 1000 985 2 1000 1000 0 10
0.166667 0.164699 0.012552 200 169 1000 944 2 1000 1000 0 10
0.166667 0.168898 0.012011 200 198 1000 1048 2 1000 1000 0 10
0.166667 0.170281 0.011961 200 194 1000 1045 2 1000 1000 0 10
0.166667 0.217215 0.013035 200 225 1000 1014 2 1000 1000 0 10
0.166667 0.188781 0.012234 200 212 1000 1060 2 1000 1000 0 10
0.166667 0.169639 0.012032 200 190 1000 1018 2 1000 1000 0 10
0.166667 0.193570 0.012627 200 204 1000 977 2 1000 1000 0 10
0.166667 0.184308 0.012501 200 198 1000 1026 2 1000 1000 0 10
0.166667 0.161782 0.011846 200 167 1000 1025 2 1000 1000 0 10
0.166667 0.181189 0.012939 200 190 1000 962 2 1000 1000 0 10
0.166667 0.192834 0.012837 200 209 1000 981 2 1000 1000 0 10
0.166667 0.197367 0.012696 200 226 1000 990 2 1000 1000 0 10
0.166667 0.191430 0.012789 200 192 1000 1000 2 1000 1000 0 10
0.166667 0.175747 0.012493 200 201 1000 1013 2 1000 1000 0 10
0.166667 0.194515 0.012853 200 200 1000 991 2 1000 1000 0 10
0.166667 0.190347 0.012302 200 219 1000 1040 2 1000 1000 0 10
0.166667 0.186983 0.012757 200 207 1000 1008 2 1000 1000 0 10
0.166667 0.196762 0.013036 200 216 1000 964 2 1000 1000 0 10
0.166667 0.179757 0.012433 200 189 1000 1023 2 1000 1000 0 10
0.166667 0.168912 0.011617 200 200 1000 1083 2 1000 1000 0 10
0.166667 0.169710 0.012274 200 176 1000 987 2 1000 1000 0 10
0.166667 0.178460 0.012420 200 200 1000 1036 2 1000 1000 0 10
0.166667 0.173604 0.012509 200 190 1000 1006 2 1000 1000 0 10
0.166667 0.206689 0.013315 200 201 1000 946 2 1000 1000 0 10
0.166667 0.179420 0.012534 200 205 1000 988 2 1000 1000 0 10
0.166667 0.180558 0.012177 200 209 1000 1014 2 1000 1000 0 10
0.166667 0.209687 0.013268 200 216 1000 946 2 1000 1000 0 10
0.166667 0.190724 0.012512 200 206 1000 994 2 1000 1000 0 10
0.166667 0.197313 0.012654 200 220 1000 998 2 1000 1000 0 10
0.166667 0.178267 0.012068 200 199 1000 1028 2 1000 1000 0 10
0.166667 0.192763 0.013325 200 199 1000 927 2 1000 1000 0 10
0.166667 0.184449 0.012835 200 189 1000 943 2 1000 1000 0 10
0.166667 0.181421 0.012424 200 199 1000 1033 2 1000 1000 0 10
0.166667 0.186401 0.012733 200 205 1000 992 2 1000 1000 0 10
0.166667 0.171869 0.012073 200 196 1000 1055 2 1000 1000 0 10
0.166667 0.177291 0.012714 200 183 1000 970 2 1000 1000 0 10
0.166667 0.164521 0.012023 200 179 1000 1051 2 1000 1000 0 10
0.166667 0.171820 0.012502 200 184 1000 986 2 1000 1000 0 10
0.166667 0.158350 0.011820 200 187 1000 1040 2 1000 1000 0 10
0.166667 0.204245 0.012735 200 213 1000 997 2 1000 1000 0 10
0.166667 0.180128 0.012168 200 199 1000 1020 2 1000 1000 0 10
0.166667 0.172183 0.012033 200 200 1000 1045 2 1000 1000 0 10
0.166667 0.186065 0.012743 200 184 1000 958 2 1000 1000 0 10
0.166667 0.180073 0.012167 200 209 1000 1011 2 1000 1000 0 10
0.166667 0.169251 0.012304 200 192 1000 1036 2 1000 1000 0 10
0.166667 0.179454 0.012323 200 200 1000 1016 2 1000 1000 0 10
0.166667 0.182872 0.012640 200 200 1000 1007 2 1000 1000 0 10
0.166667 0.187019 0.012384 200 204 1000 1034 2 1000 1000 0 10
0.166667 0.189686 0.012352 200 203 1000 1031 2 1000 1000 0 10
0.166667 0.194656 0.012569 200 202 1000 1009 2 1000 1000 0 10
0.166667 0.184477 0.012175 200 202 1000 1012 2 1000 1000 0 10
0.166667 0.198333 0.013039 200 218 1000 966 2 1000 1000 0 10
0.166667 0.165295 0.012233 200 170 1000 1000 2 1000 1000 0 10
0.166667 0.186995 0.012389 200 202 1000 1020 2 1000 1000 0 10
0.166667 0.178713 0.012230 200 196 1000 1040 2 1000 1000 0 10
0.166667 0.196597 0.013012 200 218 1000 977 2 1000 1000 0 10
0.166667 0.184991 0.012789 200 195 1000 969 2 1000 1000 0 10
0.166667 0.184655 0.012836 200 200 1000 996 2 1000 1000 0 10
0.166667 0.188215 0.012499 200 202 1000 971 2 1000 1000 0 10
0.166667 0.198707 0.012777 200 215 1000 987 2 1000 1000 0 10
0.166667 0.182936 0.012647 200 200 1000 984 2 1000 1000 0 10
0.166667 0.172522 0.012096 200 181 1000 1023 2 1000 1000 0 10
0.166667 0.207526 0.013169 200 223 1000 985 2 1000 1000 0 10
0.166667 0.179330 0.012714 200 186 1000 964 2 1000 1000 0 10
0.166667 0.182013 0.012380 200 206 1000 1004 2 1000 1000 0 10
0.166667 0.185833 0.012997 200 188 1000 953 2 1000 1000 0 10
0.166667 0.173256 0.011985 200 199 1000 1049 2 1000 1000 0 10
0.166667 0.194753 0.012737 200 207 1000 1003 2 1000 1000 0 10
0.166667 0.166301 0.012019 200 197 1000 1004 2 1000 1000 0 10
0.166667 0.185237 0.012433 200 209 1000 1016 2 1000 1000 0 10
0.166667 0.190525 0.012823 200 197 1000 977 2 1000 1000 0 10
0.166667 0.212033 0.013116 200 241 1000 991 2 1000 1000 0 10
0.166667 0.194132 0.012863 200 208 1000 981 2 1000 1000 0 10
0.166667 0.208968 0.013126 200 228 1000 962 2 1000 1000 0 10
0.166667 0.153962 0.011814 200 175 1000 1015 2 1000 1000 0 10
0.166667 0.195794 0.013040 200 204 1000 965 2 1000 1000 0 10
0.166667 0.177659 0.012467 200 187 1000 1006 2 1000 1000 0 10
0.166667 0.182464 0.012408 200 208 1000 1008 2 1000 1000 0 10
0.166667 0.183507 0.012828 200 185 1000 955 2 1000 1000 0 10
0.166667 0.172666 0.012279 200 178 1000 1012 2 1000 1000 0 10
0.166667 0.177564 0.012080 200 193 1000 1067 2 1000 1000 0 10
0.166667 0.184723 0.012209 200 204 1000 1042 2 1000 1000 0 10
0.166667 0.183090 0.012666 200 199 1000 989 2 1000 1000 0 10
0.166667 0.205160 0.013238 200 213 1000 970 2 1000 1000 0 10
0.166667 0.179676 0.012372 200 205 1000 985 2 1000 1000 0 10
0.166667 0.201522 0.012707 200 221 1000 1017 2 1000 1000 0 10
0.166667 0.189344 0.012745 200 203 1000 989 2 1000 1000 0 10
0.166667 0.184974 0.012668 200 201 1000 989 2 1000 1000 0 10
0.166667 0.202209 0.013136 200 206 1000 960 2 1000 1000 0 10
0.166667 0.198135 0.012711 200 221 1000 994 2 1000 1000 0 10
0.166667 0.168207 0.012175 200 182 1000 1000 2 1000 1000 0 10
0.166667 0.191577 0.012812 200 208 1000 964 2 1000 1000 0 10
0.166667 0.176346 0.012660 200 178 1000 965 2 1000 1000 0 10
0.166667 0.185009 0.012653 200 204 1000 984 2 1000 1000 0 10
0.166667 0.191549 0.012454 200 200 1000 1030 2 1000 1000 0 10
0.166667 0.201357 0.012783 200 221 1000 1007 2 1000 1000 0 10
0.166667 0.182086 0.012488 200 197 1000 1020 2 1000 1000 0 10
0.166667 0.175004 0.012456 200 192 1000 978 2 1000 1000 0 10
0.166667 0.200600 0.012973 200 217 1000 985 2 1000 1000 0 10
0.166667 0.192603 0.012601 200 206 1000 998 2 1000 1000 0 10
0.166667 0.190698 0.012908 200 206 1000 973 2 1000 1000 0 10
0.166667 0.183230 0.012457 200 194 1000 990 2 1000 1000 0 10
0.166667 0.177146 0.011974 200 205 1000 1049 2 1000 1000 0 10
0.166667 0.189276 0.012864 200 196 1000 965 2 1000 1000 0 10
0.166667 0.192006 0.012897 200 202 1000 947 2 1000 1000 0 10
0.166667 0.166285 0.012082 200 167 1000 998 2 1000 1000 0 10
0.166667 0.180680 0.012874 200 188 1000 961 2 1000 1000 0 10
0.166667 0.202237 0.012894 200 223 1000 982 2 1000 1000 0 10
0.166667 0.185908 0.012547 200 206 1000 1002 2 1000 1000 0 10
0.166667 0.169608 0.012165 200 189 1000 1020 2 1000 1000 0 10
0.166667 0.182400 0.012908 200 195 1000 985 2 1000 1000 0 10
0.166667 0.196980 0.012981 200 217 1000 980 2 1000 1000 0 10
0.166667 0.183109 0.012487 200 190 1000 974 2 1000 1000 0 10
0.166667 0.182922 0.012500 200 203 1000 991 2 1000 1000 0 10
0.166667 0.193558 0.012725 200 218 1000 1004 2 1000 1000 0 10
0.166667 0.190085 0.013008 200 197 1000 987 2 1000 1000 0 10
0.166667 0.177982 0.012418 200 199 1000 992 2 1000 1000 0 10
0.166667 0.189601 0.012663 200 199 1000 998 2 1000 1000 0 10
0.166667 0.192541 0.012877 200 208 1000 969 2 1000 1000 0 10
0.166667 0.205270 0.013082 200 212 1000 969 2 1000 1000 0 10
0.166667 0.187320 0.012554 200 197 1000 992 2 1000 1000 0 10
0.166667 0.189413 0.012626 200 199 1000 990 2 1000 1000 0 10
0.166667 0.201782 0.012478 200 225 1000 1033 2 1000 1000 0 10
0.166667 0.175286 0.012150 200 202 1000 1071 2 1000 1000 0 10
0.166667 0.154444 0.011718 200 175 1000 1037 2 1000 1000 0 10
0.166667 0.191728 0.012435 200 210 1000 1041 2 1000 1000 0 10
0.166667 0.178049 0.012358 200 183 1000 1003 2 1000 1000 0 10
0.166667 0.202617 0.013103 200 216 1000 949 2 1000 1000 0 10
0.166667 0.172176 0.012018 200 197 1000 1045 2 1000 1000 0 10
0.166667 0.184137 0.012153 200 207 1000 1041 2 1000 1000 0 10
0.166667 0.196824 0.012854 200 219 1000 983 2 1000 1000 0 10
0.166667 0.186262 0.012588 200 211 1000 1000 2 1000 1000 0 10
0.166667 0.203974 0.013062 200 208 1000 970 2 1000 1000 0 10
0.166667 0.185160 0.013039 200 192 1000 928 2 1000 1000 0 10
0.166667 0.199528 0.013480 200 194 1000 912 2 1000 1000 0 10
0.166667 0.195751 0.012909 200 199 1000 999 2 1000 1000 0 10
0.166667 0.181893 0.012284 200 209 1000 1046 2 1000 1000 0 10
0.166667 0.160309 0.012055 200 169 1000 1010 2 1000 1000 0 10
0.166667 0.181721 0.012614 200 192 1000 966 2 1000 1000 0 10
0.166667 0.186142 0.012874 200 204 1000 975 2 1000 1000 0 10
0.166667 0.194090 0.012917 200 218 1000 988 2 1000 1000 0 10
0.166667 0.165917 0.012252 200 165 1000 1003 2 1000 1000 0 10
0.166667 0.189014 0.012524 200 203 1000 1015 2 1000 1000 0 10
0.166667 0.184624 0.012640 200 198 1000 991 2 1000 1000 0 10
0.166667 0.184721 0.012267 200 209 1000 1015 2 1000 1000 0 10
0.166667 0.164738 0.012024 200 178 1000 1037 2 1000 1000 0 10
0.166667 0.177402 0.012987 200 186 1000 953 2 1000 1000 0 10
0.166667 0.184546 0.012568 200 198 1000 992 2 1000 1000 0 10
0.166667 0.192854 0.012519 200 221 1000 1027 2 1000 1000 0 10
0.166667 0.183972 0.012416 200 195 1000 1032 2 1000 1000 0 10
0.166667 0.190791 0.012693 200 201 1000 968 2 1000 1000 0 10
0.166667 0.162558 0.012333 200 183 1000 990 2 1000 1000 0 10
0.166667 0.204291 0.013271 200 216 1000 927 2 1000 1000 0 10
0.166667 0.187153 0.012222 200 204 1000 1023 2 1000 1000 0 10
0.166667 0.189433 0.012665 200 205 1000 982 2 1000 1000 0 10
0.166667 0.179439 0.012373 200 187 1000 1008 2 1000 1000 0 10
0.166667 0.160839 0.011969 200 179 1000 1006 2 1000 1000 0 10
0.166667 0.214527 0.013282 200 229 1000 944 2 1000 1000 0 10
0.166667 0.189529 0.012446 200 204 1000 1023 2 1000 1000 0 10
0.166667 0.187622 0.012548 200 206 1000 995 2 1000 1000 0 10
0.166667 0.187763 0.012435 200 220 1000 1031 2 1000 1000 0 10
0.166667 0.187592 0.012653 200 195 1000 1007 2 1000 1000 0 10
0.166667 0.184692 0.012271 200 205 1000 1015 2 1000 1000 0 10
0.166667 0.178086 0.012338 200 192 1000 1002 2 1000 1000 0 10
0.166667 0.198641 0.012927 200 215 1000 960 2 1000 1000 0 10
0.166667 0.182982 0.012544 200 193 1000 1013 2 1000 1000 0 10
0.166667 0.172352 0.012356 200 192 1000 995 2 1000 1000 0 10
0.166667 0.188249 0.012394 200 210 1000 1022 2 1000 1000 0 10
0.166667 0.194656 0.012690 200 212 1000 1032 2 1000 1000 0 10
0.166667 0.193866 0.012436 200 226 1000 1036 2 1000 1000 0 10
0.166667 0.193632 0.012943 200 195 1000 954 2 1000 1000 0 10
0.166667 0.191868 0.012942 200 196 1000 974 2 1000 1000 0 10
0.166667 0.203383 0.012942 200 226 1000 982 2 1000 1000 0 10
0.166667 0.208908 0.012776 200 227 1000 1023 2 1000 1000 0 10
0.166667 0.180478 0.012595 200 191 1000 948 2 1000 1000 0 10
0.166667 0.183282 0.012294 200 202 1000 1028 2 1000 1000 0 10
0.166667 0.220758 0.013373 200 228 1000 978 2 1000 1000 0 10
0.166667 0.191758 0.013275 200 207 1000 963 2 1000 1000 0 10
0.166667 0.186664 0.012236 200 204 1000 1003 2 1000 1000 0 10
0.166667 0.181228 0.012512 200 194 1000 975 2 1000 1000 0 10
0.166667 0.179379 0.012213 200 209 1000 1081 2 1000 1000 0 10
0.166667 0.207934 0.013004 200 215 1000 991 2 1000 1000 0 10
0.166667 0.196448 0.013003 200 199 1000 944 2 1000 1000 0 10
0.166667 0.174584 0.012238 200 195 1000 1038 2 1000 1000 0 10
0.166667 0.195061 0.012854 200 207 1000 984 2 1000 1000 0 10
0.166667 0.184297 0.012529 200 213 1000 988 2 1000 1000 0 10
0.166667 0.176716 0.012329 200 187 1000 995 2 1000 1000 0 10
0.166667 0.197988 0.012858 200 227 1000 1010 2 1000 1000 0 10
0.166667 0.181635 0.012500 200 192 1000 972 2 1000 1000 0 10
0.166667 0.217618 0.012914 200 240 1000 992 2 1000 1000 0 10
0.166667 0.193282 0.012199 200 218 1000 1048 2 1000 1000 0 10
0.166667 0.184041 0.012578 200 200 1000 977 2 1000 1000 0 10
0.166667 0.177807 0.012316 200 190 1000 1016 2 1000 1000 0 10
0.166667 0.192516 0.012798 200 205 1000 978 2 1000 1000 0 10
0.166667 0.196288 0.012444 200 212 1000 1054 2 1000 1000 0 10
0.166667 0.194957 0.013157 200 208 1000 945 2 1000 1000 0 10
0.166667 0.197608 0.012622 200 230 1000 1001 2 1000 1000 0 10
0.166667 0.175578 0.012213 200 194 1000 1006 2 1000 1000 0 10
0.166667 0.186937 0.012060 200 212 1000 1070 2 1000 1000 0 10
0.166667 0.185003 0.012831 200 203 1000 966 2 1000 1000 0 10
0.166667 0.184434 0.012261 200 197 1000 1031 2 1000 1000 0 10
0.166667 0.181350 0.012014 200 210 1000 1089 2 1000 1000 0 10
0.166667 0.190599 0.012657 200 196 1000 1027 2 1000 1000 0 10
0.166667 0.191652 0.012611 200 202 1000 992 2 1000 1000 0 10
0.166667 0.162957 0.012020 200 190 1000 1040 2 1000 1000 0 10
0.166667 0.184983 0.012279 200 204 1000 1037 2 1000 1000 0 10
0.166667 0.174130 0.012476 200 183 1000 984 2 1000 1000 0 10
0.166667 0.178753 0.012660 200 183 1000 969 2 1000 1000 0 10
0.166667 0.177351 0.012398 200 201 1000 1014 2 1000 1000 0 10
0.166667 0.172675 0.012186 200 191 1000 1044 2 1000 1000 0 10
0.166667 0.177922 0.012277 200 186 1000 993 2 1000 1000 0 10
0.166667 0.177053 0.012507 200 192 1000 982 2 1000 1000 0 10
0.166667 0.177481 0.012206 200 190 1000 1015 2 1000 1000 0 10
0.166667 0.193877 0.012926 200 198 1000 969 2 1000 1000 0 10
0.166667 0.205577 0.012713 200 233 1000 1008 2 1000 1000 0 10
0.166667 0.196530 0.012580 200 214 1000 992 2 1000 1000 0 10
0.166667 0.185461 0.012610 200 198 1000 967 2 1000 1000 0 10
0.166667 0.162785 0.011859 200 193 1000 1062 2 1000 1000 0 10
0.166667 0.173567 0.012286 200 204 1000 1034 2 1000 1000 0 10
0.166667 0.157167 0.011879 200 172 1000 1031 2 1000 1000 0 10
0.166667 0.183481 0.012179 200 202 1000 1030 2 1000 1000 0 10
0.166667 0.173824 0.012292 200 195 1000 1021 2 1000 1000 0 10
0.166667 0.194126 0.012712 200 214 1000 1039 2 1000 1000 0 10
0.166667 0.186129 0.012636 200 207 1000 982 2 1000 1000 0 10
0.166667 0.188075 0.013028 200 213 1000 958 2 1000 1000 0 10
0.166667 0.172009 0.011955 200 192 1000 1042 2 1000 1000 0 10
0.166667 0.187019 0.012744 200 204 1000 964 2 1000 1000 0 10
0.166667 0.177563 0.012239 200 180 1000 1012 2 1000 1000 0 10
0.166667 0.174764 0.012497 200 193 1000 982 2 1000 1000 0 10
0.166667 0.166258 0.012790 200 182 1000 942 2 1000 1000 0 10
0.166667 0.217525 0.013390 200 224 1000 923 2 1000 1000 0 10
0.166667 0.180557 0.012131 200 211 1000 1044 2 1000 1000 0 10
0.166667 0.192893 0.012358 200 209 1000 1033 2 1000 1000 0 10
0.166667 0.180913 0.012507 200 195 1000 1014 2 1000 1000 0 10
0.166667 0.190452 0.012253 200 218 1000 1063 2 1000 1000 0 10
0.166667 0.215154 0.012959 200 233 1000 999 2 1000 1000 0 10
0.166667 0.194787 0.012938 200 188 1000 953 2 1000 1000 0 10
0.166667 0.186704 0.012528 200 202 1000 996 2 1000 1000 0 10
0.166667 0.216414 0.013615 200 211 1000 925 2 1000 1000 0 10
0.166667 0.184443 0.012917 200 184 1000 948 2 1000 1000 0 10
0.166667 0.194054 0.013063 200 213 1000 969 2 1000 1000 0 10
0.166667 0.196061 0.012482 200 210 1000 1026 2 1000 1000 0 10
0.166667 0.168407 0.012641 200 185 1000 960 2 1000 1000 0 10
0.166667 0.183177 0.012601 200 198 1000 987 2 1000 1000 0 10
0.166667 0.195211 0.013268 200 213 1000 957 2 1000 1000 0 10
0.166667 0.172448 0.012499 200 196 1000 968 2 1000 1000 0 10
0.166667 0.167920 0.011928 200 198 1000 1059 2 1000 1000 0 10
0.166667 0.181394 0.012243 200 206 1000 1039 2 1000 1000 0 10
0.166667 0.179083 0.012579 200 191 1000 993 2 1000 1000 0 10
0.166667 0.182115 0.012549 200 194 1000 1023 2 1000 1000 0 10
0.166667 0.168146 0.012072 200 178 1000 1039 2 1000 1000 0 10
0.166667 0.185051 0.012472 200 200 1000 1003 2 1000 1000 0 10
0.166667 0.207907 0.013438 200 214 1000 948 2 1000 1000 0 10
0.166667 0.151492 0.011643 200 168 1000 1020 2 1000 1000 0 10
0.166667 0.192070 0.012762 200 207 1000 977 2 1000 1000 0 10
0.166667 0.154064 0.011813 200 167 1000 1050 2 1000 1000 0 10
0.166667 0.160837 0.012143 200 182 1000 1005 2 1000 1000 0 10
0.166667 0.197749 0.012662 200 209 1000 1033 2 1000 1000 0 10
0.166667 0.190154 0.012701 200 207 1000 979 2 1000 1000 0 10
0.166667 0.177385 0.012342 200 194 1000 987 2 1000 1000 0 10
0.166667 0.175370 0.012597 200 183 1000 974 2 1000 1000 0 10
0.166667 0.192783 0.012782 200 220 1000 1003 2 1000 1000 0 10
0.166667 0.176615 0.012573 200 184 1000 979 2 1000 1000 0 10
0.166667 0.188854 0.012764 200 196 1000 973 2 1000 1000 0 10
0.166667 0.173350 0.012202 200 205 1000 1056 2 1000 1000 0 10
0.166667 0.203487 0.013129 200 201 1000 937 2 1000 1000 0 10
0.166667 0.193884 0.012584 200 205 1000 988 2 1000 1000 0 10
0.166667 0.195985 0.012705 200 209 1000 985 2 1000 1000 0 10
0.166667 0.184367 0.012463 200 194 1000 996 2 1000 1000 0 10
0.166667 0.175152 0.012353 200 187 1000 996 2 1000 1000 0 10
0.166667 0.211465 0.013167 200 215 1000 962 2 1000 1000 0 10
0.166667 0.208909 0.012885 200 241 1000 1016 2 1000 1000 0 10
0.166667 0.197859 0.012677 200 215 1000 1004 2 1000 1000 0 10
0.166667 0.195281 0.012645 200 203 1000 975 2 1000 1000 0 10
0.166667 0.195350 0.012892 200 199 1000 987 2 1000 1000 0 10
0.166667 0.184178 0.011961 200 213 1000 1070 2 1000 1000 0 10
0.166667 0.159025 0.011891 200 164 1000 1005 2 1000 1000 0 10
0.166667 0.178733 0.012442 200 196 1000 991 2 1000 1000 0 10
0.166667 0.177584 0.012213 200 201 1000 1027 2 1000 1000 0 10
0.166667 0.187652 0.012466 200 211 1000 1001 2 1000 1000 0 10
0.166667 0.156484 0.012203 200 197 1000 1001 2 1000 1000 0 10
0.166667 0.187066 0.012255 200 207 1000 1053 2 1000 1000 0 10
0.166667 0.159068 0.012521 200 177 1000 978 2 1000 1000 0 10
0.166667 0.160188 0.011990 200 185 1000 1031 2 1000 1000 0 10
0.166667 0.158760 0.011914 200 169 1000 1044 2 1000 1000 0 10
0.166667 0.194543 0.012458 200 211 1000 1015 2 1000 1000 0 10
0.166667 0.184061 0.012613 200 197 1000 1005 2 1000 1000 0 10
0.166667 0.205525 0.012829 200 224 1000 965 2 1000 1000 0 10
0.166667 0.189869 0.012417 200 218 1000 1032 2 1000 1000 0 10
0.166667 0.177849 0.012215 200 192 1000 1027 2 1000 1000 0 10
0.166667 0.169347 0.012785 200 182 1000 963 2 1000 1000 0 10
0.166667 0.179253 0.012319 200 193 1000 1024 2 1000 1000 0 10
0.166667 0.186101 0.012577 200 204 1000 1008 2 1000 1000 0 10
0.166667 0.196770 0.012708 200 211 1000 1022 2 1000 1000 0 10
0.166667 0.180095 0.012410 200 213 1000 1038 2 1000 1000 0 10
0.166667 0.181836 0.012609 200 199 1000 963 2 1000 1000 0 10
0.166667 0.203536 0.013180 200 211 1000 968 2 1000 1000 0 10
0.166667 0.179813 0.011789 200 202 1000 1074 2 1000 1000 0 10
0.166667 0.190916 0.012597 200 212 1000 1003 2 1000 1000 0 10
0.166667 0.193092 0.012666 200 202 1000 960 2 1000 1000 0 10
0.166667 0.191677 0.012473 200 207 1000 1001 2 1000 1000 0 10
0.166667 0.171198 0.011880 200 193 1000 1049 2 1000 1000 0 10
0.166667 0.189753 0.012525 200 201 1000 1022 2 1000 1000 0 10
0.166667 0.177576 0.012362 200 192 1000 1007 2 1000 1000 0 10
0.166667 0.195760 0.013164 200 191 1000 960 2 1000 1000 0 10
0.166667 0.178259 0.012298 200 194 1000 1039 2 1000 1000 0 10
0.166667 0.199688 0.012678 200 230 1000 1006 2 1000 1000 0 10
0.166667 0.196061 0.012770 200 203 1000 979 2 1000 1000 0 10
0.166667 0.199275 0.013087 200 212 1000 942 2 1000 1000 0 10
0.166667 0.182573 0.012036 200 199 1000 1040 2 1000 1000 0 10
0.166667 0.180474 0.012902 200 195 1000 953 2 1000 1000 0 10
0.166667 0.193790 0.012835 200 207 1000 993 2 1000 1000 0 10
0.166667 0.201089 0.012821 200 230 1000 991 2 1000 1000 0 10
0.166667 0.171772 0.012290 200 199 1000 1032 2 1000 1000 0 10
0.166667 0.186645 0.012685 200 201 1000 981 2 1000 1000 0 10
0.166667 0.166910 0.012317 200 182 1000 1039 2 1000 1000 0 10
0.166667 0.189343 0.012478 200 200 1000 991 2 1000 1000 0 10
0.166667 0.177987 0.012390 200 191 1000 990 2 1000 1000 0 10
0.166667 0.185082 0.012049 200 226 1000 1055 2 1000 1000 0 10
0.166667 0.194009 0.012789 200 209 1000 1018 2 1000 1000 0 10
0.166667 0.182189 0.012363 200 196 1000 1003 2 1000 1000 0 10
0.166667 0.184880 0.012674 200 199 1000 961 2 1000 1000 0 10
0.166667 0.199844 0.012878 200 219 1000 981 2 1000 1000 0 10
