0.166667 0.183424 0.012606 200 204 1000 1007 1000 1000 0 10
0.166667 0.179201 0.012306 200 203 1000 1032 1000 1000 0 10
0.166667 0.178975 0.012428 200 189 1000 1004 1000 1000 0 10
0.166667 0.186902 0.012740 200 194 1000 977 1000 1000 0 10
0.166667 0.190748 0.012618 200 203 1000 1005 1000 1000 0 10
0.166667 0.182584 0.012580 200 201 1000 991 1000 1000 0 10
0.166667 0.189783 0.012688 200 205 1000 963 1000 1000 0 10
0.166667 0.190752 0.012430 200 216 1000 1015 1000 1000 0 10
0.166667 0.176917 0.012525 200 191 1000 1015 1000 1000 0 10
0.166667 0.184624 0.012584 200 204 1000 971 1000 1000 0 10
0.166667 0.175082 0.012462 200 178 1000 975 1000 1000 0 10
0.166667 0.188973 0.013146 200 196 1000 953 1000 1000 0 10
0.166667 0.172543 0.012309 200 180 1000 984 1000 1000 0 10
0.166667 0.174693 0.012362 200 189 1000 988 1000 1000 0 10
0.166667 0.175753 0.012740 200 197 1000 972 1000 1000 0 10
0.166667 0.210943 0.013476 200 211 1000 911 1000 1000 0 10
0.166667 0.197988 0.012750 200 201 1000 997 1000 1000 0 10
0.166667 0.178046 0.012334 200 186 1000 990 1000 1000 0 10
0.166667 0.173442 0.012500 200 195 1000 1020 1000 1000 0 10
0.166667 0.192115 0.012725 200 215 1000 1007 1000 1000 0 10
0.166667 0.184657 0.012883 200 191 1000 963 1000 1000 0 10
0.166667 0.202682 0.013112 200 213 1000 978 1000 1000 0 10
0.166667 0.180224 0.012748 200 185 1000 967 1000 1000 0 10
0.166667 0.174541 0.012440 200 189 1000 975 1000 1000 0 10
0.166667 0.180926 0.012395 200 213 1000 1007 1000 1000 0 10
0.166667 0.197076 0.012932 200 215 1000 988 1000 1000 0 10
0.166667 0.192225 0.012969 200 212 1000 996 1000 1000 0 10
0.166667 0.173838 0.012226 200 187 1000 1029 1000 1000 0 10
0.166667 0.198872 0.012826 200 210 1000 987 1000 1000 0 10
0.166667 0.162591 0.012096 200 186 1000 1051 1000 1000 0 10
0.166667 0.184899 0.012324 200 205 1000 1016 1000 1000 0 10
0.166667 0.176670 0.012139 200 195 1000 1020 1000 1000 0 10
0.166667 0.175347 0.012036 200 210 1000 1034 1000 1000 0 10
0.166667 0.178817 0.012169 200 204 1000 1042 1000 1000 0 10
0.166667 0.164768 0.012323 200 177 1000 995 1000 1000 0 10
0.166667 0.203999 0.012651 200 238 1000 1044 1000 1000 0 10
0.166667 0.192339 0.012811 200 219 1000 987 1000 1000 0 10
0.166667 0.176953 0.012087 200 183 1000 1045 1000 1000 0 10
0.166667 0.154636 0.011813 200 173 1000 1021 1000 1000 0 10
0.166667 0.188281 0.012280 200 219 1000 1039 1000 1000 0 10
0.166667 0.178779 0.011864 200 199 1000 1078 1000 1000 0 10
0.166667 0.183689 0.012397 200 196 1000 1016 1000 1000 0 10
0.166667 0.194011 0.013010 200 204 1000 960 1000 1000 0 10
0.166667 0.201770 0.012958 200 203 1000 962 1000 1000 0 10
0.166667 0.188853 0.012969 200 202 1000 1017 1000 1000 0 10
0.166667 0.184493 0.012915 200 189 1000 943 1000 1000 0 10
0.166667 0.184686 0.012505 200 197 1000 988 1000 1000 0 10
0.166667 0.178493 0.012461 200 186 1000 993 1000 1000 0 10
0.166667 0.177239 0.012137 200 194 1000 1021 1000 1000 0 10
0.166667 0.191384 0.012440 200 209 1000 1015 1000 1000 0 10
0.166667 0.193478 0.012649 200 202 1000 988 1000 1000 0 10
0.166667 0.178700 0.012350 200 201 1000 1014 1000 1000 0 10
0.166667 0.193342 0.012566 200 230 1000 1010 1000 1000 0 10
0.166667 0.164936 0.011822 200 180 1000 1047 1000 1000 0 10
0.166667 0.194043 0.013333 200 190 1000 925 1000 1000 0 10
0.166667 0.181969 0.012371 200 205 1000 1021 1000 1000 0 10
0.166667 0.191815 0.013071 200 191 1000 936 1000 1000 0 10
0.166667 0.194876 0.012626 200 226 1000 1012 1000 1000 0 10
0.166667 0.190927 0.012601 200 209 1000 980 1000 1000 0 10
0.166667 0.207219 0.013343 200 211 1000 946 1000 1000 0 10
0.166667 0.192354 0.012707 200 223 1000 992 1000 1000 0 10
0.166667 0.167886 0.012042 200 199 1000 1050 1000 1000 0 10
0.166667 0.191498 0.012662 200 204 1000 980 1000 1000 0 10
0.166667 0.178861 0.012713 200 195 1000 949 1000 1000 0 10
0.166667 0.165281 0.012324 200 190 1000 992 1000 1000 0 10
0.166667 0.181521 0.012565 200 196 1000 973 1000 1000 0 10
0.166667 0.173073 0.012250 200 185 1000 997 1000 1000 0 10
0.166667 0.177432 0.012293 200 189 1000 1000 1000 1000 0 10
0.166667 0.165338 0.011923 200 203 1000 1036 1000 1000 0 10
0.166667 0.192495 0.012497 200 215 1000 1038 1000 1000 0 10
0.166667 0.183256 0.012299 200 213 1000 1031 1000 1000 0 10
0.166667 0.207273 0.012540 200 233 1000 1052 1000 1000 0 10
0.166667 0.190080 0.012597 200 209 1000 1007 1000 1000 0 10
0.166667 0.193243 0.012443 200 210 1000 1060 1000 1000 0 10
0.166667 0.194263 0.012116 200 216 1000 1083 1000 1000 0 10
0.166667 0.182143 0.012391 200 189 1000 1009 1000 1000 0 10
0.166667 0.196003 0.012750 200 215 1000 994 1000 1000 0 10
0.166667 0.186615 0.012621 200 221 1000 1017 1000 1000 0 10
0.166667 0.180986 0.012586 200 191 1000 974 1000 1000 0 10
0.166667 0.187821 0.012768 200 194 1000 952 1000 1000 0 10
0.166667 0.179868 0.012460 200 190 1000 987 1000 1000 0 10
0.166667 0.196097 0.012983 200 197 1000 967 1000 1000 0 10
0.166667 0.188223 0.012552 200 208 1000 994 1000 1000 0 10
0.166667 0.183517 0.012379 200 197 1000 1004 1000 1000 0 10
0.166667 0.175902 0.012173 200 182 1000 1026 1000 1000 0 10
0.166667 0.172096 0.012105 200 189 1000 1042 1000 1000 0 10
0.166667 0.183492 0.012490 200 198 1000 1015 1000 1000 0 10
0.166667 0.182363 0.012311 200 214 1000 1042 1000 1000 0 10
0.166667 0.204332 0.012955 200 224 1000 1002 1000 1000 0 10
0.166667 0.181134 0.012595 200 198 1000 980 1000 1000 0 10
0.166667 0.167465 0.012359 200 181 1000 973 1000 1000 0 10
0.166667 0.201397 0.013010 200 226 1000 1013 1000 1000 0 10
0.166667 0.201222 0.012680 200 216 1000 1018 1000 1000 0 10
0.166667 0.170429 0.012154 200 198 1000 1027 1000 1000 0 10
0.166667 0.182640 0.012290 200 202 1000 995 1000 1000 0 10
0.166667 0.181980 0.012673 200 182 1000 978 1000 1000 0 10
0.166667 0.177261 0.012219 200 189 1000 1041 1000 1000 0 10
0.166667 0.190021 0.012355 200 221 1000 1034 1000 1000 0 10
0.166667 0.184748 0.012554 200 218 1000 987 1000 1000 0 10
0.166667 0.185012 0.012471 200 206 1000 1019 1000 1000 0 10
0.166667 0.185885 0.012140 200 210 1000 1039 1000 1000 0 10
0.166667 0.180450 0.012337 200 190 1000 1000 1000 1000 0 10
0.166667 0.189947 0.012446 200 213 1000 1031 1000 1000 0 10
0.166667 0.183813 0.012573 200 204 1000 963 1000 1000 0 10
0.166667 0.181017 0.011910 200 212 1000 1070 1000 1000 0 10
0.166667 0.189600 0.012788 200 196 1000 986 1000 1000 0 10
0.166667 0.188730 0.012757 200 195 1000 971 1000 1000 0 10
0.166667 0.190350 0.012510 200 206 1000 1021 1000 1000 0 10
0.166667 0.192624 0.012911 200 220 1000 969 1000 1000 0 10
0.166667 0.191023 0.012598 200 191 1000 993 1000 1000 0 10
0.166667 0.187182 0.012273 200 216 1000 1052 1000 1000 0 10
0.166667 0.181509 0.012300 200 214 1000 1043 1000 1000 0 10
0.166667 0.190008 0.013093 200 207 1000 943 1000 1000 0 10
0.166667 0.188043 0.012394 200 215 1000 1013 1000 1000 0 10
0.166667 0.188307 0.012498 200 191 1000 1007 1000 1000 0 10
0.166667 0.181250 0.012406 200 202 1000 1000 1000 1000 0 10
0.166667 0.171094 0.012112 200 194 1000 1055 1000 1000 0 10
0.166667 0.209451 0.012388 200 245 1000 1037 1000 1000 0 10
0.166667 0.174925 0.012548 200 195 1000 968 1000 1000 0 10
0.166667 0.194260 0.012853 200 208 1000 964 1000 1000 0 10
0.166667 0.201844 0.013255 200 197 1000 936 1000 1000 0 10
0.166667 0.197181 0.012791 200 217 1000 987 1000 1000 0 10
0.166667 0.158992 0.012128 200 182 1000 1004 1000 1000 0 10
0.166667 0.200787 0.012752 200 223 1000 1001 1000 1000 0 10
0.166667 0.170390 0.011993 200 184 1000 1030 1000 1000 0 10
0.166667 0.207328 0.012800 200 216 1000 985 1000 1000 0 10
0.166667 0.216736 0.013357 200 230 1000 971 1000 1000 0 10
0.166667 0.160425 0.011772 200 177 1000 1018 1000 1000 0 10
0.166667 0.177319 0.012277 200 204 1000 1027 1000 1000 0 10
0.166667 0.195616 0.013088 200 213 1000 943 1000 1000 0 10
0.166667 0.197508 0.012914 200 206 1000 975 1000 1000 0 10
0.166667 0.180074 0.012647 200 176 1000 973 1000 1000 0 10
0.166667 0.193137 0.012632 200 218 1000 1013 1000 1000 0 10
0.166667 0.192289 0.012678 200 210 1000 1007 1000 1000 0 10
0.166667 0.183622 0.012601 200 211 1000 1018 1000 1000 0 10
0.166667 0.192708 0.012911 200 208 1000 980 1000 1000 0 10
0.166667 0.188201 0.012691 200 205 1000 988 1000 1000 0 10
0.166667 0.198348 0.013036 200 208 1000 964 1000 1000 0 10
0.166667 0.181821 0.012296 200 201 1000 1032 1000 1000 0 10
0.166667 0.196598 0.012974 200 195 1000 965 1000 1000 0 10
0.166667 0.181533 0.012343 200 198 1000 1023 1000 1000 0 10
0.166667 0.187707 0.012564 200 201 1000 1004 1000 1000 0 10
0.166667 0.191168 0.012747 200 205 1000 985 1000 1000 0 10
0.166667 0.185110 0.012361 200 201 1000 1025 1000 1000 0 10
0.166667 0.197042 0.012620 200 230 1000 1028 1000 1000 0 10
0.166667 0.178471 0.012467 200 195 1000 1007 1000 1000 0 10
0.166667 0.178351 0.012380 200 202 1000 1025 1000 1000 0 10
0.166667 0.182230 0.012813 200 187 1000 967 1000 1000 0 10
0.166667 0.191810 0.012634 200 218 1000 1015 1000 1000 0 10
0.166667 0.164495 0.011636 200 189 1000 1074 1000 1000 0 10
0.166667 0.204906 0.012814 200 215 1000 986 1000 1000 0 10
0.166667 0.174311 0.012374 200 192 1000 993 1000 1000 0 10
0.166667 0.185452 0.012824 200 200 1000 967 1000 1000 0 10
0.166667 0.189114 0.012438 200 209 1000 1023 1000 1000 0 10
0.166667 0.181106 0.012367 200 205 1000 1037 1000 1000 0 10
0.166667 0.187919 0.012753 200 217 1000 1011 1000 1000 0 10
0.166667 0.198224 0.012387 200 221 1000 1047 1000 1000 0 10
0.166667 0.169618 0.011952 200 184 1000 1055 1000 1000 0 10
0.166667 0.194794 0.012822 200 206 1000 966 1000 1000 0 10
0.166667 0.189598 0.012755 200 212 1000 994 1000 1000 0 10
0.166667 0.210557 0.012949 200 228 1000 997 1000 1000 0 10
0.166667 0.202096 0.012599 200 220 1000 1027 1000 1000 0 10
0.166667 0.175365 0.012171 200 192 1000 1018 1000 1000 0 10
0.166667 0.180289 0.012216 200 197 1000 1022 1000 1000 0 10
0.166667 0.185687 0.012476 200 212 1000 1048 1000 1000 0 10
0.166667 0.177257 0.012350 200 178 1000 1030 1000 1000 0 10
0.166667 0.205884 0.013151 200 229 1000 1018 1000 1000 0 10
0.166667 0.194350 0.013025 200 198 1000 964 1000 1000 0 10
0.166667 0.179154 0.011860 200 210 1000 1114 1000 1000 0 10
0.166667 0.179327 0.012464 200 192 1000 1012 1000 1000 0 10
0.166667 0.185876 0.012389 200 200 1000 1022 1000 1000 0 10
0.166667 0.185663 0.012523 200 202 1000 991 1000 1000 0 10
0.166667 0.170801 0.012235 200 182 1000 985 1000 1000 0 10
0.166667 0.175581 0.012285 200 188 1000 1001 1000 1000 0 10
0.166667 0.187222 0.012249 200 207 1000 1055 1000 1000 0 10
0.166667 0.149795 0.011781 200 167 1000 1036 1000 1000 0 10
0.166667 0.187829 0.012637 200 194 1000 1004 1000 1000 0 10
0.166667 0.179606 0.012751 200 204 1000 973 1000 1000 0 10
0.166667 0.166106 0.012174 200 193 1000 1018 1000 1000 0 10
0.166667 0.178682 0.012666 200 199 1000 957 1000 1000 0 10
0.166667 0.186143 0.012669 200 199 1000 994 1000 1000 0 10
0.166667 0.165548 0.012531 200 183 1000 1012 1000 1000 0 10
0.166667 0.201684 0.013186 200 210 1000 946 1000 1000 0 10
0.166667 0.197862 0.013152 200 207 1000 945 1000 1000 0 10
0.166667 0.203424 0.012645 200 220 1000 1029 1000 1000 0 10
0.166667 0.212544 0.012759 200 232 1000 1005 1000 1000 0 10
0.166667 0.159857 0.011884 200 161 1000 1028 1000 1000 0 10
0.166667 0.178973 0.012445 200 212 1000 1014 1000 1000 0 10
0.166667 0.168706 0.012326 200 169 1000 995 1000 1000 0 10
0.166667 0.190684 0.012486 200 226 1000 1029 1000 1000 0 10
0.166667 0.169065 0.012042 200 189 1000 1007 1000 1000 0 10
0.166667 0.191821 0.012538 200 203 1000 1004 1000 1000 0 10
0.166667 0.174735 0.012459 200 191 1000 963 1000 1000 0 10
0.166667 0.187966 0.012990 200 188 1000 958 1000 1000 0 10
0.166667 0.178766 0.012373 200 198 1000 1015 1000 1000 0 10
0.166667 0.187530 0.013000 200 196 1000 977 1000 1000 0 10
0.166667 0.176438 0.012088 200 199 1000 1026 1000 1000 0 10
0.166667 0.167838 0.011811 200 200 1000 1081 1000 1000 0 10
0.166667 0.171159 0.012470 200 187 1000 977 1000 1000 0 10
0.166667 0.207021 0.013218 200 216 1000 964 1000 1000 0 10
0.166667 0.183929 0.012567 200 184 1000 987 1000 1000 0 10
0.166667 0.185595 0.012476 200 194 1000 1013 1000 1000 0 10
0.166667 0.189074 0.012301 200 211 1000 1026 1000 1000 0 10
0.166667 0.206313 0.013061 200 211 1000 990 1000 1000 0 10
0.166667 0.207846 0.013357 200 211 1000 935 1000 1000 0 10
0.166667 0.189864 0.012759 200 210 1000 960 1000 1000 0 10
0.166667 0.169529 0.012223 200 185 1000 1008 1000 1000 0 10
0.166667 0.192626 0.012858 200 202 1000 976 1000 1000 0 10
0.166667 0.182112 0.012275 200 197 1000 1029 1000 1000 0 10
0.166667 0.181644 0.012397 200 188 1000 1017 1000 1000 0 10
0.166667 0.174626 0.012287 200 205 1000 1005 1000 1000 0 10
0.166667 0.181809 0.012307 200 200 1000 1039 1000 1000 0 10
0.166667 0.208728 0.013148 200 217 1000 950 1000 1000 0 10
0.166667 0.191262 0.012854 200 212 1000 1014 1000 1000 0 10
0.166667 0.180940 0.012402 200 208 1000 985 1000 1000 0 10
0.166667 0.168857 0.012088 200 179 1000 1032 1000 1000 0 10
0.166667 0.183742 0.012499 200 204 1000 986 1000 1000 0 10
0.166667 0.172478 0.012072 200 193 1000 1020 1000 1000 0 10
0.166667 0.193590 0.012951 200 201 1000 970 1000 1000 0 10
0.166667 0.195543 0.012661 200 208 1000 988 1000 1000 0 10
0.166667 0.208597 0.013323 200 201 1000 939 1000 1000 0 10
0.166667 0.168909 0.012391 200 185 1000 995 1000 1000 0 10
0.166667 0.221253 0.013443 200 242 1000 948 1000 1000 0 10
0.166667 0.177476 0.012211 200 216 1000 1041 1000 1000 0 10
0.166667 0.182567 0.012437 200 199 1000 986 1000 1000 0 10
0.166667 0.181369 0.012438 200 193 1000 1025 1000 1000 0 10
0.166667 0.185924 0.012239 200 207 1000 1042 1000 1000 0 10
0.166667 0.198285 0.012769 200 209 1000 1008 1000 1000 0 10
0.166667 0.170420 0.011954 200 188 1000 1012 1000 1000 0 10
0.166667 0.158700 0.012174 200 155 1000 1005 1000 1000 0 10
0.166667 0.151868 0.011802 200 183 1000 1020 1000 1000 0 10
0.166667 0.175939 0.012301 200 189 1000 987 1000 1000 0 10
0.166667 0.173064 0.012557 200 185 1000 980 1000 1000 0 10
0.166667 0.185493 0.012636 200 198 1000 1001 1000 1000 0 10
0.166667 0.189693 0.012384 200 210 1000 1026 1000 1000 0 10
0.166667 0.192114 0.013220 200 208 1000 934 1000 1000 0 10
0.166667 0.172413 0.012038 200 203 1000 1029 1000 1000 0 10
0.166667 0.177911 0.012375 200 197 1000 1002 1000 1000 0 10
0.166667 0.198037 0.013103 200 206 1000 962 1000 1000 0 10
0.166667 0.185886 0.012721 200 190 1000 1022 1000 1000 0 10
0.166667 0.201803 0.013310 200 208 1000 936 1000 1000 0 10
0.166667 0.179256 0.012231 200 199 1000 1051 1000 1000 0 10
0.166667 0.191074 0.012936 200 200 1000 968 1000 1000 0 10
0.166667 0.177216 0.012808 200 192 1000 961 1000 1000 0 10
0.166667 0.182286 0.012396 200 212 1000 1012 1000 1000 0 10
0.166667 0.193695 0.013301 200 206 1000 929 1000 1000 0 10
0.166667 0.193950 0.012977 200 207 1000 982 1000 1000 0 10
0.166667 0.182620 0.012592 200 199 1000 996 1000 1000 0 10
0.166667 0.180137 0.012161 200 203 1000 1025 1000 1000 0 10
0.166667 0.183163 0.012418 200 192 1000 989 1000 1000 0 10
0.166667 0.199368 0.012545 200 212 1000 1029 1000 1000 0 10
0.166667 0.194252 0.012734 200 209 1000 989 1000 1000 0 10
0.166667 0.211491 0.013467 200 218 1000 926 1000 1000 0 10
0.166667 0.170879 0.012511 200 176 1000 987 1000 1000 0 10
0.166667 0.194339 0.012761 200 205 1000 1008 1000 1000 0 10
0.166667 0.176367 0.012681 200 188 1000 985 1000 1000 0 10
0.166667 0.189301 0.012716 200 196 1000 975 1000 1000 0 10
0.166667 0.181860 0.012368 200 200 1000 1024 1000 1000 0 10
0.166667 0.187744 0.012771 200 198 1000 960 1000 1000 0 10
0.166667 0.179838 0.012077 200 193 1000 1059 1000 1000 0 10
0.166667 0.168420 0.012069 200 202 1000 1028 1000 1000 0 10
0.166667 0.182956 0.012234 200 202 1000 1037 1000 1000 0 10
0.166667 0.163892 0.012098 200 175 1000 1008 1000 1000 0 10
0.166667 0.203095 0.012829 200 224 1000 974 1000 1000 0 10
0.166667 0.177891 0.012317 200 191 1000 1055 1000 1000 0 10
0.166667 0.199095 0.012943 200 208 1000 969 1000 1000 0 10
0.166667 0.143848 0.011337 200 169 1000 1045 1000 1000 0 10
0.166667 0.206628 0.013148 200 214 1000 954 1000 1000 0 10
0.166667 0.169120 0.012081 200 187 1000 1020 1000 1000 0 10
0.166667 0.186174 0.012799 200 199 1000 989 1000 1000 0 10
0.166667 0.182209 0.012752 200 183 1000 963 1000 1000 0 10
0.166667 0.173613 0.012323 200 184 1000 1011 1000 1000 0 10
0.166667 0.203211 0.012677 200 219 1000 1010 1000 1000 0 10
0.166667 0.188533 0.012490 200 206 1000 1033 1000 1000 0 10
0.166667 0.193890 0.012573 200 219 1000 1005 1000 1000 0 10
0.166667 0.181832 0.012095 200 210 1000 1038 1000 1000 0 10
0.166667 0.162021 0.012066 200 175 1000 1016 1000 1000 0 10
0.166667 0.180957 0.012287 200 198 1000 1006 1000 1000 0 10
0.166667 0.170489 0.012188 200 188 1000 1005 1000 1000 0 10
0.166667 0.181530 0.012580 200 207 1000 995 1000 1000 0 10
0.166667 0.189006 0.012741 200 198 1000 997 1000 1000 0 10
0.166667 0.162382 0.012017 200 179 1000 1016 1000 1000 0 10
0.166667 0.173755 0.012662 200 199 1000 995 1000 1000 0 10
0.166667 0.167405 0.012416 200 173 1000 984 1000 1000 0 10
0.166667 0.176664 0.012303 200 197 1000 1025 1000 1000 0 10
0.166667 0.224432 0.013293 200 224 1000 958 1000 1000 0 10
0.166667 0.190807 0.012508 200 212 1000 996 1000 1000 0 10
0.166667 0.181541 0.012371 200 202 1000 1002 1000 1000 0 10
0.166667 0.189972 0.012796 200 220 1000 991 1000 1000 0 10
0.166667 0.201830 0.012746 200 222 1000 1028 1000 1000 0 10
0.166667 0.189372 0.012778 200 207 1000 989 1000 1000 0 10
0.166667 0.181499 0.012637 200 194 1000 965 1000 1000 0 10
0.166667 0.192237 0.012504 200 195 1000 1001 1000 1000 0 10
0.166667 0.187968 0.013186 200 198 1000 942 1000 1000 0 10
0.166667 0.190343 0.012567 200 208 1000 1023 1000 1000 0 10
0.166667 0.183525 0.012320 200 200 1000 1019 1000 1000 0 10
0.166667 0.185796 0.012430 200 205 1000 1017 1000 1000 0 10
0.166667 0.206488 0.012693 200 239 1000 1035 1000 1000 0 10
0.166667 0.184700 0.012395 200 208 1000 1048 1000 1000 0 10
0.166667 0.201713 0.012879 200 224 1000 994 1000 1000 0 10
0.166667 0.179833 0.012567 200 191 1000 987 1000 1000 0 10
0.166667 0.209047 0.013006 200 237 1000 990 1000 1000 0 10
0.166667 0.168816 0.012479 200 180 1000 970 1000 1000 0 10
0.166667 0.188174 0.012682 200 210 1000 1005 1000 1000 0 10
0.166667 0.189779 0.012715 200 199 1000 975 1000 1000 0 10
0.166667 0.180095 0.012537 200 197 1000 1017 1000 1000 0 10
0.166667 0.178999 0.012520 200 202 1000 1008 1000 1000 0 10
0.166667 0.181001 0.012412 200 192 1000 990 1000 1000 0 10
0.166667 0.192731 0.012720 200 203 1000 1009 1000 1000 0 10
0.166667 0.200416 0.013145 200 208 1000 939 1000 1000 0 10
0.166667 0.189280 0.012658 200 212 1000 1027 1000 1000 0 10
0.166667 0.179787 0.012387 200 194 1000 987 1000 1000 0 10
0.166667 0.171375 0.012284 200 193 1000 995 1000 1000 0 10
0.166667 0.189273 0.012217 200 220 1000 1060 1000 1000 0 10
0.166667 0.188511 0.012752 200 205 1000 995 1000 1000 0 10
0.166667 0.184424 0.012409 200 202 1000 1012 1000 1000 0 10
0.166667 0.172868 0.012331 200 206 1000 1044 1000 1000 0 10
0.166667 0.178220 0.012261 200 187 1000 1026 1000 1000 0 10
0.166667 0.171330 0.012036 200 195 1000 1048 1000 1000 0 10
0.166667 0.189298 0.012905 200 189 1000 942 1000 1000 0 10
0.166667 0.195012 0.012948 200 216 1000 979 1000 1000 0 10
0.166667 0.190962 0.012406 200 219 1000 1024 1000 1000 0 10
0.166667 0.193632 0.012811 200 209 1000 1026 1000 1000 0 10
0.166667 0.184270 0.012424 200 211 1000 1026 1000 1000 0 10
0.166667 0.189587 0.012599 200 200 1000 1004 1000 1000 0 10
0.166667 0.163171 0.011852 200 192 1000 1088 1000 1000 0 10
0.166667 0.168809 0.012481 200 174 1000 980 1000 1000 0 10
0.166667 0.203143 0.013000 200 200 1000 942 1000 1000 0 10
0.166667 0.166326 0.012118 200 185 1000 1016 1000 1000 0 10
0.166667 0.190504 0.012452 200 203 1000 999 1000 1000 0 10
0.166667 0.188611 0.012399 200 215 1000 1034 1000 1000 0 10
0.166667 0.178835 0.012829 200 185 1000 955 1000 1000 0 10
0.166667 0.195793 0.012900 200 215 1000 984 1000 1000 0 10
0.166667 0.178213 0.012283 200 197 1000 1013 1000 1000 0 10
0.166667 0.178391 0.012538 200 196 1000 978 1000 1000 0 10
0.166667 0.202910 0.012838 200 218 1000 1007 1000 1000 0 10
0.166667 0.195391 0.012447 200 216 1000 1021 1000 1000 0 10
0.166667 0.195851 0.012406 200 211 1000 1046 1000 1000 0 10
0.166667 0.174322 0.012283 200 193 1000 1017 1000 1000 0 10
0.166667 0.170822 0.012332 200 185 1000 985 1000 1000 0 10
0.166667 0.178388 0.012329 200 190 1000 1023 1000 1000 0 10
0.166667 0.161840 0.012261 200 168 1000 962 1000 1000 0 10
0.166667 0.176464 0.012367 200 198 1000 1011 1000 1000 0 10
0.166667 0.194062 0.013216 200 198 1000 961 1000 1000 0 10
0.166667 0.174275 0.012585 200 193 1000 965 1000 1000 0 10
0.166667 0.187184 0.012478 200 198 1000 990 1000 1000 0 10
0.166667 0.162752 0.012260 200 175 1000 982 1000 1000 0 10
0.166667 0.191535 0.012727 200 202 1000 952 1000 1000 0 10
0.166667 0.192074 0.012911 200 193 1000 945 1000 1000 0 10
0.166667 0.197804 0.013128 200 206 1000 939 1000 1000 0 10
0.166667 0.181777 0.012597 200 193 1000 995 1000 1000 0 10
0.166667 0.182375 0.012390 200 193 1000 1025 1000 1000 0 10
0.166667 0.186515 0.012714 200 197 1000 991 1000 1000 0 10
0.166667 0.182027 0.012630 200 193 1000 993 1000 1000 0 10
0.166667 0.175912 0.012708 200 178 1000 962 1000 1000 0 10
0.166667 0.183063 0.012466 200 194 1000 1022 1000 1000 0 10
0.166667 0.198446 0.012958 200 205 1000 958 1000 1000 0 10
0.166667 0.181363 0.012749 200 188 1000 950 1000 1000 0 10
0.166667 0.195329 0.013296 200 214 1000 960 1000 1000 0 10
0.166667 0.201454 0.012715 200 217 1000 994 1000 1000 0 10
0.166667 0.175993 0.012247 200 203 1000 1020 1000 1000 0 10
0.166667 0.173949 0.012701 200 181 1000 986 1000 1000 0 10
0.166667 0.180808 0.012448 200 197 1000 1027 1000 1000 0 10
0.166667 0.193765 0.012766 200 210 1000 996 1000 1000 0 10
0.166667 0.182545 0.012424 200 192 1000 1005 1000 1000 0 10
0.166667 0.162496 0.012210 200 193 1000 1028 1000 1000 0 10
0.166667 0.185181 0.012449 200 187 1000 1010 1000 1000 0 10
0.166667 0.191949 0.012543 200 204 1000 1004 1000 1000 0 10
0.166667 0.176746 0.012625 200 183 1000 1002 1000 1000 0 10
0.166667 0.175804 0.012399 200 189 1000 977 1000 1000 0 10
0.166667 0.159879 0.011935 200 182 1000 1015 1000 1000 0 10
0.166667 0.182308 0.012466 200 204 1000 1010 1000 1000 0 10
0.166667 0.186988 0.012602 200 206 1000 975 1000 1000 0 10
0.166667 0.180730 0.012412 200 199 1000 1009 1000 1000 0 10
0.166667 0.194261 0.012832 200 207 1000 959 1000 1000 0 10
0.166667 0.198725 0.012821 200 216 1000 995 1000 1000 0 10
0.166667 0.190132 0.012383 200 208 1000 1025 1000 1000 0 10
0.166667 0.161159 0.011792 200 185 1000 1035 1000 1000 0 10
0.166667 0.162891 0.012254 200 177 1000 996 1000 1000 0 10
0.166667 0.206866 0.013486 200 216 1000 986 1000 1000 0 10
0.166667 0.183351 0.012110 200 202 1000 1047 1000 1000 0 10
0.166667 0.172342 0.011765 200 192 1000 1082 1000 1000 0 10
0.166667 0.177248 0.012519 200 184 1000 978 1000 1000 0 10
0.166667 0.175484 0.012360 200 194 1000 1022 1000 1000 0 10
0.166667 0.159323 0.012500 200 179 1000 980 1000 1000 0 10
0.166667 0.177290 0.012318 200 202 1000 1030 1000 1000 0 10
0.166667 0.180395 0.012537 200 194 1000 1004 1000 1000 0 10
0.166667 0.195870 0.012780 200 211 1000 950 1000 1000 0 10
0.166667 0.165032 0.011760 200 190 1000 1068 1000 1000 0 10
0.166667 0.155020 0.011722 200 168 1000 1057 1000 1000 0 10
0.166667 0.173810 0.011830 200 207 1000 1090 1000 1000 0 10
0.166667 0.175164 0.012021 200 199 1000 1042 1000 1000 0 10
0.166667 0.183328 0.012562 200 186 1000 970 1000 1000 0 10
0.166667 0.205364 0.013147 200 218 1000 947 1000 1000 0 10
0.166667 0.189983 0.012738 200 190 1000 963 1000 1000 0 10
0.166667 0.202990 0.012435 200 227 1000 1039 1000 1000 0 10
0.166667 0.180477 0.012632 200 206 1000 990 1000 1000 0 10
0.166667 0.190756 0.012722 200 205 1000 965 1000 1000 0 10
0.166667 0.194652 0.012538 200 213 1000 1009 1000 1000 0 10
0.166667 0.190377 0.012580 200 200 1000 1004 1000 1000 0 10
0.166667 0.196354 0.012981 200 198 1000 950 1000 1000 0 10
0.166667 0.174161 0.011990 200 192 1000 1035 1000 1000 0 10
0.166667 0.200144 0.012886 200 208 1000 961 1000 1000 0 10
0.166667 0.216534 0.012961 200 229 1000 1016 1000 1000 0 10
0.166667 0.201890 0.012962 200 223 1000 1030 1000 1000 0 10
0.166667 0.172181 0.012147 200 190 1000 999 1000 1000 0 10
0.166667 0.193415 0.012755 200 210 1000 1011 1000 1000 0 10
0.166667 0.200000 0.012985 200 209 1000 993 1000 1000 0 10
0.166667 0.180549 0.012340 200 210 1000 1011 1000 1000 0 10
0.166667 0.175340 0.012593 200 191 1000 980 1000 1000 0 10
0.166667 0.196323 0.012783 200 212 1000 974 1000 1000 0 10
0.166667 0.190793 0.012636 200 215 1000 971 1000 1000 0 10
0.166667 0.169660 0.012642 200 180 1000 971 1000 1000 0 10
0.166667 0.197885 0.013125 200 203 1000 951 1000 1000 0 10
0.166667 0.202498 0.013333 200 204 1000 934 1000 1000 0 10
0.166667 0.174532 0.012379 200 183 1000 999 1000 1000 0 10
0.166667 0.182972 0.012336 200 214 1000 1040 1000 1000 0 10
0.166667 0.189968 0.012671 200 204 1000 971 1000 1000 0 10
0.166667 0.172858 0.012225 200 193 1000 1025 1000 1000 0 10
0.166667 0.183763 0.012661 200 209 1000 990 1000 1000 0 10
0.166667 0.181859 0.012535 200 195 1000 1027 1000 1000 0 10
0.166667 0.187026 0.012600 200 203 1000 1013 1000 1000 0 10
0.166667 0.193251 0.012399 200 219 1000 1045 1000 1000 0 10
0.166667 0.177963 0.012379 200 198 1000 1004 1000 1000 0 10
0.166667 0.160577 0.012140 200 180 1000 1011 1000 1000 0 10
0.166667 0.197563 0.012810 200 210 1000 989 1000 1000 0 10
0.166667 0.189029 0.012689 200 217 1000 1020 1000 1000 0 10
0.166667 0.177513 0.012448 200 181 1000 1001 1000 1000 0 10
0.166667 0.170051 0.012028 200 205 1000 1055 1000 1000 0 10
0.166667 0.188263 0.012940 200 191 1000 951 1000 1000 0 10
0.166667 0.179101 0.012057 200 202 1000 1053 1000 1000 0 10
0.166667 0.209534 0.013122 200 209 1000 970 1000 1000 0 10
0.166667 0.163680 0.012279 200 176 1000 971 1000 1000 0 10
0.166667 0.187435 0.012483 200 199 1000 988 1000 1000 0 10
0.166667 0.156193 0.011949 200 182 1000 1040 1000 1000 0 10
0.166667 0.174061 0.012499 200 195 1000 977 1000 1000 0 10
0.166667 0.181622 0.012476 200 206 1000 967 1000 1000 0 10
0.166667 0.173807 0.012241 200 185 1000 1007 1000 1000 0 10
0.166667 0.170063 0.012157 200 190 1000 1017 1000 1000 0 10
0.166667 0.180917 0.012557 200 198 1000 977 1000 1000 0 10
0.166667 0.191562 0.012629 200 195 1000 985 1000 1000 0 10
0.166667 0.183474 0.012900 200 191 1000 983 1000 1000 0 10
0.166667 0.185551 0.012818 200 193 1000 931 1000 1000 0 10
0.166667 0.172327 0.012074 200 187 1000 1017 1000 1000 0 10
0.166667 0.175545 0.012162 200 189 1000 1019 1000 1000 0 10
0.166667 0.167168 0.012114 200 195 1000 1030 1000 1000 0 10
0.166667 0.207253 0.012787 200 235 1000 994 1000 1000 0 10
0.166667 0.167303 0.012025 200 186 1000 1031 1000 1000 0 10
0.166667 0.194425 0.012861 200 196 1000 957 1000 1000 0 10
0.166667 0.177141 0.012668 200 198 1000 1024 1000 1000 0 10
0.166667 0.192714 0.012798 200 202 1000 982 1000 1000 0 10
0.166667 0.182440 0.012819 200 194 1000 971 1000 1000 0 10
0.166667 0.164491 0.012366 200 169 1000 969 1000 1000 0 10
0.166667 0.175955 0.012066 200 201 1000 1046 1000 1000 0 10
0.166667 0.196464 0.012548 200 223 1000 1029 1000 1000 0 10
0.166667 0.178099 0.012473 200 194 1000 1015 1000 1000 0 10
0.166667 0.190803 0.012706 200 213 1000 976 1000 1000 0 10
0.166667 0.168324 0.012471 200 176 1000 980 1000 1000 0 10
0.166667 0.166606 0.012324 200 183 1000 989 1000 1000 0 10
0.166667 0.167425 0.012108 200 187 1000 1025 1000 1000 0 10
0.166667 0.189652 0.012626 200 212 1000 997 1000 1000 0 10
0.166667 0.183998 0.012451 200 197 1000 1007 1000 1000 0 10
0.166667 0.179012 0.012266 200 205 1000 1040 1000 1000 0 10
0.166667 0.190610 0.012819 200 211 1000 982 1000 1000 0 10
0.166667 0.203125 0.013092 200 203 1000 946 1000 1000 0 10
0.166667 0.179071 0.012138 200 200 1000 1044 1000 1000 0 10
0.166667 0.197072 0.012901 200 215 1000 995 1000 1000 0 10
0.166667 0.194519 0.012738 200 218 1000 990 1000 1000 0 10
0.166667 0.189529 0.012727 200 195 1000 988 1000 1000 0 10
0.166667 0.190681 0.012688 200 217 1000 1019 1000 1000 0 10
0.166667 0.183276 0.012523 200 212 1000 1002 1000 1000 0 10
0.166667 0.179737 0.012670 200 187 1000 996 1000 1000 0 10
0.166667 0.193021 0.012937 200 206 1000 1004 1000 1000 0 10
0.166667 0.201352 0.013056 200 202 1000 988 1000 1000 0 10
0.166667 0.197523 0.012781 200 204 1000 981 1000 1000 0 10
0.166667 0.195411 0.013146 200 206 1000 949 1000 1000 0 10
0.166667 0.182349 0.012664 200 196 1000 961 1000 1000 0 10
0.166667 0.175240 0.012467 200 193 1000 994 1000 1000 0 10
0.166667 0.171737 0.011906 200 201 1000 1079 1000 1000 0 10
0.166667 0.183981 0.012304 200 197 1000 1027 1000 1000 0 10
0.166667 0.200014 0.013201 200 217 1000 963 1000 1000 0 10
0.166667 0.181011 0.012421 200 201 1000 1010 1000 1000 0 10
0.166667 0.176693 0.012492 200 189 1000 1037 1000 1000 0 10
0.166667 0.192170 0.012515 200 212 1000 1006 1000 1000 0 10
0.166667 0.195916 0.012798 200 204 1000 978 1000 1000 0 10
0.166667 0.177022 0.012501 200 208 1000 1003 1000 1000 0 10
0.166667 0.216377 0.013275 200 218 1000 949 1000 1000 0 10
0.166667 0.186313 0.012458 200 208 1000 990 1000 1000 0 10
0.166667 0.185287 0.012528 200 201 1000 1023 1000 1000 0 10
0.166667 0.187478 0.012920 200 189 1000 973 1000 1000 0 10
0.166667 0.216961 0.012998 200 240 1000 996 1000 1000 0 10
0.166667 0.193381 0.012736 200 201 1000 963 1000 1000 0 10
0.166667 0.179628 0.012183 200 191 1000 1019 1000 1000 0 10
0.166667 0.168656 0.012461 200 184 1000 978 1000 1000 0 10
0.166667 0.199395 0.012698 200 208 1000 1033 1000 1000 0 10
0.166667 0.189493 0.012752 200 207 1000 973 1000 1000 0 10
0.166667 0.177301 0.012326 200 196 1000 1026 1000 1000 0 10
0.166667 0.182405 0.012885 200 211 1000 972 1000 1000 0 10
0.166667 0.200000 0.012679 200 220 1000 990 1000 1000 0 10
0.166667 0.208033 0.013158 200 222 1000 955 1000 1000 0 10
0.166667 0.158544 0.012313 200 192 1000 974 1000 1000 0 10
0.166667 0.187671 0.012410 200 207 1000 1026 1000 1000 0 10
0.166667 0.168666 0.012023 200 189 1000 1048 1000 1000 0 10
0.166667 0.175332 0.011937 200 203 1000 1042 1000 1000 0 10
0.166667 0.163443 0.012317 200 174 1000 997 1000 1000 0 10
0.166667 0.184699 0.012631 200 200 1000 985 1000 1000 0 10
0.166667 0.189708 0.012476 200 213 1000 995 1000 1000 0 10
0.166667 0.179845 0.012320 200 191 1000 1004 1000 1000 0 10
0.166667 0.176572 0.012143 200 199 1000 1033 1000 1000 0 10
0.166667 0.177318 0.012296 200 196 1000 1010 1000 1000 0 10
0.166667 0.202212 0.012813 200 221 1000 1017 1000 1000 0 10
0.166667 0.165594 0.012397 200 185 1000 994 1000 1000 0 10
0.166667 0.175452 0.012226 200 193 1000 1042 1000 1000 0 10
0.166667 0.189492 0.012747 200 195 1000 981 1000 1000 0 10
0.166667 0.183589 0.012831 200 200 1000 969 1000 1000 0 10
0.166667 0.198167 0.012753 200 217 1000 986 1000 1000 0 10
0.166667 0.197137 0.012760 200 215 1000 975 1000 1000 0 10
0.166667 0.191689 0.012452 200 206 1000 1035 1000 1000 0 10
0.166667 0.184221 0.012845 200 206 1000 975 1000 1000 0 10
0.166667 0.178753 0.012419 200 214 1000 1023 1000 1000 0 10
0.166667 0.189824 0.012530 200 210 1000 1006 1000 1000 0 10
0.166667 0.166442 0.012013 200 187 1000 1030 1000 1000 0 10
0.166667 0.206315 0.012717 200 225 1000 1001 1000 1000 0 10
0.166667 0.170807 0.012137 200 191 1000 1007 1000 1000 0 10
0.166667 0.170115 0.012216 200 187 1000 1028 1000 1000 0 10
0.166667 0.182827 0.012349 200 208 1000 1018 1000 1000 0 10
0.166667 0.185479 0.012263 200 202 1000 1023 1000 1000 0 10
0.166667 0.187878 0.012528 200 198 1000 999 1000 1000 0 10
0.166667 0.203701 0.012448 200 212 1000 1047 1000 1000 0 10
0.166667 0.194345 0.012674 200 200 1000 997 1000 1000 0 10
0.166667 0.199305 0.013005 200 209 1000 939 1000 1000 0 10
0.166667 0.167718 0.011677 200 192 1000 1080 1000 1000 0 10
0.166667 0.190526 0.012658 200 197 1000 963 1000 1000 0 10
0.166667 0.207023 0.013000 200 216 1000 992 1000 1000 0 10
0.166667 0.199881 0.012888 200 203 1000 970 1000 1000 0 10
0.166667 0.191847 0.012321 200 211 1000 1049 1000 1000 0 10
0.166667 0.185547 0.012784 200 189 1000 973 1000 1000 0 10
0.166667 0.175590 0.012145 200 204 1000 1048 1000 1000 0 10
0.166667 0.177350 0.012524 200 191 1000 976 1000 1000 0 10
0.166667 0.183669 0.012618 200 182 1000 982 1000 1000 0 10
0.166667 0.180156 0.012080 200 216 1000 1052 1000 1000 0 10
0.166667 0.189404 0.012584 200 200 1000 1006 1000 1000 0 10
0.166667 0.178175 0.012631 200 182 1000 952 1000 1000 0 10
0.166667 0.196184 0.012605 200 210 1000 1015 1000 1000 0 10
0.166667 0.181822 0.012342 200 198 1000 1042 1000 1000 0 10
0.166667 0.185063 0.012422 200 205 1000 1024 1000 1000 0 10
0.166667 0.183975 0.012744 200 191 1000 989 1000 1000 0 10
0.166667 0.177086 0.012275 200 199 1000 1021 1000 1000 0 10
0.166667 0.192582 0.012911 200 213 1000 1010 1000 1000 0 10
0.166667 0.187227 0.012830 200 194 1000 974 1000 1000 0 10
0.166667 0.174733 0.012262 200 191 1000 1015 1000 1000 0 10
0.166667 0.188644 0.012842 200 211 1000 981 1000 1000 0 10
0.166667 0.188041 0.012761 200 188 1000 964 1000 1000 0 10
0.166667 0.197337 0.012779 200 217 1000 986 1000 1000 0 10
0.166667 0.175010 0.012435 200 194 1000 1005 1000 1000 0 10
0.166667 0.196293 0.012692 200 216 1000 1006 1000 1000 0 10
0.166667 0.176136 0.012466 200 182 1000 984 1000 1000 0 10
0.166667 0.171509 0.012711 200 185 1000 949 1000 1000 0 10
0.166667 0.186160 0.012460 200 195 1000 1028 1000 1000 0 10
0.166667 0.173889 0.012211 200 186 1000 997 1000 1000 0 10
0.166667 0.189231 0.012527 200 207 1000 988 1000 1000 0 10
0.166667 0.203426 0.012686 200 226 1000 999 1000 1000 0 10
0.166667 0.185291 0.012600 200 202 1000 991 1000 1000 0 10
0.166667 0.153180 0.012177 200 179 1000 988 1000 1000 0 10
0.166667 0.186951 0.012693 200 191 1000 979 1000 1000 0 10
0.166667 0.192662 0.012451 200 218 1000 1052 1000 1000 0 10
0.166667 0.193625 0.012648 200 207 1000 1018 1000 1000 0 10
0.166667 0.195597 0.012771 200 211 1000 988 1000 1000 0 10
0.166667 0.178218 0.012801 200 185 1000 957 1000 1000 0 10
0.166667 0.187091 0.012694 200 200 1000 976 1000 1000 0 10
0.166667 0.187254 0.012512 200 198 1000 991 1000 1000 0 10
0.166667 0.190647 0.013057 200 192 1000 945 1000 1000 0 10
0.166667 0.181069 0.012740 200 197 1000 1002 1000 1000 0 10
0.166667 0.186306 0.013102 200 189 1000 928 1000 1000 0 10
0.166667 0.183754 0.012465 200 195 1000 981 1000 1000 0 10
0.166667 0.171983 0.012013 200 204 1000 1053 1000 1000 0 10
0.166667 0.188916 0.012298 200 211 1000 1051 1000 1000 0 10
0.166667 0.172963 0.012131 200 188 1000 1048 1000 1000 0 10
0.166667 0.194535 0.012662 200 205 1000 986 1000 1000 0 10
0.166667 0.159813 0.011937 200 176 1000 1019 1000 1000 0 10
0.166667 0.187451 0.012495 200 210 1000 992 1000 1000 0 10
0.166667 0.186286 0.012803 200 197 1000 968 1000 1000 0 10
0.166667 0.201822 0.013157 200 206 1000 936 1000 1000 0 10
0.166667 0.208444 0.013141 200 204 1000 940 1000 1000 0 10
0.166667 0.194655 0.012603 200 216 1000 1005 1000 1000 0 10
0.166667 0.185961 0.012682 200 204 1000 988 1000 1000 0 10
0.166667 0.182949 0.012776 200 181 1000 954 1000 1000 0 10
0.166667 0.169244 0.012281 200 187 1000 994 1000 1000 0 10
0.166667 0.165393 0.012421 200 185 1000 954 1000 1000 0 10
0.166667 0.178252 0.012546 200 190 1000 1012 1000 1000 0 10
0.166667 0.188478 0.012335 200 214 1000 1026 1000 1000 0 10
0.166667 0.157729 0.012080 200 177 1000 990 1000 1000 0 10
0.166667 0.187531 0.012777 200 191 1000 962 1000 1000 0 10
0.166667 0.184905 0.012509 200 191 1000 998 1000 1000 0 10
0.166667 0.172838 0.011783 200 196 1000 1083 1000 1000 0 10
0.166667 0.206902 0.013099 200 220 1000 980 1000 1000 0 10
0.166667 0.168781 0.012268 200 179 1000 1001 1000 1000 0 10
0.166667 0.205169 0.012938 200 221 1000 966 1000 1000 0 10
0.166667 0.182711 0.012546 200 200 1000 1007 1000 1000 0 10
0.166667 0.199465 0.012914 200 199 1000 978 1000 1000 0 10
0.166667 0.171713 0.012457 200 196 1000 995 1000 1000 0 10
0.166667 0.167800 0.012005 200 188 1000 1049 1000 1000 0 10
0.166667 0.191743 0.012612 200 205 1000 1031 1000 1000 0 10
0.166667 0.187563 0.012574 200 201 1000 995 1000 1000 0 10
0.166667 0.199341 0.012890 200 201 1000 968 1000 1000 0 10
0.166667 0.157285 0.012024 200 183 1000 1013 1000 1000 0 10
0.166667 0.181357 0.012124 200 193 1000 1044 1000 1000 0 10
0.166667 0.201859 0.012684 200 231 1000 1035 1000 1000 0 10
0.166667 0.166586 0.012059 200 185 1000 1056 1000 1000 0 10
0.166667 0.186038 0.012485 200 197 1000 1005 1000 1000 0 10
0.166667 0.193362 0.012690 200 202 1000 1002 1000 1000 0 10
0.166667 0.171873 0.012352 200 189 1000 1003 1000 1000 0 10
0.166667 0.190459 0.012882 200 194 1000 990 1000 1000 0 10
0.166667 0.191168 0.012543 200 205 1000 1029 1000 1000 0 10
0.166667 0.191037 0.012646 200 212 1000 993 1000 1000 0 10
0.166667 0.171256 0.012240 200 185 1000 1013 1000 1000 0 10
0.166667 0.204022 0.012854 200 213 1000 961 1000 1000 0 10
0.166667 0.180246 0.012234 200 206 1000 1007 1000 1000 0 10
0.166667 0.187346 0.012676 200 198 1000 988 1000 1000 0 10
0.166667 0.207278 0.012686 200 229 1000 1028 1000 1000 0 10
0.166667 0.171715 0.012062 200 203 1000 1035 1000 1000 0 10
0.166667 0.168700 0.011970 200 180 1000 1013 1000 1000 0 10
0.166667 0.172489 0.012444 200 183 1000 1006 1000 1000 0 10
0.166667 0.177398 0.012342 200 193 1000 1003 1000 1000 0 10
0.166667 0.203122 0.012776 200 227 1000 1010 1000 1000 0 10
0.166667 0.154213 0.011681 200 180 1000 1063 1000 1000 0 10
0.166667 0.192284 0.012973 200 205 1000 964 1000 1000 0 10
0.166667 0.171806 0.012251 200 185 1000 1005 1000 1000 0 10
0.166667 0.190092 0.012298 200 217 1000 1008 1000 1000 0 10
0.166667 0.198847 0.012491 200 209 1000 1032 1000 1000 0 10
0.166667 0.183958 0.012303 200 187 1000 1020 1000 1000 0 10
0.166667 0.189545 0.012184 200 222 1000 1062 1000 1000 0 10
0.166667 0.188470 0.012727 200 197 1000 956 1000 1000 0 10
0.166667 0.166386 0.012085 200 186 1000 1041 1000 1000 0 10
0.166667 0.183403 0.012717 200 205 1000 977 1000 1000 0 10
0.166667 0.185937 0.012201 200 205 1000 1012 1000 1000 0 10
0.166667 0.194343 0.012751 200 214 1000 996 1000 1000 0 10
0.166667 0.206488 0.012895 200 219 1000 983 1000 1000 0 10
0.166667 0.202648 0.012783 200 229 1000 1004 1000 1000 0 10
0.166667 0.171184 0.012252 200 202 1000 1021 1000 1000 0 10
0.166667 0.180128 0.012730 200 205 1000 976 1000 1000 0 10
0.166667 0.196650 0.012406 200 217 1000 1038 1000 1000 0 10
0.166667 0.191901 0.012641 200 197 1000 1011 1000 1000 0 10
0.166667 0.205492 0.013047 200 212 1000 968 1000 1000 0 10
0.166667 0.186930 0.012687 200 199 1000 957 1000 1000 0 10
0.166667 0.176472 0.012250 200 204 1000 1033 1000 1000 0 10
0.166667 0.174575 0.012207 200 188 1000 1028 1000 1000 0 10
0.166667 0.188386 0.012426 200 218 1000 1008 1000 1000 0 10
0.166667 0.184547 0.012407 200 201 1000 1061 1000 1000 0 10
0.166667 0.183476 0.012622 200 202 1000 992 1000 1000 0 10
0.166667 0.201001 0.012752 200 215 1000 999 1000 1000 0 10
0.166667 0.191191 0.012763 200 201 1000 982 1000 1000 0 10
0.166667 0.182525 0.012586 200 203 1000 991 1000 1000 0 10
0.166667 0.182566 0.012342 200 193 1000 1018 1000 1000 0 10
0.166667 0.184292 0.012370 200 212 1000 1009 1000 1000 0 10
0.166667 0.157165 0.011914 200 172 1000 1040 1000 1000 0 10
0.166667 0.172409 0.012872 200 169 1000 938 1000 1000 0 10
0.166667 0.160346 0.012139 200 175 1000 1040 1000 1000 0 10
0.166667 0.191402 0.012795 200 224 1000 994 1000 1000 0 10
0.166667 0.187793 0.012431 200 208 1000 1020 1000 1000 0 10
0.166667 0.184358 0.013294 200 200 1000 929 1000 1000 0 10
0.166667 0.191667 0.012443 200 212 1000 1019 1000 1000 0 10
0.166667 0.174282 0.012260 200 185 1000 996 1000 1000 0 10
0.166667 0.196630 0.012763 200 218 1000 989 1000 1000 0 10
0.166667 0.187814 0.012449 200 196 1000 986 1000 1000 0 10
0.166667 0.175220 0.012234 200 206 1000 1001 1000 1000 0 10
0.166667 0.180883 0.012336 200 193 1000 1017 1000 1000 0 10
0.166667 0.191821 0.012824 200 222 1000 1005 1000 1000 0 10
0.166667 0.196872 0.012695 200 213 1000 1021 1000 1000 0 10
0.166667 0.191454 0.012757 200 205 1000 965 1000 1000 0 10
0.166667 0.178186 0.012675 200 175 1000 989 1000 1000 0 10
0.166667 0.188755 0.012672 200 217 1000 987 1000 1000 0 10
0.166667 0.196811 0.012923 200 194 1000 989 1000 1000 0 10
0.166667 0.173779 0.012305 200 190 1000 1053 1000 1000 0 10
0.166667 0.177209 0.011939 200 198 1000 1043 1000 1000 0 10
0.166667 0.181203 0.012292 200 205 1000 1043 1000 1000 0 10
0.166667 0.196549 0.012579 200 210 1000 1004 1000 1000 0 10
0.166667 0.178233 0.012441 200 202 1000 997 1000 1000 0 10
0.166667 0.186372 0.012419 200 213 1000 1022 1000 1000 0 10
0.166667 0.188881 0.012430 200 210 1000 1016 1000 1000 0 10
0.166667 0.215653 0.013149 200 222 1000 978 1000 1000 0 10
0.166667 0.190901 0.012555 200 202 1000 1001 1000 1000 0 10
0.166667 0.174211 0.012378 200 187 1000 1015 1000 1000 0 10
0.166667 0.164140 0.012114 200 185 1000 1034 1000 1000 0 10
0.166667 0.201094 0.013018 200 199 1000 972 1000 1000 0 10
0.166667 0.194506 0.012599 200 206 1000 1034 1000 1000 0 10
0.166667 0.197280 0.013068 200 208 1000 953 1000 1000 0 10
0.166667 0.170340 0.012088 200 191 1000 1025 1000 1000 0 10
0.166667 0.203872 0.012691 200 217 1000 1020 1000 1000 0 10
0.166667 0.180409 0.012402 200 204 1000 1007 1000 1000 0 10
0.166667 0.183483 0.012391 200 193 1000 1029 1000 1000 0 10
0.166667 0.163676 0.012509 200 165 1000 969 1000 1000 0 10
0.166667 0.187003 0.012551 200 213 1000 1000 1000 1000 0 10
0.166667 0.177442 0.012674 200 200 1000 1015 1000 1000 0 10
0.166667 0.180045 0.012367 200 198 1000 1017 1000 1000 0 10
0.166667 0.185537 0.012612 200 192 1000 982 1000 1000 0 10
0.166667 0.174870 0.012462 200 183 1000 999 1000 1000 0 10
0.166667 0.203024 0.013332 200 197 1000 940 1000 1000 0 10
0.166667 0.176566 0.012234 200 194 1000 1026 1000 1000 0 10
0.166667 0.193051 0.012651 200 215 1000 1001 1000 1000 0 10
0.166667 0.189030 0.012509 200 199 1000 992 1000 1000 0 10
0.166667 0.188680 0.012757 200 196 1000 989 1000 1000 0 10
0.166667 0.188645 0.012414 200 207 1000 1026 1000 1000 0 10
0.166667 0.184455 0.012810 200 197 1000 956 1000 1000 0 10
0.166667 0.183597 0.012549 200 194 1000 977 1000 1000 0 10
0.166667 0.183079 0.012654 200 198 1000 1013 1000 1000 0 10
0.166667 0.181718 0.012223 200 208 1000 1044 1000 1000 0 10
0.166667 0.177867 0.012553 200 190 1000 991 1000 1000 0 10
0.166667 0.173846 0.012672 200 187 1000 960 1000 1000 0 10
0.166667 0.170899 0.011894 200 194 1000 1057 1000 1000 0 10
0.166667 0.179783 0.012983 200 181 1000 922 1000 1000 0 10
0.166667 0.192427 0.012874 200 217 1000 981 1000 1000 0 10
0.166667 0.186060 0.012393 200 188 1000 998 1000 1000 0 10
0.166667 0.191986 0.012827 200 209 1000 981 1000 1000 0 10
0.166667 0.196554 0.012870 200 210 1000 1001 1000 1000 0 10
0.166667 0.194247 0.012722 200 215 1000 995 1000 1000 0 10
0.166667 0.181904 0.012728 200 191 1000 950 1000 1000 0 10
0.166667 0.161634 0.012393 200 168 1000 964 1000 1000 0 10
0.166667 0.180127 0.012707 200 191 1000 984 1000 1000 0 10
0.166667 0.183204 0.012337 200 208 1000 1029 1000 1000 0 10
0.166667 0.186983 0.012386 200 226 1000 1054 1000 1000 0 10
0.166667 0.198474 0.012977 200 205 1000 930 1000 1000 0 10
0.166667 0.189418 0.012579 200 206 1000 1010 1000 1000 0 10
0.166667 0.198559 0.012796 200 212 1000 1005 1000 1000 0 10
0.166667 0.180529 0.012440 200 194 1000 1050 1000 1000 0 10
0.166667 0.175522 0.012512 200 190 1000 983 1000 1000 0 10
0.166667 0.196571 0.012974 200 223 1000 955 1000 1000 0 10
0.166667 0.169004 0.012377 200 188 1000 1000 1000 1000 0 10
0.166667 0.190814 0.012561 200 200 1000 977 1000 1000 0 10
0.166667 0.173237 0.012643 200 190 1000 945 1000 1000 0 10
0.166667 0.160579 0.011923 200 177 1000 1008 1000 1000 0 10
0.166667 0.174088 0.012379 200 184 1000 984 1000 1000 0 10
0.166667 0.173713 0.012115 200 195 1000 1027 1000 1000 0 10
0.166667 0.185435 0.012265 200 212 1000 1015 1000 1000 0 10
0.166667 0.175620 0.012990 200 190 1000 952 1000 1000 0 10
0.166667 0.183093 0.012240 200 199 1000 1031 1000 1000 0 10
0.166667 0.181320 0.012703 200 189 1000 956 1000 1000 0 10
0.166667 0.182860 0.012629 200 191 1000 983 1000 1000 0 10
0.166667 0.175409 0.012576 200 193 1000 977 1000 1000 0 10
0.166667 0.168496 0.012142 200 180 1000 1018 1000 1000 0 10
0.166667 0.165177 0.012190 200 162 1000 984 1000 1000 0 10
0.166667 0.170579 0.012584 200 173 1000 953 1000 1000 0 10
0.166667 0.180138 0.012186 200 192 1000 1030 1000 1000 0 10
0.166667 0.188353 0.012860 200 194 1000 953 1000 1000 0 10
0.166667 0.179372 0.012614 200 193 1000 988 1000 1000 0 10
0.166667 0.180286 0.012658 200 192 1000 982 1000 1000 0 10
0.166667 0.198224 0.013269 200 196 1000 933 1000 1000 0 10
0.166667 0.207057 0.012827 200 219 1000 978 1000 1000 0 10
0.166667 0.185060 0.012459 200 208 1000 1007 1000 1000 0 10
0.166667 0.194010 0.012789 200 211 1000 976 1000 1000 0 10
0.166667 0.203856 0.012722 200 216 1000 990 1000 1000 0 10
0.166667 0.164365 0.012641 200 178 1000 963 1000 1000 0 10
0.166667 0.184118 0.012416 200 201 1000 1000 1000 1000 0 10
0.166667 0.167972 0.012386 200 191 1000 1014 1000 1000 0 10
0.166667 0.183379 0.012375 200 198 1000 1010 1000 1000 0 10
0.166667 0.193531 0.012847 200 206 1000 982 1000 1000 0 10
0.166667 0.184606 0.012450 200 220 1000 1019 1000 1000 0 10
0.166667 0.207368 0.013159 200 205 1000 948 1000 1000 0 10
0.166667 0.194007 0.012861 200 202 1000 984 1000 1000 0 10
0.166667 0.172970 0.012254 200 198 1000 1001 1000 1000 0 10
0.166667 0.187203 0.012728 200 205 1000 978 1000 1000 0 10
0.166667 0.190682 0.012875 200 209 1000 1005 1000 1000 0 10
0.166667 0.170655 0.012133 200 196 1000 1029 1000 1000 0 10
0.166667 0.184209 0.012696 200 196 1000 969 1000 1000 0 10
0.166667 0.166315 0.012145 200 183 1000 1046 1000 1000 0 10
0.166667 0.198088 0.013513 200 199 1000 929 1000 1000 0 10
0.166667 0.184119 0.012442 200 201 1000 1024 1000 1000 0 10
0.166667 0.195444 0.012800 200 209 1000 994 1000 1000 0 10
0.166667 0.169933 0.012097 200 190 1000 999 1000 1000 0 10
0.166667 0.183800 0.012763 200 189 1000 954 1000 1000 0 10
0.166667 0.179797 0.012714 200 188 1000 1018 1000 1000 0 10
0.166667 0.161599 0.011919 200 177 1000 1006 1000 1000 0 10
0.166667 0.164260 0.012099 200 182 1000 988 1000 1000 0 10
0.166667 0.190756 0.012741 200 191 1000 984 1000 1000 0 10
0.166667 0.190418 0.012773 200 204 1000 968 1000 1000 0 10
0.166667 0.174385 0.012502 200 185 1000 990 1000 1000 0 10
0.166667 0.203814 0.013456 200 212 1000 935 1000 1000 0 10
0.166667 0.181542 0.012436 200 209 1000 997 1000 1000 0 10
0.166667 0.179379 0.012788 200 186 1000 950 1000 1000 0 10
0.166667 0.218279 0.013282 200 225 1000 951 1000 1000 0 10
0.166667 0.183094 0.012944 200 183 1000 968 1000 1000 0 10
0.166667 0.184818 0.012581 200 202 1000 1004 1000 1000 0 10
0.166667 0.194521 0.012675 200 212 1000 1002 1000 1000 0 10
0.166667 0.169397 0.011937 200 186 1000 1050 1000 1000 0 10
0.166667 0.193687 0.013117 200 193 1000 962 1000 1000 0 10
0.166667 0.160313 0.012128 200 176 1000 1000 1000 1000 0 10
0.166667 0.187911 0.012979 200 192 1000 932 1000 1000 0 10
0.166667 0.179846 0.012566 200 199 1000 976 1000 1000 0 10
0.166667 0.194097 0.012862 200 197 1000 988 1000 1000 0 10
0.166667 0.187261 0.012560 200 190 1000 979 1000 1000 0 10
0.166667 0.172635 0.012174 200 189 1000 1003 1000 1000 0 10
0.166667 0.182915 0.012107 200 221 1000 1079 1000 1000 0 10
0.166667 0.180479 0.012463 200 194 1000 1002 1000 1000 0 10
0.166667 0.177099 0.012511 200 188 1000 985 1000 1000 0 10
0.166667 0.188576 0.012343 200 213 1000 1024 1000 1000 0 10
0.166667 0.176793 0.012540 200 183 1000 981 1000 1000 0 10
0.166667 0.194089 0.012762 200 208 1000 996 1000 1000 0 10
0.166667 0.198613 0.012852 200 213 1000 948 1000 1000 0 10
0.166667 0.203204 0.012935 200 207 1000 965 1000 1000 0 10
0.166667 0.210244 0.012781 200 232 1000 1010 1000 1000 0 10
0.166667 0.167189 0.012085 200 189 1000 1012 1000 1000 0 10
0.166667 0.169097 0.012010 200 190 1000 1026 1000 1000 0 10
0.166667 0.188288 0.012577 200 211 1000 1002 1000 1000 0 10
0.166667 0.165246 0.012128 200 175 1000 996 1000 1000 0 10
0.166667 0.198399 0.012827 200 207 1000 999 1000 1000 0 10
0.166667 0.167571 0.012489 200 179 1000 987 1000 1000 0 10
0.166667 0.155679 0.011784 200 176 1000 1002 1000 1000 0 10
0.166667 0.184333 0.012426 200 197 1000 1013 1000 1000 0 10
0.166667 0.170773 0.011819 200 198 1000 1089 1000 1000 0 10
0.166667 0.181602 0.012444 200 197 1000 1036 1000 1000 0 10
0.166667 0.188749 0.012478 200 206 1000 1005 1000 1000 0 10
0.166667 0.186902 0.012923 200 189 1000 967 1000 1000 0 10
0.166667 0.203031 0.013180 200 209 1000 947 1000 1000 0 10
0.166667 0.185344 0.012816 200 204 1000 971 1000 1000 0 10
0.166667 0.176199 0.012268 200 187 1000 1001 1000 1000 0 10
0.166667 0.154973 0.011769 200 182 1000 1045 1000 1000 0 10
0.166667 0.191348 0.012795 200 201 1000 985 1000 1000 0 10
0.166667 0.189335 0.012659 200 206 1000 1005 1000 1000 0 10
0.166667 0.187027 0.012601 200 198 1000 1017 1000 1000 0 10
0.166667 0.184302 0.012563 200 202 1000 985 1000 1000 0 10
0.166667 0.179547 0.012404 200 193 1000 1021 1000 1000 0 10
0.166667 0.197005 0.013060 200 201 1000 931 1000 1000 0 10
0.166667 0.177761 0.012401 200 209 1000 1018 1000 1000 0 10
0.166667 0.200781 0.012855 200 219 1000 991 1000 1000 0 10
0.166667 0.175212 0.012399 200 191 1000 980 1000 1000 0 10
0.166667 0.189802 0.013078 200 196 1000 974 1000 1000 0 10
0.166667 0.219728 0.013296 200 230 1000 955 1000 1000 0 10
0.166667 0.200924 0.012375 200 232 1000 1042 1000 1000 0 10
0.166667 0.195338 0.012632 200 222 1000 1023 1000 1000 0 10
0.166667 0.197485 0.012525 200 217 1000 1030 1000 1000 0 10
0.166667 0.196831 0.012427 200 216 1000 1052 1000 1000 0 10
0.166667 0.178884 0.012789 200 194 1000 963 1000 1000 0 10
0.166667 0.177989 0.012804 200 191 1000 974 1000 1000 0 10
0.166667 0.199665 0.013068 200 203 1000 950 1000 1000 0 10
0.166667 0.172879 0.012305 200 196 1000 1037 1000 1000 0 10
0.166667 0.177953 0.012435 200 193 1000 996 1000 1000 0 10
0.166667 0.193997 0.012933 200 206 1000 995 1000 1000 0 10
0.166667 0.181019 0.012498 200 198 1000 1008 1000 1000 0 10
0.166667 0.163959 0.012270 200 186 1000 973 1000 1000 0 10
0.166667 0.190428 0.012680 200 205 1000 984 1000 1000 0 10
0.166667 0.204028 0.013142 200 226 1000 952 1000 1000 0 10
0.166667 0.186262 0.012796 200 201 1000 979 1000 1000 0 10
0.166667 0.173591 0.012499 200 186 1000 977 1000 1000 0 10
0.166667 0.168182 0.012072 200 184 1000 995 1000 1000 0 10
0.166667 0.172086 0.011898 200 204 1000 1053 1000 1000 0 10
0.166667 0.210835 0.012919 200 217 1000 969 1000 1000 0 10
0.166667 0.163659 0.012080 200 164 1000 1023 1000 1000 0 10
0.166667 0.184519 0.012797 200 192 1000 970 1000 1000 0 10
0.166667 0.201791 0.012713 200 213 1000 967 1000 1000 0 10
0.166667 0.172759 0.012343 200 197 1000 1009 1000 1000 0 10
0.166667 0.177383 0.012330 200 204 1000 1016 1000 1000 0 10
0.166667 0.179933 0.012304 200 188 1000 990 1000 1000 0 10
0.166667 0.200388 0.012927 200 212 1000 986 1000 1000 0 10
0.166667 0.173888 0.012158 200 183 1000 1012 1000 1000 0 10
0.166667 0.169050 0.012442 200 170 1000 1006 1000 1000 0 10
0.166667 0.174985 0.012720 200 178 1000 935 1000 1000 0 10
0.166667 0.170745 0.012246 200 183 1000 994 1000 1000 0 10
0.166667 0.162790 0.012402 200 176 1000 972 1000 1000 0 10
0.166667 0.206868 0.012702 200 226 1000 1022 1000 1000 0 10
0.166667 0.186512 0.012437 200 215 1000 1034 1000 1000 0 10
0.166667 0.185113 0.013042 200 196 1000 955 1000 1000 0 10
0.166667 0.168407 0.012090 200 176 1000 1011 1000 1000 0 10
0.166667 0.162744 0.012254 200 185 1000 990 1000 1000 0 10
0.166667 0.198878 0.012914 200 208 1000 994 1000 1000 0 10
0.166667 0.187507 0.012499 200 204 1000 1018 1000 1000 0 10
0.166667 0.183678 0.012514 200 198 1000 1007 1000 1000 0 10
0.166667 0.158129 0.011549 200 178 1000 1081 1000 1000 0 10
0.166667 0.191183 0.012484 200 212 1000 1027 1000 1000 0 10
0.166667 0.190652 0.012294 200 215 1000 1035 1000 1000 0 10
0.166667 0.179851 0.012520 200 187 1000 1004 1000 1000 0 10
0.166667 0.169135 0.012205 200 177 1000 971 1000 1000 0 10
0.166667 0.183918 0.012367 200 206 1000 1004 1000 1000 0 10
0.166667 0.187785 0.012895 200 191 1000 965 1000 1000 0 10
0.166667 0.168753 0.012291 200 186 1000 1003 1000 1000 0 10
0.166667 0.208583 0.013131 200 225 1000 962 1000 1000 0 10
0.166667 0.180094 0.012551 200 183 1000 967 1000 1000 0 10
0.166667 0.192281 0.012975 200 207 1000 962 1000 1000 0 10
0.166667 0.189569 0.012752 200 202 1000 979 1000 1000 0 10
0.166667 0.195713 0.013091 200 210 1000 945 1000 1000 0 10
0.166667 0.185964 0.012623 200 205 1000 976 1000 1000 0 10
0.166667 0.212221 0.013708 200 239 1000 943 1000 1000 0 10
0.166667 0.208938 0.012763 200 230 1000 995 1000 1000 0 10
0.166667 0.183995 0.012488 200 202 1000 1012 1000 1000 0 10
0.166667 0.207559 0.012899 200 227 1000 956 1000 1000 0 10
0.166667 0.174659 0.012206 200 189 1000 1051 1000 1000 0 10
0.166667 0.186174 0.012772 200 205 1000 980 1000 1000 0 10
0.166667 0.179137 0.012530 200 187 1000 1009 1000 1000 0 10
0.166667 0.169489 0.012027 200 178 1000 1028 1000 1000 0 10
0.166667 0.169228 0.012354 200 188 1000 1018 1000 1000 0 10
0.166667 0.164726 0.012050 200 190 1000 1045 1000 1000 0 10
0.166667 0.214070 0.013277 200 210 1000 938 1000 1000 0 10
0.166667 0.177548 0.012048 200 198 1000 1049 1000 1000 0 10
0.166667 0.196876 0.012817 200 218 1000 999 1000 1000 0 10
0.166667 0.173852 0.012543 200 185 1000 984 1000 1000 0 10
0.166667 0.172704 0.012346 200 191 1000 1007 1000 1000 0 10
0.166667 0.205171 0.013039 200 226 1000 997 1000 1000 0 10
0.166667 0.198011 0.012703 200 209 1000 1013 1000 1000 0 10
0.166667 0.222866 0.013031 200 247 1000 985 1000 1000 0 10
0.166667 0.204647 0.013025 200 221 1000 963 1000 1000 0 10
0.166667 0.176062 0.012375 200 189 1000 1012 1000 1000 0 10
0.166667 0.185435 0.012441 200 208 1000 996 1000 1000 0 10
0.166667 0.171676 0.012148 200 181 1000 1017 1000 1000 0 10
0.166667 0.197775 0.012671 200 209 1000 1007 1000 1000 0 10
0.166667 0.169879 0.012396 200 181 1000 976 1000 1000 0 10
0.166667 0.164090 0.012033 200 187 1000 1048 1000 1000 0 10
0.166667 0.184179 0.012808 200 180 1000 966 1000 1000 0 10
0.166667 0.152172 0.011796 200 173 1000 1056 1000 1000 0 10
0.166667 0.197079 0.012755 200 211 1000 1005 1000 1000 0 10
0.166667 0.210148 0.012922 200 221 1000 983 1000 1000 0 10
0.166667 0.172197 0.011999 200 189 1000 1048 1000 1000 0 10
0.166667 0.186395 0.012981 200 188 1000 976 1000 1000 0 10
0.166667 0.202809 0.012662 200 224 1000 1020 1000 1000 0 10
0.166667 0.194773 0.013130 200 202 1000 965 1000 1000 0 10
0.166667 0.207206 0.012757 200 225 1000 1003 1000 1000 0 10
0.166667 0.182281 0.012997 200 204 1000 938 1000 1000 0 10
0.166667 0.188742 0.012728 200 191 1000 969 1000 1000 0 10
0.166667 0.189930 0.012805 200 203 1000 972 1000 1000 0 10
0.166667 0.195277 0.013166 200 203 1000 936 1000 1000 0 10
0.166667 0.204408 0.012932 200 219 1000 970 1000 1000 0 10
0.166667 0.157271 0.012291 200 180 1000 1022 1000 1000 0 10
0.166667 0.185165 0.012552 200 197 1000 987 1000 1000 0 10
0.166667 0.180391 0.012337 200 202 1000 999 1000 1000 0 10
0.166667 0.204544 0.013101 200 227 1000 958 1000 1000 0 10
0.166667 0.182287 0.012194 200 200 1000 1017 1000 1000 0 10
0.166667 0.201262 0.012829 200 204 1000 992 1000 1000 0 10
0.166667 0.196228 0.012506 200 216 1000 1055 1000 1000 0 10
0.166667 0.181561 0.012878 200 195 1000 929 1000 1000 0 10
0.166667 0.189051 0.012689 200 202 1000 966 1000 1000 0 10
0.166667 0.190090 0.012717 200 201 1000 983 1000 1000 0 10
0.166667 0.176137 0.012361 200 176 1000 993 1000 1000 0 10
0.166667 0.200178 0.012817 200 214 1000 975 1000 1000 0 10
0.166667 0.197294 0.012991 200 196 1000 982 1000 1000 0 10
0.166667 0.186576 0.012685 200 192 1000 976 1000 1000 0 10
0.166667 0.185732 0.012436 200 212 1000 1064 1000 1000 0 10
0.166667 0.181650 0.012552 200 200 1000 993 1000 1000 0 10
0.166667 0.173485 0.012434 200 210 1000 1008 1000 1000 0 10
0.166667 0.171283 0.012080 200 193 1000 1036 1000 1000 0 10
0.166667 0.182585 0.012321 200 206 1000 1033 1000 1000 0 10
0.166667 0.189634 0.012300 200 198 1000 1037 1000 1000 0 10
0.166667 0.184726 0.012233 200 202 1000 1025 1000 1000 0 10
0.166667 0.178785 0.012424 200 182 1000 971 1000 1000 0 10
0.166667 0.200283 0.013172 200 202 1000 931 1000 1000 0 10
0.166667 0.180596 0.012619 200 191 1000 1004 1000 1000 0 10
0.166667 0.195808 0.012584 200 226 1000 1010 1000 1000 0 10
0.166667 0.172454 0.011786 200 207 1000 1070 1000 1000 0 10
0.166667 0.185033 0.012444 200 197 1000 1000 1000 1000 0 10
0.166667 0.202202 0.012868 200 235 1000 974 1000 1000 0 10
0.166667 0.175561 0.012538 200 198 1000 1015 1000 1000 0 10
0.166667 0.161126 0.012149 200 191 1000 993 1000 1000 0 10
0.166667 0.161889 0.011972 200 166 1000 1010 1000 1000 0 10
0.166667 0.188414 0.012610 200 209 1000 1018 1000 1000 0 10
0.166667 0.186385 0.012690 200 211 1000 993 1000 1000 0 10
0.166667 0.157724 0.011768 200 179 1000 1048 1000 1000 0 10
0.166667 0.182802 0.012467 200 192 1000 992 1000 1000 0 10
0.166667 0.168901 0.012539 200 191 1000 1007 1000 1000 0 10
0.166667 0.183661 0.012517 200 207 1000 986 1000 1000 0 10
0.166667 0.185224 0.012476 200 206 1000 1033 1000 1000 0 10
0.166667 0.179120 0.012494 200 198 1000 979 1000 1000 0 10
0.166667 0.183842 0.012502 200 187 1000 991 1000 1000 0 10
0.166667 0.180608 0.012619 200 190 1000 986 1000 1000 0 10
0.166667 0.169894 0.012309 200 190 1000 999 1000 1000 0 10
0.166667 0.169353 0.012266 200 199 1000 1009 1000 1000 0 10
0.166667 0.211993 0.012858 200 234 1000 1003 1000 1000 0 10
0.166667 0.183983 0.012581 200 190 1000 1000 1000 1000 0 10
0.166667 0.177244 0.012520 200 203 1000 999 1000 1000 0 10
0.166667 0.200721 0.012973 200 206 1000 975 1000 1000 0 10
0.166667 0.199279 0.012512 200 221 1000 1035 1000 1000 0 10
0.166667 0.172597 0.012246 200 181 1000 1008 1000 1000 0 10
0.166667 0.192813 0.012377 200 218 1000 1028 1000 1000 0 10
0.166667 0.167901 0.012282 200 185 1000 983 1000 1000 0 10
0.166667 0.169060 0.012678 200 192 1000 964 1000 1000 0 10
0.166667 0.158943 0.011675 200 197 1000 1087 1000 1000 0 10
0.166667 0.192767 0.012815 200 214 1000 1013 1000 1000 0 10
0.166667 0.198615 0.013046 200 212 1000 947 1000 1000 0 10
0.166667 0.206287 0.012840 200 232 1000 988 1000 1000 0 10
0.166667 0.171294 0.012135 200 194 1000 1041 1000 1000 0 10
0.166667 0.185698 0.013239 200 186 1000 914 1000 1000 0 10
0.166667 0.181496 0.012615 200 191 1000 978 1000 1000 0 10
0.166667 0.213377 0.013113 200 225 1000 986 1000 1000 0 10
0.166667 0.187594 0.012501 200 200 1000 1014 1000 1000 0 10
0.166667 0.179649 0.012307 200 189 1000 1007 1000 1000 0 10
0.166667 0.206598 0.012884 200 225 1000 998 1000 1000 0 10
0.166667 0.168103 0.012411 200 194 1000 985 1000 1000 0 10
0.166667 0.187813 0.012746 200 185 1000 971 1000 1000 0 10
0.166667 0.189451 0.012685 200 191 1000 1003 1000 1000 0 10
0.166667 0.171967 0.012597 200 184 1000 1012 1000 1000 0 10
0.166667 0.161682 0.012420 200 174 1000 979 1000 1000 0 10
0.166667 0.200108 0.012867 200 219 1000 993 1000 1000 0 10
0.166667 0.176593 0.012224 200 197 1000 1011 1000 1000 0 10
0.166667 0.185701 0.012467 200 204 1000 1006 1000 1000 0 10
0.166667 0.205393 0.012776 200 231 1000 997 1000 1000 0 10
0.166667 0.184210 0.012432 200 196 1000 1041 1000 1000 0 10
0.166667 0.195975 0.012550 200 214 1000 1005 1000 1000 0 10
0.166667 0.181363 0.012739 200 191 1000 958 1000 1000 0 10
0.166667 0.168049 0.012065 200 189 1000 1000 1000 1000 0 10
0.166667 0.184010 0.012565 200 201 1000 1012 1000 1000 0 10
0.166667 0.195150 0.012436 200 203 1000 1022 1000 1000 0 10
0.166667 0.194040 0.012785 200 201 1000 986 1000 1000 0 10
0.166667 0.170311 0.011913 200 183 1000 1029 1000 1000 0 10
0.166667 0.183572 0.012602 200 194 1000 974 1000 1000 0 10
