0.166667 0.178131 0.016717 200 197 1000 992 2 10000 10000 0 10
0.166667 0.162266 0.016758 200 200 1000 999 2 10000 10000 0 10
0.166667 0.184322 0.016822 200 204 1000 1027 2 10000 10000 0 10
0.166667 0.164804 0.016523 200 208 1000 994 2 10000 10000 0 10
0.166667 0.182323 0.016971 200 194 1000 998 2 10000 10000 0 10
0.166667 0.168283 0.016345 200 211 1000 1004 2 10000 10000 0 10
0.166667 0.172792 0.016467 200 204 1000 1061 2 10000 10000 0 10
0.166667 0.176864 0.016548 200 209 1000 988 2 10000 10000 0 10
0.166667 0.198781 0.017179 200 201 1000 989 2 10000 10000 0 10
0.166667 0.173651 0.016794 200 194 1000 1014 2 10000 10000 0 10
0.166667 0.177559 0.016761 200 201 1000 1000 2 10000 10000 0 10
0.166667 0.196668 0.016846 200 204 1000 1023 2 10000 10000 0 10
0.166667 0.191442 0.017689 200 201 1000 929 2 10000 10000 0 10
0.166667 0.171899 0.017107 200 210 1000 981 2 10000 10000 0 10
0.166667 0.171592 0.017156 200 191 1000 1021 2 10000 10000 0 10
0.166667 0.163551 0.016686 200 192 1000 1004 2 10000 10000 0 10
0.166667 0.166723 0.016680 200 194 1000 1013 2 10000 10000 0 10
0.166667 0.187241 0.017415 200 189 1000 929 2 10000 10000 0 10
0.166667 0.168598 0.016729 200 211 1000 995 2 10000 10000 0 10
0.166667 0.181176 0.016980 200 194 1000 1017 2 10000 10000 0 10
0.166667 0.173073 0.016336 200 198 1000 1010 2 10000 10000 0 10
0.166667 0.189062 0.016945 200 221 1000 1017 2 10000 10000 0 10
0.166667 0.185581 0.016631 200 207 1000 1024 2 10000 10000 0 10
0.166667 0.154339 0.016712 200 195 1000 1012 2 10000 10000 0 10
0.166667 0.159731 0.016825 200 191 1000 970 2 10000 10000 0 10
0.166667 0.173344 0.016145 200 198 1000 1061 2 10000 10000 0 10
0.166667 0.179822 0.016491 200 219 1000 1006 2 10000 10000 0 10
0.166667 0.196774 0.016772 200 204 1000 1027 2 10000 10000 0 10
0.166667 0.161060 0.015894 200 217 1000 1046 2 10000 10000 0 10
0.166667 0.192264 0.017709 200 199 1000 947 2 10000 10000 0 10
0.166667 0.142269 0.017153 200 185 1000 965 2 10000 10000 0 10
0.166667 0.189855 0.016713 200 196 1000 1014 2 10000 10000 0 10
0.166667 0.171768 0.016704 200 203 1000 1012 2 10000 10000 0 10
0.166667 0.161582 0.016642 200 201 1000 1018 2 10000 10000 0 10
0.166667 0.187204 0.017010 200 196 1000 989 2 10000 10000 0 10
0.166667 0.187974 0.016791 200 208 1000 1023 2 10000 10000 0 10
0.166667 0.172247 0.016994 200 192 1000 990 2 10000 10000 0 10
0.166667 0.197336 0.017228 200 223 1000 988 2 10000 10000 0 10
0.166667 0.167283 0.016729 200 197 1000 974 2 10000 10000 0 10
0.166667 0.190074 0.017185 200 202 1000 988 2 10000 10000 0 10
0.166667 0.162669 0.016434 200 208 1000 1050 2 10000 10000 0 10
0.166667 0.156341 0.016403 200 186 1000 1028 2 10000 10000 0 10
0.166667 0.143451 0.016671 200 180 1000 973 2 10000 10000 0 10
0.166667 0.172912 0.017273 200 190 1000 992 2 10000 10000 0 10
0.166667 0.179533 0.017275 200 185 1000 991 2 10000 10000 0 10
0.166667 0.173126 0.016901 200 199 1000 981 2 10000 10000 0 10
0.166667 0.176992 0.016489 200 223 1000 1013 2 10000 10000 0 10
0.166667 0.168357 0.016221 200 202 1000 1038 2 10000 10000 0 10
0.166667 0.165661 0.016823 200 196 1000 995 2 10000 10000 0 10
0.166667 0.179551 0.017245 200 201 1000 968 2 10000 10000 0 10
0.166667 0.171071 0.016601 200 202 1000 1028 2 10000 10000 0 10
0.166667 0.168932 0.016619 200 206 1000 1011 2 10000 10000 0 10
0.166667 0.183141 0.016958 200 188 1000 989 2 10000 10000 0 10
0.166667 0.181942 0.016775 200 217 1000 988 2 10000 10000 0 10
0.166667 0.180343 0.016961 200 197 1000 987 2 10000 10000 0 10
0.166667 0.160227 0.017141 200 183 1000 979 2 10000 10000 0 10
0.166667 0.169205 0.016230 200 189 1000 1085 2 10000 10000 0 10
0.166667 0.174275 0.016683 200 207 1000 999 2 10000 10000 0 10
0.166667 0.231989 0.017527 200 244 1000 973 2 10000 10000 0 10
0.166667 0.190792 0.016410 200 215 1000 1033 2 10000 10000 0 10
0.166667 0.143686 0.016776 200 176 1000 988 2 10000 10000 0 10
0.166667 0.168210 0.016457 200 199 1000 1038 2 10000 10000 0 10
0.166667 0.158341 0.016721 200 195 1000 1021 2 10000 10000 0 10
0.166667 0.186186 0.016906 200 213 1000 991 2 10000 10000 0 10
0.166667 0.161500 0.016533 200 203 1000 996 2 10000 10000 0 10
0.166667 0.160160 0.016762 200 198 1000 974 2 10000 10000 0 10
0.166667 0.155118 0.016406 200 187 1000 1002 2 10000 10000 0 10
0.166667 0.165658 0.016434 200 211 1000 1021 2 10000 10000 0 10
0.166667 0.185581 0.016491 200 218 1000 1024 2 10000 10000 0 10
0.166667 0.154970 0.016022 200 186 1000 1081 2 10000 10000 0 10
0.166667 0.220568 0.017578 200 204 1000 948 2 10000 10000 0 10
0.166667 0.140859 0.015792 200 167 1000 1025 2 10000 10000 0 10
0.166667 0.182993 0.016814 200 185 1000 1031 2 10000 10000 0 10
0.166667 0.203630 0.017153 200 207 1000 975 2 10000 10000 0 10
0.166667 0.159153 0.016450 200 213 1000 978 2 10000 10000 0 10
0.166667 0.167974 0.016855 200 172 1000 993 2 10000 10000 0 10
0.166667 0.169492 0.017342 200 187 1000 967 2 10000 10000 0 10
0.166667 0.193493 0.016751 200 230 1000 994 2 10000 10000 0 10
0.166667 0.154003 0.016826 200 195 1000 989 2 10000 10000 0 10
0.166667 0.122324 0.015533 200 190 1000 1049 2 10000 10000 0 10
0.166667 0.171081 0.017078 200 193 1000 977 2 10000 10000 0 10
0.166667 0.186351 0.016374 200 223 1000 1030 2 10000 10000 0 10
0.166667 0.167403 0.016473 200 202 1000 1034 2 10000 10000 0 10
0.166667 0.161963 0.016452 200 170 1000 994 2 10000 10000 0 10
0.166667 0.196065 0.016462 200 210 1000 1044 2 10000 10000 0 10
0.166667 0.183062 0.017015 200 200 1000 985 2 10000 10000 0 10
0.166667 0.167234 0.016576 200 190 1000 1018 2 10000 10000 0 10
0.166667 0.162937 0.016933 200 186 1000 974 2 10000 10000 0 10
0.166667 0.189391 0.017234 200 198 1000 959 2 10000 10000 0 10
0.166667 0.202470 0.017224 200 202 1000 995 2 10000 10000 0 10
0.166667 0.217481 0.017440 200 217 1000 982 2 10000 10000 0 10
0.166667 0.171530 0.016668 200 196 1000 976 2 10000 10000 0 10
0.166667 0.141636 0.016589 200 180 1000 1021 2 10000 10000 0 10
0.166667 0.183372 0.016978 200 215 1000 1011 2 10000 10000 0 10
0.166667 0.157975 0.016472 200 185 1000 1007 2 10000 10000 0 10
0.166667 0.178324 0.016696 200 200 1000 1012 2 10000 10000 0 10
0.166667 0.185280 0.016834 200 208 1000 984 2 10000 10000 0 10
0.166667 0.201618 0.017869 200 200 1000 938 2 10000 10000 0 10
0.166667 0.184075 0.017125 200 207 1000 1007 2 10000 10000 0 10
0.166667 0.171185 0.016551 200 177 1000 1009 2 10000 10000 0 10
0.166667 0.163114 0.016575 200 197 1000 1027 2 10000 10000 0 10
0.166667 0.193132 0.017296 200 228 1000 1012 2 10000 10000 0 10
0.166667 0.138950 0.015718 200 202 1000 1046 2 10000 10000 0 10
0.166667 0.141817 0.015814 200 200 1000 1010 2 10000 10000 0 10
0.166667 0.163094 0.016707 200 179 1000 1014 2 10000 10000 0 10
0.166667 0.202526 0.017295 200 186 1000 1000 2 10000 10000 0 10
0.166667 0.155433 0.016083 200 176 1000 1033 2 10000 10000 0 10
0.166667 0.134917 0.016195 200 165 1000 1004 2 10000 10000 0 10
0.166667 0.146387 0.016849 200 179 1000 987 2 10000 10000 0 10
0.166667 0.183964 0.017170 200 214 1000 999 2 10000 10000 0 10
0.166667 0.185358 0.016708 200 216 1000 1018 2 10000 10000 0 10
0.166667 0.183492 0.017088 200 221 1000 1035 2 10000 10000 0 10
0.166667 0.180719 0.016946 200 194 1000 992 2 10000 10000 0 10
0.166667 0.176144 0.016782 200 184 1000 976 2 10000 10000 0 10
0.166667 0.157544 0.016590 200 199 1000 1011 2 10000 10000 0 10
0.166667 0.162142 0.016887 200 194 1000 1006 2 10000 10000 0 10
0.166667 0.138138 0.016164 200 176 1000 1028 2 10000 10000 0 10
0.166667 0.169561 0.016973 200 179 1000 1010 2 10000 10000 0 10
0.166667 0.172436 0.017123 200 185 1000 947 2 10000 10000 0 10
0.166667 0.164172 0.016635 200 185 1000 1044 2 10000 10000 0 10
0.166667 0.179703 0.016541 200 199 1000 1028 2 10000 10000 0 10
0.166667 0.196238 0.016902 200 202 1000 1020 2 10000 10000 0 10
0.166667 0.197781 0.017419 200 184 1000 951 2 10000 10000 0 10
0.166667 0.149119 0.016372 200 175 1000 1008 2 10000 10000 0 10
0.166667 0.186071 0.016844 200 220 1000 983 2 10000 10000 0 10
0.166667 0.171567 0.016294 200 211 1000 1028 2 10000 10000 0 10
0.166667 0.178223 0.016694 200 215 1000 1004 2 10000 10000 0 10
0.166667 0.185034 0.017333 200 217 1000 991 2 10000 10000 0 10
0.166667 0.178592 0.017209 200 196 1000 978 2 10000 10000 0 10
0.166667 0.207279 0.017160 200 232 1000 977 2 10000 10000 0 10
0.166667 0.173085 0.016669 200 198 1000 1005 2 10000 10000 0 10
0.166667 0.172481 0.016694 200 204 1000 1022 2 10000 10000 0 10
0.166667 0.182246 0.016998 200 221 1000 1020 2 10000 10000 0 10
0.166667 0.177084 0.016583 200 186 1000 1037 2 10000 10000 0 10
0.166667 0.166711 0.016577 200 193 1000 1020 2 10000 10000 0 10
0.166667 0.162699 0.017051 200 180 1000 977 2 10000 10000 0 10
0.166667 0.151057 0.016061 200 197 1000 1031 2 10000 10000 0 10
0.166667 0.175095 0.017316 200 199 1000 941 2 10000 10000 0 10
0.166667 0.159317 0.016654 200 197 1000 968 2 10000 10000 0 10
0.166667 0.164455 0.016678 200 194 1000 968 2 10000 10000 0 10
0.166667 0.169770 0.016595 200 205 1000 1022 2 10000 10000 0 10
0.166667 0.169869 0.016722 200 210 1000 995 2 10000 10000 0 10
0.166667 0.152787 0.016495 200 190 1000 1000 2 10000 10000 0 10
0.166667 0.183280 0.016698 200 220 1000 995 2 10000 10000 0 10
0.166667 0.147358 0.016323 200 181 1000 1015 2 10000 10000 0 10
0.166667 0.172452 0.016538 200 212 1000 1015 2 10000 10000 0 10
0.166667 0.180601 0.017424 200 202 1000 982 2 10000 10000 0 10
0.166667 0.163362 0.016583 200 208 1000 988 2 10000 10000 0 10
0.166667 0.172445 0.016376 200 193 1000 1052 2 10000 10000 0 10
0.166667 0.162086 0.015949 200 209 1000 1044 2 10000 10000 0 10
0.166667 0.195180 0.016825 200 196 1000 1040 2 10000 10000 0 10
0.166667 0.188806 0.016883 200 222 1000 1036 2 10000 10000 0 10
0.166667 0.188407 0.016787 200 208 1000 1022 2 10000 10000 0 10
0.166667 0.160590 0.017163 200 194 1000 940 2 10000 10000 0 10
0.166667 0.159956 0.016733 200 199 1000 989 2 10000 10000 0 10
0.166667 0.179650 0.017052 200 194 1000 978 2 10000 10000 0 10
0.166667 0.191248 0.017420 200 199 1000 982 2 10000 10000 0 10
0.166667 0.152107 0.016432 200 188 1000 1007 2 10000 10000 0 10
0.166667 0.149991 0.016528 200 190 1000 993 2 10000 10000 0 10
0.166667 0.180808 0.016361 200 192 1000 1033 2 10000 10000 0 10
0.166667 0.203105 0.017545 200 204 1000 972 2 10000 10000 0 10
0.166667 0.153858 0.016231 200 199 1000 1020 2 10000 10000 0 10
0.166667 0.168959 0.016790 200 181 1000 983 2 10000 10000 0 10
0.166667 0.156316 0.016768 200 196 1000 1001 2 10000 10000 0 10
0.166667 0.136789 0.016190 200 168 1000 1016 2 10000 10000 0 10
0.166667 0.182372 0.016756 200 218 1000 1016 2 10000 10000 0 10
0.166667 0.199947 0.017267 200 212 1000 987 2 10000 10000 0 10
0.166667 0.182035 0.017601 200 194 1000 943 2 10000 10000 0 10
0.166667 0.187414 0.016787 200 174 1000 1007 2 10000 10000 0 10
0.166667 0.194646 0.017452 200 205 1000 937 2 10000 10000 0 10
0.166667 0.196742 0.016908 200 205 1000 1002 2 10000 10000 0 10
0.166667 0.194579 0.017020 200 203 1000 1009 2 10000 10000 0 10
0.166667 0.170651 0.017013 200 204 1000 997 2 10000 10000 0 10
0.166667 0.174775 0.017018 200 210 1000 1012 2 10000 10000 0 10
0.166667 0.200930 0.017251 200 200 1000 1002 2 10000 10000 0 10
0.166667 0.176512 0.017004 200 193 1000 999 2 10000 10000 0 10
0.166667 0.145833 0.016491 200 195 1000 939 2 10000 10000 0 10
0.166667 0.157505 0.016005 200 191 1000 1031 2 10000 10000 0 10
0.166667 0.183636 0.016820 200 195 1000 1016 2 10000 10000 0 10
0.166667 0.172150 0.016986 200 192 1000 983 2 10000 10000 0 10
0.166667 0.185625 0.017119 200 189 1000 978 2 10000 10000 0 10
0.166667 0.196272 0.016722 200 212 1000 1038 2 10000 10000 0 10
0.166667 0.173323 0.017103 200 188 1000 990 2 10000 10000 0 10
0.166667 0.180460 0.017118 200 211 1000 961 2 10000 10000 0 10
0.166667 0.174386 0.016570 200 209 1000 1020 2 10000 10000 0 10
0.166667 0.166261 0.016512 200 188 1000 1039 2 10000 10000 0 10
0.166667 0.167340 0.016817 200 202 1000 1017 2 10000 10000 0 10
0.166667 0.188815 0.017418 200 224 1000 941 2 10000 10000 0 10
0.166667 0.175265 0.016983 200 195 1000 1010 2 10000 10000 0 10
0.166667 0.172184 0.016699 200 192 1000 1033 2 10000 10000 0 10
0.166667 0.162750 0.016659 200 200 1000 942 2 10000 10000 0 10
0.166667 0.174583 0.016712 200 192 1000 1000 2 10000 10000 0 10
0.166667 0.161207 0.016671 200 183 1000 1010 2 10000 10000 0 10
0.166667 0.160528 0.016021 200 197 1000 1062 2 10000 10000 0 10
0.166667 0.146139 0.015683 200 186 1000 1083 2 10000 10000 0 10
0.166667 0.182675 0.017148 200 203 1000 980 2 10000 10000 0 10
0.166667 0.195966 0.017597 200 211 1000 974 2 10000 10000 0 10
0.166667 0.168321 0.016878 200 203 1000 1017 2 10000 10000 0 10
0.166667 0.164585 0.016339 200 205 1000 1015 2 10000 10000 0 10
0.166667 0.201227 0.016325 200 216 1000 1073 2 10000 10000 0 10
0.166667 0.180669 0.017424 200 198 1000 975 2 10000 10000 0 10
0.166667 0.180412 0.016890 200 201 1000 1000 2 10000 10000 0 10
0.166667 0.136283 0.015885 200 179 1000 1007 2 10000 10000 0 10
0.166667 0.177514 0.017117 200 204 1000 997 2 10000 10000 0 10
0.166667 0.155321 0.016833 200 181 1000 981 2 10000 10000 0 10
0.166667 0.181040 0.016589 200 197 1000 1014 2 10000 10000 0 10
0.166667 0.190051 0.016994 200 220 1000 992 2 10000 10000 0 10
0.166667 0.151404 0.016072 200 179 1000 1005 2 10000 10000 0 10
0.166667 0.171583 0.016596 200 201 1000 1012 2 10000 10000 0 10
0.166667 0.188582 0.016939 200 212 1000 1018 2 10000 10000 0 10
0.166667 0.142558 0.015952 200 185 1000 1018 2 10000 10000 0 10
0.166667 0.170729 0.016507 200 195 1000 1020 2 10000 10000 0 10
0.166667 0.183644 0.016781 200 208 1000 1031 2 10000 10000 0 10
0.166667 0.158754 0.016908 200 204 1000 999 2 10000 10000 0 10
0.166667 0.163374 0.016748 200 202 1000 1046 2 10000 10000 0 10
0.166667 0.189582 0.016910 200 193 1000 1033 2 10000 10000 0 10
0.166667 0.180597 0.016822 200 215 1000 1011 2 10000 10000 0 10
0.166667 0.160312 0.016936 200 182 1000 974 2 10000 10000 0 10
0.166667 0.186548 0.016931 200 195 1000 1004 2 10000 10000 0 10
0.166667 0.183695 0.016892 200 188 1000 1014 2 10000 10000 0 10
0.166667 0.193425 0.016162 200 202 1000 1055 2 10000 10000 0 10
0.166667 0.163327 0.016854 200 205 1000 988 2 10000 10000 0 10
0.166667 0.178878 0.016925 200 201 1000 995 2 10000 10000 0 10
0.166667 0.140090 0.016558 200 179 1000 975 2 10000 10000 0 10
0.166667 0.174431 0.017419 200 190 1000 935 2 10000 10000 0 10
0.166667 0.195165 0.017353 200 195 1000 945 2 10000 10000 0 10
0.166667 0.197861 0.017352 200 225 1000 981 2 10000 10000 0 10
0.166667 0.188747 0.017087 200 192 1000 1010 2 10000 10000 0 10
0.166667 0.166668 0.017391 200 192 1000 966 2 10000 10000 0 10
0.166667 0.192871 0.016793 200 216 1000 1030 2 10000 10000 0 10
0.166667 0.194540 0.017893 200 175 1000 944 2 10000 10000 0 10
0.166667 0.138434 0.015449 200 177 1000 1074 2 10000 10000 0 10
0.166667 0.170386 0.016516 200 213 1000 1031 2 10000 10000 0 10
0.166667 0.183498 0.016871 200 204 1000 1019 2 10000 10000 0 10
0.166667 0.205165 0.017571 200 200 1000 991 2 10000 10000 0 10
0.166667 0.195495 0.017258 200 216 1000 939 2 10000 10000 0 10
0.166667 0.152218 0.016219 200 191 1000 1049 2 10000 10000 0 10
0.166667 0.178391 0.016839 200 203 1000 972 2 10000 10000 0 10
0.166667 0.170953 0.017355 200 191 1000 968 2 10000 10000 0 10
0.166667 0.162794 0.016241 200 198 1000 1009 2 10000 10000 0 10
0.166667 0.157644 0.016383 200 191 1000 1041 2 10000 10000 0 10
0.166667 0.171649 0.017281 200 188 1000 989 2 10000 10000 0 10
0.166667 0.171932 0.016821 200 195 1000 1038 2 10000 10000 0 10
0.166667 0.137079 0.016240 200 186 1000 1001 2 10000 10000 0 10
0.166667 0.193978 0.016861 200 236 1000 1003 2 10000 10000 0 10
0.166667 0.172857 0.016851 200 198 1000 1014 2 10000 10000 0 10
0.166667 0.181191 0.016617 200 203 1000 1066 2 10000 10000 0 10
0.166667 0.200712 0.017276 200 233 1000 968 2 10000 10000 0 10
0.166667 0.177154 0.016458 200 237 1000 1029 2 10000 10000 0 10
0.166667 0.156838 0.016319 200 196 1000 1023 2 10000 10000 0 10
0.166667 0.162692 0.016718 200 193 1000 981 2 10000 10000 0 10
0.166667 0.159554 0.016677 200 191 1000 1017 2 10000 10000 0 10
0.166667 0.174750 0.017114 200 205 1000 999 2 10000 10000 0 10
0.166667 0.165618 0.016701 200 193 1000 1020 2 10000 10000 0 10
0.166667 0.170005 0.016530 200 174 1000 994 2 10000 10000 0 10
0.166667 0.175440 0.016686 200 191 1000 1008 2 10000 10000 0 10
0.166667 0.192146 0.016633 200 220 1000 1009 2 10000 10000 0 10
0.166667 0.167828 0.016527 200 192 1000 1063 2 10000 10000 0 10
0.166667 0.169542 0.016376 200 201 1000 1018 2 10000 10000 0 10
0.166667 0.186436 0.016955 200 185 1000 1004 2 10000 10000 0 10
0.166667 0.211894 0.016855 200 225 1000 1043 2 10000 10000 0 10
0.166667 0.170820 0.016913 200 179 1000 991 2 10000 10000 0 10
0.166667 0.180890 0.016815 200 190 1000 989 2 10000 10000 0 10
0.166667 0.177732 0.016863 200 200 1000 977 2 10000 10000 0 10
0.166667 0.195396 0.017122 200 216 1000 963 2 10000 10000 0 10
0.166667 0.163491 0.016786 200 191 1000 1010 2 10000 10000 0 10
0.166667 0.136821 0.016352 200 177 1000 999 2 10000 10000 0 10
0.166667 0.195288 0.017883 200 200 1000 939 2 10000 10000 0 10
0.166667 0.162654 0.016236 200 202 1000 1018 2 10000 10000 0 10
0.166667 0.166017 0.016555 200 218 1000 1037 2 10000 10000 0 10
0.166667 0.175467 0.016216 200 199 1000 1067 2 10000 10000 0 10
0.166667 0.192980 0.017452 200 207 1000 963 2 10000 10000 0 10
0.166667 0.144764 0.015780 200 175 1000 1044 2 10000 10000 0 10
0.166667 0.168339 0.016524 200 210 1000 1009 2 10000 10000 0 10
0.166667 0.168124 0.016607 200 197 1000 983 2 10000 10000 0 10
0.166667 0.197073 0.016909 200 207 1000 1000 2 10000 10000 0 10
0.166667 0.226351 0.017827 200 227 1000 958 2 10000 10000 0 10
0.166667 0.164298 0.016309 200 181 1000 1011 2 10000 10000 0 10
0.166667 0.209880 0.017194 200 215 1000 990 2 10000 10000 0 10
0.166667 0.190212 0.016888 200 223 1000 995 2 10000 10000 0 10
0.166667 0.164890 0.016327 200 195 1000 1054 2 10000 10000 0 10
0.166667 0.175310 0.017863 200 185 1000 932 2 10000 10000 0 10
0.166667 0.172208 0.016297 200 216 1000 1030 2 10000 10000 0 10
0.166667 0.173653 0.016698 200 196 1000 1002 2 10000 10000 0 10
0.166667 0.156584 0.016646 200 186 1000 1015 2 10000 10000 0 10
0.166667 0.181022 0.017280 200 225 1000 933 2 10000 10000 0 10
0.166667 0.173511 0.016741 200 204 1000 984 2 10000 10000 0 10
0.166667 0.192247 0.017188 200 208 1000 1017 2 10000 10000 0 10
0.166667 0.159957 0.016305 200 210 1000 1016 2 10000 10000 0 10
0.166667 0.195593 0.017340 200 208 1000 979 2 10000 10000 0 10
0.166667 0.158571 0.016410 200 187 1000 1036 2 10000 10000 0 10
0.166667 0.145967 0.016309 200 176 1000 980 2 10000 10000 0 10
0.166667 0.179414 0.016982 200 196 1000 1012 2 10000 10000 0 10
0.166667 0.187547 0.016683 200 207 1000 1018 2 10000 10000 0 10
0.166667 0.148568 0.016139 200 181 1000 986 2 10000 10000 0 10
0.166667 0.186692 0.016876 200 206 1000 978 2 10000 10000 0 10
0.166667 0.190777 0.017041 200 214 1000 1019 2 10000 10000 0 10
0.166667 0.155806 0.016124 200 189 1000 1062 2 10000 10000 0 10
0.166667 0.188171 0.016823 200 181 1000 1001 2 10000 10000 0 10
0.166667 0.167442 0.016928 200 197 1000 965 2 10000 10000 0 10
0.166667 0.168646 0.017115 200 190 1000 965 2 10000 10000 0 10
0.166667 0.222897 0.017817 200 221 1000 949 2 10000 10000 0 10
0.166667 0.190996 0.017455 200 225 1000 936 2 10000 10000 0 10
0.166667 0.177895 0.016401 200 210 1000 997 2 10000 10000 0 10
0.166667 0.187264 0.016883 200 218 1000 981 2 10000 10000 0 10
0.166667 0.174667 0.017032 200 213 1000 992 2 10000 10000 0 10
0.166667 0.211784 0.017383 200 205 1000 971 2 10000 10000 0 10
0.166667 0.161217 0.016320 200 198 1000 1047 2 10000 10000 0 10
0.166667 0.181875 0.017110 200 213 1000 990 2 10000 10000 0 10
0.166667 0.169921 0.017167 200 191 1000 994 2 10000 10000 0 10
0.166667 0.188623 0.017296 200 205 1000 955 2 10000 10000 0 10
0.166667 0.154263 0.016513 200 193 1000 987 2 10000 10000 0 10
0.166667 0.158858 0.016910 200 191 1000 959 2 10000 10000 0 10
0.166667 0.170901 0.016801 200 168 1000 982 2 10000 10000 0 10
0.166667 0.184870 0.017300 200 183 1000 999 2 10000 10000 0 10
0.166667 0.188724 0.017089 200 190 1000 1008 2 10000 10000 0 10
0.166667 0.177495 0.017011 200 200 1000 966 2 10000 10000 0 10
0.166667 0.205970 0.017626 200 229 1000 949 2 10000 10000 0 10
0.166667 0.148772 0.016726 200 167 1000 969 2 10000 10000 0 10
0.166667 0.156810 0.016238 200 191 1000 1044 2 10000 10000 0 10
0.166667 0.174579 0.016982 200 190 1000 1023 2 10000 10000 0 10
0.166667 0.190712 0.017246 200 195 1000 979 2 10000 10000 0 10
0.166667 0.169389 0.016583 200 170 1000 986 2 10000 10000 0 10
0.166667 0.183038 0.016812 200 190 1000 999 2 10000 10000 0 10
0.166667 0.165031 0.016617 200 178 1000 995 2 10000 10000 0 10
0.166667 0.176969 0.016335 200 209 1000 999 2 10000 10000 0 10
0.166667 0.184471 0.016742 200 204 1000 1024 2 10000 10000 0 10
0.166667 0.145613 0.016592 200 202 1000 941 2 10000 10000 0 10
0.166667 0.206803 0.017173 200 213 1000 976 2 10000 10000 0 10
0.166667 0.190812 0.017034 200 204 1000 977 2 10000 10000 0 10
0.166667 0.179632 0.017164 200 184 1000 987 2 10000 10000 0 10
0.166667 0.195969 0.016897 200 233 1000 966 2 10000 10000 0 10
0.166667 0.187229 0.016954 200 208 1000 997 2 10000 10000 0 10
0.166667 0.175359 0.017050 200 209 1000 950 2 10000 10000 0 10
0.166667 0.155180 0.015975 200 190 1000 987 2 10000 10000 0 10
0.166667 0.192719 0.017065 200 209 1000 1014 2 10000 10000 0 10
0.166667 0.159276 0.016422 200 193 1000 1007 2 10000 10000 0 10
0.166667 0.169121 0.016844 200 186 1000 984 2 10000 10000 0 10
0.166667 0.187576 0.017221 200 203 1000 994 2 10000 10000 0 10
0.166667 0.163596 0.016558 200 191 1000 978 2 10000 10000 0 10
0.166667 0.165741 0.016456 200 192 1000 1005 2 10000 10000 0 10
0.166667 0.190868 0.017328 200 196 1000 981 2 10000 10000 0 10
0.166667 0.202194 0.017408 200 220 1000 962 2 10000 10000 0 10
0.166667 0.169380 0.017345 200 182 1000 985 2 10000 10000 0 10
0.166667 0.186501 0.016920 200 225 1000 1010 2 10000 10000 0 10
0.166667 0.162464 0.016241 200 191 1000 1040 2 10000 10000 0 10
0.166667 0.168478 0.016738 200 190 1000 1002 2 10000 10000 0 10
0.166667 0.195481 0.016852 200 245 1000 1048 2 10000 10000 0 10
0.166667 0.170326 0.016865 200 215 1000 964 2 10000 10000 0 10
0.166667 0.169016 0.016534 200 202 1000 1021 2 10000 10000 0 10
0.166667 0.153522 0.016540 200 206 1000 987 2 10000 10000 0 10
0.166667 0.173061 0.016690 200 191 1000 1028 2 10000 10000 0 10
0.166667 0.164099 0.016288 200 196 1000 1015 2 10000 10000 0 10
0.166667 0.183127 0.017163 200 192 1000 962 2 10000 10000 0 10
0.166667 0.165384 0.016403 200 187 1000 1045 2 10000 10000 0 10
0.166667 0.195649 0.017261 200 217 1000 988 2 10000 10000 0 10
0.166667 0.190774 0.017108 200 201 1000 1000 2 10000 10000 0 10
0.166667 0.148110 0.016064 200 178 1000 1035 2 10000 10000 0 10
0.166667 0.165321 0.017627 200 191 1000 961 2 10000 10000 0 10
0.166667 0.185942 0.016495 200 231 1000 1064 2 10000 10000 0 10
0.166667 0.199889 0.017987 200 209 1000 912 2 10000 10000 0 10
0.166667 0.163195 0.016426 200 200 1000 1042 2 10000 10000 0 10
0.166667 0.199007 0.017359 200 196 1000 964 2 10000 10000 0 10
0.166667 0.201490 0.017075 200 216 1000 975 2 10000 10000 0 10
0.166667 0.182256 0.016700 200 203 1000 971 2 10000 10000 0 10
0.166667 0.178586 0.016452 200 212 1000 1043 2 10000 10000 0 10
0.166667 0.188914 0.016781 200 207 1000 1010 2 10000 10000 0 10
0.166667 0.141320 0.016214 200 185 1000 1013 2 10000 10000 0 10
0.166667 0.153111 0.016778 200 179 1000 1031 2 10000 10000 0 10
0.166667 0.173944 0.016118 200 224 1000 1048 2 10000 10000 0 10
0.166667 0.169630 0.016700 200 206 1000 991 2 10000 10000 0 10
0.166667 0.188957 0.016879 200 209 1000 1006 2 10000 10000 0 10
0.166667 0.183762 0.016313 200 210 1000 1046 2 10000 10000 0 10
0.166667 0.173448 0.016713 200 201 1000 1027 2 10000 10000 0 10
0.166667 0.184964 0.016386 200 222 1000 971 2 10000 10000 0 10
0.166667 0.175910 0.016470 200 214 1000 1033 2 10000 10000 0 10
0.166667 0.167074 0.016476 200 209 1000 1020 2 10000 10000 0 10
0.166667 0.156859 0.016770 200 169 1000 1004 2 10000 10000 0 10
0.166667 0.175899 0.017016 200 200 1000 1017 2 10000 10000 0 10
0.166667 0.185481 0.016775 200 185 1000 1008 2 10000 10000 0 10
0.166667 0.156356 0.015810 200 190 1000 1061 2 10000 10000 0 10
0.166667 0.187400 0.017319 200 183 1000 981 2 10000 10000 0 10
0.166667 0.172537 0.016373 200 205 1000 1047 2 10000 10000 0 10
0.166667 0.199548 0.017423 200 197 1000 971 2 10000 10000 0 10
0.166667 0.201593 0.017248 200 212 1000 1024 2 10000 10000 0 10
0.166667 0.152556 0.016604 200 184 1000 1001 2 10000 10000 0 10
0.166667 0.172325 0.016854 200 195 1000 1033 2 10000 10000 0 10
0.166667 0.156179 0.016786 200 194 1000 962 2 10000 10000 0 10
0.166667 0.184101 0.017316 200 227 1000 988 2 10000 10000 0 10
0.166667 0.175279 0.016862 200 208 1000 1010 2 10000 10000 0 10
0.166667 0.184108 0.017056 200 202 1000 986 2 10000 10000 0 10
0.166667 0.187548 0.016821 200 223 1000 993 2 10000 10000 0 10
0.166667 0.177294 0.016972 200 197 1000 1002 2 10000 10000 0 10
0.166667 0.161688 0.017012 200 187 1000 1005 2 10000 10000 0 10
0.166667 0.173917 0.016729 200 204 1000 980 2 10000 10000 0 10
0.166667 0.186484 0.016908 200 203 1000 979 2 10000 10000 0 10
0.166667 0.184249 0.016920 200 200 1000 1001 2 10000 10000 0 10
0.166667 0.183696 0.017068 200 198 1000 1009 2 10000 10000 0 10
0.166667 0.157166 0.016788 200 192 1000 970 2 10000 10000 0 10
0.166667 0.147765 0.016346 200 184 1000 1017 2 10000 10000 0 10
0.166667 0.186000 0.017058 200 200 1000 1000 2 10000 10000 0 10
0.166667 0.178292 0.016684 200 205 1000 1017 2 10000 10000 0 10
0.166667 0.184142 0.016956 200 189 1000 1025 2 10000 10000 0 10
0.166667 0.167218 0.016403 200 194 1000 1015 2 10000 10000 0 10
0.166667 0.172210 0.016781 200 203 1000 965 2 10000 10000 0 10
0.166667 0.208941 0.017674 200 194 1000 939 2 10000 10000 0 10
0.166667 0.191641 0.017290 200 204 1000 980 2 10000 10000 0 10
0.166667 0.180216 0.017140 200 222 1000 991 2 10000 10000 0 10
0.166667 0.175022 0.016387 200 178 1000 1020 2 10000 10000 0 10
0.166667 0.154106 0.016406 200 205 1000 993 2 10000 10000 0 10
0.166667 0.182541 0.016634 200 210 1000 1010 2 10000 10000 0 10
0.166667 0.191433 0.017315 200 197 1000 993 2 10000 10000 0 10
0.166667 0.200692 0.017374 200 197 1000 928 2 10000 10000 0 10
0.166667 0.130918 0.015959 200 193 1000 1032 2 10000 10000 0 10
0.166667 0.208399 0.016832 200 226 1000 999 2 10000 10000 0 10
0.166667 0.182888 0.016911 200 206 1000 1000 2 10000 10000 0 10
0.166667 0.175865 0.016449 200 200 1000 1050 2 10000 10000 0 10
0.166667 0.172844 0.016711 200 179 1000 990 2 10000 10000 0 10
0.166667 0.182676 0.017099 200 194 1000 1018 2 10000 10000 0 10
0.166667 0.168144 0.017399 200 185 1000 961 2 10000 10000 0 10
0.166667 0.163589 0.016466 200 211 1000 1024 2 10000 10000 0 10
0.166667 0.190616 0.017672 200 197 1000 952 2 10000 10000 0 10
0.166667 0.178396 0.016996 200 210 1000 1002 2 10000 10000 0 10
0.166667 0.175615 0.016814 200 182 1000 1004 2 10000 10000 0 10
0.166667 0.180476 0.016981 200 216 1000 987 2 10000 10000 0 10
0.166667 0.199401 0.017514 200 225 1000 921 2 10000 10000 0 10
0.166667 0.219105 0.017602 200 225 1000 954 2 10000 10000 0 10
0.166667 0.199149 0.017448 200 205 1000 991 2 10000 10000 0 10
0.166667 0.156123 0.016439 200 205 1000 1036 2 10000 10000 0 10
0.166667 0.175858 0.016933 200 206 1000 980 2 10000 10000 0 10
0.166667 0.204994 0.016913 200 219 1000 1041 2 10000 10000 0 10
0.166667 0.164767 0.017023 200 188 1000 954 2 10000 10000 0 10
0.166667 0.168555 0.016771 200 212 1000 988 2 10000 10000 0 10
0.166667 0.148072 0.016132 200 205 1000 1033 2 10000 10000 0 10
0.166667 0.169670 0.016493 200 185 1000 1041 2 10000 10000 0 10
0.166667 0.183786 0.016856 200 194 1000 1019 2 10000 10000 0 10
0.166667 0.201607 0.017717 200 204 1000 999 2 10000 10000 0 10
0.166667 0.186601 0.017189 200 200 1000 1004 2 10000 10000 0 10
0.166667 0.198215 0.016354 200 226 1000 1046 2 10000 10000 0 10
0.166667 0.175450 0.017152 200 196 1000 959 2 10000 10000 0 10
0.166667 0.180285 0.017080 200 195 1000 993 2 10000 10000 0 10
0.166667 0.162831 0.016418 200 189 1000 980 2 10000 10000 0 10
0.166667 0.186705 0.017498 200 177 1000 976 2 10000 10000 0 10
0.166667 0.166701 0.016712 200 197 1000 1007 2 10000 10000 0 10
0.166667 0.187977 0.017420 200 187 1000 993 2 10000 10000 0 10
0.166667 0.169183 0.016651 200 189 1000 994 2 10000 10000 0 10
0.166667 0.185526 0.017127 200 188 1000 1001 2 10000 10000 0 10
0.166667 0.162586 0.017028 200 190 1000 995 2 10000 10000 0 10
0.166667 0.180173 0.016557 200 213 1000 989 2 10000 10000 0 10
0.166667 0.158762 0.016347 200 179 1000 1037 2 10000 10000 0 10
0.166667 0.158543 0.016291 200 197 1000 1018 2 10000 10000 0 10
0.166667 0.188322 0.016756 200 225 1000 1013 2 10000 10000 0 10
0.166667 0.186567 0.017086 200 227 1000 994 2 10000 10000 0 10
0.166667 0.201008 0.017326 200 224 1000 1011 2 10000 10000 0 10
0.166667 0.166867 0.016610 200 185 1000 1015 2 10000 10000 0 10
0.166667 0.193801 0.016639 200 207 1000 1025 2 10000 10000 0 10
0.166667 0.157403 0.016363 200 198 1000 998 2 10000 10000 0 10
0.166667 0.196138 0.017218 200 218 1000 978 2 10000 10000 0 10
0.166667 0.178596 0.016872 200 197 1000 1006 2 10000 10000 0 10
0.166667 0.185969 0.016885 200 199 1000 990 2 10000 10000 0 10
0.166667 0.155652 0.016396 200 211 1000 1003 2 10000 10000 0 10
0.166667 0.179459 0.016851 200 216 1000 982 2 10000 10000 0 10
0.166667 0.187713 0.017668 200 228 1000 938 2 10000 10000 0 10
0.166667 0.175941 0.016673 200 206 1000 978 2 10000 10000 0 10
0.166667 0.185177 0.016629 200 201 1000 1015 2 10000 10000 0 10
0.166667 0.164898 0.016630 200 200 1000 984 2 10000 10000 0 10
0.166667 0.211592 0.017722 200 225 1000 929 2 10000 10000 0 10
0.166667 0.167225 0.016660 200 205 1000 999 2 10000 10000 0 10
0.166667 0.177272 0.017194 200 200 1000 940 2 10000 10000 0 10
0.166667 0.183669 0.016468 200 212 1000 1028 2 10000 10000 0 10
0.166667 0.169990 0.016846 200 178 1000 1015 2 10000 10000 0 10
0.166667 0.166177 0.016633 200 187 1000 995 2 10000 10000 0 10
0.166667 0.167597 0.016693 200 197 1000 1017 2 10000 10000 0 10
0.166667 0.156518 0.016670 200 173 1000 1024 2 10000 10000 0 10
0.166667 0.151543 0.016640 200 169 1000 997 2 10000 10000 0 10
0.166667 0.189284 0.017320 200 200 1000 1026 2 10000 10000 0 10
0.166667 0.187260 0.016719 200 224 1000 1027 2 10000 10000 0 10
0.166667 0.162670 0.016451 200 188 1000 1007 2 10000 10000 0 10
0.166667 0.162560 0.016924 200 205 1000 975 2 10000 10000 0 10
0.166667 0.182090 0.017115 200 219 1000 977 2 10000 10000 0 10
0.166667 0.169357 0.016928 200 196 1000 999 2 10000 10000 0 10
0.166667 0.182461 0.016974 200 191 1000 1007 2 10000 10000 0 10
0.166667 0.162537 0.016843 200 200 1000 957 2 10000 10000 0 10
0.166667 0.189018 0.016513 200 203 1000 1053 2 10000 10000 0 10
0.166667 0.185569 0.016852 200 213 1000 1031 2 10000 10000 0 10
0.166667 0.155169 0.015539 200 210 1000 1096 2 10000 10000 0 10
0.166667 0.165528 0.016880 200 197 1000 962 2 10000 10000 0 10
0.166667 0.195403 0.017665 200 201 1000 952 2 10000 10000 0 10
0.166667 0.173767 0.016645 200 186 1000 985 2 10000 10000 0 10
0.166667 0.198649 0.017289 200 214 1000 955 2 10000 10000 0 10
0.166667 0.167145 0.016905 200 182 1000 981 2 10000 10000 0 10
0.166667 0.167635 0.016513 200 208 1000 1022 2 10000 10000 0 10
0.166667 0.169391 0.016984 200 178 1000 983 2 10000 10000 0 10
0.166667 0.186913 0.016623 200 211 1000 1009 2 10000 10000 0 10
0.166667 0.172556 0.016607 200 208 1000 1023 2 10000 10000 0 10
0.166667 0.164147 0.016652 200 188 1000 1015 2 10000 10000 0 10
0.166667 0.165928 0.016361 200 204 1000 1066 2 10000 10000 0 10
0.166667 0.177120 0.016738 200 205 1000 993 2 10000 10000 0 10
0.166667 0.165249 0.016070 200 213 1000 1045 2 10000 10000 0 10
0.166667 0.168628 0.016933 200 182 1000 979 2 10000 10000 0 10
0.166667 0.173312 0.016680 200 211 1000 995 2 10000 10000 0 10
0.166667 0.169489 0.016948 200 203 1000 961 2 10000 10000 0 10
0.166667 0.165554 0.016649 200 200 1000 977 2 10000 10000 0 10
0.166667 0.150671 0.016380 200 174 1000 994 2 10000 10000 0 10
0.166667 0.174876 0.016323 200 209 1000 1062 2 10000 10000 0 10
0.166667 0.155111 0.016511 200 183 1000 1020 2 10000 10000 0 10
0.166667 0.194760 0.017029 200 189 1000 985 2 10000 10000 0 10
0.166667 0.157077 0.016130 200 196 1000 1058 2 10000 10000 0 10
0.166667 0.157742 0.016862 200 186 1000 1014 2 10000 10000 0 10
0.166667 0.152319 0.016835 200 195 1000 977 2 10000 10000 0 10
0.166667 0.156869 0.016332 200 189 1000 1039 2 10000 10000 0 10
0.166667 0.181606 0.017138 200 184 1000 968 2 10000 10000 0 10
0.166667 0.180477 0.017242 200 188 1000 979 2 10000 10000 0 10
0.166667 0.166550 0.016578 200 192 1000 1015 2 10000 10000 0 10
0.166667 0.166524 0.016313 200 199 1000 1036 2 10000 10000 0 10
0.166667 0.200113 0.017350 200 192 1000 972 2 10000 10000 0 10
0.166667 0.142176 0.015624 200 182 1000 1117 2 10000 10000 0 10
0.166667 0.169472 0.016929 200 187 1000 1012 2 10000 10000 0 10
0.166667 0.168141 0.016633 200 202 1000 984 2 10000 10000 0 10
0.166667 0.187262 0.017435 200 192 1000 970 2 10000 10000 0 10
0.166667 0.157818 0.016653 200 194 1000 1014 2 10000 10000 0 10
0.166667 0.148190 0.016603 200 193 1000 1003 2 10000 10000 0 10
0.166667 0.175397 0.017469 200 181 1000 926 2 10000 10000 0 10
0.166667 0.174685 0.016545 200 227 1000 1031 2 10000 10000 0 10
0.166667 0.203417 0.017160 200 226 1000 966 2 10000 10000 0 10
0.166667 0.171618 0.016829 200 192 1000 1005 2 10000 10000 0 10
0.166667 0.165960 0.016829 200 186 1000 1016 2 10000 10000 0 10
0.166667 0.178003 0.016037 200 210 1000 1094 2 10000 10000 0 10
0.166667 0.132335 0.016058 200 187 1000 956 2 10000 10000 0 10
0.166667 0.182104 0.016820 200 205 1000 982 2 10000 10000 0 10
0.166667 0.195436 0.017208 200 188 1000 1003 2 10000 10000 0 10
0.166667 0.176449 0.016986 200 217 1000 1002 2 10000 10000 0 10
0.166667 0.146562 0.016337 200 198 1000 979 2 10000 10000 0 10
0.166667 0.152330 0.016548 200 191 1000 966 2 10000 10000 0 10
0.166667 0.186404 0.017173 200 204 1000 964 2 10000 10000 0 10
0.166667 0.170601 0.016791 200 197 1000 995 2 10000 10000 0 10
0.166667 0.197469 0.017354 200 229 1000 947 2 10000 10000 0 10
0.166667 0.194320 0.016901 200 228 1000 986 2 10000 10000 0 10
0.166667 0.166970 0.016599 200 191 1000 1019 2 10000 10000 0 10
0.166667 0.169616 0.016645 200 204 1000 1025 2 10000 10000 0 10
0.166667 0.194080 0.017161 200 205 1000 1000 2 10000 10000 0 10
0.166667 0.157412 0.016719 200 195 1000 994 2 10000 10000 0 10
0.166667 0.157296 0.016280 200 206 1000 1014 2 10000 10000 0 10
0.166667 0.144618 0.016329 200 192 1000 1038 2 10000 10000 0 10
0.166667 0.193110 0.016984 200 209 1000 1023 2 10000 10000 0 10
0.166667 0.211393 0.017123 200 222 1000 999 2 10000 10000 0 10
0.166667 0.156886 0.016367 200 179 1000 1025 2 10000 10000 0 10
0.166667 0.173551 0.016581 200 210 1000 1029 2 10000 10000 0 10
0.166667 0.180116 0.017069 200 217 1000 956 2 10000 10000 0 10
0.166667 0.194289 0.016681 200 216 1000 1022 2 10000 10000 0 10
0.166667 0.176497 0.016667 200 180 1000 1037 2 10000 10000 0 10
0.166667 0.167856 0.016759 200 194 1000 987 2 10000 10000 0 10
0.166667 0.187631 0.016508 200 203 1000 1030 2 10000 10000 0 10
0.166667 0.163903 0.016432 200 203 1000 1052 2 10000 10000 0 10
0.166667 0.172160 0.017335 200 211 1000 971 2 10000 10000 0 10
0.166667 0.190640 0.016932 200 205 1000 1012 2 10000 10000 0 10
0.166667 0.176147 0.017456 200 220 1000 976 2 10000 10000 0 10
0.166667 0.166862 0.017096 200 182 1000 988 2 10000 10000 0 10
0.166667 0.179446 0.016872 200 210 1000 975 2 10000 10000 0 10
0.166667 0.210918 0.017127 200 220 1000 988 2 10000 10000 0 10
0.166667 0.175876 0.016347 200 229 1000 1042 2 10000 10000 0 10
0.166667 0.187559 0.017262 200 191 1000 962 2 10000 10000 0 10
0.166667 0.159393 0.017051 200 201 1000 950 2 10000 10000 0 10
0.166667 0.157525 0.016108 200 211 1000 1029 2 10000 10000 0 10
0.166667 0.164758 0.016757 200 180 1000 996 2 10000 10000 0 10
0.166667 0.188982 0.016836 200 226 1000 980 2 10000 10000 0 10
0.166667 0.121206 0.015931 200 178 1000 1026 2 10000 10000 0 10
0.166667 0.195267 0.017360 200 219 1000 940 2 10000 10000 0 10
0.166667 0.182661 0.016747 200 204 1000 1014 2 10000 10000 0 10
0.166667 0.158114 0.016840 200 183 1000 994 2 10000 10000 0 10
0.166667 0.175071 0.017250 200 192 1000 976 2 10000 10000 0 10
0.166667 0.185438 0.016515 200 203 1000 1042 2 10000 10000 0 10
0.166667 0.188889 0.017012 200 192 1000 1026 2 10000 10000 0 10
0.166667 0.130957 0.015834 200 185 1000 1065 2 10000 10000 0 10
0.166667 0.166359 0.016287 200 205 1000 1029 2 10000 10000 0 10
0.166667 0.168920 0.017042 200 178 1000 971 2 10000 10000 0 10
0.166667 0.156545 0.016517 200 161 1000 1008 2 10000 10000 0 10
0.166667 0.196563 0.017011 200 220 1000 1009 2 10000 10000 0 10
0.166667 0.179975 0.016492 200 206 1000 1022 2 10000 10000 0 10
0.166667 0.189677 0.016653 200 222 1000 1007 2 10000 10000 0 10
0.166667 0.186209 0.016530 200 219 1000 1046 2 10000 10000 0 10
0.166667 0.182331 0.017038 200 221 1000 987 2 10000 10000 0 10
0.166667 0.155298 0.016456 200 216 1000 1012 2 10000 10000 0 10
0.166667 0.166540 0.016363 200 180 1000 1039 2 10000 10000 0 10
0.166667 0.167790 0.016627 200 183 1000 1021 2 10000 10000 0 10
0.166667 0.172126 0.016899 200 185 1000 1009 2 10000 10000 0 10
0.166667 0.174518 0.016915 200 200 1000 1028 2 10000 10000 0 10
0.166667 0.211778 0.017285 200 217 1000 968 2 10000 10000 0 10
0.166667 0.181702 0.016983 200 203 1000 1010 2 10000 10000 0 10
0.166667 0.153877 0.016138 200 192 1000 1061 2 10000 10000 0 10
0.166667 0.167856 0.017141 200 198 1000 934 2 10000 10000 0 10
0.166667 0.185103 0.017480 200 208 1000 957 2 10000 10000 0 10
0.166667 0.197329 0.017011 200 206 1000 1005 2 10000 10000 0 10
0.166667 0.197983 0.017118 200 216 1000 957 2 10000 10000 0 10
0.166667 0.219944 0.017781 200 220 1000 933 2 10000 10000 0 10
0.166667 0.168651 0.016790 200 194 1000 1008 2 10000 10000 0 10
0.166667 0.179389 0.016991 200 196 1000 970 2 10000 10000 0 10
0.166667 0.197933 0.016774 200 213 1000 998 2 10000 10000 0 10
0.166667 0.213180 0.017294 200 230 1000 1019 2 10000 10000 0 10
0.166667 0.202383 0.017400 200 210 1000 925 2 10000 10000 0 10
0.166667 0.199836 0.016984 200 221 1000 1017 2 10000 10000 0 10
0.166667 0.145210 0.016394 200 180 1000 996 2 10000 10000 0 10
0.166667 0.188514 0.016471 200 213 1000 1000 2 10000 10000 0 10
0.166667 0.189334 0.017041 200 186 1000 972 2 10000 10000 0 10
0.166667 0.169816 0.016565 200 201 1000 1060 2 10000 10000 0 10
0.166667 0.179330 0.016812 200 216 1000 1024 2 10000 10000 0 10
0.166667 0.184712 0.017105 200 202 1000 940 2 10000 10000 0 10
0.166667 0.167608 0.016758 200 204 1000 1006 2 10000 10000 0 10
0.166667 0.162210 0.016873 200 201 1000 976 2 10000 10000 0 10
0.166667 0.202514 0.017105 200 211 1000 1024 2 10000 10000 0 10
0.166667 0.149914 0.016927 200 190 1000 980 2 10000 10000 0 10
0.166667 0.170386 0.017180 200 191 1000 990 2 10000 10000 0 10
0.166667 0.180579 0.016480 200 208 1000 988 2 10000 10000 0 10
0.166667 0.191818 0.017359 200 198 1000 998 2 10000 10000 0 10
0.166667 0.148302 0.016445 200 181 1000 995 2 10000 10000 0 10
0.166667 0.181247 0.017083 200 196 1000 1016 2 10000 10000 0 10
0.166667 0.187930 0.017134 200 214 1000 1004 2 10000 10000 0 10
0.166667 0.185758 0.017304 200 193 1000 982 2 10000 10000 0 10
0.166667 0.191247 0.016548 200 217 1000 1037 2 10000 10000 0 10
0.166667 0.170267 0.016575 200 190 1000 975 2 10000 10000 0 10
0.166667 0.199203 0.017218 200 219 1000 983 2 10000 10000 0 10
0.166667 0.194899 0.016913 200 211 1000 985 2 10000 10000 0 10
0.166667 0.149223 0.015974 200 199 1000 1054 2 10000 10000 0 10
0.166667 0.167722 0.017379 200 193 1000 907 2 10000 10000 0 10
0.166667 0.149809 0.016348 200 208 1000 1022 2 10000 10000 0 10
0.166667 0.203885 0.016923 200 215 1000 1021 2 10000 10000 0 10
0.166667 0.168860 0.017040 200 192 1000 930 2 10000 10000 0 10
0.166667 0.164828 0.016840 200 191 1000 971 2 10000 10000 0 10
0.166667 0.149858 0.016421 200 195 1000 979 2 10000 10000 0 10
0.166667 0.149081 0.016520 200 195 1000 981 2 10000 10000 0 10
0.166667 0.154469 0.016114 200 198 1000 1046 2 10000 10000 0 10
0.166667 0.203310 0.017863 200 206 1000 971 2 10000 10000 0 10
0.166667 0.183219 0.017138 200 192 1000 979 2 10000 10000 0 10
0.166667 0.125592 0.016018 200 173 1000 1058 2 10000 10000 0 10
0.166667 0.171001 0.016292 200 209 1000 1010 2 10000 10000 0 10
0.166667 0.168875 0.017366 200 197 1000 968 2 10000 10000 0 10
0.166667 0.199888 0.017326 200 222 1000 976 2 10000 10000 0 10
0.166667 0.183940 0.016830 200 212 1000 995 2 10000 10000 0 10
0.166667 0.174312 0.016411 200 215 1000 996 2 10000 10000 0 10
0.166667 0.181216 0.017048 200 207 1000 948 2 10000 10000 0 10
0.166667 0.172397 0.016633 200 195 1000 1031 2 10000 10000 0 10
0.166667 0.146234 0.016049 200 187 1000 1007 2 10000 10000 0 10
0.166667 0.145532 0.016136 200 179 1000 1000 2 10000 10000 0 10
0.166667 0.184731 0.017180 200 206 1000 980 2 10000 10000 0 10
0.166667 0.158097 0.016813 200 181 1000 1011 2 10000 10000 0 10
0.166667 0.157883 0.016043 200 178 1000 1041 2 10000 10000 0 10
0.166667 0.197478 0.016613 200 208 1000 1062 2 10000 10000 0 10
0.166667 0.203784 0.017549 200 208 1000 938 2 10000 10000 0 10
0.166667 0.168977 0.016666 200 181 1000 1004 2 10000 10000 0 10
0.166667 0.178422 0.016782 200 201 1000 1032 2 10000 10000 0 10
0.166667 0.184885 0.017123 200 196 1000 987 2 10000 10000 0 10
0.166667 0.196831 0.017105 200 226 1000 1008 2 10000 10000 0 10
0.166667 0.168523 0.016303 200 233 1000 1031 2 10000 10000 0 10
0.166667 0.185736 0.016885 200 222 1000 1004 2 10000 10000 0 10
0.166667 0.223650 0.017655 200 191 1000 945 2 10000 10000 0 10
0.166667 0.214103 0.017653 200 217 1000 968 2 10000 10000 0 10
0.166667 0.206592 0.016905 200 220 1000 987 2 10000 10000 0 10
0.166667 0.182967 0.017092 200 212 1000 1017 2 10000 10000 0 10
0.166667 0.173590 0.016240 200 187 1000 1044 2 10000 10000 0 10
0.166667 0.159344 0.016211 200 197 1000 1051 2 10000 10000 0 10
0.166667 0.182853 0.016617 200 206 1000 1040 2 10000 10000 0 10
0.166667 0.181319 0.016925 200 195 1000 977 2 10000 10000 0 10
0.166667 0.162516 0.016308 200 195 1000 1031 2 10000 10000 0 10
0.166667 0.173777 0.016672 200 198 1000 1031 2 10000 10000 0 10
0.166667 0.134726 0.016366 200 164 1000 1020 2 10000 10000 0 10
0.166667 0.155587 0.016799 200 167 1000 988 2 10000 10000 0 10
0.166667 0.220036 0.017794 200 204 1000 1021 2 10000 10000 0 10
0.166667 0.180705 0.017354 200 189 1000 984 2 10000 10000 0 10
0.166667 0.156293 0.017006 200 181 1000 962 2 10000 10000 0 10
0.166667 0.182976 0.016739 200 192 1000 1012 2 10000 10000 0 10
0.166667 0.191899 0.017757 200 200 1000 960 2 10000 10000 0 10
0.166667 0.213317 0.017735 200 234 1000 980 2 10000 10000 0 10
0.166667 0.184516 0.016468 200 220 1000 1063 2 10000 10000 0 10
0.166667 0.172853 0.016604 200 207 1000 1020 2 10000 10000 0 10
0.166667 0.178010 0.016778 200 191 1000 1026 2 10000 10000 0 10
0.166667 0.171427 0.016916 200 213 1000 998 2 10000 10000 0 10
0.166667 0.163161 0.016769 200 201 1000 998 2 10000 10000 0 10
0.166667 0.155247 0.016620 200 184 1000 964 2 10000 10000 0 10
0.166667 0.174637 0.016710 200 209 1000 1008 2 10000 10000 0 10
0.166667 0.200588 0.017379 200 207 1000 977 2 10000 10000 0 10
0.166667 0.187114 0.016902 200 203 1000 1004 2 10000 10000 0 10
0.166667 0.186077 0.016721 200 196 1000 992 2 10000 10000 0 10
0.166667 0.190804 0.017245 200 212 1000 961 2 10000 10000 0 10
0.166667 0.180668 0.016970 200 205 1000 1014 2 10000 10000 0 10
0.166667 0.195905 0.017102 200 192 1000 988 2 10000 10000 0 10
0.166667 0.175732 0.016202 200 225 1000 1066 2 10000 10000 0 10
0.166667 0.202615 0.017025 200 224 1000 1010 2 10000 10000 0 10
0.166667 0.143848 0.016768 200 188 1000 988 2 10000 10000 0 10
0.166667 0.197528 0.017203 200 207 1000 1032 2 10000 10000 0 10
0.166667 0.176552 0.016942 200 223 1000 997 2 10000 10000 0 10
0.166667 0.182891 0.016961 200 209 1000 984 2 10000 10000 0 10
0.166667 0.171107 0.016807 200 193 1000 986 2 10000 10000 0 10
0.166667 0.153637 0.016091 200 186 1000 1034 2 10000 10000 0 10
0.166667 0.157858 0.016349 200 175 1000 1021 2 10000 10000 0 10
0.166667 0.168062 0.016578 200 205 1000 1029 2 10000 10000 0 10
0.166667 0.178879 0.017374 200 192 1000 965 2 10000 10000 0 10
0.166667 0.190522 0.016768 200 205 1000 1001 2 10000 10000 0 10
0.166667 0.152445 0.016233 200 168 1000 1057 2 10000 10000 0 10
0.166667 0.173768 0.016743 200 193 1000 1038 2 10000 10000 0 10
0.166667 0.170587 0.016928 200 201 1000 1001 2 10000 10000 0 10
0.166667 0.176775 0.016361 200 186 1000 1035 2 10000 10000 0 10
0.166667 0.181543 0.016961 200 181 1000 964 2 10000 10000 0 10
0.166667 0.173676 0.016917 200 205 1000 985 2 10000 10000 0 10
0.166667 0.184772 0.017712 200 198 1000 941 2 10000 10000 0 10
0.166667 0.160398 0.017061 200 190 1000 957 2 10000 10000 0 10
0.166667 0.188596 0.017267 200 202 1000 1001 2 10000 10000 0 10
0.166667 0.193205 0.017565 200 195 1000 947 2 10000 10000 0 10
0.166667 0.145928 0.015924 200 202 1000 1037 2 10000 10000 0 10
0.166667 0.179412 0.016710 200 200 1000 1018 2 10000 10000 0 10
0.166667 0.195530 0.017543 200 215 1000 944 2 10000 10000 0 10
0.166667 0.195201 0.017249 200 216 1000 985 2 10000 10000 0 10
0.166667 0.169345 0.016987 200 182 1000 993 2 10000 10000 0 10
0.166667 0.196409 0.016798 200 199 1000 1005 2 10000 10000 0 10
0.166667 0.152842 0.016710 200 194 1000 984 2 10000 10000 0 10
0.166667 0.182561 0.016837 200 210 1000 1009 2 10000 10000 0 10
0.166667 0.201632 0.016917 200 215 1000 985 2 10000 10000 0 10
0.166667 0.166544 0.016486 200 189 1000 1039 2 10000 10000 0 10
0.166667 0.177528 0.016604 200 190 1000 995 2 10000 10000 0 10
0.166667 0.206298 0.017698 200 199 1000 990 2 10000 10000 0 10
0.166667 0.144351 0.016314 200 178 1000 1028 2 10000 10000 0 10
0.166667 0.157256 0.016905 200 180 1000 986 2 10000 10000 0 10
0.166667 0.166901 0.016317 200 203 1000 1034 2 10000 10000 0 10
0.166667 0.161576 0.016458 200 202 1000 1037 2 10000 10000 0 10
0.166667 0.193634 0.016871 200 232 1000 1002 2 10000 10000 0 10
0.166667 0.185834 0.016642 200 182 1000 1017 2 10000 10000 0 10
0.166667 0.192053 0.017619 200 194 1000 966 2 10000 10000 0 10
0.166667 0.149275 0.016183 200 193 1000 978 2 10000 10000 0 10
0.166667 0.186257 0.016462 200 212 1000 1022 2 10000 10000 0 10
0.166667 0.184201 0.016676 200 227 1000 1024 2 10000 10000 0 10
0.166667 0.175123 0.016448 200 202 1000 1043 2 10000 10000 0 10
0.166667 0.202968 0.017498 200 191 1000 986 2 10000 10000 0 10
0.166667 0.211292 0.017285 200 205 1000 963 2 10000 10000 0 10
0.166667 0.174352 0.016767 200 201 1000 994 2 10000 10000 0 10
0.166667 0.177948 0.016965 200 184 1000 1010 2 10000 10000 0 10
0.166667 0.193660 0.017514 200 204 1000 973 2 10000 10000 0 10
0.166667 0.154594 0.016549 200 190 1000 1002 2 10000 10000 0 10
0.166667 0.193589 0.017751 200 189 1000 952 2 10000 10000 0 10
0.166667 0.183989 0.017082 200 203 1000 998 2 10000 10000 0 10
0.166667 0.163991 0.015943 200 217 1000 1073 2 10000 10000 0 10
0.166667 0.169042 0.016632 200 206 1000 1019 2 10000 10000 0 10
0.166667 0.193509 0.016891 200 215 1000 984 2 10000 10000 0 10
0.166667 0.161273 0.017133 200 207 1000 921 2 10000 10000 0 10
0.166667 0.178073 0.016939 200 194 1000 1007 2 10000 10000 0 10
0.166667 0.192394 0.016794 200 212 1000 1015 2 10000 10000 0 10
0.166667 0.190819 0.017053 200 194 1000 994 2 10000 10000 0 10
0.166667 0.174140 0.016390 200 205 1000 1040 2 10000 10000 0 10
0.166667 0.154490 0.016255 200 200 1000 1021 2 10000 10000 0 10
0.166667 0.194910 0.017092 200 210 1000 941 2 10000 10000 0 10
0.166667 0.171331 0.016922 200 194 1000 987 2 10000 10000 0 10
0.166667 0.174221 0.016771 200 201 1000 983 2 10000 10000 0 10
0.166667 0.187457 0.016771 200 207 1000 1017 2 10000 10000 0 10
0.166667 0.167378 0.016304 200 215 1000 1043 2 10000 10000 0 10
0.166667 0.165077 0.016630 200 199 1000 1013 2 10000 10000 0 10
0.166667 0.171373 0.016799 200 193 1000 993 2 10000 10000 0 10
0.166667 0.176455 0.016909 200 203 1000 994 2 10000 10000 0 10
0.166667 0.174264 0.016409 200 191 1000 1012 2 10000 10000 0 10
0.166667 0.192679 0.016859 200 209 1000 980 2 10000 10000 0 10
0.166667 0.170408 0.016688 200 203 1000 966 2 10000 10000 0 10
0.166667 0.163943 0.016205 200 178 1000 1059 2 10000 10000 0 10
0.166667 0.188954 0.017256 200 200 1000 1006 2 10000 10000 0 10
0.166667 0.175660 0.016613 200 199 1000 1037 2 10000 10000 0 10
0.166667 0.182138 0.016856 200 194 1000 1030 2 10000 10000 0 10
0.166667 0.166850 0.016795 200 189 1000 959 2 10000 10000 0 10
0.166667 0.184868 0.017239 200 184 1000 992 2 10000 10000 0 10
0.166667 0.174973 0.017447 200 208 1000 967 2 10000 10000 0 10
0.166667 0.180612 0.016830 200 197 1000 966 2 10000 10000 0 10
0.166667 0.165631 0.016443 200 198 1000 989 2 10000 10000 0 10
0.166667 0.175262 0.016982 200 177 1000 999 2 10000 10000 0 10
0.166667 0.184916 0.017000 200 204 1000 1001 2 10000 10000 0 10
0.166667 0.154453 0.016332 200 176 1000 1044 2 10000 10000 0 10
0.166667 0.198302 0.016962 200 215 1000 998 2 10000 10000 0 10
0.166667 0.161343 0.016625 200 205 1000 1002 2 10000 10000 0 10
0.166667 0.182600 0.017306 200 193 1000 980 2 10000 10000 0 10
0.166667 0.177584 0.016239 200 207 1000 1056 2 10000 10000 0 10
0.166667 0.152075 0.016346 200 206 1000 995 2 10000 10000 0 10
0.166667 0.199254 0.017381 200 204 1000 975 2 10000 10000 0 10
0.166667 0.182294 0.016884 200 200 1000 996 2 10000 10000 0 10
0.166667 0.169547 0.017047 200 192 1000 988 2 10000 10000 0 10
0.166667 0.188617 0.016698 200 213 1000 1019 2 10000 10000 0 10
0.166667 0.161950 0.016894 200 194 1000 961 2 10000 10000 0 10
0.166667 0.188941 0.016858 200 206 1000 980 2 10000 10000 0 10
0.166667 0.164730 0.016894 200 189 1000 1007 2 10000 10000 0 10
0.166667 0.184069 0.016403 200 202 1000 996 2 10000 10000 0 10
0.166667 0.188614 0.016946 200 214 1000 964 2 10000 10000 0 10
0.166667 0.197453 0.017527 200 201 1000 967 2 10000 10000 0 10
0.166667 0.183334 0.017033 200 199 1000 1004 2 10000 10000 0 10
0.166667 0.194861 0.017316 200 203 1000 986 2 10000 10000 0 10
0.166667 0.181136 0.016570 200 214 1000 1048 2 10000 10000 0 10
0.166667 0.200021 0.017141 200 225 1000 995 2 10000 10000 0 10
0.166667 0.194889 0.016920 200 216 1000 1037 2 10000 10000 0 10
0.166667 0.177982 0.017130 200 200 1000 975 2 10000 10000 0 10
0.166667 0.184603 0.016600 200 208 1000 996 2 10000 10000 0 10
0.166667 0.162470 0.016269 200 205 1000 1020 2 10000 10000 0 10
0.166667 0.172905 0.016441 200 199 1000 1055 2 10000 10000 0 10
0.166667 0.196433 0.017537 200 199 1000 973 2 10000 10000 0 10
0.166667 0.198529 0.016856 200 201 1000 993 2 10000 10000 0 10
0.166667 0.182609 0.016671 200 205 1000 1020 2 10000 10000 0 10
0.166667 0.185602 0.017090 200 186 1000 956 2 10000 10000 0 10
0.166667 0.191119 0.016756 200 229 1000 994 2 10000 10000 0 10
0.166667 0.173834 0.016441 200 200 1000 1000 2 10000 10000 0 10
0.166667 0.181032 0.017048 200 189 1000 971 2 10000 10000 0 10
0.166667 0.162718 0.016587 200 213 1000 1000 2 10000 10000 0 10
0.166667 0.185454 0.017108 200 189 1000 1005 2 10000 10000 0 10
0.166667 0.146062 0.016231 200 188 1000 1040 2 10000 10000 0 10
0.166667 0.196070 0.017399 200 226 1000 955 2 10000 10000 0 10
0.166667 0.166570 0.016600 200 180 1000 1031 2 10000 10000 0 10
0.166667 0.194363 0.017292 200 211 1000 940 2 10000 10000 0 10
0.166667 0.156830 0.016755 200 186 1000 985 2 10000 10000 0 10
0.166667 0.201122 0.017453 200 214 1000 1001 2 10000 10000 0 10
0.166667 0.186028 0.016832 200 182 1000 1040 2 10000 10000 0 10
0.166667 0.183782 0.017123 200 196 1000 975 2 10000 10000 0 10
0.166667 0.181955 0.016685 200 200 1000 982 2 10000 10000 0 10
0.166667 0.162440 0.017190 200 185 1000 979 2 10000 10000 0 10
0.166667 0.178347 0.017426 200 177 1000 970 2 10000 10000 0 10
0.166667 0.173373 0.016902 200 193 1000 1008 2 10000 10000 0 10
0.166667 0.154169 0.016397 200 211 1000 988 2 10000 10000 0 10
0.166667 0.157026 0.016501 200 191 1000 999 2 10000 10000 0 10
0.166667 0.185424 0.017001 200 198 1000 977 2 10000 10000 0 10
0.166667 0.192223 0.016372 200 205 1000 1022 2 10000 10000 0 10
0.166667 0.175953 0.017064 200 200 1000 982 2 10000 10000 0 10
0.166667 0.201553 0.017287 200 210 1000 975 2 10000 10000 0 10
0.166667 0.191866 0.016889 200 202 1000 1032 2 10000 10000 0 10
0.166667 0.181071 0.016746 200 211 1000 1005 2 10000 10000 0 10
0.166667 0.173187 0.016879 200 186 1000 986 2 10000 10000 0 10
0.166667 0.143781 0.016420 200 176 1000 989 2 10000 10000 0 10
0.166667 0.173046 0.016429 200 196 1000 1033 2 10000 10000 0 10
0.166667 0.191532 0.017070 200 192 1000 978 2 10000 10000 0 10
0.166667 0.179366 0.016829 200 211 1000 983 2 10000 10000 0 10
0.166667 0.167076 0.016950 200 196 1000 981 2 10000 10000 0 10
0.166667 0.215593 0.017598 200 228 1000 960 2 10000 10000 0 10
0.166667 0.171106 0.016522 200 205 1000 979 2 10000 10000 0 10
0.166667 0.154585 0.016353 200 186 1000 1022 2 10000 10000 0 10
0.166667 0.172064 0.017300 200 216 1000 971 2 10000 10000 0 10
0.166667 0.238144 0.017808 200 228 1000 973 2 10000 10000 0 10
0.166667 0.200574 0.017615 200 216 1000 978 2 10000 10000 0 10
0.166667 0.187486 0.017001 200 211 1000 1005 2 10000 10000 0 10
0.166667 0.181351 0.016837 200 196 1000 973 2 10000 10000 0 10
0.166667 0.203589 0.016981 200 217 1000 1028 2 10000 10000 0 10
0.166667 0.161230 0.016697 200 190 1000 1014 2 10000 10000 0 10
0.166667 0.208403 0.016916 200 227 1000 1021 2 10000 10000 0 10
0.166667 0.169573 0.016652 200 207 1000 1012 2 10000 10000 0 10
0.166667 0.154024 0.016739 200 192 1000 981 2 10000 10000 0 10
0.166667 0.184038 0.017036 200 192 1000 976 2 10000 10000 0 10
0.166667 0.180796 0.016959 200 196 1000 1024 2 10000 10000 0 10
0.166667 0.171549 0.016683 200 196 1000 945 2 10000 10000 0 10
0.166667 0.162942 0.016860 200 195 1000 959 2 10000 10000 0 10
0.166667 0.161521 0.016694 200 209 1000 1015 2 10000 10000 0 10
0.166667 0.135703 0.016325 200 179 1000 1033 2 10000 10000 0 10
0.166667 0.173940 0.016544 200 189 1000 983 2 10000 10000 0 10
0.166667 0.156232 0.016516 200 171 1000 972 2 10000 10000 0 10
0.166667 0.167736 0.016972 200 210 1000 971 2 10000 10000 0 10
0.166667 0.171049 0.016739 200 209 1000 996 2 10000 10000 0 10
0.166667 0.175108 0.017069 200 201 1000 985 2 10000 10000 0 10
0.166667 0.187854 0.017077 200 189 1000 989 2 10000 10000 0 10
0.166667 0.189942 0.016713 200 198 1000 1071 2 10000 10000 0 10
0.166667 0.156789 0.016116 200 197 1000 1018 2 10000 10000 0 10
0.166667 0.147231 0.016191 200 216 1000 1040 2 10000 10000 0 10
0.166667 0.160609 0.016193 200 210 1000 1026 2 10000 10000 0 10
0.166667 0.182018 0.016894 200 223 1000 995 2 10000 10000 0 10
0.166667 0.139483 0.016299 200 161 1000 1015 2 10000 10000 0 10
0.166667 0.167300 0.016587 200 215 1000 1035 2 10000 10000 0 10
0.166667 0.158815 0.016492 200 192 1000 1041 2 10000 10000 0 10
0.166667 0.170810 0.016969 200 199 1000 986 2 10000 10000 0 10
0.166667 0.186150 0.016304 200 224 1000 1039 2 10000 10000 0 10
0.166667 0.170144 0.016854 200 171 1000 1024 2 10000 10000 0 10
0.166667 0.178528 0.017427 200 196 1000 979 2 10000 10000 0 10
0.166667 0.196586 0.017062 200 204 1000 1010 2 10000 10000 0 10
0.166667 0.168750 0.016700 200 199 1000 977 2 10000 10000 0 10
0.166667 0.175075 0.016766 200 197 1000 966 2 10000 10000 0 10
0.166667 0.151830 0.016457 200 197 1000 978 2 10000 10000 0 10
0.166667 0.188330 0.016676 200 195 1000 1046 2 10000 10000 0 10
0.166667 0.136036 0.015699 200 188 1000 1056 2 10000 10000 0 10
0.166667 0.175713 0.016876 200 208 1000 987 2 10000 10000 0 10
0.166667 0.199648 0.016632 200 230 1000 1023 2 10000 10000 0 10
0.166667 0.149341 0.017160 200 176 1000 974 2 10000 10000 0 10
0.166667 0.164530 0.016246 200 196 1000 1061 2 10000 10000 0 10
0.166667 0.164025 0.017167 200 188 1000 944 2 10000 10000 0 10
0.166667 0.206906 0.017323 200 210 1000 1004 2 10000 10000 0 10
0.166667 0.177884 0.016697 200 214 1000 1033 2 10000 10000 0 10
0.166667 0.181503 0.016660 200 206 1000 1012 2 10000 10000 0 10
0.166667 0.170336 0.016664 200 184 1000 1017 2 10000 10000 0 10
0.166667 0.184369 0.017065 200 200 1000 991 2 10000 10000 0 10
0.166667 0.165470 0.016248 200 190 1000 988 2 10000 10000 0 10
0.166667 0.185425 0.016872 200 223 1000 1002 2 10000 10000 0 10
0.166667 0.191110 0.016639 200 200 1000 1052 2 10000 10000 0 10
0.166667 0.173717 0.016696 200 197 1000 1016 2 10000 10000 0 10
0.166667 0.184624 0.016910 200 203 1000 1001 2 10000 10000 0 10
0.166667 0.171927 0.017392 200 208 1000 962 2 10000 10000 0 10
0.166667 0.149443 0.016317 200 202 1000 987 2 10000 10000 0 10
0.166667 0.177868 0.017253 200 208 1000 979 2 10000 10000 0 10
0.166667 0.174001 0.016464 200 209 1000 1024 2 10000 10000 0 10
0.166667 0.212209 0.016960 200 202 1000 1017 2 10000 10000 0 10
0.166667 0.173834 0.016577 200 207 1000 1004 2 10000 10000 0 10
0.166667 0.181883 0.016828 200 189 1000 1001 2 10000 10000 0 10
0.166667 0.168322 0.016423 200 219 1000 1016 2 10000 10000 0 10
0.166667 0.187763 0.016655 200 232 1000 1024 2 10000 10000 0 10
0.166667 0.184766 0.017288 200 193 1000 955 2 10000 10000 0 10
0.166667 0.169314 0.017054 200 204 1000 1005 2 10000 10000 0 10
0.166667 0.181122 0.016688 200 198 1000 960 2 10000 10000 0 10
0.166667 0.166225 0.016950 200 189 1000 966 2 10000 10000 0 10
0.166667 0.162267 0.016578 200 205 1000 1017 2 10000 10000 0 10
0.166667 0.192991 0.017094 200 212 1000 1007 2 10000 10000 0 10
0.166667 0.170428 0.016489 200 190 1000 1039 2 10000 10000 0 10
0.166667 0.184905 0.016523 200 212 1000 1058 2 10000 10000 0 10
0.166667 0.176558 0.016639 200 200 1000 1005 2 10000 10000 0 10
0.166667 0.190536 0.017232 200 224 1000 1022 2 10000 10000 0 10
0.166667 0.177113 0.016585 200 197 1000 1033 2 10000 10000 0 10
0.166667 0.185973 0.017132 200 199 1000 991 2 10000 10000 0 10
0.166667 0.200933 0.016862 200 222 1000 984 2 10000 10000 0 10
0.166667 0.166256 0.016184 200 201 1000 1053 2 10000 10000 0 10
0.166667 0.171671 0.016316 200 209 1000 1017 2 10000 10000 0 10
0.166667 0.156130 0.015855 200 195 1000 1061 2 10000 10000 0 10
0.166667 0.162099 0.016770 200 194 1000 980 2 10000 10000 0 10
0.166667 0.162316 0.016394 200 208 1000 1016 2 10000 10000 0 10
0.166667 0.147160 0.016707 200 173 1000 968 2 10000 10000 0 10
0.166667 0.193527 0.017021 200 201 1000 963 2 10000 10000 0 10
0.166667 0.143174 0.016226 200 203 1000 1019 2 10000 10000 0 10
0.166667 0.162780 0.017102 200 205 1000 975 2 10000 10000 0 10
0.166667 0.169046 0.016672 200 191 1000 986 2 10000 10000 0 10
0.166667 0.170968 0.016115 200 227 1000 1081 2 10000 10000 0 10
0.166667 0.177475 0.016408 200 213 1000 1035 2 10000 10000 0 10
0.166667 0.171557 0.016818 200 186 1000 986 2 10000 10000 0 10
0.166667 0.157585 0.016037 200 182 1000 1050 2 10000 10000 0 10
0.166667 0.167245 0.016625 200 200 1000 980 2 10000 10000 0 10
0.166667 0.189352 0.016759 200 204 1000 1024 2 10000 10000 0 10
0.166667 0.191027 0.017171 200 196 1000 980 2 10000 10000 0 10
0.166667 0.182190 0.017336 200 221 1000 963 2 10000 10000 0 10
0.166667 0.191505 0.017512 200 201 1000 1001 2 10000 10000 0 10
0.166667 0.184149 0.016988 200 208 1000 984 2 10000 10000 0 10
0.166667 0.173140 0.016606 200 190 1000 989 2 10000 10000 0 10
0.166667 0.187487 0.016595 200 217 1000 1038 2 10000 10000 0 10
0.166667 0.170921 0.016213 200 185 1000 1027 2 10000 10000 0 10
0.166667 0.157124 0.016310 200 180 1000 1031 2 10000 10000 0 10
0.166667 0.182872 0.016963 200 202 1000 1002 2 10000 10000 0 10
0.166667 0.159894 0.016771 200 183 1000 952 2 10000 10000 0 10
0.166667 0.196084 0.016772 200 213 1000 1040 2 10000 10000 0 10
0.166667 0.161869 0.016703 200 196 1000 986 2 10000 10000 0 10
0.166667 0.182902 0.017642 200 197 1000 968 2 10000 10000 0 10
0.166667 0.165741 0.016796 200 196 1000 991 2 10000 10000 0 10
0.166667 0.179689 0.017012 200 207 1000 986 2 10000 10000 0 10
0.166667 0.175708 0.016732 200 206 1000 977 2 10000 10000 0 10
0.166667 0.178588 0.016436 200 211 1000 1033 2 10000 10000 0 10
0.166667 0.171212 0.016627 200 213 1000 1006 2 10000 10000 0 10
0.166667 0.201919 0.017121 200 202 1000 981 2 10000 10000 0 10
0.166667 0.177127 0.016443 200 206 1000 1031 2 10000 10000 0 10
0.166667 0.161125 0.016646 200 205 1000 992 2 10000 10000 0 10
0.166667 0.166281 0.016971 200 186 1000 964 2 10000 10000 0 10
0.166667 0.158636 0.016487 200 189 1000 1004 2 10000 10000 0 10
0.166667 0.172239 0.016503 200 181 1000 1034 2 10000 10000 0 10
0.166667 0.171502 0.017081 200 202 1000 942 2 10000 10000 0 10
0.166667 0.186538 0.016917 200 179 1000 1008 2 10000 10000 0 10
0.166667 0.196038 0.017578 200 213 1000 969 2 10000 10000 0 10
0.166667 0.163597 0.016388 200 210 1000 1047 2 10000 10000 0 10
0.166667 0.128654 0.016548 200 168 1000 967 2 10000 10000 0 10
0.166667 0.190400 0.016494 200 220 1000 1043 2 10000 10000 0 10
0.166667 0.177959 0.016928 200 185 1000 1027 2 10000 10000 0 10
0.166667 0.121567 0.015812 200 160 1000 1039 2 10000 10000 0 10
0.166667 0.191208 0.017153 200 221 1000 991 2 10000 10000 0 10
0.166667 0.166176 0.016658 200 194 1000 1011 2 10000 10000 0 10
0.166667 0.193680 0.017130 200 213 1000 966 2 10000 10000 0 10
0.166667 0.165952 0.016812 200 178 1000 989 2 10000 10000 0 10
0.166667 0.182331 0.016985 200 199 1000 1023 2 10000 10000 0 10
0.166667 0.178741 0.016935 200 209 1000 971 2 10000 10000 0 10
0.166667 0.159167 0.016899 200 180 1000 992 2 10000 10000 0 10
0.166667 0.160714 0.016559 200 206 1000 998 2 10000 10000 0 10
0.166667 0.187875 0.017374 200 204 1000 952 2 10000 10000 0 10
0.166667 0.172025 0.017063 200 186 1000 955 2 10000 10000 0 10
0.166667 0.162872 0.017014 200 196 1000 977 2 10000 10000 0 10
0.166667 0.195482 0.017389 200 198 1000 944 2 10000 10000 0 10
0.166667 0.200440 0.016948 200 198 1000 1011 2 10000 10000 0 10
0.166667 0.161169 0.016133 200 187 1000 1032 2 10000 10000 0 10
0.166667 0.184305 0.017087 200 201 1000 983 2 10000 10000 0 10
0.166667 0.175787 0.016726 200 187 1000 1001 2 10000 10000 0 10
0.166667 0.154221 0.016606 200 223 1000 976 2 10000 10000 0 10
0.166667 0.186340 0.017024 200 197 1000 1006 2 10000 10000 0 10
0.166667 0.183191 0.017273 200 205 1000 976 2 10000 10000 0 10
0.166667 0.177579 0.016375 200 199 1000 1000 2 10000 10000 0 10
0.166667 0.169391 0.016768 200 194 1000 969 2 10000 10000 0 10
0.166667 0.161007 0.016424 200 203 1000 1006 2 10000 10000 0 10
0.166667 0.177161 0.016968 200 197 1000 995 2 10000 10000 0 10
0.166667 0.181744 0.016706 200 172 1000 1015 2 10000 10000 0 10
0.166667 0.161382 0.016711 200 184 1000 1019 2 10000 10000 0 10
0.166667 0.156740 0.016590 200 190 1000 982 2 10000 10000 0 10
0.166667 0.168175 0.016696 200 186 1000 1017 2 10000 10000 0 10
0.166667 0.153229 0.016419 200 186 1000 986 2 10000 10000 0 10
0.166667 0.145838 0.016131 200 210 1000 1050 2 10000 10000 0 10
0.166667 0.154891 0.017104 200 191 1000 969 2 10000 10000 0 10
0.166667 0.188809 0.017028 200 205 1000 985 2 10000 10000 0 10
0.166667 0.198030 0.017245 200 209 1000 976 2 10000 10000 0 10
0.166667 0.161536 0.016417 200 196 1000 992 2 10000 10000 0 10
0.166667 0.161422 0.016317 200 202 1000 1026 2 10000 10000 0 10
0.166667 0.171839 0.016717 200 195 1000 1039 2 10000 10000 0 10
0.166667 0.180220 0.016932 200 214 1000 993 2 10000 10000 0 10
0.166667 0.164619 0.016562 200 206 1000 991 2 10000 10000 0 10
0.166667 0.188952 0.016674 200 212 1000 1027 2 10000 10000 0 10
0.166667 0.155386 0.016337 200 189 1000 1049 2 10000 10000 0 10
0.166667 0.163216 0.016525 200 189 1000 999 2 10000 10000 0 10
0.166667 0.149291 0.016589 200 174 1000 973 2 10000 10000 0 10
0.166667 0.153963 0.016177 200 202 1000 1071 2 10000 10000 0 10
0.166667 0.182420 0.017400 200 207 1000 953 2 10000 10000 0 10
