0.166667 0.178081 0.007152 200 194 1000 1017 1000 1000 10 10
0.166667 0.170916 0.009771 200 201 1000 1033 1000 1000 10 10
0.166667 0.204531 0.009607 200 212 1000 984 1000 1000 10 10
0.166667 0.189407 0.006688 200 198 1000 966 1000 1000 10 10
0.166667 0.179774 0.010047 200 196 1000 966 1000 1000 10 10
0.166667 0.194222 0.012168 200 216 1000 1061 1000 1000 10 10
0.166667 0.194222 0.012168 200 228 1000 1023 1000 1000 10 10
0.166667 0.190411 0.014005 200 208 1000 997 1000 1000 10 10
0.166667 0.167856 0.010513 200 178 1000 989 1000 1000 10 10
0.166667 0.167856 0.010513 200 207 1000 959 1000 1000 10 10
0.166667 0.186745 0.012535 200 197 1000 1008 1000 1000 10 10
0.166667 0.183009 0.011575 200 199 1000 1012 1000 1000 10 10
0.166667 0.183009 0.011575 200 197 1000 1062 1000 1000 10 10
0.166667 0.173297 0.004923 200 195 1000 987 1000 1000 10 10
0.166667 0.179314 0.012284 200 179 1000 1012 1000 1000 10 10
0.166667 0.165309 0.011560 200 180 1000 1047 1000 1000 10 10
0.166667 0.165309 0.011560 200 191 1000 961 1000 1000 10 10
0.166667 0.165309 0.011560 200 192 1000 983 1000 1000 10 10
0.166667 0.183881 0.012786 200 195 1000 967 1000 1000 10 10
0.166667 0.183881 0.012786 200 194 1000 1015 1000 1000 10 10
0.166667 0.193148 0.006892 200 205 1000 939 1000 1000 10 10
0.166667 0.193148 0.006892 200 185 1000 1006 1000 1000 10 10
0.166667 0.155177 0.010907 200 177 1000 1077 1000 1000 10 10
0.166667 0.195207 0.010897 200 208 1000 957 1000 1000 10 10
0.166667 0.189797 0.011920 200 213 1000 1017 1000 1000 10 10
0.166667 0.178523 0.011090 200 186 1000 1056 1000 1000 10 10
0.166667 0.203333 0.009746 200 228 1000 1024 1000 1000 10 10
0.166667 0.195831 0.010891 200 213 1000 1007 1000 1000 10 10
0.166667 0.186726 0.010870 200 201 1000 996 1000 1000 10 10
0.166667 0.189095 0.011357 200 223 1000 1030 1000 1000 10 10
0.166667 0.188642 0.012248 200 202 1000 963 1000 1000 10 10
0.166667 0.187113 0.012812 200 198 1000 995 1000 1000 10 10
0.166667 0.182405 0.009583 200 191 1000 1061 1000 1000 10 10
0.166667 0.190066 0.011805 200 200 1000 993 1000 1000 10 10
0.166667 0.189498 0.011149 200 209 1000 983 1000 1000 10 10
0.166667 0.189498 0.011149 200 207 1000 981 1000 1000 10 10
0.166667 0.202646 0.009138 200 230 1000 1006 1000 1000 10 10
0.166667 0.205019 0.011853 200 228 1000 1011 1000 1000 10 10
0.166667 0.185661 0.012225 200 206 1000 1029 1000 1000 10 10
0.166667 0.177558 0.004594 200 195 1000 1006 1000 1000 10 10
0.166667 0.197477 0.011494 200 213 1000 1009 1000 1000 10 10
0.166667 0.170067 0.010408 200 186 1000 1038 1000 1000 10 10
0.166667 0.170067 0.010408 200 206 1000 970 1000 1000 10 10
0.166667 0.170067 0.010408 200 218 1000 978 1000 1000 10 10
0.166667 0.174856 0.010230 200 185 1000 976 1000 1000 10 10
0.166667 0.174856 0.010230 200 185 1000 992 1000 1000 10 10
0.166667 0.172137 0.012741 200 191 1000 997 1000 1000 10 10
0.166667 0.185496 0.010755 200 202 1000 999 1000 1000 10 10
0.166667 0.185477 0.014485 200 218 1000 1008 1000 1000 10 10
0.166667 0.209651 0.011452 200 223 1000 968 1000 1000 10 10
0.166667 0.205626 0.014262 200 222 1000 978 1000 1000 10 10
0.166667 0.161258 0.010073 200 175 1000 1028 1000 1000 10 10
0.166667 0.161258 0.010073 200 195 1000 994 1000 1000 10 10
0.166667 0.171059 0.011704 200 191 1000 998 1000 1000 10 10
0.166667 0.171059 0.011704 200 183 1000 948 1000 1000 10 10
0.166667 0.179962 0.011171 200 202 1000 989 1000 1000 10 10
0.166667 0.184789 0.010497 200 219 1000 1034 1000 1000 10 10
0.166667 0.174117 0.011632 200 202 1000 1055 1000 1000 10 10
0.166667 0.174117 0.011632 200 205 1000 1008 1000 1000 10 10
0.166667 0.194283 0.008884 200 200 1000 965 1000 1000 10 10
0.166667 0.194283 0.008884 200 179 1000 987 1000 1000 10 10
0.166667 0.189412 0.010539 200 214 1000 953 1000 1000 10 10
0.166667 0.189412 0.010539 200 175 1000 947 1000 1000 10 10
0.166667 0.182548 0.011953 200 198 1000 982 1000 1000 10 10
0.166667 0.177293 0.010811 200 205 1000 1045 1000 1000 10 10
0.166667 0.169638 0.011113 200 186 1000 1038 1000 1000 10 10
0.166667 0.169638 0.011113 200 231 1000 1058 1000 1000 10 10
0.166667 0.169638 0.011113 200 217 1000 1015 1000 1000 10 10
0.166667 0.180684 0.011469 200 188 1000 1027 1000 1000 10 10
0.166667 0.180684 0.011469 200 198 1000 982 1000 1000 10 10
0.166667 0.191398 0.012096 200 213 1000 984 1000 1000 10 10
0.166667 0.189477 0.010648 200 200 1000 1009 1000 1000 10 10
0.166667 0.163892 0.011799 200 177 1000 994 1000 1000 10 10
0.166667 0.163892 0.011799 200 190 1000 1024 1000 1000 10 10
0.166667 0.163892 0.011799 200 186 1000 999 1000 1000 10 10
0.166667 0.163892 0.011799 200 180 1000 1046 1000 1000 10 10
0.166667 0.163892 0.011799 200 211 1000 1029 1000 1000 10 10
0.166667 0.178877 0.011228 200 188 1000 1004 1000 1000 10 10
0.166667 0.178877 0.011228 200 206 1000 1007 1000 1000 10 10
0.166667 0.178877 0.011228 200 220 1000 1009 1000 1000 10 10
0.166667 0.178877 0.011228 200 203 1000 1017 1000 1000 10 10
0.166667 0.179298 0.010936 200 179 1000 981 1000 1000 10 10
0.166667 0.177657 0.014102 200 195 1000 1013 1000 1000 10 10
0.166667 0.194675 0.014411 200 201 1000 961 1000 1000 10 10
0.166667 0.191075 0.010554 200 218 1000 1032 1000 1000 10 10
0.166667 0.176688 0.010562 200 183 1000 987 1000 1000 10 10
0.166667 0.189614 0.012151 200 211 1000 1014 1000 1000 10 10
0.166667 0.159744 0.007030 200 179 1000 1032 1000 1000 10 10
0.166667 0.159744 0.007030 200 186 1000 983 1000 1000 10 10
0.166667 0.159744 0.007030 200 232 1000 976 1000 1000 10 10
0.166667 0.211419 0.009175 200 225 1000 992 1000 1000 10 10
0.166667 0.180694 0.011115 200 183 1000 986 1000 1000 10 10
0.166667 0.180694 0.011115 200 192 1000 967 1000 1000 10 10
0.166667 0.180694 0.011115 200 228 1000 973 1000 1000 10 10
0.166667 0.180694 0.011115 200 212 1000 1014 1000 1000 10 10
0.166667 0.179437 0.012599 200 192 1000 1018 1000 1000 10 10
0.166667 0.196743 0.011378 200 220 1000 1025 1000 1000 10 10
0.166667 0.196743 0.011378 200 164 1000 1005 1000 1000 10 10
0.166667 0.196743 0.011378 200 195 1000 943 1000 1000 10 10
0.166667 0.192727 0.008096 200 215 1000 1003 1000 1000 10 10
0.166667 0.174988 0.009607 200 183 1000 979 1000 1000 10 10
0.166667 0.168370 0.009688 200 190 1000 1036 1000 1000 10 10
0.166667 0.171021 0.011597 200 192 1000 1007 1000 1000 10 10
0.166667 0.203763 0.014386 200 228 1000 1010 1000 1000 10 10
0.166667 0.203763 0.014386 200 200 1000 1038 1000 1000 10 10
0.166667 0.165800 0.010839 200 176 1000 997 1000 1000 10 10
0.166667 0.147622 0.010547 200 173 1000 998 1000 1000 10 10
0.166667 0.179682 0.011763 200 200 1000 1024 1000 1000 10 10
0.166667 0.206972 0.015291 200 226 1000 1007 1000 1000 10 10
0.166667 0.206972 0.015291 200 184 1000 983 1000 1000 10 10
0.166667 0.188023 0.010350 200 199 1000 995 1000 1000 10 10
0.166667 0.180989 0.013558 200 195 1000 966 1000 1000 10 10
0.166667 0.180989 0.013558 200 198 1000 942 1000 1000 10 10
0.166667 0.180989 0.013558 200 225 1000 1010 1000 1000 10 10
0.166667 0.201151 0.011643 200 224 1000 999 1000 1000 10 10
0.166667 0.196870 0.006791 200 204 1000 953 1000 1000 10 10
0.166667 0.196870 0.006791 200 212 1000 1008 1000 1000 10 10
0.166667 0.169916 0.011580 200 197 1000 1006 1000 1000 10 10
0.166667 0.192568 0.012720 200 212 1000 958 1000 1000 10 10
0.166667 0.186472 0.010560 200 204 1000 1003 1000 1000 10 10
0.166667 0.186472 0.010560 200 195 1000 1006 1000 1000 10 10
0.166667 0.186472 0.010560 200 191 1000 1013 1000 1000 10 10
0.166667 0.186472 0.010560 200 199 1000 1028 1000 1000 10 10
0.166667 0.189226 0.010749 200 203 1000 1028 1000 1000 10 10
0.166667 0.193004 0.011077 200 221 1000 1016 1000 1000 10 10
0.166667 0.193004 0.011077 200 202 1000 952 1000 1000 10 10
0.166667 0.193004 0.011077 200 184 1000 998 1000 1000 10 10
0.166667 0.165536 0.011815 200 179 1000 993 1000 1000 10 10
0.166667 0.181317 0.009334 200 193 1000 987 1000 1000 10 10
0.166667 0.177542 0.007232 200 200 1000 1007 1000 1000 10 10
0.166667 0.177295 0.011117 200 187 1000 955 1000 1000 10 10
0.166667 0.177185 0.009186 200 187 1000 999 1000 1000 10 10
0.166667 0.177185 0.009186 200 210 1000 985 1000 1000 10 10
0.166667 0.177185 0.009186 200 195 1000 998 1000 1000 10 10
0.166667 0.195125 0.006108 200 222 1000 988 1000 1000 10 10
0.166667 0.184685 0.011122 200 197 1000 1019 1000 1000 10 10
0.166667 0.176273 0.012194 200 182 1000 986 1000 1000 10 10
0.166667 0.176273 0.012194 200 208 1000 1001 1000 1000 10 10
0.166667 0.186449 0.011690 200 206 1000 1021 1000 1000 10 10
0.166667 0.169054 0.012349 200 184 1000 1003 1000 1000 10 10
0.166667 0.169054 0.012349 200 188 1000 1057 1000 1000 10 10
0.166667 0.170685 0.012732 200 185 1000 1029 1000 1000 10 10
0.166667 0.178560 0.012180 200 189 1000 976 1000 1000 10 10
0.166667 0.178560 0.012180 200 211 1000 1003 1000 1000 10 10
0.166667 0.178560 0.012180 200 208 1000 1013 1000 1000 10 10
0.166667 0.172075 0.009991 200 189 1000 1045 1000 1000 10 10
0.166667 0.201146 0.011704 200 201 1000 967 1000 1000 10 10
0.166667 0.212601 0.014011 200 211 1000 944 1000 1000 10 10
0.166667 0.186211 0.013698 200 195 1000 976 1000 1000 10 10
0.166667 0.186211 0.013698 200 184 1000 995 1000 1000 10 10
0.166667 0.186211 0.013698 200 195 1000 1001 1000 1000 10 10
0.166667 0.191429 0.012665 200 215 1000 998 1000 1000 10 10
0.166667 0.172053 0.013922 200 186 1000 994 1000 1000 10 10
0.166667 0.172053 0.013922 200 184 1000 958 1000 1000 10 10
0.166667 0.192209 0.012683 200 199 1000 975 1000 1000 10 10
0.166667 0.181787 0.013279 200 194 1000 1005 1000 1000 10 10
0.166667 0.185997 0.012532 200 191 1000 971 1000 1000 10 10
0.166667 0.174316 0.014036 200 183 1000 1001 1000 1000 10 10
0.166667 0.172035 0.012240 200 190 1000 970 1000 1000 10 10
0.166667 0.195772 0.012135 200 197 1000 1017 1000 1000 10 10
0.166667 0.188231 0.009197 200 212 1000 1035 1000 1000 10 10
0.166667 0.207908 0.006487 200 213 1000 971 1000 1000 10 10
0.166667 0.168748 0.010686 200 181 1000 985 1000 1000 10 10
0.166667 0.194933 0.012111 200 201 1000 978 1000 1000 10 10
0.166667 0.194933 0.012111 200 219 1000 993 1000 1000 10 10
0.166667 0.184196 0.013837 200 204 1000 1018 1000 1000 10 10
0.166667 0.192460 0.005024 200 218 1000 1003 1000 1000 10 10
0.166667 0.192460 0.005024 200 183 1000 990 1000 1000 10 10
0.166667 0.192460 0.005024 200 228 1000 996 1000 1000 10 10
0.166667 0.173241 0.013396 200 185 1000 1011 1000 1000 10 10
0.166667 0.169984 0.011719 200 188 1000 988 1000 1000 10 10
0.166667 0.158853 0.012606 200 177 1000 1076 1000 1000 10 10
0.166667 0.158853 0.012606 200 213 1000 932 1000 1000 10 10
0.166667 0.210010 0.011862 200 214 1000 940 1000 1000 10 10
0.166667 0.185275 0.013494 200 198 1000 1006 1000 1000 10 10
0.166667 0.186112 0.007772 200 208 1000 972 1000 1000 10 10
0.166667 0.180499 0.010772 200 219 1000 1040 1000 1000 10 10
0.166667 0.178029 0.010313 200 195 1000 1029 1000 1000 10 10
0.166667 0.178029 0.010313 200 188 1000 952 1000 1000 10 10
0.166667 0.171471 0.011366 200 185 1000 1037 1000 1000 10 10
0.166667 0.179365 0.010084 200 201 1000 997 1000 1000 10 10
0.166667 0.179365 0.010084 200 189 1000 1017 1000 1000 10 10
0.166667 0.179365 0.010084 200 194 1000 1006 1000 1000 10 10
0.166667 0.179142 0.020254 200 193 1000 1001 1000 1000 10 10
0.166667 0.193013 0.010007 200 209 1000 988 1000 1000 10 10
0.166667 0.193013 0.010007 200 197 1000 994 1000 1000 10 10
0.166667 0.179628 0.012148 200 198 1000 1037 1000 1000 10 10
0.166667 0.180899 0.011324 200 213 1000 1007 1000 1000 10 10
0.166667 0.163257 0.011153 200 184 1000 1031 1000 1000 10 10
0.166667 0.163257 0.011153 200 190 1000 1007 1000 1000 10 10
0.166667 0.202546 0.006963 200 195 1000 977 1000 1000 10 10
0.166667 0.202546 0.006963 200 179 1000 987 1000 1000 10 10
0.166667 0.202546 0.006963 200 204 1000 985 1000 1000 10 10
0.166667 0.182685 0.011942 200 221 1000 1100 1000 1000 10 10
0.166667 0.186704 0.011490 200 230 1000 1024 1000 1000 10 10
0.166667 0.186704 0.011490 200 219 1000 1062 1000 1000 10 10
0.166667 0.186704 0.011490 200 210 1000 991 1000 1000 10 10
0.166667 0.172650 0.009839 200 196 1000 1009 1000 1000 10 10
0.166667 0.190542 0.013442 200 209 1000 980 1000 1000 10 10
0.166667 0.186329 0.010783 200 213 1000 1007 1000 1000 10 10
0.166667 0.186329 0.010783 200 200 1000 966 1000 1000 10 10
0.166667 0.175244 0.010044 200 183 1000 1001 1000 1000 10 10
0.166667 0.175244 0.010044 200 198 1000 1011 1000 1000 10 10
0.166667 0.196289 0.015056 200 221 1000 1027 1000 1000 10 10
0.166667 0.175205 0.009590 200 201 1000 1012 1000 1000 10 10
0.166667 0.175205 0.009590 200 185 1000 1013 1000 1000 10 10
0.166667 0.195528 0.012170 200 226 1000 1038 1000 1000 10 10
0.166667 0.195528 0.012170 200 217 1000 1011 1000 1000 10 10
0.166667 0.188096 0.010301 200 198 1000 1028 1000 1000 10 10
0.166667 0.188096 0.010301 200 199 1000 986 1000 1000 10 10
0.166667 0.188096 0.010301 200 197 1000 1029 1000 1000 10 10
0.166667 0.183858 0.006230 200 218 1000 1058 1000 1000 10 10
0.166667 0.183858 0.006230 200 212 1000 958 1000 1000 10 10
0.166667 0.183858 0.006230 200 193 1000 968 1000 1000 10 10
0.166667 0.183858 0.006230 200 196 1000 1019 1000 1000 10 10
0.166667 0.194730 0.013399 200 212 1000 999 1000 1000 10 10
0.166667 0.197595 0.011612 200 211 1000 989 1000 1000 10 10
0.166667 0.174758 0.012800 200 200 1000 1034 1000 1000 10 10
0.166667 0.183007 0.014905 200 202 1000 1004 1000 1000 10 10
0.166667 0.195913 0.004865 200 208 1000 938 1000 1000 10 10
0.166667 0.186822 0.013350 200 202 1000 998 1000 1000 10 10
0.166667 0.175082 0.012035 200 189 1000 1023 1000 1000 10 10
0.166667 0.175082 0.012035 200 185 1000 1006 1000 1000 10 10
0.166667 0.175082 0.012035 200 181 1000 1010 1000 1000 10 10
0.166667 0.175082 0.012035 200 213 1000 1001 1000 1000 10 10
0.166667 0.175082 0.012035 200 216 1000 985 1000 1000 10 10
0.166667 0.188429 0.010806 200 189 1000 972 1000 1000 10 10
0.166667 0.191789 0.008488 200 194 1000 923 1000 1000 10 10
0.166667 0.176729 0.008581 200 182 1000 958 1000 1000 10 10
0.166667 0.193665 0.012516 200 222 1000 991 1000 1000 10 10
0.166667 0.174707 0.011905 200 202 1000 994 1000 1000 10 10
0.166667 0.160727 0.010476 200 179 1000 993 1000 1000 10 10
0.166667 0.183261 0.010095 200 187 1000 1008 1000 1000 10 10
0.166667 0.183261 0.010095 200 215 1000 1045 1000 1000 10 10
0.166667 0.179226 0.002688 200 196 1000 1014 1000 1000 10 10
0.166667 0.202586 0.007843 200 215 1000 993 1000 1000 10 10
0.166667 0.205723 0.008316 200 219 1000 1017 1000 1000 10 10
0.166667 0.205723 0.008316 200 224 1000 994 1000 1000 10 10
0.166667 0.194782 0.010571 200 215 1000 971 1000 1000 10 10
0.166667 0.177127 0.011538 200 190 1000 1005 1000 1000 10 10
0.166667 0.177127 0.011538 200 202 1000 1027 1000 1000 10 10
0.166667 0.200446 0.011708 200 217 1000 999 1000 1000 10 10
0.166667 0.189110 0.012584 200 205 1000 985 1000 1000 10 10
0.166667 0.189110 0.012584 200 211 1000 1020 1000 1000 10 10
0.166667 0.160407 0.008388 200 179 1000 1032 1000 1000 10 10
0.166667 0.205810 0.007513 200 209 1000 950 1000 1000 10 10
0.166667 0.220023 0.010840 200 228 1000 964 1000 1000 10 10
0.166667 0.187524 0.010406 200 200 1000 1001 1000 1000 10 10
0.166667 0.187524 0.010406 200 229 1000 1053 1000 1000 10 10
0.166667 0.196631 0.012114 200 209 1000 966 1000 1000 10 10
0.166667 0.190213 0.012442 200 194 1000 1000 1000 1000 10 10
0.166667 0.177739 0.011293 200 198 1000 1007 1000 1000 10 10
0.166667 0.183860 0.008896 200 201 1000 999 1000 1000 10 10
0.166667 0.191421 0.005269 200 208 1000 1009 1000 1000 10 10
0.166667 0.191421 0.005269 200 212 1000 989 1000 1000 10 10
0.166667 0.191421 0.005269 200 218 1000 1087 1000 1000 10 10
0.166667 0.191421 0.005269 200 207 1000 1007 1000 1000 10 10
0.166667 0.191875 0.011783 200 212 1000 1029 1000 1000 10 10
0.166667 0.187215 0.011008 200 207 1000 1003 1000 1000 10 10
0.166667 0.204933 0.009945 200 222 1000 1009 1000 1000 10 10
0.166667 0.204933 0.009945 200 210 1000 998 1000 1000 10 10
0.166667 0.171696 0.009592 200 191 1000 1062 1000 1000 10 10
0.166667 0.174729 0.009698 200 184 1000 987 1000 1000 10 10
0.166667 0.180510 0.011876 200 190 1000 976 1000 1000 10 10
0.166667 0.180510 0.011876 200 194 1000 1006 1000 1000 10 10
0.166667 0.177204 0.012301 200 200 1000 983 1000 1000 10 10
0.166667 0.190520 0.003693 200 223 1000 1024 1000 1000 10 10
0.166667 0.170678 0.011324 200 195 1000 1026 1000 1000 10 10
0.166667 0.176308 0.010907 200 185 1000 1011 1000 1000 10 10
0.166667 0.174203 0.012185 200 188 1000 1031 1000 1000 10 10
0.166667 0.184130 0.011132 200 197 1000 1010 1000 1000 10 10
0.166667 0.190862 0.011399 200 206 1000 967 1000 1000 10 10
0.166667 0.190862 0.011399 200 219 1000 993 1000 1000 10 10
0.166667 0.170586 0.009473 200 185 1000 994 1000 1000 10 10
0.166667 0.155378 0.012318 200 172 1000 1082 1000 1000 10 10
0.166667 0.194354 0.007777 200 216 1000 994 1000 1000 10 10
0.166667 0.193827 0.010527 200 209 1000 1013 1000 1000 10 10
0.166667 0.175569 0.012115 200 199 1000 987 1000 1000 10 10
0.166667 0.183516 0.009917 200 207 1000 992 1000 1000 10 10
0.166667 0.195310 0.016497 200 219 1000 986 1000 1000 10 10
0.166667 0.171576 0.010069 200 195 1000 1021 1000 1000 10 10
0.166667 0.196516 0.014164 200 204 1000 922 1000 1000 10 10
0.166667 0.166374 0.011884 200 181 1000 1020 1000 1000 10 10
0.166667 0.155167 0.011298 200 177 1000 1034 1000 1000 10 10
0.166667 0.175815 0.009957 200 223 1000 1055 1000 1000 10 10
0.166667 0.204011 0.010106 200 226 1000 1057 1000 1000 10 10
0.166667 0.182054 0.849020 200 196 1000 1005 1000 1000 10 10
0.166667 0.182054 0.849020 200 195 1000 1035 1000 1000 10 10
0.166667 0.182054 0.849020 200 215 1000 973 1000 1000 10 10
0.166667 0.182054 0.849020 200 173 1000 980 1000 1000 10 10
0.166667 0.164324 0.009728 200 186 1000 1043 1000 1000 10 10
0.166667 0.189277 0.011490 200 192 1000 964 1000 1000 10 10
0.166667 0.189277 0.011490 200 188 1000 976 1000 1000 10 10
0.166667 0.189277 0.011490 200 194 1000 989 1000 1000 10 10
0.166667 0.181006 0.009932 200 189 1000 1004 1000 1000 10 10
0.166667 0.179303 0.008010 200 209 1000 1042 1000 1000 10 10
0.166667 0.175920 0.011667 200 209 1000 1047 1000 1000 10 10
0.166667 0.171757 0.012295 200 190 1000 1036 1000 1000 10 10
0.166667 0.171757 0.012295 200 211 1000 1019 1000 1000 10 10
0.166667 0.196737 0.013350 200 218 1000 963 1000 1000 10 10
0.166667 0.166907 0.012667 200 172 1000 968 1000 1000 10 10
0.166667 0.166907 0.012667 200 190 1000 1021 1000 1000 10 10
0.166667 0.189417 0.010760 200 213 1000 1025 1000 1000 10 10
0.166667 0.177430 0.011749 200 193 1000 1022 1000 1000 10 10
0.166667 0.183263 0.002531 200 187 1000 935 1000 1000 10 10
0.166667 0.174900 0.009381 200 201 1000 1079 1000 1000 10 10
0.166667 0.174900 0.009381 200 215 1000 1009 1000 1000 10 10
0.166667 0.215352 0.010549 200 211 1000 915 1000 1000 10 10
0.166667 0.215352 0.010549 200 196 1000 956 1000 1000 10 10
0.166667 0.180403 0.015689 200 187 1000 994 1000 1000 10 10
0.166667 0.183653 0.011541 200 197 1000 1010 1000 1000 10 10
0.166667 0.158659 0.009947 200 176 1000 985 1000 1000 10 10
0.166667 0.191580 0.011543 200 210 1000 1010 1000 1000 10 10
0.166667 0.182483 0.013526 200 192 1000 1000 1000 1000 10 10
0.166667 0.195753 0.012206 200 208 1000 978 1000 1000 10 10
0.166667 0.195753 0.012206 200 195 1000 981 1000 1000 10 10
0.166667 0.182187 0.010523 200 197 1000 959 1000 1000 10 10
0.166667 0.175548 0.010923 200 195 1000 1026 1000 1000 10 10
0.166667 0.161059 0.013906 200 181 1000 1058 1000 1000 10 10
0.166667 0.177471 0.010329 200 193 1000 1006 1000 1000 10 10
0.166667 0.184207 0.015329 200 194 1000 999 1000 1000 10 10
0.166667 0.178879 0.009697 200 198 1000 1015 1000 1000 10 10
0.166667 0.203340 0.011030 200 220 1000 974 1000 1000 10 10
0.166667 0.203340 0.011030 200 195 1000 1045 1000 1000 10 10
0.166667 0.193287 0.011166 200 207 1000 994 1000 1000 10 10
0.166667 0.193287 0.011166 200 197 1000 993 1000 1000 10 10
0.166667 0.193287 0.011166 200 201 1000 1017 1000 1000 10 10
0.166667 0.178934 0.011611 200 192 1000 1000 1000 1000 10 10
0.166667 0.174033 0.007797 200 196 1000 1002 1000 1000 10 10
0.166667 0.178908 0.009666 200 212 1000 1034 1000 1000 10 10
0.166667 0.194047 0.014156 200 200 1000 922 1000 1000 10 10
0.166667 0.179699 0.006735 200 189 1000 977 1000 1000 10 10
0.166667 0.178698 0.013829 200 186 1000 956 1000 1000 10 10
0.166667 0.184216 0.016930 200 209 1000 972 1000 1000 10 10
0.166667 0.184216 0.016930 200 176 1000 949 1000 1000 10 10
0.166667 0.184216 0.016930 200 206 1000 994 1000 1000 10 10
0.166667 0.189521 0.014647 200 212 1000 1011 1000 1000 10 10
0.166667 0.189521 0.014647 200 202 1000 990 1000 1000 10 10
0.166667 0.174990 0.007941 200 197 1000 1022 1000 1000 10 10
0.166667 0.174990 0.007941 200 184 1000 992 1000 1000 10 10
0.166667 0.188576 0.010996 200 211 1000 1022 1000 1000 10 10
0.166667 0.188576 0.010996 200 195 1000 982 1000 1000 10 10
0.166667 0.188576 0.010996 200 225 1000 990 1000 1000 10 10
0.166667 0.194684 0.012021 200 200 1000 920 1000 1000 10 10
0.166667 0.194684 0.012021 200 197 1000 983 1000 1000 10 10
0.166667 0.184207 0.010168 200 197 1000 995 1000 1000 10 10
0.166667 0.184207 0.010168 200 189 1000 969 1000 1000 10 10
0.166667 0.178937 0.011560 200 194 1000 1036 1000 1000 10 10
0.166667 0.176251 0.007905 200 193 1000 988 1000 1000 10 10
0.166667 0.176251 0.007905 200 215 1000 1022 1000 1000 10 10
0.166667 0.195304 0.011744 200 200 1000 1015 1000 1000 10 10
0.166667 0.195304 0.011744 200 201 1000 1045 1000 1000 10 10
0.166667 0.193352 0.009790 200 208 1000 993 1000 1000 10 10
0.166667 0.193352 0.009790 200 202 1000 1058 1000 1000 10 10
0.166667 0.188334 0.012340 200 209 1000 1018 1000 1000 10 10
0.166667 0.214728 0.013228 200 233 1000 956 1000 1000 10 10
0.166667 0.176345 0.008567 200 186 1000 950 1000 1000 10 10
0.166667 0.154647 0.012395 200 174 1000 990 1000 1000 10 10
0.166667 0.170403 0.012376 200 218 1000 1098 1000 1000 10 10
0.166667 0.142041 0.007776 200 164 1000 1076 1000 1000 10 10
0.166667 0.140903 0.006148 200 176 1000 1023 1000 1000 10 10
0.166667 0.159298 0.008388 200 187 1000 1002 1000 1000 10 10
0.166667 0.159298 0.008388 200 191 1000 1032 1000 1000 10 10
0.166667 0.197180 0.012199 200 226 1000 998 1000 1000 10 10
0.166667 0.183830 0.015240 200 193 1000 975 1000 1000 10 10
0.166667 0.183830 0.015240 200 203 1000 977 1000 1000 10 10
0.166667 0.190516 0.010651 200 206 1000 986 1000 1000 10 10
0.166667 0.174399 0.016050 200 194 1000 981 1000 1000 10 10
0.166667 0.204449 0.005947 200 234 1000 1019 1000 1000 10 10
0.166667 0.204449 0.005947 200 189 1000 967 1000 1000 10 10
0.166667 0.174666 0.003683 200 198 1000 1032 1000 1000 10 10
0.166667 0.191358 0.003251 200 195 1000 1005 1000 1000 10 10
0.166667 0.179387 0.012830 200 185 1000 1013 1000 1000 10 10
0.166667 0.179387 0.012830 200 186 1000 1022 1000 1000 10 10
0.166667 0.188226 0.012527 200 205 1000 1039 1000 1000 10 10
0.166667 0.195764 0.012475 200 216 1000 1062 1000 1000 10 10
0.166667 0.167902 0.011528 200 189 1000 1054 1000 1000 10 10
0.166667 0.165340 0.012032 200 181 1000 1024 1000 1000 10 10
0.166667 0.165340 0.012032 200 187 1000 1010 1000 1000 10 10
0.166667 0.170186 0.010982 200 194 1000 1024 1000 1000 10 10
0.166667 0.170186 0.010982 200 195 1000 1010 1000 1000 10 10
0.166667 0.172648 0.004886 200 187 1000 984 1000 1000 10 10
0.166667 0.172648 0.004886 200 245 1000 975 1000 1000 10 10
0.166667 0.187421 0.013497 200 195 1000 979 1000 1000 10 10
0.166667 0.187852 0.014803 200 190 1000 950 1000 1000 10 10
0.166667 0.189053 0.013114 200 206 1000 1020 1000 1000 10 10
0.166667 0.189053 0.013114 200 211 1000 1017 1000 1000 10 10
0.166667 0.175934 0.012232 200 194 1000 1039 1000 1000 10 10
0.166667 0.178955 0.011790 200 194 1000 952 1000 1000 10 10
0.166667 0.187498 0.012686 200 201 1000 1006 1000 1000 10 10
0.166667 0.187498 0.012686 200 216 1000 998 1000 1000 10 10
0.166667 0.191973 0.013438 200 235 1000 1058 1000 1000 10 10
0.166667 0.191973 0.013438 200 211 1000 1016 1000 1000 10 10
0.166667 0.191973 0.013438 200 191 1000 1003 1000 1000 10 10
0.166667 0.191973 0.013438 200 192 1000 1023 1000 1000 10 10
0.166667 0.178738 0.010424 200 198 1000 1026 1000 1000 10 10
0.166667 0.184020 0.011161 200 193 1000 1028 1000 1000 10 10
0.166667 0.199003 0.009053 200 217 1000 991 1000 1000 10 10
0.166667 0.203605 0.007956 200 217 1000 988 1000 1000 10 10
0.166667 0.194206 0.009668 200 205 1000 1003 1000 1000 10 10
0.166667 0.190842 0.010360 200 204 1000 1027 1000 1000 10 10
0.166667 0.190842 0.010360 200 201 1000 957 1000 1000 10 10
0.166667 0.190057 0.002918 200 194 1000 988 1000 1000 10 10
0.166667 0.190057 0.002918 200 230 1000 1027 1000 1000 10 10
0.166667 0.190057 0.002918 200 198 1000 1019 1000 1000 10 10
0.166667 0.172751 0.008497 200 190 1000 986 1000 1000 10 10
0.166667 0.188627 0.013415 200 208 1000 986 1000 1000 10 10
0.166667 0.190179 0.013356 200 204 1000 970 1000 1000 10 10
0.166667 0.200468 0.009973 200 217 1000 1058 1000 1000 10 10
0.166667 0.191592 0.005841 200 212 1000 1007 1000 1000 10 10
0.166667 0.191459 0.012755 200 200 1000 978 1000 1000 10 10
0.166667 0.177991 0.010511 200 190 1000 1013 1000 1000 10 10
0.166667 0.169043 0.009500 200 174 1000 974 1000 1000 10 10
0.166667 0.210413 0.013993 200 233 1000 968 1000 1000 10 10
0.166667 0.175459 0.010688 200 202 1000 1043 1000 1000 10 10
0.166667 0.175459 0.010688 200 192 1000 1003 1000 1000 10 10
0.166667 0.175459 0.010688 200 209 1000 997 1000 1000 10 10
0.166667 0.174941 0.011746 200 197 1000 1043 1000 1000 10 10
0.166667 0.193617 0.014390 200 212 1000 1017 1000 1000 10 10
0.166667 0.179113 0.010384 200 197 1000 997 1000 1000 10 10
0.166667 0.143545 0.010695 200 182 1000 1035 1000 1000 10 10
0.166667 0.194515 0.008114 200 206 1000 984 1000 1000 10 10
0.166667 0.182158 0.007589 200 202 1000 1009 1000 1000 10 10
0.166667 0.165034 0.010693 200 188 1000 1033 1000 1000 10 10
0.166667 0.178833 0.007346 200 202 1000 1025 1000 1000 10 10
0.166667 0.178833 0.007346 200 185 1000 1028 1000 1000 10 10
0.166667 0.178833 0.007346 200 195 1000 1014 1000 1000 10 10
0.166667 0.188373 0.009881 200 210 1000 1033 1000 1000 10 10
0.166667 0.203501 0.010070 200 221 1000 995 1000 1000 10 10
0.166667 0.181149 0.006861 200 196 1000 987 1000 1000 10 10
0.166667 0.206268 0.012215 200 223 1000 1006 1000 1000 10 10
0.166667 0.195852 0.011663 200 217 1000 990 1000 1000 10 10
0.166667 0.170365 0.012480 200 192 1000 1002 1000 1000 10 10
0.166667 0.191900 0.005932 200 206 1000 940 1000 1000 10 10
0.166667 0.202864 0.010438 200 183 1000 971 1000 1000 10 10
0.166667 0.166660 0.010152 200 181 1000 1018 1000 1000 10 10
0.166667 0.166660 0.010152 200 229 1000 1011 1000 1000 10 10
0.166667 0.191727 0.013971 200 199 1000 984 1000 1000 10 10
0.166667 0.197547 0.012369 200 213 1000 1007 1000 1000 10 10
0.166667 0.189818 0.010000 200 214 1000 1006 1000 1000 10 10
0.166667 0.189818 0.010000 200 189 1000 996 1000 1000 10 10
0.166667 0.164488 0.009523 200 186 1000 1007 1000 1000 10 10
0.166667 0.164488 0.009523 200 204 1000 1021 1000 1000 10 10
0.166667 0.197999 0.010663 200 196 1000 950 1000 1000 10 10
0.166667 0.198823 0.012349 200 227 1000 1010 1000 1000 10 10
0.166667 0.180883 0.009978 200 202 1000 1027 1000 1000 10 10
0.166667 0.163320 0.010816 200 194 1000 1058 1000 1000 10 10
0.166667 0.163320 0.010816 200 184 1000 978 1000 1000 10 10
0.166667 0.163320 0.010816 200 199 1000 1057 1000 1000 10 10
0.166667 0.170054 0.011371 200 186 1000 969 1000 1000 10 10
0.166667 0.170054 0.011371 200 224 1000 1026 1000 1000 10 10
0.166667 0.170054 0.011371 200 195 1000 1012 1000 1000 10 10
0.166667 0.179907 0.012530 200 198 1000 1038 1000 1000 10 10
0.166667 0.190057 0.011435 200 194 1000 1001 1000 1000 10 10
0.166667 0.190057 0.011435 200 205 1000 948 1000 1000 10 10
0.166667 0.180705 0.011006 200 198 1000 994 1000 1000 10 10
0.166667 0.176755 0.010198 200 191 1000 976 1000 1000 10 10
0.166667 0.175864 0.011817 200 190 1000 986 1000 1000 10 10
0.166667 0.200000 0.001129 200 210 1000 999 1000 1000 10 10
0.166667 0.200227 0.011673 200 222 1000 992 1000 1000 10 10
0.166667 0.181399 0.003754 200 194 1000 1030 1000 1000 10 10
0.166667 0.192169 0.010543 200 200 1000 1003 1000 1000 10 10
0.166667 0.182317 0.008355 200 217 1000 1044 1000 1000 10 10
0.166667 0.182317 0.008355 200 216 1000 1008 1000 1000 10 10
0.166667 0.182317 0.008355 200 187 1000 1041 1000 1000 10 10
0.166667 0.205122 0.011267 200 222 1000 981 1000 1000 10 10
0.166667 0.205122 0.011267 200 202 1000 1023 1000 1000 10 10
0.166667 0.198085 0.012263 200 211 1000 967 1000 1000 10 10
0.166667 0.200000 0.001130 200 216 1000 997 1000 1000 10 10
0.166667 0.172991 0.011992 200 191 1000 967 1000 1000 10 10
0.166667 0.172991 0.011992 200 216 1000 1017 1000 1000 10 10
0.166667 0.176553 0.006788 200 192 1000 1008 1000 1000 10 10
0.166667 0.196486 0.011148 200 211 1000 970 1000 1000 10 10
0.166667 0.178914 0.010260 200 198 1000 970 1000 1000 10 10
0.166667 0.198464 0.009412 200 222 1000 1012 1000 1000 10 10
0.166667 0.182887 0.007957 200 200 1000 1003 1000 1000 10 10
0.166667 0.191886 0.010230 200 205 1000 1005 1000 1000 10 10
0.166667 0.196878 0.013721 200 205 1000 1018 1000 1000 10 10
0.166667 0.181145 0.014018 200 205 1000 986 1000 1000 10 10
0.166667 0.193691 0.010915 200 195 1000 1013 1000 1000 10 10
0.166667 0.191021 0.013071 200 212 1000 991 1000 1000 10 10
0.166667 0.191021 0.013071 200 190 1000 984 1000 1000 10 10
0.166667 0.173807 0.006604 200 184 1000 978 1000 1000 10 10
0.166667 0.212531 0.017306 200 228 1000 905 1000 1000 10 10
0.166667 0.197195 0.011982 200 221 1000 1027 1000 1000 10 10
0.166667 0.197195 0.011982 200 190 1000 1043 1000 1000 10 10
0.166667 0.198709 0.002937 200 200 1000 931 1000 1000 10 10
0.166667 0.193919 0.013170 200 214 1000 999 1000 1000 10 10
0.166667 0.193919 0.013170 200 200 1000 1017 1000 1000 10 10
0.166667 0.209488 0.015717 200 218 1000 968 1000 1000 10 10
0.166667 0.193514 0.011811 200 212 1000 989 1000 1000 10 10
0.166667 0.203276 0.012812 200 224 1000 1000 1000 1000 10 10
0.166667 0.203276 0.012812 200 206 1000 967 1000 1000 10 10
0.166667 0.203261 0.010497 200 226 1000 1002 1000 1000 10 10
0.166667 0.203261 0.010497 200 224 1000 969 1000 1000 10 10
0.166667 0.209138 0.014574 200 222 1000 977 1000 1000 10 10
0.166667 0.164669 0.011102 200 167 1000 982 1000 1000 10 10
0.166667 0.199855 0.009548 200 211 1000 958 1000 1000 10 10
0.166667 0.185226 0.011104 200 217 1000 1025 1000 1000 10 10
0.166667 0.185998 0.010189 200 201 1000 1010 1000 1000 10 10
0.166667 0.188317 0.012591 200 207 1000 1020 1000 1000 10 10
0.166667 0.198138 0.005737 200 213 1000 996 1000 1000 10 10
0.166667 0.198138 0.005737 200 205 1000 1005 1000 1000 10 10
0.166667 0.202797 0.013300 200 230 1000 1012 1000 1000 10 10
0.166667 0.173225 0.011472 200 191 1000 985 1000 1000 10 10
0.166667 0.173225 0.011472 200 232 1000 975 1000 1000 10 10
0.166667 0.189416 0.009386 200 213 1000 1012 1000 1000 10 10
0.166667 0.189416 0.009386 200 185 1000 1064 1000 1000 10 10
0.166667 0.191390 0.012930 200 182 1000 930 1000 1000 10 10
0.166667 0.200821 0.010410 200 230 1000 1029 1000 1000 10 10
0.166667 0.171734 0.012733 200 191 1000 965 1000 1000 10 10
0.166667 0.171734 0.012733 200 190 1000 978 1000 1000 10 10
0.166667 0.185567 0.014620 200 203 1000 1001 1000 1000 10 10
0.166667 0.200813 0.006874 200 214 1000 997 1000 1000 10 10
0.166667 0.175742 0.014274 200 194 1000 1027 1000 1000 10 10
0.166667 0.175164 0.009969 200 204 1000 991 1000 1000 10 10
0.166667 0.185064 0.012879 200 211 1000 1017 1000 1000 10 10
0.166667 0.173448 0.011417 200 187 1000 979 1000 1000 10 10
0.166667 0.176128 0.012177 200 189 1000 962 1000 1000 10 10
0.166667 0.191748 0.011103 200 200 1000 1012 1000 1000 10 10
0.166667 0.191748 0.011103 200 216 1000 974 1000 1000 10 10
0.166667 0.188322 0.014064 200 212 1000 985 1000 1000 10 10
0.166667 0.193724 0.012122 200 209 1000 962 1000 1000 10 10
0.166667 0.160004 0.009977 200 173 1000 999 1000 1000 10 10
0.166667 0.160004 0.009977 200 204 1000 1040 1000 1000 10 10
0.166667 0.160004 0.009977 200 222 1000 1032 1000 1000 10 10
0.166667 0.189735 0.011768 200 204 1000 994 1000 1000 10 10
0.166667 0.183677 0.007947 200 195 1000 972 1000 1000 10 10
0.166667 0.187857 0.012737 200 190 1000 938 1000 1000 10 10
0.166667 0.192417 0.012179 200 183 1000 907 1000 1000 10 10
0.166667 0.187502 0.010887 200 192 1000 996 1000 1000 10 10
0.166667 0.187502 0.010887 200 212 1000 1014 1000 1000 10 10
0.166667 0.195202 0.009743 200 207 1000 967 1000 1000 10 10
0.166667 0.171181 0.010310 200 180 1000 1007 1000 1000 10 10
0.166667 0.172393 0.012327 200 193 1000 1029 1000 1000 10 10
0.166667 0.177986 0.013102 200 198 1000 1019 1000 1000 10 10
0.166667 0.186297 0.011129 200 196 1000 1015 1000 1000 10 10
0.166667 0.177433 0.012341 200 213 1000 1067 1000 1000 10 10
0.166667 0.173682 0.014898 200 190 1000 1008 1000 1000 10 10
0.166667 0.181613 0.013036 200 213 1000 1053 1000 1000 10 10
0.166667 0.181613 0.013036 200 219 1000 962 1000 1000 10 10
0.166667 0.184306 0.009162 200 198 1000 1011 1000 1000 10 10
0.166667 0.190628 0.012641 200 214 1000 1031 1000 1000 10 10
0.166667 0.190628 0.012641 200 209 1000 1030 1000 1000 10 10
0.166667 0.177867 0.012117 200 194 1000 992 1000 1000 10 10
0.166667 0.177867 0.012117 200 196 1000 995 1000 1000 10 10
0.166667 0.193315 0.008895 200 209 1000 980 1000 1000 10 10
0.166667 0.191702 0.011547 200 205 1000 1007 1000 1000 10 10
0.166667 0.193606 0.011259 200 214 1000 984 1000 1000 10 10
0.166667 0.179334 0.008857 200 200 1000 996 1000 1000 10 10
0.166667 0.179334 0.008857 200 209 1000 993 1000 1000 10 10
0.166667 0.179334 0.008857 200 212 1000 975 1000 1000 10 10
0.166667 0.179334 0.008857 200 186 1000 1009 1000 1000 10 10
0.166667 0.179334 0.008857 200 217 1000 1011 1000 1000 10 10
0.166667 0.185956 0.012092 200 200 1000 1007 1000 1000 10 10
0.166667 0.192145 0.013742 200 204 1000 974 1000 1000 10 10
0.166667 0.182552 0.010695 200 199 1000 1056 1000 1000 10 10
0.166667 0.176555 0.011994 200 206 1000 1010 1000 1000 10 10
0.166667 0.175611 0.012448 200 175 1000 977 1000 1000 10 10
0.166667 0.183451 0.011885 200 201 1000 1033 1000 1000 10 10
0.166667 0.202344 0.011545 200 208 1000 977 1000 1000 10 10
0.166667 0.181938 0.016002 200 205 1000 961 1000 1000 10 10
0.166667 0.184820 0.009186 200 185 1000 980 1000 1000 10 10
0.166667 0.151305 0.010996 200 165 1000 1003 1000 1000 10 10
0.166667 0.183913 0.010099 200 205 1000 1021 1000 1000 10 10
0.166667 0.194659 0.012157 200 207 1000 1004 1000 1000 10 10
0.166667 0.194659 0.012157 200 205 1000 1020 1000 1000 10 10
0.166667 0.194659 0.012157 200 206 1000 965 1000 1000 10 10
0.166667 0.194659 0.012157 200 187 1000 1014 1000 1000 10 10
0.166667 0.194659 0.012157 200 205 1000 1006 1000 1000 10 10
0.166667 0.194659 0.012157 200 189 1000 1010 1000 1000 10 10
0.166667 0.194659 0.012157 200 203 1000 991 1000 1000 10 10
0.166667 0.181049 0.010968 200 206 1000 984 1000 1000 10 10
0.166667 0.181049 0.010968 200 194 1000 1002 1000 1000 10 10
0.166667 0.192840 0.012457 200 206 1000 1036 1000 1000 10 10
0.166667 0.195810 0.011181 200 205 1000 981 1000 1000 10 10
0.166667 0.198630 0.012261 200 229 1000 1012 1000 1000 10 10
0.166667 0.173424 0.013111 200 185 1000 986 1000 1000 10 10
0.166667 0.173424 0.013111 200 197 1000 975 1000 1000 10 10
0.166667 0.173424 0.013111 200 183 1000 1051 1000 1000 10 10
0.166667 0.168675 0.012979 200 191 1000 1050 1000 1000 10 10
0.166667 0.172499 0.011796 200 178 1000 1014 1000 1000 10 10
0.166667 0.172499 0.011796 200 182 1000 966 1000 1000 10 10
0.166667 0.172499 0.011796 200 181 1000 1012 1000 1000 10 10
0.166667 0.190014 0.010170 200 198 1000 1008 1000 1000 10 10
0.166667 0.186835 0.012081 200 189 1000 968 1000 1000 10 10
0.166667 0.186835 0.012081 200 215 1000 1000 1000 1000 10 10
0.166667 0.198566 0.008429 200 210 1000 997 1000 1000 10 10
0.166667 0.174484 0.013231 200 189 1000 1012 1000 1000 10 10
0.166667 0.174484 0.013231 200 201 1000 984 1000 1000 10 10
0.166667 0.162976 0.008881 200 190 1000 1036 1000 1000 10 10
0.166667 0.173904 0.010397 200 196 1000 1044 1000 1000 10 10
0.166667 0.166942 0.012061 200 188 1000 1031 1000 1000 10 10
0.166667 0.201155 0.011716 200 226 1000 1038 1000 1000 10 10
0.166667 0.192897 0.012612 200 214 1000 988 1000 1000 10 10
0.166667 0.178088 0.011904 200 199 1000 983 1000 1000 10 10
0.166667 0.193762 0.006088 200 199 1000 971 1000 1000 10 10
0.166667 0.192610 0.010257 200 214 1000 976 1000 1000 10 10
0.166667 0.192610 0.010257 200 198 1000 980 1000 1000 10 10
0.166667 0.185513 0.007167 200 201 1000 1003 1000 1000 10 10
0.166667 0.185513 0.007167 200 189 1000 998 1000 1000 10 10
0.166667 0.166793 0.010824 200 193 1000 1064 1000 1000 10 10
0.166667 0.194434 0.009636 200 199 1000 964 1000 1000 10 10
0.166667 0.194434 0.009636 200 179 1000 1000 1000 1000 10 10
0.166667 0.194434 0.009636 200 176 1000 996 1000 1000 10 10
0.166667 0.195637 0.011426 200 213 1000 975 1000 1000 10 10
0.166667 0.191832 0.005950 200 203 1000 1016 1000 1000 10 10
0.166667 0.182828 0.009655 200 184 1000 996 1000 1000 10 10
0.166667 0.182828 0.009655 200 187 1000 957 1000 1000 10 10
0.166667 0.175451 0.010579 200 196 1000 1015 1000 1000 10 10
0.166667 0.185731 0.012824 200 202 1000 1024 1000 1000 10 10
0.166667 0.185731 0.012824 200 193 1000 1016 1000 1000 10 10
0.166667 0.177027 0.014638 200 198 1000 1015 1000 1000 10 10
0.166667 0.157930 0.014286 200 182 1000 1009 1000 1000 10 10
0.166667 0.157930 0.014286 200 194 1000 1000 1000 1000 10 10
0.166667 0.177175 0.010332 200 184 1000 946 1000 1000 10 10
0.166667 0.177485 0.010012 200 200 1000 1010 1000 1000 10 10
0.166667 0.177485 0.010012 200 177 1000 922 1000 1000 10 10
0.166667 0.195133 0.013950 200 208 1000 990 1000 1000 10 10
0.166667 0.182587 0.011268 200 208 1000 1065 1000 1000 10 10
0.166667 0.182587 0.011268 200 189 1000 1061 1000 1000 10 10
0.166667 0.196671 0.009039 200 206 1000 981 1000 1000 10 10
0.166667 0.175410 0.009765 200 189 1000 986 1000 1000 10 10
0.166667 0.188671 0.015520 200 195 1000 991 1000 1000 10 10
0.166667 0.187085 0.012744 200 195 1000 1002 1000 1000 10 10
0.166667 0.160981 0.012975 200 182 1000 987 1000 1000 10 10
0.166667 0.160981 0.012975 200 202 1000 1002 1000 1000 10 10
0.166667 0.156921 0.008717 200 168 1000 989 1000 1000 10 10
0.166667 0.198191 0.015696 200 234 1000 1004 1000 1000 10 10
0.166667 0.156375 0.011572 200 178 1000 984 1000 1000 10 10
0.166667 0.133357 0.011938 200 160 1000 1005 1000 1000 10 10
0.166667 0.183540 0.013581 200 212 1000 1014 1000 1000 10 10
0.166667 0.171107 0.013362 200 195 1000 1036 1000 1000 10 10
0.166667 0.176634 0.014398 200 189 1000 1000 1000 1000 10 10
0.166667 0.195322 0.002282 200 216 1000 992 1000 1000 10 10
0.166667 0.195322 0.002282 200 238 1000 974 1000 1000 10 10
0.166667 0.195322 0.002282 200 208 1000 1031 1000 1000 10 10
0.166667 0.180201 0.011634 200 200 1000 964 1000 1000 10 10
0.166667 0.167595 0.003824 200 175 1000 1001 1000 1000 10 10
0.166667 0.183979 0.013865 200 187 1000 992 1000 1000 10 10
0.166667 0.203458 0.014629 200 229 1000 1037 1000 1000 10 10
0.166667 0.187473 0.009909 200 197 1000 1012 1000 1000 10 10
0.166667 0.214223 0.011732 200 209 1000 938 1000 1000 10 10
0.166667 0.177661 0.008003 200 187 1000 1004 1000 1000 10 10
0.166667 0.191882 0.011968 200 197 1000 958 1000 1000 10 10
0.166667 0.181935 0.008822 200 206 1000 1000 1000 1000 10 10
0.166667 0.178492 0.011487 200 202 1000 994 1000 1000 10 10
0.166667 0.187857 0.012651 200 192 1000 986 1000 1000 10 10
0.166667 0.187857 0.012651 200 208 1000 1036 1000 1000 10 10
0.166667 0.200000 0.012934 200 208 1000 958 1000 1000 10 10
0.166667 0.177764 0.011452 200 199 1000 1034 1000 1000 10 10
0.166667 0.206726 0.012972 200 214 1000 1004 1000 1000 10 10
0.166667 0.172610 0.012919 200 189 1000 969 1000 1000 10 10
0.166667 0.172610 0.012919 200 213 1000 991 1000 1000 10 10
0.166667 0.181154 0.011182 200 191 1000 1044 1000 1000 10 10
0.166667 0.181154 0.011182 200 206 1000 975 1000 1000 10 10
0.166667 0.199367 0.016835 200 218 1000 980 1000 1000 10 10
0.166667 0.194127 0.009788 200 218 1000 1049 1000 1000 10 10
0.166667 0.194127 0.009788 200 219 1000 940 1000 1000 10 10
0.166667 0.183356 0.009835 200 195 1000 983 1000 1000 10 10
0.166667 0.183356 0.009835 200 193 1000 1021 1000 1000 10 10
0.166667 0.183356 0.009835 200 166 1000 979 1000 1000 10 10
0.166667 0.183356 0.009835 200 222 1000 985 1000 1000 10 10
0.166667 0.205518 0.011385 200 210 1000 964 1000 1000 10 10
0.166667 0.205518 0.011385 200 202 1000 985 1000 1000 10 10
0.166667 0.205518 0.011385 200 183 1000 954 1000 1000 10 10
0.166667 0.173213 0.010898 200 182 1000 1052 1000 1000 10 10
0.166667 0.189212 0.012408 200 206 1000 1022 1000 1000 10 10
0.166667 0.189212 0.012408 200 221 1000 1056 1000 1000 10 10
0.166667 0.188499 0.843081 200 203 1000 1017 1000 1000 10 10
0.166667 0.188499 0.843081 200 193 1000 1065 1000 1000 10 10
0.166667 0.197588 0.010798 200 224 1000 1002 1000 1000 10 10
0.166667 0.169011 0.009832 200 190 1000 1053 1000 1000 10 10
0.166667 0.193534 0.016204 200 219 1000 1016 1000 1000 10 10
0.166667 0.178710 0.009765 200 190 1000 1003 1000 1000 10 10
0.166667 0.178710 0.009765 200 189 1000 1031 1000 1000 10 10
0.166667 0.191538 0.008649 200 218 1000 1012 1000 1000 10 10
0.166667 0.205608 0.011777 200 223 1000 998 1000 1000 10 10
0.166667 0.209018 0.016705 200 207 1000 955 1000 1000 10 10
0.166667 0.193251 0.007159 200 210 1000 999 1000 1000 10 10
0.166667 0.193118 0.010627 200 206 1000 1063 1000 1000 10 10
0.166667 0.162811 0.012243 200 173 1000 990 1000 1000 10 10
0.166667 0.162811 0.012243 200 206 1000 1020 1000 1000 10 10
0.166667 0.184919 0.009683 200 214 1000 1053 1000 1000 10 10
0.166667 0.185433 0.012845 200 198 1000 1021 1000 1000 10 10
0.166667 0.187629 0.012423 200 207 1000 1001 1000 1000 10 10
0.166667 0.187629 0.012423 200 225 1000 978 1000 1000 10 10
0.166667 0.187629 0.012423 200 207 1000 998 1000 1000 10 10
0.166667 0.187629 0.012423 200 184 1000 963 1000 1000 10 10
0.166667 0.187629 0.012423 200 187 1000 1003 1000 1000 10 10
0.166667 0.196895 0.011467 200 211 1000 994 1000 1000 10 10
0.166667 0.188650 0.011013 200 209 1000 979 1000 1000 10 10
0.166667 0.166751 0.003285 200 187 1000 1032 1000 1000 10 10
0.166667 0.173435 0.011829 200 190 1000 1010 1000 1000 10 10
0.166667 0.202386 0.013043 200 222 1000 995 1000 1000 10 10
0.166667 0.202386 0.013043 200 177 1000 1018 1000 1000 10 10
0.166667 0.161497 0.004549 200 193 1000 998 1000 1000 10 10
0.166667 0.158699 0.010428 200 167 1000 999 1000 1000 10 10
0.166667 0.169738 0.011726 200 183 1000 987 1000 1000 10 10
0.166667 0.208611 0.012067 200 245 1000 1030 1000 1000 10 10
0.166667 0.208611 0.012067 200 197 1000 974 1000 1000 10 10
0.166667 0.207362 0.010633 200 205 1000 950 1000 1000 10 10
0.166667 0.173786 0.011747 200 182 1000 975 1000 1000 10 10
0.166667 0.173920 0.011740 200 201 1000 983 1000 1000 10 10
0.166667 0.173920 0.011740 200 184 1000 982 1000 1000 10 10
0.166667 0.174234 0.010904 200 198 1000 1017 1000 1000 10 10
0.166667 0.202449 0.013073 200 225 1000 985 1000 1000 10 10
0.166667 0.202449 0.013073 200 198 1000 1019 1000 1000 10 10
0.166667 0.202449 0.013073 200 197 1000 1005 1000 1000 10 10
0.166667 0.182717 0.012751 200 198 1000 1011 1000 1000 10 10
0.166667 0.168155 0.010831 200 181 1000 980 1000 1000 10 10
0.166667 0.169930 0.010471 200 183 1000 984 1000 1000 10 10
0.166667 0.169930 0.010471 200 195 1000 993 1000 1000 10 10
0.166667 0.169930 0.010471 200 189 1000 982 1000 1000 10 10
0.166667 0.169930 0.010471 200 191 1000 1013 1000 1000 10 10
0.166667 0.197575 0.010000 200 213 1000 944 1000 1000 10 10
0.166667 0.174896 0.012940 200 203 1000 1035 1000 1000 10 10
0.166667 0.174896 0.012940 200 203 1000 1046 1000 1000 10 10
0.166667 0.170925 0.011795 200 181 1000 994 1000 1000 10 10
0.166667 0.175782 0.009460 200 185 1000 978 1000 1000 10 10
0.166667 0.206493 0.013197 200 221 1000 946 1000 1000 10 10
0.166667 0.180166 0.011298 200 209 1000 1031 1000 1000 10 10
0.166667 0.187176 0.006183 200 200 1000 997 1000 1000 10 10
0.166667 0.196303 0.009140 200 206 1000 948 1000 1000 10 10
0.166667 0.196303 0.009140 200 204 1000 1042 1000 1000 10 10
0.166667 0.171407 0.009591 200 181 1000 1011 1000 1000 10 10
0.166667 0.171407 0.009591 200 201 1000 1035 1000 1000 10 10
0.166667 0.191353 0.011376 200 197 1000 958 1000 1000 10 10
0.166667 0.191353 0.011376 200 185 1000 959 1000 1000 10 10
0.166667 0.185704 0.012417 200 208 1000 1025 1000 1000 10 10
0.166667 0.162761 0.012427 200 185 1000 995 1000 1000 10 10
0.166667 0.185460 0.009471 200 199 1000 1003 1000 1000 10 10
0.166667 0.172253 0.010873 200 193 1000 1004 1000 1000 10 10
0.166667 0.170661 0.013079 200 191 1000 1019 1000 1000 10 10
0.166667 0.170661 0.013079 200 185 1000 970 1000 1000 10 10
0.166667 0.170661 0.013079 200 204 1000 983 1000 1000 10 10
0.166667 0.185332 0.013753 200 193 1000 973 1000 1000 10 10
0.166667 0.214855 0.012380 200 225 1000 974 1000 1000 10 10
0.166667 0.188826 0.008623 200 204 1000 976 1000 1000 10 10
0.166667 0.188826 0.008623 200 205 1000 959 1000 1000 10 10
0.166667 0.188826 0.008623 200 172 1000 1011 1000 1000 10 10
0.166667 0.188826 0.008623 200 170 1000 940 1000 1000 10 10
0.166667 0.176620 0.012298 200 184 1000 978 1000 1000 10 10
0.166667 0.187131 0.009186 200 196 1000 1002 1000 1000 10 10
0.166667 0.180425 0.011021 200 192 1000 989 1000 1000 10 10
0.166667 0.180425 0.011021 200 210 1000 1038 1000 1000 10 10
0.166667 0.180425 0.011021 200 192 1000 1052 1000 1000 10 10
0.166667 0.170606 0.014079 200 185 1000 1023 1000 1000 10 10
0.166667 0.183569 0.012638 200 201 1000 983 1000 1000 10 10
0.166667 0.181199 0.011855 200 189 1000 975 1000 1000 10 10
0.166667 0.191251 0.013940 200 209 1000 970 1000 1000 10 10
0.166667 0.176564 0.012588 200 201 1000 1000 1000 1000 10 10
0.166667 0.176564 0.012588 200 212 1000 954 1000 1000 10 10
0.166667 0.176564 0.012588 200 189 1000 976 1000 1000 10 10
0.166667 0.176564 0.012588 200 200 1000 975 1000 1000 10 10
0.166667 0.176564 0.012588 200 195 1000 962 1000 1000 10 10
0.166667 0.179500 0.008246 200 194 1000 1017 1000 1000 10 10
0.166667 0.191265 0.011872 200 199 1000 1030 1000 1000 10 10
0.166667 0.174878 0.006603 200 202 1000 1009 1000 1000 10 10
0.166667 0.174878 0.006603 200 221 1000 1002 1000 1000 10 10
0.166667 0.174878 0.006603 200 192 1000 1015 1000 1000 10 10
0.166667 0.184138 0.009904 200 191 1000 1011 1000 1000 10 10
0.166667 0.184138 0.009904 200 204 1000 921 1000 1000 10 10
0.166667 0.185202 0.012031 200 211 1000 998 1000 1000 10 10
0.166667 0.185202 0.012031 200 207 1000 1020 1000 1000 10 10
0.166667 0.167412 0.010858 200 193 1000 985 1000 1000 10 10
0.166667 0.167412 0.010858 200 198 1000 968 1000 1000 10 10
0.166667 0.187190 0.009016 200 187 1000 1001 1000 1000 10 10
0.166667 0.187190 0.009016 200 196 1000 948 1000 1000 10 10
0.166667 0.187190 0.009016 200 207 1000 978 1000 1000 10 10
0.166667 0.185235 0.011794 200 190 1000 969 1000 1000 10 10
0.166667 0.185235 0.011794 200 205 1000 972 1000 1000 10 10
0.166667 0.185235 0.011794 200 207 1000 1065 1000 1000 10 10
0.166667 0.186375 0.013084 200 210 1000 988 1000 1000 10 10
0.166667 0.172678 0.010776 200 177 1000 1004 1000 1000 10 10
0.166667 0.172678 0.010776 200 193 1000 1000 1000 1000 10 10
0.166667 0.209534 0.012227 200 226 1000 1013 1000 1000 10 10
0.166667 0.198447 0.005284 200 218 1000 1008 1000 1000 10 10
0.166667 0.198447 0.005284 200 182 1000 988 1000 1000 10 10
0.166667 0.198447 0.005284 200 190 1000 1026 1000 1000 10 10
0.166667 0.181685 0.012608 200 201 1000 1029 1000 1000 10 10
0.166667 0.185361 0.011136 200 208 1000 976 1000 1000 10 10
0.166667 0.194593 0.010758 200 221 1000 998 1000 1000 10 10
0.166667 0.203696 0.012680 200 209 1000 960 1000 1000 10 10
0.166667 0.173042 0.013422 200 190 1000 1011 1000 1000 10 10
0.166667 0.163459 0.015900 200 181 1000 968 1000 1000 10 10
0.166667 0.186583 0.009684 200 208 1000 1057 1000 1000 10 10
0.166667 0.175579 0.012421 200 202 1000 1018 1000 1000 10 10
0.166667 0.175579 0.012421 200 200 1000 1059 1000 1000 10 10
0.166667 0.175579 0.012421 200 188 1000 1046 1000 1000 10 10
0.166667 0.175579 0.012421 200 195 1000 982 1000 1000 10 10
0.166667 0.193694 0.008138 200 220 1000 1045 1000 1000 10 10
0.166667 0.190697 0.014689 200 209 1000 1011 1000 1000 10 10
0.166667 0.179737 0.011045 200 196 1000 1021 1000 1000 10 10
0.166667 0.216113 0.012816 200 237 1000 1027 1000 1000 10 10
0.166667 0.205236 0.016462 200 215 1000 983 1000 1000 10 10
0.166667 0.179313 0.012409 200 196 1000 987 1000 1000 10 10
0.166667 0.179313 0.012409 200 206 1000 966 1000 1000 10 10
0.166667 0.200983 0.013922 200 226 1000 1040 1000 1000 10 10
0.166667 0.200983 0.013922 200 227 1000 1010 1000 1000 10 10
0.166667 0.187972 0.008855 200 191 1000 949 1000 1000 10 10
0.166667 0.187972 0.008855 200 204 1000 1020 1000 1000 10 10
0.166667 0.187972 0.008855 200 202 1000 1068 1000 1000 10 10
0.166667 0.210460 0.007885 200 221 1000 967 1000 1000 10 10
0.166667 0.181452 0.011507 200 194 1000 984 1000 1000 10 10
0.166667 0.204936 0.013426 200 221 1000 977 1000 1000 10 10
0.166667 0.180698 0.011158 200 202 1000 1008 1000 1000 10 10
0.166667 0.177018 0.010507 200 184 1000 971 1000 1000 10 10
0.166667 0.183608 0.011798 200 204 1000 993 1000 1000 10 10
0.166667 0.183608 0.011798 200 177 1000 1031 1000 1000 10 10
0.166667 0.183608 0.011798 200 191 1000 1011 1000 1000 10 10
0.166667 0.168209 0.009446 200 180 1000 962 1000 1000 10 10
0.166667 0.168209 0.009446 200 190 1000 1012 1000 1000 10 10
0.166667 0.210554 0.012115 200 223 1000 979 1000 1000 10 10
0.166667 0.181435 0.011239 200 199 1000 1011 1000 1000 10 10
0.166667 0.180430 0.012884 200 202 1000 988 1000 1000 10 10
0.166667 0.196333 0.012220 200 194 1000 921 1000 1000 10 10
0.166667 0.196333 0.012220 200 216 1000 1058 1000 1000 10 10
0.166667 0.187205 0.011252 200 201 1000 1026 1000 1000 10 10
0.166667 0.174290 0.010200 200 196 1000 1044 1000 1000 10 10
0.166667 0.190512 0.011021 200 208 1000 1014 1000 1000 10 10
0.166667 0.190512 0.011021 200 208 1000 1073 1000 1000 10 10
0.166667 0.190512 0.011021 200 176 1000 1028 1000 1000 10 10
0.166667 0.193085 0.012699 200 202 1000 958 1000 1000 10 10
0.166667 0.194928 0.011490 200 216 1000 1023 1000 1000 10 10
0.166667 0.200000 0.001419 200 202 1000 954 1000 1000 10 10
0.166667 0.200000 0.001419 200 190 1000 1013 1000 1000 10 10
0.166667 0.166107 0.010620 200 184 1000 981 1000 1000 10 10
0.166667 0.166107 0.010620 200 202 1000 994 1000 1000 10 10
0.166667 0.164950 0.014020 200 182 1000 1037 1000 1000 10 10
0.166667 0.179392 0.010950 200 209 1000 1032 1000 1000 10 10
0.166667 0.183159 0.012505 200 201 1000 1020 1000 1000 10 10
0.166667 0.183159 0.012505 200 210 1000 984 1000 1000 10 10
0.166667 0.191347 0.005745 200 226 1000 1017 1000 1000 10 10
0.166667 0.191347 0.005745 200 200 1000 1019 1000 1000 10 10
0.166667 0.191347 0.005745 200 209 1000 978 1000 1000 10 10
0.166667 0.192362 0.014186 200 210 1000 988 1000 1000 10 10
0.166667 0.163203 0.009724 200 179 1000 995 1000 1000 10 10
0.166667 0.163203 0.009724 200 214 1000 999 1000 1000 10 10
0.166667 0.192768 0.008907 200 207 1000 964 1000 1000 10 10
0.166667 0.206017 0.011565 200 228 1000 1030 1000 1000 10 10
0.166667 0.206017 0.011565 200 188 1000 1016 1000 1000 10 10
0.166667 0.212634 0.011646 200 230 1000 995 1000 1000 10 10
0.166667 0.178777 0.010242 200 209 1000 986 1000 1000 10 10
0.166667 0.171529 0.010772 200 198 1000 1048 1000 1000 10 10
0.166667 0.186942 0.012554 200 213 1000 1012 1000 1000 10 10
0.166667 0.172032 0.007300 200 170 1000 966 1000 1000 10 10
0.166667 0.189431 0.014838 200 185 1000 942 1000 1000 10 10
0.166667 0.168056 0.010161 200 192 1000 1065 1000 1000 10 10
0.166667 0.185066 0.010502 200 193 1000 1000 1000 1000 10 10
0.166667 0.182384 0.011144 200 192 1000 958 1000 1000 10 10
0.166667 0.174729 0.010343 200 187 1000 953 1000 1000 10 10
0.166667 0.200000 0.013090 200 210 1000 960 1000 1000 10 10
0.166667 0.187768 0.009671 200 200 1000 1002 1000 1000 10 10
0.166667 0.173720 0.012792 200 193 1000 933 1000 1000 10 10
0.166667 0.183792 0.010429 200 204 1000 978 1000 1000 10 10
0.166667 0.183209 0.010583 200 201 1000 993 1000 1000 10 10
0.166667 0.183209 0.010583 200 205 1000 1023 1000 1000 10 10
0.166667 0.194034 0.011366 200 230 1000 1059 1000 1000 10 10
0.166667 0.194034 0.011366 200 186 1000 1010 1000 1000 10 10
0.166667 0.154909 0.011450 200 162 1000 992 1000 1000 10 10
0.166667 0.154909 0.011450 200 199 1000 988 1000 1000 10 10
0.166667 0.162957 0.012215 200 173 1000 995 1000 1000 10 10
0.166667 0.173192 0.014121 200 189 1000 993 1000 1000 10 10
0.166667 0.187846 0.012819 200 206 1000 964 1000 1000 10 10
0.166667 0.188492 0.013335 200 200 1000 1030 1000 1000 10 10
0.166667 0.188191 0.011168 200 219 1000 1058 1000 1000 10 10
0.166667 0.188191 0.011168 200 183 1000 977 1000 1000 10 10
0.166667 0.178794 0.012022 200 191 1000 1023 1000 1000 10 10
0.166667 0.178794 0.012022 200 199 1000 996 1000 1000 10 10
0.166667 0.191933 0.007888 200 195 1000 991 1000 1000 10 10
0.166667 0.178406 0.010073 200 203 1000 1011 1000 1000 10 10
0.166667 0.178406 0.010073 200 202 1000 988 1000 1000 10 10
0.166667 0.176947 0.013415 200 191 1000 998 1000 1000 10 10
0.166667 0.185601 0.010240 200 203 1000 965 1000 1000 10 10
0.166667 0.200151 0.011895 200 207 1000 1000 1000 1000 10 10
0.166667 0.172645 0.010162 200 181 1000 1013 1000 1000 10 10
0.166667 0.194600 0.005087 200 199 1000 953 1000 1000 10 10
0.166667 0.152607 0.014207 200 169 1000 990 1000 1000 10 10
0.166667 0.192511 0.010667 200 206 1000 1009 1000 1000 10 10
0.166667 0.178852 0.009291 200 190 1000 968 1000 1000 10 10
0.166667 0.193674 0.012722 200 198 1000 990 1000 1000 10 10
0.166667 0.193674 0.012722 200 213 1000 981 1000 1000 10 10
0.166667 0.173595 0.013308 200 194 1000 989 1000 1000 10 10
0.166667 0.189173 0.012021 200 205 1000 970 1000 1000 10 10
0.166667 0.189295 0.009875 200 212 1000 997 1000 1000 10 10
0.166667 0.188441 0.006878 200 207 1000 1013 1000 1000 10 10
0.166667 0.174643 0.003509 200 205 1000 1006 1000 1000 10 10
0.166667 0.187101 0.014339 200 206 1000 1045 1000 1000 10 10
0.166667 0.187101 0.014339 200 192 1000 969 1000 1000 10 10
0.166667 0.182873 0.012219 200 208 1000 1006 1000 1000 10 10
0.166667 0.182873 0.012219 200 193 1000 1001 1000 1000 10 10
0.166667 0.182873 0.012219 200 171 1000 1035 1000 1000 10 10
0.166667 0.182095 0.014132 200 214 1000 1021 1000 1000 10 10
0.166667 0.148859 0.011919 200 166 1000 981 1000 1000 10 10
0.166667 0.202618 0.008148 200 205 1000 937 1000 1000 10 10
0.166667 0.202618 0.008148 200 181 1000 1006 1000 1000 10 10
0.166667 0.202618 0.008148 200 220 1000 973 1000 1000 10 10
0.166667 0.208708 0.011897 200 209 1000 939 1000 1000 10 10
0.166667 0.208708 0.011897 200 225 1000 1056 1000 1000 10 10
0.166667 0.215174 0.014703 200 221 1000 961 1000 1000 10 10
0.166667 0.215174 0.014703 200 191 1000 938 1000 1000 10 10
0.166667 0.215174 0.014703 200 180 1000 974 1000 1000 10 10
0.166667 0.192935 0.012934 200 212 1000 1037 1000 1000 10 10
0.166667 0.192935 0.012934 200 217 1000 1045 1000 1000 10 10
0.166667 0.192935 0.012934 200 213 1000 952 1000 1000 10 10
0.166667 0.187430 0.020414 200 205 1000 1004 1000 1000 10 10
0.166667 0.189792 0.006406 200 201 1000 1017 1000 1000 10 10
0.166667 0.192007 0.014762 200 214 1000 980 1000 1000 10 10
0.166667 0.160427 0.010107 200 170 1000 1019 1000 1000 10 10
0.166667 0.160427 0.010107 200 207 1000 1015 1000 1000 10 10
0.166667 0.179864 0.010270 200 192 1000 1039 1000 1000 10 10
0.166667 0.160135 0.010689 200 178 1000 1023 1000 1000 10 10
0.166667 0.172002 0.011467 200 185 1000 1003 1000 1000 10 10
0.166667 0.172002 0.011467 200 186 1000 981 1000 1000 10 10
0.166667 0.172002 0.011467 200 169 1000 1004 1000 1000 10 10
0.166667 0.187570 0.011680 200 197 1000 989 1000 1000 10 10
0.166667 0.187570 0.011680 200 197 1000 1024 1000 1000 10 10
0.166667 0.185247 0.011687 200 199 1000 987 1000 1000 10 10
0.166667 0.203027 0.012691 200 202 1000 963 1000 1000 10 10
0.166667 0.190012 0.009688 200 202 1000 979 1000 1000 10 10
0.166667 0.173592 0.009681 200 191 1000 1036 1000 1000 10 10
0.166667 0.182511 0.006445 200 199 1000 990 1000 1000 10 10
0.166667 0.186556 0.011084 200 204 1000 1005 1000 1000 10 10
0.166667 0.194326 0.008077 200 201 1000 946 1000 1000 10 10
0.166667 0.171239 0.011758 200 194 1000 990 1000 1000 10 10
0.166667 0.206302 0.015613 200 231 1000 998 1000 1000 10 10
0.166667 0.206302 0.015613 200 190 1000 983 1000 1000 10 10
0.166667 0.207640 0.011600 200 226 1000 1024 1000 1000 10 10
0.166667 0.207640 0.011600 200 191 1000 1033 1000 1000 10 10
0.166667 0.182288 0.012644 200 203 1000 1041 1000 1000 10 10
0.166667 0.180239 0.012855 200 180 1000 981 1000 1000 10 10
0.166667 0.180264 0.010857 200 191 1000 996 1000 1000 10 10
0.166667 0.180264 0.010857 200 183 1000 978 1000 1000 10 10
0.166667 0.180264 0.010857 200 197 1000 977 1000 1000 10 10
0.166667 0.198424 0.011285 200 209 1000 972 1000 1000 10 10
0.166667 0.200535 0.013125 200 211 1000 985 1000 1000 10 10
0.166667 0.190603 0.012311 200 209 1000 1020 1000 1000 10 10
0.166667 0.200000 0.006414 200 211 1000 988 1000 1000 10 10
0.166667 0.185793 0.013200 200 210 1000 1024 1000 1000 10 10
0.166667 0.195700 0.006174 200 229 1000 1018 1000 1000 10 10
0.166667 0.173180 0.011910 200 182 1000 1016 1000 1000 10 10
0.166667 0.173180 0.011910 200 193 1000 984 1000 1000 10 10
0.166667 0.189610 0.012395 200 201 1000 1027 1000 1000 10 10
0.166667 0.181674 0.006777 200 193 1000 1025 1000 1000 10 10
0.166667 0.189796 0.011687 200 197 1000 1021 1000 1000 10 10
0.166667 0.189025 0.012811 200 191 1000 985 1000 1000 10 10
0.166667 0.189025 0.012811 200 188 1000 996 1000 1000 10 10
0.166667 0.189025 0.012811 200 191 1000 954 1000 1000 10 10
0.166667 0.172652 0.010017 200 182 1000 1003 1000 1000 10 10
0.166667 0.211466 0.010941 200 221 1000 994 1000 1000 10 10
0.166667 0.211466 0.010941 200 197 1000 961 1000 1000 10 10
0.166667 0.173244 0.012077 200 171 1000 990 1000 1000 10 10
0.166667 0.181488 0.004076 200 205 1000 1046 1000 1000 10 10
0.166667 0.187827 0.013579 200 214 1000 1001 1000 1000 10 10
0.166667 0.192919 0.015743 200 202 1000 982 1000 1000 10 10
0.166667 0.183675 0.013611 200 194 1000 981 1000 1000 10 10
0.166667 0.196250 0.013496 200 213 1000 996 1000 1000 10 10
0.166667 0.192083 0.006495 200 215 1000 1028 1000 1000 10 10
0.166667 0.187572 0.014309 200 213 1000 1019 1000 1000 10 10
0.166667 0.183790 0.009651 200 210 1000 1036 1000 1000 10 10
0.166667 0.158364 0.009834 200 201 1000 1037 1000 1000 10 10
0.166667 0.194742 0.012785 200 220 1000 1030 1000 1000 10 10
0.166667 0.194742 0.012785 200 201 1000 954 1000 1000 10 10
0.166667 0.185975 0.011689 200 210 1000 997 1000 1000 10 10
0.166667 0.185975 0.011689 200 195 1000 984 1000 1000 10 10
0.166667 0.185975 0.011689 200 200 1000 1020 1000 1000 10 10
0.166667 0.164161 0.014576 200 192 1000 999 1000 1000 10 10
0.166667 0.164161 0.014576 200 191 1000 1011 1000 1000 10 10
0.166667 0.164161 0.014576 200 215 1000 1005 1000 1000 10 10
0.166667 0.164161 0.014576 200 210 1000 958 1000 1000 10 10
0.166667 0.192732 0.010622 200 218 1000 1033 1000 1000 10 10
0.166667 0.192732 0.010622 200 200 1000 998 1000 1000 10 10
0.166667 0.189525 0.011182 200 191 1000 991 1000 1000 10 10
0.166667 0.193115 0.010339 200 203 1000 977 1000 1000 10 10
0.166667 0.194647 0.010070 200 212 1000 1009 1000 1000 10 10
0.166667 0.194647 0.010070 200 172 1000 1024 1000 1000 10 10
0.166667 0.194647 0.010070 200 210 1000 962 1000 1000 10 10
0.166667 0.157396 0.010795 200 177 1000 1021 1000 1000 10 10
0.166667 0.203075 0.008086 200 230 1000 999 1000 1000 10 10
0.166667 0.203075 0.008086 200 221 1000 1007 1000 1000 10 10
0.166667 0.152726 0.010578 200 180 1000 1044 1000 1000 10 10
0.166667 0.199313 0.011446 200 214 1000 970 1000 1000 10 10
0.166667 0.199313 0.011446 200 182 1000 1037 1000 1000 10 10
0.166667 0.169995 0.012824 200 189 1000 1054 1000 1000 10 10
0.166667 0.202745 0.011906 200 209 1000 995 1000 1000 10 10
0.166667 0.193317 0.011812 200 220 1000 1021 1000 1000 10 10
0.166667 0.205768 0.010886 200 227 1000 991 1000 1000 10 10
0.166667 0.205745 0.013194 200 205 1000 956 1000 1000 10 10
0.166667 0.160207 0.007294 200 174 1000 1012 1000 1000 10 10
0.166667 0.168434 0.011440 200 186 1000 985 1000 1000 10 10
0.166667 0.196371 0.011274 200 198 1000 967 1000 1000 10 10
0.166667 0.190816 0.010850 200 207 1000 977 1000 1000 10 10
0.166667 0.194364 0.012691 200 199 1000 981 1000 1000 10 10
0.166667 0.209418 0.006286 200 228 1000 957 1000 1000 10 10
0.166667 0.175553 0.013418 200 194 1000 930 1000 1000 10 10
0.166667 0.200000 0.010863 200 219 1000 962 1000 1000 10 10
0.166667 0.200000 0.010863 200 208 1000 1021 1000 1000 10 10
0.166667 0.200000 0.010863 200 221 1000 1006 1000 1000 10 10
0.166667 0.203699 0.011618 200 202 1000 938 1000 1000 10 10
