0.166667 0.182447 0.015952 200 201 1000 1046 2 10000 10000 0 3
0.166667 0.155126 0.015576 200 183 1000 1009 2 10000 10000 0 3
0.166667 0.179242 0.016507 200 212 1000 971 2 10000 10000 0 3
0.166667 0.205462 0.016479 200 228 1000 977 2 10000 10000 0 3
0.166667 0.188642 0.016133 200 194 1000 990 2 10000 10000 0 3
0.166667 0.168575 0.015475 200 209 1000 1015 2 10000 10000 0 3
0.166667 0.171519 0.016317 200 179 1000 987 2 10000 10000 0 3
0.166667 0.162554 0.015456 200 191 1000 1014 2 10000 10000 0 3
0.166667 0.184423 0.016008 200 207 1000 981 2 10000 10000 0 3
0.166667 0.158713 0.015665 200 187 1000 1016 2 10000 10000 0 3
0.166667 0.183412 0.016294 200 222 1000 958 2 10000 10000 0 3
0.166667 0.157814 0.015701 200 192 1000 957 2 10000 10000 0 3
0.166667 0.180838 0.015888 200 206 1000 1033 2 10000 10000 0 3
0.166667 0.168795 0.015532 200 197 1000 994 2 10000 10000 0 3
0.166667 0.164377 0.015443 200 199 1000 988 2 10000 10000 0 3
0.166667 0.179592 0.016654 200 181 1000 955 2 10000 10000 0 3
0.166667 0.167372 0.016322 200 185 1000 939 2 10000 10000 0 3
0.166667 0.189630 0.016398 200 213 1000 978 2 10000 10000 0 3
0.166667 0.197481 0.016139 200 198 1000 1017 2 10000 10000 0 3
0.166667 0.145644 0.015341 200 163 1000 1032 2 10000 10000 0 3
0.166667 0.175968 0.016296 200 186 1000 979 2 10000 10000 0 3
0.166667 0.196536 0.016652 200 213 1000 977 2 10000 10000 0 3
0.166667 0.170701 0.015458 200 204 1000 1032 2 10000 10000 0 3
0.166667 0.170176 0.015811 200 169 1000 1018 2 10000 10000 0 3
0.166667 0.200183 0.016582 200 190 1000 973 2 10000 10000 0 3
0.166667 0.171996 0.016466 200 173 1000 969 2 10000 10000 0 3
0.166667 0.176717 0.015861 200 213 1000 1027 2 10000 10000 0 3
0.166667 0.207110 0.015936 200 214 1000 1021 2 10000 10000 0 3
0.166667 0.205963 0.016626 200 211 1000 1012 2 10000 10000 0 3
0.166667 0.163886 0.016116 200 205 1000 965 2 10000 10000 0 3
0.166667 0.203123 0.016115 200 215 1000 1028 2 10000 10000 0 3
0.166667 0.210427 0.016412 200 216 1000 973 2 10000 10000 0 3
0.166667 0.184625 0.016281 200 218 1000 1019 2 10000 10000 0 3
0.166667 0.158289 0.015301 200 165 1000 1016 2 10000 10000 0 3
0.166667 0.209558 0.016147 200 221 1000 1021 2 10000 10000 0 3
0.166667 0.178090 0.015999 200 184 1000 1003 2 10000 10000 0 3
0.166667 0.143572 0.015434 200 184 1000 1035 2 10000 10000 0 3
0.166667 0.167117 0.016242 200 189 1000 966 2 10000 10000 0 3
0.166667 0.187211 0.016211 200 200 1000 997 2 10000 10000 0 3
0.166667 0.171015 0.016324 200 201 1000 970 2 10000 10000 0 3
0.166667 0.160240 0.015517 200 215 1000 995 2 10000 10000 0 3
0.166667 0.181243 0.015790 200 220 1000 998 2 10000 10000 0 3
0.166667 0.161962 0.015806 200 182 1000 993 2 10000 10000 0 3
0.166667 0.165291 0.015513 200 195 1000 1033 2 10000 10000 0 3
0.166667 0.163651 0.015463 200 202 1000 1048 2 10000 10000 0 3
0.166667 0.180492 0.015978 200 196 1000 976 2 10000 10000 0 3
0.166667 0.206879 0.016478 200 202 1000 1003 2 10000 10000 0 3
0.166667 0.180782 0.016109 200 203 1000 1001 2 10000 10000 0 3
0.166667 0.179090 0.016559 200 206 1000 989 2 10000 10000 0 3
0.166667 0.177818 0.015790 200 201 1000 1039 2 10000 10000 0 3
0.166667 0.187053 0.016046 200 203 1000 998 2 10000 10000 0 3
0.166667 0.169666 0.015774 200 214 1000 1042 2 10000 10000 0 3
0.166667 0.214798 0.016339 200 225 1000 1022 2 10000 10000 0 3
0.166667 0.209264 0.016559 200 210 1000 987 2 10000 10000 0 3
0.166667 0.188329 0.015993 200 227 1000 995 2 10000 10000 0 3
0.166667 0.171167 0.016004 200 196 1000 1033 2 10000 10000 0 3
0.166667 0.134359 0.015605 200 178 1000 974 2 10000 10000 0 3
0.166667 0.175882 0.015657 200 194 1000 1024 2 10000 10000 0 3
0.166667 0.160026 0.015686 200 186 1000 999 2 10000 10000 0 3
0.166667 0.153541 0.015433 200 186 1000 1013 2 10000 10000 0 3
0.166667 0.195969 0.016705 200 221 1000 913 2 10000 10000 0 3
0.166667 0.153855 0.015436 200 189 1000 1004 2 10000 10000 0 3
0.166667 0.176512 0.015760 200 204 1000 1005 2 10000 10000 0 3
0.166667 0.159202 0.016050 200 170 1000 998 2 10000 10000 0 3
0.166667 0.206792 0.016981 200 215 1000 973 2 10000 10000 0 3
0.166667 0.205853 0.015899 200 217 1000 1016 2 10000 10000 0 3
0.166667 0.174495 0.016005 200 226 1000 996 2 10000 10000 0 3
0.166667 0.158877 0.015100 200 206 1000 1070 2 10000 10000 0 3
0.166667 0.170983 0.016635 200 196 1000 940 2 10000 10000 0 3
0.166667 0.167729 0.015667 200 206 1000 1015 2 10000 10000 0 3
0.166667 0.176392 0.016282 200 204 1000 987 2 10000 10000 0 3
0.166667 0.194281 0.016518 200 223 1000 999 2 10000 10000 0 3
0.166667 0.193808 0.016818 200 213 1000 949 2 10000 10000 0 3
0.166667 0.187767 0.016617 200 205 1000 959 2 10000 10000 0 3
0.166667 0.180912 0.015765 200 217 1000 1080 2 10000 10000 0 3
0.166667 0.172017 0.016078 200 193 1000 979 2 10000 10000 0 3
0.166667 0.209291 0.016333 200 228 1000 968 2 10000 10000 0 3
0.166667 0.165445 0.015541 200 192 1000 1007 2 10000 10000 0 3
0.166667 0.142361 0.015319 200 163 1000 988 2 10000 10000 0 3
0.166667 0.165925 0.015711 200 193 1000 1015 2 10000 10000 0 3
0.166667 0.180991 0.015499 200 205 1000 1009 2 10000 10000 0 3
0.166667 0.141963 0.015497 200 173 1000 986 2 10000 10000 0 3
0.166667 0.213984 0.016117 200 218 1000 1023 2 10000 10000 0 3
0.166667 0.177347 0.015476 200 218 1000 1041 2 10000 10000 0 3
0.166667 0.186663 0.016155 200 210 1000 971 2 10000 10000 0 3
0.166667 0.177231 0.016350 200 216 1000 1016 2 10000 10000 0 3
0.166667 0.186309 0.016164 200 223 1000 1005 2 10000 10000 0 3
0.166667 0.198558 0.016588 200 226 1000 984 2 10000 10000 0 3
0.166667 0.164409 0.015675 200 193 1000 1053 2 10000 10000 0 3
0.166667 0.181561 0.016079 200 206 1000 981 2 10000 10000 0 3
0.166667 0.188087 0.016094 200 191 1000 981 2 10000 10000 0 3
0.166667 0.179288 0.016233 200 225 1000 1026 2 10000 10000 0 3
0.166667 0.186212 0.015602 200 219 1000 1037 2 10000 10000 0 3
0.166667 0.155208 0.015496 200 196 1000 1021 2 10000 10000 0 3
0.166667 0.181806 0.015854 200 195 1000 1018 2 10000 10000 0 3
0.166667 0.160141 0.015722 200 171 1000 992 2 10000 10000 0 3
0.166667 0.157834 0.015513 200 204 1000 1028 2 10000 10000 0 3
0.166667 0.151923 0.015721 200 175 1000 994 2 10000 10000 0 3
0.166667 0.183751 0.016201 200 200 1000 974 2 10000 10000 0 3
0.166667 0.184276 0.015664 200 211 1000 1004 2 10000 10000 0 3
0.166667 0.159347 0.016100 200 170 1000 957 2 10000 10000 0 3
0.166667 0.179834 0.015964 200 185 1000 1011 2 10000 10000 0 3
0.166667 0.177073 0.016234 200 203 1000 1002 2 10000 10000 0 3
0.166667 0.152816 0.015321 200 190 1000 1028 2 10000 10000 0 3
0.166667 0.140908 0.015511 200 199 1000 1005 2 10000 10000 0 3
0.166667 0.164693 0.015665 200 204 1000 1008 2 10000 10000 0 3
0.166667 0.172009 0.016682 200 191 1000 955 2 10000 10000 0 3
0.166667 0.169613 0.015903 200 190 1000 984 2 10000 10000 0 3
0.166667 0.178508 0.015694 200 216 1000 1011 2 10000 10000 0 3
0.166667 0.135630 0.015020 200 192 1000 1042 2 10000 10000 0 3
0.166667 0.168535 0.016185 200 202 1000 980 2 10000 10000 0 3
0.166667 0.193911 0.016133 200 214 1000 979 2 10000 10000 0 3
0.166667 0.158308 0.014939 200 204 1000 1064 2 10000 10000 0 3
0.166667 0.162675 0.015903 200 185 1000 998 2 10000 10000 0 3
0.166667 0.184728 0.016171 200 234 1000 959 2 10000 10000 0 3
0.166667 0.177247 0.015356 200 217 1000 1035 2 10000 10000 0 3
0.166667 0.160194 0.015520 200 205 1000 1029 2 10000 10000 0 3
0.166667 0.190913 0.015972 200 214 1000 1034 2 10000 10000 0 3
0.166667 0.175133 0.016353 200 188 1000 976 2 10000 10000 0 3
0.166667 0.161970 0.015542 200 153 1000 1035 2 10000 10000 0 3
0.166667 0.171497 0.016054 200 233 1000 989 2 10000 10000 0 3
0.166667 0.176613 0.015759 200 208 1000 1026 2 10000 10000 0 3
0.166667 0.200664 0.016346 200 225 1000 988 2 10000 10000 0 3
0.166667 0.170297 0.016515 200 193 1000 956 2 10000 10000 0 3
0.166667 0.191518 0.016853 200 215 1000 973 2 10000 10000 0 3
0.166667 0.168127 0.015835 200 188 1000 1028 2 10000 10000 0 3
0.166667 0.178465 0.016596 200 206 1000 963 2 10000 10000 0 3
0.166667 0.155630 0.015825 200 180 1000 1006 2 10000 10000 0 3
0.166667 0.167634 0.015922 200 194 1000 1011 2 10000 10000 0 3
0.166667 0.190259 0.015892 200 212 1000 1045 2 10000 10000 0 3
0.166667 0.164658 0.015649 200 196 1000 1060 2 10000 10000 0 3
0.166667 0.170635 0.015302 200 195 1000 1068 2 10000 10000 0 3
0.166667 0.180140 0.016350 200 203 1000 963 2 10000 10000 0 3
0.166667 0.167607 0.016521 200 195 1000 1005 2 10000 10000 0 3
0.166667 0.178467 0.015561 200 199 1000 1026 2 10000 10000 0 3
0.166667 0.190784 0.016571 200 204 1000 992 2 10000 10000 0 3
0.166667 0.146547 0.015225 200 191 1000 1023 2 10000 10000 0 3
0.166667 0.175905 0.016575 200 196 1000 997 2 10000 10000 0 3
0.166667 0.171556 0.015810 200 212 1000 1002 2 10000 10000 0 3
0.166667 0.143977 0.014995 200 176 1000 1099 2 10000 10000 0 3
0.166667 0.172375 0.015825 200 207 1000 1034 2 10000 10000 0 3
0.166667 0.152772 0.015600 200 190 1000 1033 2 10000 10000 0 3
0.166667 0.182376 0.016242 200 219 1000 972 2 10000 10000 0 3
0.166667 0.177442 0.015787 200 191 1000 988 2 10000 10000 0 3
0.166667 0.187082 0.016224 200 200 1000 990 2 10000 10000 0 3
0.166667 0.168648 0.016377 200 210 1000 976 2 10000 10000 0 3
0.166667 0.161014 0.016415 200 175 1000 914 2 10000 10000 0 3
0.166667 0.176356 0.015909 200 218 1000 1049 2 10000 10000 0 3
0.166667 0.171684 0.015713 200 202 1000 1027 2 10000 10000 0 3
0.166667 0.157868 0.015728 200 185 1000 1022 2 10000 10000 0 3
0.166667 0.166610 0.015681 200 184 1000 1047 2 10000 10000 0 3
0.166667 0.172315 0.016076 200 189 1000 985 2 10000 10000 0 3
0.166667 0.184821 0.016159 200 206 1000 975 2 10000 10000 0 3
0.166667 0.168641 0.016080 200 213 1000 1009 2 10000 10000 0 3
0.166667 0.160106 0.015723 200 178 1000 982 2 10000 10000 0 3
0.166667 0.167573 0.015430 200 193 1000 1021 2 10000 10000 0 3
0.166667 0.160728 0.015744 200 193 1000 1017 2 10000 10000 0 3
0.166667 0.202223 0.017373 200 200 1000 916 2 10000 10000 0 3
0.166667 0.164358 0.015725 200 201 1000 1000 2 10000 10000 0 3
0.166667 0.170296 0.016118 200 187 1000 1006 2 10000 10000 0 3
0.166667 0.167085 0.015682 200 190 1000 1022 2 10000 10000 0 3
0.166667 0.160505 0.015625 200 181 1000 988 2 10000 10000 0 3
0.166667 0.203422 0.016333 200 209 1000 1013 2 10000 10000 0 3
0.166667 0.162928 0.015557 200 192 1000 1038 2 10000 10000 0 3
0.166667 0.194344 0.016836 200 190 1000 944 2 10000 10000 0 3
0.166667 0.171651 0.015742 200 188 1000 1032 2 10000 10000 0 3
0.166667 0.198991 0.015726 200 222 1000 1065 2 10000 10000 0 3
0.166667 0.172374 0.015749 200 196 1000 1018 2 10000 10000 0 3
0.166667 0.155518 0.015450 200 199 1000 1027 2 10000 10000 0 3
0.166667 0.196480 0.015788 200 210 1000 1024 2 10000 10000 0 3
0.166667 0.177959 0.016266 200 198 1000 982 2 10000 10000 0 3
0.166667 0.190380 0.016042 200 198 1000 993 2 10000 10000 0 3
0.166667 0.191346 0.015890 200 203 1000 1053 2 10000 10000 0 3
0.166667 0.205389 0.016387 200 236 1000 987 2 10000 10000 0 3
0.166667 0.181393 0.015870 200 203 1000 1037 2 10000 10000 0 3
0.166667 0.182894 0.016009 200 219 1000 989 2 10000 10000 0 3
0.166667 0.154922 0.015484 200 198 1000 1040 2 10000 10000 0 3
0.166667 0.188572 0.015939 200 222 1000 1037 2 10000 10000 0 3
0.166667 0.191747 0.016073 200 186 1000 993 2 10000 10000 0 3
0.166667 0.170505 0.016613 200 177 1000 947 2 10000 10000 0 3
0.166667 0.203313 0.016171 200 208 1000 989 2 10000 10000 0 3
0.166667 0.178756 0.016461 200 204 1000 939 2 10000 10000 0 3
0.166667 0.200379 0.015905 200 210 1000 1039 2 10000 10000 0 3
0.166667 0.167143 0.016132 200 185 1000 985 2 10000 10000 0 3
0.166667 0.206888 0.016524 200 215 1000 983 2 10000 10000 0 3
0.166667 0.160247 0.015587 200 209 1000 1031 2 10000 10000 0 3
0.166667 0.197982 0.016882 200 205 1000 938 2 10000 10000 0 3
0.166667 0.194274 0.016477 200 229 1000 1002 2 10000 10000 0 3
0.166667 0.188735 0.016673 200 212 1000 963 2 10000 10000 0 3
0.166667 0.170193 0.015976 200 187 1000 1018 2 10000 10000 0 3
0.166667 0.172870 0.016106 200 222 1000 1003 2 10000 10000 0 3
0.166667 0.175782 0.016476 200 180 1000 972 2 10000 10000 0 3
0.166667 0.182778 0.016420 200 214 1000 1016 2 10000 10000 0 3
0.166667 0.157599 0.015513 200 208 1000 1023 2 10000 10000 0 3
0.166667 0.161477 0.015181 200 196 1000 1062 2 10000 10000 0 3
0.166667 0.162541 0.015795 200 192 1000 1001 2 10000 10000 0 3
0.166667 0.161435 0.015839 200 191 1000 1002 2 10000 10000 0 3
0.166667 0.185077 0.016014 200 197 1000 990 2 10000 10000 0 3
0.166667 0.145338 0.015650 200 182 1000 982 2 10000 10000 0 3
0.166667 0.146335 0.015582 200 186 1000 982 2 10000 10000 0 3
0.166667 0.196453 0.016127 200 192 1000 1015 2 10000 10000 0 3
0.166667 0.176124 0.016339 200 199 1000 962 2 10000 10000 0 3
0.166667 0.184379 0.015989 200 191 1000 995 2 10000 10000 0 3
0.166667 0.141589 0.015262 200 188 1000 1021 2 10000 10000 0 3
0.166667 0.203359 0.016827 200 215 1000 977 2 10000 10000 0 3
0.166667 0.178577 0.015642 200 199 1000 1032 2 10000 10000 0 3
0.166667 0.194785 0.016619 200 194 1000 994 2 10000 10000 0 3
0.166667 0.161106 0.016018 200 185 1000 1026 2 10000 10000 0 3
0.166667 0.157511 0.015588 200 195 1000 1001 2 10000 10000 0 3
0.166667 0.151422 0.015654 200 170 1000 954 2 10000 10000 0 3
0.166667 0.183085 0.016216 200 194 1000 1009 2 10000 10000 0 3
0.166667 0.198779 0.016145 200 224 1000 983 2 10000 10000 0 3
0.166667 0.195631 0.016539 200 185 1000 972 2 10000 10000 0 3
0.166667 0.168046 0.016186 200 203 1000 959 2 10000 10000 0 3
0.166667 0.171027 0.015831 200 198 1000 1037 2 10000 10000 0 3
0.166667 0.194919 0.016175 200 217 1000 1002 2 10000 10000 0 3
0.166667 0.207588 0.016692 200 214 1000 993 2 10000 10000 0 3
0.166667 0.186197 0.016551 200 196 1000 1025 2 10000 10000 0 3
0.166667 0.185126 0.016568 200 196 1000 960 2 10000 10000 0 3
0.166667 0.186839 0.016111 200 192 1000 976 2 10000 10000 0 3
0.166667 0.163903 0.015655 200 205 1000 991 2 10000 10000 0 3
0.166667 0.190419 0.016319 200 180 1000 977 2 10000 10000 0 3
0.166667 0.162733 0.015414 200 201 1000 1030 2 10000 10000 0 3
0.166667 0.204914 0.016146 200 233 1000 1060 2 10000 10000 0 3
0.166667 0.164226 0.015517 200 206 1000 1027 2 10000 10000 0 3
0.166667 0.184349 0.016025 200 207 1000 986 2 10000 10000 0 3
0.166667 0.171048 0.015775 200 210 1000 1014 2 10000 10000 0 3
0.166667 0.170934 0.015717 200 201 1000 1008 2 10000 10000 0 3
0.166667 0.169991 0.016271 200 181 1000 1033 2 10000 10000 0 3
0.166667 0.158161 0.016247 200 200 1000 966 2 10000 10000 0 3
0.166667 0.143106 0.015248 200 188 1000 1032 2 10000 10000 0 3
0.166667 0.155431 0.015328 200 207 1000 1034 2 10000 10000 0 3
0.166667 0.174157 0.015959 200 188 1000 981 2 10000 10000 0 3
0.166667 0.168462 0.015763 200 179 1000 998 2 10000 10000 0 3
0.166667 0.155876 0.015566 200 196 1000 1024 2 10000 10000 0 3
0.166667 0.177309 0.015996 200 209 1000 972 2 10000 10000 0 3
0.166667 0.170187 0.016444 200 192 1000 915 2 10000 10000 0 3
0.166667 0.172296 0.015528 200 188 1000 1050 2 10000 10000 0 3
0.166667 0.165276 0.015440 200 202 1000 1034 2 10000 10000 0 3
0.166667 0.195503 0.016331 200 229 1000 963 2 10000 10000 0 3
0.166667 0.141653 0.015444 200 168 1000 1018 2 10000 10000 0 3
0.166667 0.197853 0.016580 200 192 1000 978 2 10000 10000 0 3
0.166667 0.171591 0.015633 200 221 1000 1038 2 10000 10000 0 3
0.166667 0.169778 0.016190 200 191 1000 989 2 10000 10000 0 3
0.166667 0.153685 0.015761 200 188 1000 954 2 10000 10000 0 3
0.166667 0.162711 0.015824 200 192 1000 1042 2 10000 10000 0 3
0.166667 0.167586 0.016065 200 194 1000 972 2 10000 10000 0 3
0.166667 0.171694 0.015806 200 219 1000 1026 2 10000 10000 0 3
0.166667 0.153630 0.015237 200 191 1000 1027 2 10000 10000 0 3
0.166667 0.178082 0.016143 200 210 1000 982 2 10000 10000 0 3
0.166667 0.191440 0.016707 200 207 1000 950 2 10000 10000 0 3
0.166667 0.182338 0.016528 200 188 1000 951 2 10000 10000 0 3
0.166667 0.172676 0.015882 200 212 1000 1037 2 10000 10000 0 3
0.166667 0.185551 0.016654 200 199 1000 988 2 10000 10000 0 3
0.166667 0.164159 0.016128 200 198 1000 996 2 10000 10000 0 3
0.166667 0.210678 0.016701 200 220 1000 971 2 10000 10000 0 3
0.166667 0.189306 0.016352 200 197 1000 998 2 10000 10000 0 3
0.166667 0.182662 0.016197 200 212 1000 964 2 10000 10000 0 3
0.166667 0.174965 0.015824 200 219 1000 1004 2 10000 10000 0 3
0.166667 0.181735 0.016432 200 198 1000 986 2 10000 10000 0 3
0.166667 0.148250 0.015075 200 196 1000 1037 2 10000 10000 0 3
0.166667 0.219291 0.016619 200 226 1000 976 2 10000 10000 0 3
0.166667 0.177694 0.016433 200 207 1000 985 2 10000 10000 0 3
0.166667 0.189707 0.016929 200 192 1000 963 2 10000 10000 0 3
0.166667 0.140567 0.015280 200 195 1000 1006 2 10000 10000 0 3
0.166667 0.191262 0.016147 200 205 1000 1010 2 10000 10000 0 3
0.166667 0.179338 0.015680 200 216 1000 1031 2 10000 10000 0 3
0.166667 0.150825 0.015414 200 193 1000 1040 2 10000 10000 0 3
0.166667 0.194037 0.015617 200 212 1000 1046 2 10000 10000 0 3
0.166667 0.175106 0.015802 200 200 1000 999 2 10000 10000 0 3
0.166667 0.183895 0.016635 200 210 1000 961 2 10000 10000 0 3
0.166667 0.161644 0.015895 200 185 1000 1021 2 10000 10000 0 3
0.166667 0.166811 0.015799 200 194 1000 1031 2 10000 10000 0 3
0.166667 0.156964 0.016298 200 171 1000 932 2 10000 10000 0 3
0.166667 0.151071 0.015700 200 205 1000 992 2 10000 10000 0 3
0.166667 0.180195 0.016743 200 176 1000 963 2 10000 10000 0 3
0.166667 0.196166 0.016790 200 194 1000 928 2 10000 10000 0 3
0.166667 0.165491 0.015543 200 189 1000 1018 2 10000 10000 0 3
0.166667 0.157907 0.015910 200 174 1000 999 2 10000 10000 0 3
0.166667 0.201230 0.016839 200 190 1000 1011 2 10000 10000 0 3
0.166667 0.219717 0.016853 200 221 1000 976 2 10000 10000 0 3
0.166667 0.169141 0.015841 200 207 1000 986 2 10000 10000 0 3
0.166667 0.162595 0.015844 200 199 1000 958 2 10000 10000 0 3
0.166667 0.165640 0.016156 200 194 1000 1015 2 10000 10000 0 3
0.166667 0.183377 0.016254 200 219 1000 995 2 10000 10000 0 3
0.166667 0.162805 0.015988 200 187 1000 993 2 10000 10000 0 3
0.166667 0.167519 0.015666 200 193 1000 1021 2 10000 10000 0 3
0.166667 0.164363 0.015845 200 210 1000 991 2 10000 10000 0 3
0.166667 0.162154 0.016172 200 206 1000 971 2 10000 10000 0 3
0.166667 0.168979 0.015641 200 202 1000 1040 2 10000 10000 0 3
0.166667 0.143069 0.015095 200 195 1000 971 2 10000 10000 0 3
0.166667 0.154801 0.015463 200 200 1000 1023 2 10000 10000 0 3
0.166667 0.159805 0.016131 200 179 1000 971 2 10000 10000 0 3
0.166667 0.144484 0.015411 200 218 1000 1019 2 10000 10000 0 3
0.166667 0.178619 0.015932 200 193 1000 1019 2 10000 10000 0 3
0.166667 0.180133 0.016308 200 192 1000 1005 2 10000 10000 0 3
0.166667 0.204700 0.016856 200 191 1000 972 2 10000 10000 0 3
0.166667 0.166378 0.016574 200 198 1000 947 2 10000 10000 0 3
0.166667 0.173643 0.015351 200 227 1000 1031 2 10000 10000 0 3
0.166667 0.158582 0.014973 200 185 1000 1088 2 10000 10000 0 3
0.166667 0.160310 0.015956 200 181 1000 1006 2 10000 10000 0 3
0.166667 0.184429 0.016461 200 189 1000 988 2 10000 10000 0 3
0.166667 0.190757 0.016225 200 218 1000 997 2 10000 10000 0 3
0.166667 0.189301 0.016269 200 205 1000 976 2 10000 10000 0 3
0.166667 0.191336 0.016339 200 216 1000 993 2 10000 10000 0 3
0.166667 0.223930 0.016827 200 207 1000 982 2 10000 10000 0 3
0.166667 0.208668 0.016881 200 217 1000 1008 2 10000 10000 0 3
0.166667 0.180968 0.015823 200 187 1000 1018 2 10000 10000 0 3
0.166667 0.154463 0.015495 200 201 1000 1050 2 10000 10000 0 3
0.166667 0.187195 0.016379 200 219 1000 996 2 10000 10000 0 3
0.166667 0.180821 0.016310 200 202 1000 1005 2 10000 10000 0 3
0.166667 0.194078 0.016804 200 191 1000 997 2 10000 10000 0 3
0.166667 0.175618 0.016036 200 199 1000 1025 2 10000 10000 0 3
0.166667 0.176730 0.016088 200 194 1000 969 2 10000 10000 0 3
0.166667 0.158489 0.015502 200 189 1000 1023 2 10000 10000 0 3
0.166667 0.164103 0.015481 200 209 1000 1022 2 10000 10000 0 3
0.166667 0.212839 0.016613 200 232 1000 1032 2 10000 10000 0 3
0.166667 0.173442 0.015925 200 188 1000 1001 2 10000 10000 0 3
0.166667 0.156164 0.015563 200 178 1000 1028 2 10000 10000 0 3
0.166667 0.159469 0.015643 200 181 1000 978 2 10000 10000 0 3
0.166667 0.190416 0.016604 200 213 1000 960 2 10000 10000 0 3
0.166667 0.192609 0.016565 200 195 1000 977 2 10000 10000 0 3
0.166667 0.189437 0.016159 200 216 1000 1001 2 10000 10000 0 3
0.166667 0.191497 0.016472 200 208 1000 1004 2 10000 10000 0 3
0.166667 0.190324 0.016457 200 195 1000 953 2 10000 10000 0 3
0.166667 0.193210 0.016527 200 204 1000 999 2 10000 10000 0 3
0.166667 0.200572 0.016802 200 200 1000 983 2 10000 10000 0 3
0.166667 0.169520 0.015889 200 212 1000 1000 2 10000 10000 0 3
0.166667 0.139091 0.015572 200 192 1000 1023 2 10000 10000 0 3
0.166667 0.190058 0.016601 200 211 1000 1005 2 10000 10000 0 3
0.166667 0.195402 0.016059 200 222 1000 1010 2 10000 10000 0 3
0.166667 0.176013 0.015974 200 208 1000 1029 2 10000 10000 0 3
0.166667 0.185405 0.016218 200 197 1000 1017 2 10000 10000 0 3
0.166667 0.195974 0.016198 200 227 1000 1012 2 10000 10000 0 3
0.166667 0.158049 0.015493 200 194 1000 1028 2 10000 10000 0 3
0.166667 0.178837 0.015342 200 207 1000 1054 2 10000 10000 0 3
0.166667 0.161189 0.015632 200 195 1000 977 2 10000 10000 0 3
0.166667 0.188277 0.016454 200 205 1000 980 2 10000 10000 0 3
0.166667 0.194281 0.016259 200 215 1000 1020 2 10000 10000 0 3
0.166667 0.163401 0.015683 200 208 1000 1005 2 10000 10000 0 3
0.166667 0.193451 0.016234 200 193 1000 1013 2 10000 10000 0 3
0.166667 0.180170 0.016068 200 215 1000 997 2 10000 10000 0 3
0.166667 0.166529 0.016203 200 200 1000 978 2 10000 10000 0 3
0.166667 0.151667 0.015622 200 190 1000 1034 2 10000 10000 0 3
0.166667 0.177964 0.016416 200 222 1000 950 2 10000 10000 0 3
0.166667 0.140521 0.015786 200 171 1000 998 2 10000 10000 0 3
0.166667 0.149959 0.015308 200 202 1000 1020 2 10000 10000 0 3
0.166667 0.160261 0.015924 200 180 1000 1025 2 10000 10000 0 3
0.166667 0.194292 0.015946 200 202 1000 993 2 10000 10000 0 3
0.166667 0.203599 0.016845 200 206 1000 953 2 10000 10000 0 3
0.166667 0.191685 0.016351 200 218 1000 1009 2 10000 10000 0 3
0.166667 0.154314 0.015706 200 181 1000 1028 2 10000 10000 0 3
0.166667 0.175875 0.016025 200 191 1000 1003 2 10000 10000 0 3
0.166667 0.167876 0.016080 200 188 1000 986 2 10000 10000 0 3
0.166667 0.163029 0.015780 200 184 1000 1018 2 10000 10000 0 3
0.166667 0.184229 0.015717 200 214 1000 1025 2 10000 10000 0 3
0.166667 0.164368 0.015411 200 175 1000 1048 2 10000 10000 0 3
0.166667 0.156933 0.015954 200 190 1000 987 2 10000 10000 0 3
0.166667 0.158278 0.015824 200 199 1000 986 2 10000 10000 0 3
0.166667 0.182042 0.015777 200 213 1000 1033 2 10000 10000 0 3
0.166667 0.150669 0.015652 200 188 1000 1033 2 10000 10000 0 3
0.166667 0.185231 0.016067 200 196 1000 989 2 10000 10000 0 3
0.166667 0.178550 0.015801 200 210 1000 1001 2 10000 10000 0 3
0.166667 0.177821 0.016419 200 191 1000 962 2 10000 10000 0 3
0.166667 0.165373 0.015358 200 174 1000 1032 2 10000 10000 0 3
0.166667 0.186955 0.016376 200 196 1000 984 2 10000 10000 0 3
0.166667 0.159233 0.015421 200 185 1000 1049 2 10000 10000 0 3
0.166667 0.189762 0.016699 200 204 1000 940 2 10000 10000 0 3
0.166667 0.193897 0.015999 200 203 1000 1040 2 10000 10000 0 3
0.166667 0.188759 0.016314 200 198 1000 965 2 10000 10000 0 3
0.166667 0.190959 0.016178 200 233 1000 978 2 10000 10000 0 3
0.166667 0.183248 0.016352 200 192 1000 1003 2 10000 10000 0 3
0.166667 0.202049 0.016392 200 225 1000 1018 2 10000 10000 0 3
0.166667 0.192258 0.016412 200 211 1000 981 2 10000 10000 0 3
0.166667 0.180674 0.016272 200 205 1000 990 2 10000 10000 0 3
0.166667 0.179782 0.016429 200 204 1000 1004 2 10000 10000 0 3
0.166667 0.181122 0.016575 200 200 1000 959 2 10000 10000 0 3
0.166667 0.182572 0.016282 200 203 1000 960 2 10000 10000 0 3
0.166667 0.191329 0.016484 200 213 1000 952 2 10000 10000 0 3
0.166667 0.190380 0.016365 200 206 1000 990 2 10000 10000 0 3
0.166667 0.170627 0.016049 200 179 1000 968 2 10000 10000 0 3
0.166667 0.166890 0.016029 200 168 1000 1003 2 10000 10000 0 3
0.166667 0.182615 0.015844 200 204 1000 1020 2 10000 10000 0 3
0.166667 0.155156 0.016160 200 198 1000 1024 2 10000 10000 0 3
0.166667 0.184706 0.016678 200 191 1000 945 2 10000 10000 0 3
0.166667 0.173737 0.015890 200 195 1000 996 2 10000 10000 0 3
0.166667 0.209327 0.016106 200 202 1000 1023 2 10000 10000 0 3
0.166667 0.185476 0.016479 200 209 1000 980 2 10000 10000 0 3
0.166667 0.185126 0.016209 200 208 1000 996 2 10000 10000 0 3
0.166667 0.186062 0.016240 200 190 1000 1008 2 10000 10000 0 3
0.166667 0.187591 0.016367 200 199 1000 1000 2 10000 10000 0 3
0.166667 0.179533 0.015769 200 208 1000 1070 2 10000 10000 0 3
0.166667 0.179020 0.016076 200 195 1000 993 2 10000 10000 0 3
0.166667 0.165113 0.015615 200 199 1000 978 2 10000 10000 0 3
0.166667 0.184513 0.016015 200 219 1000 981 2 10000 10000 0 3
0.166667 0.178518 0.016010 200 195 1000 1006 2 10000 10000 0 3
0.166667 0.211828 0.016342 200 219 1000 1013 2 10000 10000 0 3
0.166667 0.182063 0.015942 200 212 1000 1018 2 10000 10000 0 3
0.166667 0.166992 0.016030 200 165 1000 1048 2 10000 10000 0 3
0.166667 0.152795 0.015972 200 170 1000 923 2 10000 10000 0 3
0.166667 0.166935 0.016348 200 191 1000 957 2 10000 10000 0 3
0.166667 0.173932 0.015443 200 208 1000 1064 2 10000 10000 0 3
0.166667 0.168443 0.015399 200 201 1000 1048 2 10000 10000 0 3
0.166667 0.191018 0.015852 200 209 1000 1013 2 10000 10000 0 3
0.166667 0.183124 0.016530 200 204 1000 952 2 10000 10000 0 3
0.166667 0.159102 0.015780 200 226 1000 988 2 10000 10000 0 3
0.166667 0.188886 0.016338 200 196 1000 976 2 10000 10000 0 3
0.166667 0.173282 0.016164 200 198 1000 997 2 10000 10000 0 3
0.166667 0.195718 0.016159 200 221 1000 982 2 10000 10000 0 3
0.166667 0.211867 0.016188 200 243 1000 991 2 10000 10000 0 3
0.166667 0.209533 0.017007 200 208 1000 973 2 10000 10000 0 3
0.166667 0.176816 0.015840 200 188 1000 998 2 10000 10000 0 3
0.166667 0.206891 0.016396 200 222 1000 944 2 10000 10000 0 3
0.166667 0.158604 0.016051 200 173 1000 980 2 10000 10000 0 3
0.166667 0.173826 0.015968 200 200 1000 1015 2 10000 10000 0 3
0.166667 0.190041 0.016312 200 202 1000 989 2 10000 10000 0 3
0.166667 0.155283 0.016127 200 191 1000 998 2 10000 10000 0 3
0.166667 0.182230 0.016386 200 209 1000 969 2 10000 10000 0 3
0.166667 0.174833 0.015543 200 187 1000 1040 2 10000 10000 0 3
0.166667 0.166594 0.015759 200 187 1000 983 2 10000 10000 0 3
0.166667 0.164159 0.015449 200 221 1000 1033 2 10000 10000 0 3
0.166667 0.188119 0.016047 200 194 1000 1047 2 10000 10000 0 3
0.166667 0.191173 0.016398 200 197 1000 996 2 10000 10000 0 3
0.166667 0.162600 0.015734 200 177 1000 1020 2 10000 10000 0 3
0.166667 0.150136 0.015317 200 210 1000 1066 2 10000 10000 0 3
0.166667 0.188967 0.016393 200 199 1000 990 2 10000 10000 0 3
0.166667 0.177018 0.015537 200 207 1000 1031 2 10000 10000 0 3
0.166667 0.213456 0.016595 200 231 1000 997 2 10000 10000 0 3
0.166667 0.193164 0.016980 200 199 1000 942 2 10000 10000 0 3
0.166667 0.207812 0.016887 200 224 1000 929 2 10000 10000 0 3
0.166667 0.169893 0.016086 200 182 1000 964 2 10000 10000 0 3
0.166667 0.179022 0.015998 200 206 1000 1023 2 10000 10000 0 3
0.166667 0.166062 0.015469 200 192 1000 1023 2 10000 10000 0 3
0.166667 0.157533 0.015259 200 210 1000 1031 2 10000 10000 0 3
0.166667 0.205581 0.016846 200 224 1000 973 2 10000 10000 0 3
0.166667 0.156104 0.015516 200 202 1000 1032 2 10000 10000 0 3
0.166667 0.172336 0.015848 200 187 1000 1004 2 10000 10000 0 3
0.166667 0.163118 0.015484 200 193 1000 1037 2 10000 10000 0 3
0.166667 0.148053 0.015652 200 171 1000 1005 2 10000 10000 0 3
0.166667 0.167149 0.015692 200 189 1000 1015 2 10000 10000 0 3
0.166667 0.186121 0.015869 200 219 1000 1032 2 10000 10000 0 3
0.166667 0.184489 0.015967 200 241 1000 991 2 10000 10000 0 3
0.166667 0.166943 0.015632 200 209 1000 1018 2 10000 10000 0 3
0.166667 0.176355 0.015660 200 205 1000 1060 2 10000 10000 0 3
0.166667 0.186959 0.016521 200 193 1000 1000 2 10000 10000 0 3
0.166667 0.182641 0.015947 200 186 1000 1006 2 10000 10000 0 3
0.166667 0.173464 0.015847 200 217 1000 1005 2 10000 10000 0 3
0.166667 0.221038 0.017348 200 212 1000 957 2 10000 10000 0 3
0.166667 0.177499 0.016267 200 215 1000 936 2 10000 10000 0 3
0.166667 0.190417 0.016828 200 184 1000 969 2 10000 10000 0 3
0.166667 0.164303 0.015758 200 192 1000 1016 2 10000 10000 0 3
0.166667 0.158396 0.015874 200 205 1000 997 2 10000 10000 0 3
0.166667 0.179960 0.016359 200 215 1000 999 2 10000 10000 0 3
0.166667 0.169708 0.016063 200 209 1000 970 2 10000 10000 0 3
0.166667 0.208680 0.016563 200 196 1000 1012 2 10000 10000 0 3
0.166667 0.166833 0.015847 200 190 1000 1002 2 10000 10000 0 3
0.166667 0.175466 0.016327 200 196 1000 966 2 10000 10000 0 3
0.166667 0.173637 0.016429 200 191 1000 947 2 10000 10000 0 3
0.166667 0.163326 0.015410 200 218 1000 1050 2 10000 10000 0 3
0.166667 0.181715 0.016401 200 217 1000 958 2 10000 10000 0 3
0.166667 0.202413 0.015944 200 232 1000 1036 2 10000 10000 0 3
0.166667 0.185571 0.016138 200 211 1000 997 2 10000 10000 0 3
0.166667 0.151835 0.015674 200 187 1000 996 2 10000 10000 0 3
0.166667 0.150717 0.015869 200 211 1000 978 2 10000 10000 0 3
0.166667 0.190679 0.016120 200 208 1000 1023 2 10000 10000 0 3
0.166667 0.174318 0.016151 200 206 1000 1001 2 10000 10000 0 3
0.166667 0.192022 0.015764 200 212 1000 1062 2 10000 10000 0 3
0.166667 0.167951 0.016159 200 199 1000 983 2 10000 10000 0 3
0.166667 0.177261 0.016449 200 184 1000 968 2 10000 10000 0 3
0.166667 0.186134 0.016157 200 197 1000 1001 2 10000 10000 0 3
0.166667 0.176762 0.016507 200 196 1000 949 2 10000 10000 0 3
0.166667 0.150301 0.014796 200 208 1000 1060 2 10000 10000 0 3
0.166667 0.200537 0.016431 200 206 1000 1019 2 10000 10000 0 3
0.166667 0.216514 0.016373 200 219 1000 994 2 10000 10000 0 3
0.166667 0.177220 0.015762 200 189 1000 984 2 10000 10000 0 3
0.166667 0.161355 0.015450 200 194 1000 1026 2 10000 10000 0 3
0.166667 0.206700 0.016768 200 201 1000 961 2 10000 10000 0 3
0.166667 0.168650 0.015420 200 193 1000 1024 2 10000 10000 0 3
0.166667 0.153077 0.015842 200 185 1000 1048 2 10000 10000 0 3
0.166667 0.160601 0.015226 200 193 1000 1054 2 10000 10000 0 3
0.166667 0.152775 0.015755 200 181 1000 981 2 10000 10000 0 3
0.166667 0.185422 0.016398 200 188 1000 973 2 10000 10000 0 3
0.166667 0.179371 0.016331 200 215 1000 996 2 10000 10000 0 3
0.166667 0.176504 0.016385 200 218 1000 971 2 10000 10000 0 3
0.166667 0.183732 0.015638 200 202 1000 1062 2 10000 10000 0 3
0.166667 0.168647 0.015819 200 214 1000 997 2 10000 10000 0 3
0.166667 0.177368 0.016348 200 186 1000 944 2 10000 10000 0 3
0.166667 0.188362 0.015873 200 200 1000 1036 2 10000 10000 0 3
0.166667 0.180447 0.016404 200 184 1000 989 2 10000 10000 0 3
0.166667 0.160188 0.016508 200 177 1000 972 2 10000 10000 0 3
0.166667 0.164443 0.015370 200 192 1000 1045 2 10000 10000 0 3
0.166667 0.182395 0.016476 200 205 1000 981 2 10000 10000 0 3
0.166667 0.171507 0.015962 200 206 1000 998 2 10000 10000 0 3
0.166667 0.163729 0.015367 200 213 1000 1059 2 10000 10000 0 3
0.166667 0.194673 0.016344 200 219 1000 967 2 10000 10000 0 3
0.166667 0.176864 0.015656 200 211 1000 1031 2 10000 10000 0 3
0.166667 0.200125 0.016247 200 212 1000 1024 2 10000 10000 0 3
0.166667 0.197397 0.016272 200 217 1000 984 2 10000 10000 0 3
0.166667 0.174170 0.016240 200 202 1000 962 2 10000 10000 0 3
0.166667 0.192348 0.016396 200 197 1000 988 2 10000 10000 0 3
0.166667 0.167087 0.015396 200 202 1000 1097 2 10000 10000 0 3
0.166667 0.179265 0.016337 200 201 1000 985 2 10000 10000 0 3
0.166667 0.147670 0.015843 200 201 1000 1030 2 10000 10000 0 3
0.166667 0.177314 0.016126 200 189 1000 1010 2 10000 10000 0 3
0.166667 0.161311 0.015764 200 187 1000 978 2 10000 10000 0 3
0.166667 0.173871 0.015960 200 199 1000 977 2 10000 10000 0 3
0.166667 0.228276 0.016989 200 210 1000 977 2 10000 10000 0 3
0.166667 0.185772 0.016727 200 204 1000 952 2 10000 10000 0 3
0.166667 0.179319 0.016225 200 208 1000 994 2 10000 10000 0 3
0.166667 0.164236 0.015791 200 164 1000 1032 2 10000 10000 0 3
0.166667 0.170268 0.015632 200 207 1000 983 2 10000 10000 0 3
0.166667 0.150977 0.015906 200 199 1000 975 2 10000 10000 0 3
0.166667 0.164087 0.016091 200 190 1000 1028 2 10000 10000 0 3
0.166667 0.170287 0.016587 200 190 1000 961 2 10000 10000 0 3
0.166667 0.166043 0.016094 200 200 1000 962 2 10000 10000 0 3
0.166667 0.167823 0.015268 200 179 1000 1063 2 10000 10000 0 3
0.166667 0.182018 0.015836 200 198 1000 1033 2 10000 10000 0 3
0.166667 0.178858 0.015895 200 218 1000 1003 2 10000 10000 0 3
0.166667 0.195243 0.016826 200 201 1000 962 2 10000 10000 0 3
0.166667 0.172286 0.015990 200 178 1000 961 2 10000 10000 0 3
0.166667 0.165506 0.015876 200 222 1000 1005 2 10000 10000 0 3
0.166667 0.196328 0.016946 200 211 1000 943 2 10000 10000 0 3
0.166667 0.156987 0.015617 200 183 1000 986 2 10000 10000 0 3
0.166667 0.194954 0.015998 200 220 1000 988 2 10000 10000 0 3
0.166667 0.168532 0.015989 200 200 1000 973 2 10000 10000 0 3
0.166667 0.192884 0.016406 200 225 1000 977 2 10000 10000 0 3
0.166667 0.195059 0.017253 200 203 1000 946 2 10000 10000 0 3
0.166667 0.171167 0.016080 200 189 1000 1004 2 10000 10000 0 3
0.166667 0.184485 0.016428 200 212 1000 998 2 10000 10000 0 3
0.166667 0.192915 0.016101 200 215 1000 994 2 10000 10000 0 3
0.166667 0.155957 0.015405 200 208 1000 1014 2 10000 10000 0 3
0.166667 0.155102 0.015823 200 203 1000 964 2 10000 10000 0 3
0.166667 0.172327 0.015930 200 191 1000 1005 2 10000 10000 0 3
0.166667 0.178576 0.016010 200 190 1000 985 2 10000 10000 0 3
0.166667 0.181669 0.015819 200 184 1000 1029 2 10000 10000 0 3
0.166667 0.164273 0.015703 200 191 1000 1019 2 10000 10000 0 3
0.166667 0.163152 0.015966 200 193 1000 980 2 10000 10000 0 3
0.166667 0.198444 0.015918 200 211 1000 998 2 10000 10000 0 3
0.166667 0.171673 0.016241 200 194 1000 1002 2 10000 10000 0 3
0.166667 0.190753 0.016439 200 221 1000 961 2 10000 10000 0 3
0.166667 0.170429 0.016435 200 208 1000 940 2 10000 10000 0 3
0.166667 0.181561 0.015828 200 209 1000 1030 2 10000 10000 0 3
0.166667 0.175789 0.016200 200 187 1000 998 2 10000 10000 0 3
0.166667 0.193166 0.016297 200 203 1000 1004 2 10000 10000 0 3
0.166667 0.177761 0.016077 200 204 1000 995 2 10000 10000 0 3
0.166667 0.154542 0.015727 200 174 1000 1004 2 10000 10000 0 3
0.166667 0.178626 0.016133 200 210 1000 996 2 10000 10000 0 3
0.166667 0.173048 0.016343 200 204 1000 945 2 10000 10000 0 3
0.166667 0.151669 0.014960 200 199 1000 1046 2 10000 10000 0 3
0.166667 0.210422 0.016528 200 227 1000 995 2 10000 10000 0 3
0.166667 0.181077 0.016097 200 184 1000 994 2 10000 10000 0 3
0.166667 0.152250 0.015844 200 199 1000 994 2 10000 10000 0 3
0.166667 0.149293 0.015477 200 191 1000 1045 2 10000 10000 0 3
0.166667 0.180553 0.016363 200 201 1000 951 2 10000 10000 0 3
0.166667 0.188299 0.015942 200 206 1000 1041 2 10000 10000 0 3
0.166667 0.171520 0.015540 200 208 1000 1043 2 10000 10000 0 3
0.166667 0.159860 0.015846 200 169 1000 1016 2 10000 10000 0 3
0.166667 0.183688 0.015987 200 216 1000 988 2 10000 10000 0 3
0.166667 0.163875 0.015893 200 184 1000 1010 2 10000 10000 0 3
0.166667 0.171302 0.016046 200 198 1000 977 2 10000 10000 0 3
0.166667 0.184562 0.016536 200 201 1000 961 2 10000 10000 0 3
0.166667 0.195521 0.016750 200 198 1000 978 2 10000 10000 0 3
0.166667 0.189360 0.016057 200 213 1000 1029 2 10000 10000 0 3
0.166667 0.174180 0.016252 200 193 1000 970 2 10000 10000 0 3
0.166667 0.181447 0.016112 200 195 1000 949 2 10000 10000 0 3
0.166667 0.175608 0.016073 200 182 1000 983 2 10000 10000 0 3
0.166667 0.168577 0.016659 200 201 1000 927 2 10000 10000 0 3
0.166667 0.178028 0.015893 200 198 1000 980 2 10000 10000 0 3
0.166667 0.154650 0.015810 200 189 1000 988 2 10000 10000 0 3
0.166667 0.154899 0.015956 200 193 1000 959 2 10000 10000 0 3
0.166667 0.201894 0.016772 200 188 1000 976 2 10000 10000 0 3
0.166667 0.164270 0.016775 200 175 1000 974 2 10000 10000 0 3
0.166667 0.157333 0.015472 200 199 1000 1005 2 10000 10000 0 3
0.166667 0.196243 0.016382 200 202 1000 989 2 10000 10000 0 3
0.166667 0.158727 0.015442 200 189 1000 1033 2 10000 10000 0 3
0.166667 0.176236 0.015767 200 213 1000 1035 2 10000 10000 0 3
0.166667 0.163126 0.015872 200 185 1000 1059 2 10000 10000 0 3
0.166667 0.176138 0.015885 200 189 1000 1012 2 10000 10000 0 3
0.166667 0.140160 0.015334 200 207 1000 1012 2 10000 10000 0 3
0.166667 0.181838 0.016020 200 213 1000 1008 2 10000 10000 0 3
0.166667 0.178888 0.015810 200 206 1000 986 2 10000 10000 0 3
0.166667 0.192123 0.015909 200 211 1000 1022 2 10000 10000 0 3
0.166667 0.181191 0.015959 200 202 1000 999 2 10000 10000 0 3
0.166667 0.203524 0.016562 200 208 1000 993 2 10000 10000 0 3
0.166667 0.151772 0.015491 200 195 1000 983 2 10000 10000 0 3
0.166667 0.131769 0.015081 200 171 1000 1016 2 10000 10000 0 3
0.166667 0.182534 0.015929 200 204 1000 1047 2 10000 10000 0 3
0.166667 0.209134 0.016772 200 218 1000 946 2 10000 10000 0 3
0.166667 0.194464 0.016302 200 186 1000 1013 2 10000 10000 0 3
0.166667 0.184605 0.015904 200 210 1000 1033 2 10000 10000 0 3
0.166667 0.189542 0.016143 200 194 1000 1024 2 10000 10000 0 3
0.166667 0.184089 0.016174 200 185 1000 983 2 10000 10000 0 3
0.166667 0.149552 0.015919 200 143 1000 1009 2 10000 10000 0 3
0.166667 0.174810 0.015420 200 219 1000 1056 2 10000 10000 0 3
0.166667 0.170339 0.015106 200 244 1000 1073 2 10000 10000 0 3
0.166667 0.162737 0.015805 200 192 1000 1015 2 10000 10000 0 3
0.166667 0.163303 0.015523 200 202 1000 1022 2 10000 10000 0 3
0.166667 0.165602 0.015409 200 178 1000 1037 2 10000 10000 0 3
0.166667 0.175454 0.016397 200 190 1000 975 2 10000 10000 0 3
0.166667 0.187563 0.016586 200 191 1000 960 2 10000 10000 0 3
0.166667 0.200546 0.016458 200 214 1000 979 2 10000 10000 0 3
0.166667 0.159571 0.016039 200 181 1000 969 2 10000 10000 0 3
0.166667 0.154327 0.015476 200 188 1000 1032 2 10000 10000 0 3
0.166667 0.173946 0.016131 200 197 1000 971 2 10000 10000 0 3
0.166667 0.201343 0.016506 200 198 1000 971 2 10000 10000 0 3
0.166667 0.165343 0.015782 200 183 1000 1016 2 10000 10000 0 3
0.166667 0.158125 0.015371 200 203 1000 1006 2 10000 10000 0 3
0.166667 0.184049 0.016438 200 195 1000 972 2 10000 10000 0 3
0.166667 0.185168 0.016450 200 182 1000 962 2 10000 10000 0 3
0.166667 0.197132 0.016440 200 201 1000 989 2 10000 10000 0 3
0.166667 0.195864 0.016424 200 199 1000 987 2 10000 10000 0 3
0.166667 0.165086 0.016215 200 206 1000 986 2 10000 10000 0 3
0.166667 0.160947 0.016173 200 183 1000 958 2 10000 10000 0 3
0.166667 0.201743 0.016024 200 218 1000 997 2 10000 10000 0 3
0.166667 0.168877 0.015958 200 194 1000 1002 2 10000 10000 0 3
0.166667 0.196456 0.016963 200 195 1000 918 2 10000 10000 0 3
0.166667 0.192066 0.016188 200 202 1000 1003 2 10000 10000 0 3
0.166667 0.185713 0.016558 200 189 1000 995 2 10000 10000 0 3
0.166667 0.202491 0.016446 200 207 1000 994 2 10000 10000 0 3
0.166667 0.180607 0.016433 200 195 1000 982 2 10000 10000 0 3
0.166667 0.178197 0.015587 200 205 1000 1066 2 10000 10000 0 3
0.166667 0.207115 0.016521 200 230 1000 998 2 10000 10000 0 3
0.166667 0.188007 0.016803 200 194 1000 953 2 10000 10000 0 3
0.166667 0.197567 0.016312 200 214 1000 989 2 10000 10000 0 3
0.166667 0.182124 0.016169 200 208 1000 1015 2 10000 10000 0 3
0.166667 0.191883 0.016073 200 216 1000 946 2 10000 10000 0 3
0.166667 0.200290 0.016369 200 204 1000 989 2 10000 10000 0 3
0.166667 0.138073 0.015715 200 198 1000 968 2 10000 10000 0 3
0.166667 0.188426 0.015972 200 191 1000 980 2 10000 10000 0 3
0.166667 0.196025 0.016621 200 204 1000 992 2 10000 10000 0 3
0.166667 0.181855 0.016058 200 208 1000 1012 2 10000 10000 0 3
0.166667 0.169989 0.015879 200 195 1000 1006 2 10000 10000 0 3
0.166667 0.194461 0.016472 200 209 1000 966 2 10000 10000 0 3
0.166667 0.171015 0.015832 200 207 1000 994 2 10000 10000 0 3
0.166667 0.166822 0.015839 200 203 1000 999 2 10000 10000 0 3
0.166667 0.168651 0.015840 200 192 1000 1021 2 10000 10000 0 3
0.166667 0.160762 0.015689 200 199 1000 998 2 10000 10000 0 3
0.166667 0.182724 0.016114 200 203 1000 1020 2 10000 10000 0 3
0.166667 0.188311 0.016345 200 201 1000 953 2 10000 10000 0 3
0.166667 0.197346 0.016030 200 204 1000 1033 2 10000 10000 0 3
0.166667 0.182273 0.016587 200 204 1000 950 2 10000 10000 0 3
0.166667 0.206470 0.015912 200 217 1000 1028 2 10000 10000 0 3
0.166667 0.156146 0.015841 200 185 1000 984 2 10000 10000 0 3
0.166667 0.201314 0.016887 200 204 1000 945 2 10000 10000 0 3
0.166667 0.185294 0.016599 200 202 1000 968 2 10000 10000 0 3
0.166667 0.183637 0.015876 200 232 1000 1028 2 10000 10000 0 3
0.166667 0.174303 0.015933 200 192 1000 1015 2 10000 10000 0 3
0.166667 0.164257 0.015606 200 192 1000 1028 2 10000 10000 0 3
0.166667 0.176099 0.015859 200 180 1000 1035 2 10000 10000 0 3
0.166667 0.165453 0.016149 200 193 1000 964 2 10000 10000 0 3
0.166667 0.173175 0.015993 200 171 1000 998 2 10000 10000 0 3
0.166667 0.153163 0.015627 200 202 1000 994 2 10000 10000 0 3
0.166667 0.179925 0.015822 200 208 1000 1046 2 10000 10000 0 3
0.166667 0.156952 0.015276 200 179 1000 1034 2 10000 10000 0 3
0.166667 0.198757 0.016068 200 209 1000 1018 2 10000 10000 0 3
0.166667 0.175749 0.016298 200 201 1000 1004 2 10000 10000 0 3
0.166667 0.194218 0.016295 200 204 1000 1012 2 10000 10000 0 3
0.166667 0.157047 0.015724 200 202 1000 1009 2 10000 10000 0 3
0.166667 0.181724 0.016008 200 197 1000 999 2 10000 10000 0 3
0.166667 0.169023 0.015712 200 193 1000 1018 2 10000 10000 0 3
0.166667 0.175060 0.016049 200 198 1000 964 2 10000 10000 0 3
0.166667 0.193500 0.016139 200 181 1000 1040 2 10000 10000 0 3
0.166667 0.147097 0.015673 200 181 1000 973 2 10000 10000 0 3
0.166667 0.173741 0.015504 200 207 1000 1046 2 10000 10000 0 3
0.166667 0.173839 0.015809 200 200 1000 1000 2 10000 10000 0 3
0.166667 0.176857 0.015563 200 213 1000 1000 2 10000 10000 0 3
0.166667 0.165854 0.015968 200 201 1000 989 2 10000 10000 0 3
0.166667 0.194613 0.016411 200 216 1000 988 2 10000 10000 0 3
0.166667 0.179437 0.016107 200 218 1000 1037 2 10000 10000 0 3
0.166667 0.174718 0.016039 200 202 1000 967 2 10000 10000 0 3
0.166667 0.156550 0.015455 200 200 1000 1027 2 10000 10000 0 3
0.166667 0.169219 0.016328 200 209 1000 1000 2 10000 10000 0 3
0.166667 0.141855 0.014720 200 208 1000 1114 2 10000 10000 0 3
0.166667 0.183474 0.015624 200 207 1000 1040 2 10000 10000 0 3
0.166667 0.151358 0.015982 200 181 1000 998 2 10000 10000 0 3
0.166667 0.174073 0.015967 200 222 1000 997 2 10000 10000 0 3
0.166667 0.170639 0.015470 200 184 1000 1014 2 10000 10000 0 3
0.166667 0.174339 0.015984 200 197 1000 992 2 10000 10000 0 3
0.166667 0.169864 0.015941 200 191 1000 1057 2 10000 10000 0 3
0.166667 0.171894 0.016217 200 196 1000 970 2 10000 10000 0 3
0.166667 0.177394 0.016163 200 207 1000 989 2 10000 10000 0 3
0.166667 0.163952 0.015498 200 201 1000 1009 2 10000 10000 0 3
0.166667 0.177696 0.016476 200 190 1000 986 2 10000 10000 0 3
0.166667 0.167599 0.016498 200 173 1000 972 2 10000 10000 0 3
0.166667 0.180726 0.016315 200 201 1000 962 2 10000 10000 0 3
0.166667 0.189178 0.016335 200 191 1000 969 2 10000 10000 0 3
0.166667 0.198482 0.016295 200 219 1000 1004 2 10000 10000 0 3
0.166667 0.175340 0.015743 200 216 1000 1006 2 10000 10000 0 3
0.166667 0.168949 0.016133 200 180 1000 1002 2 10000 10000 0 3
0.166667 0.153037 0.015500 200 176 1000 996 2 10000 10000 0 3
0.166667 0.152289 0.015253 200 216 1000 1042 2 10000 10000 0 3
0.166667 0.210582 0.016582 200 225 1000 985 2 10000 10000 0 3
0.166667 0.149931 0.016109 200 186 1000 973 2 10000 10000 0 3
0.166667 0.154904 0.015471 200 189 1000 1029 2 10000 10000 0 3
0.166667 0.150861 0.015880 200 171 1000 965 2 10000 10000 0 3
0.166667 0.170134 0.015928 200 194 1000 1032 2 10000 10000 0 3
0.166667 0.162974 0.015670 200 201 1000 1006 2 10000 10000 0 3
0.166667 0.201309 0.016565 200 225 1000 1000 2 10000 10000 0 3
0.166667 0.171154 0.015734 200 189 1000 1018 2 10000 10000 0 3
0.166667 0.180071 0.016178 200 184 1000 970 2 10000 10000 0 3
0.166667 0.199612 0.016611 200 204 1000 968 2 10000 10000 0 3
0.166667 0.174994 0.016425 200 207 1000 997 2 10000 10000 0 3
0.166667 0.167260 0.016314 200 174 1000 966 2 10000 10000 0 3
0.166667 0.172901 0.016003 200 203 1000 1015 2 10000 10000 0 3
0.166667 0.191474 0.016160 200 193 1000 1011 2 10000 10000 0 3
0.166667 0.181692 0.015610 200 196 1000 1044 2 10000 10000 0 3
0.166667 0.188117 0.015828 200 193 1000 1017 2 10000 10000 0 3
0.166667 0.175880 0.015890 200 221 1000 1014 2 10000 10000 0 3
0.166667 0.158476 0.015761 200 181 1000 1013 2 10000 10000 0 3
0.166667 0.191860 0.015992 200 197 1000 979 2 10000 10000 0 3
0.166667 0.187848 0.016562 200 174 1000 958 2 10000 10000 0 3
0.166667 0.162735 0.015446 200 208 1000 1030 2 10000 10000 0 3
0.166667 0.207446 0.016761 200 226 1000 989 2 10000 10000 0 3
0.166667 0.177183 0.016689 200 178 1000 957 2 10000 10000 0 3
0.166667 0.169169 0.015875 200 204 1000 978 2 10000 10000 0 3
0.166667 0.164484 0.015291 200 198 1000 1051 2 10000 10000 0 3
0.166667 0.179392 0.015741 200 193 1000 1043 2 10000 10000 0 3
0.166667 0.177304 0.015587 200 205 1000 983 2 10000 10000 0 3
0.166667 0.164837 0.015665 200 211 1000 990 2 10000 10000 0 3
0.166667 0.156310 0.015092 200 176 1000 1054 2 10000 10000 0 3
0.166667 0.177028 0.016562 200 196 1000 981 2 10000 10000 0 3
0.166667 0.190705 0.015971 200 205 1000 1051 2 10000 10000 0 3
0.166667 0.200152 0.016400 200 227 1000 967 2 10000 10000 0 3
0.166667 0.181831 0.015747 200 222 1000 1058 2 10000 10000 0 3
0.166667 0.185182 0.016917 200 198 1000 946 2 10000 10000 0 3
0.166667 0.177968 0.016237 200 192 1000 948 2 10000 10000 0 3
0.166667 0.174390 0.015876 200 187 1000 1009 2 10000 10000 0 3
0.166667 0.191980 0.016101 200 203 1000 1027 2 10000 10000 0 3
0.166667 0.158931 0.015593 200 195 1000 1052 2 10000 10000 0 3
0.166667 0.198123 0.016353 200 223 1000 988 2 10000 10000 0 3
0.166667 0.168026 0.015667 200 195 1000 1037 2 10000 10000 0 3
0.166667 0.192808 0.016134 200 197 1000 1008 2 10000 10000 0 3
0.166667 0.179308 0.016377 200 189 1000 993 2 10000 10000 0 3
0.166667 0.165061 0.016067 200 179 1000 974 2 10000 10000 0 3
0.166667 0.178025 0.015938 200 218 1000 985 2 10000 10000 0 3
0.166667 0.186258 0.016349 200 222 1000 968 2 10000 10000 0 3
0.166667 0.179176 0.015847 200 195 1000 1015 2 10000 10000 0 3
0.166667 0.163429 0.015594 200 191 1000 1075 2 10000 10000 0 3
0.166667 0.143569 0.015163 200 195 1000 1039 2 10000 10000 0 3
0.166667 0.194907 0.016264 200 195 1000 995 2 10000 10000 0 3
0.166667 0.177362 0.015872 200 212 1000 1004 2 10000 10000 0 3
0.166667 0.181734 0.016408 200 206 1000 957 2 10000 10000 0 3
0.166667 0.162650 0.015765 200 212 1000 1046 2 10000 10000 0 3
0.166667 0.187607 0.016276 200 206 1000 980 2 10000 10000 0 3
0.166667 0.168149 0.015667 200 205 1000 1031 2 10000 10000 0 3
0.166667 0.170910 0.016374 200 196 1000 941 2 10000 10000 0 3
0.166667 0.185182 0.016103 200 182 1000 1021 2 10000 10000 0 3
0.166667 0.154079 0.015731 200 169 1000 957 2 10000 10000 0 3
0.166667 0.179847 0.016143 200 213 1000 991 2 10000 10000 0 3
0.166667 0.179830 0.016307 200 180 1000 964 2 10000 10000 0 3
0.166667 0.185958 0.015720 200 204 1000 1069 2 10000 10000 0 3
0.166667 0.165465 0.015324 200 188 1000 1059 2 10000 10000 0 3
0.166667 0.144525 0.015664 200 181 1000 1015 2 10000 10000 0 3
0.166667 0.205742 0.016461 200 211 1000 1005 2 10000 10000 0 3
0.166667 0.162163 0.016141 200 198 1000 999 2 10000 10000 0 3
0.166667 0.193376 0.016437 200 196 1000 994 2 10000 10000 0 3
0.166667 0.165338 0.015208 200 206 1000 1075 2 10000 10000 0 3
0.166667 0.182687 0.016245 200 190 1000 1011 2 10000 10000 0 3
0.166667 0.171160 0.016331 200 214 1000 976 2 10000 10000 0 3
0.166667 0.153295 0.015655 200 170 1000 1029 2 10000 10000 0 3
0.166667 0.209555 0.016408 200 221 1000 998 2 10000 10000 0 3
0.166667 0.180419 0.015587 200 178 1000 1051 2 10000 10000 0 3
0.166667 0.185108 0.016518 200 205 1000 986 2 10000 10000 0 3
0.166667 0.174565 0.015830 200 202 1000 1006 2 10000 10000 0 3
0.166667 0.198654 0.015752 200 221 1000 1020 2 10000 10000 0 3
0.166667 0.149604 0.015013 200 201 1000 1067 2 10000 10000 0 3
0.166667 0.163564 0.016029 200 175 1000 958 2 10000 10000 0 3
0.166667 0.179031 0.015677 200 206 1000 1005 2 10000 10000 0 3
0.166667 0.209512 0.016186 200 197 1000 1018 2 10000 10000 0 3
0.166667 0.176304 0.016389 200 212 1000 958 2 10000 10000 0 3
0.166667 0.172125 0.015682 200 198 1000 1061 2 10000 10000 0 3
0.166667 0.176608 0.016036 200 209 1000 980 2 10000 10000 0 3
0.166667 0.150918 0.014769 200 185 1000 1080 2 10000 10000 0 3
0.166667 0.161152 0.016298 200 181 1000 987 2 10000 10000 0 3
0.166667 0.166071 0.015314 200 180 1000 1061 2 10000 10000 0 3
0.166667 0.168336 0.015980 200 193 1000 1009 2 10000 10000 0 3
0.166667 0.183061 0.016243 200 202 1000 996 2 10000 10000 0 3
0.166667 0.192027 0.016617 200 232 1000 985 2 10000 10000 0 3
0.166667 0.168266 0.016170 200 213 1000 977 2 10000 10000 0 3
0.166667 0.166583 0.015654 200 191 1000 1006 2 10000 10000 0 3
0.166667 0.211892 0.016640 200 223 1000 972 2 10000 10000 0 3
0.166667 0.171507 0.015822 200 193 1000 1008 2 10000 10000 0 3
0.166667 0.170937 0.015616 200 212 1000 1040 2 10000 10000 0 3
0.166667 0.177231 0.015881 200 191 1000 1008 2 10000 10000 0 3
0.166667 0.198823 0.015887 200 209 1000 1025 2 10000 10000 0 3
0.166667 0.221531 0.016963 200 231 1000 950 2 10000 10000 0 3
0.166667 0.182568 0.015809 200 222 1000 1006 2 10000 10000 0 3
0.166667 0.174373 0.016151 200 208 1000 1013 2 10000 10000 0 3
0.166667 0.165290 0.015777 200 191 1000 1000 2 10000 10000 0 3
0.166667 0.159308 0.015197 200 189 1000 1053 2 10000 10000 0 3
0.166667 0.172392 0.015949 200 196 1000 989 2 10000 10000 0 3
0.166667 0.174474 0.015906 200 210 1000 990 2 10000 10000 0 3
0.166667 0.161661 0.015505 200 193 1000 1017 2 10000 10000 0 3
0.166667 0.175162 0.016367 200 186 1000 976 2 10000 10000 0 3
0.166667 0.190765 0.016167 200 190 1000 1052 2 10000 10000 0 3
0.166667 0.157528 0.015309 200 193 1000 1031 2 10000 10000 0 3
0.166667 0.178521 0.015948 200 207 1000 1013 2 10000 10000 0 3
0.166667 0.183353 0.015764 200 221 1000 1029 2 10000 10000 0 3
0.166667 0.156878 0.015689 200 209 1000 1019 2 10000 10000 0 3
0.166667 0.179771 0.016343 200 191 1000 976 2 10000 10000 0 3
0.166667 0.170492 0.015839 200 207 1000 1002 2 10000 10000 0 3
0.166667 0.176468 0.016469 200 195 1000 970 2 10000 10000 0 3
0.166667 0.173217 0.015988 200 216 1000 1010 2 10000 10000 0 3
0.166667 0.170825 0.015678 200 198 1000 1039 2 10000 10000 0 3
0.166667 0.148077 0.015442 200 184 1000 1027 2 10000 10000 0 3
0.166667 0.163896 0.015354 200 198 1000 1025 2 10000 10000 0 3
0.166667 0.168185 0.015871 200 217 1000 997 2 10000 10000 0 3
0.166667 0.184954 0.016402 200 206 1000 1007 2 10000 10000 0 3
0.166667 0.178710 0.016362 200 218 1000 995 2 10000 10000 0 3
0.166667 0.164969 0.015761 200 189 1000 1019 2 10000 10000 0 3
0.166667 0.169193 0.015878 200 205 1000 978 2 10000 10000 0 3
0.166667 0.195077 0.016145 200 222 1000 1012 2 10000 10000 0 3
0.166667 0.157794 0.015806 200 175 1000 1010 2 10000 10000 0 3
0.166667 0.162397 0.015903 200 193 1000 997 2 10000 10000 0 3
0.166667 0.153358 0.015314 200 199 1000 1030 2 10000 10000 0 3
0.166667 0.199977 0.016410 200 215 1000 949 2 10000 10000 0 3
0.166667 0.189765 0.016628 200 204 1000 985 2 10000 10000 0 3
0.166667 0.185818 0.016115 200 202 1000 992 2 10000 10000 0 3
0.166667 0.196003 0.016663 200 194 1000 954 2 10000 10000 0 3
0.166667 0.200941 0.016372 200 221 1000 1000 2 10000 10000 0 3
0.166667 0.183353 0.016258 200 215 1000 1004 2 10000 10000 0 3
0.166667 0.204694 0.016434 200 201 1000 1000 2 10000 10000 0 3
0.166667 0.181808 0.016378 200 215 1000 973 2 10000 10000 0 3
0.166667 0.185538 0.016157 200 199 1000 1020 2 10000 10000 0 3
0.166667 0.175552 0.016088 200 208 1000 1029 2 10000 10000 0 3
0.166667 0.204602 0.016729 200 219 1000 957 2 10000 10000 0 3
0.166667 0.148194 0.016028 200 165 1000 959 2 10000 10000 0 3
0.166667 0.195899 0.016426 200 215 1000 999 2 10000 10000 0 3
0.166667 0.181836 0.016101 200 208 1000 999 2 10000 10000 0 3
0.166667 0.170252 0.016129 200 210 1000 979 2 10000 10000 0 3
0.166667 0.178051 0.016167 200 205 1000 994 2 10000 10000 0 3
0.166667 0.204612 0.017133 200 202 1000 928 2 10000 10000 0 3
0.166667 0.158693 0.015776 200 202 1000 1017 2 10000 10000 0 3
0.166667 0.144661 0.015864 200 187 1000 967 2 10000 10000 0 3
0.166667 0.171169 0.015804 200 191 1000 1002 2 10000 10000 0 3
0.166667 0.181174 0.015997 200 209 1000 985 2 10000 10000 0 3
0.166667 0.132494 0.015291 200 198 1000 998 2 10000 10000 0 3
0.166667 0.208037 0.016136 200 219 1000 1006 2 10000 10000 0 3
0.166667 0.183438 0.016550 200 208 1000 946 2 10000 10000 0 3
0.166667 0.163475 0.016159 200 204 1000 966 2 10000 10000 0 3
0.166667 0.179743 0.016267 200 195 1000 999 2 10000 10000 0 3
0.166667 0.174103 0.015975 200 207 1000 1033 2 10000 10000 0 3
0.166667 0.169506 0.016122 200 181 1000 994 2 10000 10000 0 3
0.166667 0.179786 0.016017 200 208 1000 1001 2 10000 10000 0 3
0.166667 0.189900 0.015988 200 201 1000 1026 2 10000 10000 0 3
0.166667 0.152366 0.015444 200 215 1000 1039 2 10000 10000 0 3
0.166667 0.194188 0.016348 200 196 1000 981 2 10000 10000 0 3
0.166667 0.180734 0.016181 200 194 1000 987 2 10000 10000 0 3
0.166667 0.168381 0.015670 200 220 1000 1000 2 10000 10000 0 3
0.166667 0.163033 0.015381 200 205 1000 1058 2 10000 10000 0 3
0.166667 0.168847 0.016072 200 200 1000 1013 2 10000 10000 0 3
0.166667 0.170274 0.015803 200 190 1000 1024 2 10000 10000 0 3
0.166667 0.220197 0.016710 200 221 1000 993 2 10000 10000 0 3
0.166667 0.181545 0.015738 200 215 1000 1015 2 10000 10000 0 3
0.166667 0.170619 0.016289 200 195 1000 983 2 10000 10000 0 3
0.166667 0.204410 0.016396 200 221 1000 996 2 10000 10000 0 3
0.166667 0.151846 0.015514 200 185 1000 1008 2 10000 10000 0 3
0.166667 0.198582 0.016964 200 226 1000 938 2 10000 10000 0 3
0.166667 0.184249 0.016261 200 203 1000 990 2 10000 10000 0 3
0.166667 0.169774 0.015753 200 214 1000 1033 2 10000 10000 0 3
0.166667 0.206361 0.016820 200 218 1000 976 2 10000 10000 0 3
0.166667 0.190027 0.016551 200 203 1000 952 2 10000 10000 0 3
0.166667 0.207230 0.016859 200 214 1000 985 2 10000 10000 0 3
0.166667 0.183254 0.015885 200 215 1000 1011 2 10000 10000 0 3
0.166667 0.178579 0.015877 200 215 1000 1013 2 10000 10000 0 3
0.166667 0.200272 0.016971 200 213 1000 967 2 10000 10000 0 3
0.166667 0.140279 0.014659 200 196 1000 1054 2 10000 10000 0 3
0.166667 0.176032 0.015874 200 186 1000 1008 2 10000 10000 0 3
0.166667 0.181021 0.016071 200 195 1000 970 2 10000 10000 0 3
0.166667 0.164825 0.015904 200 203 1000 958 2 10000 10000 0 3
0.166667 0.161227 0.015974 200 168 1000 1025 2 10000 10000 0 3
0.166667 0.202278 0.016316 200 229 1000 1030 2 10000 10000 0 3
0.166667 0.185726 0.016560 200 199 1000 952 2 10000 10000 0 3
0.166667 0.187291 0.016154 200 223 1000 1006 2 10000 10000 0 3
0.166667 0.180264 0.016109 200 209 1000 1027 2 10000 10000 0 3
0.166667 0.168973 0.016070 200 196 1000 1010 2 10000 10000 0 3
0.166667 0.171823 0.015643 200 219 1000 1042 2 10000 10000 0 3
0.166667 0.158831 0.015236 200 202 1000 1070 2 10000 10000 0 3
0.166667 0.165938 0.015815 200 188 1000 1014 2 10000 10000 0 3
0.166667 0.166515 0.016202 200 198 1000 963 2 10000 10000 0 3
0.166667 0.191598 0.015896 200 205 1000 1034 2 10000 10000 0 3
0.166667 0.143480 0.015361 200 174 1000 1015 2 10000 10000 0 3
0.166667 0.161802 0.016088 200 202 1000 1000 2 10000 10000 0 3
0.166667 0.182155 0.016376 200 200 1000 952 2 10000 10000 0 3
0.166667 0.216269 0.017198 200 206 1000 976 2 10000 10000 0 3
0.166667 0.192842 0.016552 200 214 1000 982 2 10000 10000 0 3
0.166667 0.180862 0.016312 200 177 1000 1003 2 10000 10000 0 3
0.166667 0.155614 0.016087 200 194 1000 997 2 10000 10000 0 3
0.166667 0.159979 0.015401 200 201 1000 1029 2 10000 10000 0 3
0.166667 0.177394 0.016376 200 213 1000 1010 2 10000 10000 0 3
0.166667 0.183669 0.016539 200 202 1000 950 2 10000 10000 0 3
0.166667 0.173102 0.016729 200 171 1000 960 2 10000 10000 0 3
0.166667 0.165134 0.016329 200 190 1000 947 2 10000 10000 0 3
0.166667 0.208326 0.016482 200 225 1000 999 2 10000 10000 0 3
0.166667 0.173635 0.015693 200 204 1000 1053 2 10000 10000 0 3
0.166667 0.158664 0.015859 200 192 1000 993 2 10000 10000 0 3
0.166667 0.172651 0.015737 200 188 1000 1010 2 10000 10000 0 3
0.166667 0.169448 0.015832 200 203 1000 993 2 10000 10000 0 3
0.166667 0.162354 0.016076 200 209 1000 930 2 10000 10000 0 3
0.166667 0.192656 0.016481 200 208 1000 987 2 10000 10000 0 3
0.166667 0.176749 0.016350 200 179 1000 955 2 10000 10000 0 3
0.166667 0.179251 0.015698 200 204 1000 1015 2 10000 10000 0 3
0.166667 0.163738 0.016497 200 161 1000 953 2 10000 10000 0 3
0.166667 0.169273 0.016047 200 189 1000 990 2 10000 10000 0 3
0.166667 0.212292 0.016838 200 205 1000 993 2 10000 10000 0 3
0.166667 0.181412 0.015988 200 206 1000 1067 2 10000 10000 0 3
0.166667 0.165471 0.016064 200 195 1000 939 2 10000 10000 0 3
0.166667 0.172557 0.016115 200 189 1000 986 2 10000 10000 0 3
0.166667 0.151775 0.015486 200 200 1000 1021 2 10000 10000 0 3
0.166667 0.209327 0.016728 200 221 1000 938 2 10000 10000 0 3
0.166667 0.188421 0.015868 200 204 1000 1034 2 10000 10000 0 3
0.166667 0.157579 0.016317 200 185 1000 930 2 10000 10000 0 3
0.166667 0.199061 0.016551 200 206 1000 1001 2 10000 10000 0 3
0.166667 0.144749 0.015460 200 165 1000 991 2 10000 10000 0 3
0.166667 0.169799 0.015924 200 194 1000 1020 2 10000 10000 0 3
0.166667 0.180725 0.015889 200 195 1000 1008 2 10000 10000 0 3
0.166667 0.173439 0.015837 200 198 1000 1036 2 10000 10000 0 3
0.166667 0.170909 0.015982 200 210 1000 996 2 10000 10000 0 3
0.166667 0.174645 0.016124 200 210 1000 985 2 10000 10000 0 3
0.166667 0.180597 0.016144 200 186 1000 1022 2 10000 10000 0 3
0.166667 0.162029 0.015642 200 177 1000 959 2 10000 10000 0 3
0.166667 0.190179 0.016167 200 201 1000 1022 2 10000 10000 0 3
0.166667 0.163831 0.016430 200 182 1000 982 2 10000 10000 0 3
0.166667 0.151091 0.014649 200 200 1000 1095 2 10000 10000 0 3
0.166667 0.182559 0.016068 200 237 1000 1026 2 10000 10000 0 3
0.166667 0.200430 0.016253 200 214 1000 987 2 10000 10000 0 3
0.166667 0.191545 0.016432 200 204 1000 957 2 10000 10000 0 3
0.166667 0.181412 0.016057 200 210 1000 1016 2 10000 10000 0 3
0.166667 0.169115 0.016094 200 215 1000 1013 2 10000 10000 0 3
0.166667 0.145642 0.015652 200 178 1000 1040 2 10000 10000 0 3
0.166667 0.173608 0.016028 200 198 1000 1003 2 10000 10000 0 3
0.166667 0.190701 0.016319 200 187 1000 1002 2 10000 10000 0 3
0.166667 0.195509 0.017002 200 189 1000 966 2 10000 10000 0 3
0.166667 0.156958 0.015353 200 196 1000 1034 2 10000 10000 0 3
0.166667 0.181301 0.016746 200 201 1000 960 2 10000 10000 0 3
0.166667 0.173483 0.016160 200 196 1000 986 2 10000 10000 0 3
0.166667 0.215715 0.016927 200 206 1000 959 2 10000 10000 0 3
0.166667 0.165228 0.016011 200 187 1000 1001 2 10000 10000 0 3
0.166667 0.204143 0.015941 200 221 1000 1011 2 10000 10000 0 3
0.166667 0.176680 0.016203 200 210 1000 1013 2 10000 10000 0 3
0.166667 0.194889 0.016499 200 187 1000 965 2 10000 10000 0 3
0.166667 0.184997 0.016777 200 205 1000 919 2 10000 10000 0 3
0.166667 0.163647 0.015598 200 229 1000 1022 2 10000 10000 0 3
0.166667 0.204369 0.016504 200 226 1000 964 2 10000 10000 0 3
0.166667 0.153041 0.015979 200 183 1000 964 2 10000 10000 0 3
0.166667 0.187136 0.015890 200 202 1000 988 2 10000 10000 0 3
0.166667 0.185550 0.016097 200 213 1000 1018 2 10000 10000 0 3
0.166667 0.189254 0.015870 200 215 1000 1004 2 10000 10000 0 3
0.166667 0.177969 0.015456 200 209 1000 1029 2 10000 10000 0 3
0.166667 0.189658 0.016513 200 218 1000 968 2 10000 10000 0 3
0.166667 0.176354 0.015878 200 187 1000 991 2 10000 10000 0 3
0.166667 0.166913 0.016056 200 197 1000 979 2 10000 10000 0 3
0.166667 0.177614 0.016228 200 193 1000 1011 2 10000 10000 0 3
0.166667 0.185135 0.016212 200 216 1000 994 2 10000 10000 0 3
0.166667 0.174108 0.016339 200 203 1000 960 2 10000 10000 0 3
0.166667 0.192001 0.016124 200 208 1000 1005 2 10000 10000 0 3
0.166667 0.197150 0.016554 200 197 1000 967 2 10000 10000 0 3
0.166667 0.189754 0.015785 200 213 1000 1025 2 10000 10000 0 3
0.166667 0.187572 0.015968 200 198 1000 1027 2 10000 10000 0 3
0.166667 0.238008 0.016696 200 244 1000 971 2 10000 10000 0 3
0.166667 0.165451 0.015825 200 202 1000 1005 2 10000 10000 0 3
0.166667 0.185958 0.015675 200 218 1000 1018 2 10000 10000 0 3
0.166667 0.187743 0.016175 200 189 1000 1011 2 10000 10000 0 3
0.166667 0.175702 0.016117 200 192 1000 1002 2 10000 10000 0 3
0.166667 0.151415 0.015326 200 208 1000 1021 2 10000 10000 0 3
0.166667 0.213604 0.016433 200 214 1000 994 2 10000 10000 0 3
0.166667 0.189936 0.015999 200 206 1000 1025 2 10000 10000 0 3
0.166667 0.196381 0.016545 200 200 1000 995 2 10000 10000 0 3
0.166667 0.174627 0.015878 200 185 1000 1040 2 10000 10000 0 3
0.166667 0.190886 0.016125 200 199 1000 1021 2 10000 10000 0 3
0.166667 0.189216 0.016078 200 195 1000 974 2 10000 10000 0 3
0.166667 0.181917 0.016494 200 218 1000 998 2 10000 10000 0 3
0.166667 0.183668 0.016476 200 213 1000 978 2 10000 10000 0 3
0.166667 0.159089 0.015558 200 195 1000 1023 2 10000 10000 0 3
0.166667 0.201933 0.016130 200 219 1000 1004 2 10000 10000 0 3
0.166667 0.180410 0.016071 200 195 1000 1021 2 10000 10000 0 3
0.166667 0.178393 0.016198 200 205 1000 992 2 10000 10000 0 3
0.166667 0.178377 0.015962 200 207 1000 992 2 10000 10000 0 3
0.166667 0.176345 0.016116 200 207 1000 991 2 10000 10000 0 3
0.166667 0.177417 0.016363 200 214 1000 980 2 10000 10000 0 3
0.166667 0.178238 0.016480 200 205 1000 962 2 10000 10000 0 3
0.166667 0.177948 0.016339 200 207 1000 968 2 10000 10000 0 3
0.166667 0.168759 0.015765 200 197 1000 1046 2 10000 10000 0 3
0.166667 0.185441 0.016159 200 195 1000 998 2 10000 10000 0 3
0.166667 0.186111 0.016018 200 212 1000 1002 2 10000 10000 0 3
0.166667 0.182521 0.016521 200 195 1000 983 2 10000 10000 0 3
0.166667 0.182860 0.015567 200 218 1000 1039 2 10000 10000 0 3
0.166667 0.168465 0.015416 200 191 1000 1075 2 10000 10000 0 3
0.166667 0.186168 0.016159 200 185 1000 1021 2 10000 10000 0 3
0.166667 0.139833 0.015434 200 172 1000 986 2 10000 10000 0 3
0.166667 0.183656 0.015963 200 214 1000 1009 2 10000 10000 0 3
0.166667 0.178316 0.016275 200 193 1000 1027 2 10000 10000 0 3
0.166667 0.191037 0.016531 200 198 1000 1009 2 10000 10000 0 3
0.166667 0.180769 0.016121 200 198 1000 988 2 10000 10000 0 3
0.166667 0.181079 0.015849 200 198 1000 1043 2 10000 10000 0 3
0.166667 0.192429 0.015921 200 219 1000 1029 2 10000 10000 0 3
0.166667 0.160556 0.015468 200 193 1000 1056 2 10000 10000 0 3
0.166667 0.174706 0.016340 200 191 1000 965 2 10000 10000 0 3
0.166667 0.180005 0.016390 200 182 1000 967 2 10000 10000 0 3
0.166667 0.185587 0.016641 200 199 1000 951 2 10000 10000 0 3
