0.166667 0.182097 0.014615 200 218 1000 970 1000 1000 0 3
0.166667 0.176727 0.014534 200 196 1000 962 1000 1000 0 3
0.166667 0.168122 0.013499 200 201 1000 1034 1000 1000 0 3
0.166667 0.175140 0.013810 200 205 1000 1048 1000 1000 0 3
0.166667 0.158584 0.013645 200 175 1000 992 1000 1000 0 3
0.166667 0.166295 0.014079 200 215 1000 974 1000 1000 0 3
0.166667 0.184660 0.015029 200 208 1000 961 1000 1000 0 3
0.166667 0.179877 0.014104 200 211 1000 1019 1000 1000 0 3
0.166667 0.149043 0.014446 200 190 1000 969 1000 1000 0 3
0.166667 0.152843 0.014508 200 175 1000 948 1000 1000 0 3
0.166667 0.179082 0.014470 200 195 1000 969 1000 1000 0 3
0.166667 0.154463 0.014175 200 183 1000 973 1000 1000 0 3
0.166667 0.146402 0.013812 200 211 1000 1009 1000 1000 0 3
0.166667 0.165645 0.014212 200 209 1000 1000 1000 1000 0 3
0.166667 0.156339 0.013903 200 201 1000 1025 1000 1000 0 3
0.166667 0.124646 0.013658 200 174 1000 1001 1000 1000 0 3
0.166667 0.201474 0.014412 200 232 1000 1001 1000 1000 0 3
0.166667 0.180464 0.013965 200 216 1000 1088 1000 1000 0 3
0.166667 0.182674 0.014425 200 208 1000 1028 1000 1000 0 3
0.166667 0.163451 0.014142 200 217 1000 1024 1000 1000 0 3
0.166667 0.182825 0.014492 200 192 1000 983 1000 1000 0 3
0.166667 0.133594 0.014294 200 171 1000 952 1000 1000 0 3
0.166667 0.150699 0.013985 200 199 1000 1064 1000 1000 0 3
0.166667 0.156356 0.014060 200 190 1000 1040 1000 1000 0 3
0.166667 0.150114 0.014289 200 188 1000 999 1000 1000 0 3
0.166667 0.170272 0.014185 200 195 1000 1016 1000 1000 0 3
0.166667 0.165301 0.014455 200 210 1000 993 1000 1000 0 3
0.166667 0.178577 0.014228 200 200 1000 982 1000 1000 0 3
0.166667 0.170502 0.013899 200 197 1000 995 1000 1000 0 3
0.166667 0.179017 0.013666 200 235 1000 1087 1000 1000 0 3
0.166667 0.176575 0.014733 200 219 1000 957 1000 1000 0 3
0.166667 0.187971 0.014067 200 206 1000 1057 1000 1000 0 3
0.166667 0.162324 0.014196 200 202 1000 1004 1000 1000 0 3
0.166667 0.159676 0.014304 200 194 1000 987 1000 1000 0 3
0.166667 0.161208 0.014080 200 212 1000 990 1000 1000 0 3
0.166667 0.155270 0.013984 200 185 1000 1007 1000 1000 0 3
0.166667 0.133787 0.013798 200 198 1000 1002 1000 1000 0 3
0.166667 0.183596 0.014530 200 207 1000 1044 1000 1000 0 3
0.166667 0.170313 0.014396 200 198 1000 992 1000 1000 0 3
0.166667 0.160317 0.014635 200 200 1000 989 1000 1000 0 3
0.166667 0.188344 0.014457 200 237 1000 1023 1000 1000 0 3
0.166667 0.180623 0.014431 200 223 1000 1021 1000 1000 0 3
0.166667 0.200709 0.014763 200 221 1000 955 1000 1000 0 3
0.166667 0.181808 0.014543 200 218 1000 980 1000 1000 0 3
0.166667 0.160746 0.014002 200 206 1000 1012 1000 1000 0 3
0.166667 0.207961 0.014373 200 236 1000 1034 1000 1000 0 3
0.166667 0.178765 0.014970 200 219 1000 987 1000 1000 0 3
0.166667 0.145067 0.013468 200 197 1000 1086 1000 1000 0 3
0.166667 0.156579 0.014320 200 181 1000 1008 1000 1000 0 3
0.166667 0.146718 0.013588 200 212 1000 1031 1000 1000 0 3
0.166667 0.149188 0.013678 200 192 1000 1046 1000 1000 0 3
0.166667 0.171401 0.014163 200 205 1000 987 1000 1000 0 3
0.166667 0.184247 0.013979 200 221 1000 981 1000 1000 0 3
0.166667 0.151971 0.014200 200 202 1000 997 1000 1000 0 3
0.166667 0.163917 0.014411 200 187 1000 991 1000 1000 0 3
0.166667 0.168470 0.014883 200 202 1000 955 1000 1000 0 3
0.166667 0.163849 0.014260 200 178 1000 1010 1000 1000 0 3
0.166667 0.154859 0.013947 200 188 1000 990 1000 1000 0 3
0.166667 0.170490 0.014116 200 187 1000 1010 1000 1000 0 3
0.166667 0.151063 0.013427 200 190 1000 1077 1000 1000 0 3
0.166667 0.168000 0.014348 200 210 1000 970 1000 1000 0 3
0.166667 0.170755 0.014300 200 203 1000 981 1000 1000 0 3
0.166667 0.154856 0.014045 200 199 1000 1016 1000 1000 0 3
0.166667 0.200716 0.015413 200 205 1000 938 1000 1000 0 3
0.166667 0.164469 0.014648 200 204 1000 976 1000 1000 0 3
0.166667 0.160985 0.014148 200 189 1000 1002 1000 1000 0 3
0.166667 0.161386 0.014205 200 205 1000 993 1000 1000 0 3
0.166667 0.179216 0.014930 200 207 1000 948 1000 1000 0 3
0.166667 0.184481 0.014035 200 241 1000 1038 1000 1000 0 3
0.166667 0.153491 0.013657 200 210 1000 1063 1000 1000 0 3
0.166667 0.134003 0.013996 200 213 1000 1006 1000 1000 0 3
0.166667 0.181139 0.014331 200 206 1000 1018 1000 1000 0 3
0.166667 0.194129 0.014384 200 215 1000 990 1000 1000 0 3
0.166667 0.155649 0.013594 200 204 1000 1048 1000 1000 0 3
0.166667 0.183662 0.015034 200 197 1000 934 1000 1000 0 3
0.166667 0.161932 0.014259 200 206 1000 999 1000 1000 0 3
0.166667 0.189320 0.014985 200 219 1000 960 1000 1000 0 3
0.166667 0.180797 0.014515 200 216 1000 1005 1000 1000 0 3
0.166667 0.180127 0.014222 200 206 1000 986 1000 1000 0 3
0.166667 0.127565 0.013120 200 174 1000 1017 1000 1000 0 3
0.166667 0.156978 0.013575 200 223 1000 1019 1000 1000 0 3
0.166667 0.156763 0.013871 200 186 1000 1028 1000 1000 0 3
0.166667 0.139947 0.014232 200 192 1000 997 1000 1000 0 3
0.166667 0.133600 0.013159 200 203 1000 1027 1000 1000 0 3
0.166667 0.159603 0.013656 200 207 1000 1005 1000 1000 0 3
0.166667 0.194463 0.014271 200 219 1000 1040 1000 1000 0 3
0.166667 0.169060 0.013893 200 216 1000 1047 1000 1000 0 3
0.166667 0.171141 0.014612 200 216 1000 977 1000 1000 0 3
0.166667 0.172075 0.014712 200 190 1000 975 1000 1000 0 3
0.166667 0.136448 0.013761 200 194 1000 974 1000 1000 0 3
0.166667 0.155557 0.013850 200 200 1000 1010 1000 1000 0 3
0.166667 0.166779 0.013996 200 233 1000 1009 1000 1000 0 3
0.166667 0.171561 0.013998 200 212 1000 1003 1000 1000 0 3
0.166667 0.184272 0.014398 200 215 1000 1001 1000 1000 0 3
0.166667 0.169515 0.014505 200 192 1000 969 1000 1000 0 3
0.166667 0.180785 0.014692 200 224 1000 952 1000 1000 0 3
0.166667 0.165386 0.013872 200 199 1000 1012 1000 1000 0 3
0.166667 0.156146 0.014063 200 194 1000 1011 1000 1000 0 3
0.166667 0.147135 0.014231 200 186 1000 1011 1000 1000 0 3
0.166667 0.160158 0.013814 200 172 1000 1011 1000 1000 0 3
0.166667 0.171615 0.014578 200 219 1000 993 1000 1000 0 3
0.166667 0.155319 0.013951 200 217 1000 994 1000 1000 0 3
0.166667 0.161058 0.013883 200 193 1000 1026 1000 1000 0 3
0.166667 0.165831 0.013978 200 206 1000 1028 1000 1000 0 3
0.166667 0.195981 0.014522 200 221 1000 1020 1000 1000 0 3
0.166667 0.137631 0.013723 200 189 1000 1021 1000 1000 0 3
0.166667 0.151526 0.013936 200 216 1000 1020 1000 1000 0 3
0.166667 0.189127 0.014567 200 201 1000 1018 1000 1000 0 3
0.166667 0.182152 0.014779 200 194 1000 931 1000 1000 0 3
0.166667 0.163227 0.013675 200 209 1000 1063 1000 1000 0 3
0.166667 0.196585 0.014495 200 217 1000 970 1000 1000 0 3
0.166667 0.174671 0.014127 200 196 1000 1010 1000 1000 0 3
0.166667 0.153268 0.014150 200 204 1000 965 1000 1000 0 3
0.166667 0.185254 0.014122 200 218 1000 1026 1000 1000 0 3
0.166667 0.145926 0.013685 200 187 1000 1014 1000 1000 0 3
0.166667 0.155920 0.014341 200 197 1000 1013 1000 1000 0 3
0.166667 0.156931 0.013719 200 192 1000 1069 1000 1000 0 3
0.166667 0.149637 0.013697 200 182 1000 1031 1000 1000 0 3
0.166667 0.178566 0.014486 200 204 1000 965 1000 1000 0 3
0.166667 0.141662 0.014031 200 200 1000 1006 1000 1000 0 3
0.166667 0.161149 0.014556 200 212 1000 959 1000 1000 0 3
0.166667 0.176526 0.013881 200 192 1000 1010 1000 1000 0 3
0.166667 0.135946 0.013705 200 212 1000 1037 1000 1000 0 3
0.166667 0.142522 0.013974 200 212 1000 1030 1000 1000 0 3
0.166667 0.187557 0.014409 200 214 1000 1023 1000 1000 0 3
0.166667 0.184030 0.013660 200 208 1000 1017 1000 1000 0 3
0.166667 0.134585 0.013284 200 211 1000 1069 1000 1000 0 3
0.166667 0.181463 0.014366 200 195 1000 979 1000 1000 0 3
0.166667 0.162311 0.014174 200 202 1000 981 1000 1000 0 3
0.166667 0.139450 0.014287 200 183 1000 972 1000 1000 0 3
0.166667 0.191379 0.014522 200 223 1000 1015 1000 1000 0 3
0.166667 0.141030 0.013770 200 188 1000 1000 1000 1000 0 3
0.166667 0.126602 0.013415 200 186 1000 1024 1000 1000 0 3
0.166667 0.164653 0.013858 200 188 1000 1018 1000 1000 0 3
0.166667 0.125620 0.013362 200 199 1000 1072 1000 1000 0 3
0.166667 0.153590 0.014665 200 186 1000 938 1000 1000 0 3
0.166667 0.138517 0.013783 200 185 1000 1057 1000 1000 0 3
0.166667 0.189812 0.014612 200 209 1000 972 1000 1000 0 3
0.166667 0.170590 0.014085 200 202 1000 1026 1000 1000 0 3
0.166667 0.160577 0.014201 200 196 1000 963 1000 1000 0 3
0.166667 0.193411 0.014862 200 182 1000 935 1000 1000 0 3
0.166667 0.191127 0.014476 200 205 1000 978 1000 1000 0 3
0.166667 0.160621 0.013827 200 198 1000 1037 1000 1000 0 3
0.166667 0.176864 0.014249 200 228 1000 1011 1000 1000 0 3
0.166667 0.144195 0.013965 200 191 1000 987 1000 1000 0 3
0.166667 0.160673 0.014086 200 205 1000 970 1000 1000 0 3
0.166667 0.170270 0.014396 200 210 1000 994 1000 1000 0 3
0.166667 0.183377 0.014754 200 176 1000 970 1000 1000 0 3
0.166667 0.187877 0.014516 200 198 1000 981 1000 1000 0 3
0.166667 0.161214 0.014490 200 185 1000 972 1000 1000 0 3
0.166667 0.163747 0.014241 200 210 1000 1042 1000 1000 0 3
0.166667 0.175308 0.014603 200 201 1000 994 1000 1000 0 3
0.166667 0.163208 0.014237 200 177 1000 1022 1000 1000 0 3
0.166667 0.146472 0.014233 200 208 1000 994 1000 1000 0 3
0.166667 0.165241 0.014281 200 199 1000 1040 1000 1000 0 3
0.166667 0.149431 0.013745 200 201 1000 992 1000 1000 0 3
0.166667 0.133146 0.013646 200 173 1000 995 1000 1000 0 3
0.166667 0.180560 0.014758 200 204 1000 967 1000 1000 0 3
0.166667 0.133420 0.013359 200 160 1000 1043 1000 1000 0 3
0.166667 0.163596 0.014051 200 202 1000 1036 1000 1000 0 3
0.166667 0.152378 0.013642 200 195 1000 997 1000 1000 0 3
0.166667 0.175338 0.013796 200 209 1000 1020 1000 1000 0 3
0.166667 0.156301 0.013723 200 193 1000 1048 1000 1000 0 3
0.166667 0.144640 0.013675 200 208 1000 1037 1000 1000 0 3
0.166667 0.148149 0.014539 200 201 1000 973 1000 1000 0 3
0.166667 0.148943 0.013691 200 191 1000 993 1000 1000 0 3
0.166667 0.173174 0.014211 200 208 1000 1018 1000 1000 0 3
0.166667 0.177966 0.014646 200 200 1000 962 1000 1000 0 3
0.166667 0.159769 0.014153 200 207 1000 1021 1000 1000 0 3
0.166667 0.165059 0.014713 200 207 1000 958 1000 1000 0 3
0.166667 0.166877 0.014631 200 178 1000 978 1000 1000 0 3
0.166667 0.158144 0.014209 200 185 1000 1015 1000 1000 0 3
0.166667 0.161314 0.014139 200 188 1000 984 1000 1000 0 3
0.166667 0.160580 0.014428 200 206 1000 993 1000 1000 0 3
0.166667 0.174827 0.014603 200 208 1000 960 1000 1000 0 3
0.166667 0.139481 0.013535 200 193 1000 1016 1000 1000 0 3
0.166667 0.184027 0.015272 200 189 1000 945 1000 1000 0 3
0.166667 0.162849 0.013680 200 196 1000 999 1000 1000 0 3
0.166667 0.177977 0.014223 200 196 1000 1004 1000 1000 0 3
0.166667 0.173031 0.014388 200 205 1000 994 1000 1000 0 3
0.166667 0.145315 0.013839 200 165 1000 987 1000 1000 0 3
0.166667 0.150232 0.013865 200 180 1000 1031 1000 1000 0 3
0.166667 0.164210 0.014618 200 194 1000 973 1000 1000 0 3
0.166667 0.173293 0.014416 200 210 1000 1008 1000 1000 0 3
0.166667 0.147015 0.013423 200 192 1000 1051 1000 1000 0 3
0.166667 0.152640 0.013640 200 196 1000 1046 1000 1000 0 3
0.166667 0.169667 0.014497 200 187 1000 1006 1000 1000 0 3
0.166667 0.156230 0.013943 200 204 1000 986 1000 1000 0 3
0.166667 0.174467 0.014386 200 212 1000 1009 1000 1000 0 3
0.166667 0.171556 0.014276 200 189 1000 989 1000 1000 0 3
0.166667 0.151878 0.014487 200 187 1000 994 1000 1000 0 3
0.166667 0.167845 0.013984 200 217 1000 1056 1000 1000 0 3
0.166667 0.165287 0.014113 200 212 1000 997 1000 1000 0 3
0.166667 0.178109 0.014313 200 195 1000 995 1000 1000 0 3
0.166667 0.187776 0.014864 200 202 1000 978 1000 1000 0 3
0.166667 0.152187 0.014334 200 191 1000 934 1000 1000 0 3
0.166667 0.171971 0.014550 200 208 1000 955 1000 1000 0 3
0.166667 0.177885 0.014073 200 215 1000 1016 1000 1000 0 3
0.166667 0.136943 0.014222 200 201 1000 970 1000 1000 0 3
0.166667 0.161407 0.015067 200 213 1000 949 1000 1000 0 3
0.166667 0.153955 0.014490 200 184 1000 986 1000 1000 0 3
0.166667 0.152170 0.014356 200 196 1000 952 1000 1000 0 3
0.166667 0.192098 0.014284 200 212 1000 989 1000 1000 0 3
0.166667 0.144696 0.013981 200 195 1000 966 1000 1000 0 3
0.166667 0.128527 0.013307 200 178 1000 1030 1000 1000 0 3
0.166667 0.153087 0.014770 200 185 1000 966 1000 1000 0 3
0.166667 0.181178 0.013823 200 179 1000 1031 1000 1000 0 3
0.166667 0.167475 0.014112 200 193 1000 1014 1000 1000 0 3
0.166667 0.185521 0.014505 200 213 1000 964 1000 1000 0 3
0.166667 0.193772 0.014484 200 221 1000 1002 1000 1000 0 3
0.166667 0.165053 0.013956 200 199 1000 1042 1000 1000 0 3
0.166667 0.156478 0.013691 200 170 1000 1017 1000 1000 0 3
0.166667 0.166366 0.014493 200 198 1000 988 1000 1000 0 3
0.166667 0.180230 0.013806 200 208 1000 1020 1000 1000 0 3
0.166667 0.188588 0.015205 200 217 1000 926 1000 1000 0 3
0.166667 0.185397 0.014653 200 219 1000 995 1000 1000 0 3
0.166667 0.175542 0.014592 200 208 1000 971 1000 1000 0 3
0.166667 0.146285 0.014170 200 193 1000 958 1000 1000 0 3
0.166667 0.178376 0.014827 200 202 1000 959 1000 1000 0 3
0.166667 0.173369 0.014343 200 210 1000 973 1000 1000 0 3
0.166667 0.186863 0.014741 200 198 1000 968 1000 1000 0 3
0.166667 0.185204 0.014466 200 212 1000 998 1000 1000 0 3
0.166667 0.160664 0.014579 200 196 1000 979 1000 1000 0 3
0.166667 0.187930 0.014771 200 207 1000 984 1000 1000 0 3
0.166667 0.169497 0.014930 200 202 1000 946 1000 1000 0 3
0.166667 0.176764 0.014305 200 218 1000 1014 1000 1000 0 3
0.166667 0.201463 0.014605 200 240 1000 974 1000 1000 0 3
0.166667 0.164962 0.014633 200 204 1000 977 1000 1000 0 3
0.166667 0.140899 0.013577 200 209 1000 1046 1000 1000 0 3
0.166667 0.142122 0.013815 200 179 1000 996 1000 1000 0 3
0.166667 0.174034 0.014554 200 223 1000 990 1000 1000 0 3
0.166667 0.169057 0.014708 200 198 1000 962 1000 1000 0 3
0.166667 0.149619 0.014029 200 201 1000 1017 1000 1000 0 3
0.166667 0.126300 0.013565 200 200 1000 1031 1000 1000 0 3
0.166667 0.164198 0.014560 200 201 1000 1009 1000 1000 0 3
0.166667 0.162474 0.013860 200 224 1000 1037 1000 1000 0 3
0.166667 0.173901 0.014695 200 202 1000 957 1000 1000 0 3
0.166667 0.152746 0.014015 200 186 1000 998 1000 1000 0 3
0.166667 0.158631 0.013694 200 208 1000 1031 1000 1000 0 3
0.166667 0.160492 0.013818 200 197 1000 1007 1000 1000 0 3
0.166667 0.145170 0.013775 200 191 1000 1013 1000 1000 0 3
0.166667 0.148234 0.014162 200 188 1000 995 1000 1000 0 3
0.166667 0.159376 0.014909 200 190 1000 961 1000 1000 0 3
0.166667 0.157052 0.013937 200 219 1000 998 1000 1000 0 3
0.166667 0.159335 0.013763 200 201 1000 1030 1000 1000 0 3
0.166667 0.153582 0.013397 200 206 1000 1069 1000 1000 0 3
0.166667 0.135253 0.014009 200 195 1000 1008 1000 1000 0 3
0.166667 0.133389 0.013704 200 182 1000 1003 1000 1000 0 3
0.166667 0.165633 0.013931 200 202 1000 1022 1000 1000 0 3
0.166667 0.136620 0.013722 200 175 1000 975 1000 1000 0 3
0.166667 0.150847 0.014264 200 200 1000 975 1000 1000 0 3
0.166667 0.143422 0.013724 200 211 1000 1062 1000 1000 0 3
0.166667 0.181407 0.014578 200 207 1000 976 1000 1000 0 3
0.166667 0.147136 0.014020 200 181 1000 996 1000 1000 0 3
0.166667 0.145181 0.014043 200 187 1000 1058 1000 1000 0 3
0.166667 0.134158 0.014122 200 199 1000 999 1000 1000 0 3
0.166667 0.146266 0.013813 200 177 1000 1020 1000 1000 0 3
0.166667 0.180422 0.014107 200 215 1000 1019 1000 1000 0 3
0.166667 0.155770 0.014643 200 196 1000 990 1000 1000 0 3
0.166667 0.113977 0.013191 200 168 1000 1007 1000 1000 0 3
0.166667 0.127173 0.013481 200 175 1000 994 1000 1000 0 3
0.166667 0.131457 0.013497 200 186 1000 973 1000 1000 0 3
0.166667 0.157832 0.014583 200 190 1000 945 1000 1000 0 3
0.166667 0.193524 0.014508 200 215 1000 970 1000 1000 0 3
0.166667 0.167681 0.014383 200 163 1000 983 1000 1000 0 3
0.166667 0.164281 0.013657 200 169 1000 1028 1000 1000 0 3
0.166667 0.145104 0.014388 200 215 1000 986 1000 1000 0 3
0.166667 0.171029 0.014060 200 202 1000 971 1000 1000 0 3
0.166667 0.161885 0.013966 200 178 1000 1006 1000 1000 0 3
0.166667 0.160826 0.013941 200 196 1000 1010 1000 1000 0 3
0.166667 0.162131 0.014396 200 204 1000 1012 1000 1000 0 3
0.166667 0.170029 0.014290 200 209 1000 969 1000 1000 0 3
0.166667 0.157558 0.014314 200 194 1000 1037 1000 1000 0 3
0.166667 0.143671 0.013310 200 179 1000 1050 1000 1000 0 3
0.166667 0.173516 0.014363 200 216 1000 994 1000 1000 0 3
0.166667 0.131002 0.014220 200 182 1000 931 1000 1000 0 3
0.166667 0.140533 0.014011 200 178 1000 1021 1000 1000 0 3
0.166667 0.158941 0.014532 200 182 1000 945 1000 1000 0 3
0.166667 0.169501 0.014207 200 216 1000 1003 1000 1000 0 3
0.166667 0.177613 0.014245 200 204 1000 1013 1000 1000 0 3
0.166667 0.162196 0.014602 200 185 1000 986 1000 1000 0 3
0.166667 0.160100 0.014223 200 229 1000 993 1000 1000 0 3
0.166667 0.171667 0.014889 200 214 1000 952 1000 1000 0 3
0.166667 0.182191 0.014618 200 225 1000 987 1000 1000 0 3
0.166667 0.165680 0.013917 200 217 1000 1063 1000 1000 0 3
0.166667 0.147978 0.014046 200 196 1000 1011 1000 1000 0 3
0.166667 0.155734 0.013823 200 200 1000 1037 1000 1000 0 3
0.166667 0.176426 0.013992 200 218 1000 1052 1000 1000 0 3
0.166667 0.170050 0.014328 200 182 1000 990 1000 1000 0 3
0.166667 0.169358 0.014002 200 198 1000 1049 1000 1000 0 3
0.166667 0.162107 0.013916 200 189 1000 1052 1000 1000 0 3
0.166667 0.164480 0.014673 200 181 1000 943 1000 1000 0 3
0.166667 0.147305 0.014139 200 192 1000 1032 1000 1000 0 3
0.166667 0.171371 0.014381 200 204 1000 940 1000 1000 0 3
0.166667 0.155561 0.013760 200 195 1000 1029 1000 1000 0 3
0.166667 0.171446 0.013794 200 222 1000 1022 1000 1000 0 3
0.166667 0.183379 0.014577 200 219 1000 1031 1000 1000 0 3
0.166667 0.165285 0.014420 200 170 1000 976 1000 1000 0 3
0.166667 0.184719 0.014493 200 198 1000 1005 1000 1000 0 3
0.166667 0.164553 0.014726 200 185 1000 937 1000 1000 0 3
0.166667 0.156678 0.013898 200 204 1000 1043 1000 1000 0 3
0.166667 0.175052 0.013854 200 211 1000 1016 1000 1000 0 3
0.166667 0.174945 0.014270 200 221 1000 979 1000 1000 0 3
0.166667 0.187534 0.015059 200 220 1000 944 1000 1000 0 3
0.166667 0.141359 0.013654 200 174 1000 993 1000 1000 0 3
0.166667 0.170320 0.014377 200 196 1000 1006 1000 1000 0 3
0.166667 0.167216 0.014057 200 220 1000 1035 1000 1000 0 3
0.166667 0.157098 0.014038 200 215 1000 1003 1000 1000 0 3
0.166667 0.185728 0.014920 200 203 1000 960 1000 1000 0 3
0.166667 0.146090 0.013866 200 192 1000 996 1000 1000 0 3
0.166667 0.133548 0.013971 200 170 1000 975 1000 1000 0 3
0.166667 0.147939 0.013801 200 190 1000 979 1000 1000 0 3
0.166667 0.175450 0.014850 200 204 1000 994 1000 1000 0 3
0.166667 0.173259 0.013409 200 201 1000 1089 1000 1000 0 3
0.166667 0.134784 0.013608 200 186 1000 987 1000 1000 0 3
0.166667 0.165787 0.014428 200 189 1000 997 1000 1000 0 3
0.166667 0.158601 0.013850 200 196 1000 1048 1000 1000 0 3
0.166667 0.169426 0.014589 200 193 1000 975 1000 1000 0 3
0.166667 0.158401 0.014401 200 192 1000 968 1000 1000 0 3
0.166667 0.149579 0.013908 200 189 1000 982 1000 1000 0 3
0.166667 0.189476 0.014910 200 226 1000 985 1000 1000 0 3
0.166667 0.175251 0.013450 200 207 1000 1033 1000 1000 0 3
0.166667 0.171325 0.014264 200 215 1000 942 1000 1000 0 3
0.166667 0.174277 0.014544 200 188 1000 981 1000 1000 0 3
0.166667 0.159505 0.014349 200 186 1000 960 1000 1000 0 3
0.166667 0.163326 0.014067 200 201 1000 1019 1000 1000 0 3
0.166667 0.159645 0.014631 200 193 1000 956 1000 1000 0 3
0.166667 0.163179 0.014164 200 198 1000 1006 1000 1000 0 3
0.166667 0.156469 0.013963 200 191 1000 955 1000 1000 0 3
0.166667 0.168613 0.014322 200 193 1000 1028 1000 1000 0 3
0.166667 0.138743 0.014268 200 176 1000 961 1000 1000 0 3
0.166667 0.146848 0.014505 200 179 1000 998 1000 1000 0 3
0.166667 0.165767 0.014217 200 190 1000 983 1000 1000 0 3
0.166667 0.144548 0.013713 200 202 1000 1040 1000 1000 0 3
0.166667 0.162041 0.013891 200 203 1000 1042 1000 1000 0 3
0.166667 0.172380 0.014152 200 210 1000 964 1000 1000 0 3
0.166667 0.150935 0.013941 200 176 1000 1015 1000 1000 0 3
0.166667 0.182839 0.014704 200 219 1000 995 1000 1000 0 3
0.166667 0.199098 0.014898 200 219 1000 959 1000 1000 0 3
0.166667 0.167631 0.013926 200 209 1000 1000 1000 1000 0 3
0.166667 0.175745 0.014531 200 200 1000 944 1000 1000 0 3
0.166667 0.142888 0.013789 200 173 1000 1027 1000 1000 0 3
0.166667 0.164153 0.014419 200 203 1000 962 1000 1000 0 3
0.166667 0.175671 0.013929 200 219 1000 1033 1000 1000 0 3
0.166667 0.157322 0.014163 200 192 1000 977 1000 1000 0 3
0.166667 0.164838 0.014767 200 207 1000 976 1000 1000 0 3
0.166667 0.180956 0.014583 200 213 1000 1009 1000 1000 0 3
0.166667 0.144920 0.013867 200 192 1000 1067 1000 1000 0 3
0.166667 0.135663 0.013533 200 178 1000 1038 1000 1000 0 3
0.166667 0.201766 0.015367 200 215 1000 952 1000 1000 0 3
0.166667 0.144970 0.014219 200 188 1000 1016 1000 1000 0 3
0.166667 0.159829 0.014373 200 191 1000 960 1000 1000 0 3
0.166667 0.177737 0.014535 200 219 1000 1008 1000 1000 0 3
0.166667 0.160343 0.014048 200 200 1000 994 1000 1000 0 3
0.166667 0.195191 0.014353 200 215 1000 963 1000 1000 0 3
0.166667 0.154756 0.014256 200 188 1000 991 1000 1000 0 3
0.166667 0.159863 0.013953 200 206 1000 1010 1000 1000 0 3
0.166667 0.178450 0.014460 200 208 1000 1014 1000 1000 0 3
0.166667 0.168114 0.014428 200 212 1000 969 1000 1000 0 3
0.166667 0.184153 0.014752 200 186 1000 972 1000 1000 0 3
0.166667 0.176856 0.014584 200 212 1000 981 1000 1000 0 3
0.166667 0.193934 0.014168 200 221 1000 1056 1000 1000 0 3
0.166667 0.178857 0.014298 200 205 1000 961 1000 1000 0 3
0.166667 0.148377 0.014168 200 182 1000 972 1000 1000 0 3
0.166667 0.152856 0.013618 200 192 1000 1009 1000 1000 0 3
0.166667 0.148109 0.013589 200 179 1000 1047 1000 1000 0 3
0.166667 0.155998 0.014266 200 209 1000 1033 1000 1000 0 3
0.166667 0.190142 0.014383 200 187 1000 1004 1000 1000 0 3
0.166667 0.163588 0.013926 200 195 1000 1028 1000 1000 0 3
0.166667 0.188282 0.014764 200 203 1000 964 1000 1000 0 3
0.166667 0.171496 0.013952 200 217 1000 1055 1000 1000 0 3
0.166667 0.171904 0.014235 200 197 1000 990 1000 1000 0 3
0.166667 0.163385 0.014463 200 191 1000 1032 1000 1000 0 3
0.166667 0.146496 0.014184 200 194 1000 1027 1000 1000 0 3
0.166667 0.196157 0.014867 200 189 1000 988 1000 1000 0 3
0.166667 0.167284 0.014177 200 208 1000 1000 1000 1000 0 3
0.166667 0.185911 0.014654 200 211 1000 962 1000 1000 0 3
0.166667 0.165057 0.013961 200 208 1000 1030 1000 1000 0 3
0.166667 0.162238 0.014382 200 216 1000 993 1000 1000 0 3
0.166667 0.183821 0.014561 200 204 1000 988 1000 1000 0 3
0.166667 0.176606 0.014148 200 195 1000 981 1000 1000 0 3
0.166667 0.163082 0.014813 200 200 1000 927 1000 1000 0 3
0.166667 0.187393 0.014366 200 211 1000 989 1000 1000 0 3
0.166667 0.174714 0.014237 200 212 1000 966 1000 1000 0 3
0.166667 0.166841 0.014537 200 199 1000 974 1000 1000 0 3
0.166667 0.167951 0.014040 200 204 1000 1005 1000 1000 0 3
0.166667 0.200195 0.015038 200 209 1000 966 1000 1000 0 3
0.166667 0.127345 0.013329 200 176 1000 1032 1000 1000 0 3
0.166667 0.159424 0.013773 200 187 1000 1020 1000 1000 0 3
0.166667 0.151384 0.013937 200 207 1000 977 1000 1000 0 3
0.166667 0.183657 0.014433 200 234 1000 981 1000 1000 0 3
0.166667 0.161794 0.014023 200 191 1000 1036 1000 1000 0 3
0.166667 0.174840 0.014081 200 196 1000 993 1000 1000 0 3
0.166667 0.160841 0.013794 200 218 1000 1039 1000 1000 0 3
0.166667 0.163228 0.013842 200 196 1000 1040 1000 1000 0 3
0.166667 0.170978 0.013952 200 200 1000 1043 1000 1000 0 3
0.166667 0.156265 0.013701 200 188 1000 1037 1000 1000 0 3
0.166667 0.154767 0.013973 200 201 1000 1032 1000 1000 0 3
0.166667 0.154711 0.014179 200 204 1000 994 1000 1000 0 3
0.166667 0.160500 0.013717 200 209 1000 1069 1000 1000 0 3
0.166667 0.187382 0.014462 200 219 1000 1010 1000 1000 0 3
0.166667 0.173628 0.014308 200 188 1000 962 1000 1000 0 3
0.166667 0.161684 0.014029 200 183 1000 995 1000 1000 0 3
0.166667 0.149551 0.013609 200 199 1000 1033 1000 1000 0 3
0.166667 0.148582 0.014344 200 209 1000 1010 1000 1000 0 3
0.166667 0.178239 0.014746 200 209 1000 980 1000 1000 0 3
0.166667 0.168812 0.014294 200 194 1000 1006 1000 1000 0 3
0.166667 0.163761 0.014154 200 217 1000 1001 1000 1000 0 3
0.166667 0.138852 0.014153 200 183 1000 1012 1000 1000 0 3
0.166667 0.154650 0.014120 200 225 1000 1006 1000 1000 0 3
0.166667 0.145853 0.014396 200 177 1000 1029 1000 1000 0 3
0.166667 0.128928 0.013701 200 179 1000 1007 1000 1000 0 3
0.166667 0.122699 0.013842 200 180 1000 989 1000 1000 0 3
0.166667 0.147876 0.014346 200 189 1000 986 1000 1000 0 3
0.166667 0.165528 0.014478 200 194 1000 985 1000 1000 0 3
0.166667 0.143229 0.013742 200 179 1000 1028 1000 1000 0 3
0.166667 0.166258 0.014431 200 199 1000 1000 1000 1000 0 3
0.166667 0.198015 0.014371 200 211 1000 1056 1000 1000 0 3
0.166667 0.181463 0.014243 200 206 1000 1008 1000 1000 0 3
0.166667 0.157677 0.013904 200 211 1000 1010 1000 1000 0 3
0.166667 0.165732 0.014166 200 204 1000 1000 1000 1000 0 3
0.166667 0.164847 0.014280 200 196 1000 997 1000 1000 0 3
0.166667 0.156561 0.013811 200 199 1000 1040 1000 1000 0 3
0.166667 0.176130 0.014227 200 191 1000 980 1000 1000 0 3
0.166667 0.171787 0.014764 200 218 1000 987 1000 1000 0 3
0.166667 0.169234 0.014382 200 202 1000 999 1000 1000 0 3
0.166667 0.158065 0.013622 200 200 1000 1056 1000 1000 0 3
0.166667 0.154616 0.014389 200 209 1000 985 1000 1000 0 3
0.166667 0.146427 0.013981 200 190 1000 1006 1000 1000 0 3
0.166667 0.164901 0.013998 200 186 1000 1015 1000 1000 0 3
0.166667 0.185640 0.014329 200 192 1000 1012 1000 1000 0 3
0.166667 0.155288 0.013916 200 201 1000 1019 1000 1000 0 3
0.166667 0.159317 0.014004 200 206 1000 996 1000 1000 0 3
0.166667 0.174200 0.014431 200 203 1000 980 1000 1000 0 3
0.166667 0.175115 0.014150 200 208 1000 982 1000 1000 0 3
0.166667 0.184913 0.015134 200 208 1000 973 1000 1000 0 3
0.166667 0.170712 0.013442 200 215 1000 1057 1000 1000 0 3
0.166667 0.158349 0.013712 200 191 1000 1026 1000 1000 0 3
0.166667 0.157456 0.013628 200 191 1000 1053 1000 1000 0 3
0.166667 0.184164 0.015118 200 194 1000 950 1000 1000 0 3
0.166667 0.186819 0.014915 200 222 1000 977 1000 1000 0 3
0.166667 0.182756 0.014426 200 211 1000 1004 1000 1000 0 3
0.166667 0.160450 0.014278 200 208 1000 1033 1000 1000 0 3
0.166667 0.134618 0.014187 200 186 1000 938 1000 1000 0 3
0.166667 0.173911 0.013830 200 202 1000 1033 1000 1000 0 3
0.166667 0.149349 0.014060 200 205 1000 986 1000 1000 0 3
0.166667 0.157005 0.014399 200 219 1000 992 1000 1000 0 3
0.166667 0.159443 0.014789 200 187 1000 966 1000 1000 0 3
0.166667 0.176135 0.014511 200 202 1000 989 1000 1000 0 3
0.166667 0.192731 0.014788 200 229 1000 966 1000 1000 0 3
0.166667 0.175420 0.014075 200 211 1000 989 1000 1000 0 3
0.166667 0.149249 0.013864 200 191 1000 988 1000 1000 0 3
0.166667 0.170205 0.013961 200 191 1000 1028 1000 1000 0 3
0.166667 0.141001 0.013971 200 173 1000 1020 1000 1000 0 3
0.166667 0.197224 0.015454 200 212 1000 958 1000 1000 0 3
0.166667 0.171369 0.014035 200 211 1000 1008 1000 1000 0 3
0.166667 0.206082 0.014648 200 225 1000 993 1000 1000 0 3
0.166667 0.175532 0.014618 200 213 1000 969 1000 1000 0 3
0.166667 0.156566 0.013853 200 194 1000 994 1000 1000 0 3
0.166667 0.185519 0.014298 200 204 1000 964 1000 1000 0 3
0.166667 0.170966 0.014389 200 206 1000 1014 1000 1000 0 3
0.166667 0.163734 0.014254 200 185 1000 1026 1000 1000 0 3
0.166667 0.166924 0.014426 200 203 1000 1009 1000 1000 0 3
0.166667 0.156902 0.014362 200 197 1000 973 1000 1000 0 3
0.166667 0.129966 0.013651 200 191 1000 1016 1000 1000 0 3
0.166667 0.168121 0.013765 200 215 1000 995 1000 1000 0 3
0.166667 0.142570 0.013796 200 197 1000 989 1000 1000 0 3
0.166667 0.157330 0.013712 200 185 1000 1021 1000 1000 0 3
0.166667 0.168067 0.014048 200 205 1000 987 1000 1000 0 3
0.166667 0.191551 0.014668 200 205 1000 988 1000 1000 0 3
0.166667 0.184854 0.014184 200 223 1000 1010 1000 1000 0 3
0.166667 0.153383 0.013598 200 210 1000 1035 1000 1000 0 3
0.166667 0.173046 0.014218 200 191 1000 1045 1000 1000 0 3
0.166667 0.181802 0.013763 200 210 1000 1055 1000 1000 0 3
0.166667 0.164224 0.014087 200 192 1000 1044 1000 1000 0 3
0.166667 0.144727 0.013762 200 177 1000 999 1000 1000 0 3
0.166667 0.207959 0.014959 200 225 1000 948 1000 1000 0 3
0.166667 0.166648 0.013912 200 202 1000 1002 1000 1000 0 3
0.166667 0.147641 0.013940 200 201 1000 1057 1000 1000 0 3
0.166667 0.193818 0.014808 200 226 1000 971 1000 1000 0 3
0.166667 0.178552 0.014659 200 202 1000 977 1000 1000 0 3
0.166667 0.162912 0.013787 200 201 1000 1022 1000 1000 0 3
0.166667 0.165172 0.014183 200 202 1000 1019 1000 1000 0 3
0.166667 0.159893 0.014112 200 186 1000 961 1000 1000 0 3
0.166667 0.162751 0.014040 200 181 1000 994 1000 1000 0 3
0.166667 0.155004 0.013627 200 184 1000 1052 1000 1000 0 3
0.166667 0.169407 0.014402 200 204 1000 976 1000 1000 0 3
0.166667 0.192787 0.015246 200 218 1000 942 1000 1000 0 3
0.166667 0.160194 0.014275 200 185 1000 973 1000 1000 0 3
0.166667 0.167836 0.014079 200 210 1000 991 1000 1000 0 3
0.166667 0.149573 0.014215 200 198 1000 1004 1000 1000 0 3
0.166667 0.153212 0.014349 200 184 1000 989 1000 1000 0 3
0.166667 0.182506 0.014403 200 228 1000 1008 1000 1000 0 3
0.166667 0.140117 0.013489 200 208 1000 1043 1000 1000 0 3
0.166667 0.189071 0.014529 200 214 1000 1013 1000 1000 0 3
0.166667 0.136496 0.013839 200 192 1000 996 1000 1000 0 3
0.166667 0.178878 0.014130 200 217 1000 1030 1000 1000 0 3
0.166667 0.149786 0.014407 200 183 1000 961 1000 1000 0 3
0.166667 0.139089 0.013481 200 190 1000 1025 1000 1000 0 3
0.166667 0.171140 0.013863 200 216 1000 1025 1000 1000 0 3
0.166667 0.178231 0.014083 200 205 1000 1001 1000 1000 0 3
0.166667 0.168593 0.013607 200 202 1000 1035 1000 1000 0 3
0.166667 0.171195 0.014660 200 193 1000 956 1000 1000 0 3
0.166667 0.181726 0.014719 200 206 1000 948 1000 1000 0 3
0.166667 0.170112 0.014247 200 189 1000 991 1000 1000 0 3
0.166667 0.156700 0.013680 200 189 1000 1021 1000 1000 0 3
0.166667 0.165328 0.013762 200 192 1000 1061 1000 1000 0 3
0.166667 0.151426 0.014489 200 193 1000 976 1000 1000 0 3
0.166667 0.191006 0.014010 200 193 1000 998 1000 1000 0 3
0.166667 0.155828 0.013718 200 212 1000 1052 1000 1000 0 3
0.166667 0.172409 0.014339 200 212 1000 962 1000 1000 0 3
0.166667 0.187150 0.014737 200 207 1000 934 1000 1000 0 3
0.166667 0.193638 0.014135 200 222 1000 1015 1000 1000 0 3
0.166667 0.179955 0.015215 200 193 1000 902 1000 1000 0 3
0.166667 0.173586 0.014362 200 221 1000 990 1000 1000 0 3
0.166667 0.169916 0.014164 200 198 1000 1007 1000 1000 0 3
0.166667 0.140816 0.014445 200 190 1000 977 1000 1000 0 3
0.166667 0.152175 0.013391 200 209 1000 1039 1000 1000 0 3
0.166667 0.155831 0.013831 200 214 1000 1021 1000 1000 0 3
0.166667 0.164010 0.013775 200 200 1000 986 1000 1000 0 3
0.166667 0.123843 0.013854 200 192 1000 1005 1000 1000 0 3
0.166667 0.200271 0.014258 200 210 1000 1005 1000 1000 0 3
0.166667 0.171564 0.013885 200 205 1000 1013 1000 1000 0 3
0.166667 0.178005 0.014211 200 199 1000 1038 1000 1000 0 3
0.166667 0.158483 0.014269 200 192 1000 990 1000 1000 0 3
0.166667 0.154926 0.014147 200 204 1000 1016 1000 1000 0 3
0.166667 0.159876 0.014157 200 191 1000 1013 1000 1000 0 3
0.166667 0.204589 0.015115 200 226 1000 942 1000 1000 0 3
0.166667 0.159392 0.014043 200 201 1000 999 1000 1000 0 3
0.166667 0.129111 0.013845 200 189 1000 1014 1000 1000 0 3
0.166667 0.154706 0.013401 200 193 1000 1051 1000 1000 0 3
0.166667 0.124362 0.013109 200 179 1000 1048 1000 1000 0 3
0.166667 0.169699 0.014252 200 195 1000 966 1000 1000 0 3
0.166667 0.139274 0.014093 200 210 1000 1021 1000 1000 0 3
0.166667 0.182479 0.014283 200 199 1000 980 1000 1000 0 3
0.166667 0.170634 0.014250 200 210 1000 1006 1000 1000 0 3
0.166667 0.180484 0.013947 200 194 1000 1050 1000 1000 0 3
0.166667 0.125784 0.013882 200 185 1000 982 1000 1000 0 3
0.166667 0.167409 0.015050 200 215 1000 959 1000 1000 0 3
0.166667 0.167869 0.014173 200 195 1000 1029 1000 1000 0 3
0.166667 0.194188 0.014509 200 233 1000 997 1000 1000 0 3
0.166667 0.144598 0.013918 200 191 1000 970 1000 1000 0 3
0.166667 0.151158 0.013938 200 192 1000 1022 1000 1000 0 3
0.166667 0.163904 0.014216 200 212 1000 1043 1000 1000 0 3
0.166667 0.178277 0.014167 200 213 1000 1010 1000 1000 0 3
0.166667 0.150186 0.014286 200 181 1000 979 1000 1000 0 3
0.166667 0.154297 0.013633 200 192 1000 1018 1000 1000 0 3
0.166667 0.150234 0.013765 200 208 1000 1015 1000 1000 0 3
0.166667 0.164651 0.014105 200 192 1000 1002 1000 1000 0 3
0.166667 0.156747 0.014062 200 198 1000 1016 1000 1000 0 3
0.166667 0.161166 0.014191 200 192 1000 953 1000 1000 0 3
0.166667 0.163631 0.014097 200 194 1000 994 1000 1000 0 3
0.166667 0.127467 0.013704 200 174 1000 999 1000 1000 0 3
0.166667 0.152364 0.014317 200 197 1000 974 1000 1000 0 3
0.166667 0.169561 0.014143 200 209 1000 1020 1000 1000 0 3
0.166667 0.145025 0.013592 200 184 1000 1052 1000 1000 0 3
0.166667 0.180822 0.014210 200 197 1000 993 1000 1000 0 3
0.166667 0.160182 0.013514 200 207 1000 1055 1000 1000 0 3
0.166667 0.162990 0.014058 200 211 1000 1027 1000 1000 0 3
0.166667 0.156872 0.014076 200 201 1000 990 1000 1000 0 3
0.166667 0.173382 0.014426 200 186 1000 961 1000 1000 0 3
0.166667 0.179923 0.014360 200 214 1000 991 1000 1000 0 3
0.166667 0.136685 0.013796 200 191 1000 994 1000 1000 0 3
0.166667 0.163221 0.013790 200 203 1000 1038 1000 1000 0 3
0.166667 0.156582 0.014195 200 197 1000 1006 1000 1000 0 3
0.166667 0.186386 0.015139 200 202 1000 980 1000 1000 0 3
0.166667 0.180871 0.014165 200 224 1000 1009 1000 1000 0 3
0.166667 0.168702 0.014158 200 196 1000 1001 1000 1000 0 3
0.166667 0.207376 0.014776 200 229 1000 1007 1000 1000 0 3
0.166667 0.170908 0.013799 200 226 1000 1026 1000 1000 0 3
0.166667 0.189963 0.015168 200 208 1000 951 1000 1000 0 3
0.166667 0.163594 0.014277 200 197 1000 983 1000 1000 0 3
0.166667 0.189692 0.014811 200 216 1000 972 1000 1000 0 3
0.166667 0.179005 0.014487 200 222 1000 1002 1000 1000 0 3
0.166667 0.176158 0.013987 200 215 1000 1030 1000 1000 0 3
0.166667 0.155106 0.013716 200 206 1000 1029 1000 1000 0 3
0.166667 0.194145 0.014505 200 230 1000 1009 1000 1000 0 3
0.166667 0.154934 0.014256 200 189 1000 1025 1000 1000 0 3
0.166667 0.145086 0.014374 200 212 1000 984 1000 1000 0 3
0.166667 0.195994 0.014220 200 222 1000 1024 1000 1000 0 3
0.166667 0.132926 0.014092 200 206 1000 972 1000 1000 0 3
0.166667 0.181401 0.014171 200 211 1000 1008 1000 1000 0 3
0.166667 0.145224 0.013678 200 177 1000 999 1000 1000 0 3
0.166667 0.147515 0.013902 200 182 1000 1009 1000 1000 0 3
0.166667 0.162348 0.013463 200 226 1000 1040 1000 1000 0 3
0.166667 0.171691 0.014404 200 198 1000 1000 1000 1000 0 3
0.166667 0.178573 0.014198 200 205 1000 996 1000 1000 0 3
0.166667 0.178986 0.014522 200 209 1000 987 1000 1000 0 3
0.166667 0.136341 0.013730 200 187 1000 1036 1000 1000 0 3
0.166667 0.184400 0.014010 200 205 1000 1038 1000 1000 0 3
0.166667 0.173660 0.014124 200 206 1000 1060 1000 1000 0 3
0.166667 0.170026 0.013945 200 204 1000 1048 1000 1000 0 3
0.166667 0.160757 0.014332 200 187 1000 1005 1000 1000 0 3
0.166667 0.154915 0.014150 200 190 1000 1038 1000 1000 0 3
0.166667 0.157257 0.014258 200 210 1000 996 1000 1000 0 3
0.166667 0.167844 0.014541 200 198 1000 963 1000 1000 0 3
0.166667 0.162370 0.014023 200 215 1000 1031 1000 1000 0 3
0.166667 0.172984 0.014916 200 212 1000 928 1000 1000 0 3
0.166667 0.150924 0.014406 200 197 1000 992 1000 1000 0 3
0.166667 0.169405 0.014083 200 207 1000 1035 1000 1000 0 3
0.166667 0.143419 0.013885 200 178 1000 983 1000 1000 0 3
0.166667 0.181606 0.014658 200 193 1000 949 1000 1000 0 3
0.166667 0.171523 0.014178 200 200 1000 1009 1000 1000 0 3
0.166667 0.154845 0.013890 200 236 1000 1036 1000 1000 0 3
0.166667 0.168477 0.013983 200 199 1000 1000 1000 1000 0 3
0.166667 0.166833 0.014750 200 187 1000 960 1000 1000 0 3
0.166667 0.185572 0.013954 200 223 1000 1015 1000 1000 0 3
0.166667 0.183098 0.014605 200 205 1000 973 1000 1000 0 3
0.166667 0.185127 0.014548 200 201 1000 981 1000 1000 0 3
0.166667 0.176194 0.014553 200 206 1000 953 1000 1000 0 3
0.166667 0.182019 0.014532 200 195 1000 1007 1000 1000 0 3
0.166667 0.195763 0.014422 200 208 1000 983 1000 1000 0 3
0.166667 0.194077 0.014321 200 198 1000 1021 1000 1000 0 3
0.166667 0.138455 0.013674 200 201 1000 1016 1000 1000 0 3
0.166667 0.169640 0.013833 200 195 1000 1028 1000 1000 0 3
0.166667 0.160594 0.014275 200 233 1000 996 1000 1000 0 3
0.166667 0.153969 0.013962 200 203 1000 1029 1000 1000 0 3
0.166667 0.167914 0.014645 200 199 1000 1010 1000 1000 0 3
0.166667 0.148355 0.013512 200 194 1000 1017 1000 1000 0 3
0.166667 0.143693 0.014158 200 191 1000 974 1000 1000 0 3
0.166667 0.178732 0.014203 200 215 1000 1009 1000 1000 0 3
0.166667 0.167894 0.013639 200 208 1000 1031 1000 1000 0 3
0.166667 0.165681 0.013969 200 177 1000 993 1000 1000 0 3
0.166667 0.160550 0.013942 200 194 1000 1035 1000 1000 0 3
0.166667 0.162125 0.014213 200 185 1000 987 1000 1000 0 3
0.166667 0.161389 0.014198 200 211 1000 1033 1000 1000 0 3
0.166667 0.160217 0.013948 200 204 1000 1017 1000 1000 0 3
0.166667 0.174014 0.014310 200 201 1000 1006 1000 1000 0 3
0.166667 0.145915 0.013857 200 198 1000 1029 1000 1000 0 3
0.166667 0.175024 0.014369 200 218 1000 1020 1000 1000 0 3
0.166667 0.156572 0.014000 200 161 1000 1043 1000 1000 0 3
0.166667 0.142924 0.013677 200 185 1000 1038 1000 1000 0 3
0.166667 0.188332 0.014890 200 214 1000 972 1000 1000 0 3
0.166667 0.158187 0.013237 200 221 1000 1108 1000 1000 0 3
0.166667 0.190587 0.014291 200 222 1000 1015 1000 1000 0 3
0.166667 0.187724 0.014962 200 193 1000 986 1000 1000 0 3
0.166667 0.156523 0.014244 200 178 1000 1007 1000 1000 0 3
0.166667 0.171758 0.014641 200 193 1000 964 1000 1000 0 3
0.166667 0.180876 0.014638 200 193 1000 946 1000 1000 0 3
0.166667 0.159220 0.014085 200 208 1000 1036 1000 1000 0 3
0.166667 0.187255 0.014185 200 230 1000 1011 1000 1000 0 3
0.166667 0.145855 0.014081 200 182 1000 1009 1000 1000 0 3
0.166667 0.180677 0.015121 200 207 1000 945 1000 1000 0 3
0.166667 0.169280 0.014028 200 199 1000 994 1000 1000 0 3
0.166667 0.206336 0.015122 200 215 1000 940 1000 1000 0 3
0.166667 0.155806 0.014119 200 195 1000 1023 1000 1000 0 3
0.166667 0.150270 0.014344 200 195 1000 1005 1000 1000 0 3
0.166667 0.195323 0.014709 200 203 1000 1033 1000 1000 0 3
0.166667 0.165840 0.014642 200 213 1000 1003 1000 1000 0 3
0.166667 0.175324 0.013985 200 227 1000 1065 1000 1000 0 3
0.166667 0.111437 0.013438 200 170 1000 985 1000 1000 0 3
0.166667 0.156753 0.014499 200 196 1000 990 1000 1000 0 3
0.166667 0.141391 0.013923 200 196 1000 1021 1000 1000 0 3
0.166667 0.183149 0.014236 200 207 1000 1008 1000 1000 0 3
0.166667 0.169396 0.014276 200 199 1000 970 1000 1000 0 3
0.166667 0.150528 0.013731 200 229 1000 1020 1000 1000 0 3
0.166667 0.179035 0.014777 200 187 1000 960 1000 1000 0 3
0.166667 0.160767 0.014309 200 182 1000 968 1000 1000 0 3
0.166667 0.164548 0.013567 200 222 1000 1032 1000 1000 0 3
0.166667 0.162035 0.014365 200 185 1000 957 1000 1000 0 3
0.166667 0.171397 0.014145 200 202 1000 1022 1000 1000 0 3
0.166667 0.165495 0.014330 200 208 1000 983 1000 1000 0 3
0.166667 0.161368 0.014321 200 214 1000 1013 1000 1000 0 3
0.166667 0.131848 0.013654 200 192 1000 1019 1000 1000 0 3
0.166667 0.165413 0.013916 200 187 1000 968 1000 1000 0 3
0.166667 0.179796 0.014568 200 208 1000 967 1000 1000 0 3
0.166667 0.167474 0.014454 200 223 1000 973 1000 1000 0 3
0.166667 0.182737 0.014509 200 206 1000 989 1000 1000 0 3
0.166667 0.175396 0.014103 200 194 1000 997 1000 1000 0 3
0.166667 0.141826 0.014037 200 191 1000 1021 1000 1000 0 3
0.166667 0.138913 0.014037 200 188 1000 986 1000 1000 0 3
0.166667 0.183512 0.014392 200 222 1000 1022 1000 1000 0 3
0.166667 0.172225 0.014959 200 197 1000 946 1000 1000 0 3
0.166667 0.175208 0.013972 200 197 1000 1035 1000 1000 0 3
0.166667 0.151431 0.013980 200 200 1000 1007 1000 1000 0 3
0.166667 0.159790 0.013976 200 186 1000 1060 1000 1000 0 3
0.166667 0.188062 0.014103 200 232 1000 1016 1000 1000 0 3
0.166667 0.168176 0.014317 200 192 1000 1000 1000 1000 0 3
0.166667 0.144355 0.014495 200 197 1000 971 1000 1000 0 3
0.166667 0.194060 0.014898 200 202 1000 985 1000 1000 0 3
0.166667 0.161994 0.014060 200 205 1000 1003 1000 1000 0 3
0.166667 0.170982 0.014121 200 189 1000 980 1000 1000 0 3
0.166667 0.160227 0.014247 200 209 1000 991 1000 1000 0 3
0.166667 0.188025 0.014882 200 217 1000 948 1000 1000 0 3
0.166667 0.179955 0.014375 200 195 1000 1005 1000 1000 0 3
0.166667 0.159318 0.014056 200 215 1000 1039 1000 1000 0 3
0.166667 0.154403 0.013983 200 199 1000 1040 1000 1000 0 3
0.166667 0.179887 0.014287 200 210 1000 998 1000 1000 0 3
0.166667 0.132107 0.013788 200 192 1000 1034 1000 1000 0 3
0.166667 0.158929 0.014112 200 205 1000 1020 1000 1000 0 3
0.166667 0.197258 0.014799 200 212 1000 973 1000 1000 0 3
0.166667 0.161851 0.013958 200 204 1000 1011 1000 1000 0 3
0.166667 0.192684 0.014141 200 217 1000 1043 1000 1000 0 3
0.166667 0.180678 0.014180 200 193 1000 1010 1000 1000 0 3
0.166667 0.192993 0.013822 200 215 1000 1044 1000 1000 0 3
0.166667 0.160007 0.014465 200 182 1000 979 1000 1000 0 3
0.166667 0.158777 0.014352 200 189 1000 939 1000 1000 0 3
0.166667 0.146669 0.013735 200 184 1000 1033 1000 1000 0 3
0.166667 0.156428 0.013800 200 182 1000 1034 1000 1000 0 3
0.166667 0.193411 0.014335 200 213 1000 1026 1000 1000 0 3
0.166667 0.135013 0.013879 200 188 1000 980 1000 1000 0 3
0.166667 0.137301 0.014149 200 182 1000 949 1000 1000 0 3
0.166667 0.163264 0.013912 200 189 1000 1012 1000 1000 0 3
0.166667 0.155159 0.013645 200 178 1000 1005 1000 1000 0 3
0.166667 0.173323 0.014462 200 199 1000 974 1000 1000 0 3
0.166667 0.173939 0.013923 200 200 1000 1053 1000 1000 0 3
0.166667 0.198731 0.014609 200 242 1000 991 1000 1000 0 3
0.166667 0.193807 0.015080 200 240 1000 982 1000 1000 0 3
0.166667 0.167648 0.014392 200 178 1000 982 1000 1000 0 3
0.166667 0.160796 0.014952 200 217 1000 948 1000 1000 0 3
0.166667 0.188513 0.014337 200 207 1000 1028 1000 1000 0 3
0.166667 0.144896 0.014012 200 193 1000 1011 1000 1000 0 3
0.166667 0.154256 0.014400 200 193 1000 1000 1000 1000 0 3
0.166667 0.158597 0.014581 200 209 1000 990 1000 1000 0 3
0.166667 0.196336 0.014773 200 234 1000 979 1000 1000 0 3
0.166667 0.174045 0.014466 200 202 1000 978 1000 1000 0 3
0.166667 0.138959 0.014391 200 196 1000 990 1000 1000 0 3
0.166667 0.151704 0.014148 200 184 1000 995 1000 1000 0 3
0.166667 0.129812 0.014016 200 202 1000 958 1000 1000 0 3
0.166667 0.135448 0.013934 200 178 1000 996 1000 1000 0 3
0.166667 0.198182 0.014873 200 216 1000 961 1000 1000 0 3
0.166667 0.194070 0.015258 200 193 1000 952 1000 1000 0 3
0.166667 0.159352 0.014560 200 177 1000 964 1000 1000 0 3
0.166667 0.156725 0.013981 200 224 1000 1019 1000 1000 0 3
0.166667 0.186637 0.014570 200 192 1000 954 1000 1000 0 3
0.166667 0.182589 0.014118 200 216 1000 1038 1000 1000 0 3
0.166667 0.157883 0.014080 200 188 1000 1016 1000 1000 0 3
0.166667 0.198032 0.014881 200 213 1000 992 1000 1000 0 3
0.166667 0.177593 0.014029 200 223 1000 984 1000 1000 0 3
0.166667 0.143516 0.013619 200 211 1000 1023 1000 1000 0 3
0.166667 0.171273 0.014132 200 190 1000 1039 1000 1000 0 3
0.166667 0.179866 0.014307 200 211 1000 1013 1000 1000 0 3
0.166667 0.152887 0.013752 200 181 1000 988 1000 1000 0 3
0.166667 0.167730 0.014816 200 207 1000 980 1000 1000 0 3
0.166667 0.186456 0.014697 200 205 1000 974 1000 1000 0 3
0.166667 0.163640 0.013933 200 186 1000 994 1000 1000 0 3
0.166667 0.175834 0.013761 200 200 1000 1036 1000 1000 0 3
0.166667 0.166886 0.014428 200 195 1000 1010 1000 1000 0 3
0.166667 0.112073 0.013067 200 191 1000 1023 1000 1000 0 3
0.166667 0.184798 0.014541 200 221 1000 973 1000 1000 0 3
0.166667 0.184400 0.014544 200 209 1000 994 1000 1000 0 3
0.166667 0.172718 0.013943 200 190 1000 1008 1000 1000 0 3
0.166667 0.163575 0.014175 200 178 1000 963 1000 1000 0 3
0.166667 0.181607 0.014518 200 217 1000 1017 1000 1000 0 3
0.166667 0.208130 0.014094 200 229 1000 1018 1000 1000 0 3
0.166667 0.169831 0.014158 200 216 1000 1028 1000 1000 0 3
0.166667 0.166634 0.014101 200 187 1000 1020 1000 1000 0 3
0.166667 0.169322 0.013720 200 205 1000 1008 1000 1000 0 3
0.166667 0.156537 0.014855 200 196 1000 976 1000 1000 0 3
0.166667 0.171385 0.014685 200 199 1000 988 1000 1000 0 3
0.166667 0.141267 0.013917 200 190 1000 987 1000 1000 0 3
0.166667 0.160109 0.014233 200 196 1000 1000 1000 1000 0 3
0.166667 0.108727 0.012937 200 158 1000 1027 1000 1000 0 3
0.166667 0.160266 0.014668 200 174 1000 987 1000 1000 0 3
0.166667 0.177690 0.014221 200 214 1000 1011 1000 1000 0 3
0.166667 0.169652 0.014399 200 198 1000 988 1000 1000 0 3
0.166667 0.169366 0.014425 200 213 1000 971 1000 1000 0 3
0.166667 0.161828 0.014091 200 202 1000 1015 1000 1000 0 3
0.166667 0.162144 0.013939 200 202 1000 1014 1000 1000 0 3
0.166667 0.194634 0.014650 200 211 1000 1008 1000 1000 0 3
0.166667 0.132383 0.013650 200 187 1000 1021 1000 1000 0 3
0.166667 0.118563 0.013215 200 169 1000 1030 1000 1000 0 3
0.166667 0.179465 0.014304 200 185 1000 988 1000 1000 0 3
0.166667 0.172281 0.013678 200 181 1000 1038 1000 1000 0 3
0.166667 0.178125 0.014276 200 223 1000 1021 1000 1000 0 3
0.166667 0.144321 0.013698 200 196 1000 1018 1000 1000 0 3
0.166667 0.134731 0.013559 200 171 1000 1032 1000 1000 0 3
0.166667 0.166854 0.013721 200 203 1000 1031 1000 1000 0 3
0.166667 0.159711 0.014024 200 178 1000 976 1000 1000 0 3
0.166667 0.167365 0.014423 200 186 1000 998 1000 1000 0 3
0.166667 0.169270 0.013948 200 199 1000 1004 1000 1000 0 3
0.166667 0.172553 0.014557 200 209 1000 1027 1000 1000 0 3
0.166667 0.161374 0.014533 200 227 1000 1032 1000 1000 0 3
0.166667 0.158941 0.014245 200 185 1000 1011 1000 1000 0 3
0.166667 0.169086 0.014587 200 188 1000 1006 1000 1000 0 3
0.166667 0.156016 0.013847 200 203 1000 1011 1000 1000 0 3
0.166667 0.149543 0.014172 200 201 1000 1034 1000 1000 0 3
0.166667 0.159841 0.013655 200 189 1000 1041 1000 1000 0 3
0.166667 0.191008 0.014621 200 216 1000 1003 1000 1000 0 3
0.166667 0.154573 0.013774 200 189 1000 1049 1000 1000 0 3
0.166667 0.190086 0.014790 200 224 1000 1001 1000 1000 0 3
0.166667 0.190075 0.014801 200 234 1000 994 1000 1000 0 3
0.166667 0.151516 0.014742 200 192 1000 972 1000 1000 0 3
0.166667 0.157420 0.014067 200 197 1000 1013 1000 1000 0 3
0.166667 0.143306 0.013614 200 187 1000 1047 1000 1000 0 3
0.166667 0.148990 0.013671 200 188 1000 1026 1000 1000 0 3
0.166667 0.156426 0.013724 200 185 1000 1023 1000 1000 0 3
0.166667 0.156383 0.013527 200 199 1000 1073 1000 1000 0 3
0.166667 0.152507 0.013980 200 182 1000 983 1000 1000 0 3
0.166667 0.169472 0.014153 200 205 1000 976 1000 1000 0 3
0.166667 0.153319 0.013866 200 189 1000 1029 1000 1000 0 3
0.166667 0.166849 0.014827 200 191 1000 941 1000 1000 0 3
0.166667 0.175785 0.013881 200 227 1000 983 1000 1000 0 3
0.166667 0.171190 0.013986 200 227 1000 1026 1000 1000 0 3
0.166667 0.168112 0.013996 200 195 1000 1010 1000 1000 0 3
0.166667 0.161448 0.014192 200 186 1000 1006 1000 1000 0 3
0.166667 0.153665 0.013795 200 210 1000 1018 1000 1000 0 3
0.166667 0.157593 0.014052 200 205 1000 1006 1000 1000 0 3
0.166667 0.164432 0.013917 200 205 1000 983 1000 1000 0 3
0.166667 0.180690 0.014435 200 234 1000 1005 1000 1000 0 3
0.166667 0.137112 0.013831 200 199 1000 1082 1000 1000 0 3
0.166667 0.155530 0.013923 200 212 1000 996 1000 1000 0 3
0.166667 0.152972 0.014303 200 180 1000 1000 1000 1000 0 3
0.166667 0.140360 0.013759 200 208 1000 1011 1000 1000 0 3
0.166667 0.144856 0.014156 200 165 1000 1012 1000 1000 0 3
0.166667 0.174761 0.014139 200 189 1000 1027 1000 1000 0 3
0.166667 0.158567 0.014158 200 206 1000 1016 1000 1000 0 3
0.166667 0.153730 0.014513 200 180 1000 956 1000 1000 0 3
0.166667 0.169695 0.014080 200 216 1000 1034 1000 1000 0 3
0.166667 0.134704 0.013709 200 206 1000 998 1000 1000 0 3
0.166667 0.145023 0.013121 200 188 1000 1090 1000 1000 0 3
0.166667 0.143901 0.014006 200 207 1000 993 1000 1000 0 3
0.166667 0.164322 0.014212 200 210 1000 983 1000 1000 0 3
0.166667 0.173596 0.013926 200 187 1000 998 1000 1000 0 3
0.166667 0.170668 0.014257 200 198 1000 1027 1000 1000 0 3
0.166667 0.153223 0.013977 200 175 1000 995 1000 1000 0 3
0.166667 0.154142 0.013748 200 174 1000 1001 1000 1000 0 3
0.166667 0.153473 0.014199 200 202 1000 1022 1000 1000 0 3
0.166667 0.174049 0.014224 200 220 1000 981 1000 1000 0 3
0.166667 0.175720 0.014229 200 201 1000 999 1000 1000 0 3
0.166667 0.147520 0.014458 200 188 1000 953 1000 1000 0 3
0.166667 0.169611 0.013733 200 200 1000 1014 1000 1000 0 3
0.166667 0.180688 0.014098 200 204 1000 1019 1000 1000 0 3
0.166667 0.182886 0.014505 200 195 1000 1008 1000 1000 0 3
0.166667 0.156464 0.013888 200 219 1000 1041 1000 1000 0 3
0.166667 0.164767 0.013764 200 181 1000 983 1000 1000 0 3
0.166667 0.143453 0.014248 200 178 1000 983 1000 1000 0 3
0.166667 0.189448 0.014770 200 230 1000 957 1000 1000 0 3
0.166667 0.145256 0.013811 200 187 1000 1024 1000 1000 0 3
0.166667 0.150077 0.014379 200 174 1000 984 1000 1000 0 3
0.166667 0.178683 0.014071 200 216 1000 999 1000 1000 0 3
0.166667 0.181544 0.014878 200 203 1000 964 1000 1000 0 3
0.166667 0.155910 0.014210 200 197 1000 951 1000 1000 0 3
0.166667 0.163347 0.014230 200 196 1000 1000 1000 1000 0 3
0.166667 0.159863 0.014212 200 186 1000 970 1000 1000 0 3
0.166667 0.134736 0.013519 200 190 1000 1044 1000 1000 0 3
0.166667 0.142024 0.013885 200 163 1000 994 1000 1000 0 3
0.166667 0.189059 0.014601 200 196 1000 975 1000 1000 0 3
0.166667 0.185636 0.014234 200 209 1000 1028 1000 1000 0 3
0.166667 0.186149 0.014683 200 193 1000 965 1000 1000 0 3
0.166667 0.162592 0.014259 200 212 1000 1025 1000 1000 0 3
0.166667 0.155142 0.013956 200 198 1000 990 1000 1000 0 3
0.166667 0.145669 0.014308 200 191 1000 987 1000 1000 0 3
0.166667 0.156434 0.014015 200 202 1000 975 1000 1000 0 3
0.166667 0.167831 0.014195 200 193 1000 1024 1000 1000 0 3
0.166667 0.169849 0.014254 200 203 1000 1023 1000 1000 0 3
0.166667 0.187144 0.014785 200 216 1000 996 1000 1000 0 3
0.166667 0.190163 0.014770 200 221 1000 940 1000 1000 0 3
0.166667 0.180644 0.014656 200 183 1000 973 1000 1000 0 3
0.166667 0.149685 0.014260 200 193 1000 1003 1000 1000 0 3
0.166667 0.141029 0.014793 200 212 1000 969 1000 1000 0 3
0.166667 0.172947 0.014445 200 194 1000 986 1000 1000 0 3
0.166667 0.178079 0.014296 200 209 1000 982 1000 1000 0 3
0.166667 0.144379 0.014322 200 192 1000 974 1000 1000 0 3
0.166667 0.196078 0.015103 200 197 1000 918 1000 1000 0 3
0.166667 0.162205 0.014513 200 198 1000 996 1000 1000 0 3
0.166667 0.148071 0.013360 200 203 1000 1067 1000 1000 0 3
0.166667 0.160400 0.013992 200 210 1000 1011 1000 1000 0 3
0.166667 0.167796 0.014283 200 202 1000 1007 1000 1000 0 3
0.166667 0.171769 0.014755 200 195 1000 987 1000 1000 0 3
0.166667 0.182541 0.014514 200 187 1000 1005 1000 1000 0 3
0.166667 0.160657 0.013874 200 202 1000 992 1000 1000 0 3
0.166667 0.176133 0.014493 200 197 1000 1020 1000 1000 0 3
0.166667 0.178252 0.014428 200 185 1000 983 1000 1000 0 3
0.166667 0.190868 0.013844 200 225 1000 1052 1000 1000 0 3
0.166667 0.159087 0.014292 200 181 1000 1018 1000 1000 0 3
0.166667 0.159451 0.014097 200 202 1000 992 1000 1000 0 3
0.166667 0.179881 0.013900 200 202 1000 1043 1000 1000 0 3
0.166667 0.137139 0.013223 200 161 1000 1027 1000 1000 0 3
0.166667 0.193105 0.014517 200 199 1000 1026 1000 1000 0 3
0.166667 0.180642 0.014977 200 204 1000 985 1000 1000 0 3
0.166667 0.177234 0.014249 200 206 1000 988 1000 1000 0 3
0.166667 0.150722 0.013668 200 189 1000 977 1000 1000 0 3
0.166667 0.170361 0.014901 200 174 1000 933 1000 1000 0 3
0.166667 0.187220 0.014516 200 218 1000 966 1000 1000 0 3
0.166667 0.159483 0.014857 200 192 1000 987 1000 1000 0 3
0.166667 0.179992 0.014650 200 185 1000 994 1000 1000 0 3
0.166667 0.166139 0.014157 200 199 1000 1049 1000 1000 0 3
0.166667 0.180922 0.014819 200 206 1000 940 1000 1000 0 3
0.166667 0.178644 0.014327 200 193 1000 971 1000 1000 0 3
0.166667 0.169537 0.014336 200 192 1000 996 1000 1000 0 3
0.166667 0.175535 0.014605 200 207 1000 982 1000 1000 0 3
0.166667 0.157176 0.014223 200 185 1000 1014 1000 1000 0 3
0.166667 0.194569 0.014337 200 223 1000 1016 1000 1000 0 3
0.166667 0.146355 0.013926 200 195 1000 1008 1000 1000 0 3
0.166667 0.171775 0.014021 200 203 1000 1019 1000 1000 0 3
0.166667 0.152249 0.014692 200 205 1000 983 1000 1000 0 3
0.166667 0.172283 0.013949 200 224 1000 1036 1000 1000 0 3
0.166667 0.158579 0.013963 200 198 1000 1027 1000 1000 0 3
0.166667 0.163953 0.013948 200 203 1000 1058 1000 1000 0 3
0.166667 0.161991 0.014272 200 192 1000 1065 1000 1000 0 3
0.166667 0.137176 0.013606 200 201 1000 1065 1000 1000 0 3
0.166667 0.171772 0.014270 200 228 1000 1031 1000 1000 0 3
0.166667 0.120614 0.013600 200 181 1000 1027 1000 1000 0 3
0.166667 0.152206 0.014338 200 201 1000 985 1000 1000 0 3
0.166667 0.173556 0.014202 200 200 1000 1013 1000 1000 0 3
0.166667 0.174224 0.014895 200 191 1000 942 1000 1000 0 3
0.166667 0.131406 0.014004 200 182 1000 1013 1000 1000 0 3
0.166667 0.151702 0.013770 200 195 1000 1026 1000 1000 0 3
0.166667 0.126504 0.013884 200 151 1000 929 1000 1000 0 3
0.166667 0.172537 0.014573 200 205 1000 977 1000 1000 0 3
0.166667 0.155869 0.013899 200 192 1000 1028 1000 1000 0 3
0.166667 0.191059 0.014793 200 197 1000 985 1000 1000 0 3
0.166667 0.208219 0.014938 200 230 1000 970 1000 1000 0 3
0.166667 0.173836 0.014398 200 200 1000 994 1000 1000 0 3
0.166667 0.168509 0.014035 200 211 1000 1004 1000 1000 0 3
0.166667 0.184172 0.014858 200 209 1000 983 1000 1000 0 3
0.166667 0.179234 0.014517 200 226 1000 992 1000 1000 0 3
0.166667 0.165982 0.014692 200 210 1000 953 1000 1000 0 3
0.166667 0.194304 0.014793 200 198 1000 961 1000 1000 0 3
0.166667 0.181857 0.014404 200 212 1000 1005 1000 1000 0 3
0.166667 0.170354 0.014419 200 196 1000 1024 1000 1000 0 3
0.166667 0.149189 0.013903 200 193 1000 988 1000 1000 0 3
0.166667 0.195998 0.014738 200 210 1000 962 1000 1000 0 3
0.166667 0.139611 0.013695 200 201 1000 990 1000 1000 0 3
0.166667 0.154346 0.014626 200 187 1000 968 1000 1000 0 3
0.166667 0.161365 0.014194 200 209 1000 1030 1000 1000 0 3
0.166667 0.184943 0.014891 200 188 1000 924 1000 1000 0 3
0.166667 0.178266 0.014248 200 229 1000 1003 1000 1000 0 3
0.166667 0.157164 0.013595 200 198 1000 1051 1000 1000 0 3
0.166667 0.147770 0.014030 200 194 1000 1015 1000 1000 0 3
0.166667 0.166961 0.014173 200 212 1000 990 1000 1000 0 3
0.166667 0.172185 0.014337 200 196 1000 998 1000 1000 0 3
0.166667 0.183975 0.014800 200 185 1000 976 1000 1000 0 3
0.166667 0.155850 0.013898 200 193 1000 999 1000 1000 0 3
0.166667 0.143712 0.014145 200 219 1000 1026 1000 1000 0 3
0.166667 0.150807 0.014506 200 194 1000 976 1000 1000 0 3
0.166667 0.176529 0.014369 200 214 1000 976 1000 1000 0 3
0.166667 0.181114 0.013772 200 165 1000 1043 1000 1000 0 3
0.166667 0.182591 0.014287 200 218 1000 1014 1000 1000 0 3
0.166667 0.170555 0.014548 200 192 1000 984 1000 1000 0 3
0.166667 0.198385 0.014479 200 239 1000 987 1000 1000 0 3
0.166667 0.134188 0.013886 200 178 1000 1017 1000 1000 0 3
0.166667 0.160628 0.013935 200 191 1000 1003 1000 1000 0 3
0.166667 0.176518 0.014957 200 219 1000 955 1000 1000 0 3
0.166667 0.186624 0.015253 200 210 1000 970 1000 1000 0 3
0.166667 0.200929 0.014871 200 203 1000 991 1000 1000 0 3
0.166667 0.166267 0.013860 200 201 1000 1031 1000 1000 0 3
0.166667 0.151636 0.013887 200 220 1000 1021 1000 1000 0 3
0.166667 0.152270 0.014272 200 197 1000 979 1000 1000 0 3
0.166667 0.163200 0.013644 200 193 1000 1050 1000 1000 0 3
0.166667 0.182207 0.015002 200 238 1000 966 1000 1000 0 3
0.166667 0.156135 0.014580 200 210 1000 951 1000 1000 0 3
0.166667 0.179010 0.014438 200 196 1000 1011 1000 1000 0 3
0.166667 0.172936 0.014007 200 211 1000 1041 1000 1000 0 3
0.166667 0.164917 0.014269 200 217 1000 972 1000 1000 0 3
0.166667 0.176163 0.014203 200 202 1000 997 1000 1000 0 3
0.166667 0.157295 0.014169 200 196 1000 970 1000 1000 0 3
0.166667 0.153342 0.014095 200 206 1000 1010 1000 1000 0 3
0.166667 0.163342 0.014132 200 207 1000 1037 1000 1000 0 3
0.166667 0.183042 0.014194 200 215 1000 1009 1000 1000 0 3
0.166667 0.190784 0.014249 200 224 1000 1026 1000 1000 0 3
0.166667 0.152608 0.013459 200 199 1000 1053 1000 1000 0 3
0.166667 0.173795 0.014481 200 213 1000 1025 1000 1000 0 3
0.166667 0.160794 0.014558 200 189 1000 975 1000 1000 0 3
0.166667 0.176653 0.014158 200 220 1000 1006 1000 1000 0 3
0.166667 0.187989 0.014471 200 232 1000 1007 1000 1000 0 3
0.166667 0.136531 0.013521 200 181 1000 1044 1000 1000 0 3
0.166667 0.159426 0.013639 200 208 1000 1025 1000 1000 0 3
0.166667 0.145381 0.013778 200 192 1000 1003 1000 1000 0 3
0.166667 0.152075 0.014187 200 177 1000 1015 1000 1000 0 3
0.166667 0.179076 0.013853 200 203 1000 1048 1000 1000 0 3
0.166667 0.163831 0.014295 200 171 1000 997 1000 1000 0 3
0.166667 0.156803 0.014017 200 188 1000 988 1000 1000 0 3
0.166667 0.147676 0.014013 200 182 1000 990 1000 1000 0 3
0.166667 0.157903 0.014082 200 197 1000 990 1000 1000 0 3
0.166667 0.202466 0.014859 200 225 1000 983 1000 1000 0 3
0.166667 0.148779 0.014018 200 218 1000 1021 1000 1000 0 3
0.166667 0.154730 0.013609 200 190 1000 1011 1000 1000 0 3
0.166667 0.144902 0.014415 200 184 1000 952 1000 1000 0 3
0.166667 0.170237 0.014670 200 214 1000 1000 1000 1000 0 3
0.166667 0.142962 0.013291 200 190 1000 1059 1000 1000 0 3
0.166667 0.174537 0.013922 200 214 1000 1035 1000 1000 0 3
0.166667 0.177865 0.014036 200 204 1000 1039 1000 1000 0 3
0.166667 0.162861 0.013305 200 212 1000 1103 1000 1000 0 3
0.166667 0.144177 0.013075 200 175 1000 1089 1000 1000 0 3
0.166667 0.137840 0.014056 200 180 1000 987 1000 1000 0 3
0.166667 0.159282 0.014031 200 209 1000 993 1000 1000 0 3
0.166667 0.164667 0.014816 200 189 1000 911 1000 1000 0 3
0.166667 0.208571 0.015203 200 233 1000 933 1000 1000 0 3
0.166667 0.194962 0.013821 200 210 1000 1033 1000 1000 0 3
0.166667 0.167555 0.014302 200 186 1000 948 1000 1000 0 3
0.166667 0.174514 0.014318 200 217 1000 984 1000 1000 0 3
0.166667 0.173918 0.014701 200 224 1000 966 1000 1000 0 3
0.166667 0.189539 0.014100 200 229 1000 1008 1000 1000 0 3
0.166667 0.154905 0.013835 200 185 1000 1011 1000 1000 0 3
0.166667 0.132926 0.013936 200 186 1000 1009 1000 1000 0 3
0.166667 0.161941 0.014139 200 189 1000 996 1000 1000 0 3
0.166667 0.175293 0.014326 200 189 1000 1012 1000 1000 0 3
0.166667 0.167573 0.014650 200 216 1000 990 1000 1000 0 3
0.166667 0.144206 0.013781 200 195 1000 1020 1000 1000 0 3
0.166667 0.150796 0.014350 200 195 1000 958 1000 1000 0 3
0.166667 0.169967 0.014151 200 200 1000 987 1000 1000 0 3
0.166667 0.172369 0.014197 200 202 1000 1037 1000 1000 0 3
0.166667 0.168159 0.014115 200 183 1000 982 1000 1000 0 3
0.166667 0.160531 0.013876 200 202 1000 1051 1000 1000 0 3
0.166667 0.145850 0.014279 200 196 1000 1008 1000 1000 0 3
0.166667 0.156400 0.013799 200 214 1000 1066 1000 1000 0 3
0.166667 0.186464 0.014718 200 210 1000 968 1000 1000 0 3
0.166667 0.154456 0.013889 200 213 1000 1025 1000 1000 0 3
