0.166667 0.166633 0.012457 200 187 1000 994 1000 1000 100 10
0.166667 0.170964 0.012706 200 168 1000 947 1000 1000 100 10
0.166667 0.190178 0.012452 200 209 1000 1024 1000 1000 100 10
0.166667 0.191035 0.012604 200 216 1000 990 1000 1000 100 10
0.166667 0.172501 0.012449 200 187 1000 987 1000 1000 100 10
0.166667 0.177282 0.012427 200 201 1000 1030 1000 1000 100 10
0.166667 0.158894 0.012358 200 169 1000 979 1000 1000 100 10
0.166667 0.181331 0.012506 200 189 1000 1012 1000 1000 100 10
0.166667 0.180866 0.012346 200 193 1000 1047 1000 1000 100 10
0.166667 0.177585 0.012434 200 196 1000 1013 1000 1000 100 10
0.166667 0.156856 0.011886 200 170 1000 1012 1000 1000 100 10
0.166667 0.184567 0.012848 200 191 1000 959 1000 1000 100 10
0.166667 0.192569 0.012779 200 210 1000 983 1000 1000 100 10
0.166667 0.173586 0.012145 200 185 1000 1012 1000 1000 100 10
0.166667 0.205690 0.012473 200 230 1000 1037 1000 1000 100 10
0.166667 0.173996 0.012381 200 204 1000 1006 1000 1000 100 10
0.166667 0.180249 0.012259 200 200 1000 1021 1000 1000 100 10
0.166667 0.198598 0.013036 200 210 1000 970 1000 1000 100 10
0.166667 0.191222 0.012538 200 205 1000 995 1000 1000 100 10
0.166667 0.195762 0.012842 200 208 1000 1003 1000 1000 100 10
0.166667 0.187964 0.012637 200 202 1000 1013 1000 1000 100 10
0.166667 0.199583 0.012786 200 220 1000 986 1000 1000 100 10
0.166667 0.165684 0.012370 200 180 1000 979 1000 1000 100 10
0.166667 0.173047 0.012317 200 190 1000 983 1000 1000 100 10
0.166667 0.171234 0.012622 200 179 1000 974 1000 1000 100 10
0.166667 0.197339 0.012646 200 210 1000 1013 1000 1000 100 10
0.166667 0.175803 0.012269 200 191 1000 1024 1000 1000 100 10
0.166667 0.183177 0.012612 200 190 1000 990 1000 1000 100 10
0.166667 0.167306 0.012078 200 185 1000 1005 1000 1000 100 10
0.166667 0.184762 0.012611 200 200 1000 1003 1000 1000 100 10
0.166667 0.167657 0.012213 200 175 1000 980 1000 1000 100 10
0.166667 0.183432 0.012330 200 197 1000 1017 1000 1000 100 10
0.166667 0.173059 0.012590 200 187 1000 998 1000 1000 100 10
0.166667 0.187770 0.012749 200 199 1000 973 1000 1000 100 10
0.166667 0.192875 0.012960 200 207 1000 979 1000 1000 100 10
0.166667 0.205963 0.012932 200 227 1000 979 1000 1000 100 10
0.166667 0.188275 0.012548 200 214 1000 993 1000 1000 100 10
0.166667 0.199757 0.012759 200 217 1000 996 1000 1000 100 10
0.166667 0.160656 0.012477 200 164 1000 967 1000 1000 100 10
0.166667 0.185215 0.013084 200 193 1000 950 1000 1000 100 10
0.166667 0.157184 0.011788 200 179 1000 1056 1000 1000 100 10
0.166667 0.197582 0.012679 200 218 1000 1018 1000 1000 100 10
0.166667 0.171298 0.012134 200 184 1000 1013 1000 1000 100 10
0.166667 0.204693 0.013017 200 209 1000 973 1000 1000 100 10
0.166667 0.197201 0.012715 200 219 1000 1007 1000 1000 100 10
0.166667 0.193674 0.012469 200 214 1000 1026 1000 1000 100 10
0.166667 0.194904 0.013192 200 205 1000 949 1000 1000 100 10
0.166667 0.169923 0.012070 200 188 1000 1018 1000 1000 100 10
0.166667 0.183302 0.012582 200 197 1000 996 1000 1000 100 10
0.166667 0.188752 0.012726 200 199 1000 997 1000 1000 100 10
0.166667 0.208373 0.013063 200 209 1000 966 1000 1000 100 10
0.166667 0.174320 0.012194 200 192 1000 1004 1000 1000 100 10
0.166667 0.168783 0.011944 200 179 1000 1040 1000 1000 100 10
0.166667 0.173089 0.012596 200 175 1000 948 1000 1000 100 10
0.166667 0.187154 0.012558 200 206 1000 1004 1000 1000 100 10
0.166667 0.187716 0.012595 200 215 1000 1008 1000 1000 100 10
0.166667 0.157573 0.011975 200 172 1000 1017 1000 1000 100 10
0.166667 0.191244 0.012515 200 221 1000 1040 1000 1000 100 10
0.166667 0.194386 0.013049 200 193 1000 988 1000 1000 100 10
0.166667 0.180886 0.012417 200 207 1000 1026 1000 1000 100 10
0.166667 0.197544 0.013259 200 197 1000 962 1000 1000 100 10
0.166667 0.183222 0.012593 200 193 1000 1006 1000 1000 100 10
0.166667 0.164520 0.012298 200 184 1000 1012 1000 1000 100 10
0.166667 0.186241 0.012572 200 197 1000 1021 1000 1000 100 10
0.166667 0.181582 0.012780 200 188 1000 971 1000 1000 100 10
0.166667 0.196860 0.013079 200 218 1000 993 1000 1000 100 10
0.166667 0.187082 0.012559 200 218 1000 1041 1000 1000 100 10
0.166667 0.193607 0.012557 200 212 1000 994 1000 1000 100 10
0.166667 0.180269 0.012661 200 195 1000 988 1000 1000 100 10
0.166667 0.174003 0.012403 200 193 1000 1005 1000 1000 100 10
0.166667 0.169632 0.012387 200 187 1000 1013 1000 1000 100 10
0.166667 0.202445 0.013260 200 207 1000 941 1000 1000 100 10
0.166667 0.169028 0.012117 200 194 1000 1055 1000 1000 100 10
0.166667 0.184519 0.012520 200 199 1000 983 1000 1000 100 10
0.166667 0.184914 0.012913 200 187 1000 982 1000 1000 100 10
0.166667 0.152623 0.011564 200 176 1000 1065 1000 1000 100 10
0.166667 0.173908 0.012334 200 191 1000 1001 1000 1000 100 10
0.166667 0.177050 0.012831 200 176 1000 970 1000 1000 100 10
0.166667 0.173641 0.012160 200 196 1000 1026 1000 1000 100 10
0.166667 0.192973 0.012999 200 196 1000 957 1000 1000 100 10
0.166667 0.200098 0.012702 200 206 1000 1002 1000 1000 100 10
0.166667 0.187082 0.012523 200 200 1000 1026 1000 1000 100 10
0.166667 0.185547 0.012934 200 206 1000 994 1000 1000 100 10
0.166667 0.184873 0.012265 200 223 1000 1057 1000 1000 100 10
0.166667 0.197706 0.012883 200 213 1000 1023 1000 1000 100 10
0.166667 0.197656 0.013179 200 210 1000 968 1000 1000 100 10
0.166667 0.191363 0.012559 200 198 1000 1006 1000 1000 100 10
0.166667 0.187592 0.012721 200 200 1000 1007 1000 1000 100 10
0.166667 0.185695 0.012205 200 228 1000 1069 1000 1000 100 10
0.166667 0.188908 0.012374 200 203 1000 1010 1000 1000 100 10
0.166667 0.179952 0.012325 200 193 1000 1033 1000 1000 100 10
0.166667 0.194152 0.013155 200 198 1000 952 1000 1000 100 10
0.166667 0.184612 0.012728 200 198 1000 977 1000 1000 100 10
0.166667 0.203142 0.013186 200 215 1000 944 1000 1000 100 10
0.166667 0.197716 0.012990 200 198 1000 967 1000 1000 100 10
0.166667 0.168159 0.011822 200 205 1000 1047 1000 1000 100 10
0.166667 0.196301 0.013054 200 191 1000 957 1000 1000 100 10
0.166667 0.176250 0.012241 200 193 1000 1056 1000 1000 100 10
0.166667 0.205655 0.013239 200 205 1000 954 1000 1000 100 10
0.166667 0.196948 0.012685 200 224 1000 1005 1000 1000 100 10
0.166667 0.177053 0.012829 200 191 1000 994 1000 1000 100 10
0.166667 0.186723 0.012606 200 203 1000 981 1000 1000 100 10
0.166667 0.195962 0.012921 200 210 1000 956 1000 1000 100 10
0.166667 0.164895 0.012037 200 178 1000 1020 1000 1000 100 10
0.166667 0.182820 0.012709 200 197 1000 991 1000 1000 100 10
0.166667 0.168294 0.012336 200 170 1000 976 1000 1000 100 10
0.166667 0.192904 0.012752 200 209 1000 992 1000 1000 100 10
0.166667 0.195263 0.013089 200 208 1000 961 1000 1000 100 10
0.166667 0.191981 0.012489 200 212 1000 1025 1000 1000 100 10
0.166667 0.208788 0.012760 200 232 1000 1015 1000 1000 100 10
0.166667 0.206397 0.012836 200 223 1000 1003 1000 1000 100 10
0.166667 0.177865 0.012760 200 182 1000 983 1000 1000 100 10
0.166667 0.158670 0.011847 200 192 1000 1072 1000 1000 100 10
0.166667 0.191675 0.012652 200 204 1000 988 1000 1000 100 10
0.166667 0.169200 0.012272 200 196 1000 1028 1000 1000 100 10
0.166667 0.165103 0.011944 200 186 1000 1018 1000 1000 100 10
0.166667 0.152122 0.011426 200 174 1000 1053 1000 1000 100 10
0.166667 0.176788 0.012712 200 173 1000 941 1000 1000 100 10
0.166667 0.193907 0.012863 200 206 1000 971 1000 1000 100 10
0.166667 0.206232 0.013351 200 216 1000 941 1000 1000 100 10
0.166667 0.175915 0.012827 200 182 1000 982 1000 1000 100 10
0.166667 0.171189 0.012624 200 205 1000 1013 1000 1000 100 10
0.166667 0.182981 0.012445 200 193 1000 995 1000 1000 100 10
0.166667 0.182570 0.012450 200 202 1000 1013 1000 1000 100 10
0.166667 0.181985 0.012330 200 209 1000 998 1000 1000 100 10
0.166667 0.180623 0.012619 200 185 1000 981 1000 1000 100 10
0.166667 0.184496 0.012303 200 201 1000 1014 1000 1000 100 10
0.166667 0.163964 0.012421 200 182 1000 974 1000 1000 100 10
0.166667 0.172337 0.012290 200 189 1000 1004 1000 1000 100 10
0.166667 0.180948 0.012268 200 195 1000 1019 1000 1000 100 10
0.166667 0.169968 0.012253 200 179 1000 995 1000 1000 100 10
0.166667 0.161704 0.011990 200 186 1000 1041 1000 1000 100 10
0.166667 0.180254 0.012291 200 203 1000 1040 1000 1000 100 10
0.166667 0.174829 0.012764 200 192 1000 990 1000 1000 100 10
0.166667 0.158367 0.011779 200 179 1000 1042 1000 1000 100 10
0.166667 0.199719 0.013055 200 217 1000 953 1000 1000 100 10
0.166667 0.186156 0.012418 200 196 1000 1023 1000 1000 100 10
0.166667 0.174094 0.012788 200 188 1000 936 1000 1000 100 10
0.166667 0.172328 0.012464 200 182 1000 996 1000 1000 100 10
0.166667 0.188040 0.012581 200 208 1000 989 1000 1000 100 10
0.166667 0.186346 0.012217 200 200 1000 1031 1000 1000 100 10
0.166667 0.192214 0.012875 200 206 1000 990 1000 1000 100 10
0.166667 0.191940 0.012410 200 214 1000 1055 1000 1000 100 10
0.166667 0.175426 0.012621 200 186 1000 1004 1000 1000 100 10
0.166667 0.206023 0.012987 200 222 1000 968 1000 1000 100 10
0.166667 0.200001 0.013087 200 218 1000 954 1000 1000 100 10
0.166667 0.172974 0.012312 200 192 1000 1025 1000 1000 100 10
0.166667 0.179620 0.012029 200 205 1000 1061 1000 1000 100 10
0.166667 0.215213 0.013388 200 226 1000 985 1000 1000 100 10
0.166667 0.198852 0.013137 200 225 1000 978 1000 1000 100 10
0.166667 0.200463 0.012716 200 218 1000 1009 1000 1000 100 10
0.166667 0.185088 0.012522 200 209 1000 1001 1000 1000 100 10
0.166667 0.199661 0.012954 200 197 1000 956 1000 1000 100 10
0.166667 0.164002 0.012370 200 168 1000 991 1000 1000 100 10
0.166667 0.199743 0.012653 200 208 1000 996 1000 1000 100 10
0.166667 0.192811 0.012971 200 207 1000 971 1000 1000 100 10
0.166667 0.174020 0.012184 200 201 1000 1056 1000 1000 100 10
0.166667 0.182044 0.012439 200 190 1000 997 1000 1000 100 10
0.166667 0.173607 0.012456 200 193 1000 982 1000 1000 100 10
0.166667 0.187680 0.012789 200 204 1000 977 1000 1000 100 10
0.166667 0.173103 0.012340 200 189 1000 1013 1000 1000 100 10
0.166667 0.183189 0.012647 200 208 1000 991 1000 1000 100 10
0.166667 0.206990 0.012674 200 231 1000 1037 1000 1000 100 10
0.166667 0.210227 0.013193 200 223 1000 979 1000 1000 100 10
0.166667 0.198107 0.012996 200 204 1000 960 1000 1000 100 10
0.166667 0.166418 0.012405 200 185 1000 1001 1000 1000 100 10
0.166667 0.185846 0.012801 200 199 1000 1014 1000 1000 100 10
0.166667 0.158380 0.011840 200 181 1000 1039 1000 1000 100 10
0.166667 0.194230 0.013075 200 194 1000 955 1000 1000 100 10
0.166667 0.192916 0.012672 200 209 1000 1013 1000 1000 100 10
0.166667 0.173211 0.012241 200 187 1000 1001 1000 1000 100 10
0.166667 0.171588 0.012163 200 190 1000 1020 1000 1000 100 10
0.166667 0.187418 0.013123 200 194 1000 964 1000 1000 100 10
0.166667 0.175414 0.012503 200 188 1000 989 1000 1000 100 10
0.166667 0.205011 0.013242 200 218 1000 954 1000 1000 100 10
0.166667 0.203469 0.012923 200 219 1000 996 1000 1000 100 10
0.166667 0.183961 0.012559 200 202 1000 1011 1000 1000 100 10
0.166667 0.181734 0.012662 200 200 1000 974 1000 1000 100 10
0.166667 0.185301 0.012400 200 202 1000 1003 1000 1000 100 10
0.166667 0.165878 0.011983 200 174 1000 1020 1000 1000 100 10
0.166667 0.194676 0.012509 200 209 1000 1012 1000 1000 100 10
0.166667 0.202588 0.012450 200 229 1000 1042 1000 1000 100 10
0.166667 0.170709 0.012176 200 176 1000 1023 1000 1000 100 10
0.166667 0.187081 0.012690 200 214 1000 985 1000 1000 100 10
0.166667 0.170711 0.012304 200 179 1000 991 1000 1000 100 10
0.166667 0.192837 0.012594 200 202 1000 1020 1000 1000 100 10
0.166667 0.184847 0.012245 200 196 1000 1057 1000 1000 100 10
0.166667 0.199538 0.013039 200 203 1000 954 1000 1000 100 10
0.166667 0.163021 0.012095 200 179 1000 990 1000 1000 100 10
0.166667 0.190309 0.012470 200 214 1000 1030 1000 1000 100 10
0.166667 0.192682 0.012880 200 210 1000 957 1000 1000 100 10
0.166667 0.192323 0.012843 200 203 1000 994 1000 1000 100 10
0.166667 0.190213 0.013010 200 205 1000 956 1000 1000 100 10
0.166667 0.166509 0.012098 200 202 1000 1038 1000 1000 100 10
0.166667 0.156926 0.011784 200 181 1000 1039 1000 1000 100 10
0.166667 0.182307 0.012637 200 188 1000 981 1000 1000 100 10
0.166667 0.174600 0.012007 200 201 1000 1057 1000 1000 100 10
0.166667 0.207296 0.013027 200 215 1000 1004 1000 1000 100 10
0.166667 0.164025 0.011965 200 183 1000 1012 1000 1000 100 10
0.166667 0.178379 0.012476 200 194 1000 1011 1000 1000 100 10
0.166667 0.193744 0.012985 200 207 1000 950 1000 1000 100 10
0.166667 0.193042 0.012818 200 207 1000 1022 1000 1000 100 10
0.166667 0.190595 0.012815 200 214 1000 1005 1000 1000 100 10
0.166667 0.186709 0.012690 200 200 1000 993 1000 1000 100 10
0.166667 0.190736 0.013036 200 196 1000 942 1000 1000 100 10
0.166667 0.170918 0.012174 200 201 1000 1024 1000 1000 100 10
0.166667 0.174267 0.012409 200 193 1000 1010 1000 1000 100 10
0.166667 0.177382 0.012049 200 192 1000 1075 1000 1000 100 10
0.166667 0.202600 0.012801 200 228 1000 1019 1000 1000 100 10
0.166667 0.207527 0.013216 200 217 1000 956 1000 1000 100 10
0.166667 0.167297 0.012576 200 191 1000 979 1000 1000 100 10
0.166667 0.192269 0.012853 200 210 1000 979 1000 1000 100 10
0.166667 0.172962 0.012319 200 189 1000 1019 1000 1000 100 10
0.166667 0.180330 0.012169 200 207 1000 1042 1000 1000 100 10
0.166667 0.165678 0.012715 200 184 1000 993 1000 1000 100 10
0.166667 0.187160 0.012777 200 205 1000 978 1000 1000 100 10
0.166667 0.157555 0.012133 200 176 1000 993 1000 1000 100 10
0.166667 0.190934 0.012772 200 209 1000 973 1000 1000 100 10
0.166667 0.181930 0.012459 200 187 1000 1010 1000 1000 100 10
0.166667 0.176371 0.012423 200 190 1000 998 1000 1000 100 10
0.166667 0.185318 0.012386 200 218 1000 1054 1000 1000 100 10
0.166667 0.184568 0.012486 200 207 1000 1032 1000 1000 100 10
0.166667 0.209536 0.013452 200 220 1000 918 1000 1000 100 10
0.166667 0.189324 0.012469 200 208 1000 990 1000 1000 100 10
0.166667 0.160739 0.012262 200 184 1000 988 1000 1000 100 10
0.166667 0.169968 0.012248 200 185 1000 1005 1000 1000 100 10
0.166667 0.222383 0.013230 200 236 1000 968 1000 1000 100 10
0.166667 0.195036 0.013130 200 219 1000 970 1000 1000 100 10
0.166667 0.173881 0.012200 200 193 1000 1018 1000 1000 100 10
0.166667 0.172760 0.012181 200 189 1000 1033 1000 1000 100 10
0.166667 0.173774 0.012065 200 201 1000 1077 1000 1000 100 10
0.166667 0.180811 0.012553 200 190 1000 999 1000 1000 100 10
0.166667 0.189592 0.012423 200 203 1000 1021 1000 1000 100 10
0.166667 0.181965 0.012442 200 187 1000 1017 1000 1000 100 10
0.166667 0.185581 0.012375 200 198 1000 1015 1000 1000 100 10
0.166667 0.176866 0.012350 200 186 1000 994 1000 1000 100 10
0.166667 0.179617 0.012619 200 205 1000 1013 1000 1000 100 10
0.166667 0.187432 0.012590 200 198 1000 1009 1000 1000 100 10
0.166667 0.177152 0.012546 200 189 1000 989 1000 1000 100 10
0.166667 0.184307 0.012594 200 203 1000 995 1000 1000 100 10
0.166667 0.184500 0.012727 200 204 1000 970 1000 1000 100 10
0.166667 0.176816 0.012322 200 203 1000 1042 1000 1000 100 10
0.166667 0.192811 0.012619 200 215 1000 1018 1000 1000 100 10
0.166667 0.200767 0.012892 200 206 1000 967 1000 1000 100 10
0.166667 0.204800 0.012857 200 224 1000 1001 1000 1000 100 10
0.166667 0.200006 0.012799 200 219 1000 992 1000 1000 100 10
0.166667 0.185749 0.012481 200 191 1000 1020 1000 1000 100 10
0.166667 0.195485 0.012779 200 197 1000 982 1000 1000 100 10
0.166667 0.174581 0.012472 200 200 1000 996 1000 1000 100 10
0.166667 0.181159 0.012460 200 200 1000 1008 1000 1000 100 10
0.166667 0.186435 0.012622 200 212 1000 998 1000 1000 100 10
0.166667 0.172843 0.012206 200 196 1000 1022 1000 1000 100 10
0.166667 0.169396 0.012137 200 201 1000 1021 1000 1000 100 10
0.166667 0.178522 0.012638 200 199 1000 1003 1000 1000 100 10
0.166667 0.207422 0.013299 200 215 1000 965 1000 1000 100 10
0.166667 0.190463 0.012839 200 193 1000 973 1000 1000 100 10
0.166667 0.173078 0.012621 200 184 1000 984 1000 1000 100 10
0.166667 0.191081 0.012807 200 201 1000 984 1000 1000 100 10
0.166667 0.174981 0.012738 200 180 1000 962 1000 1000 100 10
0.166667 0.174372 0.012428 200 191 1000 1018 1000 1000 100 10
0.166667 0.194059 0.012624 200 228 1000 1035 1000 1000 100 10
0.166667 0.189673 0.012606 200 204 1000 1018 1000 1000 100 10
0.166667 0.176227 0.012541 200 182 1000 967 1000 1000 100 10
0.166667 0.188081 0.012824 200 203 1000 977 1000 1000 100 10
0.166667 0.162953 0.012315 200 188 1000 1002 1000 1000 100 10
0.166667 0.200357 0.012841 200 215 1000 980 1000 1000 100 10
0.166667 0.183420 0.012672 200 203 1000 1007 1000 1000 100 10
0.166667 0.164773 0.012414 200 160 1000 957 1000 1000 100 10
0.166667 0.178038 0.012323 200 202 1000 1022 1000 1000 100 10
0.166667 0.189987 0.012685 200 205 1000 1009 1000 1000 100 10
0.166667 0.184066 0.012711 200 191 1000 973 1000 1000 100 10
0.166667 0.190938 0.013016 200 189 1000 970 1000 1000 100 10
0.166667 0.196148 0.012742 200 216 1000 1010 1000 1000 100 10
0.166667 0.195468 0.013332 200 197 1000 953 1000 1000 100 10
0.166667 0.187598 0.012714 200 199 1000 990 1000 1000 100 10
0.166667 0.195216 0.013094 200 203 1000 951 1000 1000 100 10
0.166667 0.177389 0.012394 200 187 1000 1009 1000 1000 100 10
0.166667 0.189817 0.012897 200 197 1000 986 1000 1000 100 10
0.166667 0.177906 0.012211 200 193 1000 1043 1000 1000 100 10
0.166667 0.158511 0.011743 200 176 1000 1037 1000 1000 100 10
0.166667 0.175927 0.012417 200 192 1000 1025 1000 1000 100 10
0.166667 0.188702 0.012561 200 198 1000 1010 1000 1000 100 10
0.166667 0.203558 0.013191 200 209 1000 966 1000 1000 100 10
0.166667 0.181956 0.012355 200 196 1000 1058 1000 1000 100 10
0.166667 0.177040 0.012686 200 188 1000 966 1000 1000 100 10
0.166667 0.194434 0.012755 200 205 1000 978 1000 1000 100 10
0.166667 0.185965 0.012548 200 204 1000 980 1000 1000 100 10
0.166667 0.197118 0.012689 200 214 1000 1018 1000 1000 100 10
0.166667 0.190624 0.013072 200 200 1000 927 1000 1000 100 10
0.166667 0.197883 0.012799 200 216 1000 991 1000 1000 100 10
0.166667 0.173759 0.012732 200 185 1000 958 1000 1000 100 10
0.166667 0.187809 0.012518 200 206 1000 994 1000 1000 100 10
0.166667 0.186627 0.012807 200 193 1000 978 1000 1000 100 10
0.166667 0.202616 0.013186 200 196 1000 937 1000 1000 100 10
0.166667 0.180948 0.012416 200 204 1000 1030 1000 1000 100 10
0.166667 0.204025 0.013349 200 209 1000 920 1000 1000 100 10
0.166667 0.171660 0.012373 200 173 1000 999 1000 1000 100 10
0.166667 0.200068 0.013078 200 220 1000 953 1000 1000 100 10
0.166667 0.171351 0.012187 200 194 1000 1028 1000 1000 100 10
0.166667 0.181401 0.012351 200 200 1000 1033 1000 1000 100 10
0.166667 0.180221 0.012593 200 186 1000 965 1000 1000 100 10
0.166667 0.180288 0.011981 200 221 1000 1063 1000 1000 100 10
0.166667 0.180950 0.012933 200 193 1000 968 1000 1000 100 10
0.166667 0.171775 0.012381 200 191 1000 992 1000 1000 100 10
0.166667 0.172902 0.012187 200 201 1000 1036 1000 1000 100 10
0.166667 0.179611 0.012802 200 194 1000 958 1000 1000 100 10
0.166667 0.179379 0.012634 200 186 1000 983 1000 1000 100 10
0.166667 0.194568 0.012573 200 213 1000 983 1000 1000 100 10
0.166667 0.197445 0.012339 200 219 1000 1024 1000 1000 100 10
0.166667 0.211711 0.012982 200 221 1000 974 1000 1000 100 10
0.166667 0.185851 0.012724 200 205 1000 1014 1000 1000 100 10
0.166667 0.190128 0.012587 200 197 1000 994 1000 1000 100 10
0.166667 0.176086 0.012782 200 191 1000 966 1000 1000 100 10
0.166667 0.195818 0.012606 200 223 1000 1019 1000 1000 100 10
0.166667 0.199249 0.012951 200 213 1000 976 1000 1000 100 10
0.166667 0.180448 0.012535 200 204 1000 993 1000 1000 100 10
0.166667 0.196234 0.012394 200 225 1000 1035 1000 1000 100 10
0.166667 0.176164 0.012662 200 189 1000 971 1000 1000 100 10
0.166667 0.200115 0.012721 200 205 1000 1007 1000 1000 100 10
0.166667 0.181036 0.012307 200 196 1000 1019 1000 1000 100 10
0.166667 0.171214 0.012440 200 187 1000 989 1000 1000 100 10
0.166667 0.187047 0.012828 200 210 1000 975 1000 1000 100 10
0.166667 0.167937 0.012298 200 186 1000 1011 1000 1000 100 10
0.166667 0.188218 0.012832 200 211 1000 1002 1000 1000 100 10
0.166667 0.203679 0.012960 200 215 1000 997 1000 1000 100 10
0.166667 0.191033 0.013025 200 198 1000 951 1000 1000 100 10
0.166667 0.184465 0.012686 200 189 1000 973 1000 1000 100 10
0.166667 0.172588 0.012255 200 191 1000 1012 1000 1000 100 10
0.166667 0.167188 0.012146 200 188 1000 1046 1000 1000 100 10
0.166667 0.178121 0.012393 200 196 1000 1000 1000 1000 100 10
0.166667 0.177780 0.012467 200 190 1000 999 1000 1000 100 10
0.166667 0.196467 0.012948 200 202 1000 980 1000 1000 100 10
0.166667 0.163611 0.012187 200 167 1000 1018 1000 1000 100 10
0.166667 0.198675 0.012721 200 214 1000 1006 1000 1000 100 10
0.166667 0.184084 0.012488 200 201 1000 1005 1000 1000 100 10
0.166667 0.175925 0.012673 200 191 1000 984 1000 1000 100 10
0.166667 0.183370 0.012809 200 200 1000 996 1000 1000 100 10
0.166667 0.182965 0.012313 200 204 1000 1020 1000 1000 100 10
0.166667 0.182274 0.012573 200 196 1000 986 1000 1000 100 10
0.166667 0.173992 0.012148 200 204 1000 1039 1000 1000 100 10
0.166667 0.191307 0.012803 200 207 1000 981 1000 1000 100 10
0.166667 0.207152 0.013047 200 218 1000 979 1000 1000 100 10
0.166667 0.151395 0.011828 200 167 1000 1017 1000 1000 100 10
0.166667 0.188285 0.012560 200 204 1000 1008 1000 1000 100 10
0.166667 0.193591 0.013161 200 196 1000 943 1000 1000 100 10
0.166667 0.191833 0.012678 200 199 1000 961 1000 1000 100 10
0.166667 0.184646 0.012420 200 213 1000 1035 1000 1000 100 10
0.166667 0.190348 0.012458 200 204 1000 1020 1000 1000 100 10
0.166667 0.171811 0.012470 200 189 1000 990 1000 1000 100 10
0.166667 0.168908 0.012238 200 187 1000 989 1000 1000 100 10
0.166667 0.177129 0.012541 200 200 1000 1008 1000 1000 100 10
0.166667 0.181793 0.012507 200 190 1000 1008 1000 1000 100 10
0.166667 0.165255 0.012533 200 176 1000 987 1000 1000 100 10
0.166667 0.183583 0.012602 200 196 1000 991 1000 1000 100 10
0.166667 0.182307 0.012469 200 202 1000 1008 1000 1000 100 10
0.166667 0.190249 0.012635 200 206 1000 998 1000 1000 100 10
0.166667 0.191256 0.012527 200 207 1000 1024 1000 1000 100 10
0.166667 0.181126 0.012332 200 200 1000 1024 1000 1000 100 10
0.166667 0.176214 0.012415 200 185 1000 1008 1000 1000 100 10
0.166667 0.160554 0.012254 200 164 1000 979 1000 1000 100 10
0.166667 0.159504 0.012106 200 179 1000 1008 1000 1000 100 10
0.166667 0.189144 0.012623 200 205 1000 1009 1000 1000 100 10
0.166667 0.173547 0.012582 200 181 1000 990 1000 1000 100 10
0.166667 0.186582 0.012713 200 208 1000 1000 1000 1000 100 10
0.166667 0.172187 0.012620 200 176 1000 980 1000 1000 100 10
0.166667 0.184299 0.012361 200 203 1000 1019 1000 1000 100 10
0.166667 0.173432 0.012715 200 202 1000 1006 1000 1000 100 10
0.166667 0.178499 0.012361 200 194 1000 1001 1000 1000 100 10
0.166667 0.187583 0.012845 200 209 1000 955 1000 1000 100 10
0.166667 0.158607 0.011766 200 181 1000 1048 1000 1000 100 10
0.166667 0.207280 0.012810 200 225 1000 1023 1000 1000 100 10
0.166667 0.178859 0.012804 200 181 1000 953 1000 1000 100 10
0.166667 0.188022 0.012186 200 203 1000 1052 1000 1000 100 10
0.166667 0.193526 0.012446 200 210 1000 1021 1000 1000 100 10
0.166667 0.168633 0.012400 200 183 1000 987 1000 1000 100 10
0.166667 0.201972 0.012690 200 225 1000 1001 1000 1000 100 10
0.166667 0.165528 0.012630 200 193 1000 972 1000 1000 100 10
0.166667 0.178866 0.012407 200 198 1000 1007 1000 1000 100 10
0.166667 0.172110 0.012163 200 187 1000 1026 1000 1000 100 10
0.166667 0.183448 0.012577 200 204 1000 985 1000 1000 100 10
0.166667 0.191072 0.012574 200 203 1000 1017 1000 1000 100 10
0.166667 0.194857 0.012812 200 222 1000 994 1000 1000 100 10
0.166667 0.186740 0.012896 200 201 1000 961 1000 1000 100 10
0.166667 0.207957 0.012984 200 233 1000 991 1000 1000 100 10
0.166667 0.172835 0.012286 200 198 1000 1002 1000 1000 100 10
0.166667 0.190954 0.012482 200 212 1000 1027 1000 1000 100 10
0.166667 0.184467 0.012608 200 189 1000 991 1000 1000 100 10
0.166667 0.198481 0.012636 200 227 1000 1008 1000 1000 100 10
0.166667 0.181697 0.012665 200 197 1000 989 1000 1000 100 10
0.166667 0.192136 0.012675 200 203 1000 994 1000 1000 100 10
0.166667 0.195345 0.013068 200 210 1000 983 1000 1000 100 10
0.166667 0.183442 0.012816 200 207 1000 1018 1000 1000 100 10
0.166667 0.176921 0.012586 200 189 1000 999 1000 1000 100 10
0.166667 0.160272 0.012314 200 187 1000 1004 1000 1000 100 10
0.166667 0.180122 0.012731 200 193 1000 978 1000 1000 100 10
0.166667 0.177532 0.012510 200 193 1000 1008 1000 1000 100 10
0.166667 0.170712 0.012370 200 181 1000 989 1000 1000 100 10
0.166667 0.178619 0.012270 200 209 1000 1037 1000 1000 100 10
0.166667 0.169300 0.012240 200 178 1000 997 1000 1000 100 10
0.166667 0.194706 0.013023 200 198 1000 944 1000 1000 100 10
0.166667 0.184666 0.012047 200 213 1000 1054 1000 1000 100 10
0.166667 0.180809 0.012375 200 196 1000 1020 1000 1000 100 10
0.166667 0.185257 0.012520 200 198 1000 1005 1000 1000 100 10
0.166667 0.187724 0.012584 200 199 1000 964 1000 1000 100 10
0.166667 0.177818 0.012536 200 195 1000 997 1000 1000 100 10
0.166667 0.171363 0.012570 200 177 1000 999 1000 1000 100 10
0.166667 0.199334 0.012824 200 208 1000 996 1000 1000 100 10
0.166667 0.187637 0.012128 200 214 1000 1070 1000 1000 100 10
0.166667 0.192913 0.012232 200 211 1000 1056 1000 1000 100 10
0.166667 0.199107 0.012652 200 215 1000 986 1000 1000 100 10
0.166667 0.194193 0.012563 200 206 1000 1027 1000 1000 100 10
0.166667 0.181062 0.012652 200 208 1000 979 1000 1000 100 10
0.166667 0.180584 0.012404 200 201 1000 1021 1000 1000 100 10
0.166667 0.155495 0.011857 200 178 1000 1015 1000 1000 100 10
0.166667 0.185596 0.012528 200 190 1000 1007 1000 1000 100 10
0.166667 0.196405 0.012768 200 221 1000 996 1000 1000 100 10
0.166667 0.174363 0.012749 200 185 1000 962 1000 1000 100 10
0.166667 0.185166 0.012780 200 188 1000 969 1000 1000 100 10
0.166667 0.192476 0.012432 200 215 1000 1033 1000 1000 100 10
0.166667 0.188611 0.012472 200 207 1000 1022 1000 1000 100 10
0.166667 0.207970 0.012776 200 225 1000 1032 1000 1000 100 10
0.166667 0.182088 0.012911 200 208 1000 995 1000 1000 100 10
0.166667 0.186135 0.012295 200 206 1000 1043 1000 1000 100 10
0.166667 0.185347 0.012999 200 212 1000 974 1000 1000 100 10
0.166667 0.172973 0.012324 200 188 1000 996 1000 1000 100 10
0.166667 0.165610 0.012487 200 195 1000 998 1000 1000 100 10
0.166667 0.175159 0.012250 200 192 1000 1028 1000 1000 100 10
0.166667 0.192083 0.012631 200 218 1000 1004 1000 1000 100 10
0.166667 0.190761 0.012644 200 206 1000 989 1000 1000 100 10
0.166667 0.165316 0.012131 200 180 1000 1031 1000 1000 100 10
0.166667 0.195921 0.012751 200 218 1000 1006 1000 1000 100 10
0.166667 0.186804 0.012286 200 201 1000 1044 1000 1000 100 10
0.166667 0.189412 0.012870 200 205 1000 991 1000 1000 100 10
0.166667 0.189208 0.012945 200 203 1000 948 1000 1000 100 10
0.166667 0.143712 0.011835 200 163 1000 1007 1000 1000 100 10
0.166667 0.179936 0.012345 200 205 1000 1012 1000 1000 100 10
0.166667 0.163956 0.012111 200 167 1000 1017 1000 1000 100 10
0.166667 0.166426 0.012139 200 184 1000 1014 1000 1000 100 10
0.166667 0.176534 0.012135 200 199 1000 1053 1000 1000 100 10
0.166667 0.202194 0.012804 200 220 1000 985 1000 1000 100 10
0.166667 0.191857 0.012918 200 212 1000 975 1000 1000 100 10
0.166667 0.177897 0.012619 200 204 1000 989 1000 1000 100 10
0.166667 0.193019 0.012539 200 212 1000 1009 1000 1000 100 10
0.166667 0.157472 0.012192 200 169 1000 1000 1000 1000 100 10
0.166667 0.201808 0.013256 200 210 1000 940 1000 1000 100 10
0.166667 0.192956 0.012352 200 223 1000 1050 1000 1000 100 10
0.166667 0.153386 0.012016 200 162 1000 997 1000 1000 100 10
0.166667 0.193951 0.012680 200 203 1000 999 1000 1000 100 10
0.166667 0.172624 0.012089 200 186 1000 1030 1000 1000 100 10
0.166667 0.166573 0.012427 200 188 1000 998 1000 1000 100 10
0.166667 0.189140 0.012533 200 222 1000 1053 1000 1000 100 10
0.166667 0.173341 0.012832 200 191 1000 957 1000 1000 100 10
0.166667 0.188138 0.012522 200 208 1000 1025 1000 1000 100 10
0.166667 0.186507 0.012839 200 205 1000 978 1000 1000 100 10
0.166667 0.183242 0.012492 200 209 1000 1052 1000 1000 100 10
0.166667 0.179100 0.012309 200 189 1000 1026 1000 1000 100 10
0.166667 0.188946 0.012697 200 206 1000 1010 1000 1000 100 10
0.166667 0.173819 0.012003 200 202 1000 1067 1000 1000 100 10
0.166667 0.189753 0.012862 200 224 1000 1014 1000 1000 100 10
0.166667 0.186848 0.012358 200 214 1000 1016 1000 1000 100 10
0.166667 0.179052 0.012618 200 191 1000 988 1000 1000 100 10
0.166667 0.160881 0.012113 200 171 1000 997 1000 1000 100 10
0.166667 0.195832 0.013102 200 206 1000 971 1000 1000 100 10
0.166667 0.193665 0.012825 200 219 1000 1009 1000 1000 100 10
0.166667 0.186103 0.012141 200 213 1000 1035 1000 1000 100 10
0.166667 0.189516 0.012533 200 200 1000 1021 1000 1000 100 10
0.166667 0.188760 0.012551 200 194 1000 1002 1000 1000 100 10
0.166667 0.176579 0.012370 200 206 1000 1010 1000 1000 100 10
0.166667 0.178705 0.012950 200 191 1000 967 1000 1000 100 10
0.166667 0.168417 0.012038 200 185 1000 1020 1000 1000 100 10
0.166667 0.179532 0.012428 200 203 1000 993 1000 1000 100 10
0.166667 0.174287 0.012275 200 202 1000 1032 1000 1000 100 10
0.166667 0.190639 0.012586 200 196 1000 1018 1000 1000 100 10
0.166667 0.206723 0.012711 200 225 1000 1037 1000 1000 100 10
0.166667 0.188066 0.012872 200 200 1000 990 1000 1000 100 10
0.166667 0.198352 0.012944 200 218 1000 990 1000 1000 100 10
0.166667 0.177982 0.012490 200 193 1000 1020 1000 1000 100 10
0.166667 0.161852 0.012101 200 174 1000 1000 1000 1000 100 10
0.166667 0.183402 0.012545 200 203 1000 1004 1000 1000 100 10
0.166667 0.170092 0.012523 200 180 1000 986 1000 1000 100 10
0.166667 0.181570 0.012418 200 192 1000 980 1000 1000 100 10
0.166667 0.182495 0.012769 200 197 1000 977 1000 1000 100 10
0.166667 0.198199 0.012929 200 206 1000 1000 1000 1000 100 10
0.166667 0.194163 0.012835 200 208 1000 980 1000 1000 100 10
0.166667 0.166726 0.011976 200 187 1000 1021 1000 1000 100 10
0.166667 0.195054 0.012757 200 204 1000 991 1000 1000 100 10
0.166667 0.181780 0.012376 200 185 1000 1018 1000 1000 100 10
0.166667 0.207416 0.012958 200 231 1000 1010 1000 1000 100 10
0.166667 0.174786 0.012467 200 194 1000 992 1000 1000 100 10
0.166667 0.191962 0.012630 200 199 1000 1000 1000 1000 100 10
0.166667 0.168479 0.012323 200 175 1000 959 1000 1000 100 10
0.166667 0.162209 0.012099 200 178 1000 1040 1000 1000 100 10
0.166667 0.175954 0.012565 200 197 1000 1006 1000 1000 100 10
0.166667 0.195660 0.013152 200 206 1000 981 1000 1000 100 10
0.166667 0.176712 0.012275 200 195 1000 1030 1000 1000 100 10
0.166667 0.186624 0.012894 200 203 1000 961 1000 1000 100 10
0.166667 0.171718 0.012003 200 202 1000 1032 1000 1000 100 10
0.166667 0.196406 0.013035 200 199 1000 975 1000 1000 100 10
0.166667 0.167004 0.012180 200 194 1000 1027 1000 1000 100 10
0.166667 0.183229 0.012687 200 193 1000 968 1000 1000 100 10
0.166667 0.160301 0.011940 200 169 1000 980 1000 1000 100 10
0.166667 0.175633 0.012415 200 190 1000 997 1000 1000 100 10
0.166667 0.192582 0.013021 200 204 1000 951 1000 1000 100 10
0.166667 0.204743 0.013129 200 217 1000 965 1000 1000 100 10
0.166667 0.200007 0.013305 200 197 1000 922 1000 1000 100 10
0.166667 0.185643 0.012342 200 191 1000 1009 1000 1000 100 10
0.166667 0.178954 0.012526 200 196 1000 979 1000 1000 100 10
0.166667 0.177979 0.012442 200 185 1000 997 1000 1000 100 10
0.166667 0.185047 0.013686 200 182 1000 876 1000 1000 100 10
0.166667 0.191091 0.012952 200 192 1000 962 1000 1000 100 10
0.166667 0.165614 0.011769 200 181 1000 1047 1000 1000 100 10
0.166667 0.200318 0.012492 200 230 1000 1037 1000 1000 100 10
0.166667 0.222971 0.013356 200 238 1000 955 1000 1000 100 10
0.166667 0.172497 0.012213 200 198 1000 1003 1000 1000 100 10
0.166667 0.185785 0.012712 200 199 1000 979 1000 1000 100 10
0.166667 0.179404 0.012021 200 212 1000 1079 1000 1000 100 10
0.166667 0.172858 0.012248 200 197 1000 1018 1000 1000 100 10
0.166667 0.178550 0.012790 200 194 1000 965 1000 1000 100 10
0.166667 0.167208 0.012091 200 198 1000 1024 1000 1000 100 10
0.166667 0.210647 0.012828 200 230 1000 995 1000 1000 100 10
0.166667 0.211547 0.013070 200 222 1000 966 1000 1000 100 10
0.166667 0.187860 0.012247 200 216 1000 1054 1000 1000 100 10
0.166667 0.171943 0.012502 200 198 1000 984 1000 1000 100 10
0.166667 0.189377 0.012596 200 208 1000 987 1000 1000 100 10
0.166667 0.181504 0.012475 200 195 1000 1028 1000 1000 100 10
0.166667 0.191088 0.012326 200 233 1000 1063 1000 1000 100 10
0.166667 0.168571 0.012202 200 196 1000 1011 1000 1000 100 10
0.166667 0.172319 0.012441 200 187 1000 1032 1000 1000 100 10
0.166667 0.186693 0.012732 200 204 1000 991 1000 1000 100 10
0.166667 0.166544 0.012181 200 180 1000 1031 1000 1000 100 10
0.166667 0.187062 0.012670 200 207 1000 1015 1000 1000 100 10
0.166667 0.182350 0.012876 200 194 1000 954 1000 1000 100 10
0.166667 0.162542 0.012025 200 194 1000 1032 1000 1000 100 10
0.166667 0.184346 0.012256 200 197 1000 1026 1000 1000 100 10
0.166667 0.202696 0.013034 200 220 1000 957 1000 1000 100 10
0.166667 0.168316 0.012114 200 193 1000 1040 1000 1000 100 10
0.166667 0.183470 0.012484 200 199 1000 1021 1000 1000 100 10
0.166667 0.187791 0.012458 200 224 1000 1025 1000 1000 100 10
0.166667 0.177506 0.012350 200 204 1000 1009 1000 1000 100 10
0.166667 0.182129 0.012345 200 197 1000 1023 1000 1000 100 10
0.166667 0.169778 0.012203 200 187 1000 1009 1000 1000 100 10
0.166667 0.176891 0.012321 200 193 1000 1026 1000 1000 100 10
0.166667 0.178518 0.012744 200 184 1000 961 1000 1000 100 10
0.166667 0.169290 0.012208 200 181 1000 996 1000 1000 100 10
0.166667 0.182560 0.012329 200 209 1000 1024 1000 1000 100 10
0.166667 0.151414 0.011669 200 173 1000 1044 1000 1000 100 10
0.166667 0.174114 0.012420 200 193 1000 1015 1000 1000 100 10
0.166667 0.217609 0.013279 200 220 1000 965 1000 1000 100 10
0.166667 0.185692 0.012162 200 206 1000 1052 1000 1000 100 10
0.166667 0.212243 0.013070 200 225 1000 962 1000 1000 100 10
0.166667 0.217211 0.013080 200 228 1000 990 1000 1000 100 10
0.166667 0.175924 0.012283 200 199 1000 1014 1000 1000 100 10
0.166667 0.189530 0.012623 200 211 1000 973 1000 1000 100 10
0.166667 0.180321 0.012529 200 189 1000 1034 1000 1000 100 10
0.166667 0.193049 0.012536 200 218 1000 1025 1000 1000 100 10
0.166667 0.198439 0.012690 200 214 1000 1018 1000 1000 100 10
0.166667 0.152678 0.012126 200 162 1000 985 1000 1000 100 10
0.166667 0.164406 0.012268 200 172 1000 1001 1000 1000 100 10
0.166667 0.157792 0.012076 200 167 1000 1003 1000 1000 100 10
0.166667 0.177950 0.012523 200 194 1000 972 1000 1000 100 10
0.166667 0.206376 0.013128 200 210 1000 967 1000 1000 100 10
0.166667 0.192442 0.012721 200 216 1000 986 1000 1000 100 10
0.166667 0.184074 0.012684 200 209 1000 994 1000 1000 100 10
0.166667 0.204244 0.013010 200 222 1000 992 1000 1000 100 10
0.166667 0.178352 0.012573 200 193 1000 974 1000 1000 100 10
0.166667 0.188596 0.012431 200 210 1000 1044 1000 1000 100 10
0.166667 0.177456 0.012197 200 199 1000 1028 1000 1000 100 10
0.166667 0.192111 0.012641 200 213 1000 1008 1000 1000 100 10
0.166667 0.188623 0.012440 200 201 1000 1015 1000 1000 100 10
0.166667 0.198509 0.013064 200 206 1000 950 1000 1000 100 10
0.166667 0.181163 0.012433 200 198 1000 979 1000 1000 100 10
0.166667 0.169977 0.012365 200 180 1000 1002 1000 1000 100 10
0.166667 0.185577 0.012782 200 204 1000 952 1000 1000 100 10
0.166667 0.166024 0.012085 200 190 1000 1033 1000 1000 100 10
0.166667 0.190102 0.012665 200 210 1000 987 1000 1000 100 10
0.166667 0.194758 0.012654 200 205 1000 982 1000 1000 100 10
0.166667 0.184672 0.012718 200 209 1000 989 1000 1000 100 10
0.166667 0.162358 0.012238 200 177 1000 970 1000 1000 100 10
0.166667 0.187304 0.012755 200 206 1000 986 1000 1000 100 10
0.166667 0.176584 0.012394 200 199 1000 1020 1000 1000 100 10
0.166667 0.180384 0.012645 200 195 1000 948 1000 1000 100 10
0.166667 0.159569 0.012275 200 178 1000 991 1000 1000 100 10
0.166667 0.186664 0.013000 200 203 1000 985 1000 1000 100 10
0.166667 0.162958 0.012179 200 184 1000 1004 1000 1000 100 10
0.166667 0.185390 0.012488 200 199 1000 1019 1000 1000 100 10
0.166667 0.198952 0.012847 200 213 1000 1007 1000 1000 100 10
0.166667 0.174095 0.012580 200 178 1000 971 1000 1000 100 10
0.166667 0.183344 0.012386 200 205 1000 1035 1000 1000 100 10
0.166667 0.193217 0.012994 200 211 1000 966 1000 1000 100 10
0.166667 0.205517 0.012926 200 230 1000 1009 1000 1000 100 10
0.166667 0.184703 0.012005 200 220 1000 1075 1000 1000 100 10
0.166667 0.203199 0.012752 200 218 1000 991 1000 1000 100 10
0.166667 0.191205 0.012829 200 199 1000 957 1000 1000 100 10
0.166667 0.183838 0.012777 200 198 1000 961 1000 1000 100 10
0.166667 0.178166 0.012531 200 200 1000 988 1000 1000 100 10
0.166667 0.159365 0.011624 200 163 1000 1056 1000 1000 100 10
0.166667 0.178403 0.012645 200 193 1000 985 1000 1000 100 10
0.166667 0.194206 0.012830 200 196 1000 995 1000 1000 100 10
0.166667 0.172680 0.012276 200 185 1000 994 1000 1000 100 10
0.166667 0.196543 0.012377 200 236 1000 1068 1000 1000 100 10
0.166667 0.192084 0.012664 200 201 1000 990 1000 1000 100 10
0.166667 0.177378 0.012544 200 190 1000 1006 1000 1000 100 10
0.166667 0.175787 0.012386 200 189 1000 990 1000 1000 100 10
0.166667 0.172760 0.012348 200 189 1000 994 1000 1000 100 10
0.166667 0.158159 0.012060 200 178 1000 1014 1000 1000 100 10
0.166667 0.199213 0.012601 200 220 1000 1017 1000 1000 100 10
0.166667 0.203791 0.012955 200 221 1000 1007 1000 1000 100 10
0.166667 0.186947 0.012620 200 195 1000 997 1000 1000 100 10
0.166667 0.162334 0.012168 200 178 1000 1042 1000 1000 100 10
0.166667 0.181257 0.012716 200 175 1000 980 1000 1000 100 10
0.166667 0.174053 0.012183 200 202 1000 1019 1000 1000 100 10
0.166667 0.184320 0.012451 200 197 1000 1039 1000 1000 100 10
0.166667 0.188161 0.012526 200 202 1000 1001 1000 1000 100 10
0.166667 0.176163 0.012532 200 192 1000 1004 1000 1000 100 10
0.166667 0.191163 0.013309 200 203 1000 944 1000 1000 100 10
0.166667 0.181130 0.012365 200 212 1000 1017 1000 1000 100 10
0.166667 0.185877 0.012554 200 207 1000 999 1000 1000 100 10
0.166667 0.176427 0.012471 200 199 1000 1017 1000 1000 100 10
0.166667 0.156274 0.011993 200 178 1000 1044 1000 1000 100 10
0.166667 0.171696 0.012664 200 181 1000 985 1000 1000 100 10
0.166667 0.190306 0.012590 200 202 1000 970 1000 1000 100 10
0.166667 0.169541 0.011925 200 209 1000 1079 1000 1000 100 10
0.166667 0.203388 0.013039 200 215 1000 985 1000 1000 100 10
0.166667 0.192900 0.012499 200 209 1000 1040 1000 1000 100 10
0.166667 0.167520 0.012377 200 184 1000 1004 1000 1000 100 10
0.166667 0.192592 0.013148 200 197 1000 955 1000 1000 100 10
0.166667 0.196998 0.013000 200 204 1000 1000 1000 1000 100 10
0.166667 0.177981 0.012396 200 194 1000 993 1000 1000 100 10
0.166667 0.174676 0.012092 200 184 1000 1032 1000 1000 100 10
0.166667 0.181376 0.012684 200 197 1000 978 1000 1000 100 10
0.166667 0.179535 0.012728 200 207 1000 982 1000 1000 100 10
0.166667 0.192898 0.012755 200 205 1000 990 1000 1000 100 10
0.166667 0.168668 0.012353 200 194 1000 1013 1000 1000 100 10
0.166667 0.204661 0.012729 200 239 1000 1016 1000 1000 100 10
0.166667 0.192341 0.012803 200 204 1000 981 1000 1000 100 10
0.166667 0.176891 0.012401 200 211 1000 1020 1000 1000 100 10
0.166667 0.194515 0.012852 200 204 1000 970 1000 1000 100 10
0.166667 0.174171 0.012445 200 194 1000 1000 1000 1000 100 10
0.166667 0.214785 0.013023 200 228 1000 966 1000 1000 100 10
0.166667 0.193308 0.012586 200 207 1000 1029 1000 1000 100 10
0.166667 0.179754 0.012955 200 186 1000 941 1000 1000 100 10
0.166667 0.171121 0.012355 200 175 1000 1002 1000 1000 100 10
0.166667 0.208207 0.012997 200 221 1000 962 1000 1000 100 10
0.166667 0.177539 0.012507 200 192 1000 1009 1000 1000 100 10
0.166667 0.186471 0.012434 200 218 1000 1033 1000 1000 100 10
0.166667 0.200212 0.012975 200 212 1000 981 1000 1000 100 10
0.166667 0.177077 0.012376 200 199 1000 1018 1000 1000 100 10
0.166667 0.210730 0.013226 200 231 1000 956 1000 1000 100 10
0.166667 0.188811 0.012653 200 207 1000 1005 1000 1000 100 10
0.166667 0.180340 0.012670 200 199 1000 1024 1000 1000 100 10
0.166667 0.191044 0.012977 200 211 1000 980 1000 1000 100 10
0.166667 0.161509 0.012444 200 175 1000 978 1000 1000 100 10
0.166667 0.185291 0.012299 200 196 1000 1049 1000 1000 100 10
0.166667 0.173478 0.012236 200 190 1000 1041 1000 1000 100 10
0.166667 0.187947 0.013244 200 196 1000 913 1000 1000 100 10
0.166667 0.167928 0.011977 200 181 1000 1056 1000 1000 100 10
0.166667 0.175337 0.012158 200 186 1000 1031 1000 1000 100 10
0.166667 0.191134 0.012580 200 200 1000 1003 1000 1000 100 10
0.166667 0.168988 0.011986 200 198 1000 1033 1000 1000 100 10
0.166667 0.211321 0.013122 200 227 1000 1013 1000 1000 100 10
0.166667 0.199308 0.012612 200 218 1000 1025 1000 1000 100 10
0.166667 0.190369 0.012571 200 213 1000 1031 1000 1000 100 10
0.166667 0.181885 0.012710 200 187 1000 978 1000 1000 100 10
0.166667 0.186702 0.012356 200 202 1000 1001 1000 1000 100 10
0.166667 0.179646 0.012401 200 198 1000 985 1000 1000 100 10
0.166667 0.182448 0.012676 200 192 1000 970 1000 1000 100 10
0.166667 0.189656 0.012900 200 195 1000 966 1000 1000 100 10
0.166667 0.198389 0.012970 200 209 1000 981 1000 1000 100 10
0.166667 0.192468 0.012847 200 205 1000 981 1000 1000 100 10
0.166667 0.221755 0.013605 200 230 1000 927 1000 1000 100 10
0.166667 0.165940 0.012210 200 181 1000 1005 1000 1000 100 10
0.166667 0.176312 0.012366 200 199 1000 998 1000 1000 100 10
0.166667 0.168209 0.012124 200 187 1000 1045 1000 1000 100 10
0.166667 0.177187 0.012254 200 187 1000 997 1000 1000 100 10
0.166667 0.206691 0.013014 200 238 1000 979 1000 1000 100 10
0.166667 0.205618 0.012934 200 216 1000 972 1000 1000 100 10
0.166667 0.209990 0.012876 200 221 1000 1014 1000 1000 100 10
0.166667 0.176012 0.012545 200 198 1000 1007 1000 1000 100 10
0.166667 0.204742 0.013066 200 231 1000 985 1000 1000 100 10
0.166667 0.198684 0.012840 200 207 1000 995 1000 1000 100 10
0.166667 0.182599 0.012809 200 199 1000 970 1000 1000 100 10
0.166667 0.186647 0.012516 200 192 1000 995 1000 1000 100 10
0.166667 0.190720 0.012899 200 191 1000 956 1000 1000 100 10
0.166667 0.206425 0.012905 200 223 1000 981 1000 1000 100 10
0.166667 0.189583 0.012708 200 216 1000 1005 1000 1000 100 10
0.166667 0.180327 0.012496 200 208 1000 1016 1000 1000 100 10
0.166667 0.165000 0.012092 200 187 1000 1034 1000 1000 100 10
0.166667 0.170274 0.012491 200 192 1000 988 1000 1000 100 10
0.166667 0.185192 0.012494 200 202 1000 988 1000 1000 100 10
0.166667 0.171816 0.012153 200 189 1000 1018 1000 1000 100 10
0.166667 0.191410 0.012943 200 201 1000 972 1000 1000 100 10
0.166667 0.185884 0.012762 200 196 1000 997 1000 1000 100 10
0.166667 0.163984 0.011807 200 187 1000 1070 1000 1000 100 10
0.166667 0.214806 0.013389 200 234 1000 944 1000 1000 100 10
0.166667 0.186414 0.012611 200 204 1000 1000 1000 1000 100 10
0.166667 0.196659 0.013151 200 199 1000 939 1000 1000 100 10
0.166667 0.185549 0.012413 200 199 1000 1024 1000 1000 100 10
0.166667 0.191642 0.012782 200 198 1000 978 1000 1000 100 10
0.166667 0.181363 0.012639 200 205 1000 986 1000 1000 100 10
0.166667 0.200822 0.013105 200 208 1000 977 1000 1000 100 10
0.166667 0.194579 0.013072 200 194 1000 961 1000 1000 100 10
0.166667 0.191838 0.012752 200 210 1000 982 1000 1000 100 10
0.166667 0.171230 0.012061 200 196 1000 1012 1000 1000 100 10
0.166667 0.197314 0.012953 200 205 1000 1005 1000 1000 100 10
0.166667 0.187909 0.012733 200 194 1000 982 1000 1000 100 10
0.166667 0.175085 0.012293 200 197 1000 1014 1000 1000 100 10
0.166667 0.202203 0.012957 200 220 1000 985 1000 1000 100 10
0.166667 0.197659 0.012602 200 223 1000 1000 1000 1000 100 10
0.166667 0.177749 0.012813 200 187 1000 963 1000 1000 100 10
0.166667 0.178760 0.012424 200 199 1000 1029 1000 1000 100 10
0.166667 0.183128 0.012609 200 194 1000 1007 1000 1000 100 10
0.166667 0.191815 0.013089 200 195 1000 949 1000 1000 100 10
0.166667 0.157911 0.011988 200 182 1000 1022 1000 1000 100 10
0.166667 0.178302 0.012482 200 199 1000 1028 1000 1000 100 10
0.166667 0.183188 0.012469 200 194 1000 993 1000 1000 100 10
0.166667 0.199254 0.013232 200 210 1000 938 1000 1000 100 10
0.166667 0.170583 0.012853 200 193 1000 967 1000 1000 100 10
0.166667 0.207132 0.013059 200 225 1000 977 1000 1000 100 10
0.166667 0.168065 0.012145 200 184 1000 1020 1000 1000 100 10
0.166667 0.187345 0.012641 200 209 1000 1016 1000 1000 100 10
0.166667 0.187793 0.012678 200 216 1000 1021 1000 1000 100 10
0.166667 0.178185 0.012499 200 186 1000 980 1000 1000 100 10
0.166667 0.187359 0.012657 200 201 1000 1001 1000 1000 100 10
0.166667 0.185174 0.012689 200 191 1000 987 1000 1000 100 10
0.166667 0.168836 0.012310 200 185 1000 1016 1000 1000 100 10
0.166667 0.182160 0.012397 200 201 1000 1040 1000 1000 100 10
0.166667 0.191446 0.012475 200 202 1000 1019 1000 1000 100 10
0.166667 0.164273 0.011940 200 172 1000 1030 1000 1000 100 10
0.166667 0.189341 0.012893 200 217 1000 988 1000 1000 100 10
0.166667 0.175047 0.012760 200 195 1000 977 1000 1000 100 10
0.166667 0.192762 0.012729 200 210 1000 1017 1000 1000 100 10
0.166667 0.197746 0.012521 200 209 1000 994 1000 1000 100 10
0.166667 0.196799 0.012978 200 211 1000 993 1000 1000 100 10
0.166667 0.174295 0.012305 200 190 1000 1001 1000 1000 100 10
0.166667 0.175958 0.012478 200 196 1000 984 1000 1000 100 10
0.166667 0.195509 0.012936 200 216 1000 977 1000 1000 100 10
0.166667 0.185593 0.012580 200 212 1000 1036 1000 1000 100 10
0.166667 0.164622 0.012250 200 179 1000 992 1000 1000 100 10
0.166667 0.163715 0.011909 200 183 1000 1046 1000 1000 100 10
0.166667 0.177834 0.012643 200 189 1000 993 1000 1000 100 10
0.166667 0.200896 0.013073 200 210 1000 943 1000 1000 100 10
0.166667 0.189898 0.013299 200 190 1000 920 1000 1000 100 10
0.166667 0.176074 0.012568 200 179 1000 999 1000 1000 100 10
0.166667 0.183712 0.012529 200 215 1000 1019 1000 1000 100 10
0.166667 0.194505 0.012902 200 208 1000 975 1000 1000 100 10
0.166667 0.193211 0.012835 200 206 1000 966 1000 1000 100 10
0.166667 0.187192 0.012927 200 203 1000 948 1000 1000 100 10
0.166667 0.180214 0.012911 200 185 1000 965 1000 1000 100 10
0.166667 0.187962 0.012555 200 215 1000 988 1000 1000 100 10
0.166667 0.205005 0.012577 200 228 1000 1061 1000 1000 100 10
0.166667 0.187279 0.012600 200 206 1000 985 1000 1000 100 10
0.166667 0.181575 0.012364 200 206 1000 1016 1000 1000 100 10
0.166667 0.163203 0.011837 200 199 1000 1080 1000 1000 100 10
0.166667 0.165645 0.012412 200 174 1000 985 1000 1000 100 10
0.166667 0.156646 0.011938 200 182 1000 1022 1000 1000 100 10
0.166667 0.195479 0.012760 200 210 1000 978 1000 1000 100 10
0.166667 0.191564 0.012736 200 206 1000 981 1000 1000 100 10
0.166667 0.208009 0.013225 200 231 1000 949 1000 1000 100 10
0.166667 0.186086 0.012775 200 205 1000 969 1000 1000 100 10
0.166667 0.175343 0.012518 200 196 1000 1000 1000 1000 100 10
0.166667 0.167868 0.012399 200 187 1000 1000 1000 1000 100 10
0.166667 0.184007 0.012500 200 203 1000 981 1000 1000 100 10
0.166667 0.202063 0.013020 200 234 1000 973 1000 1000 100 10
0.166667 0.188207 0.012837 200 189 1000 964 1000 1000 100 10
0.166667 0.182275 0.012635 200 202 1000 965 1000 1000 100 10
0.166667 0.162040 0.012013 200 181 1000 1025 1000 1000 100 10
0.166667 0.173715 0.012198 200 183 1000 1045 1000 1000 100 10
0.166667 0.168463 0.012184 200 181 1000 1016 1000 1000 100 10
0.166667 0.170145 0.012085 200 186 1000 1009 1000 1000 100 10
0.166667 0.201271 0.013046 200 215 1000 980 1000 1000 100 10
0.166667 0.185331 0.012223 200 216 1000 1034 1000 1000 100 10
0.166667 0.190720 0.012844 200 193 1000 969 1000 1000 100 10
0.166667 0.189083 0.012709 200 196 1000 980 1000 1000 100 10
0.166667 0.181457 0.012150 200 214 1000 1072 1000 1000 100 10
0.166667 0.171889 0.012307 200 191 1000 1013 1000 1000 100 10
0.166667 0.179638 0.012517 200 192 1000 1004 1000 1000 100 10
0.166667 0.181615 0.012921 200 191 1000 940 1000 1000 100 10
0.166667 0.187493 0.012644 200 205 1000 1000 1000 1000 100 10
0.166667 0.200433 0.012989 200 214 1000 955 1000 1000 100 10
0.166667 0.183709 0.012634 200 200 1000 1019 1000 1000 100 10
0.166667 0.175734 0.012411 200 193 1000 994 1000 1000 100 10
0.166667 0.162365 0.011630 200 187 1000 1069 1000 1000 100 10
0.166667 0.211405 0.013506 200 206 1000 963 1000 1000 100 10
0.166667 0.190015 0.012836 200 209 1000 974 1000 1000 100 10
0.166667 0.197475 0.012958 200 190 1000 940 1000 1000 100 10
0.166667 0.194099 0.012352 200 222 1000 1029 1000 1000 100 10
0.166667 0.197269 0.012422 200 222 1000 1031 1000 1000 100 10
0.166667 0.169597 0.012362 200 175 1000 1008 1000 1000 100 10
0.166667 0.176248 0.012157 200 198 1000 1012 1000 1000 100 10
0.166667 0.184567 0.012723 200 201 1000 968 1000 1000 100 10
0.166667 0.165815 0.012017 200 188 1000 1012 1000 1000 100 10
0.166667 0.192151 0.012673 200 214 1000 1015 1000 1000 100 10
0.166667 0.177397 0.012387 200 197 1000 1010 1000 1000 100 10
0.166667 0.169391 0.012271 200 179 1000 1022 1000 1000 100 10
0.166667 0.183559 0.012315 200 209 1000 1047 1000 1000 100 10
0.166667 0.191469 0.012614 200 217 1000 1039 1000 1000 100 10
0.166667 0.218085 0.013119 200 232 1000 985 1000 1000 100 10
0.166667 0.183521 0.012300 200 191 1000 1031 1000 1000 100 10
0.166667 0.209695 0.012757 200 223 1000 1028 1000 1000 100 10
0.166667 0.177760 0.012476 200 195 1000 1006 1000 1000 100 10
0.166667 0.195616 0.012683 200 215 1000 1009 1000 1000 100 10
0.166667 0.188423 0.012483 200 214 1000 1022 1000 1000 100 10
0.166667 0.199286 0.012792 200 211 1000 992 1000 1000 100 10
0.166667 0.190549 0.012665 200 211 1000 1001 1000 1000 100 10
0.166667 0.195947 0.012958 200 221 1000 994 1000 1000 100 10
0.166667 0.157794 0.011988 200 183 1000 1031 1000 1000 100 10
0.166667 0.199915 0.012584 200 230 1000 1020 1000 1000 100 10
0.166667 0.167750 0.012049 200 186 1000 1055 1000 1000 100 10
0.166667 0.170297 0.012443 200 191 1000 989 1000 1000 100 10
0.166667 0.184449 0.012231 200 204 1000 1059 1000 1000 100 10
0.166667 0.189744 0.012282 200 220 1000 1039 1000 1000 100 10
0.166667 0.168787 0.012236 200 184 1000 984 1000 1000 100 10
0.166667 0.164603 0.012452 200 175 1000 987 1000 1000 100 10
0.166667 0.165006 0.011928 200 193 1000 1063 1000 1000 100 10
0.166667 0.198953 0.013190 200 205 1000 936 1000 1000 100 10
0.166667 0.173723 0.012383 200 189 1000 985 1000 1000 100 10
0.166667 0.170485 0.012154 200 192 1000 1038 1000 1000 100 10
0.166667 0.177062 0.012347 200 195 1000 1020 1000 1000 100 10
0.166667 0.158398 0.012202 200 170 1000 1003 1000 1000 100 10
0.166667 0.177330 0.012611 200 196 1000 1004 1000 1000 100 10
0.166667 0.192184 0.012781 200 214 1000 1005 1000 1000 100 10
0.166667 0.199669 0.012584 200 223 1000 996 1000 1000 100 10
0.166667 0.200218 0.012544 200 226 1000 1024 1000 1000 100 10
0.166667 0.198704 0.012620 200 214 1000 1024 1000 1000 100 10
0.166667 0.170488 0.012070 200 204 1000 1061 1000 1000 100 10
0.166667 0.176766 0.012772 200 191 1000 984 1000 1000 100 10
0.166667 0.187665 0.012504 200 208 1000 993 1000 1000 100 10
0.166667 0.202228 0.013123 200 218 1000 954 1000 1000 100 10
0.166667 0.193964 0.012659 200 214 1000 1001 1000 1000 100 10
0.166667 0.181052 0.012670 200 190 1000 976 1000 1000 100 10
0.166667 0.189405 0.012621 200 213 1000 1018 1000 1000 100 10
0.166667 0.180594 0.012562 200 210 1000 1002 1000 1000 100 10
0.166667 0.172250 0.012701 200 184 1000 981 1000 1000 100 10
0.166667 0.196793 0.012914 200 202 1000 972 1000 1000 100 10
0.166667 0.180494 0.012949 200 179 1000 945 1000 1000 100 10
0.166667 0.185024 0.012259 200 213 1000 1049 1000 1000 100 10
0.166667 0.216204 0.013140 200 248 1000 993 1000 1000 100 10
0.166667 0.167828 0.012120 200 177 1000 1032 1000 1000 100 10
0.166667 0.177394 0.012631 200 183 1000 958 1000 1000 100 10
0.166667 0.189677 0.012733 200 207 1000 1000 1000 1000 100 10
0.166667 0.174624 0.012449 200 191 1000 998 1000 1000 100 10
0.166667 0.163450 0.012128 200 182 1000 1042 1000 1000 100 10
0.166667 0.188792 0.012658 200 222 1000 1009 1000 1000 100 10
0.166667 0.185105 0.012196 200 214 1000 1055 1000 1000 100 10
0.166667 0.182931 0.012521 200 199 1000 986 1000 1000 100 10
0.166667 0.193754 0.012773 200 213 1000 987 1000 1000 100 10
0.166667 0.170977 0.012011 200 188 1000 1041 1000 1000 100 10
0.166667 0.167242 0.012314 200 182 1000 992 1000 1000 100 10
0.166667 0.193607 0.013137 200 199 1000 936 1000 1000 100 10
0.166667 0.178249 0.012267 200 201 1000 1013 1000 1000 100 10
0.166667 0.179773 0.012579 200 197 1000 1006 1000 1000 100 10
0.166667 0.189063 0.012911 200 196 1000 957 1000 1000 100 10
0.166667 0.194515 0.012744 200 203 1000 958 1000 1000 100 10
0.166667 0.182376 0.012640 200 191 1000 1009 1000 1000 100 10
0.166667 0.176134 0.012380 200 194 1000 1004 1000 1000 100 10
0.166667 0.195101 0.012859 200 201 1000 984 1000 1000 100 10
0.166667 0.190425 0.012694 200 213 1000 1008 1000 1000 100 10
0.166667 0.186672 0.012486 200 206 1000 1015 1000 1000 100 10
0.166667 0.197326 0.012499 200 214 1000 1040 1000 1000 100 10
0.166667 0.207766 0.012954 200 222 1000 1027 1000 1000 100 10
0.166667 0.188156 0.012477 200 208 1000 1032 1000 1000 100 10
0.166667 0.197630 0.012793 200 211 1000 989 1000 1000 100 10
0.166667 0.186736 0.012395 200 199 1000 1033 1000 1000 100 10
0.166667 0.196129 0.012792 200 214 1000 977 1000 1000 100 10
0.166667 0.167898 0.011902 200 181 1000 1039 1000 1000 100 10
0.166667 0.181450 0.012120 200 205 1000 1044 1000 1000 100 10
0.166667 0.202359 0.012820 200 228 1000 988 1000 1000 100 10
0.166667 0.184120 0.012590 200 189 1000 983 1000 1000 100 10
0.166667 0.173071 0.012427 200 201 1000 1027 1000 1000 100 10
0.166667 0.194748 0.012736 200 204 1000 992 1000 1000 100 10
0.166667 0.196372 0.012859 200 212 1000 992 1000 1000 100 10
0.166667 0.208191 0.012665 200 230 1000 1017 1000 1000 100 10
0.166667 0.185870 0.012620 200 203 1000 1006 1000 1000 100 10
0.166667 0.178036 0.012566 200 194 1000 992 1000 1000 100 10
0.166667 0.185171 0.012604 200 199 1000 987 1000 1000 100 10
0.166667 0.156190 0.011873 200 179 1000 1023 1000 1000 100 10
0.166667 0.179757 0.012639 200 198 1000 976 1000 1000 100 10
0.166667 0.184838 0.012879 200 199 1000 980 1000 1000 100 10
0.166667 0.183570 0.012821 200 192 1000 963 1000 1000 100 10
0.166667 0.182289 0.012752 200 192 1000 996 1000 1000 100 10
0.166667 0.184263 0.012313 200 207 1000 1039 1000 1000 100 10
0.166667 0.197577 0.012574 200 222 1000 1036 1000 1000 100 10
0.166667 0.176509 0.012552 200 199 1000 1017 1000 1000 100 10
0.166667 0.201073 0.013064 200 226 1000 965 1000 1000 100 10
0.166667 0.177598 0.012354 200 182 1000 1004 1000 1000 100 10
0.166667 0.186332 0.012534 200 220 1000 1030 1000 1000 100 10
0.166667 0.159724 0.011919 200 180 1000 1038 1000 1000 100 10
0.166667 0.170545 0.012500 200 178 1000 971 1000 1000 100 10
0.166667 0.189491 0.012422 200 201 1000 1040 1000 1000 100 10
0.166667 0.188650 0.012673 200 211 1000 975 1000 1000 100 10
0.166667 0.164901 0.012091 200 187 1000 1032 1000 1000 100 10
0.166667 0.181648 0.012251 200 207 1000 1034 1000 1000 100 10
0.166667 0.170912 0.012275 200 180 1000 997 1000 1000 100 10
0.166667 0.178913 0.012520 200 187 1000 984 1000 1000 100 10
0.166667 0.160832 0.012317 200 179 1000 1002 1000 1000 100 10
0.166667 0.179895 0.012744 200 196 1000 970 1000 1000 100 10
0.166667 0.191906 0.012607 200 207 1000 1008 1000 1000 100 10
0.166667 0.163513 0.012411 200 180 1000 970 1000 1000 100 10
0.166667 0.208346 0.013053 200 215 1000 972 1000 1000 100 10
0.166667 0.168156 0.012476 200 178 1000 978 1000 1000 100 10
0.166667 0.189046 0.012553 200 200 1000 986 1000 1000 100 10
0.166667 0.171446 0.012001 200 191 1000 1054 1000 1000 100 10
0.166667 0.159113 0.012064 200 186 1000 1018 1000 1000 100 10
0.166667 0.213968 0.013429 200 227 1000 952 1000 1000 100 10
0.166667 0.183909 0.012185 200 228 1000 1058 1000 1000 100 10
0.166667 0.170650 0.012486 200 195 1000 993 1000 1000 100 10
0.166667 0.215209 0.013163 200 224 1000 964 1000 1000 100 10
0.166667 0.173579 0.012272 200 191 1000 1016 1000 1000 100 10
0.166667 0.193833 0.012550 200 232 1000 1033 1000 1000 100 10
0.166667 0.160069 0.012262 200 182 1000 1032 1000 1000 100 10
0.166667 0.189705 0.012828 200 225 1000 1004 1000 1000 100 10
0.166667 0.176676 0.012357 200 184 1000 976 1000 1000 100 10
0.166667 0.180706 0.012348 200 203 1000 1016 1000 1000 100 10
0.166667 0.210503 0.013376 200 214 1000 947 1000 1000 100 10
0.166667 0.176444 0.012433 200 191 1000 1015 1000 1000 100 10
0.166667 0.156957 0.011689 200 178 1000 1070 1000 1000 100 10
0.166667 0.180248 0.012913 200 195 1000 980 1000 1000 100 10
0.166667 0.188573 0.012688 200 201 1000 978 1000 1000 100 10
0.166667 0.164919 0.012195 200 184 1000 1025 1000 1000 100 10
0.166667 0.195422 0.012872 200 202 1000 965 1000 1000 100 10
0.166667 0.177996 0.012378 200 195 1000 1014 1000 1000 100 10
0.166667 0.200749 0.013111 200 205 1000 943 1000 1000 100 10
0.166667 0.187657 0.012846 200 203 1000 977 1000 1000 100 10
0.166667 0.156739 0.012119 200 166 1000 1005 1000 1000 100 10
0.166667 0.192194 0.012975 200 200 1000 978 1000 1000 100 10
0.166667 0.179991 0.012434 200 197 1000 1010 1000 1000 100 10
0.166667 0.169607 0.012373 200 186 1000 994 1000 1000 100 10
0.166667 0.189340 0.012723 200 205 1000 991 1000 1000 100 10
0.166667 0.191329 0.012387 200 214 1000 1051 1000 1000 100 10
0.166667 0.151153 0.011481 200 161 1000 1055 1000 1000 100 10
0.166667 0.185365 0.012528 200 199 1000 978 1000 1000 100 10
0.166667 0.197222 0.013069 200 207 1000 982 1000 1000 100 10
0.166667 0.206355 0.012831 200 229 1000 1036 1000 1000 100 10
0.166667 0.190588 0.012981 200 191 1000 959 1000 1000 100 10
0.166667 0.189355 0.012589 200 223 1000 1023 1000 1000 100 10
0.166667 0.204464 0.012886 200 217 1000 1004 1000 1000 100 10
0.166667 0.165101 0.011962 200 180 1000 1042 1000 1000 100 10
0.166667 0.182630 0.012706 200 206 1000 983 1000 1000 100 10
0.166667 0.185322 0.012751 200 185 1000 973 1000 1000 100 10
0.166667 0.174725 0.012136 200 200 1000 1026 1000 1000 100 10
0.166667 0.187036 0.012616 200 208 1000 992 1000 1000 100 10
0.166667 0.170185 0.011848 200 189 1000 1034 1000 1000 100 10
0.166667 0.180620 0.012837 200 188 1000 965 1000 1000 100 10
0.166667 0.172433 0.012376 200 198 1000 999 1000 1000 100 10
0.166667 0.170882 0.012076 200 189 1000 1056 1000 1000 100 10
0.166667 0.185645 0.012317 200 218 1000 1035 1000 1000 100 10
0.166667 0.183901 0.012309 200 200 1000 1017 1000 1000 100 10
0.166667 0.194332 0.012481 200 220 1000 1021 1000 1000 100 10
0.166667 0.158313 0.011752 200 178 1000 1031 1000 1000 100 10
0.166667 0.190190 0.012602 200 212 1000 1029 1000 1000 100 10
0.166667 0.179057 0.012895 200 185 1000 968 1000 1000 100 10
0.166667 0.154261 0.012262 200 168 1000 971 1000 1000 100 10
0.166667 0.180403 0.012620 200 192 1000 982 1000 1000 100 10
0.166667 0.172787 0.012440 200 195 1000 1011 1000 1000 100 10
0.166667 0.158238 0.011844 200 174 1000 1043 1000 1000 100 10
0.166667 0.216025 0.012913 200 237 1000 1004 1000 1000 100 10
0.166667 0.185851 0.012357 200 210 1000 1002 1000 1000 100 10
0.166667 0.184570 0.012511 200 212 1000 1039 1000 1000 100 10
0.166667 0.185204 0.012527 200 213 1000 1022 1000 1000 100 10
0.166667 0.154285 0.011789 200 176 1000 1024 1000 1000 100 10
0.166667 0.187321 0.012472 200 207 1000 1004 1000 1000 100 10
0.166667 0.199927 0.012909 200 212 1000 979 1000 1000 100 10
0.166667 0.203056 0.013091 200 217 1000 983 1000 1000 100 10
0.166667 0.202201 0.012825 200 211 1000 981 1000 1000 100 10
0.166667 0.163628 0.012025 200 177 1000 998 1000 1000 100 10
0.166667 0.176790 0.012548 200 186 1000 994 1000 1000 100 10
0.166667 0.147978 0.011790 200 162 1000 1026 1000 1000 100 10
0.166667 0.188280 0.012289 200 213 1000 1050 1000 1000 100 10
0.166667 0.171311 0.012196 200 187 1000 1019 1000 1000 100 10
0.166667 0.183227 0.012274 200 195 1000 1023 1000 1000 100 10
0.166667 0.186885 0.012571 200 205 1000 993 1000 1000 100 10
0.166667 0.200355 0.012825 200 214 1000 987 1000 1000 100 10
0.166667 0.185984 0.012943 200 198 1000 956 1000 1000 100 10
0.166667 0.195610 0.012890 200 205 1000 971 1000 1000 100 10
0.166667 0.207050 0.012913 200 219 1000 990 1000 1000 100 10
0.166667 0.189114 0.012743 200 207 1000 958 1000 1000 100 10
0.166667 0.181759 0.012191 200 211 1000 1042 1000 1000 100 10
0.166667 0.179775 0.013085 200 190 1000 965 1000 1000 100 10
0.166667 0.169040 0.012373 200 188 1000 1020 1000 1000 100 10
0.166667 0.160209 0.011656 200 184 1000 1071 1000 1000 100 10
0.166667 0.203236 0.012768 200 213 1000 1020 1000 1000 100 10
0.166667 0.193271 0.012825 200 202 1000 969 1000 1000 100 10
0.166667 0.179243 0.012285 200 193 1000 1005 1000 1000 100 10
0.166667 0.175322 0.012248 200 191 1000 1048 1000 1000 100 10
0.166667 0.178256 0.012597 200 198 1000 1002 1000 1000 100 10
0.166667 0.158832 0.012171 200 173 1000 982 1000 1000 100 10
0.166667 0.186328 0.012942 200 212 1000 973 1000 1000 100 10
0.166667 0.198319 0.012911 200 192 1000 965 1000 1000 100 10
0.166667 0.180079 0.012144 200 202 1000 1032 1000 1000 100 10
0.166667 0.177218 0.012528 200 196 1000 979 1000 1000 100 10
0.166667 0.168801 0.011709 200 198 1000 1094 1000 1000 100 10
0.166667 0.202443 0.012830 200 205 1000 1002 1000 1000 100 10
0.166667 0.171788 0.012224 200 191 1000 1012 1000 1000 100 10
0.166667 0.154386 0.011824 200 174 1000 1020 1000 1000 100 10
0.166667 0.169628 0.012032 200 185 1000 1035 1000 1000 100 10
0.166667 0.185666 0.012762 200 193 1000 958 1000 1000 100 10
0.166667 0.192685 0.012691 200 206 1000 994 1000 1000 100 10
0.166667 0.193584 0.012897 200 210 1000 966 1000 1000 100 10
0.166667 0.180222 0.012248 200 199 1000 1021 1000 1000 100 10
0.166667 0.181309 0.012653 200 200 1000 974 1000 1000 100 10
