0.166667 0.184908 0.012890 200 188 1000 985 2 1000 1000 1000 10
0.166667 0.192558 0.012766 200 208 1000 988 2 1000 1000 1000 10
0.166667 0.174804 0.012540 200 201 1000 1012 2 1000 1000 1000 10
0.166667 0.191446 0.012897 200 206 1000 964 2 1000 1000 1000 10
0.166667 0.179178 0.012877 200 193 1000 983 2 1000 1000 1000 10
0.166667 0.185064 0.012806 200 191 1000 986 2 1000 1000 1000 10
0.166667 0.206921 0.012870 200 223 1000 993 2 1000 1000 1000 10
0.166667 0.184720 0.012766 200 197 1000 952 2 1000 1000 1000 10
0.166667 0.160425 0.011784 200 185 1000 1053 2 1000 1000 1000 10
0.166667 0.192589 0.012590 200 204 1000 1012 2 1000 1000 1000 10
0.166667 0.201431 0.012936 200 208 1000 956 2 1000 1000 1000 10
0.166667 0.200250 0.012552 200 214 1000 1018 2 1000 1000 1000 10
0.166667 0.169024 0.012720 200 163 1000 934 2 1000 1000 1000 10
0.166667 0.160263 0.012310 200 175 1000 976 2 1000 1000 1000 10
0.166667 0.185245 0.012338 200 205 1000 1041 2 1000 1000 1000 10
0.166667 0.197375 0.012742 200 216 1000 987 2 1000 1000 1000 10
0.166667 0.191005 0.012912 200 197 1000 987 2 1000 1000 1000 10
0.166667 0.168115 0.012314 200 190 1000 1004 2 1000 1000 1000 10
0.166667 0.185209 0.012139 200 220 1000 1054 2 1000 1000 1000 10
0.166667 0.181398 0.012801 200 203 1000 953 2 1000 1000 1000 10
0.166667 0.175406 0.012574 200 183 1000 993 2 1000 1000 1000 10
0.166667 0.173594 0.012469 200 195 1000 995 2 1000 1000 1000 10
0.166667 0.165401 0.012108 200 189 1000 1046 2 1000 1000 1000 10
0.166667 0.206922 0.012945 200 225 1000 987 2 1000 1000 1000 10
0.166667 0.180104 0.012684 200 199 1000 958 2 1000 1000 1000 10
0.166667 0.196791 0.012745 200 203 1000 986 2 1000 1000 1000 10
0.166667 0.192694 0.013138 200 191 1000 951 2 1000 1000 1000 10
0.166667 0.190564 0.012616 200 210 1000 1028 2 1000 1000 1000 10
0.166667 0.177004 0.012262 200 201 1000 1048 2 1000 1000 1000 10
0.166667 0.195078 0.012819 200 212 1000 992 2 1000 1000 1000 10
0.166667 0.166380 0.012585 200 166 1000 955 2 1000 1000 1000 10
0.166667 0.212027 0.013143 200 215 1000 984 2 1000 1000 1000 10
0.166667 0.166727 0.011901 200 188 1000 1042 2 1000 1000 1000 10
0.166667 0.171532 0.012546 200 172 1000 960 2 1000 1000 1000 10
0.166667 0.198355 0.012701 200 206 1000 1004 2 1000 1000 1000 10
0.166667 0.186979 0.012672 200 194 1000 999 2 1000 1000 1000 10
0.166667 0.169933 0.012352 200 179 1000 995 2 1000 1000 1000 10
0.166667 0.205856 0.013181 200 219 1000 950 2 1000 1000 1000 10
0.166667 0.178738 0.012758 200 205 1000 977 2 1000 1000 1000 10
0.166667 0.177098 0.012278 200 188 1000 1029 2 1000 1000 1000 10
0.166667 0.186024 0.012591 200 204 1000 1020 2 1000 1000 1000 10
0.166667 0.184975 0.012438 200 193 1000 1021 2 1000 1000 1000 10
0.166667 0.183276 0.012236 200 201 1000 1013 2 1000 1000 1000 10
0.166667 0.178885 0.012510 200 205 1000 1011 2 1000 1000 1000 10
0.166667 0.172193 0.012356 200 179 1000 992 2 1000 1000 1000 10
0.166667 0.175887 0.012636 200 207 1000 989 2 1000 1000 1000 10
0.166667 0.168757 0.012284 200 186 1000 1026 2 1000 1000 1000 10
0.166667 0.178132 0.012140 200 199 1000 1035 2 1000 1000 1000 10
0.166667 0.183311 0.012720 200 202 1000 997 2 1000 1000 1000 10
0.166667 0.180613 0.012595 200 188 1000 1001 2 1000 1000 1000 10
0.166667 0.175358 0.012290 200 186 1000 996 2 1000 1000 1000 10
0.166667 0.177017 0.012294 200 196 1000 1029 2 1000 1000 1000 10
0.166667 0.195241 0.012998 200 204 1000 965 2 1000 1000 1000 10
0.166667 0.162001 0.012084 200 176 1000 999 2 1000 1000 1000 10
0.166667 0.164006 0.011938 200 178 1000 1040 2 1000 1000 1000 10
0.166667 0.151699 0.011565 200 156 1000 1052 2 1000 1000 1000 10
0.166667 0.184457 0.012417 200 217 1000 1030 2 1000 1000 1000 10
0.166667 0.165890 0.011814 200 187 1000 1055 2 1000 1000 1000 10
0.166667 0.172236 0.012349 200 211 1000 1030 2 1000 1000 1000 10
0.166667 0.187078 0.012365 200 213 1000 1028 2 1000 1000 1000 10
0.166667 0.200240 0.012529 200 231 1000 1033 2 1000 1000 1000 10
0.166667 0.180805 0.012627 200 191 1000 966 2 1000 1000 1000 10
0.166667 0.170429 0.012234 200 177 1000 1020 2 1000 1000 1000 10
0.166667 0.187596 0.012414 200 205 1000 1048 2 1000 1000 1000 10
0.166667 0.204034 0.013203 200 207 1000 952 2 1000 1000 1000 10
0.166667 0.195341 0.012903 200 218 1000 970 2 1000 1000 1000 10
0.166667 0.176363 0.012878 200 184 1000 939 2 1000 1000 1000 10
0.166667 0.181978 0.012272 200 218 1000 1042 2 1000 1000 1000 10
0.166667 0.177517 0.012419 200 205 1000 1011 2 1000 1000 1000 10
0.166667 0.185678 0.012821 200 192 1000 940 2 1000 1000 1000 10
0.166667 0.171846 0.012377 200 184 1000 999 2 1000 1000 1000 10
0.166667 0.191449 0.013034 200 204 1000 945 2 1000 1000 1000 10
0.166667 0.167083 0.012335 200 179 1000 993 2 1000 1000 1000 10
0.166667 0.174045 0.012060 200 205 1000 1025 2 1000 1000 1000 10
0.166667 0.201108 0.012754 200 221 1000 1038 2 1000 1000 1000 10
0.166667 0.199225 0.013254 200 201 1000 945 2 1000 1000 1000 10
0.166667 0.195687 0.012821 200 200 1000 975 2 1000 1000 1000 10
0.166667 0.188784 0.012615 200 199 1000 988 2 1000 1000 1000 10
0.166667 0.203804 0.013111 200 209 1000 946 2 1000 1000 1000 10
0.166667 0.183416 0.012360 200 206 1000 1026 2 1000 1000 1000 10
0.166667 0.195023 0.012835 200 204 1000 976 2 1000 1000 1000 10
0.166667 0.181653 0.012208 200 203 1000 1032 2 1000 1000 1000 10
0.166667 0.158147 0.012248 200 172 1000 975 2 1000 1000 1000 10
0.166667 0.191092 0.013006 200 197 1000 983 2 1000 1000 1000 10
0.166667 0.200180 0.012645 200 214 1000 991 2 1000 1000 1000 10
0.166667 0.187554 0.012722 200 198 1000 991 2 1000 1000 1000 10
0.166667 0.166332 0.012125 200 193 1000 1041 2 1000 1000 1000 10
0.166667 0.168488 0.012333 200 187 1000 980 2 1000 1000 1000 10
0.166667 0.186037 0.012605 200 201 1000 974 2 1000 1000 1000 10
0.166667 0.168428 0.012343 200 189 1000 976 2 1000 1000 1000 10
0.166667 0.208314 0.012767 200 229 1000 1011 2 1000 1000 1000 10
0.166667 0.193760 0.012685 200 197 1000 968 2 1000 1000 1000 10
0.166667 0.189559 0.012842 200 199 1000 966 2 1000 1000 1000 10
0.166667 0.202001 0.012800 200 219 1000 1015 2 1000 1000 1000 10
0.166667 0.187101 0.012317 200 204 1000 997 2 1000 1000 1000 10
0.166667 0.194981 0.012570 200 230 1000 1043 2 1000 1000 1000 10
0.166667 0.166288 0.012101 200 175 1000 1008 2 1000 1000 1000 10
0.166667 0.194957 0.012707 200 220 1000 1015 2 1000 1000 1000 10
0.166667 0.165721 0.012417 200 171 1000 972 2 1000 1000 1000 10
0.166667 0.174616 0.012287 200 206 1000 1012 2 1000 1000 1000 10
0.166667 0.176656 0.012909 200 195 1000 984 2 1000 1000 1000 10
0.166667 0.196554 0.012583 200 217 1000 1012 2 1000 1000 1000 10
0.166667 0.205280 0.012595 200 215 1000 1029 2 1000 1000 1000 10
0.166667 0.178644 0.012051 200 223 1000 1087 2 1000 1000 1000 10
0.166667 0.194856 0.012698 200 226 1000 1005 2 1000 1000 1000 10
0.166667 0.197932 0.012687 200 208 1000 1000 2 1000 1000 1000 10
0.166667 0.172176 0.012279 200 194 1000 995 2 1000 1000 1000 10
0.166667 0.170638 0.012486 200 176 1000 969 2 1000 1000 1000 10
0.166667 0.203507 0.012872 200 220 1000 1022 2 1000 1000 1000 10
0.166667 0.169648 0.012067 200 185 1000 1026 2 1000 1000 1000 10
0.166667 0.164532 0.012197 200 188 1000 1012 2 1000 1000 1000 10
0.166667 0.184209 0.012141 200 222 1000 1049 2 1000 1000 1000 10
0.166667 0.173474 0.012488 200 192 1000 975 2 1000 1000 1000 10
0.166667 0.168558 0.012042 200 184 1000 1017 2 1000 1000 1000 10
0.166667 0.184230 0.012635 200 211 1000 980 2 1000 1000 1000 10
0.166667 0.192438 0.013093 200 192 1000 934 2 1000 1000 1000 10
0.166667 0.175309 0.012339 200 202 1000 1032 2 1000 1000 1000 10
0.166667 0.176307 0.012479 200 194 1000 997 2 1000 1000 1000 10
0.166667 0.184726 0.012774 200 199 1000 983 2 1000 1000 1000 10
0.166667 0.183237 0.012765 200 190 1000 972 2 1000 1000 1000 10
0.166667 0.193334 0.012629 200 229 1000 1011 2 1000 1000 1000 10
0.166667 0.157407 0.011797 200 171 1000 1035 2 1000 1000 1000 10
0.166667 0.174241 0.012367 200 182 1000 1005 2 1000 1000 1000 10
0.166667 0.183308 0.012245 200 193 1000 1024 2 1000 1000 1000 10
0.166667 0.206840 0.013070 200 228 1000 990 2 1000 1000 1000 10
0.166667 0.180032 0.012627 200 197 1000 989 2 1000 1000 1000 10
0.166667 0.188435 0.012393 200 210 1000 1037 2 1000 1000 1000 10
0.166667 0.161295 0.012175 200 175 1000 1038 2 1000 1000 1000 10
0.166667 0.180762 0.012436 200 193 1000 987 2 1000 1000 1000 10
0.166667 0.183499 0.012188 200 208 1000 1045 2 1000 1000 1000 10
0.166667 0.209402 0.013164 200 217 1000 959 2 1000 1000 1000 10
0.166667 0.190625 0.012686 200 210 1000 998 2 1000 1000 1000 10
0.166667 0.172317 0.012491 200 193 1000 1007 2 1000 1000 1000 10
0.166667 0.185364 0.012671 200 196 1000 981 2 1000 1000 1000 10
0.166667 0.182666 0.012562 200 196 1000 989 2 1000 1000 1000 10
0.166667 0.178598 0.012202 200 187 1000 1039 2 1000 1000 1000 10
0.166667 0.166289 0.012276 200 173 1000 992 2 1000 1000 1000 10
0.166667 0.171883 0.012117 200 178 1000 1021 2 1000 1000 1000 10
0.166667 0.182927 0.012949 200 189 1000 959 2 1000 1000 1000 10
0.166667 0.182377 0.012507 200 196 1000 992 2 1000 1000 1000 10
0.166667 0.173903 0.012436 200 186 1000 986 2 1000 1000 1000 10
0.166667 0.179883 0.012249 200 204 1000 1036 2 1000 1000 1000 10
0.166667 0.191994 0.013071 200 206 1000 963 2 1000 1000 1000 10
0.166667 0.182495 0.012341 200 206 1000 1028 2 1000 1000 1000 10
0.166667 0.185405 0.012124 200 218 1000 1065 2 1000 1000 1000 10
0.166667 0.187512 0.012597 200 211 1000 984 2 1000 1000 1000 10
0.166667 0.177009 0.012442 200 195 1000 1000 2 1000 1000 1000 10
0.166667 0.188585 0.012817 200 197 1000 988 2 1000 1000 1000 10
0.166667 0.175003 0.012424 200 197 1000 1023 2 1000 1000 1000 10
0.166667 0.181708 0.012513 200 214 1000 1036 2 1000 1000 1000 10
0.166667 0.183781 0.012644 200 195 1000 976 2 1000 1000 1000 10
0.166667 0.188144 0.012830 200 200 1000 972 2 1000 1000 1000 10
0.166667 0.193746 0.012574 200 198 1000 1003 2 1000 1000 1000 10
0.166667 0.200853 0.013021 200 213 1000 967 2 1000 1000 1000 10
0.166667 0.200677 0.012593 200 223 1000 1027 2 1000 1000 1000 10
0.166667 0.189635 0.012647 200 217 1000 987 2 1000 1000 1000 10
0.166667 0.166688 0.011970 200 188 1000 1036 2 1000 1000 1000 10
0.166667 0.167551 0.012300 200 214 1000 1029 2 1000 1000 1000 10
0.166667 0.185858 0.012530 200 194 1000 986 2 1000 1000 1000 10
0.166667 0.178390 0.012718 200 184 1000 953 2 1000 1000 1000 10
0.166667 0.190192 0.012999 200 214 1000 961 2 1000 1000 1000 10
0.166667 0.166597 0.012017 200 181 1000 1030 2 1000 1000 1000 10
0.166667 0.186071 0.012451 200 212 1000 1033 2 1000 1000 1000 10
0.166667 0.186288 0.012649 200 198 1000 1001 2 1000 1000 1000 10
0.166667 0.186083 0.012665 200 196 1000 977 2 1000 1000 1000 10
0.166667 0.186480 0.012775 200 209 1000 981 2 1000 1000 1000 10
0.166667 0.198025 0.012497 200 207 1000 1046 2 1000 1000 1000 10
0.166667 0.166744 0.012291 200 186 1000 1007 2 1000 1000 1000 10
0.166667 0.195521 0.012665 200 205 1000 1010 2 1000 1000 1000 10
0.166667 0.185026 0.012634 200 202 1000 1001 2 1000 1000 1000 10
0.166667 0.178498 0.012577 200 189 1000 973 2 1000 1000 1000 10
0.166667 0.193183 0.012827 200 209 1000 985 2 1000 1000 1000 10
0.166667 0.185644 0.012621 200 187 1000 979 2 1000 1000 1000 10
0.166667 0.189731 0.012695 200 215 1000 998 2 1000 1000 1000 10
0.166667 0.186101 0.012381 200 200 1000 1017 2 1000 1000 1000 10
0.166667 0.184516 0.012477 200 212 1000 1016 2 1000 1000 1000 10
0.166667 0.183638 0.012533 200 207 1000 1005 2 1000 1000 1000 10
0.166667 0.201330 0.012984 200 213 1000 971 2 1000 1000 1000 10
0.166667 0.197201 0.012718 200 218 1000 995 2 1000 1000 1000 10
0.166667 0.183416 0.012780 200 197 1000 965 2 1000 1000 1000 10
0.166667 0.206205 0.013074 200 217 1000 976 2 1000 1000 1000 10
0.166667 0.172031 0.012446 200 193 1000 1004 2 1000 1000 1000 10
0.166667 0.173288 0.012663 200 188 1000 962 2 1000 1000 1000 10
0.166667 0.188434 0.012695 200 198 1000 966 2 1000 1000 1000 10
0.166667 0.188119 0.012894 200 193 1000 965 2 1000 1000 1000 10
0.166667 0.189616 0.012472 200 204 1000 1043 2 1000 1000 1000 10
0.166667 0.156512 0.011653 200 196 1000 1083 2 1000 1000 1000 10
0.166667 0.175251 0.012441 200 191 1000 1028 2 1000 1000 1000 10
0.166667 0.192552 0.012454 200 214 1000 1028 2 1000 1000 1000 10
0.166667 0.189373 0.012469 200 215 1000 1035 2 1000 1000 1000 10
0.166667 0.165761 0.012163 200 182 1000 1033 2 1000 1000 1000 10
0.166667 0.166547 0.012026 200 183 1000 1036 2 1000 1000 1000 10
0.166667 0.176854 0.012803 200 195 1000 969 2 1000 1000 1000 10
0.166667 0.172839 0.012359 200 189 1000 1010 2 1000 1000 1000 10
0.166667 0.176792 0.012246 200 189 1000 1025 2 1000 1000 1000 10
0.166667 0.184839 0.012510 200 208 1000 1021 2 1000 1000 1000 10
0.166667 0.182380 0.012392 200 197 1000 1027 2 1000 1000 1000 10
0.166667 0.197878 0.012806 200 228 1000 988 2 1000 1000 1000 10
0.166667 0.186735 0.012666 200 204 1000 1004 2 1000 1000 1000 10
0.166667 0.172654 0.012527 200 190 1000 989 2 1000 1000 1000 10
0.166667 0.185732 0.012787 200 217 1000 995 2 1000 1000 1000 10
0.166667 0.197456 0.012981 200 224 1000 992 2 1000 1000 1000 10
0.166667 0.194878 0.012900 200 206 1000 973 2 1000 1000 1000 10
0.166667 0.195479 0.012527 200 207 1000 999 2 1000 1000 1000 10
0.166667 0.175096 0.012458 200 198 1000 1005 2 1000 1000 1000 10
0.166667 0.171973 0.012274 200 200 1000 1019 2 1000 1000 1000 10
0.166667 0.181499 0.012533 200 216 1000 1023 2 1000 1000 1000 10
0.166667 0.209516 0.013322 200 202 1000 954 2 1000 1000 1000 10
0.166667 0.167968 0.012462 200 182 1000 990 2 1000 1000 1000 10
0.166667 0.194782 0.012875 200 197 1000 952 2 1000 1000 1000 10
0.166667 0.174365 0.012276 200 194 1000 1018 2 1000 1000 1000 10
0.166667 0.193798 0.012549 200 214 1000 1029 2 1000 1000 1000 10
0.166667 0.178418 0.012411 200 199 1000 1001 2 1000 1000 1000 10
0.166667 0.196722 0.012928 200 214 1000 963 2 1000 1000 1000 10
0.166667 0.165864 0.012070 200 192 1000 1067 2 1000 1000 1000 10
0.166667 0.193093 0.012690 200 210 1000 993 2 1000 1000 1000 10
0.166667 0.182007 0.012417 200 195 1000 1034 2 1000 1000 1000 10
0.166667 0.181648 0.012412 200 204 1000 1025 2 1000 1000 1000 10
0.166667 0.160954 0.011781 200 161 1000 1060 2 1000 1000 1000 10
0.166667 0.193285 0.013007 200 216 1000 956 2 1000 1000 1000 10
0.166667 0.189605 0.012454 200 212 1000 995 2 1000 1000 1000 10
0.166667 0.187923 0.012526 200 208 1000 1039 2 1000 1000 1000 10
0.166667 0.175945 0.012182 200 201 1000 1042 2 1000 1000 1000 10
0.166667 0.152949 0.011921 200 165 1000 992 2 1000 1000 1000 10
0.166667 0.180414 0.012340 200 187 1000 1007 2 1000 1000 1000 10
0.166667 0.185692 0.012503 200 216 1000 1004 2 1000 1000 1000 10
0.166667 0.167431 0.012112 200 189 1000 1045 2 1000 1000 1000 10
0.166667 0.165232 0.012260 200 191 1000 1016 2 1000 1000 1000 10
0.166667 0.176258 0.012568 200 191 1000 978 2 1000 1000 1000 10
0.166667 0.180900 0.012694 200 189 1000 999 2 1000 1000 1000 10
0.166667 0.164128 0.012152 200 191 1000 1034 2 1000 1000 1000 10
0.166667 0.210169 0.013191 200 212 1000 957 2 1000 1000 1000 10
0.166667 0.183826 0.012831 200 191 1000 975 2 1000 1000 1000 10
0.166667 0.186422 0.012811 200 197 1000 960 2 1000 1000 1000 10
0.166667 0.211609 0.013017 200 227 1000 967 2 1000 1000 1000 10
0.166667 0.188913 0.012750 200 188 1000 973 2 1000 1000 1000 10
0.166667 0.210543 0.013487 200 212 1000 934 2 1000 1000 1000 10
0.166667 0.193807 0.012623 200 208 1000 1011 2 1000 1000 1000 10
0.166667 0.181674 0.012513 200 207 1000 1022 2 1000 1000 1000 10
0.166667 0.168746 0.012533 200 192 1000 983 2 1000 1000 1000 10
0.166667 0.183984 0.012696 200 187 1000 978 2 1000 1000 1000 10
0.166667 0.173560 0.012187 200 194 1000 1014 2 1000 1000 1000 10
0.166667 0.181788 0.012775 200 202 1000 950 2 1000 1000 1000 10
0.166667 0.198700 0.012459 200 233 1000 1022 2 1000 1000 1000 10
0.166667 0.160948 0.011949 200 180 1000 1072 2 1000 1000 1000 10
0.166667 0.156397 0.011969 200 191 1000 1034 2 1000 1000 1000 10
0.166667 0.183706 0.012628 200 208 1000 996 2 1000 1000 1000 10
0.166667 0.188950 0.012466 200 210 1000 1015 2 1000 1000 1000 10
0.166667 0.194640 0.012887 200 206 1000 960 2 1000 1000 1000 10
0.166667 0.153802 0.012041 200 174 1000 1011 2 1000 1000 1000 10
0.166667 0.168028 0.012551 200 179 1000 963 2 1000 1000 1000 10
0.166667 0.183013 0.012433 200 205 1000 1029 2 1000 1000 1000 10
0.166667 0.214586 0.013336 200 218 1000 972 2 1000 1000 1000 10
0.166667 0.198831 0.013021 200 193 1000 981 2 1000 1000 1000 10
0.166667 0.185892 0.012544 200 197 1000 1017 2 1000 1000 1000 10
0.166667 0.192757 0.012666 200 214 1000 986 2 1000 1000 1000 10
0.166667 0.157117 0.012184 200 174 1000 962 2 1000 1000 1000 10
0.166667 0.172471 0.012439 200 180 1000 1005 2 1000 1000 1000 10
0.166667 0.184830 0.012489 200 199 1000 1030 2 1000 1000 1000 10
0.166667 0.178702 0.012249 200 206 1000 1036 2 1000 1000 1000 10
0.166667 0.194649 0.012604 200 218 1000 1038 2 1000 1000 1000 10
0.166667 0.182638 0.012520 200 207 1000 1009 2 1000 1000 1000 10
0.166667 0.180987 0.012345 200 198 1000 1047 2 1000 1000 1000 10
0.166667 0.177764 0.012465 200 191 1000 1003 2 1000 1000 1000 10
0.166667 0.187447 0.012631 200 200 1000 1022 2 1000 1000 1000 10
0.166667 0.170238 0.011942 200 202 1000 1050 2 1000 1000 1000 10
0.166667 0.200652 0.012775 200 220 1000 1030 2 1000 1000 1000 10
0.166667 0.162114 0.012609 200 162 1000 971 2 1000 1000 1000 10
0.166667 0.184554 0.012473 200 202 1000 1013 2 1000 1000 1000 10
0.166667 0.184598 0.012823 200 208 1000 968 2 1000 1000 1000 10
0.166667 0.176720 0.012473 200 190 1000 980 2 1000 1000 1000 10
0.166667 0.190414 0.012574 200 210 1000 1019 2 1000 1000 1000 10
0.166667 0.178224 0.012559 200 188 1000 990 2 1000 1000 1000 10
0.166667 0.188285 0.013093 200 197 1000 956 2 1000 1000 1000 10
0.166667 0.225103 0.013399 200 241 1000 966 2 1000 1000 1000 10
0.166667 0.186319 0.012759 200 205 1000 973 2 1000 1000 1000 10
0.166667 0.162649 0.012130 200 181 1000 1028 2 1000 1000 1000 10
0.166667 0.164761 0.011977 200 190 1000 1041 2 1000 1000 1000 10
0.166667 0.198645 0.012684 200 222 1000 1026 2 1000 1000 1000 10
0.166667 0.185686 0.012780 200 195 1000 979 2 1000 1000 1000 10
0.166667 0.172845 0.012305 200 184 1000 1008 2 1000 1000 1000 10
0.166667 0.193306 0.012638 200 198 1000 1011 2 1000 1000 1000 10
0.166667 0.171240 0.012400 200 205 1000 1033 2 1000 1000 1000 10
0.166667 0.187319 0.012725 200 202 1000 978 2 1000 1000 1000 10
0.166667 0.179662 0.012187 200 203 1000 1055 2 1000 1000 1000 10
0.166667 0.205332 0.013076 200 216 1000 973 2 1000 1000 1000 10
0.166667 0.170397 0.012313 200 192 1000 1018 2 1000 1000 1000 10
0.166667 0.197784 0.012851 200 204 1000 975 2 1000 1000 1000 10
0.166667 0.163962 0.012152 200 176 1000 1013 2 1000 1000 1000 10
0.166667 0.196102 0.012669 200 209 1000 1009 2 1000 1000 1000 10
0.166667 0.172159 0.012160 200 184 1000 1030 2 1000 1000 1000 10
0.166667 0.195904 0.012901 200 231 1000 986 2 1000 1000 1000 10
0.166667 0.202225 0.013454 200 214 1000 938 2 1000 1000 1000 10
0.166667 0.191190 0.013081 200 195 1000 954 2 1000 1000 1000 10
0.166667 0.200368 0.012787 200 205 1000 1022 2 1000 1000 1000 10
0.166667 0.200661 0.013326 200 209 1000 928 2 1000 1000 1000 10
0.166667 0.209146 0.013006 200 212 1000 972 2 1000 1000 1000 10
0.166667 0.190992 0.012737 200 199 1000 977 2 1000 1000 1000 10
0.166667 0.199233 0.012897 200 215 1000 988 2 1000 1000 1000 10
0.166667 0.192145 0.012717 200 216 1000 1007 2 1000 1000 1000 10
0.166667 0.197100 0.012686 200 201 1000 1014 2 1000 1000 1000 10
0.166667 0.199596 0.013320 200 213 1000 935 2 1000 1000 1000 10
0.166667 0.188940 0.012725 200 202 1000 982 2 1000 1000 1000 10
0.166667 0.185281 0.012841 200 210 1000 992 2 1000 1000 1000 10
0.166667 0.196155 0.012987 200 209 1000 959 2 1000 1000 1000 10
0.166667 0.177579 0.012428 200 180 1000 1004 2 1000 1000 1000 10
0.166667 0.191697 0.013201 200 198 1000 953 2 1000 1000 1000 10
0.166667 0.204410 0.012763 200 225 1000 978 2 1000 1000 1000 10
0.166667 0.182620 0.012040 200 204 1000 1066 2 1000 1000 1000 10
0.166667 0.179999 0.012564 200 189 1000 996 2 1000 1000 1000 10
0.166667 0.184885 0.012841 200 197 1000 968 2 1000 1000 1000 10
0.166667 0.172220 0.012189 200 198 1000 1010 2 1000 1000 1000 10
0.166667 0.173418 0.012536 200 191 1000 980 2 1000 1000 1000 10
0.166667 0.159273 0.012170 200 154 1000 995 2 1000 1000 1000 10
0.166667 0.172031 0.012100 200 190 1000 1019 2 1000 1000 1000 10
0.166667 0.179502 0.012218 200 195 1000 1032 2 1000 1000 1000 10
0.166667 0.185679 0.012660 200 186 1000 975 2 1000 1000 1000 10
0.166667 0.187255 0.012656 200 202 1000 987 2 1000 1000 1000 10
0.166667 0.170865 0.012549 200 182 1000 1001 2 1000 1000 1000 10
0.166667 0.193557 0.012873 200 203 1000 980 2 1000 1000 1000 10
0.166667 0.183754 0.012381 200 199 1000 1006 2 1000 1000 1000 10
0.166667 0.205162 0.013182 200 229 1000 959 2 1000 1000 1000 10
0.166667 0.207655 0.012987 200 214 1000 984 2 1000 1000 1000 10
0.166667 0.186682 0.012655 200 210 1000 1007 2 1000 1000 1000 10
0.166667 0.174338 0.012193 200 191 1000 1011 2 1000 1000 1000 10
0.166667 0.174841 0.012283 200 191 1000 1026 2 1000 1000 1000 10
0.166667 0.165486 0.012144 200 186 1000 1033 2 1000 1000 1000 10
0.166667 0.208484 0.013027 200 212 1000 992 2 1000 1000 1000 10
0.166667 0.156840 0.012692 200 168 1000 940 2 1000 1000 1000 10
0.166667 0.187055 0.012519 200 216 1000 1007 2 1000 1000 1000 10
0.166667 0.222423 0.013574 200 231 1000 957 2 1000 1000 1000 10
0.166667 0.179443 0.012406 200 187 1000 1003 2 1000 1000 1000 10
0.166667 0.202484 0.012895 200 216 1000 1011 2 1000 1000 1000 10
0.166667 0.179677 0.012455 200 201 1000 1016 2 1000 1000 1000 10
0.166667 0.176669 0.012444 200 197 1000 1018 2 1000 1000 1000 10
0.166667 0.181509 0.012428 200 211 1000 1018 2 1000 1000 1000 10
0.166667 0.201328 0.013132 200 203 1000 957 2 1000 1000 1000 10
0.166667 0.163721 0.012449 200 184 1000 988 2 1000 1000 1000 10
0.166667 0.177178 0.012420 200 203 1000 1020 2 1000 1000 1000 10
0.166667 0.157939 0.012138 200 168 1000 999 2 1000 1000 1000 10
0.166667 0.167664 0.011913 200 187 1000 1051 2 1000 1000 1000 10
0.166667 0.180194 0.012378 200 190 1000 1007 2 1000 1000 1000 10
0.166667 0.194082 0.012227 200 221 1000 1070 2 1000 1000 1000 10
0.166667 0.183977 0.012279 200 218 1000 1037 2 1000 1000 1000 10
0.166667 0.177277 0.012821 200 190 1000 984 2 1000 1000 1000 10
0.166667 0.175196 0.012257 200 192 1000 1030 2 1000 1000 1000 10
0.166667 0.186554 0.013022 200 183 1000 965 2 1000 1000 1000 10
0.166667 0.191819 0.012673 200 207 1000 1006 2 1000 1000 1000 10
0.166667 0.213141 0.013046 200 220 1000 982 2 1000 1000 1000 10
0.166667 0.170502 0.012617 200 174 1000 941 2 1000 1000 1000 10
0.166667 0.204654 0.012880 200 217 1000 984 2 1000 1000 1000 10
0.166667 0.147725 0.011642 200 176 1000 1018 2 1000 1000 1000 10
0.166667 0.180559 0.012248 200 204 1000 1002 2 1000 1000 1000 10
0.166667 0.176889 0.012428 200 201 1000 986 2 1000 1000 1000 10
0.166667 0.186634 0.012798 200 194 1000 995 2 1000 1000 1000 10
0.166667 0.183576 0.012378 200 200 1000 1011 2 1000 1000 1000 10
0.166667 0.194755 0.012774 200 215 1000 990 2 1000 1000 1000 10
0.166667 0.191658 0.012864 200 200 1000 967 2 1000 1000 1000 10
0.166667 0.184300 0.012419 200 196 1000 1009 2 1000 1000 1000 10
0.166667 0.176876 0.012202 200 182 1000 1016 2 1000 1000 1000 10
0.166667 0.198357 0.012940 200 210 1000 980 2 1000 1000 1000 10
0.166667 0.177003 0.012655 200 201 1000 984 2 1000 1000 1000 10
0.166667 0.196452 0.012476 200 238 1000 1039 2 1000 1000 1000 10
0.166667 0.193789 0.013089 200 202 1000 949 2 1000 1000 1000 10
0.166667 0.178920 0.012426 200 198 1000 1011 2 1000 1000 1000 10
0.166667 0.183881 0.012674 200 203 1000 999 2 1000 1000 1000 10
0.166667 0.193231 0.012158 200 222 1000 1057 2 1000 1000 1000 10
0.166667 0.153066 0.011531 200 180 1000 1061 2 1000 1000 1000 10
0.166667 0.188044 0.012596 200 196 1000 1016 2 1000 1000 1000 10
0.166667 0.183129 0.012264 200 209 1000 1044 2 1000 1000 1000 10
0.166667 0.194393 0.012642 200 201 1000 1001 2 1000 1000 1000 10
0.166667 0.209398 0.013060 200 232 1000 980 2 1000 1000 1000 10
0.166667 0.182482 0.012835 200 185 1000 972 2 1000 1000 1000 10
0.166667 0.185990 0.012666 200 215 1000 1001 2 1000 1000 1000 10
0.166667 0.198580 0.012892 200 221 1000 997 2 1000 1000 1000 10
0.166667 0.162428 0.012329 200 189 1000 1004 2 1000 1000 1000 10
0.166667 0.187964 0.012560 200 201 1000 991 2 1000 1000 1000 10
0.166667 0.180605 0.012372 200 188 1000 1010 2 1000 1000 1000 10
0.166667 0.171510 0.012386 200 196 1000 1008 2 1000 1000 1000 10
0.166667 0.186052 0.012215 200 191 1000 1043 2 1000 1000 1000 10
0.166667 0.192411 0.012792 200 194 1000 963 2 1000 1000 1000 10
0.166667 0.168187 0.012054 200 186 1000 1035 2 1000 1000 1000 10
0.166667 0.166495 0.011709 200 195 1000 1086 2 1000 1000 1000 10
0.166667 0.174804 0.012195 200 188 1000 1036 2 1000 1000 1000 10
0.166667 0.193827 0.012468 200 202 1000 1043 2 1000 1000 1000 10
0.166667 0.173627 0.012146 200 198 1000 1039 2 1000 1000 1000 10
0.166667 0.199102 0.013133 200 214 1000 968 2 1000 1000 1000 10
0.166667 0.156334 0.012062 200 182 1000 1015 2 1000 1000 1000 10
0.166667 0.212291 0.013117 200 226 1000 960 2 1000 1000 1000 10
0.166667 0.188111 0.012619 200 197 1000 993 2 1000 1000 1000 10
0.166667 0.164282 0.012180 200 178 1000 1030 2 1000 1000 1000 10
0.166667 0.176966 0.012648 200 178 1000 971 2 1000 1000 1000 10
0.166667 0.189628 0.012628 200 203 1000 995 2 1000 1000 1000 10
0.166667 0.180761 0.012256 200 187 1000 1046 2 1000 1000 1000 10
0.166667 0.197092 0.013152 200 209 1000 968 2 1000 1000 1000 10
0.166667 0.167607 0.011936 200 183 1000 1027 2 1000 1000 1000 10
0.166667 0.197894 0.013101 200 225 1000 979 2 1000 1000 1000 10
0.166667 0.188021 0.012780 200 206 1000 1005 2 1000 1000 1000 10
0.166667 0.168812 0.012064 200 188 1000 1020 2 1000 1000 1000 10
0.166667 0.192915 0.012454 200 214 1000 1031 2 1000 1000 1000 10
0.166667 0.158948 0.012216 200 182 1000 1007 2 1000 1000 1000 10
0.166667 0.182190 0.012724 200 187 1000 976 2 1000 1000 1000 10
0.166667 0.182702 0.012228 200 197 1000 1024 2 1000 1000 1000 10
0.166667 0.178098 0.012722 200 193 1000 970 2 1000 1000 1000 10
0.166667 0.172338 0.011960 200 191 1000 1048 2 1000 1000 1000 10
0.166667 0.197964 0.012825 200 212 1000 1008 2 1000 1000 1000 10
0.166667 0.185827 0.012565 200 203 1000 1017 2 1000 1000 1000 10
0.166667 0.179031 0.012307 200 210 1000 1037 2 1000 1000 1000 10
0.166667 0.180791 0.012673 200 191 1000 968 2 1000 1000 1000 10
0.166667 0.200510 0.012331 200 227 1000 1042 2 1000 1000 1000 10
0.166667 0.203048 0.013430 200 192 1000 918 2 1000 1000 1000 10
0.166667 0.155278 0.011832 200 165 1000 1005 2 1000 1000 1000 10
0.166667 0.172247 0.012282 200 196 1000 1023 2 1000 1000 1000 10
0.166667 0.173214 0.012243 200 196 1000 1020 2 1000 1000 1000 10
0.166667 0.175238 0.012330 200 202 1000 1018 2 1000 1000 1000 10
0.166667 0.179250 0.012594 200 198 1000 1015 2 1000 1000 1000 10
0.166667 0.174926 0.012191 200 195 1000 1043 2 1000 1000 1000 10
0.166667 0.181519 0.012491 200 215 1000 1021 2 1000 1000 1000 10
0.166667 0.180528 0.012369 200 191 1000 1032 2 1000 1000 1000 10
0.166667 0.193920 0.012631 200 207 1000 974 2 1000 1000 1000 10
0.166667 0.207465 0.013262 200 199 1000 936 2 1000 1000 1000 10
0.166667 0.181073 0.012405 200 194 1000 1012 2 1000 1000 1000 10
0.166667 0.189800 0.012925 200 216 1000 982 2 1000 1000 1000 10
0.166667 0.165628 0.012371 200 193 1000 984 2 1000 1000 1000 10
0.166667 0.186276 0.012948 200 204 1000 961 2 1000 1000 1000 10
0.166667 0.174822 0.012469 200 192 1000 990 2 1000 1000 1000 10
0.166667 0.176209 0.012148 200 190 1000 1019 2 1000 1000 1000 10
0.166667 0.195190 0.012571 200 217 1000 1047 2 1000 1000 1000 10
0.166667 0.153520 0.011975 200 164 1000 1030 2 1000 1000 1000 10
0.166667 0.192120 0.012768 200 210 1000 1012 2 1000 1000 1000 10
0.166667 0.182865 0.012116 200 203 1000 1055 2 1000 1000 1000 10
0.166667 0.164839 0.012282 200 174 1000 993 2 1000 1000 1000 10
0.166667 0.199837 0.012700 200 222 1000 1001 2 1000 1000 1000 10
0.166667 0.194016 0.012618 200 218 1000 999 2 1000 1000 1000 10
0.166667 0.174380 0.012143 200 180 1000 1012 2 1000 1000 1000 10
0.166667 0.184231 0.012409 200 200 1000 1004 2 1000 1000 1000 10
0.166667 0.173097 0.012320 200 198 1000 1005 2 1000 1000 1000 10
0.166667 0.191838 0.012605 200 218 1000 993 2 1000 1000 1000 10
0.166667 0.177520 0.012392 200 180 1000 1001 2 1000 1000 1000 10
0.166667 0.178045 0.012535 200 184 1000 1017 2 1000 1000 1000 10
0.166667 0.180099 0.012389 200 202 1000 1002 2 1000 1000 1000 10
0.166667 0.178391 0.012643 200 189 1000 997 2 1000 1000 1000 10
0.166667 0.180404 0.012528 200 202 1000 996 2 1000 1000 1000 10
0.166667 0.210988 0.013177 200 230 1000 968 2 1000 1000 1000 10
0.166667 0.156787 0.012035 200 168 1000 1003 2 1000 1000 1000 10
0.166667 0.193986 0.013178 200 197 1000 941 2 1000 1000 1000 10
0.166667 0.176443 0.012486 200 195 1000 1018 2 1000 1000 1000 10
0.166667 0.192801 0.012919 200 192 1000 994 2 1000 1000 1000 10
0.166667 0.173887 0.012453 200 183 1000 986 2 1000 1000 1000 10
0.166667 0.174325 0.011910 200 193 1000 1053 2 1000 1000 1000 10
0.166667 0.187740 0.012819 200 201 1000 1007 2 1000 1000 1000 10
0.166667 0.176561 0.012162 200 206 1000 1063 2 1000 1000 1000 10
0.166667 0.146870 0.011887 200 161 1000 1002 2 1000 1000 1000 10
0.166667 0.181988 0.012453 200 198 1000 1022 2 1000 1000 1000 10
0.166667 0.184967 0.012517 200 201 1000 1020 2 1000 1000 1000 10
0.166667 0.176312 0.012177 200 200 1000 1044 2 1000 1000 1000 10
0.166667 0.176992 0.012059 200 204 1000 1045 2 1000 1000 1000 10
0.166667 0.191087 0.012751 200 214 1000 997 2 1000 1000 1000 10
0.166667 0.190819 0.013037 200 192 1000 937 2 1000 1000 1000 10
0.166667 0.172714 0.012798 200 190 1000 960 2 1000 1000 1000 10
0.166667 0.186631 0.012427 200 208 1000 1007 2 1000 1000 1000 10
0.166667 0.190265 0.012420 200 208 1000 1022 2 1000 1000 1000 10
0.166667 0.204601 0.012598 200 244 1000 1037 2 1000 1000 1000 10
0.166667 0.189769 0.012612 200 199 1000 1020 2 1000 1000 1000 10
0.166667 0.183003 0.012882 200 192 1000 954 2 1000 1000 1000 10
0.166667 0.197459 0.013119 200 209 1000 976 2 1000 1000 1000 10
0.166667 0.158824 0.011859 200 170 1000 1023 2 1000 1000 1000 10
0.166667 0.169365 0.012730 200 174 1000 925 2 1000 1000 1000 10
0.166667 0.183232 0.012511 200 204 1000 1010 2 1000 1000 1000 10
0.166667 0.186887 0.012836 200 194 1000 973 2 1000 1000 1000 10
0.166667 0.196171 0.012662 200 224 1000 1003 2 1000 1000 1000 10
0.166667 0.190397 0.012824 200 213 1000 1015 2 1000 1000 1000 10
0.166667 0.184236 0.012639 200 202 1000 996 2 1000 1000 1000 10
0.166667 0.168908 0.011990 200 183 1000 1037 2 1000 1000 1000 10
0.166667 0.196238 0.013215 200 202 1000 919 2 1000 1000 1000 10
0.166667 0.176714 0.012197 200 219 1000 1046 2 1000 1000 1000 10
0.166667 0.179426 0.012520 200 191 1000 991 2 1000 1000 1000 10
0.166667 0.165293 0.012368 200 178 1000 989 2 1000 1000 1000 10
0.166667 0.199532 0.013322 200 213 1000 939 2 1000 1000 1000 10
0.166667 0.181923 0.012355 200 197 1000 1044 2 1000 1000 1000 10
0.166667 0.175634 0.012766 200 186 1000 977 2 1000 1000 1000 10
0.166667 0.184697 0.012261 200 211 1000 1060 2 1000 1000 1000 10
0.166667 0.193811 0.012694 200 210 1000 983 2 1000 1000 1000 10
0.166667 0.185052 0.012663 200 202 1000 984 2 1000 1000 1000 10
0.166667 0.210036 0.013402 200 222 1000 934 2 1000 1000 1000 10
0.166667 0.164174 0.012288 200 191 1000 1015 2 1000 1000 1000 10
0.166667 0.199229 0.012932 200 214 1000 971 2 1000 1000 1000 10
0.166667 0.172303 0.012698 200 174 1000 976 2 1000 1000 1000 10
0.166667 0.200086 0.012691 200 211 1000 1021 2 1000 1000 1000 10
0.166667 0.185029 0.013037 200 204 1000 985 2 1000 1000 1000 10
0.166667 0.196868 0.013079 200 212 1000 968 2 1000 1000 1000 10
0.166667 0.179463 0.012725 200 203 1000 986 2 1000 1000 1000 10
0.166667 0.184006 0.012554 200 195 1000 995 2 1000 1000 1000 10
0.166667 0.186902 0.012463 200 207 1000 1015 2 1000 1000 1000 10
0.166667 0.164273 0.012087 200 188 1000 1022 2 1000 1000 1000 10
0.166667 0.181075 0.012473 200 213 1000 1010 2 1000 1000 1000 10
0.166667 0.161257 0.012487 200 181 1000 966 2 1000 1000 1000 10
0.166667 0.172939 0.012223 200 194 1000 1034 2 1000 1000 1000 10
0.166667 0.179788 0.012101 200 207 1000 1082 2 1000 1000 1000 10
0.166667 0.152629 0.011552 200 179 1000 1072 2 1000 1000 1000 10
0.166667 0.170203 0.012086 200 195 1000 1034 2 1000 1000 1000 10
0.166667 0.192606 0.012920 200 194 1000 965 2 1000 1000 1000 10
0.166667 0.177989 0.012286 200 193 1000 1015 2 1000 1000 1000 10
0.166667 0.202892 0.012423 200 222 1000 1039 2 1000 1000 1000 10
0.166667 0.178611 0.012687 200 183 1000 990 2 1000 1000 1000 10
0.166667 0.197251 0.012608 200 214 1000 1037 2 1000 1000 1000 10
0.166667 0.199612 0.013088 200 212 1000 943 2 1000 1000 1000 10
0.166667 0.173924 0.012631 200 180 1000 988 2 1000 1000 1000 10
0.166667 0.169382 0.012168 200 180 1000 1008 2 1000 1000 1000 10
0.166667 0.182198 0.012233 200 207 1000 1031 2 1000 1000 1000 10
0.166667 0.190524 0.012622 200 224 1000 1035 2 1000 1000 1000 10
0.166667 0.181295 0.012463 200 187 1000 989 2 1000 1000 1000 10
0.166667 0.182376 0.012724 200 209 1000 967 2 1000 1000 1000 10
0.166667 0.206548 0.012864 200 213 1000 988 2 1000 1000 1000 10
0.166667 0.186126 0.012617 200 199 1000 981 2 1000 1000 1000 10
0.166667 0.195135 0.012717 200 211 1000 982 2 1000 1000 1000 10
0.166667 0.179924 0.012534 200 197 1000 1011 2 1000 1000 1000 10
0.166667 0.180141 0.012520 200 180 1000 968 2 1000 1000 1000 10
0.166667 0.213815 0.012950 200 236 1000 1013 2 1000 1000 1000 10
0.166667 0.153840 0.011989 200 186 1000 1041 2 1000 1000 1000 10
0.166667 0.182909 0.012380 200 186 1000 1012 2 1000 1000 1000 10
0.166667 0.171811 0.012401 200 185 1000 992 2 1000 1000 1000 10
0.166667 0.185968 0.012334 200 228 1000 1045 2 1000 1000 1000 10
0.166667 0.161898 0.012433 200 176 1000 967 2 1000 1000 1000 10
0.166667 0.191308 0.012935 200 189 1000 949 2 1000 1000 1000 10
0.166667 0.179889 0.012689 200 206 1000 995 2 1000 1000 1000 10
0.166667 0.182126 0.012542 200 191 1000 982 2 1000 1000 1000 10
0.166667 0.182487 0.012806 200 208 1000 990 2 1000 1000 1000 10
0.166667 0.204568 0.013015 200 207 1000 992 2 1000 1000 1000 10
0.166667 0.193825 0.012555 200 214 1000 1015 2 1000 1000 1000 10
0.166667 0.192871 0.012817 200 219 1000 973 2 1000 1000 1000 10
0.166667 0.195684 0.013047 200 205 1000 990 2 1000 1000 1000 10
0.166667 0.188410 0.012854 200 197 1000 964 2 1000 1000 1000 10
0.166667 0.188379 0.012484 200 221 1000 1016 2 1000 1000 1000 10
0.166667 0.183530 0.012453 200 212 1000 1014 2 1000 1000 1000 10
0.166667 0.187660 0.012666 200 197 1000 996 2 1000 1000 1000 10
0.166667 0.192534 0.012876 200 217 1000 996 2 1000 1000 1000 10
0.166667 0.202896 0.013039 200 210 1000 975 2 1000 1000 1000 10
0.166667 0.143620 0.011540 200 167 1000 1022 2 1000 1000 1000 10
0.166667 0.179198 0.012447 200 180 1000 983 2 1000 1000 1000 10
0.166667 0.173010 0.012552 200 182 1000 968 2 1000 1000 1000 10
0.166667 0.160790 0.011663 200 190 1000 1081 2 1000 1000 1000 10
0.166667 0.177701 0.012480 200 196 1000 1006 2 1000 1000 1000 10
0.166667 0.172761 0.012313 200 186 1000 986 2 1000 1000 1000 10
0.166667 0.180009 0.012299 200 198 1000 1035 2 1000 1000 1000 10
0.166667 0.178952 0.012824 200 200 1000 966 2 1000 1000 1000 10
0.166667 0.181512 0.012801 200 196 1000 985 2 1000 1000 1000 10
0.166667 0.161912 0.011832 200 187 1000 1033 2 1000 1000 1000 10
0.166667 0.197034 0.012719 200 212 1000 1014 2 1000 1000 1000 10
0.166667 0.199144 0.012724 200 222 1000 1004 2 1000 1000 1000 10
0.166667 0.204745 0.012557 200 234 1000 1047 2 1000 1000 1000 10
0.166667 0.201871 0.012807 200 225 1000 1003 2 1000 1000 1000 10
0.166667 0.175978 0.012307 200 201 1000 1026 2 1000 1000 1000 10
0.166667 0.196536 0.012874 200 214 1000 990 2 1000 1000 1000 10
0.166667 0.173179 0.012451 200 183 1000 977 2 1000 1000 1000 10
0.166667 0.197185 0.012742 200 209 1000 1008 2 1000 1000 1000 10
0.166667 0.156986 0.011939 200 185 1000 1041 2 1000 1000 1000 10
0.166667 0.169771 0.012280 200 191 1000 1021 2 1000 1000 1000 10
0.166667 0.153951 0.011953 200 175 1000 1017 2 1000 1000 1000 10
0.166667 0.208685 0.013034 200 213 1000 973 2 1000 1000 1000 10
0.166667 0.166724 0.012363 200 188 1000 1000 2 1000 1000 1000 10
0.166667 0.209932 0.013375 200 223 1000 954 2 1000 1000 1000 10
0.166667 0.182525 0.012591 200 199 1000 993 2 1000 1000 1000 10
0.166667 0.183287 0.012737 200 199 1000 981 2 1000 1000 1000 10
0.166667 0.192677 0.012759 200 215 1000 992 2 1000 1000 1000 10
0.166667 0.186451 0.012346 200 223 1000 1044 2 1000 1000 1000 10
0.166667 0.180215 0.012213 200 202 1000 1023 2 1000 1000 1000 10
0.166667 0.190416 0.012206 200 227 1000 1045 2 1000 1000 1000 10
0.166667 0.176948 0.012634 200 183 1000 971 2 1000 1000 1000 10
0.166667 0.177553 0.012722 200 183 1000 966 2 1000 1000 1000 10
0.166667 0.175656 0.011707 200 209 1000 1097 2 1000 1000 1000 10
0.166667 0.179204 0.012139 200 190 1000 1020 2 1000 1000 1000 10
0.166667 0.202909 0.013027 200 220 1000 995 2 1000 1000 1000 10
0.166667 0.178776 0.012465 200 190 1000 997 2 1000 1000 1000 10
0.166667 0.203025 0.013376 200 219 1000 939 2 1000 1000 1000 10
0.166667 0.193388 0.012398 200 208 1000 1035 2 1000 1000 1000 10
0.166667 0.190416 0.012302 200 198 1000 1022 2 1000 1000 1000 10
0.166667 0.168810 0.012104 200 180 1000 1044 2 1000 1000 1000 10
0.166667 0.206225 0.012975 200 206 1000 978 2 1000 1000 1000 10
0.166667 0.157649 0.011876 200 194 1000 1046 2 1000 1000 1000 10
0.166667 0.213523 0.012764 200 230 1000 1020 2 1000 1000 1000 10
0.166667 0.178358 0.012931 200 186 1000 964 2 1000 1000 1000 10
0.166667 0.190528 0.012602 200 205 1000 991 2 1000 1000 1000 10
0.166667 0.182591 0.012722 200 207 1000 1000 2 1000 1000 1000 10
0.166667 0.187850 0.012841 200 202 1000 970 2 1000 1000 1000 10
0.166667 0.200407 0.012624 200 226 1000 1010 2 1000 1000 1000 10
0.166667 0.189541 0.012149 200 209 1000 1083 2 1000 1000 1000 10
0.166667 0.200535 0.012741 200 222 1000 1022 2 1000 1000 1000 10
0.166667 0.184202 0.012215 200 206 1000 1017 2 1000 1000 1000 10
0.166667 0.188168 0.012660 200 204 1000 1003 2 1000 1000 1000 10
0.166667 0.183312 0.012583 200 196 1000 1000 2 1000 1000 1000 10
0.166667 0.185156 0.012873 200 202 1000 971 2 1000 1000 1000 10
0.166667 0.179105 0.012341 200 190 1000 1012 2 1000 1000 1000 10
0.166667 0.195569 0.012932 200 203 1000 960 2 1000 1000 1000 10
0.166667 0.204203 0.012985 200 215 1000 976 2 1000 1000 1000 10
0.166667 0.202085 0.013005 200 222 1000 1006 2 1000 1000 1000 10
0.166667 0.190294 0.012664 200 220 1000 999 2 1000 1000 1000 10
0.166667 0.170393 0.012411 200 186 1000 999 2 1000 1000 1000 10
0.166667 0.159584 0.011562 200 181 1000 1087 2 1000 1000 1000 10
0.166667 0.184273 0.012935 200 185 1000 950 2 1000 1000 1000 10
0.166667 0.180203 0.012716 200 182 1000 950 2 1000 1000 1000 10
0.166667 0.188649 0.012559 200 199 1000 997 2 1000 1000 1000 10
0.166667 0.217948 0.013423 200 228 1000 936 2 1000 1000 1000 10
0.166667 0.186305 0.012586 200 194 1000 1010 2 1000 1000 1000 10
0.166667 0.165506 0.012409 200 180 1000 987 2 1000 1000 1000 10
0.166667 0.187549 0.012717 200 205 1000 1002 2 1000 1000 1000 10
0.166667 0.197897 0.012938 200 208 1000 967 2 1000 1000 1000 10
0.166667 0.173007 0.012278 200 201 1000 1024 2 1000 1000 1000 10
0.166667 0.196442 0.012987 200 206 1000 971 2 1000 1000 1000 10
0.166667 0.179572 0.012331 200 198 1000 1009 2 1000 1000 1000 10
0.166667 0.187090 0.012504 200 201 1000 1019 2 1000 1000 1000 10
0.166667 0.188056 0.012754 200 195 1000 970 2 1000 1000 1000 10
0.166667 0.176688 0.012410 200 197 1000 1019 2 1000 1000 1000 10
0.166667 0.178989 0.012353 200 199 1000 1023 2 1000 1000 1000 10
0.166667 0.159319 0.012472 200 177 1000 958 2 1000 1000 1000 10
0.166667 0.160894 0.011953 200 172 1000 1039 2 1000 1000 1000 10
0.166667 0.181707 0.012182 200 211 1000 1060 2 1000 1000 1000 10
0.166667 0.187433 0.012616 200 190 1000 1020 2 1000 1000 1000 10
0.166667 0.178725 0.012195 200 204 1000 1042 2 1000 1000 1000 10
0.166667 0.172674 0.012041 200 187 1000 1014 2 1000 1000 1000 10
0.166667 0.199544 0.012664 200 216 1000 1005 2 1000 1000 1000 10
0.166667 0.196856 0.012777 200 215 1000 1007 2 1000 1000 1000 10
0.166667 0.175404 0.012259 200 181 1000 1031 2 1000 1000 1000 10
0.166667 0.175392 0.012078 200 187 1000 1028 2 1000 1000 1000 10
0.166667 0.195470 0.012529 200 214 1000 1030 2 1000 1000 1000 10
0.166667 0.189510 0.012778 200 207 1000 996 2 1000 1000 1000 10
0.166667 0.189401 0.013012 200 204 1000 956 2 1000 1000 1000 10
0.166667 0.183395 0.012648 200 194 1000 988 2 1000 1000 1000 10
0.166667 0.180844 0.012568 200 197 1000 985 2 1000 1000 1000 10
0.166667 0.188430 0.013071 200 206 1000 923 2 1000 1000 1000 10
0.166667 0.194081 0.012987 200 197 1000 958 2 1000 1000 1000 10
0.166667 0.187395 0.012537 200 201 1000 991 2 1000 1000 1000 10
0.166667 0.188735 0.012835 200 202 1000 981 2 1000 1000 1000 10
0.166667 0.192439 0.012719 200 212 1000 990 2 1000 1000 1000 10
0.166667 0.191358 0.012431 200 220 1000 1040 2 1000 1000 1000 10
0.166667 0.185010 0.012608 200 200 1000 1017 2 1000 1000 1000 10
0.166667 0.198659 0.012950 200 210 1000 956 2 1000 1000 1000 10
0.166667 0.183437 0.012709 200 194 1000 986 2 1000 1000 1000 10
0.166667 0.177595 0.012219 200 170 1000 1017 2 1000 1000 1000 10
0.166667 0.171223 0.012317 200 193 1000 1008 2 1000 1000 1000 10
0.166667 0.189535 0.012709 200 205 1000 993 2 1000 1000 1000 10
0.166667 0.187207 0.012600 200 211 1000 999 2 1000 1000 1000 10
0.166667 0.175007 0.012126 200 194 1000 1057 2 1000 1000 1000 10
0.166667 0.174170 0.012240 200 184 1000 1024 2 1000 1000 1000 10
0.166667 0.193019 0.012585 200 218 1000 1001 2 1000 1000 1000 10
0.166667 0.179562 0.012650 200 204 1000 991 2 1000 1000 1000 10
0.166667 0.168004 0.012058 200 197 1000 1052 2 1000 1000 1000 10
0.166667 0.181590 0.012541 200 199 1000 991 2 1000 1000 1000 10
0.166667 0.164853 0.012434 200 193 1000 1014 2 1000 1000 1000 10
0.166667 0.168223 0.012141 200 185 1000 1009 2 1000 1000 1000 10
0.166667 0.180215 0.012870 200 181 1000 944 2 1000 1000 1000 10
0.166667 0.180518 0.012389 200 195 1000 1032 2 1000 1000 1000 10
0.166667 0.195150 0.012610 200 215 1000 1049 2 1000 1000 1000 10
0.166667 0.185436 0.012647 200 209 1000 965 2 1000 1000 1000 10
0.166667 0.194663 0.012580 200 200 1000 992 2 1000 1000 1000 10
0.166667 0.171107 0.012173 200 205 1000 1040 2 1000 1000 1000 10
0.166667 0.178386 0.012465 200 203 1000 995 2 1000 1000 1000 10
0.166667 0.177380 0.012378 200 187 1000 992 2 1000 1000 1000 10
0.166667 0.178948 0.012376 200 198 1000 1014 2 1000 1000 1000 10
0.166667 0.214728 0.013278 200 221 1000 953 2 1000 1000 1000 10
0.166667 0.187058 0.013122 200 206 1000 957 2 1000 1000 1000 10
0.166667 0.180322 0.012549 200 207 1000 991 2 1000 1000 1000 10
0.166667 0.186047 0.012998 200 191 1000 960 2 1000 1000 1000 10
0.166667 0.180181 0.012604 200 204 1000 1005 2 1000 1000 1000 10
0.166667 0.193228 0.012684 200 220 1000 1011 2 1000 1000 1000 10
0.166667 0.184184 0.012634 200 186 1000 979 2 1000 1000 1000 10
0.166667 0.189559 0.012860 200 195 1000 961 2 1000 1000 1000 10
0.166667 0.182319 0.012467 200 182 1000 1002 2 1000 1000 1000 10
0.166667 0.187873 0.012847 200 194 1000 960 2 1000 1000 1000 10
0.166667 0.185705 0.012811 200 192 1000 1009 2 1000 1000 1000 10
0.166667 0.170272 0.012261 200 191 1000 1020 2 1000 1000 1000 10
0.166667 0.186455 0.012333 200 204 1000 1039 2 1000 1000 1000 10
0.166667 0.177964 0.012488 200 186 1000 1004 2 1000 1000 1000 10
0.166667 0.175059 0.012561 200 190 1000 954 2 1000 1000 1000 10
0.166667 0.192135 0.012591 200 207 1000 1008 2 1000 1000 1000 10
0.166667 0.203835 0.012707 200 218 1000 994 2 1000 1000 1000 10
0.166667 0.188465 0.012715 200 204 1000 1017 2 1000 1000 1000 10
0.166667 0.187890 0.012528 200 210 1000 1008 2 1000 1000 1000 10
0.166667 0.182107 0.012540 200 197 1000 1034 2 1000 1000 1000 10
0.166667 0.180752 0.012972 200 188 1000 948 2 1000 1000 1000 10
0.166667 0.195551 0.012920 200 209 1000 969 2 1000 1000 1000 10
0.166667 0.189359 0.012628 200 219 1000 1001 2 1000 1000 1000 10
0.166667 0.183835 0.011967 200 212 1000 1064 2 1000 1000 1000 10
0.166667 0.172002 0.012256 200 204 1000 1027 2 1000 1000 1000 10
0.166667 0.178792 0.012199 200 199 1000 1039 2 1000 1000 1000 10
0.166667 0.169916 0.012019 200 192 1000 1036 2 1000 1000 1000 10
0.166667 0.176127 0.011930 200 205 1000 1069 2 1000 1000 1000 10
0.166667 0.181660 0.012854 200 189 1000 957 2 1000 1000 1000 10
0.166667 0.208611 0.012691 200 232 1000 1025 2 1000 1000 1000 10
0.166667 0.178807 0.012204 200 199 1000 1057 2 1000 1000 1000 10
0.166667 0.174529 0.012250 200 196 1000 1010 2 1000 1000 1000 10
0.166667 0.151713 0.011817 200 163 1000 1031 2 1000 1000 1000 10
0.166667 0.182179 0.012665 200 196 1000 961 2 1000 1000 1000 10
0.166667 0.176753 0.012201 200 190 1000 1034 2 1000 1000 1000 10
0.166667 0.158242 0.011520 200 174 1000 1074 2 1000 1000 1000 10
0.166667 0.177697 0.012343 200 201 1000 1037 2 1000 1000 1000 10
0.166667 0.175639 0.012414 200 185 1000 991 2 1000 1000 1000 10
0.166667 0.178710 0.012144 200 213 1000 1049 2 1000 1000 1000 10
0.166667 0.192914 0.012870 200 222 1000 986 2 1000 1000 1000 10
0.166667 0.184211 0.012539 200 192 1000 1000 2 1000 1000 1000 10
0.166667 0.166469 0.012287 200 167 1000 980 2 1000 1000 1000 10
0.166667 0.171572 0.012611 200 190 1000 1014 2 1000 1000 1000 10
0.166667 0.173209 0.012643 200 178 1000 934 2 1000 1000 1000 10
0.166667 0.186118 0.012794 200 194 1000 980 2 1000 1000 1000 10
0.166667 0.172741 0.012511 200 189 1000 961 2 1000 1000 1000 10
0.166667 0.206840 0.012851 200 214 1000 997 2 1000 1000 1000 10
0.166667 0.182751 0.012411 200 194 1000 1000 2 1000 1000 1000 10
0.166667 0.191921 0.012673 200 213 1000 1015 2 1000 1000 1000 10
0.166667 0.178119 0.012427 200 196 1000 1018 2 1000 1000 1000 10
0.166667 0.196769 0.012802 200 209 1000 980 2 1000 1000 1000 10
0.166667 0.188993 0.012570 200 203 1000 997 2 1000 1000 1000 10
0.166667 0.184349 0.013083 200 199 1000 982 2 1000 1000 1000 10
0.166667 0.185542 0.012627 200 201 1000 971 2 1000 1000 1000 10
0.166667 0.174250 0.012504 200 187 1000 993 2 1000 1000 1000 10
0.166667 0.184995 0.012694 200 203 1000 961 2 1000 1000 1000 10
0.166667 0.169148 0.012247 200 184 1000 1030 2 1000 1000 1000 10
0.166667 0.170697 0.012430 200 180 1000 998 2 1000 1000 1000 10
0.166667 0.185979 0.012407 200 193 1000 1020 2 1000 1000 1000 10
0.166667 0.183487 0.012613 200 199 1000 1015 2 1000 1000 1000 10
0.166667 0.190386 0.012987 200 194 1000 958 2 1000 1000 1000 10
0.166667 0.171983 0.012747 200 179 1000 965 2 1000 1000 1000 10
0.166667 0.176045 0.012331 200 196 1000 1002 2 1000 1000 1000 10
0.166667 0.192413 0.012615 200 223 1000 1005 2 1000 1000 1000 10
0.166667 0.200139 0.012791 200 206 1000 990 2 1000 1000 1000 10
0.166667 0.189831 0.012590 200 201 1000 1012 2 1000 1000 1000 10
0.166667 0.174550 0.012178 200 195 1000 1012 2 1000 1000 1000 10
0.166667 0.185898 0.012432 200 205 1000 1004 2 1000 1000 1000 10
0.166667 0.183675 0.012782 200 195 1000 961 2 1000 1000 1000 10
0.166667 0.168329 0.012623 200 183 1000 993 2 1000 1000 1000 10
0.166667 0.185782 0.012131 200 211 1000 1059 2 1000 1000 1000 10
0.166667 0.188022 0.012293 200 205 1000 1034 2 1000 1000 1000 10
0.166667 0.187618 0.012622 200 198 1000 984 2 1000 1000 1000 10
0.166667 0.169981 0.012198 200 189 1000 1057 2 1000 1000 1000 10
0.166667 0.181652 0.011985 200 215 1000 1101 2 1000 1000 1000 10
0.166667 0.194561 0.012664 200 201 1000 1010 2 1000 1000 1000 10
0.166667 0.183131 0.012692 200 190 1000 983 2 1000 1000 1000 10
0.166667 0.185199 0.012607 200 204 1000 995 2 1000 1000 1000 10
0.166667 0.213724 0.013333 200 235 1000 956 2 1000 1000 1000 10
0.166667 0.188904 0.012456 200 216 1000 1027 2 1000 1000 1000 10
0.166667 0.165265 0.012050 200 177 1000 1032 2 1000 1000 1000 10
0.166667 0.177551 0.012315 200 186 1000 1023 2 1000 1000 1000 10
0.166667 0.182775 0.012673 200 185 1000 956 2 1000 1000 1000 10
0.166667 0.183958 0.012743 200 188 1000 1008 2 1000 1000 1000 10
0.166667 0.185247 0.012448 200 206 1000 1007 2 1000 1000 1000 10
0.166667 0.180495 0.012501 200 200 1000 1036 2 1000 1000 1000 10
0.166667 0.183691 0.012499 200 206 1000 976 2 1000 1000 1000 10
0.166667 0.184922 0.012376 200 202 1000 1009 2 1000 1000 1000 10
0.166667 0.197765 0.013023 200 210 1000 974 2 1000 1000 1000 10
0.166667 0.190124 0.012393 200 216 1000 1032 2 1000 1000 1000 10
0.166667 0.180363 0.012306 200 203 1000 1009 2 1000 1000 1000 10
0.166667 0.169525 0.012548 200 184 1000 1009 2 1000 1000 1000 10
0.166667 0.190487 0.012584 200 209 1000 996 2 1000 1000 1000 10
0.166667 0.187976 0.012446 200 195 1000 1035 2 1000 1000 1000 10
0.166667 0.172970 0.012242 200 193 1000 1024 2 1000 1000 1000 10
0.166667 0.194117 0.012485 200 221 1000 1047 2 1000 1000 1000 10
0.166667 0.197335 0.012767 200 223 1000 1023 2 1000 1000 1000 10
0.166667 0.165586 0.012321 200 174 1000 991 2 1000 1000 1000 10
0.166667 0.175219 0.012236 200 195 1000 1017 2 1000 1000 1000 10
0.166667 0.179820 0.012583 200 185 1000 983 2 1000 1000 1000 10
0.166667 0.172870 0.012232 200 191 1000 1030 2 1000 1000 1000 10
0.166667 0.171524 0.012182 200 192 1000 1037 2 1000 1000 1000 10
0.166667 0.172770 0.012606 200 191 1000 981 2 1000 1000 1000 10
0.166667 0.174680 0.012596 200 180 1000 985 2 1000 1000 1000 10
0.166667 0.165738 0.012150 200 181 1000 1019 2 1000 1000 1000 10
0.166667 0.167101 0.012257 200 184 1000 1017 2 1000 1000 1000 10
0.166667 0.214365 0.013280 200 219 1000 962 2 1000 1000 1000 10
0.166667 0.161996 0.012261 200 166 1000 972 2 1000 1000 1000 10
0.166667 0.165487 0.012228 200 172 1000 1019 2 1000 1000 1000 10
0.166667 0.192991 0.012748 200 203 1000 1007 2 1000 1000 1000 10
0.166667 0.180722 0.012543 200 200 1000 1004 2 1000 1000 1000 10
0.166667 0.191719 0.012641 200 203 1000 993 2 1000 1000 1000 10
0.166667 0.192379 0.012783 200 209 1000 985 2 1000 1000 1000 10
0.166667 0.198687 0.012866 200 215 1000 976 2 1000 1000 1000 10
0.166667 0.195732 0.012645 200 223 1000 1005 2 1000 1000 1000 10
0.166667 0.181453 0.012730 200 192 1000 981 2 1000 1000 1000 10
0.166667 0.178894 0.012553 200 173 1000 994 2 1000 1000 1000 10
0.166667 0.166715 0.012056 200 192 1000 1021 2 1000 1000 1000 10
0.166667 0.182846 0.012360 200 193 1000 1044 2 1000 1000 1000 10
0.166667 0.176061 0.012094 200 197 1000 1051 2 1000 1000 1000 10
0.166667 0.198709 0.012582 200 221 1000 1036 2 1000 1000 1000 10
0.166667 0.202793 0.013153 200 218 1000 951 2 1000 1000 1000 10
0.166667 0.166971 0.012299 200 185 1000 1000 2 1000 1000 1000 10
0.166667 0.177341 0.012349 200 191 1000 1012 2 1000 1000 1000 10
0.166667 0.197589 0.013061 200 203 1000 974 2 1000 1000 1000 10
0.166667 0.164161 0.012233 200 170 1000 1000 2 1000 1000 1000 10
0.166667 0.178278 0.012274 200 196 1000 1032 2 1000 1000 1000 10
0.166667 0.187607 0.012356 200 224 1000 1061 2 1000 1000 1000 10
0.166667 0.186020 0.012464 200 204 1000 1009 2 1000 1000 1000 10
0.166667 0.182135 0.013024 200 204 1000 957 2 1000 1000 1000 10
0.166667 0.186804 0.012568 200 222 1000 1027 2 1000 1000 1000 10
0.166667 0.191402 0.013159 200 187 1000 931 2 1000 1000 1000 10
0.166667 0.207151 0.012828 200 230 1000 1012 2 1000 1000 1000 10
0.166667 0.200384 0.012972 200 218 1000 980 2 1000 1000 1000 10
0.166667 0.166032 0.012335 200 184 1000 1001 2 1000 1000 1000 10
0.166667 0.180286 0.013265 200 173 1000 921 2 1000 1000 1000 10
0.166667 0.179151 0.012547 200 187 1000 953 2 1000 1000 1000 10
0.166667 0.172685 0.012248 200 184 1000 995 2 1000 1000 1000 10
0.166667 0.180072 0.012579 200 195 1000 988 2 1000 1000 1000 10
0.166667 0.180992 0.012309 200 211 1000 1038 2 1000 1000 1000 10
0.166667 0.188578 0.012955 200 186 1000 989 2 1000 1000 1000 10
0.166667 0.180721 0.012244 200 196 1000 1049 2 1000 1000 1000 10
0.166667 0.186363 0.012569 200 217 1000 1017 2 1000 1000 1000 10
0.166667 0.178459 0.012623 200 195 1000 990 2 1000 1000 1000 10
0.166667 0.190739 0.012647 200 205 1000 1007 2 1000 1000 1000 10
0.166667 0.208530 0.013159 200 220 1000 985 2 1000 1000 1000 10
0.166667 0.196611 0.013134 200 212 1000 944 2 1000 1000 1000 10
0.166667 0.196897 0.013058 200 199 1000 934 2 1000 1000 1000 10
0.166667 0.198799 0.013275 200 195 1000 957 2 1000 1000 1000 10
0.166667 0.172153 0.012317 200 202 1000 1004 2 1000 1000 1000 10
0.166667 0.168425 0.012061 200 183 1000 1046 2 1000 1000 1000 10
0.166667 0.178586 0.012616 200 193 1000 1009 2 1000 1000 1000 10
0.166667 0.186276 0.012543 200 200 1000 1026 2 1000 1000 1000 10
0.166667 0.202413 0.012876 200 228 1000 1001 2 1000 1000 1000 10
0.166667 0.179411 0.012366 200 193 1000 1032 2 1000 1000 1000 10
0.166667 0.182142 0.012773 200 196 1000 992 2 1000 1000 1000 10
0.166667 0.193196 0.012879 200 206 1000 975 2 1000 1000 1000 10
0.166667 0.190454 0.012840 200 188 1000 947 2 1000 1000 1000 10
0.166667 0.180094 0.012190 200 196 1000 1019 2 1000 1000 1000 10
0.166667 0.191606 0.012474 200 201 1000 1023 2 1000 1000 1000 10
0.166667 0.184923 0.012345 200 194 1000 1007 2 1000 1000 1000 10
0.166667 0.180957 0.012531 200 190 1000 994 2 1000 1000 1000 10
0.166667 0.179803 0.012610 200 214 1000 1022 2 1000 1000 1000 10
0.166667 0.183599 0.012742 200 190 1000 968 2 1000 1000 1000 10
0.166667 0.184031 0.012621 200 209 1000 984 2 1000 1000 1000 10
0.166667 0.195447 0.012786 200 215 1000 1017 2 1000 1000 1000 10
0.166667 0.205460 0.012892 200 218 1000 997 2 1000 1000 1000 10
0.166667 0.198454 0.012870 200 214 1000 967 2 1000 1000 1000 10
0.166667 0.176350 0.012498 200 178 1000 990 2 1000 1000 1000 10
0.166667 0.186110 0.012714 200 215 1000 1013 2 1000 1000 1000 10
0.166667 0.187196 0.012407 200 203 1000 1037 2 1000 1000 1000 10
0.166667 0.181537 0.012620 200 194 1000 1003 2 1000 1000 1000 10
0.166667 0.167856 0.012367 200 185 1000 996 2 1000 1000 1000 10
0.166667 0.206238 0.012973 200 207 1000 977 2 1000 1000 1000 10
0.166667 0.174003 0.012347 200 192 1000 1025 2 1000 1000 1000 10
0.166667 0.191412 0.012626 200 202 1000 1006 2 1000 1000 1000 10
0.166667 0.159790 0.011939 200 180 1000 1057 2 1000 1000 1000 10
0.166667 0.179067 0.012475 200 192 1000 970 2 1000 1000 1000 10
0.166667 0.173649 0.012500 200 200 1000 1001 2 1000 1000 1000 10
0.166667 0.186779 0.012914 200 193 1000 941 2 1000 1000 1000 10
0.166667 0.182616 0.012822 200 184 1000 941 2 1000 1000 1000 10
0.166667 0.172611 0.012136 200 179 1000 1020 2 1000 1000 1000 10
0.166667 0.178747 0.012495 200 200 1000 986 2 1000 1000 1000 10
0.166667 0.185064 0.012651 200 189 1000 987 2 1000 1000 1000 10
0.166667 0.194146 0.012668 200 219 1000 1028 2 1000 1000 1000 10
0.166667 0.186045 0.012696 200 190 1000 974 2 1000 1000 1000 10
0.166667 0.175704 0.012459 200 190 1000 991 2 1000 1000 1000 10
0.166667 0.175839 0.012450 200 185 1000 990 2 1000 1000 1000 10
0.166667 0.161560 0.012386 200 164 1000 970 2 1000 1000 1000 10
0.166667 0.200634 0.012852 200 224 1000 1014 2 1000 1000 1000 10
0.166667 0.219030 0.013211 200 228 1000 966 2 1000 1000 1000 10
0.166667 0.167509 0.012078 200 185 1000 1042 2 1000 1000 1000 10
0.166667 0.190552 0.012021 200 221 1000 1046 2 1000 1000 1000 10
0.166667 0.172573 0.012583 200 176 1000 986 2 1000 1000 1000 10
0.166667 0.175620 0.012706 200 192 1000 968 2 1000 1000 1000 10
0.166667 0.172389 0.012253 200 192 1000 1042 2 1000 1000 1000 10
0.166667 0.175868 0.012311 200 196 1000 1020 2 1000 1000 1000 10
0.166667 0.214120 0.013601 200 225 1000 965 2 1000 1000 1000 10
0.166667 0.174743 0.012732 200 185 1000 953 2 1000 1000 1000 10
0.166667 0.204533 0.013036 200 213 1000 980 2 1000 1000 1000 10
0.166667 0.180139 0.012514 200 194 1000 1000 2 1000 1000 1000 10
0.166667 0.177648 0.012499 200 186 1000 1006 2 1000 1000 1000 10
0.166667 0.184797 0.012705 200 204 1000 993 2 1000 1000 1000 10
0.166667 0.192387 0.012805 200 208 1000 975 2 1000 1000 1000 10
0.166667 0.184183 0.012963 200 199 1000 953 2 1000 1000 1000 10
0.166667 0.189062 0.012467 200 200 1000 1027 2 1000 1000 1000 10
0.166667 0.184127 0.012729 200 203 1000 977 2 1000 1000 1000 10
0.166667 0.228204 0.013275 200 234 1000 978 2 1000 1000 1000 10
0.166667 0.209323 0.013001 200 220 1000 1001 2 1000 1000 1000 10
0.166667 0.201485 0.013234 200 212 1000 949 2 1000 1000 1000 10
0.166667 0.173961 0.011896 200 212 1000 1063 2 1000 1000 1000 10
0.166667 0.161527 0.011819 200 187 1000 1055 2 1000 1000 1000 10
0.166667 0.185877 0.012524 200 197 1000 1007 2 1000 1000 1000 10
0.166667 0.203338 0.012906 200 221 1000 961 2 1000 1000 1000 10
0.166667 0.167942 0.012366 200 181 1000 977 2 1000 1000 1000 10
0.166667 0.187611 0.012817 200 184 1000 977 2 1000 1000 1000 10
0.166667 0.158351 0.011679 200 183 1000 1060 2 1000 1000 1000 10
0.166667 0.210646 0.012958 200 225 1000 1018 2 1000 1000 1000 10
0.166667 0.177483 0.012415 200 210 1000 1017 2 1000 1000 1000 10
0.166667 0.178442 0.012178 200 204 1000 1025 2 1000 1000 1000 10
0.166667 0.163435 0.011695 200 181 1000 1070 2 1000 1000 1000 10
0.166667 0.203385 0.013141 200 216 1000 961 2 1000 1000 1000 10
0.166667 0.185399 0.012560 200 222 1000 1022 2 1000 1000 1000 10
0.166667 0.145470 0.011876 200 161 1000 979 2 1000 1000 1000 10
0.166667 0.201101 0.012848 200 215 1000 1021 2 1000 1000 1000 10
0.166667 0.170336 0.012256 200 185 1000 1010 2 1000 1000 1000 10
0.166667 0.175332 0.012306 200 208 1000 1039 2 1000 1000 1000 10
0.166667 0.203081 0.012954 200 219 1000 960 2 1000 1000 1000 10
0.166667 0.217424 0.013296 200 225 1000 970 2 1000 1000 1000 10
0.166667 0.165672 0.012410 200 189 1000 985 2 1000 1000 1000 10
0.166667 0.187036 0.012339 200 219 1000 1028 2 1000 1000 1000 10
0.166667 0.198642 0.012976 200 205 1000 969 2 1000 1000 1000 10
0.166667 0.220737 0.013151 200 234 1000 993 2 1000 1000 1000 10
0.166667 0.190712 0.012621 200 210 1000 998 2 1000 1000 1000 10
0.166667 0.181446 0.012149 200 204 1000 1047 2 1000 1000 1000 10
0.166667 0.181935 0.012394 200 202 1000 1054 2 1000 1000 1000 10
0.166667 0.188248 0.012511 200 206 1000 1026 2 1000 1000 1000 10
0.166667 0.184251 0.012653 200 198 1000 981 2 1000 1000 1000 10
0.166667 0.182197 0.012381 200 216 1000 1033 2 1000 1000 1000 10
0.166667 0.176782 0.012305 200 200 1000 1018 2 1000 1000 1000 10
0.166667 0.182418 0.012428 200 208 1000 1025 2 1000 1000 1000 10
0.166667 0.177225 0.012330 200 193 1000 1008 2 1000 1000 1000 10
0.166667 0.203983 0.013046 200 233 1000 994 2 1000 1000 1000 10
0.166667 0.161851 0.011509 200 196 1000 1065 2 1000 1000 1000 10
0.166667 0.186345 0.012497 200 203 1000 992 2 1000 1000 1000 10
0.166667 0.199619 0.013020 200 216 1000 963 2 1000 1000 1000 10
0.166667 0.172107 0.012652 200 191 1000 970 2 1000 1000 1000 10
0.166667 0.196330 0.012753 200 208 1000 1004 2 1000 1000 1000 10
0.166667 0.182364 0.012322 200 199 1000 1027 2 1000 1000 1000 10
0.166667 0.182117 0.012630 200 211 1000 995 2 1000 1000 1000 10
0.166667 0.172900 0.012308 200 174 1000 1007 2 1000 1000 1000 10
0.166667 0.193684 0.013037 200 196 1000 982 2 1000 1000 1000 10
0.166667 0.210042 0.012986 200 216 1000 978 2 1000 1000 1000 10
0.166667 0.163754 0.011937 200 177 1000 1034 2 1000 1000 1000 10
0.166667 0.150117 0.012000 200 171 1000 993 2 1000 1000 1000 10
0.166667 0.181812 0.012295 200 204 1000 1016 2 1000 1000 1000 10
0.166667 0.200057 0.013067 200 210 1000 967 2 1000 1000 1000 10
0.166667 0.186911 0.013006 200 201 1000 952 2 1000 1000 1000 10
0.166667 0.166772 0.012222 200 186 1000 1019 2 1000 1000 1000 10
0.166667 0.191314 0.012408 200 209 1000 1020 2 1000 1000 1000 10
0.166667 0.174343 0.012119 200 200 1000 1046 2 1000 1000 1000 10
0.166667 0.203174 0.012972 200 212 1000 977 2 1000 1000 1000 10
0.166667 0.184385 0.012372 200 198 1000 1029 2 1000 1000 1000 10
0.166667 0.198894 0.012735 200 206 1000 983 2 1000 1000 1000 10
0.166667 0.174497 0.012196 200 199 1000 1022 2 1000 1000 1000 10
0.166667 0.173503 0.012247 200 188 1000 1032 2 1000 1000 1000 10
0.166667 0.170655 0.011933 200 202 1000 1042 2 1000 1000 1000 10
0.166667 0.172710 0.012371 200 171 1000 1001 2 1000 1000 1000 10
0.166667 0.176683 0.012198 200 204 1000 1023 2 1000 1000 1000 10
0.166667 0.213561 0.012804 200 229 1000 1020 2 1000 1000 1000 10
0.166667 0.196372 0.012513 200 225 1000 1065 2 1000 1000 1000 10
0.166667 0.183571 0.012516 200 190 1000 996 2 1000 1000 1000 10
0.166667 0.195531 0.012935 200 217 1000 986 2 1000 1000 1000 10
0.166667 0.206598 0.013400 200 213 1000 948 2 1000 1000 1000 10
0.166667 0.161606 0.011982 200 174 1000 1027 2 1000 1000 1000 10
0.166667 0.169848 0.012377 200 200 1000 994 2 1000 1000 1000 10
0.166667 0.183808 0.012642 200 205 1000 989 2 1000 1000 1000 10
0.166667 0.175939 0.012306 200 203 1000 1049 2 1000 1000 1000 10
0.166667 0.176220 0.012193 200 198 1000 1025 2 1000 1000 1000 10
0.166667 0.174551 0.012544 200 192 1000 984 2 1000 1000 1000 10
0.166667 0.185929 0.012292 200 203 1000 1044 2 1000 1000 1000 10
0.166667 0.177264 0.012381 200 199 1000 1018 2 1000 1000 1000 10
0.166667 0.192544 0.012350 200 213 1000 1038 2 1000 1000 1000 10
0.166667 0.167893 0.012497 200 179 1000 975 2 1000 1000 1000 10
0.166667 0.201192 0.012922 200 229 1000 1003 2 1000 1000 1000 10
0.166667 0.189142 0.013268 200 191 1000 914 2 1000 1000 1000 10
0.166667 0.199840 0.013053 200 218 1000 985 2 1000 1000 1000 10
0.166667 0.185050 0.012336 200 220 1000 1046 2 1000 1000 1000 10
0.166667 0.215346 0.013153 200 222 1000 971 2 1000 1000 1000 10
0.166667 0.199199 0.012845 200 212 1000 995 2 1000 1000 1000 10
0.166667 0.195446 0.012809 200 212 1000 996 2 1000 1000 1000 10
0.166667 0.190914 0.012549 200 207 1000 993 2 1000 1000 1000 10
0.166667 0.173298 0.012216 200 191 1000 1031 2 1000 1000 1000 10
0.166667 0.165170 0.012416 200 181 1000 998 2 1000 1000 1000 10
0.166667 0.177235 0.012304 200 196 1000 1012 2 1000 1000 1000 10
0.166667 0.193629 0.012720 200 211 1000 1028 2 1000 1000 1000 10
0.166667 0.199638 0.012842 200 210 1000 974 2 1000 1000 1000 10
0.166667 0.179819 0.012559 200 190 1000 962 2 1000 1000 1000 10
0.166667 0.172522 0.012354 200 185 1000 1010 2 1000 1000 1000 10
0.166667 0.169068 0.011992 200 185 1000 1006 2 1000 1000 1000 10
0.166667 0.190964 0.012682 200 214 1000 1023 2 1000 1000 1000 10
0.166667 0.175229 0.012436 200 194 1000 993 2 1000 1000 1000 10
0.166667 0.161559 0.011723 200 195 1000 1053 2 1000 1000 1000 10
0.166667 0.206160 0.013119 200 214 1000 977 2 1000 1000 1000 10
0.166667 0.172954 0.012268 200 194 1000 1013 2 1000 1000 1000 10
0.166667 0.165399 0.012228 200 185 1000 1002 2 1000 1000 1000 10
0.166667 0.198143 0.012752 200 213 1000 979 2 1000 1000 1000 10
0.166667 0.172186 0.012588 200 180 1000 983 2 1000 1000 1000 10
0.166667 0.168120 0.012337 200 188 1000 989 2 1000 1000 1000 10
0.166667 0.187062 0.012428 200 215 1000 1018 2 1000 1000 1000 10
0.166667 0.186748 0.012752 200 195 1000 975 2 1000 1000 1000 10
0.166667 0.196418 0.013281 200 198 1000 943 2 1000 1000 1000 10
0.166667 0.201711 0.012974 200 215 1000 977 2 1000 1000 1000 10
0.166667 0.189815 0.012427 200 202 1000 1028 2 1000 1000 1000 10
0.166667 0.207380 0.013171 200 216 1000 992 2 1000 1000 1000 10
0.166667 0.185568 0.012398 200 208 1000 1016 2 1000 1000 1000 10
0.166667 0.175174 0.012434 200 188 1000 1015 2 1000 1000 1000 10
0.166667 0.193053 0.012899 200 219 1000 997 2 1000 1000 1000 10
0.166667 0.180068 0.012649 200 197 1000 984 2 1000 1000 1000 10
0.166667 0.195938 0.012890 200 215 1000 977 2 1000 1000 1000 10
0.166667 0.164972 0.012157 200 189 1000 1047 2 1000 1000 1000 10
0.166667 0.165949 0.011863 200 183 1000 1055 2 1000 1000 1000 10
0.166667 0.207864 0.012804 200 233 1000 1016 2 1000 1000 1000 10
0.166667 0.179108 0.012392 200 203 1000 1000 2 1000 1000 1000 10
0.166667 0.207010 0.012957 200 227 1000 989 2 1000 1000 1000 10
0.166667 0.196980 0.013076 200 212 1000 938 2 1000 1000 1000 10
0.166667 0.195728 0.012446 200 229 1000 1038 2 1000 1000 1000 10
0.166667 0.186826 0.012614 200 199 1000 978 2 1000 1000 1000 10
0.166667 0.183004 0.012488 200 184 1000 1018 2 1000 1000 1000 10
0.166667 0.173630 0.012469 200 205 1000 1026 2 1000 1000 1000 10
0.166667 0.172901 0.012003 200 202 1000 1066 2 1000 1000 1000 10
0.166667 0.175933 0.012406 200 205 1000 1045 2 1000 1000 1000 10
0.166667 0.183857 0.012364 200 202 1000 1039 2 1000 1000 1000 10
0.166667 0.175019 0.012079 200 189 1000 1045 2 1000 1000 1000 10
0.166667 0.188228 0.012586 200 205 1000 987 2 1000 1000 1000 10
0.166667 0.177824 0.012521 200 201 1000 983 2 1000 1000 1000 10
0.166667 0.186562 0.012579 200 214 1000 1040 2 1000 1000 1000 10
0.166667 0.190374 0.012742 200 199 1000 984 2 1000 1000 1000 10
0.166667 0.176489 0.012153 200 202 1000 1030 2 1000 1000 1000 10
0.166667 0.192833 0.012321 200 214 1000 1023 2 1000 1000 1000 10
0.166667 0.153883 0.012052 200 165 1000 1020 2 1000 1000 1000 10
