0.166667 0.182932 0.014352 200 210 1000 941 1000 1000 0 2
0.166667 0.165094 0.013623 200 199 1000 1049 1000 1000 0 2
0.166667 0.140877 0.013391 200 184 1000 1015 1000 1000 0 2
0.166667 0.182358 0.014180 200 200 1000 984 1000 1000 0 2
0.166667 0.170154 0.013947 200 215 1000 992 1000 1000 0 2
0.166667 0.157945 0.013556 200 207 1000 1015 1000 1000 0 2
0.166667 0.167502 0.013751 200 214 1000 997 1000 1000 0 2
0.166667 0.145234 0.013195 200 199 1000 1045 1000 1000 0 2
0.166667 0.170438 0.014183 200 185 1000 970 1000 1000 0 2
0.166667 0.140863 0.013324 200 186 1000 1055 1000 1000 0 2
0.166667 0.123243 0.013585 200 193 1000 958 1000 1000 0 2
0.166667 0.171763 0.013764 200 185 1000 980 1000 1000 0 2
0.166667 0.192864 0.014532 200 200 1000 952 1000 1000 0 2
0.166667 0.143533 0.013268 200 188 1000 1053 1000 1000 0 2
0.166667 0.166145 0.013833 200 184 1000 979 1000 1000 0 2
0.166667 0.174693 0.014126 200 237 1000 993 1000 1000 0 2
0.166667 0.158120 0.013590 200 203 1000 1064 1000 1000 0 2
0.166667 0.159461 0.013919 200 193 1000 984 1000 1000 0 2
0.166667 0.180100 0.013957 200 227 1000 1000 1000 1000 0 2
0.166667 0.160911 0.013922 200 187 1000 1027 1000 1000 0 2
0.166667 0.177219 0.014528 200 212 1000 963 1000 1000 0 2
0.166667 0.175208 0.014537 200 202 1000 927 1000 1000 0 2
0.166667 0.165639 0.013983 200 202 1000 991 1000 1000 0 2
0.166667 0.159552 0.014014 200 187 1000 1035 1000 1000 0 2
0.166667 0.163193 0.013622 200 209 1000 1013 1000 1000 0 2
0.166667 0.190971 0.014482 200 218 1000 961 1000 1000 0 2
0.166667 0.148141 0.013620 200 198 1000 1032 1000 1000 0 2
0.166667 0.171170 0.013630 200 196 1000 1005 1000 1000 0 2
0.166667 0.157374 0.013995 200 198 1000 998 1000 1000 0 2
0.166667 0.157113 0.013558 200 214 1000 1019 1000 1000 0 2
0.166667 0.190318 0.014663 200 211 1000 948 1000 1000 0 2
0.166667 0.156732 0.013342 200 190 1000 1035 1000 1000 0 2
0.166667 0.134545 0.013450 200 178 1000 1031 1000 1000 0 2
0.166667 0.172105 0.014311 200 219 1000 991 1000 1000 0 2
0.166667 0.151636 0.013818 200 175 1000 1000 1000 1000 0 2
0.166667 0.127991 0.013228 200 185 1000 1027 1000 1000 0 2
0.166667 0.145650 0.013645 200 201 1000 993 1000 1000 0 2
0.166667 0.206837 0.014340 200 222 1000 1001 1000 1000 0 2
0.166667 0.168840 0.014194 200 190 1000 971 1000 1000 0 2
0.166667 0.172589 0.014012 200 223 1000 965 1000 1000 0 2
0.166667 0.165028 0.013390 200 208 1000 1046 1000 1000 0 2
0.166667 0.145588 0.013611 200 191 1000 989 1000 1000 0 2
0.166667 0.162179 0.013924 200 199 1000 970 1000 1000 0 2
0.166667 0.201064 0.014372 200 224 1000 1009 1000 1000 0 2
0.166667 0.183870 0.014656 200 186 1000 969 1000 1000 0 2
0.166667 0.139503 0.013298 200 191 1000 1018 1000 1000 0 2
0.166667 0.145219 0.014044 200 189 1000 1004 1000 1000 0 2
0.166667 0.176334 0.013747 200 213 1000 990 1000 1000 0 2
0.166667 0.164588 0.013348 200 209 1000 1074 1000 1000 0 2
0.166667 0.173212 0.014119 200 205 1000 1020 1000 1000 0 2
0.166667 0.162613 0.013984 200 176 1000 972 1000 1000 0 2
0.166667 0.160100 0.014442 200 184 1000 967 1000 1000 0 2
0.166667 0.189357 0.014210 200 201 1000 981 1000 1000 0 2
0.166667 0.146046 0.013562 200 173 1000 995 1000 1000 0 2
0.166667 0.152292 0.013960 200 193 1000 968 1000 1000 0 2
0.166667 0.159791 0.014291 200 191 1000 972 1000 1000 0 2
0.166667 0.152245 0.013599 200 210 1000 1030 1000 1000 0 2
0.166667 0.167740 0.013829 200 205 1000 1034 1000 1000 0 2
0.166667 0.156403 0.013595 200 182 1000 1001 1000 1000 0 2
0.166667 0.147668 0.013280 200 204 1000 1025 1000 1000 0 2
0.166667 0.163001 0.014398 200 186 1000 969 1000 1000 0 2
0.166667 0.172852 0.013886 200 208 1000 1010 1000 1000 0 2
0.166667 0.177984 0.013623 200 190 1000 1019 1000 1000 0 2
0.166667 0.179324 0.014108 200 207 1000 1007 1000 1000 0 2
0.166667 0.182559 0.013606 200 235 1000 983 1000 1000 0 2
0.166667 0.160633 0.014142 200 196 1000 988 1000 1000 0 2
0.166667 0.145882 0.013614 200 207 1000 961 1000 1000 0 2
0.166667 0.183957 0.014164 200 205 1000 986 1000 1000 0 2
0.166667 0.173497 0.013873 200 209 1000 996 1000 1000 0 2
0.166667 0.144776 0.013590 200 187 1000 996 1000 1000 0 2
0.166667 0.134016 0.013124 200 181 1000 1008 1000 1000 0 2
0.166667 0.180324 0.014440 200 219 1000 971 1000 1000 0 2
0.166667 0.166382 0.013858 200 217 1000 1004 1000 1000 0 2
0.166667 0.165872 0.013808 200 184 1000 1020 1000 1000 0 2
0.166667 0.154314 0.013709 200 187 1000 989 1000 1000 0 2
0.166667 0.175366 0.013934 200 205 1000 1031 1000 1000 0 2
0.166667 0.151533 0.013840 200 185 1000 1015 1000 1000 0 2
0.166667 0.135662 0.013061 200 179 1000 1028 1000 1000 0 2
0.166667 0.160100 0.013670 200 192 1000 993 1000 1000 0 2
0.166667 0.179096 0.014288 200 205 1000 997 1000 1000 0 2
0.166667 0.143512 0.013603 200 212 1000 1008 1000 1000 0 2
0.166667 0.187451 0.014257 200 210 1000 980 1000 1000 0 2
0.166667 0.192253 0.014584 200 201 1000 957 1000 1000 0 2
0.166667 0.182978 0.014303 200 203 1000 1014 1000 1000 0 2
0.166667 0.167369 0.014111 200 187 1000 992 1000 1000 0 2
0.166667 0.151914 0.013290 200 199 1000 1085 1000 1000 0 2
0.166667 0.162698 0.013888 200 218 1000 1023 1000 1000 0 2
0.166667 0.189595 0.013751 200 241 1000 1026 1000 1000 0 2
0.166667 0.158550 0.013333 200 197 1000 1049 1000 1000 0 2
0.166667 0.170208 0.013839 200 216 1000 1011 1000 1000 0 2
0.166667 0.169182 0.014250 200 222 1000 984 1000 1000 0 2
0.166667 0.190626 0.014743 200 221 1000 979 1000 1000 0 2
0.166667 0.171666 0.013721 200 225 1000 1033 1000 1000 0 2
0.166667 0.147069 0.013903 200 204 1000 1031 1000 1000 0 2
0.166667 0.155037 0.013536 200 180 1000 1041 1000 1000 0 2
0.166667 0.126347 0.012970 200 163 1000 1003 1000 1000 0 2
0.166667 0.162387 0.013902 200 188 1000 1023 1000 1000 0 2
0.166667 0.156493 0.013574 200 189 1000 988 1000 1000 0 2
0.166667 0.159414 0.013729 200 173 1000 999 1000 1000 0 2
0.166667 0.173007 0.014273 200 202 1000 989 1000 1000 0 2
0.166667 0.147549 0.013807 200 149 1000 966 1000 1000 0 2
0.166667 0.159670 0.013466 200 199 1000 1031 1000 1000 0 2
0.166667 0.149732 0.013667 200 187 1000 976 1000 1000 0 2
0.166667 0.146666 0.013487 200 178 1000 1007 1000 1000 0 2
0.166667 0.185397 0.014529 200 196 1000 964 1000 1000 0 2
0.166667 0.135091 0.013112 200 188 1000 1011 1000 1000 0 2
0.166667 0.182536 0.013914 200 219 1000 994 1000 1000 0 2
0.166667 0.173772 0.013873 200 192 1000 1007 1000 1000 0 2
0.166667 0.161285 0.014124 200 199 1000 981 1000 1000 0 2
0.166667 0.201255 0.014076 200 206 1000 1005 1000 1000 0 2
0.166667 0.170764 0.014037 200 223 1000 999 1000 1000 0 2
0.166667 0.124580 0.013043 200 166 1000 1046 1000 1000 0 2
0.166667 0.176436 0.014277 200 188 1000 974 1000 1000 0 2
0.166667 0.184605 0.014291 200 210 1000 991 1000 1000 0 2
0.166667 0.162769 0.013762 200 213 1000 1023 1000 1000 0 2
0.166667 0.178280 0.014346 200 226 1000 1019 1000 1000 0 2
0.166667 0.184987 0.014514 200 217 1000 987 1000 1000 0 2
0.166667 0.162979 0.013501 200 216 1000 1020 1000 1000 0 2
0.166667 0.164250 0.013787 200 183 1000 1009 1000 1000 0 2
0.166667 0.162610 0.014042 200 199 1000 981 1000 1000 0 2
0.166667 0.171566 0.014307 200 212 1000 974 1000 1000 0 2
0.166667 0.167709 0.013286 200 215 1000 1049 1000 1000 0 2
0.166667 0.163174 0.014295 200 201 1000 1000 1000 1000 0 2
0.166667 0.216380 0.014490 200 257 1000 961 1000 1000 0 2
0.166667 0.180584 0.014182 200 219 1000 985 1000 1000 0 2
0.166667 0.152252 0.013483 200 181 1000 1027 1000 1000 0 2
0.166667 0.132524 0.013560 200 192 1000 1026 1000 1000 0 2
0.166667 0.180332 0.014249 200 213 1000 971 1000 1000 0 2
0.166667 0.148487 0.013486 200 186 1000 1015 1000 1000 0 2
0.166667 0.173055 0.013662 200 215 1000 1058 1000 1000 0 2
0.166667 0.164443 0.014825 200 205 1000 945 1000 1000 0 2
0.166667 0.168627 0.014222 200 188 1000 1011 1000 1000 0 2
0.166667 0.183456 0.014189 200 215 1000 973 1000 1000 0 2
0.166667 0.165445 0.013620 200 194 1000 1007 1000 1000 0 2
0.166667 0.144945 0.013128 200 210 1000 1044 1000 1000 0 2
0.166667 0.156396 0.014097 200 192 1000 1005 1000 1000 0 2
0.166667 0.157172 0.013792 200 198 1000 970 1000 1000 0 2
0.166667 0.164230 0.014182 200 203 1000 1003 1000 1000 0 2
0.166667 0.145058 0.013368 200 215 1000 1067 1000 1000 0 2
0.166667 0.174713 0.014220 200 195 1000 1007 1000 1000 0 2
0.166667 0.162125 0.013582 200 225 1000 1032 1000 1000 0 2
0.166667 0.157125 0.013757 200 167 1000 985 1000 1000 0 2
0.166667 0.172804 0.013878 200 218 1000 1006 1000 1000 0 2
0.166667 0.173140 0.014112 200 214 1000 1021 1000 1000 0 2
0.166667 0.170292 0.013947 200 202 1000 1008 1000 1000 0 2
0.166667 0.158501 0.013758 200 210 1000 1001 1000 1000 0 2
0.166667 0.180986 0.014567 200 195 1000 949 1000 1000 0 2
0.166667 0.160887 0.014216 200 201 1000 923 1000 1000 0 2
0.166667 0.158593 0.013998 200 205 1000 979 1000 1000 0 2
0.166667 0.183475 0.013903 200 189 1000 949 1000 1000 0 2
0.166667 0.149666 0.013166 200 198 1000 1034 1000 1000 0 2
0.166667 0.183825 0.014557 200 208 1000 951 1000 1000 0 2
0.166667 0.149847 0.013666 200 178 1000 1032 1000 1000 0 2
0.166667 0.136913 0.014215 200 199 1000 949 1000 1000 0 2
0.166667 0.158594 0.013845 200 197 1000 964 1000 1000 0 2
0.166667 0.169597 0.013778 200 189 1000 997 1000 1000 0 2
0.166667 0.166941 0.014202 200 214 1000 961 1000 1000 0 2
0.166667 0.179264 0.014904 200 215 1000 915 1000 1000 0 2
0.166667 0.190384 0.013895 200 214 1000 1003 1000 1000 0 2
0.166667 0.159796 0.014141 200 190 1000 994 1000 1000 0 2
0.166667 0.151313 0.013716 200 186 1000 1044 1000 1000 0 2
0.166667 0.147630 0.013929 200 206 1000 1019 1000 1000 0 2
0.166667 0.141134 0.013250 200 180 1000 1027 1000 1000 0 2
0.166667 0.163388 0.013997 200 203 1000 974 1000 1000 0 2
0.166667 0.170053 0.013978 200 213 1000 993 1000 1000 0 2
0.166667 0.164977 0.014115 200 195 1000 976 1000 1000 0 2
0.166667 0.166001 0.013760 200 217 1000 1026 1000 1000 0 2
0.166667 0.165645 0.014112 200 189 1000 1002 1000 1000 0 2
0.166667 0.158199 0.013972 200 193 1000 971 1000 1000 0 2
0.166667 0.159949 0.013572 200 187 1000 1044 1000 1000 0 2
0.166667 0.170346 0.013680 200 204 1000 1000 1000 1000 0 2
0.166667 0.152631 0.013422 200 203 1000 1015 1000 1000 0 2
0.166667 0.138096 0.013790 200 180 1000 993 1000 1000 0 2
0.166667 0.149696 0.013556 200 196 1000 1002 1000 1000 0 2
0.166667 0.158007 0.014002 200 204 1000 949 1000 1000 0 2
0.166667 0.158276 0.013655 200 198 1000 1012 1000 1000 0 2
0.166667 0.179802 0.014480 200 191 1000 989 1000 1000 0 2
0.166667 0.190245 0.014624 200 226 1000 1014 1000 1000 0 2
0.166667 0.173203 0.013621 200 214 1000 1031 1000 1000 0 2
0.166667 0.157320 0.013405 200 219 1000 1039 1000 1000 0 2
0.166667 0.164149 0.014308 200 198 1000 959 1000 1000 0 2
0.166667 0.181271 0.014305 200 209 1000 997 1000 1000 0 2
0.166667 0.163860 0.014085 200 202 1000 1001 1000 1000 0 2
0.166667 0.187208 0.014589 200 208 1000 937 1000 1000 0 2
0.166667 0.145805 0.013552 200 182 1000 1048 1000 1000 0 2
0.166667 0.149532 0.014126 200 177 1000 990 1000 1000 0 2
0.166667 0.182157 0.013399 200 231 1000 1076 1000 1000 0 2
0.166667 0.147066 0.013237 200 187 1000 1074 1000 1000 0 2
0.166667 0.179796 0.014200 200 215 1000 987 1000 1000 0 2
0.166667 0.160381 0.013820 200 194 1000 1030 1000 1000 0 2
0.166667 0.192509 0.014666 200 202 1000 978 1000 1000 0 2
0.166667 0.149933 0.013209 200 202 1000 1027 1000 1000 0 2
0.166667 0.162114 0.013910 200 198 1000 999 1000 1000 0 2
0.166667 0.151722 0.013922 200 202 1000 994 1000 1000 0 2
0.166667 0.199103 0.014494 200 195 1000 965 1000 1000 0 2
0.166667 0.166125 0.013754 200 196 1000 996 1000 1000 0 2
0.166667 0.177179 0.013913 200 214 1000 1019 1000 1000 0 2
0.166667 0.168627 0.014048 200 198 1000 966 1000 1000 0 2
0.166667 0.195611 0.014345 200 224 1000 973 1000 1000 0 2
0.166667 0.179657 0.014371 200 197 1000 995 1000 1000 0 2
0.166667 0.156923 0.013845 200 193 1000 994 1000 1000 0 2
0.166667 0.174811 0.013997 200 188 1000 1020 1000 1000 0 2
0.166667 0.165738 0.013627 200 214 1000 1035 1000 1000 0 2
0.166667 0.153405 0.014123 200 195 1000 963 1000 1000 0 2
0.166667 0.162689 0.013783 200 206 1000 1012 1000 1000 0 2
0.166667 0.160990 0.014115 200 208 1000 986 1000 1000 0 2
0.166667 0.185163 0.014164 200 207 1000 1012 1000 1000 0 2
0.166667 0.160188 0.014128 200 193 1000 967 1000 1000 0 2
0.166667 0.153652 0.013752 200 202 1000 966 1000 1000 0 2
0.166667 0.168883 0.013585 200 203 1000 997 1000 1000 0 2
0.166667 0.144785 0.013832 200 176 1000 996 1000 1000 0 2
0.166667 0.158866 0.013833 200 214 1000 1008 1000 1000 0 2
0.166667 0.197288 0.014783 200 231 1000 989 1000 1000 0 2
0.166667 0.186990 0.013724 200 220 1000 1000 1000 1000 0 2
0.166667 0.167713 0.014003 200 204 1000 1007 1000 1000 0 2
0.166667 0.152698 0.013565 200 194 1000 1028 1000 1000 0 2
0.166667 0.198211 0.014037 200 221 1000 1028 1000 1000 0 2
0.166667 0.171753 0.013940 200 240 1000 1012 1000 1000 0 2
0.166667 0.148797 0.013277 200 178 1000 1050 1000 1000 0 2
0.166667 0.149079 0.014015 200 196 1000 994 1000 1000 0 2
0.166667 0.179467 0.014292 200 218 1000 989 1000 1000 0 2
0.166667 0.170764 0.014079 200 208 1000 985 1000 1000 0 2
0.166667 0.157733 0.013632 200 212 1000 1029 1000 1000 0 2
0.166667 0.166729 0.013588 200 190 1000 997 1000 1000 0 2
0.166667 0.193631 0.014380 200 212 1000 993 1000 1000 0 2
0.166667 0.163061 0.014022 200 183 1000 992 1000 1000 0 2
0.166667 0.174269 0.013741 200 203 1000 1035 1000 1000 0 2
0.166667 0.177048 0.014242 200 211 1000 976 1000 1000 0 2
0.166667 0.167405 0.013662 200 203 1000 996 1000 1000 0 2
0.166667 0.173278 0.013692 200 218 1000 1066 1000 1000 0 2
0.166667 0.144620 0.013590 200 184 1000 1020 1000 1000 0 2
0.166667 0.157727 0.014071 200 198 1000 963 1000 1000 0 2
0.166667 0.144720 0.013369 200 187 1000 1025 1000 1000 0 2
0.166667 0.190648 0.013772 200 209 1000 1028 1000 1000 0 2
0.166667 0.154389 0.013466 200 200 1000 1050 1000 1000 0 2
0.166667 0.184083 0.014214 200 201 1000 985 1000 1000 0 2
0.166667 0.157459 0.013803 200 197 1000 1005 1000 1000 0 2
0.166667 0.149025 0.013888 200 179 1000 972 1000 1000 0 2
0.166667 0.161377 0.013664 200 199 1000 1057 1000 1000 0 2
0.166667 0.160775 0.013131 200 202 1000 1081 1000 1000 0 2
0.166667 0.133592 0.013206 200 209 1000 1020 1000 1000 0 2
0.166667 0.163223 0.013477 200 190 1000 1016 1000 1000 0 2
0.166667 0.179082 0.014419 200 206 1000 948 1000 1000 0 2
0.166667 0.181761 0.014069 200 215 1000 1049 1000 1000 0 2
0.166667 0.154717 0.013894 200 199 1000 999 1000 1000 0 2
0.166667 0.150991 0.013568 200 212 1000 1026 1000 1000 0 2
0.166667 0.121697 0.012890 200 174 1000 1047 1000 1000 0 2
0.166667 0.164044 0.013889 200 185 1000 990 1000 1000 0 2
0.166667 0.161397 0.013715 200 186 1000 1014 1000 1000 0 2
0.166667 0.164998 0.014125 200 191 1000 990 1000 1000 0 2
0.166667 0.164246 0.013900 200 198 1000 997 1000 1000 0 2
0.166667 0.178104 0.013877 200 200 1000 1040 1000 1000 0 2
0.166667 0.162702 0.014234 200 203 1000 975 1000 1000 0 2
0.166667 0.153118 0.013591 200 191 1000 1019 1000 1000 0 2
0.166667 0.178529 0.014112 200 201 1000 1004 1000 1000 0 2
0.166667 0.166104 0.013939 200 201 1000 1039 1000 1000 0 2
0.166667 0.165625 0.013779 200 173 1000 1009 1000 1000 0 2
0.166667 0.186193 0.014852 200 208 1000 939 1000 1000 0 2
0.166667 0.150278 0.014088 200 209 1000 966 1000 1000 0 2
0.166667 0.174369 0.014025 200 200 1000 979 1000 1000 0 2
0.166667 0.167041 0.014160 200 213 1000 998 1000 1000 0 2
0.166667 0.166670 0.014133 200 195 1000 961 1000 1000 0 2
0.166667 0.168778 0.013879 200 205 1000 1005 1000 1000 0 2
0.166667 0.134349 0.013409 200 190 1000 1040 1000 1000 0 2
0.166667 0.173550 0.014304 200 205 1000 994 1000 1000 0 2
0.166667 0.149694 0.014005 200 204 1000 991 1000 1000 0 2
0.166667 0.168390 0.013705 200 207 1000 1048 1000 1000 0 2
0.166667 0.159262 0.014081 200 206 1000 975 1000 1000 0 2
0.166667 0.170317 0.013610 200 218 1000 1042 1000 1000 0 2
0.166667 0.158978 0.014479 200 190 1000 970 1000 1000 0 2
0.166667 0.182186 0.014087 200 209 1000 966 1000 1000 0 2
0.166667 0.164570 0.013651 200 197 1000 1032 1000 1000 0 2
0.166667 0.155449 0.013841 200 198 1000 1016 1000 1000 0 2
0.166667 0.147357 0.013393 200 176 1000 1007 1000 1000 0 2
0.166667 0.162364 0.013451 200 198 1000 1016 1000 1000 0 2
0.166667 0.162497 0.013540 200 224 1000 1047 1000 1000 0 2
0.166667 0.161913 0.013899 200 193 1000 980 1000 1000 0 2
0.166667 0.192322 0.014137 200 212 1000 1020 1000 1000 0 2
0.166667 0.167972 0.013817 200 214 1000 1044 1000 1000 0 2
0.166667 0.163177 0.014081 200 218 1000 954 1000 1000 0 2
0.166667 0.148873 0.013824 200 192 1000 975 1000 1000 0 2
0.166667 0.152071 0.014177 200 184 1000 1003 1000 1000 0 2
0.166667 0.177756 0.014443 200 205 1000 946 1000 1000 0 2
0.166667 0.130590 0.012851 200 209 1000 1065 1000 1000 0 2
0.166667 0.164047 0.014144 200 225 1000 1026 1000 1000 0 2
0.166667 0.158171 0.013391 200 171 1000 1047 1000 1000 0 2
0.166667 0.147252 0.013969 200 192 1000 956 1000 1000 0 2
0.166667 0.168954 0.013838 200 192 1000 1006 1000 1000 0 2
0.166667 0.196690 0.013841 200 219 1000 1007 1000 1000 0 2
0.166667 0.142289 0.013872 200 208 1000 1028 1000 1000 0 2
0.166667 0.155129 0.013838 200 218 1000 997 1000 1000 0 2
0.166667 0.173885 0.014188 200 186 1000 993 1000 1000 0 2
0.166667 0.151777 0.013950 200 201 1000 1003 1000 1000 0 2
0.166667 0.181227 0.014082 200 207 1000 1000 1000 1000 0 2
0.166667 0.152000 0.013985 200 193 1000 994 1000 1000 0 2
0.166667 0.166729 0.014145 200 197 1000 987 1000 1000 0 2
0.166667 0.170789 0.014076 200 213 1000 968 1000 1000 0 2
0.166667 0.172810 0.014376 200 215 1000 964 1000 1000 0 2
0.166667 0.190571 0.014213 200 212 1000 1000 1000 1000 0 2
0.166667 0.173439 0.014188 200 204 1000 955 1000 1000 0 2
0.166667 0.150615 0.013285 200 209 1000 1055 1000 1000 0 2
0.166667 0.153246 0.013611 200 191 1000 1011 1000 1000 0 2
0.166667 0.161426 0.013911 200 198 1000 977 1000 1000 0 2
0.166667 0.173519 0.014119 200 188 1000 992 1000 1000 0 2
0.166667 0.168708 0.014131 200 197 1000 1031 1000 1000 0 2
0.166667 0.144411 0.013568 200 200 1000 1031 1000 1000 0 2
0.166667 0.170462 0.013897 200 191 1000 992 1000 1000 0 2
0.166667 0.172347 0.013517 200 228 1000 1090 1000 1000 0 2
0.166667 0.194536 0.013706 200 233 1000 1048 1000 1000 0 2
0.166667 0.190410 0.014261 200 210 1000 953 1000 1000 0 2
0.166667 0.131975 0.013090 200 187 1000 1035 1000 1000 0 2
0.166667 0.157396 0.013456 200 181 1000 1048 1000 1000 0 2
0.166667 0.171045 0.013757 200 205 1000 996 1000 1000 0 2
0.166667 0.164171 0.013531 200 205 1000 1043 1000 1000 0 2
0.166667 0.181154 0.014422 200 214 1000 964 1000 1000 0 2
0.166667 0.166477 0.013644 200 187 1000 1033 1000 1000 0 2
0.166667 0.165251 0.013742 200 195 1000 1014 1000 1000 0 2
0.166667 0.130904 0.013419 200 194 1000 1010 1000 1000 0 2
0.166667 0.147817 0.013587 200 193 1000 1006 1000 1000 0 2
0.166667 0.178873 0.014043 200 204 1000 1018 1000 1000 0 2
0.166667 0.149386 0.013901 200 188 1000 977 1000 1000 0 2
0.166667 0.152323 0.013831 200 230 1000 984 1000 1000 0 2
0.166667 0.157558 0.013770 200 203 1000 1031 1000 1000 0 2
0.166667 0.188069 0.014864 200 218 1000 913 1000 1000 0 2
0.166667 0.166087 0.013979 200 207 1000 989 1000 1000 0 2
0.166667 0.152894 0.013774 200 203 1000 1020 1000 1000 0 2
0.166667 0.145265 0.013671 200 184 1000 1003 1000 1000 0 2
0.166667 0.177699 0.014160 200 201 1000 992 1000 1000 0 2
0.166667 0.168464 0.013965 200 211 1000 983 1000 1000 0 2
0.166667 0.170432 0.013838 200 195 1000 981 1000 1000 0 2
0.166667 0.171184 0.014253 200 211 1000 965 1000 1000 0 2
0.166667 0.165468 0.014086 200 194 1000 968 1000 1000 0 2
0.166667 0.145263 0.013556 200 201 1000 976 1000 1000 0 2
0.166667 0.161038 0.014039 200 199 1000 997 1000 1000 0 2
0.166667 0.156092 0.013676 200 199 1000 1031 1000 1000 0 2
0.166667 0.161555 0.014269 200 211 1000 983 1000 1000 0 2
0.166667 0.152780 0.013958 200 188 1000 966 1000 1000 0 2
0.166667 0.184013 0.014497 200 228 1000 996 1000 1000 0 2
0.166667 0.186746 0.014228 200 197 1000 962 1000 1000 0 2
0.166667 0.157401 0.014869 200 193 1000 896 1000 1000 0 2
0.166667 0.163561 0.014119 200 194 1000 987 1000 1000 0 2
0.166667 0.174819 0.013717 200 222 1000 1036 1000 1000 0 2
0.166667 0.159821 0.013681 200 203 1000 1011 1000 1000 0 2
0.166667 0.169701 0.013490 200 213 1000 1048 1000 1000 0 2
0.166667 0.164091 0.014210 200 202 1000 989 1000 1000 0 2
0.166667 0.166900 0.014491 200 200 1000 965 1000 1000 0 2
0.166667 0.148108 0.013245 200 209 1000 1050 1000 1000 0 2
0.166667 0.175763 0.013947 200 208 1000 982 1000 1000 0 2
0.166667 0.153051 0.014121 200 175 1000 954 1000 1000 0 2
0.166667 0.178399 0.014310 200 209 1000 1017 1000 1000 0 2
0.166667 0.145141 0.013253 200 185 1000 1013 1000 1000 0 2
0.166667 0.140170 0.013316 200 197 1000 1033 1000 1000 0 2
0.166667 0.196614 0.014660 200 225 1000 976 1000 1000 0 2
0.166667 0.157287 0.013754 200 192 1000 1025 1000 1000 0 2
0.166667 0.127736 0.013394 200 179 1000 1023 1000 1000 0 2
0.166667 0.144276 0.013429 200 190 1000 1048 1000 1000 0 2
0.166667 0.177327 0.013717 200 207 1000 1017 1000 1000 0 2
0.166667 0.147450 0.014093 200 188 1000 940 1000 1000 0 2
0.166667 0.165631 0.014435 200 199 1000 993 1000 1000 0 2
0.166667 0.145560 0.013497 200 204 1000 1033 1000 1000 0 2
0.166667 0.177613 0.014893 200 213 1000 940 1000 1000 0 2
0.166667 0.166237 0.014124 200 190 1000 985 1000 1000 0 2
0.166667 0.152648 0.013960 200 192 1000 997 1000 1000 0 2
0.166667 0.164836 0.014170 200 181 1000 963 1000 1000 0 2
0.166667 0.171535 0.014086 200 191 1000 999 1000 1000 0 2
0.166667 0.171800 0.014352 200 195 1000 1008 1000 1000 0 2
0.166667 0.148740 0.013146 200 185 1000 1019 1000 1000 0 2
0.166667 0.153406 0.013137 200 210 1000 1051 1000 1000 0 2
0.166667 0.159478 0.013814 200 192 1000 980 1000 1000 0 2
0.166667 0.161430 0.013679 200 187 1000 1031 1000 1000 0 2
0.166667 0.136991 0.013303 200 168 1000 1034 1000 1000 0 2
0.166667 0.181315 0.014034 200 219 1000 1034 1000 1000 0 2
0.166667 0.177207 0.014118 200 198 1000 997 1000 1000 0 2
0.166667 0.183109 0.013985 200 208 1000 1018 1000 1000 0 2
0.166667 0.154830 0.013030 200 196 1000 1036 1000 1000 0 2
0.166667 0.155452 0.014218 200 188 1000 944 1000 1000 0 2
0.166667 0.172191 0.014286 200 198 1000 957 1000 1000 0 2
0.166667 0.180436 0.014268 200 220 1000 1015 1000 1000 0 2
0.166667 0.178009 0.014483 200 218 1000 961 1000 1000 0 2
0.166667 0.205636 0.014752 200 193 1000 945 1000 1000 0 2
0.166667 0.140684 0.013553 200 207 1000 1037 1000 1000 0 2
0.166667 0.135352 0.013108 200 173 1000 1018 1000 1000 0 2
0.166667 0.155050 0.013461 200 218 1000 1059 1000 1000 0 2
0.166667 0.187412 0.014589 200 209 1000 1002 1000 1000 0 2
0.166667 0.181653 0.014196 200 187 1000 947 1000 1000 0 2
0.166667 0.161088 0.013605 200 200 1000 1011 1000 1000 0 2
0.166667 0.184731 0.014485 200 201 1000 963 1000 1000 0 2
0.166667 0.157306 0.013624 200 194 1000 1007 1000 1000 0 2
0.166667 0.162377 0.013839 200 226 1000 1017 1000 1000 0 2
0.166667 0.143362 0.014002 200 192 1000 991 1000 1000 0 2
0.166667 0.189536 0.014662 200 216 1000 971 1000 1000 0 2
0.166667 0.172547 0.013859 200 213 1000 1021 1000 1000 0 2
0.166667 0.162488 0.013815 200 202 1000 1017 1000 1000 0 2
0.166667 0.147940 0.013616 200 221 1000 1009 1000 1000 0 2
0.166667 0.163915 0.013670 200 206 1000 1015 1000 1000 0 2
0.166667 0.152923 0.013867 200 156 1000 1005 1000 1000 0 2
0.166667 0.152571 0.013520 200 189 1000 1009 1000 1000 0 2
0.166667 0.179588 0.014278 200 210 1000 976 1000 1000 0 2
0.166667 0.170973 0.013951 200 239 1000 1034 1000 1000 0 2
0.166667 0.171398 0.013859 200 200 1000 988 1000 1000 0 2
0.166667 0.164058 0.013581 200 208 1000 1043 1000 1000 0 2
0.166667 0.169974 0.014134 200 212 1000 970 1000 1000 0 2
0.166667 0.185688 0.013681 200 192 1000 1058 1000 1000 0 2
0.166667 0.143547 0.013353 200 221 1000 1056 1000 1000 0 2
0.166667 0.133951 0.013695 200 183 1000 1004 1000 1000 0 2
0.166667 0.164327 0.014132 200 214 1000 990 1000 1000 0 2
0.166667 0.150015 0.013844 200 192 1000 945 1000 1000 0 2
0.166667 0.157755 0.013369 200 184 1000 1069 1000 1000 0 2
0.166667 0.197004 0.015354 200 206 1000 906 1000 1000 0 2
0.166667 0.185165 0.014515 200 207 1000 1002 1000 1000 0 2
0.166667 0.150601 0.013649 200 194 1000 1003 1000 1000 0 2
0.166667 0.173498 0.014149 200 213 1000 977 1000 1000 0 2
0.166667 0.163325 0.014086 200 197 1000 1031 1000 1000 0 2
0.166667 0.130062 0.013645 200 203 1000 971 1000 1000 0 2
0.166667 0.180940 0.014322 200 210 1000 1001 1000 1000 0 2
0.166667 0.184910 0.013937 200 205 1000 1004 1000 1000 0 2
0.166667 0.182582 0.014612 200 206 1000 950 1000 1000 0 2
0.166667 0.167982 0.014476 200 191 1000 949 1000 1000 0 2
0.166667 0.199358 0.014279 200 225 1000 963 1000 1000 0 2
0.166667 0.160832 0.013713 200 203 1000 1053 1000 1000 0 2
0.166667 0.172195 0.013969 200 199 1000 989 1000 1000 0 2
0.166667 0.147606 0.013709 200 205 1000 1006 1000 1000 0 2
0.166667 0.184219 0.014236 200 205 1000 940 1000 1000 0 2
0.166667 0.170142 0.013845 200 193 1000 997 1000 1000 0 2
0.166667 0.171012 0.013888 200 180 1000 1010 1000 1000 0 2
0.166667 0.136311 0.013358 200 211 1000 1008 1000 1000 0 2
0.166667 0.193213 0.014460 200 225 1000 1005 1000 1000 0 2
0.166667 0.134830 0.013071 200 195 1000 1056 1000 1000 0 2
0.166667 0.170151 0.014622 200 196 1000 959 1000 1000 0 2
0.166667 0.141119 0.013008 200 190 1000 1050 1000 1000 0 2
0.166667 0.139815 0.013179 200 190 1000 1026 1000 1000 0 2
0.166667 0.178973 0.014138 200 222 1000 1001 1000 1000 0 2
0.166667 0.169553 0.014434 200 186 1000 969 1000 1000 0 2
0.166667 0.143850 0.013363 200 175 1000 1025 1000 1000 0 2
0.166667 0.153527 0.013187 200 191 1000 1099 1000 1000 0 2
0.166667 0.174137 0.014140 200 207 1000 1009 1000 1000 0 2
0.166667 0.157562 0.013741 200 194 1000 1012 1000 1000 0 2
0.166667 0.153305 0.013601 200 210 1000 1012 1000 1000 0 2
0.166667 0.143487 0.013441 200 190 1000 1035 1000 1000 0 2
0.166667 0.158577 0.013926 200 193 1000 1033 1000 1000 0 2
0.166667 0.167147 0.013562 200 195 1000 1059 1000 1000 0 2
0.166667 0.144027 0.013538 200 173 1000 971 1000 1000 0 2
0.166667 0.162201 0.014248 200 181 1000 951 1000 1000 0 2
0.166667 0.143200 0.013602 200 195 1000 1010 1000 1000 0 2
0.166667 0.161474 0.014152 200 204 1000 992 1000 1000 0 2
0.166667 0.163756 0.013706 200 203 1000 1042 1000 1000 0 2
0.166667 0.143393 0.013421 200 183 1000 1019 1000 1000 0 2
0.166667 0.168118 0.014045 200 200 1000 1008 1000 1000 0 2
0.166667 0.173198 0.013816 200 199 1000 994 1000 1000 0 2
0.166667 0.161678 0.013819 200 187 1000 1052 1000 1000 0 2
0.166667 0.149261 0.013765 200 173 1000 990 1000 1000 0 2
0.166667 0.174182 0.014050 200 219 1000 983 1000 1000 0 2
0.166667 0.159021 0.013774 200 193 1000 1014 1000 1000 0 2
0.166667 0.155791 0.013067 200 195 1000 1058 1000 1000 0 2
0.166667 0.162957 0.013665 200 203 1000 1028 1000 1000 0 2
0.166667 0.168393 0.013662 200 202 1000 1009 1000 1000 0 2
0.166667 0.183573 0.014040 200 205 1000 990 1000 1000 0 2
0.166667 0.176745 0.014096 200 210 1000 1005 1000 1000 0 2
0.166667 0.185507 0.013702 200 225 1000 1061 1000 1000 0 2
0.166667 0.151987 0.014248 200 194 1000 962 1000 1000 0 2
0.166667 0.132394 0.013061 200 199 1000 1038 1000 1000 0 2
0.166667 0.166326 0.014039 200 200 1000 971 1000 1000 0 2
0.166667 0.152089 0.014001 200 195 1000 1002 1000 1000 0 2
0.166667 0.154899 0.013659 200 228 1000 1034 1000 1000 0 2
0.166667 0.161526 0.014002 200 202 1000 998 1000 1000 0 2
0.166667 0.167226 0.014144 200 197 1000 999 1000 1000 0 2
0.166667 0.177859 0.013481 200 203 1000 1082 1000 1000 0 2
0.166667 0.197578 0.014578 200 193 1000 994 1000 1000 0 2
0.166667 0.188839 0.013785 200 250 1000 1025 1000 1000 0 2
0.166667 0.184189 0.014765 200 228 1000 927 1000 1000 0 2
0.166667 0.166492 0.013787 200 217 1000 1026 1000 1000 0 2
0.166667 0.145063 0.013731 200 180 1000 979 1000 1000 0 2
0.166667 0.147551 0.013833 200 218 1000 1025 1000 1000 0 2
0.166667 0.166158 0.014349 200 189 1000 986 1000 1000 0 2
0.166667 0.168509 0.013946 200 182 1000 1006 1000 1000 0 2
0.166667 0.188741 0.013903 200 215 1000 1000 1000 1000 0 2
0.166667 0.140046 0.013139 200 192 1000 1045 1000 1000 0 2
0.166667 0.168433 0.013993 200 178 1000 951 1000 1000 0 2
0.166667 0.154205 0.013764 200 175 1000 1018 1000 1000 0 2
0.166667 0.162182 0.014667 200 209 1000 919 1000 1000 0 2
0.166667 0.178110 0.014732 200 209 1000 946 1000 1000 0 2
0.166667 0.145828 0.013667 200 204 1000 965 1000 1000 0 2
0.166667 0.171935 0.014480 200 179 1000 936 1000 1000 0 2
0.166667 0.163677 0.013393 200 202 1000 1054 1000 1000 0 2
0.166667 0.152205 0.013352 200 201 1000 1031 1000 1000 0 2
0.166667 0.155539 0.013121 200 189 1000 1092 1000 1000 0 2
0.166667 0.188886 0.014028 200 197 1000 1002 1000 1000 0 2
0.166667 0.154061 0.013498 200 206 1000 1004 1000 1000 0 2
0.166667 0.159844 0.014146 200 193 1000 992 1000 1000 0 2
0.166667 0.180362 0.014638 200 220 1000 1010 1000 1000 0 2
0.166667 0.148711 0.013899 200 193 1000 1006 1000 1000 0 2
0.166667 0.167063 0.014883 200 209 1000 964 1000 1000 0 2
0.166667 0.156563 0.013601 200 195 1000 1013 1000 1000 0 2
0.166667 0.155224 0.013842 200 198 1000 949 1000 1000 0 2
0.166667 0.183443 0.014440 200 212 1000 949 1000 1000 0 2
0.166667 0.160941 0.013643 200 189 1000 1063 1000 1000 0 2
0.166667 0.159497 0.013510 200 198 1000 1015 1000 1000 0 2
0.166667 0.188448 0.014535 200 201 1000 1013 1000 1000 0 2
0.166667 0.199918 0.015119 200 230 1000 909 1000 1000 0 2
0.166667 0.188597 0.014336 200 215 1000 1001 1000 1000 0 2
0.166667 0.156928 0.013481 200 194 1000 999 1000 1000 0 2
0.166667 0.127744 0.013204 200 176 1000 1010 1000 1000 0 2
0.166667 0.183446 0.014315 200 207 1000 1030 1000 1000 0 2
0.166667 0.154077 0.013842 200 220 1000 991 1000 1000 0 2
0.166667 0.149699 0.013745 200 184 1000 971 1000 1000 0 2
0.166667 0.168736 0.014091 200 209 1000 972 1000 1000 0 2
0.166667 0.144050 0.013241 200 206 1000 1049 1000 1000 0 2
0.166667 0.163606 0.013957 200 187 1000 971 1000 1000 0 2
0.166667 0.172368 0.014406 200 211 1000 960 1000 1000 0 2
0.166667 0.161422 0.013770 200 196 1000 1038 1000 1000 0 2
0.166667 0.179449 0.014300 200 203 1000 1003 1000 1000 0 2
0.166667 0.176146 0.014218 200 207 1000 1004 1000 1000 0 2
0.166667 0.179560 0.013931 200 198 1000 989 1000 1000 0 2
0.166667 0.167551 0.013951 200 202 1000 996 1000 1000 0 2
0.166667 0.155977 0.013881 200 192 1000 1003 1000 1000 0 2
0.166667 0.140097 0.013584 200 192 1000 1027 1000 1000 0 2
0.166667 0.162665 0.013638 200 198 1000 1043 1000 1000 0 2
0.166667 0.160051 0.013509 200 194 1000 1019 1000 1000 0 2
0.166667 0.192251 0.014652 200 218 1000 945 1000 1000 0 2
0.166667 0.144410 0.013362 200 205 1000 1055 1000 1000 0 2
0.166667 0.157349 0.013524 200 206 1000 1026 1000 1000 0 2
0.166667 0.154112 0.014003 200 192 1000 986 1000 1000 0 2
0.166667 0.156683 0.014005 200 177 1000 943 1000 1000 0 2
0.166667 0.147749 0.013989 200 197 1000 957 1000 1000 0 2
0.166667 0.206883 0.014395 200 212 1000 1014 1000 1000 0 2
0.166667 0.168191 0.013687 200 192 1000 1024 1000 1000 0 2
0.166667 0.158356 0.014552 200 189 1000 932 1000 1000 0 2
0.166667 0.171775 0.014070 200 198 1000 1014 1000 1000 0 2
0.166667 0.156516 0.014053 200 198 1000 1012 1000 1000 0 2
0.166667 0.151703 0.013433 200 187 1000 1048 1000 1000 0 2
0.166667 0.173005 0.014529 200 197 1000 959 1000 1000 0 2
0.166667 0.143309 0.013681 200 212 1000 1019 1000 1000 0 2
0.166667 0.153732 0.013296 200 181 1000 1028 1000 1000 0 2
0.166667 0.168542 0.014249 200 207 1000 941 1000 1000 0 2
0.166667 0.157628 0.013560 200 208 1000 1013 1000 1000 0 2
0.166667 0.163092 0.013961 200 209 1000 983 1000 1000 0 2
0.166667 0.141402 0.013389 200 200 1000 1027 1000 1000 0 2
0.166667 0.166753 0.014253 200 199 1000 964 1000 1000 0 2
0.166667 0.190679 0.014174 200 212 1000 967 1000 1000 0 2
0.166667 0.149364 0.013441 200 191 1000 1044 1000 1000 0 2
0.166667 0.157844 0.013688 200 195 1000 1016 1000 1000 0 2
0.166667 0.152355 0.013921 200 214 1000 991 1000 1000 0 2
0.166667 0.153046 0.013849 200 214 1000 998 1000 1000 0 2
0.166667 0.179332 0.014835 200 191 1000 920 1000 1000 0 2
0.166667 0.150387 0.013659 200 211 1000 989 1000 1000 0 2
0.166667 0.166060 0.014211 200 195 1000 970 1000 1000 0 2
0.166667 0.168511 0.014085 200 211 1000 1004 1000 1000 0 2
0.166667 0.177951 0.013920 200 216 1000 986 1000 1000 0 2
0.166667 0.180834 0.014444 200 215 1000 995 1000 1000 0 2
0.166667 0.206198 0.014391 200 224 1000 972 1000 1000 0 2
0.166667 0.167555 0.013827 200 207 1000 1027 1000 1000 0 2
0.166667 0.179580 0.014071 200 223 1000 968 1000 1000 0 2
0.166667 0.125826 0.013709 200 190 1000 990 1000 1000 0 2
0.166667 0.142641 0.013118 200 201 1000 1087 1000 1000 0 2
0.166667 0.143590 0.013558 200 182 1000 1004 1000 1000 0 2
0.166667 0.134411 0.013340 200 177 1000 1029 1000 1000 0 2
0.166667 0.185992 0.013864 200 219 1000 1014 1000 1000 0 2
0.166667 0.170057 0.013744 200 211 1000 1024 1000 1000 0 2
0.166667 0.163398 0.014060 200 188 1000 980 1000 1000 0 2
0.166667 0.150805 0.013813 200 201 1000 1006 1000 1000 0 2
0.166667 0.180594 0.014355 200 218 1000 964 1000 1000 0 2
0.166667 0.141018 0.013527 200 195 1000 1008 1000 1000 0 2
0.166667 0.169760 0.014332 200 206 1000 995 1000 1000 0 2
0.166667 0.164579 0.013796 200 197 1000 1043 1000 1000 0 2
0.166667 0.172194 0.014173 200 185 1000 977 1000 1000 0 2
0.166667 0.168302 0.013676 200 214 1000 1024 1000 1000 0 2
0.166667 0.168965 0.014052 200 200 1000 988 1000 1000 0 2
0.166667 0.163653 0.013764 200 199 1000 997 1000 1000 0 2
0.166667 0.166042 0.013799 200 205 1000 960 1000 1000 0 2
0.166667 0.167208 0.014181 200 200 1000 992 1000 1000 0 2
0.166667 0.162327 0.013627 200 193 1000 998 1000 1000 0 2
0.166667 0.154511 0.013939 200 203 1000 978 1000 1000 0 2
0.166667 0.168005 0.014000 200 201 1000 950 1000 1000 0 2
0.166667 0.147069 0.013667 200 189 1000 984 1000 1000 0 2
0.166667 0.179646 0.014268 200 206 1000 963 1000 1000 0 2
0.166667 0.174485 0.013978 200 176 1000 983 1000 1000 0 2
0.166667 0.193512 0.014433 200 212 1000 954 1000 1000 0 2
0.166667 0.172559 0.014060 200 211 1000 963 1000 1000 0 2
0.166667 0.150676 0.013268 200 208 1000 1039 1000 1000 0 2
0.166667 0.138558 0.013849 200 188 1000 1019 1000 1000 0 2
0.166667 0.175304 0.014775 200 197 1000 934 1000 1000 0 2
0.166667 0.180528 0.013971 200 207 1000 1001 1000 1000 0 2
0.166667 0.139426 0.013251 200 173 1000 1032 1000 1000 0 2
0.166667 0.179511 0.014080 200 217 1000 1036 1000 1000 0 2
0.166667 0.162597 0.014075 200 209 1000 1040 1000 1000 0 2
0.166667 0.159666 0.013816 200 184 1000 983 1000 1000 0 2
0.166667 0.149550 0.013522 200 190 1000 1008 1000 1000 0 2
0.166667 0.152157 0.013113 200 191 1000 1054 1000 1000 0 2
0.166667 0.146116 0.013810 200 173 1000 1021 1000 1000 0 2
0.166667 0.185187 0.014353 200 212 1000 991 1000 1000 0 2
0.166667 0.169052 0.014175 200 199 1000 975 1000 1000 0 2
0.166667 0.181467 0.014196 200 237 1000 1018 1000 1000 0 2
0.166667 0.153257 0.013701 200 197 1000 1013 1000 1000 0 2
0.166667 0.196998 0.014643 200 234 1000 955 1000 1000 0 2
0.166667 0.143847 0.013516 200 207 1000 1021 1000 1000 0 2
0.166667 0.155138 0.013375 200 209 1000 1054 1000 1000 0 2
0.166667 0.171378 0.013450 200 192 1000 1053 1000 1000 0 2
0.166667 0.205578 0.014372 200 231 1000 971 1000 1000 0 2
0.166667 0.166604 0.013868 200 213 1000 995 1000 1000 0 2
0.166667 0.165017 0.014062 200 185 1000 1002 1000 1000 0 2
0.166667 0.173135 0.013784 200 213 1000 992 1000 1000 0 2
0.166667 0.139998 0.013182 200 189 1000 1043 1000 1000 0 2
0.166667 0.160410 0.014196 200 193 1000 953 1000 1000 0 2
0.166667 0.143730 0.013733 200 182 1000 1005 1000 1000 0 2
0.166667 0.169826 0.014111 200 211 1000 1040 1000 1000 0 2
0.166667 0.157452 0.013740 200 194 1000 998 1000 1000 0 2
0.166667 0.162055 0.013687 200 207 1000 1065 1000 1000 0 2
0.166667 0.163639 0.013704 200 199 1000 1009 1000 1000 0 2
0.166667 0.162957 0.013903 200 204 1000 1002 1000 1000 0 2
0.166667 0.180190 0.013840 200 213 1000 1026 1000 1000 0 2
0.166667 0.136515 0.013871 200 183 1000 1017 1000 1000 0 2
0.166667 0.179065 0.014159 200 222 1000 1015 1000 1000 0 2
0.166667 0.181110 0.014134 200 227 1000 969 1000 1000 0 2
0.166667 0.159261 0.013925 200 208 1000 1018 1000 1000 0 2
0.166667 0.149653 0.013418 200 173 1000 1023 1000 1000 0 2
0.166667 0.177653 0.014056 200 188 1000 988 1000 1000 0 2
0.166667 0.170146 0.013925 200 191 1000 975 1000 1000 0 2
0.166667 0.168443 0.014169 200 208 1000 1005 1000 1000 0 2
0.166667 0.156610 0.013712 200 181 1000 1034 1000 1000 0 2
0.166667 0.136952 0.013446 200 186 1000 1033 1000 1000 0 2
0.166667 0.191984 0.014321 200 217 1000 1021 1000 1000 0 2
0.166667 0.172170 0.014224 200 200 1000 977 1000 1000 0 2
0.166667 0.150525 0.013512 200 200 1000 974 1000 1000 0 2
0.166667 0.170982 0.014312 200 229 1000 954 1000 1000 0 2
0.166667 0.171370 0.014402 200 220 1000 978 1000 1000 0 2
0.166667 0.172853 0.013510 200 211 1000 1035 1000 1000 0 2
0.166667 0.153742 0.013707 200 206 1000 1003 1000 1000 0 2
0.166667 0.134726 0.013678 200 185 1000 1002 1000 1000 0 2
0.166667 0.162401 0.013684 200 203 1000 1010 1000 1000 0 2
0.166667 0.184025 0.014469 200 197 1000 977 1000 1000 0 2
0.166667 0.166609 0.014030 200 204 1000 1020 1000 1000 0 2
0.166667 0.159343 0.014097 200 210 1000 960 1000 1000 0 2
0.166667 0.147378 0.013502 200 186 1000 1002 1000 1000 0 2
0.166667 0.159639 0.014380 200 202 1000 939 1000 1000 0 2
0.166667 0.146571 0.013687 200 192 1000 987 1000 1000 0 2
0.166667 0.182720 0.013993 200 195 1000 1035 1000 1000 0 2
0.166667 0.161607 0.013742 200 185 1000 1042 1000 1000 0 2
0.166667 0.142963 0.013389 200 193 1000 1040 1000 1000 0 2
0.166667 0.161840 0.014008 200 199 1000 1007 1000 1000 0 2
0.166667 0.174098 0.014027 200 209 1000 1005 1000 1000 0 2
0.166667 0.167544 0.014449 200 193 1000 958 1000 1000 0 2
0.166667 0.184954 0.014638 200 213 1000 973 1000 1000 0 2
0.166667 0.152358 0.013263 200 200 1000 1027 1000 1000 0 2
0.166667 0.145832 0.013604 200 175 1000 1019 1000 1000 0 2
0.166667 0.182470 0.014687 200 215 1000 962 1000 1000 0 2
0.166667 0.169477 0.014373 200 205 1000 979 1000 1000 0 2
0.166667 0.143690 0.013674 200 200 1000 992 1000 1000 0 2
0.166667 0.203891 0.014464 200 237 1000 1019 1000 1000 0 2
0.166667 0.165003 0.014296 200 198 1000 954 1000 1000 0 2
0.166667 0.170543 0.014107 200 200 1000 998 1000 1000 0 2
0.166667 0.159177 0.013876 200 199 1000 1017 1000 1000 0 2
0.166667 0.167268 0.013963 200 194 1000 971 1000 1000 0 2
0.166667 0.146614 0.013790 200 184 1000 965 1000 1000 0 2
0.166667 0.164459 0.013699 200 229 1000 1023 1000 1000 0 2
0.166667 0.132778 0.013155 200 190 1000 1053 1000 1000 0 2
0.166667 0.182234 0.014142 200 229 1000 997 1000 1000 0 2
0.166667 0.141605 0.013559 200 188 1000 1017 1000 1000 0 2
0.166667 0.156142 0.014274 200 195 1000 939 1000 1000 0 2
0.166667 0.165122 0.013658 200 190 1000 1028 1000 1000 0 2
0.166667 0.171075 0.014197 200 211 1000 1040 1000 1000 0 2
0.166667 0.170456 0.014340 200 195 1000 973 1000 1000 0 2
0.166667 0.171872 0.014570 200 203 1000 943 1000 1000 0 2
0.166667 0.167983 0.014028 200 195 1000 1017 1000 1000 0 2
0.166667 0.173065 0.013927 200 208 1000 1017 1000 1000 0 2
0.166667 0.170888 0.013847 200 190 1000 972 1000 1000 0 2
0.166667 0.151527 0.013489 200 206 1000 1016 1000 1000 0 2
0.166667 0.180204 0.014411 200 206 1000 946 1000 1000 0 2
0.166667 0.170471 0.014287 200 216 1000 999 1000 1000 0 2
0.166667 0.135947 0.013367 200 192 1000 1019 1000 1000 0 2
0.166667 0.164929 0.013728 200 203 1000 1002 1000 1000 0 2
0.166667 0.176084 0.014043 200 221 1000 1003 1000 1000 0 2
0.166667 0.162934 0.014552 200 204 1000 955 1000 1000 0 2
0.166667 0.167789 0.013965 200 210 1000 997 1000 1000 0 2
0.166667 0.171502 0.013618 200 187 1000 1024 1000 1000 0 2
0.166667 0.145764 0.013655 200 201 1000 1010 1000 1000 0 2
0.166667 0.196851 0.014542 200 228 1000 960 1000 1000 0 2
0.166667 0.174820 0.014176 200 217 1000 957 1000 1000 0 2
0.166667 0.162684 0.014062 200 202 1000 972 1000 1000 0 2
0.166667 0.145403 0.013336 200 193 1000 1034 1000 1000 0 2
0.166667 0.159243 0.014041 200 200 1000 1001 1000 1000 0 2
0.166667 0.148831 0.013306 200 191 1000 1025 1000 1000 0 2
0.166667 0.146846 0.013777 200 196 1000 1032 1000 1000 0 2
0.166667 0.176180 0.014203 200 197 1000 988 1000 1000 0 2
0.166667 0.165859 0.013978 200 194 1000 981 1000 1000 0 2
0.166667 0.128236 0.013231 200 173 1000 1009 1000 1000 0 2
0.166667 0.165022 0.014053 200 229 1000 1030 1000 1000 0 2
0.166667 0.156516 0.013861 200 193 1000 984 1000 1000 0 2
0.166667 0.141866 0.013703 200 193 1000 1013 1000 1000 0 2
0.166667 0.190728 0.013905 200 219 1000 1009 1000 1000 0 2
0.166667 0.178279 0.014240 200 196 1000 978 1000 1000 0 2
0.166667 0.135848 0.013348 200 199 1000 1024 1000 1000 0 2
0.166667 0.173786 0.014228 200 206 1000 981 1000 1000 0 2
0.166667 0.166897 0.014283 200 184 1000 1020 1000 1000 0 2
0.166667 0.149068 0.013774 200 190 1000 1012 1000 1000 0 2
0.166667 0.165500 0.013970 200 188 1000 1010 1000 1000 0 2
0.166667 0.200181 0.014455 200 222 1000 973 1000 1000 0 2
0.166667 0.154304 0.013434 200 209 1000 1005 1000 1000 0 2
0.166667 0.186282 0.014524 200 207 1000 967 1000 1000 0 2
0.166667 0.169898 0.014490 200 220 1000 959 1000 1000 0 2
0.166667 0.164458 0.013772 200 205 1000 990 1000 1000 0 2
0.166667 0.159812 0.013918 200 188 1000 986 1000 1000 0 2
0.166667 0.159716 0.014403 200 213 1000 1008 1000 1000 0 2
0.166667 0.167307 0.013787 200 202 1000 1034 1000 1000 0 2
0.166667 0.167811 0.013887 200 214 1000 1030 1000 1000 0 2
0.166667 0.182224 0.014124 200 195 1000 984 1000 1000 0 2
0.166667 0.186618 0.014655 200 199 1000 956 1000 1000 0 2
0.166667 0.154064 0.013554 200 196 1000 1023 1000 1000 0 2
0.166667 0.151146 0.013701 200 191 1000 1038 1000 1000 0 2
0.166667 0.186090 0.014212 200 219 1000 1017 1000 1000 0 2
0.166667 0.162588 0.013828 200 200 1000 1041 1000 1000 0 2
0.166667 0.180568 0.014068 200 205 1000 1028 1000 1000 0 2
0.166667 0.192207 0.014190 200 229 1000 967 1000 1000 0 2
0.166667 0.137407 0.014055 200 194 1000 971 1000 1000 0 2
0.166667 0.138815 0.013463 200 192 1000 1017 1000 1000 0 2
0.166667 0.159807 0.014770 200 196 1000 934 1000 1000 0 2
0.166667 0.178814 0.014618 200 196 1000 937 1000 1000 0 2
0.166667 0.164631 0.014254 200 215 1000 979 1000 1000 0 2
0.166667 0.145330 0.013208 200 206 1000 1063 1000 1000 0 2
0.166667 0.176820 0.013905 200 214 1000 1006 1000 1000 0 2
0.166667 0.188017 0.014007 200 210 1000 1039 1000 1000 0 2
0.166667 0.171971 0.013689 200 206 1000 1026 1000 1000 0 2
0.166667 0.173401 0.014335 200 218 1000 997 1000 1000 0 2
0.166667 0.161237 0.014343 200 202 1000 945 1000 1000 0 2
0.166667 0.171733 0.013617 200 196 1000 1034 1000 1000 0 2
0.166667 0.158486 0.013840 200 205 1000 1010 1000 1000 0 2
0.166667 0.182964 0.014455 200 207 1000 970 1000 1000 0 2
0.166667 0.180916 0.014048 200 210 1000 943 1000 1000 0 2
0.166667 0.172236 0.013850 200 190 1000 998 1000 1000 0 2
0.166667 0.150813 0.013306 200 166 1000 1002 1000 1000 0 2
0.166667 0.164651 0.013632 200 187 1000 1000 1000 1000 0 2
0.166667 0.158610 0.013829 200 206 1000 989 1000 1000 0 2
0.166667 0.171863 0.013642 200 215 1000 1042 1000 1000 0 2
0.166667 0.142228 0.013312 200 188 1000 1008 1000 1000 0 2
0.166667 0.121408 0.013398 200 196 1000 1002 1000 1000 0 2
0.166667 0.166434 0.013614 200 216 1000 1024 1000 1000 0 2
0.166667 0.127826 0.013048 200 178 1000 1034 1000 1000 0 2
0.166667 0.154510 0.013619 200 209 1000 1005 1000 1000 0 2
0.166667 0.135286 0.013406 200 179 1000 961 1000 1000 0 2
0.166667 0.146814 0.013595 200 182 1000 996 1000 1000 0 2
0.166667 0.157905 0.013860 200 183 1000 977 1000 1000 0 2
0.166667 0.164224 0.013684 200 202 1000 1031 1000 1000 0 2
0.166667 0.171417 0.013791 200 202 1000 1010 1000 1000 0 2
0.166667 0.164649 0.014635 200 216 1000 957 1000 1000 0 2
0.166667 0.150201 0.013640 200 192 1000 1017 1000 1000 0 2
0.166667 0.187652 0.014070 200 213 1000 1016 1000 1000 0 2
0.166667 0.149714 0.013820 200 197 1000 1025 1000 1000 0 2
0.166667 0.146949 0.013413 200 186 1000 1039 1000 1000 0 2
0.166667 0.135603 0.013641 200 183 1000 1013 1000 1000 0 2
0.166667 0.181411 0.013897 200 213 1000 1014 1000 1000 0 2
0.166667 0.130053 0.013422 200 194 1000 997 1000 1000 0 2
0.166667 0.143457 0.013561 200 208 1000 1025 1000 1000 0 2
0.166667 0.162602 0.013991 200 190 1000 996 1000 1000 0 2
0.166667 0.168105 0.014286 200 184 1000 951 1000 1000 0 2
0.166667 0.178186 0.014046 200 235 1000 1001 1000 1000 0 2
0.166667 0.183469 0.014558 200 208 1000 955 1000 1000 0 2
0.166667 0.194430 0.014608 200 218 1000 972 1000 1000 0 2
0.166667 0.151616 0.013957 200 188 1000 1005 1000 1000 0 2
0.166667 0.140440 0.013229 200 178 1000 1044 1000 1000 0 2
0.166667 0.161655 0.013282 200 203 1000 1013 1000 1000 0 2
0.166667 0.156039 0.013648 200 208 1000 1007 1000 1000 0 2
0.166667 0.157629 0.014258 200 205 1000 926 1000 1000 0 2
0.166667 0.158909 0.014026 200 202 1000 1016 1000 1000 0 2
0.166667 0.140854 0.013310 200 197 1000 1005 1000 1000 0 2
0.166667 0.178453 0.014731 200 206 1000 984 1000 1000 0 2
0.166667 0.174789 0.014159 200 197 1000 1001 1000 1000 0 2
0.166667 0.158718 0.013994 200 209 1000 1031 1000 1000 0 2
0.166667 0.186383 0.014293 200 220 1000 999 1000 1000 0 2
0.166667 0.136901 0.013368 200 192 1000 1030 1000 1000 0 2
0.166667 0.161960 0.013802 200 222 1000 998 1000 1000 0 2
0.166667 0.174519 0.013863 200 221 1000 972 1000 1000 0 2
0.166667 0.165480 0.013798 200 218 1000 1043 1000 1000 0 2
0.166667 0.149341 0.013993 200 167 1000 970 1000 1000 0 2
0.166667 0.151939 0.013766 200 179 1000 969 1000 1000 0 2
0.166667 0.141050 0.013360 200 189 1000 1040 1000 1000 0 2
0.166667 0.147684 0.013669 200 197 1000 1016 1000 1000 0 2
0.166667 0.190667 0.014268 200 209 1000 1033 1000 1000 0 2
0.166667 0.157635 0.013394 200 205 1000 1010 1000 1000 0 2
0.166667 0.148393 0.013804 200 201 1000 1013 1000 1000 0 2
0.166667 0.181929 0.014176 200 219 1000 1010 1000 1000 0 2
0.166667 0.180909 0.014260 200 190 1000 977 1000 1000 0 2
0.166667 0.184572 0.014356 200 198 1000 985 1000 1000 0 2
0.166667 0.181253 0.014094 200 176 1000 995 1000 1000 0 2
0.166667 0.161618 0.014064 200 202 1000 1005 1000 1000 0 2
0.166667 0.177698 0.014531 200 203 1000 970 1000 1000 0 2
0.166667 0.185438 0.014386 200 209 1000 991 1000 1000 0 2
0.166667 0.138787 0.013174 200 173 1000 1030 1000 1000 0 2
0.166667 0.177577 0.014367 200 218 1000 991 1000 1000 0 2
0.166667 0.148208 0.013780 200 173 1000 993 1000 1000 0 2
0.166667 0.163453 0.014000 200 217 1000 972 1000 1000 0 2
0.166667 0.161318 0.013954 200 196 1000 972 1000 1000 0 2
0.166667 0.162189 0.013924 200 189 1000 952 1000 1000 0 2
0.166667 0.181233 0.014497 200 215 1000 989 1000 1000 0 2
0.166667 0.156342 0.014065 200 179 1000 992 1000 1000 0 2
0.166667 0.154421 0.013721 200 202 1000 1037 1000 1000 0 2
0.166667 0.175958 0.013985 200 213 1000 973 1000 1000 0 2
0.166667 0.159776 0.013443 200 188 1000 1083 1000 1000 0 2
0.166667 0.132706 0.013304 200 187 1000 1024 1000 1000 0 2
0.166667 0.148547 0.013522 200 210 1000 1038 1000 1000 0 2
0.166667 0.147601 0.013805 200 210 1000 981 1000 1000 0 2
0.166667 0.166791 0.014287 200 189 1000 967 1000 1000 0 2
0.166667 0.175678 0.014136 200 201 1000 1012 1000 1000 0 2
0.166667 0.190152 0.014338 200 211 1000 978 1000 1000 0 2
0.166667 0.171828 0.014191 200 212 1000 1000 1000 1000 0 2
0.166667 0.153637 0.013437 200 215 1000 1012 1000 1000 0 2
0.166667 0.160540 0.014038 200 207 1000 990 1000 1000 0 2
0.166667 0.166069 0.013701 200 199 1000 1027 1000 1000 0 2
0.166667 0.137211 0.013660 200 187 1000 996 1000 1000 0 2
0.166667 0.172994 0.014211 200 204 1000 985 1000 1000 0 2
0.166667 0.182259 0.014105 200 215 1000 1057 1000 1000 0 2
0.166667 0.197040 0.014316 200 236 1000 1014 1000 1000 0 2
0.166667 0.171165 0.013820 200 186 1000 1007 1000 1000 0 2
0.166667 0.153279 0.013514 200 213 1000 1038 1000 1000 0 2
0.166667 0.141054 0.013735 200 173 1000 983 1000 1000 0 2
0.166667 0.156327 0.013718 200 205 1000 1013 1000 1000 0 2
0.166667 0.167500 0.014541 200 211 1000 948 1000 1000 0 2
0.166667 0.185775 0.014194 200 208 1000 1021 1000 1000 0 2
0.166667 0.160769 0.014268 200 220 1000 969 1000 1000 0 2
0.166667 0.143978 0.013184 200 173 1000 1032 1000 1000 0 2
0.166667 0.174388 0.014223 200 215 1000 998 1000 1000 0 2
0.166667 0.183067 0.013907 200 226 1000 1042 1000 1000 0 2
0.166667 0.133184 0.013585 200 171 1000 952 1000 1000 0 2
0.166667 0.188235 0.014585 200 218 1000 966 1000 1000 0 2
0.166667 0.146814 0.013785 200 217 1000 975 1000 1000 0 2
0.166667 0.174979 0.014187 200 215 1000 992 1000 1000 0 2
0.166667 0.170264 0.014101 200 206 1000 982 1000 1000 0 2
0.166667 0.157624 0.014015 200 176 1000 954 1000 1000 0 2
0.166667 0.152554 0.014006 200 206 1000 936 1000 1000 0 2
0.166667 0.161099 0.013337 200 203 1000 1021 1000 1000 0 2
0.166667 0.148938 0.013636 200 191 1000 1013 1000 1000 0 2
0.166667 0.155877 0.013429 200 203 1000 1024 1000 1000 0 2
0.166667 0.168548 0.013687 200 195 1000 1005 1000 1000 0 2
0.166667 0.161758 0.014310 200 178 1000 995 1000 1000 0 2
0.166667 0.138659 0.013201 200 165 1000 1009 1000 1000 0 2
0.166667 0.163119 0.013751 200 196 1000 1002 1000 1000 0 2
0.166667 0.172229 0.013894 200 208 1000 1025 1000 1000 0 2
0.166667 0.136634 0.013221 200 172 1000 1059 1000 1000 0 2
0.166667 0.168996 0.013699 200 208 1000 1036 1000 1000 0 2
0.166667 0.180034 0.014043 200 220 1000 1008 1000 1000 0 2
0.166667 0.161952 0.014342 200 203 1000 979 1000 1000 0 2
0.166667 0.159801 0.013532 200 185 1000 1025 1000 1000 0 2
0.166667 0.163859 0.013439 200 202 1000 1060 1000 1000 0 2
0.166667 0.174051 0.014520 200 194 1000 966 1000 1000 0 2
0.166667 0.163501 0.013837 200 201 1000 1002 1000 1000 0 2
0.166667 0.155417 0.013437 200 192 1000 1020 1000 1000 0 2
0.166667 0.143634 0.013507 200 192 1000 1036 1000 1000 0 2
0.166667 0.154598 0.014074 200 185 1000 982 1000 1000 0 2
0.166667 0.147939 0.013421 200 200 1000 989 1000 1000 0 2
0.166667 0.187457 0.014157 200 200 1000 1016 1000 1000 0 2
0.166667 0.166374 0.013655 200 214 1000 1023 1000 1000 0 2
0.166667 0.174731 0.014236 200 205 1000 959 1000 1000 0 2
0.166667 0.148982 0.013852 200 198 1000 974 1000 1000 0 2
0.166667 0.166900 0.014125 200 192 1000 1007 1000 1000 0 2
0.166667 0.173104 0.013966 200 219 1000 982 1000 1000 0 2
0.166667 0.164692 0.013728 200 197 1000 986 1000 1000 0 2
0.166667 0.161419 0.014011 200 214 1000 981 1000 1000 0 2
0.166667 0.154171 0.013449 200 186 1000 1034 1000 1000 0 2
0.166667 0.178632 0.014183 200 198 1000 961 1000 1000 0 2
0.166667 0.160509 0.013763 200 217 1000 1015 1000 1000 0 2
0.166667 0.164960 0.013997 200 200 1000 961 1000 1000 0 2
0.166667 0.139827 0.013375 200 202 1000 1017 1000 1000 0 2
0.166667 0.164228 0.014078 200 198 1000 975 1000 1000 0 2
0.166667 0.133947 0.013261 200 190 1000 994 1000 1000 0 2
0.166667 0.178149 0.014121 200 212 1000 1024 1000 1000 0 2
0.166667 0.150939 0.013811 200 189 1000 1008 1000 1000 0 2
0.166667 0.161545 0.013579 200 216 1000 1028 1000 1000 0 2
0.166667 0.160202 0.013662 200 181 1000 1025 1000 1000 0 2
0.166667 0.155496 0.014356 200 213 1000 963 1000 1000 0 2
0.166667 0.193263 0.014142 200 210 1000 997 1000 1000 0 2
0.166667 0.152397 0.013885 200 189 1000 942 1000 1000 0 2
0.166667 0.162917 0.014392 200 209 1000 1002 1000 1000 0 2
0.166667 0.164987 0.013842 200 192 1000 1021 1000 1000 0 2
0.166667 0.173501 0.014049 200 209 1000 987 1000 1000 0 2
0.166667 0.174283 0.014062 200 179 1000 1021 1000 1000 0 2
0.166667 0.195060 0.014887 200 208 1000 976 1000 1000 0 2
0.166667 0.170909 0.014247 200 198 1000 994 1000 1000 0 2
0.166667 0.197903 0.015007 200 219 1000 976 1000 1000 0 2
0.166667 0.148821 0.013642 200 207 1000 1022 1000 1000 0 2
0.166667 0.163342 0.013222 200 213 1000 1020 1000 1000 0 2
0.166667 0.166313 0.014283 200 213 1000 981 1000 1000 0 2
0.166667 0.178503 0.014046 200 214 1000 1017 1000 1000 0 2
0.166667 0.151198 0.013472 200 199 1000 1039 1000 1000 0 2
0.166667 0.174173 0.014356 200 196 1000 1021 1000 1000 0 2
0.166667 0.177159 0.014135 200 215 1000 1006 1000 1000 0 2
0.166667 0.161609 0.013411 200 207 1000 1034 1000 1000 0 2
0.166667 0.156582 0.013466 200 177 1000 1013 1000 1000 0 2
0.166667 0.214606 0.014208 200 237 1000 1022 1000 1000 0 2
0.166667 0.178627 0.014102 200 205 1000 965 1000 1000 0 2
0.166667 0.154386 0.013975 200 207 1000 998 1000 1000 0 2
0.166667 0.159124 0.013982 200 201 1000 989 1000 1000 0 2
0.166667 0.154727 0.013431 200 180 1000 1036 1000 1000 0 2
0.166667 0.139503 0.013687 200 189 1000 999 1000 1000 0 2
0.166667 0.182233 0.014411 200 193 1000 989 1000 1000 0 2
0.166667 0.180182 0.014765 200 216 1000 920 1000 1000 0 2
0.166667 0.160472 0.013889 200 212 1000 1001 1000 1000 0 2
0.166667 0.184506 0.014013 200 213 1000 988 1000 1000 0 2
0.166667 0.156464 0.014332 200 209 1000 958 1000 1000 0 2
0.166667 0.174820 0.014220 200 215 1000 975 1000 1000 0 2
0.166667 0.158357 0.014345 200 205 1000 1002 1000 1000 0 2
0.166667 0.171264 0.014234 200 189 1000 983 1000 1000 0 2
0.166667 0.158516 0.013488 200 179 1000 1016 1000 1000 0 2
0.166667 0.157401 0.013589 200 200 1000 1050 1000 1000 0 2
0.166667 0.168138 0.014117 200 198 1000 973 1000 1000 0 2
0.166667 0.182599 0.014287 200 198 1000 1018 1000 1000 0 2
0.166667 0.168976 0.014216 200 188 1000 1009 1000 1000 0 2
0.166667 0.182020 0.014925 200 180 1000 949 1000 1000 0 2
0.166667 0.154117 0.013594 200 192 1000 1006 1000 1000 0 2
0.166667 0.163278 0.013871 200 210 1000 1003 1000 1000 0 2
0.166667 0.153563 0.013332 200 207 1000 1036 1000 1000 0 2
0.166667 0.156735 0.013644 200 215 1000 1019 1000 1000 0 2
0.166667 0.177678 0.013756 200 200 1000 1000 1000 1000 0 2
0.166667 0.162292 0.013972 200 205 1000 988 1000 1000 0 2
0.166667 0.176815 0.013905 200 211 1000 995 1000 1000 0 2
0.166667 0.153985 0.014036 200 214 1000 1012 1000 1000 0 2
0.166667 0.145240 0.013760 200 187 1000 1020 1000 1000 0 2
0.166667 0.152797 0.013865 200 211 1000 978 1000 1000 0 2
0.166667 0.148144 0.014128 200 207 1000 1007 1000 1000 0 2
0.166667 0.167483 0.013739 200 198 1000 1044 1000 1000 0 2
0.166667 0.166974 0.013461 200 221 1000 1088 1000 1000 0 2
0.166667 0.160756 0.013524 200 215 1000 1051 1000 1000 0 2
0.166667 0.131990 0.013552 200 195 1000 993 1000 1000 0 2
0.166667 0.171078 0.014004 200 211 1000 1014 1000 1000 0 2
0.166667 0.173651 0.013972 200 217 1000 981 1000 1000 0 2
0.166667 0.178422 0.014295 200 195 1000 1006 1000 1000 0 2
0.166667 0.164117 0.013463 200 209 1000 1036 1000 1000 0 2
0.166667 0.179576 0.013730 200 219 1000 1009 1000 1000 0 2
0.166667 0.153089 0.013438 200 202 1000 991 1000 1000 0 2
0.166667 0.161389 0.013906 200 197 1000 1009 1000 1000 0 2
0.166667 0.154770 0.014025 200 187 1000 975 1000 1000 0 2
0.166667 0.179888 0.014197 200 206 1000 991 1000 1000 0 2
0.166667 0.155503 0.014034 200 186 1000 979 1000 1000 0 2
0.166667 0.170309 0.014211 200 193 1000 988 1000 1000 0 2
0.166667 0.162282 0.013872 200 185 1000 999 1000 1000 0 2
0.166667 0.158049 0.014179 200 194 1000 963 1000 1000 0 2
0.166667 0.156911 0.013637 200 179 1000 1027 1000 1000 0 2
0.166667 0.145392 0.013186 200 184 1000 1024 1000 1000 0 2
0.166667 0.155701 0.013435 200 201 1000 1035 1000 1000 0 2
0.166667 0.160243 0.013934 200 206 1000 989 1000 1000 0 2
0.166667 0.172165 0.014278 200 226 1000 971 1000 1000 0 2
0.166667 0.172183 0.014619 200 193 1000 965 1000 1000 0 2
0.166667 0.166709 0.014454 200 185 1000 968 1000 1000 0 2
0.166667 0.137250 0.014009 200 198 1000 997 1000 1000 0 2
0.166667 0.192768 0.014125 200 212 1000 1022 1000 1000 0 2
0.166667 0.144817 0.013781 200 196 1000 1026 1000 1000 0 2
0.166667 0.170521 0.014342 200 215 1000 993 1000 1000 0 2
0.166667 0.181711 0.014142 200 210 1000 996 1000 1000 0 2
0.166667 0.160403 0.014003 200 185 1000 999 1000 1000 0 2
0.166667 0.200273 0.014526 200 232 1000 965 1000 1000 0 2
0.166667 0.164414 0.013523 200 204 1000 1053 1000 1000 0 2
0.166667 0.171345 0.014032 200 208 1000 1000 1000 1000 0 2
0.166667 0.189954 0.014496 200 198 1000 980 1000 1000 0 2
0.166667 0.157966 0.014097 200 190 1000 990 1000 1000 0 2
0.166667 0.150935 0.013785 200 204 1000 1033 1000 1000 0 2
0.166667 0.160576 0.013882 200 215 1000 1030 1000 1000 0 2
0.166667 0.178201 0.013743 200 202 1000 1017 1000 1000 0 2
0.166667 0.153376 0.013660 200 198 1000 991 1000 1000 0 2
0.166667 0.165813 0.014232 200 210 1000 987 1000 1000 0 2
0.166667 0.188808 0.014775 200 188 1000 962 1000 1000 0 2
0.166667 0.191693 0.014591 200 202 1000 945 1000 1000 0 2
0.166667 0.188317 0.014684 200 198 1000 941 1000 1000 0 2
0.166667 0.182679 0.014283 200 201 1000 1012 1000 1000 0 2
0.166667 0.155147 0.013069 200 190 1000 1033 1000 1000 0 2
0.166667 0.161644 0.013523 200 201 1000 989 1000 1000 0 2
0.166667 0.165606 0.013669 200 202 1000 1018 1000 1000 0 2
0.166667 0.172072 0.014131 200 197 1000 996 1000 1000 0 2
0.166667 0.166060 0.014075 200 215 1000 993 1000 1000 0 2
0.166667 0.161735 0.014155 200 176 1000 945 1000 1000 0 2
0.166667 0.163757 0.014009 200 196 1000 942 1000 1000 0 2
0.166667 0.147193 0.014173 200 194 1000 924 1000 1000 0 2
0.166667 0.150391 0.013456 200 224 1000 984 1000 1000 0 2
0.166667 0.151355 0.013747 200 212 1000 1033 1000 1000 0 2
0.166667 0.183743 0.014396 200 218 1000 977 1000 1000 0 2
0.166667 0.159083 0.014088 200 187 1000 935 1000 1000 0 2
0.166667 0.155820 0.013247 200 204 1000 1043 1000 1000 0 2
0.166667 0.154411 0.013706 200 175 1000 998 1000 1000 0 2
0.166667 0.163756 0.013980 200 204 1000 988 1000 1000 0 2
0.166667 0.176134 0.014795 200 196 1000 924 1000 1000 0 2
0.166667 0.183458 0.014213 200 190 1000 976 1000 1000 0 2
0.166667 0.186334 0.014263 200 202 1000 1029 1000 1000 0 2
0.166667 0.165973 0.013915 200 214 1000 982 1000 1000 0 2
0.166667 0.151641 0.013347 200 207 1000 1082 1000 1000 0 2
0.166667 0.147214 0.013798 200 186 1000 973 1000 1000 0 2
0.166667 0.165203 0.013368 200 211 1000 1095 1000 1000 0 2
0.166667 0.172952 0.014469 200 211 1000 928 1000 1000 0 2
0.166667 0.173397 0.014120 200 183 1000 1012 1000 1000 0 2
0.166667 0.183416 0.014318 200 199 1000 985 1000 1000 0 2
0.166667 0.153501 0.013360 200 198 1000 1050 1000 1000 0 2
0.166667 0.178234 0.014156 200 213 1000 997 1000 1000 0 2
0.166667 0.139407 0.013666 200 183 1000 997 1000 1000 0 2
0.166667 0.145915 0.013289 200 202 1000 1029 1000 1000 0 2
0.166667 0.164818 0.014505 200 180 1000 971 1000 1000 0 2
0.166667 0.200542 0.014256 200 219 1000 985 1000 1000 0 2
0.166667 0.177635 0.014234 200 192 1000 965 1000 1000 0 2
0.166667 0.146546 0.013477 200 203 1000 1002 1000 1000 0 2
0.166667 0.190284 0.013968 200 206 1000 979 1000 1000 0 2
0.166667 0.178117 0.014259 200 179 1000 995 1000 1000 0 2
0.166667 0.153132 0.013888 200 187 1000 978 1000 1000 0 2
0.166667 0.119590 0.012890 200 193 1000 1016 1000 1000 0 2
0.166667 0.146219 0.013641 200 187 1000 993 1000 1000 0 2
0.166667 0.135926 0.013879 200 184 1000 969 1000 1000 0 2
0.166667 0.154168 0.013822 200 180 1000 1022 1000 1000 0 2
