0.166667 0.170219 0.014557 200 206 1000 990 1 1000 1000 0 5
0.166667 0.162558 0.014160 200 203 1000 995 1 1000 1000 0 5
0.166667 0.169066 0.014684 200 201 1000 1003 1 1000 1000 0 5
0.166667 0.174342 0.014462 200 226 1000 1025 1 1000 1000 0 5
0.166667 0.187168 0.014275 200 207 1000 1053 1 1000 1000 0 5
0.166667 0.173378 0.015098 200 195 1000 981 1 1000 1000 0 5
0.166667 0.186933 0.014928 200 212 1000 968 1 1000 1000 0 5
0.166667 0.154257 0.014114 200 202 1000 1043 1 1000 1000 0 5
0.166667 0.183197 0.015191 200 193 1000 939 1 1000 1000 0 5
0.166667 0.193230 0.014832 200 212 1000 1005 1 1000 1000 0 5
0.166667 0.178572 0.014518 200 191 1000 973 1 1000 1000 0 5
0.166667 0.156404 0.014302 200 201 1000 1020 1 1000 1000 0 5
0.166667 0.162570 0.013771 200 202 1000 1073 1 1000 1000 0 5
0.166667 0.155451 0.014529 200 207 1000 1028 1 1000 1000 0 5
0.166667 0.150918 0.014476 200 186 1000 987 1 1000 1000 0 5
0.166667 0.165435 0.014614 200 200 1000 997 1 1000 1000 0 5
0.166667 0.196465 0.015090 200 215 1000 969 1 1000 1000 0 5
0.166667 0.167492 0.014318 200 206 1000 1021 1 1000 1000 0 5
0.166667 0.164884 0.014878 200 186 1000 987 1 1000 1000 0 5
0.166667 0.185720 0.015080 200 213 1000 973 1 1000 1000 0 5
0.166667 0.197006 0.015540 200 214 1000 932 1 1000 1000 0 5
0.166667 0.188635 0.015117 200 216 1000 956 1 1000 1000 0 5
0.166667 0.166886 0.014363 200 203 1000 1027 1 1000 1000 0 5
0.166667 0.159349 0.013979 200 217 1000 1032 1 1000 1000 0 5
0.166667 0.221905 0.015512 200 213 1000 958 1 1000 1000 0 5
0.166667 0.182330 0.014393 200 205 1000 1011 1 1000 1000 0 5
0.166667 0.153644 0.014400 200 214 1000 1028 1 1000 1000 0 5
0.166667 0.152345 0.014141 200 180 1000 985 1 1000 1000 0 5
0.166667 0.176639 0.014481 200 213 1000 1004 1 1000 1000 0 5
0.166667 0.195174 0.014090 200 212 1000 1038 1 1000 1000 0 5
0.166667 0.180754 0.014331 200 196 1000 982 1 1000 1000 0 5
0.166667 0.171271 0.015133 200 194 1000 977 1 1000 1000 0 5
0.166667 0.161474 0.014178 200 202 1000 1024 1 1000 1000 0 5
0.166667 0.171335 0.014309 200 199 1000 1027 1 1000 1000 0 5
0.166667 0.176430 0.014536 200 213 1000 951 1 1000 1000 0 5
0.166667 0.162586 0.014247 200 190 1000 1021 1 1000 1000 0 5
0.166667 0.165415 0.014275 200 186 1000 1002 1 1000 1000 0 5
0.166667 0.164050 0.014610 200 202 1000 1000 1 1000 1000 0 5
0.166667 0.153873 0.014290 200 215 1000 1021 1 1000 1000 0 5
0.166667 0.170066 0.014759 200 210 1000 992 1 1000 1000 0 5
0.166667 0.176887 0.014977 200 189 1000 933 1 1000 1000 0 5
0.166667 0.174869 0.014486 200 195 1000 1007 1 1000 1000 0 5
0.166667 0.164100 0.014578 200 198 1000 977 1 1000 1000 0 5
0.166667 0.167519 0.014476 200 185 1000 1000 1 1000 1000 0 5
0.166667 0.168441 0.014383 200 196 1000 1020 1 1000 1000 0 5
0.166667 0.175223 0.014533 200 217 1000 1008 1 1000 1000 0 5
0.166667 0.169185 0.014379 200 178 1000 940 1 1000 1000 0 5
0.166667 0.182624 0.014878 200 200 1000 984 1 1000 1000 0 5
0.166667 0.201115 0.014576 200 206 1000 1021 1 1000 1000 0 5
0.166667 0.177776 0.014432 200 215 1000 1001 1 1000 1000 0 5
0.166667 0.184044 0.014843 200 211 1000 999 1 1000 1000 0 5
0.166667 0.184994 0.014643 200 224 1000 1018 1 1000 1000 0 5
0.166667 0.172002 0.014215 200 230 1000 1063 1 1000 1000 0 5
0.166667 0.161963 0.015005 200 186 1000 940 1 1000 1000 0 5
0.166667 0.181129 0.014496 200 226 1000 1046 1 1000 1000 0 5
0.166667 0.163353 0.014472 200 198 1000 946 1 1000 1000 0 5
0.166667 0.195847 0.014712 200 225 1000 988 1 1000 1000 0 5
0.166667 0.171891 0.014577 200 200 1000 985 1 1000 1000 0 5
0.166667 0.162818 0.014799 200 188 1000 965 1 1000 1000 0 5
0.166667 0.185317 0.014847 200 215 1000 1016 1 1000 1000 0 5
0.166667 0.169137 0.015175 200 170 1000 916 1 1000 1000 0 5
0.166667 0.144993 0.014180 200 195 1000 999 1 1000 1000 0 5
0.166667 0.191297 0.014989 200 218 1000 1018 1 1000 1000 0 5
0.166667 0.158931 0.013511 200 178 1000 1115 1 1000 1000 0 5
0.166667 0.190573 0.014842 200 200 1000 972 1 1000 1000 0 5
0.166667 0.151227 0.014558 200 188 1000 979 1 1000 1000 0 5
0.166667 0.163363 0.014284 200 184 1000 1016 1 1000 1000 0 5
0.166667 0.172901 0.014501 200 212 1000 982 1 1000 1000 0 5
0.166667 0.171557 0.014412 200 202 1000 1008 1 1000 1000 0 5
0.166667 0.149725 0.014455 200 191 1000 972 1 1000 1000 0 5
0.166667 0.144309 0.013815 200 201 1000 1023 1 1000 1000 0 5
0.166667 0.182691 0.014742 200 209 1000 1023 1 1000 1000 0 5
0.166667 0.202979 0.014634 200 198 1000 1012 1 1000 1000 0 5
0.166667 0.175286 0.014428 200 210 1000 993 1 1000 1000 0 5
0.166667 0.157273 0.014256 200 183 1000 1005 1 1000 1000 0 5
0.166667 0.152592 0.014068 200 182 1000 1026 1 1000 1000 0 5
0.166667 0.184857 0.015155 200 212 1000 977 1 1000 1000 0 5
0.166667 0.190070 0.014680 200 218 1000 983 1 1000 1000 0 5
0.166667 0.124077 0.013916 200 188 1000 1043 1 1000 1000 0 5
0.166667 0.168530 0.014888 200 210 1000 950 1 1000 1000 0 5
0.166667 0.184111 0.014627 200 197 1000 999 1 1000 1000 0 5
0.166667 0.155797 0.014308 200 188 1000 1010 1 1000 1000 0 5
0.166667 0.163335 0.014283 200 188 1000 987 1 1000 1000 0 5
0.166667 0.183782 0.015756 200 200 1000 962 1 1000 1000 0 5
0.166667 0.173424 0.014660 200 201 1000 1000 1 1000 1000 0 5
0.166667 0.158387 0.014981 200 193 1000 976 1 1000 1000 0 5
0.166667 0.135302 0.014778 200 186 1000 978 1 1000 1000 0 5
0.166667 0.143319 0.014162 200 185 1000 991 1 1000 1000 0 5
0.166667 0.148082 0.013919 200 208 1000 1044 1 1000 1000 0 5
0.166667 0.171357 0.014541 200 193 1000 966 1 1000 1000 0 5
0.166667 0.132855 0.014511 200 194 1000 965 1 1000 1000 0 5
0.166667 0.151795 0.014757 200 210 1000 980 1 1000 1000 0 5
0.166667 0.173973 0.014156 200 209 1000 1023 1 1000 1000 0 5
0.166667 0.195928 0.015151 200 198 1000 975 1 1000 1000 0 5
0.166667 0.172505 0.014312 200 221 1000 1027 1 1000 1000 0 5
0.166667 0.130892 0.013745 200 180 1000 1052 1 1000 1000 0 5
0.166667 0.145866 0.014123 200 193 1000 1035 1 1000 1000 0 5
0.166667 0.215054 0.015420 200 220 1000 918 1 1000 1000 0 5
0.166667 0.164884 0.014439 200 198 1000 1024 1 1000 1000 0 5
0.166667 0.178270 0.014036 200 189 1000 1031 1 1000 1000 0 5
0.166667 0.175460 0.015033 200 192 1000 973 1 1000 1000 0 5
0.166667 0.162115 0.014626 200 180 1000 1015 1 1000 1000 0 5
0.166667 0.182201 0.014229 200 178 1000 1051 1 1000 1000 0 5
0.166667 0.164939 0.013686 200 202 1000 1036 1 1000 1000 0 5
0.166667 0.192424 0.014941 200 200 1000 950 1 1000 1000 0 5
0.166667 0.188856 0.014947 200 219 1000 991 1 1000 1000 0 5
0.166667 0.157054 0.014448 200 203 1000 1011 1 1000 1000 0 5
0.166667 0.186198 0.014790 200 198 1000 965 1 1000 1000 0 5
0.166667 0.162070 0.014528 200 203 1000 1011 1 1000 1000 0 5
0.166667 0.115837 0.013735 200 172 1000 1055 1 1000 1000 0 5
0.166667 0.173176 0.014891 200 228 1000 991 1 1000 1000 0 5
0.166667 0.181372 0.014664 200 191 1000 1010 1 1000 1000 0 5
0.166667 0.193488 0.015301 200 212 1000 953 1 1000 1000 0 5
0.166667 0.172057 0.014262 200 202 1000 1022 1 1000 1000 0 5
0.166667 0.143489 0.014081 200 194 1000 1020 1 1000 1000 0 5
0.166667 0.150896 0.014109 200 186 1000 1009 1 1000 1000 0 5
0.166667 0.169258 0.014615 200 197 1000 1006 1 1000 1000 0 5
0.166667 0.155927 0.014468 200 195 1000 1007 1 1000 1000 0 5
0.166667 0.168556 0.014043 200 195 1000 1034 1 1000 1000 0 5
0.166667 0.188053 0.015785 200 187 1000 893 1 1000 1000 0 5
0.166667 0.152875 0.014223 200 191 1000 998 1 1000 1000 0 5
0.166667 0.153405 0.013903 200 186 1000 1007 1 1000 1000 0 5
0.166667 0.187348 0.014909 200 203 1000 1012 1 1000 1000 0 5
0.166667 0.159938 0.014522 200 191 1000 989 1 1000 1000 0 5
0.166667 0.149593 0.014193 200 212 1000 1073 1 1000 1000 0 5
0.166667 0.153333 0.015116 200 204 1000 978 1 1000 1000 0 5
0.166667 0.220720 0.014959 200 201 1000 1011 1 1000 1000 0 5
0.166667 0.142973 0.014480 200 172 1000 991 1 1000 1000 0 5
0.166667 0.182806 0.014125 200 220 1000 1019 1 1000 1000 0 5
0.166667 0.149206 0.013669 200 192 1000 1080 1 1000 1000 0 5
0.166667 0.189938 0.014391 200 220 1000 1005 1 1000 1000 0 5
0.166667 0.136188 0.014905 200 196 1000 975 1 1000 1000 0 5
0.166667 0.152660 0.014389 200 186 1000 1005 1 1000 1000 0 5
0.166667 0.194860 0.014735 200 207 1000 993 1 1000 1000 0 5
0.166667 0.161992 0.014369 200 218 1000 1024 1 1000 1000 0 5
0.166667 0.143262 0.014630 200 183 1000 963 1 1000 1000 0 5
0.166667 0.148551 0.014820 200 203 1000 1009 1 1000 1000 0 5
0.166667 0.175144 0.014684 200 199 1000 991 1 1000 1000 0 5
0.166667 0.210430 0.014901 200 206 1000 969 1 1000 1000 0 5
0.166667 0.157364 0.014883 200 178 1000 983 1 1000 1000 0 5
0.166667 0.156393 0.014153 200 197 1000 1027 1 1000 1000 0 5
0.166667 0.168252 0.014530 200 173 1000 1008 1 1000 1000 0 5
0.166667 0.181579 0.015073 200 205 1000 994 1 1000 1000 0 5
0.166667 0.154252 0.014722 200 182 1000 975 1 1000 1000 0 5
0.166667 0.194519 0.014465 200 205 1000 990 1 1000 1000 0 5
0.166667 0.156339 0.014017 200 196 1000 1027 1 1000 1000 0 5
0.166667 0.151564 0.014550 200 177 1000 970 1 1000 1000 0 5
0.166667 0.145682 0.014222 200 193 1000 1050 1 1000 1000 0 5
0.166667 0.161558 0.013987 200 188 1000 1041 1 1000 1000 0 5
0.166667 0.156153 0.014852 200 194 1000 963 1 1000 1000 0 5
0.166667 0.196663 0.014802 200 197 1000 987 1 1000 1000 0 5
0.166667 0.166123 0.013894 200 197 1000 1029 1 1000 1000 0 5
0.166667 0.173283 0.014448 200 202 1000 1009 1 1000 1000 0 5
0.166667 0.138848 0.014471 200 196 1000 1018 1 1000 1000 0 5
0.166667 0.221605 0.015401 200 229 1000 961 1 1000 1000 0 5
0.166667 0.177716 0.015008 200 192 1000 972 1 1000 1000 0 5
0.166667 0.182834 0.015143 200 176 1000 940 1 1000 1000 0 5
0.166667 0.173172 0.014693 200 214 1000 1000 1 1000 1000 0 5
0.166667 0.174356 0.014804 200 193 1000 977 1 1000 1000 0 5
0.166667 0.139799 0.014828 200 195 1000 966 1 1000 1000 0 5
0.166667 0.184535 0.014956 200 207 1000 968 1 1000 1000 0 5
0.166667 0.179258 0.014716 200 198 1000 1013 1 1000 1000 0 5
0.166667 0.159222 0.014664 200 200 1000 1000 1 1000 1000 0 5
0.166667 0.189349 0.014724 200 215 1000 984 1 1000 1000 0 5
0.166667 0.177482 0.014902 200 197 1000 996 1 1000 1000 0 5
0.166667 0.179894 0.015621 200 217 1000 957 1 1000 1000 0 5
0.166667 0.147700 0.014523 200 189 1000 1020 1 1000 1000 0 5
0.166667 0.171127 0.014702 200 210 1000 1014 1 1000 1000 0 5
0.166667 0.180579 0.015008 200 210 1000 958 1 1000 1000 0 5
0.166667 0.179985 0.015095 200 202 1000 954 1 1000 1000 0 5
0.166667 0.156722 0.014225 200 195 1000 1013 1 1000 1000 0 5
0.166667 0.144016 0.013663 200 187 1000 1020 1 1000 1000 0 5
0.166667 0.158997 0.014459 200 192 1000 987 1 1000 1000 0 5
0.166667 0.192217 0.015517 200 214 1000 932 1 1000 1000 0 5
0.166667 0.189530 0.014826 200 203 1000 950 1 1000 1000 0 5
0.166667 0.172835 0.014268 200 193 1000 1034 1 1000 1000 0 5
0.166667 0.185247 0.015130 200 197 1000 988 1 1000 1000 0 5
0.166667 0.169110 0.014992 200 187 1000 920 1 1000 1000 0 5
0.166667 0.156897 0.014904 200 179 1000 947 1 1000 1000 0 5
0.166667 0.168647 0.015261 200 218 1000 978 1 1000 1000 0 5
0.166667 0.176862 0.014300 200 222 1000 1042 1 1000 1000 0 5
0.166667 0.182294 0.014786 200 216 1000 969 1 1000 1000 0 5
0.166667 0.167795 0.014367 200 218 1000 1018 1 1000 1000 0 5
0.166667 0.155313 0.015272 200 190 1000 930 1 1000 1000 0 5
0.166667 0.164035 0.014335 200 200 1000 1001 1 1000 1000 0 5
0.166667 0.179143 0.014665 200 206 1000 967 1 1000 1000 0 5
0.166667 0.182405 0.014379 200 208 1000 1025 1 1000 1000 0 5
0.166667 0.137774 0.014114 200 194 1000 1007 1 1000 1000 0 5
0.166667 0.182921 0.014908 200 236 1000 995 1 1000 1000 0 5
0.166667 0.176743 0.014644 200 210 1000 984 1 1000 1000 0 5
0.166667 0.164532 0.014499 200 212 1000 1030 1 1000 1000 0 5
0.166667 0.153620 0.014555 200 169 1000 945 1 1000 1000 0 5
0.166667 0.144261 0.013806 200 168 1000 1042 1 1000 1000 0 5
0.166667 0.176865 0.014875 200 206 1000 1021 1 1000 1000 0 5
0.166667 0.187828 0.014782 200 213 1000 989 1 1000 1000 0 5
0.166667 0.185488 0.014286 200 232 1000 1010 1 1000 1000 0 5
0.166667 0.165216 0.014940 200 198 1000 963 1 1000 1000 0 5
0.166667 0.187772 0.015324 200 184 1000 955 1 1000 1000 0 5
0.166667 0.156100 0.014105 200 195 1000 1012 1 1000 1000 0 5
0.166667 0.138935 0.014133 200 196 1000 988 1 1000 1000 0 5
0.166667 0.145302 0.014226 200 191 1000 1019 1 1000 1000 0 5
0.166667 0.136032 0.013960 200 178 1000 1063 1 1000 1000 0 5
0.166667 0.181081 0.014597 200 213 1000 999 1 1000 1000 0 5
0.166667 0.141094 0.014530 200 192 1000 992 1 1000 1000 0 5
0.166667 0.165939 0.014743 200 211 1000 1031 1 1000 1000 0 5
0.166667 0.149850 0.014414 200 194 1000 1015 1 1000 1000 0 5
0.166667 0.153083 0.014981 200 200 1000 994 1 1000 1000 0 5
0.166667 0.122152 0.013997 200 178 1000 1001 1 1000 1000 0 5
0.166667 0.171104 0.014457 200 215 1000 1030 1 1000 1000 0 5
0.166667 0.174144 0.014826 200 201 1000 976 1 1000 1000 0 5
0.166667 0.140431 0.014542 200 188 1000 973 1 1000 1000 0 5
0.166667 0.171751 0.014507 200 193 1000 1056 1 1000 1000 0 5
0.166667 0.152722 0.014751 200 209 1000 947 1 1000 1000 0 5
0.166667 0.153500 0.014903 200 200 1000 1000 1 1000 1000 0 5
0.166667 0.154792 0.014754 200 202 1000 978 1 1000 1000 0 5
0.166667 0.175996 0.014149 200 207 1000 1049 1 1000 1000 0 5
0.166667 0.164464 0.014257 200 198 1000 1013 1 1000 1000 0 5
0.166667 0.150733 0.013563 200 184 1000 1081 1 1000 1000 0 5
0.166667 0.170866 0.014925 200 194 1000 1000 1 1000 1000 0 5
0.166667 0.188428 0.014741 200 224 1000 991 1 1000 1000 0 5
0.166667 0.160000 0.014642 200 201 1000 1007 1 1000 1000 0 5
0.166667 0.194717 0.014651 200 222 1000 1009 1 1000 1000 0 5
0.166667 0.152560 0.014599 200 206 1000 1035 1 1000 1000 0 5
0.166667 0.171776 0.014339 200 194 1000 1002 1 1000 1000 0 5
0.166667 0.175927 0.014579 200 204 1000 1031 1 1000 1000 0 5
0.166667 0.217703 0.015167 200 223 1000 998 1 1000 1000 0 5
0.166667 0.166280 0.014183 200 205 1000 1034 1 1000 1000 0 5
0.166667 0.216123 0.014806 200 217 1000 978 1 1000 1000 0 5
0.166667 0.165538 0.015052 200 183 1000 963 1 1000 1000 0 5
0.166667 0.155904 0.013595 200 198 1000 1057 1 1000 1000 0 5
0.166667 0.176147 0.015013 200 210 1000 974 1 1000 1000 0 5
0.166667 0.195630 0.014846 200 209 1000 1025 1 1000 1000 0 5
0.166667 0.159187 0.014188 200 195 1000 1005 1 1000 1000 0 5
0.166667 0.178922 0.014700 200 209 1000 979 1 1000 1000 0 5
0.166667 0.125428 0.013067 200 168 1000 1026 1 1000 1000 0 5
0.166667 0.180894 0.014642 200 188 1000 960 1 1000 1000 0 5
0.166667 0.187013 0.014612 200 219 1000 1005 1 1000 1000 0 5
0.166667 0.182190 0.014207 200 230 1000 1029 1 1000 1000 0 5
0.166667 0.177445 0.014663 200 210 1000 1032 1 1000 1000 0 5
0.166667 0.175402 0.014947 200 215 1000 979 1 1000 1000 0 5
0.166667 0.185522 0.014416 200 183 1000 1026 1 1000 1000 0 5
0.166667 0.207145 0.014715 200 225 1000 962 1 1000 1000 0 5
0.166667 0.170768 0.015157 200 201 1000 935 1 1000 1000 0 5
0.166667 0.163388 0.015410 200 186 1000 942 1 1000 1000 0 5
0.166667 0.176349 0.014569 200 211 1000 960 1 1000 1000 0 5
0.166667 0.176241 0.014578 200 195 1000 1010 1 1000 1000 0 5
0.166667 0.132207 0.013516 200 203 1000 1030 1 1000 1000 0 5
0.166667 0.179736 0.014576 200 212 1000 976 1 1000 1000 0 5
0.166667 0.167478 0.014525 200 198 1000 997 1 1000 1000 0 5
0.166667 0.168038 0.014562 200 213 1000 994 1 1000 1000 0 5
0.166667 0.147060 0.013733 200 191 1000 1030 1 1000 1000 0 5
0.166667 0.152664 0.014501 200 178 1000 996 1 1000 1000 0 5
0.166667 0.157110 0.014509 200 197 1000 992 1 1000 1000 0 5
0.166667 0.153187 0.013640 200 172 1000 1027 1 1000 1000 0 5
0.166667 0.166543 0.013814 200 180 1000 1035 1 1000 1000 0 5
0.166667 0.163040 0.014191 200 191 1000 1041 1 1000 1000 0 5
0.166667 0.136975 0.013771 200 178 1000 1032 1 1000 1000 0 5
0.166667 0.161687 0.014773 200 195 1000 1016 1 1000 1000 0 5
0.166667 0.183652 0.014448 200 214 1000 1006 1 1000 1000 0 5
0.166667 0.185043 0.015223 200 203 1000 967 1 1000 1000 0 5
0.166667 0.189937 0.015021 200 224 1000 914 1 1000 1000 0 5
0.166667 0.155304 0.014633 200 191 1000 971 1 1000 1000 0 5
0.166667 0.152412 0.014364 200 190 1000 995 1 1000 1000 0 5
0.166667 0.152695 0.014268 200 192 1000 987 1 1000 1000 0 5
0.166667 0.184363 0.014660 200 228 1000 998 1 1000 1000 0 5
0.166667 0.145061 0.013684 200 215 1000 1048 1 1000 1000 0 5
0.166667 0.174863 0.014590 200 213 1000 969 1 1000 1000 0 5
0.166667 0.167574 0.014250 200 215 1000 1041 1 1000 1000 0 5
0.166667 0.165583 0.014433 200 177 1000 1011 1 1000 1000 0 5
0.166667 0.157764 0.014670 200 185 1000 965 1 1000 1000 0 5
0.166667 0.155765 0.014445 200 185 1000 1024 1 1000 1000 0 5
0.166667 0.180518 0.015311 200 194 1000 1010 1 1000 1000 0 5
0.166667 0.177737 0.014966 200 213 1000 982 1 1000 1000 0 5
0.166667 0.164605 0.014930 200 187 1000 982 1 1000 1000 0 5
0.166667 0.184148 0.014520 200 220 1000 989 1 1000 1000 0 5
0.166667 0.179408 0.015077 200 190 1000 974 1 1000 1000 0 5
0.166667 0.162422 0.014407 200 193 1000 1004 1 1000 1000 0 5
0.166667 0.154075 0.014160 200 189 1000 1036 1 1000 1000 0 5
0.166667 0.161831 0.014098 200 185 1000 1017 1 1000 1000 0 5
0.166667 0.175151 0.014856 200 224 1000 968 1 1000 1000 0 5
0.166667 0.144698 0.013841 200 184 1000 1021 1 1000 1000 0 5
0.166667 0.180458 0.015279 200 218 1000 962 1 1000 1000 0 5
0.166667 0.203960 0.014900 200 217 1000 982 1 1000 1000 0 5
0.166667 0.125710 0.013792 200 177 1000 1038 1 1000 1000 0 5
0.166667 0.193937 0.014749 200 224 1000 1057 1 1000 1000 0 5
0.166667 0.173767 0.014866 200 211 1000 998 1 1000 1000 0 5
0.166667 0.155236 0.013960 200 178 1000 1019 1 1000 1000 0 5
0.166667 0.180185 0.014763 200 201 1000 1049 1 1000 1000 0 5
0.166667 0.149112 0.014563 200 189 1000 982 1 1000 1000 0 5
0.166667 0.157362 0.014124 200 213 1000 1002 1 1000 1000 0 5
0.166667 0.185514 0.014327 200 201 1000 1009 1 1000 1000 0 5
0.166667 0.146620 0.014752 200 182 1000 981 1 1000 1000 0 5
0.166667 0.176893 0.014850 200 212 1000 988 1 1000 1000 0 5
0.166667 0.180347 0.014185 200 196 1000 1048 1 1000 1000 0 5
0.166667 0.158570 0.014849 200 195 1000 991 1 1000 1000 0 5
0.166667 0.143650 0.014257 200 197 1000 1011 1 1000 1000 0 5
0.166667 0.175434 0.014599 200 207 1000 971 1 1000 1000 0 5
0.166667 0.141924 0.014407 200 167 1000 1035 1 1000 1000 0 5
0.166667 0.177377 0.015030 200 186 1000 988 1 1000 1000 0 5
0.166667 0.177232 0.014483 200 233 1000 987 1 1000 1000 0 5
0.166667 0.178659 0.015080 200 184 1000 956 1 1000 1000 0 5
0.166667 0.152037 0.014583 200 202 1000 972 1 1000 1000 0 5
0.166667 0.157918 0.014572 200 201 1000 1044 1 1000 1000 0 5
0.166667 0.159264 0.014124 200 184 1000 998 1 1000 1000 0 5
0.166667 0.144221 0.015202 200 176 1000 941 1 1000 1000 0 5
0.166667 0.169680 0.014623 200 217 1000 1045 1 1000 1000 0 5
0.166667 0.155123 0.013888 200 181 1000 1034 1 1000 1000 0 5
0.166667 0.158837 0.014386 200 182 1000 1005 1 1000 1000 0 5
0.166667 0.168587 0.014276 200 192 1000 1026 1 1000 1000 0 5
0.166667 0.180604 0.014921 200 211 1000 951 1 1000 1000 0 5
0.166667 0.171027 0.014243 200 197 1000 1038 1 1000 1000 0 5
0.166667 0.169208 0.014871 200 186 1000 984 1 1000 1000 0 5
0.166667 0.190449 0.014366 200 202 1000 1027 1 1000 1000 0 5
0.166667 0.169922 0.014685 200 212 1000 1002 1 1000 1000 0 5
0.166667 0.155867 0.014782 200 194 1000 968 1 1000 1000 0 5
0.166667 0.176317 0.015317 200 214 1000 933 1 1000 1000 0 5
0.166667 0.180062 0.014922 200 213 1000 977 1 1000 1000 0 5
0.166667 0.184522 0.015339 200 201 1000 970 1 1000 1000 0 5
0.166667 0.170088 0.014574 200 216 1000 1029 1 1000 1000 0 5
0.166667 0.164409 0.015001 200 177 1000 957 1 1000 1000 0 5
0.166667 0.159194 0.014119 200 203 1000 1030 1 1000 1000 0 5
0.166667 0.170320 0.014739 200 195 1000 950 1 1000 1000 0 5
0.166667 0.175364 0.014053 200 188 1000 997 1 1000 1000 0 5
0.166667 0.155763 0.014809 200 206 1000 986 1 1000 1000 0 5
0.166667 0.181462 0.014665 200 213 1000 1000 1 1000 1000 0 5
0.166667 0.180839 0.014915 200 205 1000 976 1 1000 1000 0 5
0.166667 0.175814 0.014885 200 212 1000 952 1 1000 1000 0 5
0.166667 0.177471 0.014087 200 166 1000 1057 1 1000 1000 0 5
0.166667 0.156961 0.014300 200 195 1000 985 1 1000 1000 0 5
0.166667 0.164423 0.015232 200 220 1000 970 1 1000 1000 0 5
0.166667 0.168377 0.014483 200 201 1000 982 1 1000 1000 0 5
0.166667 0.176315 0.015383 200 203 1000 963 1 1000 1000 0 5
0.166667 0.170749 0.014661 200 177 1000 956 1 1000 1000 0 5
0.166667 0.176208 0.014035 200 202 1000 1023 1 1000 1000 0 5
0.166667 0.146473 0.014394 200 194 1000 1017 1 1000 1000 0 5
0.166667 0.186665 0.014849 200 222 1000 991 1 1000 1000 0 5
0.166667 0.189848 0.014970 200 215 1000 949 1 1000 1000 0 5
0.166667 0.154833 0.014349 200 185 1000 1018 1 1000 1000 0 5
0.166667 0.188098 0.015388 200 196 1000 941 1 1000 1000 0 5
0.166667 0.157370 0.014616 200 195 1000 1020 1 1000 1000 0 5
0.166667 0.189191 0.015010 200 204 1000 995 1 1000 1000 0 5
0.166667 0.190950 0.015593 200 223 1000 959 1 1000 1000 0 5
0.166667 0.153491 0.014031 200 219 1000 1044 1 1000 1000 0 5
0.166667 0.170123 0.015080 200 210 1000 966 1 1000 1000 0 5
0.166667 0.198904 0.014697 200 211 1000 1007 1 1000 1000 0 5
0.166667 0.153221 0.013864 200 172 1000 1024 1 1000 1000 0 5
0.166667 0.147732 0.013894 200 186 1000 1042 1 1000 1000 0 5
0.166667 0.169583 0.014131 200 211 1000 1042 1 1000 1000 0 5
0.166667 0.152995 0.014540 200 191 1000 1015 1 1000 1000 0 5
0.166667 0.177950 0.014710 200 214 1000 1007 1 1000 1000 0 5
0.166667 0.190722 0.014502 200 201 1000 1017 1 1000 1000 0 5
0.166667 0.166234 0.014525 200 199 1000 989 1 1000 1000 0 5
0.166667 0.195560 0.014585 200 210 1000 1004 1 1000 1000 0 5
0.166667 0.181069 0.014843 200 189 1000 972 1 1000 1000 0 5
0.166667 0.163359 0.014502 200 209 1000 1037 1 1000 1000 0 5
0.166667 0.178457 0.014659 200 199 1000 1019 1 1000 1000 0 5
0.166667 0.143840 0.014864 200 205 1000 964 1 1000 1000 0 5
0.166667 0.162339 0.014332 200 198 1000 1021 1 1000 1000 0 5
0.166667 0.135627 0.013887 200 197 1000 1044 1 1000 1000 0 5
0.166667 0.184640 0.015237 200 218 1000 958 1 1000 1000 0 5
0.166667 0.155636 0.014006 200 201 1000 1024 1 1000 1000 0 5
0.166667 0.186308 0.014464 200 187 1000 994 1 1000 1000 0 5
0.166667 0.174251 0.014608 200 211 1000 962 1 1000 1000 0 5
0.166667 0.199611 0.014577 200 226 1000 1014 1 1000 1000 0 5
0.166667 0.151950 0.014476 200 177 1000 994 1 1000 1000 0 5
0.166667 0.169329 0.014544 200 215 1000 1011 1 1000 1000 0 5
0.166667 0.145323 0.014230 200 194 1000 1027 1 1000 1000 0 5
0.166667 0.159357 0.015196 200 215 1000 1014 1 1000 1000 0 5
0.166667 0.197214 0.015078 200 194 1000 990 1 1000 1000 0 5
0.166667 0.152176 0.013722 200 195 1000 1022 1 1000 1000 0 5
0.166667 0.161622 0.014218 200 218 1000 1014 1 1000 1000 0 5
0.166667 0.163562 0.014747 200 202 1000 1004 1 1000 1000 0 5
0.166667 0.172569 0.014282 200 200 1000 1014 1 1000 1000 0 5
0.166667 0.137006 0.013963 200 176 1000 1028 1 1000 1000 0 5
0.166667 0.188152 0.015094 200 213 1000 999 1 1000 1000 0 5
0.166667 0.120796 0.014134 200 183 1000 988 1 1000 1000 0 5
0.166667 0.192632 0.014199 200 214 1000 1007 1 1000 1000 0 5
0.166667 0.161578 0.014505 200 180 1000 990 1 1000 1000 0 5
0.166667 0.156054 0.014341 200 192 1000 1045 1 1000 1000 0 5
0.166667 0.195653 0.015343 200 218 1000 947 1 1000 1000 0 5
0.166667 0.187600 0.014447 200 205 1000 1012 1 1000 1000 0 5
0.166667 0.162987 0.014738 200 192 1000 1006 1 1000 1000 0 5
0.166667 0.179330 0.014743 200 205 1000 1000 1 1000 1000 0 5
0.166667 0.160320 0.014605 200 193 1000 1018 1 1000 1000 0 5
0.166667 0.141335 0.014965 200 185 1000 941 1 1000 1000 0 5
0.166667 0.147045 0.014360 200 186 1000 971 1 1000 1000 0 5
0.166667 0.150015 0.014459 200 181 1000 1027 1 1000 1000 0 5
0.166667 0.170630 0.014281 200 220 1000 1014 1 1000 1000 0 5
0.166667 0.122933 0.014064 200 176 1000 1010 1 1000 1000 0 5
0.166667 0.189077 0.014661 200 227 1000 1012 1 1000 1000 0 5
0.166667 0.168428 0.014122 200 206 1000 1035 1 1000 1000 0 5
0.166667 0.169837 0.014757 200 213 1000 1008 1 1000 1000 0 5
0.166667 0.170409 0.013939 200 214 1000 1072 1 1000 1000 0 5
0.166667 0.136356 0.014025 200 171 1000 1013 1 1000 1000 0 5
0.166667 0.173437 0.014564 200 195 1000 1020 1 1000 1000 0 5
0.166667 0.166904 0.014350 200 200 1000 987 1 1000 1000 0 5
0.166667 0.155820 0.014211 200 181 1000 971 1 1000 1000 0 5
0.166667 0.183935 0.014355 200 195 1000 1045 1 1000 1000 0 5
0.166667 0.163953 0.013648 200 177 1000 1065 1 1000 1000 0 5
0.166667 0.171886 0.014428 200 204 1000 1021 1 1000 1000 0 5
0.166667 0.187699 0.015232 200 200 1000 966 1 1000 1000 0 5
0.166667 0.189827 0.014515 200 213 1000 973 1 1000 1000 0 5
0.166667 0.153582 0.014181 200 197 1000 977 1 1000 1000 0 5
0.166667 0.189752 0.014743 200 216 1000 963 1 1000 1000 0 5
0.166667 0.151147 0.015047 200 196 1000 953 1 1000 1000 0 5
0.166667 0.161257 0.014970 200 203 1000 995 1 1000 1000 0 5
0.166667 0.164235 0.014664 200 201 1000 981 1 1000 1000 0 5
0.166667 0.169299 0.014225 200 195 1000 1008 1 1000 1000 0 5
0.166667 0.174999 0.014722 200 209 1000 981 1 1000 1000 0 5
0.166667 0.157624 0.014406 200 217 1000 1054 1 1000 1000 0 5
0.166667 0.173286 0.014946 200 235 1000 961 1 1000 1000 0 5
0.166667 0.174519 0.014426 200 215 1000 1003 1 1000 1000 0 5
0.166667 0.179493 0.014799 200 219 1000 998 1 1000 1000 0 5
0.166667 0.152735 0.014778 200 176 1000 967 1 1000 1000 0 5
0.166667 0.197690 0.014908 200 233 1000 968 1 1000 1000 0 5
0.166667 0.169803 0.014720 200 187 1000 975 1 1000 1000 0 5
0.166667 0.181548 0.013786 200 204 1000 1102 1 1000 1000 0 5
0.166667 0.150671 0.014311 200 212 1000 1000 1 1000 1000 0 5
0.166667 0.156029 0.014428 200 197 1000 974 1 1000 1000 0 5
0.166667 0.176302 0.014301 200 201 1000 1044 1 1000 1000 0 5
0.166667 0.142733 0.014045 200 182 1000 1006 1 1000 1000 0 5
0.166667 0.153076 0.014656 200 194 1000 1002 1 1000 1000 0 5
0.166667 0.166941 0.015044 200 178 1000 980 1 1000 1000 0 5
0.166667 0.165680 0.015233 200 206 1000 988 1 1000 1000 0 5
0.166667 0.189001 0.015247 200 207 1000 916 1 1000 1000 0 5
0.166667 0.172737 0.014306 200 197 1000 988 1 1000 1000 0 5
0.166667 0.155998 0.014180 200 175 1000 962 1 1000 1000 0 5
0.166667 0.206015 0.014837 200 230 1000 988 1 1000 1000 0 5
0.166667 0.162887 0.014369 200 208 1000 1029 1 1000 1000 0 5
0.166667 0.172730 0.014614 200 208 1000 972 1 1000 1000 0 5
0.166667 0.158611 0.014015 200 208 1000 1027 1 1000 1000 0 5
0.166667 0.161415 0.014701 200 208 1000 973 1 1000 1000 0 5
0.166667 0.183018 0.015038 200 199 1000 963 1 1000 1000 0 5
0.166667 0.155959 0.014011 200 186 1000 1022 1 1000 1000 0 5
0.166667 0.158186 0.014193 200 186 1000 966 1 1000 1000 0 5
0.166667 0.191239 0.014574 200 206 1000 1025 1 1000 1000 0 5
0.166667 0.205220 0.014613 200 229 1000 1011 1 1000 1000 0 5
0.166667 0.167011 0.014239 200 199 1000 1038 1 1000 1000 0 5
0.166667 0.183885 0.014165 200 241 1000 1011 1 1000 1000 0 5
0.166667 0.175271 0.014650 200 197 1000 993 1 1000 1000 0 5
0.166667 0.138474 0.014199 200 184 1000 966 1 1000 1000 0 5
0.166667 0.176065 0.014778 200 206 1000 1001 1 1000 1000 0 5
0.166667 0.137790 0.014332 200 186 1000 1050 1 1000 1000 0 5
0.166667 0.163222 0.015050 200 203 1000 978 1 1000 1000 0 5
0.166667 0.159629 0.014586 200 184 1000 972 1 1000 1000 0 5
0.166667 0.170359 0.014871 200 191 1000 979 1 1000 1000 0 5
0.166667 0.179964 0.014721 200 200 1000 971 1 1000 1000 0 5
0.166667 0.178696 0.014383 200 188 1000 1033 1 1000 1000 0 5
0.166667 0.190570 0.014511 200 203 1000 1011 1 1000 1000 0 5
0.166667 0.189479 0.014480 200 203 1000 1026 1 1000 1000 0 5
0.166667 0.166978 0.014794 200 183 1000 1019 1 1000 1000 0 5
0.166667 0.171869 0.015025 200 217 1000 963 1 1000 1000 0 5
0.166667 0.136932 0.014359 200 176 1000 989 1 1000 1000 0 5
0.166667 0.170192 0.014569 200 213 1000 1014 1 1000 1000 0 5
0.166667 0.180721 0.014149 200 218 1000 1038 1 1000 1000 0 5
0.166667 0.117725 0.013538 200 179 1000 1014 1 1000 1000 0 5
0.166667 0.154950 0.014792 200 195 1000 975 1 1000 1000 0 5
0.166667 0.163941 0.014851 200 177 1000 970 1 1000 1000 0 5
0.166667 0.155043 0.014846 200 190 1000 943 1 1000 1000 0 5
0.166667 0.159155 0.014104 200 205 1000 1016 1 1000 1000 0 5
0.166667 0.161252 0.014694 200 186 1000 1003 1 1000 1000 0 5
0.166667 0.117466 0.013503 200 178 1000 1062 1 1000 1000 0 5
0.166667 0.156047 0.014082 200 182 1000 991 1 1000 1000 0 5
0.166667 0.150556 0.014415 200 192 1000 1020 1 1000 1000 0 5
0.166667 0.152209 0.013991 200 205 1000 1025 1 1000 1000 0 5
0.166667 0.167427 0.015276 200 217 1000 951 1 1000 1000 0 5
0.166667 0.153259 0.014673 200 196 1000 1030 1 1000 1000 0 5
0.166667 0.174479 0.014664 200 200 1000 1003 1 1000 1000 0 5
0.166667 0.172747 0.014505 200 202 1000 999 1 1000 1000 0 5
0.166667 0.166992 0.014667 200 211 1000 1001 1 1000 1000 0 5
0.166667 0.147210 0.014290 200 175 1000 1034 1 1000 1000 0 5
0.166667 0.143804 0.014243 200 193 1000 1011 1 1000 1000 0 5
0.166667 0.145323 0.014175 200 183 1000 1004 1 1000 1000 0 5
0.166667 0.174158 0.014854 200 206 1000 969 1 1000 1000 0 5
0.166667 0.160921 0.014752 200 200 1000 988 1 1000 1000 0 5
0.166667 0.176381 0.014204 200 212 1000 1048 1 1000 1000 0 5
0.166667 0.181179 0.014450 200 222 1000 1015 1 1000 1000 0 5
0.166667 0.166589 0.014825 200 195 1000 978 1 1000 1000 0 5
0.166667 0.182205 0.014216 200 192 1000 1022 1 1000 1000 0 5
0.166667 0.143621 0.014175 200 186 1000 1054 1 1000 1000 0 5
0.166667 0.153196 0.013841 200 189 1000 1063 1 1000 1000 0 5
0.166667 0.203071 0.013832 200 224 1000 1069 1 1000 1000 0 5
0.166667 0.168684 0.013810 200 201 1000 1031 1 1000 1000 0 5
0.166667 0.141564 0.013686 200 202 1000 1081 1 1000 1000 0 5
0.166667 0.168854 0.013702 200 183 1000 1058 1 1000 1000 0 5
0.166667 0.177982 0.015358 200 208 1000 946 1 1000 1000 0 5
0.166667 0.160677 0.014035 200 207 1000 1026 1 1000 1000 0 5
0.166667 0.156124 0.014485 200 204 1000 980 1 1000 1000 0 5
0.166667 0.158877 0.014450 200 196 1000 1015 1 1000 1000 0 5
0.166667 0.180474 0.014268 200 208 1000 1063 1 1000 1000 0 5
0.166667 0.167498 0.014237 200 184 1000 1000 1 1000 1000 0 5
0.166667 0.142931 0.013611 200 169 1000 1040 1 1000 1000 0 5
0.166667 0.157792 0.013935 200 198 1000 1046 1 1000 1000 0 5
0.166667 0.163575 0.014393 200 198 1000 1044 1 1000 1000 0 5
0.166667 0.189029 0.014556 200 232 1000 1018 1 1000 1000 0 5
0.166667 0.180214 0.014587 200 192 1000 965 1 1000 1000 0 5
0.166667 0.170592 0.015279 200 213 1000 945 1 1000 1000 0 5
0.166667 0.203863 0.015211 200 216 1000 973 1 1000 1000 0 5
0.166667 0.166953 0.014706 200 185 1000 996 1 1000 1000 0 5
0.166667 0.182585 0.015020 200 196 1000 953 1 1000 1000 0 5
0.166667 0.182014 0.014225 200 204 1000 1031 1 1000 1000 0 5
0.166667 0.143588 0.014231 200 202 1000 1034 1 1000 1000 0 5
0.166667 0.170368 0.014639 200 192 1000 1009 1 1000 1000 0 5
0.166667 0.132764 0.014308 200 179 1000 990 1 1000 1000 0 5
0.166667 0.180542 0.014811 200 188 1000 975 1 1000 1000 0 5
0.166667 0.172793 0.014217 200 192 1000 1019 1 1000 1000 0 5
0.166667 0.173550 0.014761 200 204 1000 972 1 1000 1000 0 5
0.166667 0.161076 0.014493 200 192 1000 963 1 1000 1000 0 5
0.166667 0.151815 0.013956 200 196 1000 991 1 1000 1000 0 5
0.166667 0.218157 0.015806 200 223 1000 945 1 1000 1000 0 5
0.166667 0.181125 0.014685 200 193 1000 1049 1 1000 1000 0 5
0.166667 0.194970 0.014845 200 225 1000 983 1 1000 1000 0 5
0.166667 0.195409 0.014330 200 225 1000 1032 1 1000 1000 0 5
0.166667 0.137630 0.013659 200 195 1000 1080 1 1000 1000 0 5
0.166667 0.140225 0.014376 200 181 1000 1005 1 1000 1000 0 5
0.166667 0.135164 0.013597 200 193 1000 1035 1 1000 1000 0 5
0.166667 0.162402 0.014791 200 200 1000 975 1 1000 1000 0 5
0.166667 0.143089 0.013638 200 185 1000 1100 1 1000 1000 0 5
0.166667 0.166161 0.013679 200 187 1000 1026 1 1000 1000 0 5
0.166667 0.134496 0.013894 200 182 1000 1054 1 1000 1000 0 5
0.166667 0.142237 0.013666 200 182 1000 1010 1 1000 1000 0 5
0.166667 0.210269 0.014988 200 224 1000 973 1 1000 1000 0 5
0.166667 0.194492 0.014922 200 208 1000 1017 1 1000 1000 0 5
0.166667 0.154677 0.014068 200 193 1000 1039 1 1000 1000 0 5
0.166667 0.160010 0.014548 200 197 1000 991 1 1000 1000 0 5
0.166667 0.203292 0.015343 200 239 1000 976 1 1000 1000 0 5
0.166667 0.175636 0.015309 200 195 1000 964 1 1000 1000 0 5
0.166667 0.174102 0.015140 200 211 1000 954 1 1000 1000 0 5
0.166667 0.165186 0.015121 200 204 1000 942 1 1000 1000 0 5
0.166667 0.177810 0.015594 200 198 1000 922 1 1000 1000 0 5
0.166667 0.161423 0.014647 200 188 1000 998 1 1000 1000 0 5
0.166667 0.171565 0.014662 200 212 1000 1006 1 1000 1000 0 5
0.166667 0.159481 0.013872 200 191 1000 1056 1 1000 1000 0 5
0.166667 0.133110 0.014405 200 177 1000 979 1 1000 1000 0 5
0.166667 0.171293 0.014040 200 194 1000 1036 1 1000 1000 0 5
0.166667 0.172435 0.014456 200 184 1000 1009 1 1000 1000 0 5
0.166667 0.190062 0.014714 200 197 1000 985 1 1000 1000 0 5
0.166667 0.146944 0.014232 200 198 1000 990 1 1000 1000 0 5
0.166667 0.168434 0.014203 200 203 1000 989 1 1000 1000 0 5
0.166667 0.180861 0.015405 200 200 1000 951 1 1000 1000 0 5
0.166667 0.178233 0.013859 200 190 1000 1025 1 1000 1000 0 5
0.166667 0.151702 0.014117 200 186 1000 967 1 1000 1000 0 5
0.166667 0.164674 0.014909 200 208 1000 1000 1 1000 1000 0 5
0.166667 0.176289 0.014351 200 196 1000 1000 1 1000 1000 0 5
0.166667 0.171548 0.014933 200 210 1000 1032 1 1000 1000 0 5
0.166667 0.153685 0.014011 200 186 1000 993 1 1000 1000 0 5
0.166667 0.171428 0.014754 200 212 1000 949 1 1000 1000 0 5
0.166667 0.208306 0.014824 200 216 1000 981 1 1000 1000 0 5
0.166667 0.183470 0.014793 200 206 1000 1004 1 1000 1000 0 5
0.166667 0.141536 0.014069 200 192 1000 1006 1 1000 1000 0 5
0.166667 0.178429 0.014335 200 222 1000 1026 1 1000 1000 0 5
0.166667 0.160651 0.014003 200 192 1000 1018 1 1000 1000 0 5
0.166667 0.171349 0.015271 200 196 1000 974 1 1000 1000 0 5
0.166667 0.169320 0.014580 200 220 1000 1012 1 1000 1000 0 5
0.166667 0.176839 0.014970 200 209 1000 947 1 1000 1000 0 5
0.166667 0.171322 0.014860 200 190 1000 996 1 1000 1000 0 5
0.166667 0.172210 0.014808 200 217 1000 1013 1 1000 1000 0 5
0.166667 0.161730 0.014516 200 182 1000 995 1 1000 1000 0 5
0.166667 0.209963 0.014806 200 222 1000 974 1 1000 1000 0 5
0.166667 0.159164 0.014414 200 183 1000 1002 1 1000 1000 0 5
0.166667 0.166620 0.014289 200 201 1000 1001 1 1000 1000 0 5
0.166667 0.169292 0.014482 200 200 1000 977 1 1000 1000 0 5
0.166667 0.151225 0.014197 200 208 1000 1040 1 1000 1000 0 5
0.166667 0.173171 0.014434 200 203 1000 983 1 1000 1000 0 5
0.166667 0.178026 0.014276 200 204 1000 996 1 1000 1000 0 5
0.166667 0.146072 0.014266 200 197 1000 1005 1 1000 1000 0 5
0.166667 0.165947 0.014619 200 192 1000 950 1 1000 1000 0 5
0.166667 0.181202 0.014424 200 219 1000 1058 1 1000 1000 0 5
0.166667 0.162383 0.014232 200 209 1000 1026 1 1000 1000 0 5
0.166667 0.151230 0.014440 200 180 1000 999 1 1000 1000 0 5
0.166667 0.192288 0.014680 200 194 1000 1024 1 1000 1000 0 5
0.166667 0.165799 0.014226 200 194 1000 972 1 1000 1000 0 5
0.166667 0.198255 0.014281 200 205 1000 1008 1 1000 1000 0 5
0.166667 0.167615 0.014433 200 188 1000 989 1 1000 1000 0 5
0.166667 0.163428 0.014112 200 189 1000 999 1 1000 1000 0 5
0.166667 0.164900 0.014485 200 210 1000 996 1 1000 1000 0 5
0.166667 0.167429 0.014422 200 202 1000 1010 1 1000 1000 0 5
0.166667 0.179553 0.014831 200 201 1000 962 1 1000 1000 0 5
0.166667 0.158254 0.014814 200 204 1000 954 1 1000 1000 0 5
0.166667 0.181976 0.015496 200 192 1000 987 1 1000 1000 0 5
0.166667 0.158676 0.014488 200 173 1000 959 1 1000 1000 0 5
0.166667 0.151285 0.014149 200 223 1000 1010 1 1000 1000 0 5
0.166667 0.146172 0.014176 200 190 1000 1044 1 1000 1000 0 5
0.166667 0.158173 0.013789 200 187 1000 1004 1 1000 1000 0 5
0.166667 0.185099 0.014690 200 209 1000 986 1 1000 1000 0 5
0.166667 0.173869 0.014903 200 210 1000 999 1 1000 1000 0 5
0.166667 0.157467 0.013862 200 188 1000 1061 1 1000 1000 0 5
0.166667 0.187174 0.014908 200 191 1000 974 1 1000 1000 0 5
0.166667 0.183809 0.014487 200 195 1000 1015 1 1000 1000 0 5
0.166667 0.149751 0.013904 200 181 1000 1081 1 1000 1000 0 5
0.166667 0.154745 0.014576 200 184 1000 978 1 1000 1000 0 5
0.166667 0.144971 0.014602 200 181 1000 1024 1 1000 1000 0 5
0.166667 0.159740 0.014517 200 215 1000 1017 1 1000 1000 0 5
0.166667 0.164122 0.014162 200 191 1000 1026 1 1000 1000 0 5
0.166667 0.148946 0.014889 200 186 1000 971 1 1000 1000 0 5
0.166667 0.149344 0.014207 200 188 1000 993 1 1000 1000 0 5
0.166667 0.154788 0.013834 200 182 1000 1037 1 1000 1000 0 5
0.166667 0.165666 0.014646 200 179 1000 963 1 1000 1000 0 5
0.166667 0.160512 0.014374 200 205 1000 1019 1 1000 1000 0 5
0.166667 0.174786 0.014583 200 177 1000 994 1 1000 1000 0 5
0.166667 0.174337 0.015051 200 198 1000 1001 1 1000 1000 0 5
0.166667 0.165397 0.013528 200 211 1000 1051 1 1000 1000 0 5
0.166667 0.136717 0.014173 200 182 1000 979 1 1000 1000 0 5
0.166667 0.163466 0.014242 200 178 1000 1019 1 1000 1000 0 5
0.166667 0.188266 0.014763 200 198 1000 963 1 1000 1000 0 5
0.166667 0.158133 0.014356 200 188 1000 1021 1 1000 1000 0 5
0.166667 0.208515 0.014963 200 237 1000 969 1 1000 1000 0 5
0.166667 0.212890 0.014909 200 218 1000 1017 1 1000 1000 0 5
0.166667 0.212053 0.015650 200 210 1000 944 1 1000 1000 0 5
0.166667 0.181688 0.014455 200 182 1000 979 1 1000 1000 0 5
0.166667 0.143384 0.014472 200 192 1000 985 1 1000 1000 0 5
0.166667 0.206865 0.015251 200 220 1000 939 1 1000 1000 0 5
0.166667 0.161481 0.014297 200 209 1000 1014 1 1000 1000 0 5
0.166667 0.178696 0.014611 200 204 1000 978 1 1000 1000 0 5
0.166667 0.167091 0.015034 200 211 1000 964 1 1000 1000 0 5
0.166667 0.183173 0.014413 200 215 1000 1034 1 1000 1000 0 5
0.166667 0.163633 0.014681 200 188 1000 976 1 1000 1000 0 5
0.166667 0.193726 0.014888 200 214 1000 997 1 1000 1000 0 5
0.166667 0.175655 0.014414 200 213 1000 1021 1 1000 1000 0 5
0.166667 0.202619 0.015342 200 226 1000 960 1 1000 1000 0 5
0.166667 0.171217 0.014322 200 198 1000 999 1 1000 1000 0 5
0.166667 0.205615 0.015102 200 214 1000 966 1 1000 1000 0 5
0.166667 0.165040 0.014806 200 190 1000 994 1 1000 1000 0 5
0.166667 0.157925 0.014325 200 192 1000 1043 1 1000 1000 0 5
0.166667 0.142978 0.014425 200 184 1000 997 1 1000 1000 0 5
0.166667 0.156061 0.014251 200 193 1000 1024 1 1000 1000 0 5
0.166667 0.174483 0.014737 200 194 1000 976 1 1000 1000 0 5
0.166667 0.159327 0.014682 200 199 1000 1008 1 1000 1000 0 5
0.166667 0.145789 0.014210 200 199 1000 1078 1 1000 1000 0 5
0.166667 0.184116 0.014433 200 228 1000 1003 1 1000 1000 0 5
0.166667 0.175931 0.014387 200 206 1000 1017 1 1000 1000 0 5
0.166667 0.176329 0.014790 200 203 1000 994 1 1000 1000 0 5
0.166667 0.203066 0.015344 200 237 1000 951 1 1000 1000 0 5
0.166667 0.167249 0.014525 200 208 1000 994 1 1000 1000 0 5
0.166667 0.188601 0.015221 200 199 1000 987 1 1000 1000 0 5
0.166667 0.145483 0.014530 200 189 1000 966 1 1000 1000 0 5
0.166667 0.154813 0.014447 200 193 1000 1025 1 1000 1000 0 5
0.166667 0.144127 0.014206 200 192 1000 1006 1 1000 1000 0 5
0.166667 0.148031 0.014460 200 188 1000 1038 1 1000 1000 0 5
0.166667 0.151560 0.014121 200 176 1000 1059 1 1000 1000 0 5
0.166667 0.172906 0.014483 200 199 1000 980 1 1000 1000 0 5
0.166667 0.165319 0.014779 200 197 1000 992 1 1000 1000 0 5
0.166667 0.139781 0.014043 200 186 1000 1025 1 1000 1000 0 5
0.166667 0.170074 0.014211 200 208 1000 1012 1 1000 1000 0 5
0.166667 0.164152 0.014619 200 189 1000 980 1 1000 1000 0 5
0.166667 0.147240 0.014162 200 177 1000 981 1 1000 1000 0 5
0.166667 0.179723 0.014174 200 193 1000 1020 1 1000 1000 0 5
0.166667 0.138950 0.013737 200 193 1000 1031 1 1000 1000 0 5
0.166667 0.166335 0.014827 200 195 1000 979 1 1000 1000 0 5
0.166667 0.176473 0.014748 200 197 1000 976 1 1000 1000 0 5
0.166667 0.183647 0.014700 200 199 1000 997 1 1000 1000 0 5
0.166667 0.171789 0.014455 200 196 1000 1034 1 1000 1000 0 5
0.166667 0.160820 0.014123 200 211 1000 997 1 1000 1000 0 5
0.166667 0.157754 0.014447 200 203 1000 1000 1 1000 1000 0 5
0.166667 0.175995 0.014712 200 213 1000 966 1 1000 1000 0 5
0.166667 0.155355 0.014548 200 192 1000 1036 1 1000 1000 0 5
0.166667 0.188550 0.014431 200 205 1000 1014 1 1000 1000 0 5
0.166667 0.195306 0.015261 200 208 1000 1001 1 1000 1000 0 5
0.166667 0.171938 0.014257 200 204 1000 1061 1 1000 1000 0 5
0.166667 0.175885 0.014463 200 193 1000 1002 1 1000 1000 0 5
0.166667 0.173573 0.014453 200 194 1000 1008 1 1000 1000 0 5
0.166667 0.194299 0.014597 200 218 1000 968 1 1000 1000 0 5
0.166667 0.178547 0.014478 200 206 1000 978 1 1000 1000 0 5
0.166667 0.172611 0.014876 200 193 1000 946 1 1000 1000 0 5
0.166667 0.189646 0.015256 200 203 1000 944 1 1000 1000 0 5
0.166667 0.165583 0.014545 200 193 1000 983 1 1000 1000 0 5
0.166667 0.169040 0.014985 200 180 1000 931 1 1000 1000 0 5
0.166667 0.171924 0.014552 200 182 1000 989 1 1000 1000 0 5
0.166667 0.166919 0.013937 200 214 1000 1055 1 1000 1000 0 5
0.166667 0.169192 0.014453 200 212 1000 1021 1 1000 1000 0 5
0.166667 0.168990 0.014499 200 210 1000 1018 1 1000 1000 0 5
0.166667 0.161191 0.013928 200 193 1000 1017 1 1000 1000 0 5
0.166667 0.174863 0.014683 200 219 1000 973 1 1000 1000 0 5
0.166667 0.177687 0.014737 200 210 1000 993 1 1000 1000 0 5
0.166667 0.182652 0.014805 200 186 1000 987 1 1000 1000 0 5
0.166667 0.151311 0.014311 200 192 1000 991 1 1000 1000 0 5
0.166667 0.139093 0.013818 200 188 1000 1049 1 1000 1000 0 5
0.166667 0.170915 0.014742 200 209 1000 998 1 1000 1000 0 5
0.166667 0.174127 0.014023 200 215 1000 1022 1 1000 1000 0 5
0.166667 0.162301 0.014535 200 210 1000 995 1 1000 1000 0 5
0.166667 0.182389 0.014787 200 209 1000 992 1 1000 1000 0 5
0.166667 0.193313 0.015129 200 199 1000 1011 1 1000 1000 0 5
0.166667 0.194988 0.014199 200 238 1000 1049 1 1000 1000 0 5
0.166667 0.150161 0.014277 200 194 1000 1027 1 1000 1000 0 5
0.166667 0.143259 0.014583 200 190 1000 977 1 1000 1000 0 5
0.166667 0.177487 0.014458 200 195 1000 996 1 1000 1000 0 5
0.166667 0.197984 0.014782 200 231 1000 1014 1 1000 1000 0 5
0.166667 0.159158 0.014970 200 198 1000 979 1 1000 1000 0 5
0.166667 0.181332 0.014708 200 186 1000 994 1 1000 1000 0 5
0.166667 0.161524 0.014233 200 202 1000 1011 1 1000 1000 0 5
0.166667 0.155675 0.014566 200 170 1000 924 1 1000 1000 0 5
0.166667 0.158382 0.014571 200 218 1000 1055 1 1000 1000 0 5
0.166667 0.159567 0.014936 200 199 1000 957 1 1000 1000 0 5
0.166667 0.176263 0.014396 200 198 1000 1005 1 1000 1000 0 5
0.166667 0.159929 0.014098 200 189 1000 1025 1 1000 1000 0 5
0.166667 0.155218 0.013979 200 189 1000 1061 1 1000 1000 0 5
0.166667 0.204372 0.014980 200 220 1000 1036 1 1000 1000 0 5
0.166667 0.178321 0.015365 200 200 1000 935 1 1000 1000 0 5
0.166667 0.149452 0.014489 200 195 1000 1010 1 1000 1000 0 5
0.166667 0.160084 0.014202 200 181 1000 1014 1 1000 1000 0 5
0.166667 0.170911 0.014354 200 200 1000 984 1 1000 1000 0 5
0.166667 0.198378 0.014969 200 219 1000 954 1 1000 1000 0 5
0.166667 0.164163 0.014558 200 200 1000 1002 1 1000 1000 0 5
0.166667 0.145855 0.014773 200 202 1000 1009 1 1000 1000 0 5
0.166667 0.172778 0.014850 200 201 1000 1002 1 1000 1000 0 5
0.166667 0.164894 0.014754 200 192 1000 956 1 1000 1000 0 5
0.166667 0.174359 0.014477 200 201 1000 1026 1 1000 1000 0 5
0.166667 0.168627 0.013825 200 191 1000 1064 1 1000 1000 0 5
0.166667 0.179588 0.014880 200 192 1000 962 1 1000 1000 0 5
0.166667 0.171314 0.014328 200 204 1000 988 1 1000 1000 0 5
0.166667 0.180836 0.014170 200 211 1000 1014 1 1000 1000 0 5
0.166667 0.149771 0.013801 200 179 1000 1022 1 1000 1000 0 5
0.166667 0.179352 0.014663 200 213 1000 1032 1 1000 1000 0 5
0.166667 0.178644 0.014743 200 209 1000 1014 1 1000 1000 0 5
0.166667 0.167358 0.014586 200 206 1000 993 1 1000 1000 0 5
0.166667 0.134130 0.014072 200 192 1000 979 1 1000 1000 0 5
0.166667 0.124593 0.013356 200 172 1000 1068 1 1000 1000 0 5
0.166667 0.154544 0.014600 200 190 1000 984 1 1000 1000 0 5
0.166667 0.173013 0.014940 200 183 1000 945 1 1000 1000 0 5
0.166667 0.150771 0.013769 200 192 1000 1055 1 1000 1000 0 5
0.166667 0.164050 0.014686 200 194 1000 999 1 1000 1000 0 5
0.166667 0.188310 0.014253 200 229 1000 1051 1 1000 1000 0 5
0.166667 0.198582 0.015120 200 210 1000 976 1 1000 1000 0 5
0.166667 0.149112 0.014466 200 186 1000 943 1 1000 1000 0 5
0.166667 0.162604 0.014179 200 200 1000 987 1 1000 1000 0 5
0.166667 0.170051 0.014468 200 194 1000 984 1 1000 1000 0 5
0.166667 0.160675 0.014794 200 197 1000 988 1 1000 1000 0 5
0.166667 0.182457 0.014335 200 208 1000 1045 1 1000 1000 0 5
0.166667 0.203975 0.016038 200 212 1000 909 1 1000 1000 0 5
0.166667 0.177066 0.014252 200 194 1000 1021 1 1000 1000 0 5
0.166667 0.145006 0.014157 200 168 1000 1000 1 1000 1000 0 5
0.166667 0.180355 0.015024 200 205 1000 966 1 1000 1000 0 5
0.166667 0.199339 0.015114 200 227 1000 942 1 1000 1000 0 5
0.166667 0.164421 0.014736 200 208 1000 989 1 1000 1000 0 5
0.166667 0.150480 0.014845 200 207 1000 979 1 1000 1000 0 5
0.166667 0.190598 0.014660 200 229 1000 1002 1 1000 1000 0 5
0.166667 0.166611 0.014360 200 193 1000 995 1 1000 1000 0 5
0.166667 0.181770 0.015145 200 215 1000 985 1 1000 1000 0 5
0.166667 0.166844 0.014529 200 197 1000 1006 1 1000 1000 0 5
0.166667 0.152476 0.014094 200 192 1000 1025 1 1000 1000 0 5
0.166667 0.166721 0.013886 200 212 1000 1011 1 1000 1000 0 5
0.166667 0.191505 0.014865 200 207 1000 1018 1 1000 1000 0 5
0.166667 0.201180 0.014982 200 224 1000 983 1 1000 1000 0 5
0.166667 0.170101 0.014478 200 197 1000 1010 1 1000 1000 0 5
0.166667 0.190226 0.014630 200 203 1000 988 1 1000 1000 0 5
0.166667 0.166425 0.014872 200 193 1000 980 1 1000 1000 0 5
0.166667 0.174666 0.014423 200 221 1000 1029 1 1000 1000 0 5
0.166667 0.192894 0.014947 200 203 1000 960 1 1000 1000 0 5
0.166667 0.176102 0.014489 200 207 1000 1035 1 1000 1000 0 5
0.166667 0.164538 0.014096 200 194 1000 1035 1 1000 1000 0 5
0.166667 0.151328 0.014412 200 202 1000 965 1 1000 1000 0 5
0.166667 0.164158 0.014070 200 191 1000 1016 1 1000 1000 0 5
0.166667 0.165132 0.014371 200 202 1000 1013 1 1000 1000 0 5
0.166667 0.126034 0.013914 200 179 1000 1012 1 1000 1000 0 5
0.166667 0.144374 0.014178 200 197 1000 1031 1 1000 1000 0 5
0.166667 0.186975 0.014658 200 205 1000 1000 1 1000 1000 0 5
0.166667 0.158536 0.014249 200 202 1000 1017 1 1000 1000 0 5
0.166667 0.174000 0.014603 200 176 1000 1006 1 1000 1000 0 5
0.166667 0.175918 0.014291 200 208 1000 1011 1 1000 1000 0 5
0.166667 0.170375 0.015040 200 187 1000 934 1 1000 1000 0 5
0.166667 0.180216 0.015108 200 219 1000 979 1 1000 1000 0 5
0.166667 0.158612 0.014678 200 214 1000 1009 1 1000 1000 0 5
0.166667 0.193748 0.014759 200 228 1000 1005 1 1000 1000 0 5
0.166667 0.123423 0.014200 200 182 1000 1020 1 1000 1000 0 5
0.166667 0.159862 0.013548 200 183 1000 1061 1 1000 1000 0 5
0.166667 0.172094 0.014037 200 183 1000 1056 1 1000 1000 0 5
0.166667 0.185934 0.015284 200 219 1000 981 1 1000 1000 0 5
0.166667 0.191602 0.014282 200 233 1000 1015 1 1000 1000 0 5
0.166667 0.153250 0.014405 200 198 1000 1011 1 1000 1000 0 5
0.166667 0.153095 0.014677 200 189 1000 972 1 1000 1000 0 5
0.166667 0.192193 0.014851 200 215 1000 960 1 1000 1000 0 5
0.166667 0.127016 0.013843 200 204 1000 1031 1 1000 1000 0 5
0.166667 0.159088 0.014686 200 193 1000 951 1 1000 1000 0 5
0.166667 0.159751 0.013974 200 183 1000 1006 1 1000 1000 0 5
0.166667 0.191773 0.014785 200 223 1000 1017 1 1000 1000 0 5
0.166667 0.175667 0.014384 200 191 1000 985 1 1000 1000 0 5
0.166667 0.155674 0.014745 200 194 1000 1030 1 1000 1000 0 5
0.166667 0.168258 0.013988 200 209 1000 1037 1 1000 1000 0 5
0.166667 0.188298 0.015298 200 206 1000 987 1 1000 1000 0 5
0.166667 0.170921 0.014853 200 195 1000 1014 1 1000 1000 0 5
0.166667 0.174867 0.015051 200 209 1000 1001 1 1000 1000 0 5
0.166667 0.167351 0.014207 200 215 1000 1056 1 1000 1000 0 5
0.166667 0.168668 0.015003 200 212 1000 951 1 1000 1000 0 5
0.166667 0.149503 0.014225 200 206 1000 1037 1 1000 1000 0 5
0.166667 0.184778 0.014713 200 209 1000 991 1 1000 1000 0 5
0.166667 0.168985 0.014616 200 212 1000 1001 1 1000 1000 0 5
0.166667 0.165993 0.014402 200 216 1000 1024 1 1000 1000 0 5
0.166667 0.161316 0.014635 200 185 1000 1025 1 1000 1000 0 5
0.166667 0.185855 0.014552 200 212 1000 972 1 1000 1000 0 5
0.166667 0.167275 0.014345 200 214 1000 1032 1 1000 1000 0 5
0.166667 0.157722 0.014294 200 213 1000 976 1 1000 1000 0 5
0.166667 0.186847 0.014777 200 203 1000 1003 1 1000 1000 0 5
0.166667 0.156989 0.014287 200 192 1000 991 1 1000 1000 0 5
0.166667 0.165260 0.014086 200 202 1000 1012 1 1000 1000 0 5
0.166667 0.155676 0.014287 200 176 1000 1014 1 1000 1000 0 5
0.166667 0.177816 0.014942 200 205 1000 968 1 1000 1000 0 5
0.166667 0.151414 0.014234 200 192 1000 982 1 1000 1000 0 5
0.166667 0.125133 0.014071 200 186 1000 1012 1 1000 1000 0 5
0.166667 0.183458 0.015076 200 220 1000 964 1 1000 1000 0 5
0.166667 0.150398 0.014388 200 193 1000 1024 1 1000 1000 0 5
0.166667 0.142203 0.013352 200 200 1000 1067 1 1000 1000 0 5
0.166667 0.173486 0.014349 200 212 1000 998 1 1000 1000 0 5
0.166667 0.157489 0.014768 200 182 1000 970 1 1000 1000 0 5
0.166667 0.142475 0.014608 200 192 1000 1002 1 1000 1000 0 5
0.166667 0.151360 0.013754 200 185 1000 1003 1 1000 1000 0 5
0.166667 0.166955 0.014466 200 190 1000 1012 1 1000 1000 0 5
0.166667 0.170882 0.014324 200 212 1000 1033 1 1000 1000 0 5
0.166667 0.174253 0.014041 200 201 1000 1037 1 1000 1000 0 5
0.166667 0.187686 0.014535 200 212 1000 982 1 1000 1000 0 5
0.166667 0.170795 0.014593 200 205 1000 1009 1 1000 1000 0 5
0.166667 0.159571 0.014403 200 208 1000 1016 1 1000 1000 0 5
0.166667 0.198014 0.014699 200 216 1000 1014 1 1000 1000 0 5
0.166667 0.176892 0.014412 200 213 1000 1055 1 1000 1000 0 5
0.166667 0.172549 0.013618 200 194 1000 1054 1 1000 1000 0 5
0.166667 0.161985 0.015263 200 191 1000 949 1 1000 1000 0 5
0.166667 0.177266 0.014406 200 194 1000 1011 1 1000 1000 0 5
0.166667 0.157858 0.014568 200 207 1000 989 1 1000 1000 0 5
0.166667 0.165622 0.013748 200 195 1000 1025 1 1000 1000 0 5
0.166667 0.180169 0.014778 200 197 1000 958 1 1000 1000 0 5
0.166667 0.167112 0.014876 200 195 1000 979 1 1000 1000 0 5
0.166667 0.150351 0.014224 200 187 1000 984 1 1000 1000 0 5
0.166667 0.153373 0.014587 200 189 1000 987 1 1000 1000 0 5
0.166667 0.174035 0.014576 200 202 1000 1006 1 1000 1000 0 5
0.166667 0.164483 0.014612 200 210 1000 1007 1 1000 1000 0 5
0.166667 0.186586 0.014282 200 210 1000 1031 1 1000 1000 0 5
0.166667 0.158817 0.014374 200 206 1000 984 1 1000 1000 0 5
0.166667 0.188658 0.014514 200 214 1000 998 1 1000 1000 0 5
0.166667 0.144152 0.014226 200 190 1000 980 1 1000 1000 0 5
0.166667 0.144121 0.013773 200 211 1000 1015 1 1000 1000 0 5
0.166667 0.169633 0.014528 200 185 1000 985 1 1000 1000 0 5
0.166667 0.169774 0.014358 200 192 1000 999 1 1000 1000 0 5
0.166667 0.154728 0.013662 200 196 1000 1030 1 1000 1000 0 5
0.166667 0.167512 0.015559 200 202 1000 973 1 1000 1000 0 5
0.166667 0.174037 0.014176 200 192 1000 995 1 1000 1000 0 5
0.166667 0.133145 0.013311 200 181 1000 1045 1 1000 1000 0 5
0.166667 0.168124 0.015100 200 218 1000 996 1 1000 1000 0 5
0.166667 0.190715 0.014771 200 224 1000 981 1 1000 1000 0 5
0.166667 0.152780 0.014316 200 173 1000 1031 1 1000 1000 0 5
0.166667 0.134899 0.014131 200 188 1000 991 1 1000 1000 0 5
0.166667 0.168200 0.014737 200 195 1000 964 1 1000 1000 0 5
0.166667 0.177584 0.014707 200 197 1000 971 1 1000 1000 0 5
0.166667 0.170276 0.015076 200 206 1000 959 1 1000 1000 0 5
0.166667 0.158359 0.014662 200 196 1000 1000 1 1000 1000 0 5
0.166667 0.169672 0.014658 200 194 1000 984 1 1000 1000 0 5
0.166667 0.170638 0.014334 200 188 1000 997 1 1000 1000 0 5
0.166667 0.157663 0.014550 200 196 1000 997 1 1000 1000 0 5
0.166667 0.155121 0.014565 200 201 1000 987 1 1000 1000 0 5
0.166667 0.162511 0.014759 200 197 1000 974 1 1000 1000 0 5
0.166667 0.128292 0.013913 200 181 1000 1028 1 1000 1000 0 5
0.166667 0.145721 0.014507 200 181 1000 952 1 1000 1000 0 5
0.166667 0.144434 0.014349 200 208 1000 982 1 1000 1000 0 5
0.166667 0.177087 0.014759 200 191 1000 998 1 1000 1000 0 5
0.166667 0.157297 0.014123 200 214 1000 1029 1 1000 1000 0 5
0.166667 0.151822 0.014285 200 183 1000 1025 1 1000 1000 0 5
0.166667 0.146071 0.014079 200 193 1000 991 1 1000 1000 0 5
0.166667 0.156151 0.014400 200 183 1000 1001 1 1000 1000 0 5
0.166667 0.177488 0.015012 200 210 1000 956 1 1000 1000 0 5
0.166667 0.182420 0.014745 200 217 1000 999 1 1000 1000 0 5
0.166667 0.178763 0.014272 200 206 1000 1043 1 1000 1000 0 5
0.166667 0.145219 0.014128 200 191 1000 1051 1 1000 1000 0 5
0.166667 0.198043 0.014928 200 212 1000 1007 1 1000 1000 0 5
0.166667 0.178304 0.015055 200 218 1000 941 1 1000 1000 0 5
0.166667 0.124764 0.013860 200 186 1000 1055 1 1000 1000 0 5
0.166667 0.169804 0.014672 200 216 1000 1024 1 1000 1000 0 5
0.166667 0.139315 0.014524 200 191 1000 1006 1 1000 1000 0 5
0.166667 0.150544 0.014711 200 190 1000 965 1 1000 1000 0 5
0.166667 0.158761 0.014919 200 192 1000 932 1 1000 1000 0 5
0.166667 0.170576 0.014305 200 218 1000 1011 1 1000 1000 0 5
0.166667 0.202116 0.015474 200 215 1000 980 1 1000 1000 0 5
0.166667 0.159406 0.014239 200 204 1000 1052 1 1000 1000 0 5
0.166667 0.146313 0.014138 200 184 1000 1043 1 1000 1000 0 5
0.166667 0.187029 0.014956 200 189 1000 960 1 1000 1000 0 5
0.166667 0.192502 0.015095 200 221 1000 971 1 1000 1000 0 5
0.166667 0.173230 0.014204 200 196 1000 1062 1 1000 1000 0 5
0.166667 0.188416 0.014904 200 213 1000 966 1 1000 1000 0 5
0.166667 0.144932 0.013837 200 196 1000 1013 1 1000 1000 0 5
0.166667 0.172872 0.014459 200 207 1000 979 1 1000 1000 0 5
0.166667 0.170641 0.014749 200 188 1000 994 1 1000 1000 0 5
0.166667 0.183726 0.014904 200 243 1000 981 1 1000 1000 0 5
0.166667 0.193730 0.014752 200 220 1000 983 1 1000 1000 0 5
0.166667 0.150950 0.013878 200 194 1000 1016 1 1000 1000 0 5
0.166667 0.166581 0.013804 200 207 1000 1067 1 1000 1000 0 5
0.166667 0.161330 0.014532 200 181 1000 991 1 1000 1000 0 5
0.166667 0.161261 0.013975 200 193 1000 973 1 1000 1000 0 5
0.166667 0.165674 0.014198 200 203 1000 990 1 1000 1000 0 5
0.166667 0.155534 0.014646 200 203 1000 992 1 1000 1000 0 5
0.166667 0.166837 0.014673 200 198 1000 977 1 1000 1000 0 5
0.166667 0.135765 0.014010 200 187 1000 1033 1 1000 1000 0 5
0.166667 0.171093 0.014704 200 203 1000 1016 1 1000 1000 0 5
0.166667 0.162515 0.014344 200 197 1000 990 1 1000 1000 0 5
0.166667 0.158170 0.014617 200 189 1000 978 1 1000 1000 0 5
0.166667 0.167845 0.014899 200 189 1000 925 1 1000 1000 0 5
0.166667 0.163399 0.014628 200 211 1000 1002 1 1000 1000 0 5
0.166667 0.139099 0.013591 200 184 1000 1023 1 1000 1000 0 5
0.166667 0.155217 0.014239 200 194 1000 1030 1 1000 1000 0 5
0.166667 0.193028 0.014901 200 215 1000 972 1 1000 1000 0 5
0.166667 0.171377 0.014806 200 188 1000 1019 1 1000 1000 0 5
0.166667 0.156657 0.014628 200 215 1000 1013 1 1000 1000 0 5
0.166667 0.153466 0.014166 200 192 1000 1044 1 1000 1000 0 5
0.166667 0.164228 0.014232 200 207 1000 1021 1 1000 1000 0 5
0.166667 0.182517 0.014698 200 207 1000 991 1 1000 1000 0 5
0.166667 0.173323 0.014589 200 204 1000 1020 1 1000 1000 0 5
0.166667 0.175650 0.014812 200 217 1000 986 1 1000 1000 0 5
0.166667 0.200443 0.014811 200 225 1000 975 1 1000 1000 0 5
0.166667 0.144433 0.014089 200 191 1000 1012 1 1000 1000 0 5
0.166667 0.194800 0.015329 200 211 1000 948 1 1000 1000 0 5
0.166667 0.179330 0.014430 200 217 1000 994 1 1000 1000 0 5
0.166667 0.200609 0.014962 200 233 1000 980 1 1000 1000 0 5
0.166667 0.167484 0.014144 200 173 1000 1032 1 1000 1000 0 5
0.166667 0.165790 0.014487 200 205 1000 995 1 1000 1000 0 5
0.166667 0.167545 0.014297 200 206 1000 994 1 1000 1000 0 5
0.166667 0.138815 0.013724 200 180 1000 1020 1 1000 1000 0 5
0.166667 0.168787 0.014891 200 206 1000 1024 1 1000 1000 0 5
0.166667 0.179172 0.014565 200 202 1000 986 1 1000 1000 0 5
0.166667 0.159700 0.013814 200 203 1000 1029 1 1000 1000 0 5
0.166667 0.182223 0.014738 200 206 1000 978 1 1000 1000 0 5
0.166667 0.169647 0.014157 200 198 1000 1033 1 1000 1000 0 5
0.166667 0.182174 0.014959 200 206 1000 969 1 1000 1000 0 5
0.166667 0.183505 0.014828 200 210 1000 979 1 1000 1000 0 5
0.166667 0.149816 0.014404 200 195 1000 1006 1 1000 1000 0 5
0.166667 0.172105 0.014757 200 182 1000 965 1 1000 1000 0 5
0.166667 0.183052 0.015102 200 190 1000 985 1 1000 1000 0 5
0.166667 0.206209 0.014558 200 248 1000 1036 1 1000 1000 0 5
0.166667 0.174687 0.014092 200 196 1000 1047 1 1000 1000 0 5
0.166667 0.187311 0.015701 200 217 1000 935 1 1000 1000 0 5
0.166667 0.173312 0.014889 200 201 1000 960 1 1000 1000 0 5
0.166667 0.180598 0.014869 200 197 1000 1003 1 1000 1000 0 5
0.166667 0.161269 0.014830 200 190 1000 987 1 1000 1000 0 5
0.166667 0.164895 0.013996 200 216 1000 1032 1 1000 1000 0 5
0.166667 0.182870 0.014222 200 207 1000 1006 1 1000 1000 0 5
0.166667 0.170893 0.014850 200 184 1000 973 1 1000 1000 0 5
0.166667 0.184633 0.014562 200 208 1000 1053 1 1000 1000 0 5
0.166667 0.169493 0.014487 200 191 1000 971 1 1000 1000 0 5
0.166667 0.175200 0.014541 200 203 1000 1017 1 1000 1000 0 5
0.166667 0.162441 0.014314 200 199 1000 1033 1 1000 1000 0 5
0.166667 0.197053 0.014876 200 222 1000 965 1 1000 1000 0 5
0.166667 0.172755 0.014502 200 206 1000 1045 1 1000 1000 0 5
0.166667 0.175450 0.015274 200 187 1000 960 1 1000 1000 0 5
0.166667 0.180853 0.014825 200 222 1000 1001 1 1000 1000 0 5
0.166667 0.140600 0.013799 200 169 1000 1056 1 1000 1000 0 5
0.166667 0.161775 0.014833 200 213 1000 1025 1 1000 1000 0 5
0.166667 0.138889 0.013947 200 215 1000 1084 1 1000 1000 0 5
0.166667 0.178749 0.014702 200 195 1000 977 1 1000 1000 0 5
0.166667 0.150646 0.013916 200 196 1000 989 1 1000 1000 0 5
0.166667 0.150875 0.014391 200 208 1000 1033 1 1000 1000 0 5
0.166667 0.172675 0.014433 200 173 1000 1022 1 1000 1000 0 5
0.166667 0.171981 0.015238 200 225 1000 986 1 1000 1000 0 5
0.166667 0.184425 0.014564 200 200 1000 1000 1 1000 1000 0 5
0.166667 0.175219 0.015313 200 215 1000 945 1 1000 1000 0 5
0.166667 0.174301 0.015289 200 193 1000 934 1 1000 1000 0 5
0.166667 0.172956 0.014842 200 192 1000 968 1 1000 1000 0 5
0.166667 0.186017 0.015006 200 207 1000 983 1 1000 1000 0 5
0.166667 0.171336 0.014208 200 215 1000 1062 1 1000 1000 0 5
0.166667 0.165588 0.014471 200 175 1000 1014 1 1000 1000 0 5
0.166667 0.177623 0.014420 200 199 1000 1017 1 1000 1000 0 5
0.166667 0.171006 0.014529 200 195 1000 1006 1 1000 1000 0 5
0.166667 0.154428 0.013657 200 181 1000 1017 1 1000 1000 0 5
0.166667 0.182511 0.014688 200 219 1000 994 1 1000 1000 0 5
0.166667 0.178772 0.015550 200 180 1000 921 1 1000 1000 0 5
0.166667 0.153808 0.014038 200 185 1000 1022 1 1000 1000 0 5
0.166667 0.190864 0.014331 200 229 1000 1013 1 1000 1000 0 5
0.166667 0.193373 0.013887 200 212 1000 1000 1 1000 1000 0 5
0.166667 0.169610 0.015001 200 182 1000 958 1 1000 1000 0 5
0.166667 0.162172 0.014734 200 196 1000 987 1 1000 1000 0 5
0.166667 0.191542 0.015435 200 197 1000 937 1 1000 1000 0 5
0.166667 0.163064 0.014498 200 196 1000 954 1 1000 1000 0 5
0.166667 0.180506 0.014678 200 208 1000 1013 1 1000 1000 0 5
0.166667 0.190728 0.015216 200 205 1000 978 1 1000 1000 0 5
0.166667 0.149280 0.013698 200 198 1000 1069 1 1000 1000 0 5
0.166667 0.162536 0.014845 200 203 1000 985 1 1000 1000 0 5
0.166667 0.188791 0.015164 200 209 1000 950 1 1000 1000 0 5
0.166667 0.173418 0.014097 200 217 1000 1051 1 1000 1000 0 5
0.166667 0.155797 0.014946 200 210 1000 953 1 1000 1000 0 5
0.166667 0.162220 0.015211 200 208 1000 972 1 1000 1000 0 5
0.166667 0.164596 0.013994 200 185 1000 985 1 1000 1000 0 5
0.166667 0.178424 0.015161 200 204 1000 964 1 1000 1000 0 5
0.166667 0.158210 0.014298 200 202 1000 985 1 1000 1000 0 5
0.166667 0.157718 0.013863 200 194 1000 1028 1 1000 1000 0 5
0.166667 0.163712 0.014241 200 208 1000 1043 1 1000 1000 0 5
0.166667 0.151176 0.014873 200 195 1000 981 1 1000 1000 0 5
0.166667 0.218177 0.015759 200 235 1000 924 1 1000 1000 0 5
0.166667 0.169856 0.014136 200 187 1000 1049 1 1000 1000 0 5
0.166667 0.177844 0.014437 200 203 1000 1003 1 1000 1000 0 5
0.166667 0.172356 0.014618 200 185 1000 1000 1 1000 1000 0 5
0.166667 0.160449 0.014857 200 211 1000 970 1 1000 1000 0 5
0.166667 0.140242 0.013835 200 195 1000 1019 1 1000 1000 0 5
0.166667 0.173881 0.014901 200 221 1000 982 1 1000 1000 0 5
0.166667 0.167189 0.014570 200 172 1000 999 1 1000 1000 0 5
0.166667 0.176076 0.014377 200 203 1000 1053 1 1000 1000 0 5
0.166667 0.192929 0.014985 200 222 1000 1016 1 1000 1000 0 5
0.166667 0.142654 0.013887 200 198 1000 1034 1 1000 1000 0 5
0.166667 0.159457 0.014622 200 195 1000 1003 1 1000 1000 0 5
0.166667 0.160316 0.014288 200 187 1000 1021 1 1000 1000 0 5
0.166667 0.175984 0.014653 200 210 1000 962 1 1000 1000 0 5
0.166667 0.180373 0.014598 200 228 1000 1003 1 1000 1000 0 5
0.166667 0.178781 0.014596 200 207 1000 1000 1 1000 1000 0 5
0.166667 0.146412 0.013723 200 182 1000 1029 1 1000 1000 0 5
0.166667 0.155916 0.014271 200 184 1000 1011 1 1000 1000 0 5
0.166667 0.178505 0.015507 200 192 1000 961 1 1000 1000 0 5
0.166667 0.183016 0.015068 200 209 1000 950 1 1000 1000 0 5
