0.166667 0.173113 0.015178 200 196 1000 957 1 1000 1000 1000 10
0.166667 0.186494 0.014760 200 201 1000 991 1 1000 1000 1000 10
0.166667 0.181434 0.015335 200 192 1000 994 1 1000 1000 1000 10
0.166667 0.180932 0.014857 200 204 1000 955 1 1000 1000 1000 10
0.166667 0.199878 0.014956 200 217 1000 1021 1 1000 1000 1000 10
0.166667 0.160165 0.014224 200 209 1000 1051 1 1000 1000 1000 10
0.166667 0.175087 0.014790 200 192 1000 987 1 1000 1000 1000 10
0.166667 0.175525 0.014946 200 197 1000 960 1 1000 1000 1000 10
0.166667 0.175208 0.015156 200 206 1000 969 1 1000 1000 1000 10
0.166667 0.169194 0.015186 200 206 1000 1044 1 1000 1000 1000 10
0.166667 0.189946 0.014330 200 212 1000 1052 1 1000 1000 1000 10
0.166667 0.147619 0.014379 200 186 1000 1000 1 1000 1000 1000 10
0.166667 0.164630 0.014808 200 198 1000 975 1 1000 1000 1000 10
0.166667 0.175337 0.014821 200 203 1000 997 1 1000 1000 1000 10
0.166667 0.186294 0.015335 200 223 1000 990 1 1000 1000 1000 10
0.166667 0.172855 0.014921 200 208 1000 977 1 1000 1000 1000 10
0.166667 0.146754 0.014563 200 179 1000 1002 1 1000 1000 1000 10
0.166667 0.142918 0.015011 200 197 1000 956 1 1000 1000 1000 10
0.166667 0.135291 0.014190 200 194 1000 1008 1 1000 1000 1000 10
0.166667 0.174560 0.014883 200 220 1000 1024 1 1000 1000 1000 10
0.166667 0.173517 0.014861 200 198 1000 1004 1 1000 1000 1000 10
0.166667 0.158587 0.014508 200 199 1000 1028 1 1000 1000 1000 10
0.166667 0.154731 0.014173 200 175 1000 999 1 1000 1000 1000 10
0.166667 0.190435 0.014909 200 205 1000 1061 1 1000 1000 1000 10
0.166667 0.177944 0.014779 200 204 1000 1041 1 1000 1000 1000 10
0.166667 0.163009 0.014354 200 211 1000 998 1 1000 1000 1000 10
0.166667 0.176302 0.014277 200 210 1000 1054 1 1000 1000 1000 10
0.166667 0.169729 0.014377 200 205 1000 1003 1 1000 1000 1000 10
0.166667 0.192338 0.015352 200 208 1000 947 1 1000 1000 1000 10
0.166667 0.153884 0.014575 200 189 1000 966 1 1000 1000 1000 10
0.166667 0.190540 0.015261 200 202 1000 958 1 1000 1000 1000 10
0.166667 0.177511 0.014809 200 197 1000 1021 1 1000 1000 1000 10
0.166667 0.192091 0.015346 200 210 1000 987 1 1000 1000 1000 10
0.166667 0.159212 0.014539 200 208 1000 1022 1 1000 1000 1000 10
0.166667 0.173744 0.014824 200 211 1000 1000 1 1000 1000 1000 10
0.166667 0.180512 0.014997 200 183 1000 995 1 1000 1000 1000 10
0.166667 0.176050 0.014292 200 193 1000 1029 1 1000 1000 1000 10
0.166667 0.177420 0.014363 200 217 1000 1014 1 1000 1000 1000 10
0.166667 0.173155 0.014767 200 200 1000 1011 1 1000 1000 1000 10
0.166667 0.168815 0.014457 200 207 1000 1018 1 1000 1000 1000 10
0.166667 0.173695 0.015431 200 193 1000 948 1 1000 1000 1000 10
0.166667 0.182117 0.015412 200 180 1000 958 1 1000 1000 1000 10
0.166667 0.170021 0.014637 200 191 1000 1005 1 1000 1000 1000 10
0.166667 0.172721 0.014706 200 200 1000 986 1 1000 1000 1000 10
0.166667 0.173578 0.014956 200 208 1000 979 1 1000 1000 1000 10
0.166667 0.178248 0.014882 200 194 1000 1007 1 1000 1000 1000 10
0.166667 0.184873 0.014965 200 214 1000 1036 1 1000 1000 1000 10
0.166667 0.163832 0.014964 200 202 1000 972 1 1000 1000 1000 10
0.166667 0.185974 0.014948 200 201 1000 1030 1 1000 1000 1000 10
0.166667 0.175289 0.014785 200 175 1000 976 1 1000 1000 1000 10
0.166667 0.168287 0.014751 200 189 1000 1000 1 1000 1000 1000 10
0.166667 0.159796 0.014161 200 193 1000 1041 1 1000 1000 1000 10
0.166667 0.199136 0.015078 200 208 1000 983 1 1000 1000 1000 10
0.166667 0.174378 0.014862 200 198 1000 1022 1 1000 1000 1000 10
0.166667 0.186935 0.014702 200 207 1000 1014 1 1000 1000 1000 10
0.166667 0.176133 0.014700 200 202 1000 998 1 1000 1000 1000 10
0.166667 0.155218 0.014281 200 183 1000 981 1 1000 1000 1000 10
0.166667 0.186380 0.014795 200 201 1000 1047 1 1000 1000 1000 10
0.166667 0.165141 0.014589 200 224 1000 1024 1 1000 1000 1000 10
0.166667 0.173515 0.014336 200 192 1000 1065 1 1000 1000 1000 10
0.166667 0.176048 0.015310 200 210 1000 994 1 1000 1000 1000 10
0.166667 0.168276 0.014841 200 199 1000 975 1 1000 1000 1000 10
0.166667 0.198630 0.015482 200 211 1000 980 1 1000 1000 1000 10
0.166667 0.148807 0.014464 200 193 1000 1007 1 1000 1000 1000 10
0.166667 0.178333 0.015142 200 231 1000 993 1 1000 1000 1000 10
0.166667 0.170338 0.015155 200 210 1000 1006 1 1000 1000 1000 10
0.166667 0.196124 0.015401 200 220 1000 977 1 1000 1000 1000 10
0.166667 0.201066 0.014713 200 218 1000 1016 1 1000 1000 1000 10
0.166667 0.182651 0.014746 200 227 1000 1012 1 1000 1000 1000 10
0.166667 0.158978 0.014854 200 191 1000 1065 1 1000 1000 1000 10
0.166667 0.159238 0.014325 200 180 1000 1008 1 1000 1000 1000 10
0.166667 0.143657 0.014171 200 186 1000 1047 1 1000 1000 1000 10
0.166667 0.178420 0.014863 200 178 1000 994 1 1000 1000 1000 10
0.166667 0.142332 0.013686 200 183 1000 1050 1 1000 1000 1000 10
0.166667 0.197932 0.014970 200 205 1000 1002 1 1000 1000 1000 10
0.166667 0.172923 0.014930 200 204 1000 991 1 1000 1000 1000 10
0.166667 0.171543 0.014445 200 209 1000 1038 1 1000 1000 1000 10
0.166667 0.189435 0.014888 200 193 1000 1018 1 1000 1000 1000 10
0.166667 0.152385 0.014586 200 208 1000 1018 1 1000 1000 1000 10
0.166667 0.178579 0.014363 200 204 1000 1038 1 1000 1000 1000 10
0.166667 0.176355 0.015240 200 219 1000 960 1 1000 1000 1000 10
0.166667 0.166016 0.014752 200 204 1000 1002 1 1000 1000 1000 10
0.166667 0.209935 0.015571 200 226 1000 952 1 1000 1000 1000 10
0.166667 0.180083 0.014385 200 188 1000 999 1 1000 1000 1000 10
0.166667 0.160072 0.014646 200 216 1000 991 1 1000 1000 1000 10
0.166667 0.188428 0.014484 200 211 1000 1071 1 1000 1000 1000 10
0.166667 0.170691 0.014728 200 217 1000 1014 1 1000 1000 1000 10
0.166667 0.161358 0.014855 200 186 1000 983 1 1000 1000 1000 10
0.166667 0.149567 0.015001 200 192 1000 1003 1 1000 1000 1000 10
0.166667 0.150759 0.014541 200 166 1000 1005 1 1000 1000 1000 10
0.166667 0.173755 0.014708 200 217 1000 1000 1 1000 1000 1000 10
0.166667 0.172874 0.015319 200 211 1000 956 1 1000 1000 1000 10
0.166667 0.176583 0.014382 200 176 1000 1013 1 1000 1000 1000 10
0.166667 0.160041 0.014344 200 176 1000 1047 1 1000 1000 1000 10
0.166667 0.165279 0.015000 200 210 1000 993 1 1000 1000 1000 10
0.166667 0.185391 0.015273 200 212 1000 980 1 1000 1000 1000 10
0.166667 0.156129 0.014438 200 186 1000 1053 1 1000 1000 1000 10
0.166667 0.172779 0.015101 200 191 1000 963 1 1000 1000 1000 10
0.166667 0.188313 0.014831 200 213 1000 1030 1 1000 1000 1000 10
0.166667 0.178639 0.015032 200 211 1000 983 1 1000 1000 1000 10
0.166667 0.173865 0.014897 200 218 1000 989 1 1000 1000 1000 10
0.166667 0.162067 0.014496 200 190 1000 1043 1 1000 1000 1000 10
0.166667 0.195684 0.015695 200 187 1000 957 1 1000 1000 1000 10
0.166667 0.170525 0.014911 200 221 1000 1018 1 1000 1000 1000 10
0.166667 0.146636 0.014138 200 189 1000 1060 1 1000 1000 1000 10
0.166667 0.167679 0.015074 200 197 1000 1019 1 1000 1000 1000 10
0.166667 0.161624 0.014799 200 203 1000 1009 1 1000 1000 1000 10
0.166667 0.187504 0.014845 200 207 1000 1003 1 1000 1000 1000 10
0.166667 0.171749 0.015378 200 188 1000 969 1 1000 1000 1000 10
0.166667 0.211501 0.015269 200 224 1000 944 1 1000 1000 1000 10
0.166667 0.170501 0.014672 200 202 1000 1027 1 1000 1000 1000 10
0.166667 0.206868 0.014630 200 214 1000 1061 1 1000 1000 1000 10
0.166667 0.160019 0.014496 200 201 1000 1037 1 1000 1000 1000 10
0.166667 0.163557 0.013773 200 196 1000 1032 1 1000 1000 1000 10
0.166667 0.174932 0.014563 200 184 1000 1001 1 1000 1000 1000 10
0.166667 0.184010 0.014763 200 204 1000 1000 1 1000 1000 1000 10
0.166667 0.166372 0.014613 200 216 1000 994 1 1000 1000 1000 10
0.166667 0.151505 0.014436 200 178 1000 1013 1 1000 1000 1000 10
0.166667 0.167548 0.015038 200 203 1000 989 1 1000 1000 1000 10
0.166667 0.193943 0.015508 200 204 1000 962 1 1000 1000 1000 10
0.166667 0.185570 0.014651 200 204 1000 1047 1 1000 1000 1000 10
0.166667 0.186522 0.015035 200 183 1000 967 1 1000 1000 1000 10
0.166667 0.190030 0.014677 200 200 1000 999 1 1000 1000 1000 10
0.166667 0.187153 0.014715 200 200 1000 1005 1 1000 1000 1000 10
0.166667 0.177998 0.014301 200 202 1000 1067 1 1000 1000 1000 10
0.166667 0.172325 0.014899 200 177 1000 976 1 1000 1000 1000 10
0.166667 0.161487 0.014709 200 183 1000 996 1 1000 1000 1000 10
0.166667 0.167284 0.014952 200 201 1000 972 1 1000 1000 1000 10
0.166667 0.163833 0.015190 200 187 1000 1004 1 1000 1000 1000 10
0.166667 0.161319 0.015718 200 165 1000 933 1 1000 1000 1000 10
0.166667 0.200958 0.014983 200 238 1000 1005 1 1000 1000 1000 10
0.166667 0.182664 0.015308 200 197 1000 952 1 1000 1000 1000 10
0.166667 0.148519 0.014086 200 189 1000 1007 1 1000 1000 1000 10
0.166667 0.192175 0.015131 200 201 1000 964 1 1000 1000 1000 10
0.166667 0.182525 0.014746 200 192 1000 978 1 1000 1000 1000 10
0.166667 0.202767 0.015260 200 213 1000 980 1 1000 1000 1000 10
0.166667 0.178145 0.015705 200 200 1000 970 1 1000 1000 1000 10
0.166667 0.176473 0.014721 200 186 1000 997 1 1000 1000 1000 10
0.166667 0.161098 0.015634 200 190 1000 938 1 1000 1000 1000 10
0.166667 0.198788 0.015138 200 218 1000 988 1 1000 1000 1000 10
0.166667 0.187659 0.015092 200 215 1000 989 1 1000 1000 1000 10
0.166667 0.167188 0.014780 200 178 1000 1018 1 1000 1000 1000 10
0.166667 0.192891 0.015206 200 194 1000 991 1 1000 1000 1000 10
0.166667 0.183127 0.015218 200 210 1000 968 1 1000 1000 1000 10
0.166667 0.160393 0.014045 200 202 1000 1075 1 1000 1000 1000 10
0.166667 0.197962 0.014935 200 209 1000 993 1 1000 1000 1000 10
0.166667 0.159944 0.014952 200 191 1000 997 1 1000 1000 1000 10
0.166667 0.128395 0.014211 200 159 1000 985 1 1000 1000 1000 10
0.166667 0.186145 0.014812 200 206 1000 1034 1 1000 1000 1000 10
0.166667 0.194189 0.015276 200 202 1000 948 1 1000 1000 1000 10
0.166667 0.160696 0.015076 200 178 1000 956 1 1000 1000 1000 10
0.166667 0.176833 0.014825 200 192 1000 978 1 1000 1000 1000 10
0.166667 0.151095 0.013776 200 178 1000 1039 1 1000 1000 1000 10
0.166667 0.143891 0.013637 200 200 1000 1091 1 1000 1000 1000 10
0.166667 0.199668 0.015177 200 214 1000 1013 1 1000 1000 1000 10
0.166667 0.167484 0.015093 200 187 1000 932 1 1000 1000 1000 10
0.166667 0.177007 0.015089 200 201 1000 1009 1 1000 1000 1000 10
0.166667 0.171367 0.014885 200 206 1000 1006 1 1000 1000 1000 10
0.166667 0.165588 0.014583 200 216 1000 978 1 1000 1000 1000 10
0.166667 0.188200 0.014901 200 197 1000 971 1 1000 1000 1000 10
0.166667 0.169404 0.015246 200 196 1000 991 1 1000 1000 1000 10
0.166667 0.187610 0.014610 200 213 1000 1038 1 1000 1000 1000 10
0.166667 0.168361 0.014566 200 179 1000 964 1 1000 1000 1000 10
0.166667 0.186095 0.014615 200 213 1000 1011 1 1000 1000 1000 10
0.166667 0.195029 0.014885 200 224 1000 1016 1 1000 1000 1000 10
0.166667 0.166334 0.014751 200 202 1000 989 1 1000 1000 1000 10
0.166667 0.184466 0.014743 200 219 1000 1018 1 1000 1000 1000 10
0.166667 0.181557 0.015521 200 192 1000 942 1 1000 1000 1000 10
0.166667 0.151554 0.014425 200 202 1000 974 1 1000 1000 1000 10
0.166667 0.168412 0.015124 200 194 1000 979 1 1000 1000 1000 10
0.166667 0.150769 0.014451 200 174 1000 991 1 1000 1000 1000 10
0.166667 0.183430 0.014680 200 231 1000 1036 1 1000 1000 1000 10
0.166667 0.206920 0.015335 200 201 1000 942 1 1000 1000 1000 10
0.166667 0.156559 0.015120 200 189 1000 993 1 1000 1000 1000 10
0.166667 0.144469 0.013903 200 182 1000 1011 1 1000 1000 1000 10
0.166667 0.195825 0.014397 200 224 1000 1039 1 1000 1000 1000 10
0.166667 0.198376 0.015019 200 208 1000 987 1 1000 1000 1000 10
0.166667 0.170952 0.015400 200 189 1000 963 1 1000 1000 1000 10
0.166667 0.166943 0.014621 200 205 1000 1008 1 1000 1000 1000 10
0.166667 0.162129 0.014971 200 190 1000 970 1 1000 1000 1000 10
0.166667 0.181123 0.014654 200 197 1000 1028 1 1000 1000 1000 10
0.166667 0.169286 0.015121 200 187 1000 961 1 1000 1000 1000 10
0.166667 0.170752 0.014274 200 208 1000 1040 1 1000 1000 1000 10
0.166667 0.174629 0.014303 200 215 1000 1044 1 1000 1000 1000 10
0.166667 0.145087 0.014221 200 188 1000 1038 1 1000 1000 1000 10
0.166667 0.185311 0.015186 200 222 1000 991 1 1000 1000 1000 10
0.166667 0.175370 0.015171 200 200 1000 937 1 1000 1000 1000 10
0.166667 0.210911 0.015321 200 232 1000 976 1 1000 1000 1000 10
0.166667 0.182135 0.015416 200 207 1000 945 1 1000 1000 1000 10
0.166667 0.182643 0.015075 200 189 1000 961 1 1000 1000 1000 10
0.166667 0.144525 0.014958 200 183 1000 968 1 1000 1000 1000 10
0.166667 0.162261 0.014400 200 193 1000 1011 1 1000 1000 1000 10
0.166667 0.214626 0.015629 200 203 1000 988 1 1000 1000 1000 10
0.166667 0.153084 0.014376 200 175 1000 1046 1 1000 1000 1000 10
0.166667 0.170684 0.014789 200 191 1000 1015 1 1000 1000 1000 10
0.166667 0.171999 0.014544 200 203 1000 1010 1 1000 1000 1000 10
0.166667 0.189692 0.015036 200 209 1000 975 1 1000 1000 1000 10
0.166667 0.167171 0.014526 200 198 1000 1002 1 1000 1000 1000 10
0.166667 0.177907 0.015094 200 193 1000 973 1 1000 1000 1000 10
0.166667 0.195863 0.014491 200 228 1000 1028 1 1000 1000 1000 10
0.166667 0.176540 0.015409 200 176 1000 944 1 1000 1000 1000 10
0.166667 0.176512 0.014790 200 211 1000 1005 1 1000 1000 1000 10
0.166667 0.175392 0.014653 200 207 1000 1019 1 1000 1000 1000 10
0.166667 0.154175 0.015429 200 207 1000 943 1 1000 1000 1000 10
0.166667 0.172362 0.014704 200 198 1000 1014 1 1000 1000 1000 10
0.166667 0.153208 0.014631 200 211 1000 1034 1 1000 1000 1000 10
0.166667 0.186410 0.014403 200 207 1000 1041 1 1000 1000 1000 10
0.166667 0.186300 0.015026 200 211 1000 986 1 1000 1000 1000 10
0.166667 0.161375 0.014733 200 213 1000 993 1 1000 1000 1000 10
0.166667 0.214819 0.015440 200 199 1000 954 1 1000 1000 1000 10
0.166667 0.192361 0.014935 200 187 1000 987 1 1000 1000 1000 10
0.166667 0.155409 0.014070 200 180 1000 1006 1 1000 1000 1000 10
0.166667 0.179058 0.014975 200 178 1000 971 1 1000 1000 1000 10
0.166667 0.160388 0.014784 200 189 1000 997 1 1000 1000 1000 10
0.166667 0.148935 0.014081 200 179 1000 1048 1 1000 1000 1000 10
0.166667 0.173115 0.014485 200 213 1000 1017 1 1000 1000 1000 10
0.166667 0.166642 0.014514 200 198 1000 1020 1 1000 1000 1000 10
0.166667 0.150217 0.014243 200 189 1000 1005 1 1000 1000 1000 10
0.166667 0.155436 0.015164 200 199 1000 989 1 1000 1000 1000 10
0.166667 0.147782 0.014355 200 193 1000 1052 1 1000 1000 1000 10
0.166667 0.164271 0.014676 200 223 1000 997 1 1000 1000 1000 10
0.166667 0.189860 0.014955 200 214 1000 1021 1 1000 1000 1000 10
0.166667 0.175394 0.014722 200 208 1000 1019 1 1000 1000 1000 10
0.166667 0.157294 0.014854 200 185 1000 1005 1 1000 1000 1000 10
0.166667 0.174900 0.015412 200 192 1000 969 1 1000 1000 1000 10
0.166667 0.205884 0.015109 200 208 1000 990 1 1000 1000 1000 10
0.166667 0.184447 0.014842 200 209 1000 998 1 1000 1000 1000 10
0.166667 0.192804 0.014630 200 196 1000 1015 1 1000 1000 1000 10
0.166667 0.182029 0.015235 200 219 1000 959 1 1000 1000 1000 10
0.166667 0.152853 0.013703 200 188 1000 1059 1 1000 1000 1000 10
0.166667 0.162382 0.014319 200 208 1000 1054 1 1000 1000 1000 10
0.166667 0.169213 0.014863 200 182 1000 975 1 1000 1000 1000 10
0.166667 0.178005 0.014952 200 224 1000 988 1 1000 1000 1000 10
0.166667 0.192893 0.014516 200 215 1000 1052 1 1000 1000 1000 10
0.166667 0.162945 0.015251 200 207 1000 933 1 1000 1000 1000 10
0.166667 0.137562 0.014547 200 171 1000 980 1 1000 1000 1000 10
0.166667 0.183229 0.015147 200 223 1000 961 1 1000 1000 1000 10
0.166667 0.160375 0.015231 200 188 1000 948 1 1000 1000 1000 10
0.166667 0.159511 0.014007 200 228 1000 1071 1 1000 1000 1000 10
0.166667 0.141081 0.014259 200 191 1000 1021 1 1000 1000 1000 10
0.166667 0.173113 0.014890 200 211 1000 1003 1 1000 1000 1000 10
0.166667 0.175971 0.015059 200 209 1000 978 1 1000 1000 1000 10
0.166667 0.171969 0.014883 200 197 1000 969 1 1000 1000 1000 10
0.166667 0.172588 0.015180 200 199 1000 961 1 1000 1000 1000 10
0.166667 0.197492 0.015305 200 211 1000 956 1 1000 1000 1000 10
0.166667 0.157447 0.014076 200 201 1000 1054 1 1000 1000 1000 10
0.166667 0.166842 0.014949 200 212 1000 1026 1 1000 1000 1000 10
0.166667 0.180399 0.014652 200 189 1000 1013 1 1000 1000 1000 10
0.166667 0.175979 0.014732 200 191 1000 1004 1 1000 1000 1000 10
0.166667 0.177217 0.014895 200 187 1000 993 1 1000 1000 1000 10
0.166667 0.175318 0.015073 200 208 1000 993 1 1000 1000 1000 10
0.166667 0.139921 0.015156 200 183 1000 967 1 1000 1000 1000 10
0.166667 0.172807 0.014945 200 189 1000 997 1 1000 1000 1000 10
0.166667 0.188961 0.014630 200 212 1000 996 1 1000 1000 1000 10
0.166667 0.173771 0.014544 200 194 1000 1021 1 1000 1000 1000 10
0.166667 0.161925 0.014385 200 197 1000 1089 1 1000 1000 1000 10
0.166667 0.191689 0.015690 200 208 1000 980 1 1000 1000 1000 10
0.166667 0.162931 0.014699 200 187 1000 996 1 1000 1000 1000 10
0.166667 0.148410 0.014580 200 174 1000 962 1 1000 1000 1000 10
0.166667 0.189591 0.016044 200 211 1000 914 1 1000 1000 1000 10
0.166667 0.155558 0.014856 200 195 1000 1025 1 1000 1000 1000 10
0.166667 0.178786 0.014365 200 206 1000 1006 1 1000 1000 1000 10
0.166667 0.162778 0.015221 200 184 1000 953 1 1000 1000 1000 10
0.166667 0.184935 0.015230 200 207 1000 971 1 1000 1000 1000 10
0.166667 0.132357 0.013971 200 176 1000 1019 1 1000 1000 1000 10
0.166667 0.170733 0.014680 200 235 1000 1043 1 1000 1000 1000 10
0.166667 0.178951 0.015005 200 227 1000 993 1 1000 1000 1000 10
0.166667 0.194238 0.014654 200 208 1000 1020 1 1000 1000 1000 10
0.166667 0.160454 0.014269 200 189 1000 1049 1 1000 1000 1000 10
0.166667 0.166816 0.014796 200 196 1000 999 1 1000 1000 1000 10
0.166667 0.174515 0.014914 200 199 1000 1015 1 1000 1000 1000 10
0.166667 0.151319 0.014553 200 195 1000 1003 1 1000 1000 1000 10
0.166667 0.187495 0.014546 200 206 1000 1018 1 1000 1000 1000 10
0.166667 0.173403 0.014797 200 199 1000 1004 1 1000 1000 1000 10
0.166667 0.181835 0.014497 200 201 1000 981 1 1000 1000 1000 10
0.166667 0.167703 0.014755 200 192 1000 993 1 1000 1000 1000 10
0.166667 0.165889 0.014853 200 183 1000 987 1 1000 1000 1000 10
0.166667 0.154355 0.014010 200 175 1000 1013 1 1000 1000 1000 10
0.166667 0.187139 0.015140 200 207 1000 975 1 1000 1000 1000 10
0.166667 0.174474 0.014541 200 186 1000 1018 1 1000 1000 1000 10
0.166667 0.164352 0.015572 200 192 1000 916 1 1000 1000 1000 10
0.166667 0.185018 0.014525 200 206 1000 1021 1 1000 1000 1000 10
0.166667 0.180731 0.014831 200 201 1000 1018 1 1000 1000 1000 10
0.166667 0.174482 0.014782 200 203 1000 1020 1 1000 1000 1000 10
0.166667 0.187418 0.014381 200 220 1000 1021 1 1000 1000 1000 10
0.166667 0.179804 0.015272 200 207 1000 994 1 1000 1000 1000 10
0.166667 0.152606 0.014707 200 195 1000 1027 1 1000 1000 1000 10
0.166667 0.174547 0.014691 200 183 1000 1024 1 1000 1000 1000 10
0.166667 0.186643 0.015200 200 215 1000 985 1 1000 1000 1000 10
0.166667 0.181917 0.015369 200 213 1000 982 1 1000 1000 1000 10
0.166667 0.157907 0.014538 200 181 1000 1007 1 1000 1000 1000 10
0.166667 0.161982 0.014303 200 196 1000 1035 1 1000 1000 1000 10
0.166667 0.179456 0.015116 200 204 1000 983 1 1000 1000 1000 10
0.166667 0.186420 0.015117 200 219 1000 994 1 1000 1000 1000 10
0.166667 0.144289 0.014232 200 194 1000 1025 1 1000 1000 1000 10
0.166667 0.197773 0.015119 200 212 1000 990 1 1000 1000 1000 10
0.166667 0.170989 0.014909 200 205 1000 997 1 1000 1000 1000 10
0.166667 0.196293 0.015133 200 198 1000 1013 1 1000 1000 1000 10
0.166667 0.199860 0.014558 200 215 1000 1091 1 1000 1000 1000 10
0.166667 0.166195 0.014544 200 199 1000 1038 1 1000 1000 1000 10
0.166667 0.158246 0.014613 200 203 1000 1014 1 1000 1000 1000 10
0.166667 0.160794 0.014580 200 191 1000 986 1 1000 1000 1000 10
0.166667 0.156546 0.014154 200 181 1000 1045 1 1000 1000 1000 10
0.166667 0.139648 0.014824 200 178 1000 981 1 1000 1000 1000 10
0.166667 0.175834 0.014993 200 202 1000 1004 1 1000 1000 1000 10
0.166667 0.186567 0.014982 200 204 1000 994 1 1000 1000 1000 10
0.166667 0.206104 0.014940 200 238 1000 957 1 1000 1000 1000 10
0.166667 0.179466 0.014640 200 200 1000 1010 1 1000 1000 1000 10
0.166667 0.132705 0.013719 200 166 1000 1003 1 1000 1000 1000 10
0.166667 0.175449 0.015415 200 220 1000 980 1 1000 1000 1000 10
0.166667 0.176796 0.014576 200 208 1000 999 1 1000 1000 1000 10
0.166667 0.167432 0.014579 200 181 1000 1024 1 1000 1000 1000 10
0.166667 0.175119 0.015037 200 203 1000 1002 1 1000 1000 1000 10
0.166667 0.156871 0.014399 200 179 1000 978 1 1000 1000 1000 10
0.166667 0.156921 0.015156 200 170 1000 934 1 1000 1000 1000 10
0.166667 0.167255 0.014938 200 198 1000 972 1 1000 1000 1000 10
0.166667 0.128178 0.013557 200 159 1000 1040 1 1000 1000 1000 10
0.166667 0.170591 0.014724 200 204 1000 1047 1 1000 1000 1000 10
0.166667 0.199641 0.014993 200 205 1000 983 1 1000 1000 1000 10
0.166667 0.189891 0.014835 200 203 1000 955 1 1000 1000 1000 10
0.166667 0.173676 0.014546 200 207 1000 1030 1 1000 1000 1000 10
0.166667 0.163337 0.014424 200 205 1000 1002 1 1000 1000 1000 10
0.166667 0.155205 0.014882 200 187 1000 1017 1 1000 1000 1000 10
0.166667 0.219519 0.015689 200 223 1000 950 1 1000 1000 1000 10
0.166667 0.165903 0.014911 200 197 1000 1005 1 1000 1000 1000 10
0.166667 0.162516 0.014259 200 202 1000 1025 1 1000 1000 1000 10
0.166667 0.195358 0.014778 200 227 1000 979 1 1000 1000 1000 10
0.166667 0.175451 0.014749 200 194 1000 973 1 1000 1000 1000 10
0.166667 0.160572 0.014402 200 197 1000 1031 1 1000 1000 1000 10
0.166667 0.188801 0.015258 200 206 1000 978 1 1000 1000 1000 10
0.166667 0.175078 0.015174 200 210 1000 977 1 1000 1000 1000 10
0.166667 0.172198 0.014620 200 202 1000 1023 1 1000 1000 1000 10
0.166667 0.176166 0.014285 200 190 1000 1075 1 1000 1000 1000 10
0.166667 0.181061 0.014426 200 210 1000 1033 1 1000 1000 1000 10
0.166667 0.157053 0.014302 200 194 1000 1032 1 1000 1000 1000 10
0.166667 0.157483 0.014402 200 185 1000 991 1 1000 1000 1000 10
0.166667 0.169887 0.014518 200 201 1000 1020 1 1000 1000 1000 10
0.166667 0.170555 0.014785 200 218 1000 995 1 1000 1000 1000 10
0.166667 0.156922 0.014072 200 184 1000 1002 1 1000 1000 1000 10
0.166667 0.160769 0.013773 200 178 1000 1007 1 1000 1000 1000 10
0.166667 0.140842 0.014390 200 206 1000 1037 1 1000 1000 1000 10
0.166667 0.167257 0.014253 200 205 1000 1059 1 1000 1000 1000 10
0.166667 0.188425 0.014693 200 213 1000 990 1 1000 1000 1000 10
0.166667 0.161045 0.014678 200 186 1000 958 1 1000 1000 1000 10
0.166667 0.189147 0.015410 200 194 1000 956 1 1000 1000 1000 10
0.166667 0.191697 0.014902 200 210 1000 989 1 1000 1000 1000 10
0.166667 0.186878 0.014307 200 208 1000 1052 1 1000 1000 1000 10
0.166667 0.151957 0.014625 200 195 1000 963 1 1000 1000 1000 10
0.166667 0.191339 0.014552 200 201 1000 1058 1 1000 1000 1000 10
0.166667 0.194874 0.015267 200 218 1000 954 1 1000 1000 1000 10
0.166667 0.194324 0.015666 200 216 1000 971 1 1000 1000 1000 10
0.166667 0.178073 0.015233 200 193 1000 970 1 1000 1000 1000 10
0.166667 0.168369 0.015136 200 198 1000 983 1 1000 1000 1000 10
0.166667 0.184797 0.015248 200 205 1000 954 1 1000 1000 1000 10
0.166667 0.168847 0.015164 200 197 1000 947 1 1000 1000 1000 10
0.166667 0.180724 0.014706 200 208 1000 1039 1 1000 1000 1000 10
0.166667 0.174118 0.014957 200 192 1000 985 1 1000 1000 1000 10
0.166667 0.177838 0.015285 200 203 1000 960 1 1000 1000 1000 10
0.166667 0.154488 0.014117 200 198 1000 1044 1 1000 1000 1000 10
0.166667 0.155880 0.014052 200 201 1000 1058 1 1000 1000 1000 10
0.166667 0.134384 0.014507 200 191 1000 998 1 1000 1000 1000 10
0.166667 0.215173 0.015478 200 206 1000 948 1 1000 1000 1000 10
0.166667 0.152274 0.014421 200 185 1000 986 1 1000 1000 1000 10
0.166667 0.186764 0.014500 200 195 1000 1022 1 1000 1000 1000 10
0.166667 0.178174 0.015077 200 206 1000 981 1 1000 1000 1000 10
0.166667 0.163438 0.014861 200 207 1000 988 1 1000 1000 1000 10
0.166667 0.157493 0.014357 200 167 1000 1040 1 1000 1000 1000 10
0.166667 0.174416 0.014364 200 194 1000 1013 1 1000 1000 1000 10
0.166667 0.186221 0.015037 200 201 1000 991 1 1000 1000 1000 10
0.166667 0.168135 0.014732 200 197 1000 983 1 1000 1000 1000 10
0.166667 0.185110 0.014711 200 206 1000 1011 1 1000 1000 1000 10
0.166667 0.186971 0.015939 200 213 1000 923 1 1000 1000 1000 10
0.166667 0.154896 0.014367 200 189 1000 1023 1 1000 1000 1000 10
0.166667 0.194675 0.015184 200 213 1000 980 1 1000 1000 1000 10
0.166667 0.125738 0.014318 200 183 1000 1008 1 1000 1000 1000 10
0.166667 0.172600 0.014785 200 210 1000 988 1 1000 1000 1000 10
0.166667 0.167959 0.014414 200 200 1000 1050 1 1000 1000 1000 10
0.166667 0.168051 0.014702 200 188 1000 981 1 1000 1000 1000 10
0.166667 0.181603 0.014396 200 203 1000 1025 1 1000 1000 1000 10
0.166667 0.150293 0.014035 200 201 1000 1042 1 1000 1000 1000 10
0.166667 0.191361 0.015034 200 181 1000 932 1 1000 1000 1000 10
0.166667 0.165243 0.014634 200 195 1000 999 1 1000 1000 1000 10
0.166667 0.146735 0.014536 200 197 1000 1020 1 1000 1000 1000 10
0.166667 0.183378 0.015013 200 197 1000 1004 1 1000 1000 1000 10
0.166667 0.197761 0.014640 200 235 1000 1018 1 1000 1000 1000 10
0.166667 0.165471 0.014308 200 200 1000 1023 1 1000 1000 1000 10
0.166667 0.188611 0.014826 200 220 1000 996 1 1000 1000 1000 10
0.166667 0.184080 0.014391 200 216 1000 1050 1 1000 1000 1000 10
0.166667 0.150319 0.014596 200 180 1000 974 1 1000 1000 1000 10
0.166667 0.150787 0.014422 200 217 1000 1016 1 1000 1000 1000 10
0.166667 0.203644 0.015097 200 217 1000 998 1 1000 1000 1000 10
0.166667 0.175195 0.014561 200 190 1000 987 1 1000 1000 1000 10
0.166667 0.186370 0.014445 200 216 1000 1041 1 1000 1000 1000 10
0.166667 0.187820 0.014873 200 211 1000 1009 1 1000 1000 1000 10
0.166667 0.166255 0.014985 200 211 1000 1003 1 1000 1000 1000 10
0.166667 0.166817 0.014529 200 224 1000 1020 1 1000 1000 1000 10
0.166667 0.160487 0.014562 200 190 1000 970 1 1000 1000 1000 10
0.166667 0.139180 0.014148 200 168 1000 1043 1 1000 1000 1000 10
0.166667 0.172136 0.014821 200 189 1000 1002 1 1000 1000 1000 10
0.166667 0.179211 0.014819 200 207 1000 994 1 1000 1000 1000 10
0.166667 0.197887 0.015271 200 229 1000 966 1 1000 1000 1000 10
0.166667 0.169553 0.014616 200 199 1000 1025 1 1000 1000 1000 10
0.166667 0.156957 0.014854 200 177 1000 964 1 1000 1000 1000 10
0.166667 0.135862 0.014176 200 191 1000 1028 1 1000 1000 1000 10
0.166667 0.194747 0.014731 200 209 1000 979 1 1000 1000 1000 10
0.166667 0.164392 0.014525 200 201 1000 1051 1 1000 1000 1000 10
0.166667 0.175608 0.014676 200 196 1000 1003 1 1000 1000 1000 10
0.166667 0.175592 0.014548 200 211 1000 1016 1 1000 1000 1000 10
0.166667 0.141556 0.014223 200 170 1000 1023 1 1000 1000 1000 10
0.166667 0.165224 0.014643 200 207 1000 1004 1 1000 1000 1000 10
0.166667 0.149088 0.014556 200 190 1000 980 1 1000 1000 1000 10
0.166667 0.175975 0.015355 200 211 1000 972 1 1000 1000 1000 10
0.166667 0.207480 0.015280 200 229 1000 951 1 1000 1000 1000 10
0.166667 0.172037 0.014973 200 186 1000 955 1 1000 1000 1000 10
0.166667 0.162575 0.014186 200 190 1000 1020 1 1000 1000 1000 10
0.166667 0.188385 0.014875 200 211 1000 999 1 1000 1000 1000 10
0.166667 0.174424 0.014482 200 213 1000 991 1 1000 1000 1000 10
0.166667 0.156022 0.014494 200 188 1000 1033 1 1000 1000 1000 10
0.166667 0.176976 0.014838 200 205 1000 1001 1 1000 1000 1000 10
0.166667 0.168085 0.014734 200 221 1000 999 1 1000 1000 1000 10
0.166667 0.177299 0.015007 200 207 1000 979 1 1000 1000 1000 10
0.166667 0.173769 0.015052 200 204 1000 952 1 1000 1000 1000 10
0.166667 0.155428 0.014240 200 198 1000 1025 1 1000 1000 1000 10
0.166667 0.179036 0.014786 200 202 1000 987 1 1000 1000 1000 10
0.166667 0.167567 0.014737 200 204 1000 1050 1 1000 1000 1000 10
0.166667 0.174639 0.014322 200 212 1000 1046 1 1000 1000 1000 10
0.166667 0.167894 0.014670 200 193 1000 1006 1 1000 1000 1000 10
0.166667 0.170562 0.014449 200 200 1000 1035 1 1000 1000 1000 10
0.166667 0.188582 0.014615 200 218 1000 1017 1 1000 1000 1000 10
0.166667 0.179433 0.014933 200 189 1000 997 1 1000 1000 1000 10
0.166667 0.169823 0.014332 200 203 1000 1030 1 1000 1000 1000 10
0.166667 0.178405 0.014471 200 198 1000 1012 1 1000 1000 1000 10
0.166667 0.164634 0.014246 200 176 1000 1021 1 1000 1000 1000 10
0.166667 0.183273 0.014342 200 210 1000 1038 1 1000 1000 1000 10
0.166667 0.159882 0.014043 200 184 1000 1082 1 1000 1000 1000 10
0.166667 0.168718 0.014973 200 203 1000 971 1 1000 1000 1000 10
0.166667 0.185716 0.015658 200 189 1000 976 1 1000 1000 1000 10
0.166667 0.179239 0.014872 200 200 1000 999 1 1000 1000 1000 10
0.166667 0.163472 0.014550 200 189 1000 1025 1 1000 1000 1000 10
0.166667 0.174474 0.014803 200 226 1000 1051 1 1000 1000 1000 10
0.166667 0.148445 0.014876 200 202 1000 1002 1 1000 1000 1000 10
0.166667 0.198179 0.014880 200 198 1000 1001 1 1000 1000 1000 10
0.166667 0.190075 0.014954 200 206 1000 992 1 1000 1000 1000 10
0.166667 0.145212 0.014205 200 177 1000 1016 1 1000 1000 1000 10
0.166667 0.166415 0.014657 200 214 1000 1037 1 1000 1000 1000 10
0.166667 0.186444 0.014887 200 198 1000 1005 1 1000 1000 1000 10
0.166667 0.162380 0.015461 200 191 1000 964 1 1000 1000 1000 10
0.166667 0.192063 0.015084 200 200 1000 1012 1 1000 1000 1000 10
0.166667 0.177891 0.014370 200 193 1000 976 1 1000 1000 1000 10
0.166667 0.174589 0.014394 200 197 1000 1037 1 1000 1000 1000 10
0.166667 0.147067 0.014751 200 179 1000 958 1 1000 1000 1000 10
0.166667 0.155849 0.014820 200 196 1000 1012 1 1000 1000 1000 10
0.166667 0.167209 0.014170 200 204 1000 1007 1 1000 1000 1000 10
0.166667 0.190221 0.015152 200 197 1000 993 1 1000 1000 1000 10
0.166667 0.175405 0.014468 200 222 1000 1015 1 1000 1000 1000 10
0.166667 0.196337 0.015408 200 209 1000 974 1 1000 1000 1000 10
0.166667 0.163537 0.014733 200 180 1000 972 1 1000 1000 1000 10
0.166667 0.153904 0.014570 200 198 1000 1010 1 1000 1000 1000 10
0.166667 0.175961 0.015166 200 211 1000 969 1 1000 1000 1000 10
0.166667 0.208524 0.015245 200 212 1000 964 1 1000 1000 1000 10
0.166667 0.153856 0.014865 200 205 1000 978 1 1000 1000 1000 10
0.166667 0.184828 0.014947 200 213 1000 939 1 1000 1000 1000 10
0.166667 0.149021 0.014635 200 188 1000 989 1 1000 1000 1000 10
0.166667 0.153716 0.014995 200 201 1000 997 1 1000 1000 1000 10
0.166667 0.193680 0.015162 200 232 1000 981 1 1000 1000 1000 10
0.166667 0.183572 0.015109 200 210 1000 967 1 1000 1000 1000 10
0.166667 0.194910 0.015691 200 213 1000 967 1 1000 1000 1000 10
0.166667 0.170930 0.014788 200 193 1000 981 1 1000 1000 1000 10
0.166667 0.165157 0.014908 200 188 1000 963 1 1000 1000 1000 10
0.166667 0.190721 0.014936 200 214 1000 983 1 1000 1000 1000 10
0.166667 0.177470 0.014638 200 196 1000 987 1 1000 1000 1000 10
0.166667 0.182981 0.014824 200 202 1000 969 1 1000 1000 1000 10
0.166667 0.152173 0.014432 200 183 1000 1007 1 1000 1000 1000 10
0.166667 0.166815 0.014637 200 192 1000 1012 1 1000 1000 1000 10
0.166667 0.197173 0.015427 200 235 1000 968 1 1000 1000 1000 10
0.166667 0.175648 0.014885 200 199 1000 1030 1 1000 1000 1000 10
0.166667 0.205352 0.015508 200 213 1000 945 1 1000 1000 1000 10
0.166667 0.203238 0.015066 200 241 1000 1000 1 1000 1000 1000 10
0.166667 0.205022 0.014779 200 207 1000 1004 1 1000 1000 1000 10
0.166667 0.167921 0.014538 200 195 1000 1011 1 1000 1000 1000 10
0.166667 0.199162 0.015138 200 202 1000 972 1 1000 1000 1000 10
0.166667 0.198346 0.015328 200 212 1000 949 1 1000 1000 1000 10
0.166667 0.160625 0.014309 200 191 1000 1066 1 1000 1000 1000 10
0.166667 0.168933 0.014850 200 184 1000 989 1 1000 1000 1000 10
0.166667 0.191099 0.014891 200 191 1000 1027 1 1000 1000 1000 10
0.166667 0.181466 0.015002 200 208 1000 1005 1 1000 1000 1000 10
0.166667 0.182324 0.014419 200 196 1000 1044 1 1000 1000 1000 10
0.166667 0.179925 0.014916 200 197 1000 1030 1 1000 1000 1000 10
0.166667 0.160940 0.014741 200 214 1000 1013 1 1000 1000 1000 10
0.166667 0.195832 0.014983 200 213 1000 1052 1 1000 1000 1000 10
0.166667 0.177441 0.015704 200 192 1000 935 1 1000 1000 1000 10
0.166667 0.171581 0.014673 200 187 1000 1012 1 1000 1000 1000 10
0.166667 0.177866 0.014962 200 198 1000 995 1 1000 1000 1000 10
0.166667 0.154620 0.014741 200 187 1000 1004 1 1000 1000 1000 10
0.166667 0.173174 0.014653 200 200 1000 1033 1 1000 1000 1000 10
0.166667 0.183011 0.015050 200 196 1000 995 1 1000 1000 1000 10
0.166667 0.193850 0.015329 200 189 1000 971 1 1000 1000 1000 10
0.166667 0.159524 0.014780 200 196 1000 990 1 1000 1000 1000 10
0.166667 0.187648 0.014692 200 187 1000 988 1 1000 1000 1000 10
0.166667 0.177235 0.015003 200 185 1000 998 1 1000 1000 1000 10
0.166667 0.153058 0.013971 200 181 1000 1068 1 1000 1000 1000 10
0.166667 0.187335 0.014812 200 221 1000 984 1 1000 1000 1000 10
0.166667 0.183551 0.015015 200 196 1000 948 1 1000 1000 1000 10
0.166667 0.198720 0.015914 200 192 1000 930 1 1000 1000 1000 10
0.166667 0.172872 0.014895 200 199 1000 979 1 1000 1000 1000 10
0.166667 0.186092 0.014729 200 202 1000 1032 1 1000 1000 1000 10
0.166667 0.174189 0.014504 200 187 1000 1040 1 1000 1000 1000 10
0.166667 0.196716 0.015103 200 205 1000 979 1 1000 1000 1000 10
0.166667 0.180368 0.015219 200 206 1000 979 1 1000 1000 1000 10
0.166667 0.173178 0.015160 200 214 1000 985 1 1000 1000 1000 10
0.166667 0.197648 0.015134 200 220 1000 1011 1 1000 1000 1000 10
0.166667 0.184495 0.014766 200 194 1000 1002 1 1000 1000 1000 10
0.166667 0.160616 0.014568 200 193 1000 994 1 1000 1000 1000 10
0.166667 0.164717 0.014668 200 208 1000 1004 1 1000 1000 1000 10
0.166667 0.158287 0.014330 200 190 1000 1085 1 1000 1000 1000 10
0.166667 0.158562 0.014819 200 170 1000 997 1 1000 1000 1000 10
0.166667 0.132182 0.013919 200 189 1000 1037 1 1000 1000 1000 10
0.166667 0.187461 0.014595 200 194 1000 1014 1 1000 1000 1000 10
0.166667 0.186650 0.015286 200 194 1000 954 1 1000 1000 1000 10
0.166667 0.220621 0.015328 200 221 1000 981 1 1000 1000 1000 10
0.166667 0.173641 0.015049 200 193 1000 944 1 1000 1000 1000 10
0.166667 0.189208 0.015068 200 189 1000 964 1 1000 1000 1000 10
0.166667 0.169701 0.014919 200 196 1000 999 1 1000 1000 1000 10
0.166667 0.177340 0.014881 200 178 1000 1001 1 1000 1000 1000 10
0.166667 0.166470 0.014815 200 189 1000 1016 1 1000 1000 1000 10
0.166667 0.127258 0.014372 200 160 1000 1019 1 1000 1000 1000 10
0.166667 0.163062 0.014565 200 183 1000 992 1 1000 1000 1000 10
0.166667 0.192820 0.015163 200 222 1000 971 1 1000 1000 1000 10
0.166667 0.161387 0.014940 200 199 1000 976 1 1000 1000 1000 10
0.166667 0.156452 0.014405 200 188 1000 1012 1 1000 1000 1000 10
0.166667 0.202853 0.015950 200 184 1000 928 1 1000 1000 1000 10
0.166667 0.180901 0.015080 200 222 1000 997 1 1000 1000 1000 10
0.166667 0.217058 0.016137 200 203 1000 950 1 1000 1000 1000 10
0.166667 0.181557 0.015103 200 228 1000 999 1 1000 1000 1000 10
0.166667 0.147858 0.014363 200 181 1000 997 1 1000 1000 1000 10
0.166667 0.205132 0.014833 200 223 1000 1024 1 1000 1000 1000 10
0.166667 0.179799 0.015269 200 198 1000 987 1 1000 1000 1000 10
0.166667 0.177515 0.014838 200 198 1000 1011 1 1000 1000 1000 10
0.166667 0.187804 0.014868 200 211 1000 1029 1 1000 1000 1000 10
0.166667 0.168906 0.014458 200 197 1000 1019 1 1000 1000 1000 10
0.166667 0.165271 0.014349 200 200 1000 988 1 1000 1000 1000 10
0.166667 0.148028 0.013967 200 188 1000 1033 1 1000 1000 1000 10
0.166667 0.183158 0.015445 200 208 1000 983 1 1000 1000 1000 10
0.166667 0.188137 0.014695 200 225 1000 1034 1 1000 1000 1000 10
0.166667 0.169399 0.014761 200 211 1000 991 1 1000 1000 1000 10
0.166667 0.132731 0.014322 200 174 1000 1007 1 1000 1000 1000 10
0.166667 0.197806 0.014487 200 222 1000 1045 1 1000 1000 1000 10
0.166667 0.188325 0.015367 200 201 1000 955 1 1000 1000 1000 10
0.166667 0.176016 0.015110 200 221 1000 998 1 1000 1000 1000 10
0.166667 0.176586 0.015485 200 214 1000 964 1 1000 1000 1000 10
0.166667 0.153848 0.014119 200 186 1000 1048 1 1000 1000 1000 10
0.166667 0.187741 0.015142 200 219 1000 982 1 1000 1000 1000 10
0.166667 0.206170 0.015163 200 231 1000 1001 1 1000 1000 1000 10
0.166667 0.171413 0.014080 200 202 1000 1054 1 1000 1000 1000 10
0.166667 0.148668 0.014399 200 191 1000 1018 1 1000 1000 1000 10
0.166667 0.192946 0.015507 200 204 1000 982 1 1000 1000 1000 10
0.166667 0.184388 0.014779 200 206 1000 1021 1 1000 1000 1000 10
0.166667 0.169411 0.015382 200 203 1000 951 1 1000 1000 1000 10
0.166667 0.173172 0.014624 200 195 1000 1003 1 1000 1000 1000 10
0.166667 0.151905 0.014762 200 193 1000 978 1 1000 1000 1000 10
0.166667 0.196625 0.014842 200 216 1000 1002 1 1000 1000 1000 10
0.166667 0.174338 0.014712 200 190 1000 994 1 1000 1000 1000 10
0.166667 0.177820 0.014499 200 194 1000 1023 1 1000 1000 1000 10
0.166667 0.166197 0.015094 200 169 1000 946 1 1000 1000 1000 10
0.166667 0.148600 0.015001 200 182 1000 967 1 1000 1000 1000 10
0.166667 0.170373 0.014365 200 195 1000 1039 1 1000 1000 1000 10
0.166667 0.173656 0.014642 200 176 1000 988 1 1000 1000 1000 10
0.166667 0.156775 0.014472 200 183 1000 1006 1 1000 1000 1000 10
0.166667 0.154240 0.014352 200 193 1000 1040 1 1000 1000 1000 10
0.166667 0.166891 0.014120 200 194 1000 1053 1 1000 1000 1000 10
0.166667 0.162867 0.015608 200 204 1000 939 1 1000 1000 1000 10
0.166667 0.182680 0.015159 200 203 1000 1008 1 1000 1000 1000 10
0.166667 0.159880 0.014390 200 189 1000 1040 1 1000 1000 1000 10
0.166667 0.166249 0.014724 200 199 1000 1010 1 1000 1000 1000 10
0.166667 0.155136 0.014675 200 192 1000 1014 1 1000 1000 1000 10
0.166667 0.158827 0.015085 200 180 1000 989 1 1000 1000 1000 10
0.166667 0.167832 0.014169 200 212 1000 1022 1 1000 1000 1000 10
0.166667 0.169190 0.014297 200 188 1000 1003 1 1000 1000 1000 10
0.166667 0.161816 0.014139 200 199 1000 1038 1 1000 1000 1000 10
0.166667 0.181719 0.015213 200 218 1000 962 1 1000 1000 1000 10
0.166667 0.192770 0.014706 200 228 1000 992 1 1000 1000 1000 10
0.166667 0.177055 0.014806 200 226 1000 1009 1 1000 1000 1000 10
0.166667 0.162466 0.015402 200 191 1000 936 1 1000 1000 1000 10
0.166667 0.164557 0.013949 200 184 1000 1039 1 1000 1000 1000 10
0.166667 0.186751 0.015298 200 198 1000 984 1 1000 1000 1000 10
0.166667 0.174552 0.014820 200 200 1000 1040 1 1000 1000 1000 10
0.166667 0.142165 0.014214 200 204 1000 1048 1 1000 1000 1000 10
0.166667 0.173992 0.014883 200 202 1000 978 1 1000 1000 1000 10
0.166667 0.175344 0.014245 200 189 1000 1024 1 1000 1000 1000 10
0.166667 0.161316 0.015129 200 181 1000 921 1 1000 1000 1000 10
0.166667 0.187195 0.015456 200 203 1000 914 1 1000 1000 1000 10
0.166667 0.170851 0.014694 200 205 1000 1020 1 1000 1000 1000 10
0.166667 0.153219 0.014210 200 193 1000 1042 1 1000 1000 1000 10
0.166667 0.162010 0.014323 200 192 1000 1013 1 1000 1000 1000 10
0.166667 0.179144 0.014495 200 199 1000 1016 1 1000 1000 1000 10
0.166667 0.179052 0.014974 200 200 1000 993 1 1000 1000 1000 10
0.166667 0.153441 0.014755 200 192 1000 999 1 1000 1000 1000 10
0.166667 0.185752 0.014737 200 204 1000 1041 1 1000 1000 1000 10
0.166667 0.188426 0.014594 200 208 1000 995 1 1000 1000 1000 10
0.166667 0.194322 0.015741 200 223 1000 961 1 1000 1000 1000 10
0.166667 0.164397 0.014824 200 188 1000 999 1 1000 1000 1000 10
0.166667 0.142393 0.014774 200 176 1000 991 1 1000 1000 1000 10
0.166667 0.187814 0.014923 200 194 1000 1008 1 1000 1000 1000 10
0.166667 0.163134 0.014317 200 216 1000 1017 1 1000 1000 1000 10
0.166667 0.204654 0.015245 200 199 1000 995 1 1000 1000 1000 10
0.166667 0.172047 0.014539 200 195 1000 1025 1 1000 1000 1000 10
0.166667 0.168854 0.014467 200 199 1000 1016 1 1000 1000 1000 10
0.166667 0.201430 0.014886 200 214 1000 997 1 1000 1000 1000 10
0.166667 0.179145 0.014789 200 208 1000 992 1 1000 1000 1000 10
0.166667 0.179845 0.014301 200 195 1000 1034 1 1000 1000 1000 10
0.166667 0.173927 0.014906 200 194 1000 1048 1 1000 1000 1000 10
0.166667 0.146893 0.014764 200 187 1000 968 1 1000 1000 1000 10
0.166667 0.199322 0.014938 200 217 1000 989 1 1000 1000 1000 10
0.166667 0.158010 0.014644 200 200 1000 993 1 1000 1000 1000 10
0.166667 0.153582 0.014352 200 212 1000 1035 1 1000 1000 1000 10
0.166667 0.180328 0.014800 200 200 1000 1011 1 1000 1000 1000 10
0.166667 0.175158 0.014374 200 211 1000 1038 1 1000 1000 1000 10
0.166667 0.135529 0.013703 200 156 1000 1038 1 1000 1000 1000 10
0.166667 0.153945 0.014705 200 195 1000 1015 1 1000 1000 1000 10
0.166667 0.185146 0.014617 200 223 1000 1067 1 1000 1000 1000 10
0.166667 0.185545 0.015249 200 204 1000 1000 1 1000 1000 1000 10
0.166667 0.152118 0.014334 200 203 1000 1012 1 1000 1000 1000 10
0.166667 0.174405 0.014398 200 197 1000 1012 1 1000 1000 1000 10
0.166667 0.190629 0.014614 200 214 1000 1017 1 1000 1000 1000 10
0.166667 0.156690 0.014762 200 171 1000 983 1 1000 1000 1000 10
0.166667 0.192985 0.014973 200 210 1000 993 1 1000 1000 1000 10
0.166667 0.190073 0.015041 200 207 1000 977 1 1000 1000 1000 10
0.166667 0.190284 0.014825 200 187 1000 988 1 1000 1000 1000 10
0.166667 0.154121 0.013969 200 192 1000 1067 1 1000 1000 1000 10
0.166667 0.163838 0.014771 200 189 1000 995 1 1000 1000 1000 10
0.166667 0.190427 0.014721 200 223 1000 1043 1 1000 1000 1000 10
0.166667 0.162699 0.014918 200 184 1000 1027 1 1000 1000 1000 10
0.166667 0.144755 0.014479 200 178 1000 1007 1 1000 1000 1000 10
0.166667 0.159678 0.014374 200 188 1000 1005 1 1000 1000 1000 10
0.166667 0.154162 0.014837 200 206 1000 973 1 1000 1000 1000 10
0.166667 0.181086 0.014691 200 200 1000 999 1 1000 1000 1000 10
0.166667 0.186302 0.015176 200 216 1000 991 1 1000 1000 1000 10
0.166667 0.182855 0.015373 200 188 1000 953 1 1000 1000 1000 10
0.166667 0.179446 0.014870 200 202 1000 983 1 1000 1000 1000 10
0.166667 0.165302 0.014930 200 189 1000 967 1 1000 1000 1000 10
0.166667 0.178228 0.015016 200 215 1000 964 1 1000 1000 1000 10
0.166667 0.191803 0.015284 200 217 1000 975 1 1000 1000 1000 10
0.166667 0.160541 0.014030 200 175 1000 1053 1 1000 1000 1000 10
0.166667 0.202386 0.015169 200 201 1000 981 1 1000 1000 1000 10
0.166667 0.168626 0.015077 200 195 1000 971 1 1000 1000 1000 10
0.166667 0.142943 0.014658 200 192 1000 984 1 1000 1000 1000 10
0.166667 0.173532 0.014824 200 195 1000 995 1 1000 1000 1000 10
0.166667 0.174507 0.014297 200 194 1000 1052 1 1000 1000 1000 10
0.166667 0.162267 0.014470 200 215 1000 996 1 1000 1000 1000 10
0.166667 0.157417 0.014098 200 186 1000 1034 1 1000 1000 1000 10
0.166667 0.174710 0.014982 200 205 1000 1001 1 1000 1000 1000 10
0.166667 0.177308 0.014631 200 189 1000 1022 1 1000 1000 1000 10
0.166667 0.171871 0.014690 200 219 1000 1020 1 1000 1000 1000 10
0.166667 0.138211 0.014052 200 176 1000 996 1 1000 1000 1000 10
0.166667 0.205513 0.015210 200 205 1000 976 1 1000 1000 1000 10
0.166667 0.171709 0.014769 200 194 1000 996 1 1000 1000 1000 10
0.166667 0.145671 0.013547 200 171 1000 1050 1 1000 1000 1000 10
0.166667 0.195115 0.015430 200 209 1000 933 1 1000 1000 1000 10
0.166667 0.202805 0.014818 200 221 1000 992 1 1000 1000 1000 10
0.166667 0.167048 0.014639 200 205 1000 1035 1 1000 1000 1000 10
0.166667 0.158779 0.014729 200 217 1000 1002 1 1000 1000 1000 10
0.166667 0.201030 0.015474 200 216 1000 981 1 1000 1000 1000 10
0.166667 0.178548 0.014754 200 192 1000 982 1 1000 1000 1000 10
0.166667 0.143702 0.014510 200 180 1000 1016 1 1000 1000 1000 10
0.166667 0.155825 0.014553 200 183 1000 993 1 1000 1000 1000 10
0.166667 0.182886 0.014991 200 213 1000 980 1 1000 1000 1000 10
0.166667 0.186451 0.014578 200 208 1000 990 1 1000 1000 1000 10
0.166667 0.161599 0.014482 200 201 1000 1030 1 1000 1000 1000 10
0.166667 0.164280 0.015114 200 196 1000 964 1 1000 1000 1000 10
0.166667 0.166942 0.015373 200 202 1000 940 1 1000 1000 1000 10
0.166667 0.161617 0.014710 200 192 1000 1027 1 1000 1000 1000 10
0.166667 0.186446 0.014518 200 189 1000 1019 1 1000 1000 1000 10
0.166667 0.144930 0.014076 200 188 1000 993 1 1000 1000 1000 10
0.166667 0.176079 0.014679 200 201 1000 984 1 1000 1000 1000 10
0.166667 0.139492 0.014693 200 184 1000 1006 1 1000 1000 1000 10
0.166667 0.168109 0.014474 200 203 1000 1012 1 1000 1000 1000 10
0.166667 0.181902 0.014303 200 207 1000 1040 1 1000 1000 1000 10
0.166667 0.177136 0.015092 200 208 1000 1004 1 1000 1000 1000 10
0.166667 0.161773 0.014690 200 192 1000 988 1 1000 1000 1000 10
0.166667 0.154204 0.014284 200 206 1000 1040 1 1000 1000 1000 10
0.166667 0.168179 0.014559 200 191 1000 1030 1 1000 1000 1000 10
0.166667 0.164513 0.014801 200 180 1000 1016 1 1000 1000 1000 10
0.166667 0.200204 0.015560 200 208 1000 969 1 1000 1000 1000 10
0.166667 0.191392 0.014735 200 206 1000 998 1 1000 1000 1000 10
0.166667 0.164320 0.014485 200 179 1000 1064 1 1000 1000 1000 10
0.166667 0.163328 0.014466 200 207 1000 1031 1 1000 1000 1000 10
0.166667 0.152395 0.014210 200 204 1000 1017 1 1000 1000 1000 10
0.166667 0.159112 0.014388 200 181 1000 1003 1 1000 1000 1000 10
0.166667 0.148349 0.014562 200 197 1000 1003 1 1000 1000 1000 10
0.166667 0.178121 0.014508 200 199 1000 1027 1 1000 1000 1000 10
0.166667 0.153758 0.015007 200 205 1000 1013 1 1000 1000 1000 10
0.166667 0.165968 0.014471 200 179 1000 1014 1 1000 1000 1000 10
0.166667 0.166314 0.014482 200 207 1000 1058 1 1000 1000 1000 10
0.166667 0.161224 0.014709 200 175 1000 1030 1 1000 1000 1000 10
0.166667 0.157455 0.014153 200 199 1000 1030 1 1000 1000 1000 10
0.166667 0.166513 0.014148 200 194 1000 1030 1 1000 1000 1000 10
0.166667 0.190429 0.014825 200 204 1000 1037 1 1000 1000 1000 10
0.166667 0.163958 0.014318 200 171 1000 1017 1 1000 1000 1000 10
0.166667 0.162821 0.014197 200 191 1000 1038 1 1000 1000 1000 10
0.166667 0.172483 0.014702 200 197 1000 1064 1 1000 1000 1000 10
0.166667 0.204103 0.015204 200 199 1000 998 1 1000 1000 1000 10
0.166667 0.160282 0.014598 200 220 1000 1017 1 1000 1000 1000 10
0.166667 0.138600 0.014734 200 182 1000 988 1 1000 1000 1000 10
0.166667 0.170722 0.014846 200 190 1000 968 1 1000 1000 1000 10
0.166667 0.191632 0.014971 200 199 1000 970 1 1000 1000 1000 10
0.166667 0.192059 0.015243 200 211 1000 1015 1 1000 1000 1000 10
0.166667 0.179128 0.015009 200 211 1000 1020 1 1000 1000 1000 10
0.166667 0.175362 0.014474 200 209 1000 1027 1 1000 1000 1000 10
0.166667 0.181590 0.014824 200 200 1000 962 1 1000 1000 1000 10
0.166667 0.173905 0.014928 200 191 1000 984 1 1000 1000 1000 10
0.166667 0.193130 0.015297 200 190 1000 965 1 1000 1000 1000 10
0.166667 0.185621 0.015249 200 194 1000 952 1 1000 1000 1000 10
0.166667 0.181772 0.015133 200 197 1000 965 1 1000 1000 1000 10
0.166667 0.154152 0.014486 200 213 1000 992 1 1000 1000 1000 10
0.166667 0.203907 0.015932 200 189 1000 959 1 1000 1000 1000 10
0.166667 0.188851 0.014686 200 219 1000 1019 1 1000 1000 1000 10
0.166667 0.188000 0.014383 200 210 1000 1002 1 1000 1000 1000 10
0.166667 0.189689 0.014981 200 190 1000 977 1 1000 1000 1000 10
0.166667 0.150744 0.014391 200 213 1000 1022 1 1000 1000 1000 10
0.166667 0.159388 0.014574 200 198 1000 1057 1 1000 1000 1000 10
0.166667 0.171051 0.015173 200 221 1000 983 1 1000 1000 1000 10
0.166667 0.170340 0.014990 200 188 1000 971 1 1000 1000 1000 10
0.166667 0.179077 0.014380 200 204 1000 1030 1 1000 1000 1000 10
0.166667 0.191725 0.015468 200 216 1000 955 1 1000 1000 1000 10
0.166667 0.149521 0.014310 200 191 1000 1039 1 1000 1000 1000 10
0.166667 0.164356 0.014489 200 216 1000 1050 1 1000 1000 1000 10
0.166667 0.152178 0.015200 200 179 1000 931 1 1000 1000 1000 10
0.166667 0.167351 0.014959 200 198 1000 970 1 1000 1000 1000 10
0.166667 0.180637 0.015179 200 197 1000 967 1 1000 1000 1000 10
0.166667 0.156669 0.014927 200 203 1000 1007 1 1000 1000 1000 10
0.166667 0.190384 0.014967 200 208 1000 999 1 1000 1000 1000 10
0.166667 0.156740 0.014301 200 170 1000 1023 1 1000 1000 1000 10
0.166667 0.175327 0.014944 200 190 1000 959 1 1000 1000 1000 10
0.166667 0.159714 0.013971 200 191 1000 1067 1 1000 1000 1000 10
0.166667 0.141533 0.014285 200 179 1000 1010 1 1000 1000 1000 10
0.166667 0.170138 0.014416 200 179 1000 1010 1 1000 1000 1000 10
0.166667 0.160581 0.014507 200 201 1000 1002 1 1000 1000 1000 10
0.166667 0.161055 0.014214 200 193 1000 1042 1 1000 1000 1000 10
0.166667 0.184838 0.015182 200 214 1000 971 1 1000 1000 1000 10
0.166667 0.178309 0.014975 200 198 1000 965 1 1000 1000 1000 10
0.166667 0.150406 0.014079 200 188 1000 1066 1 1000 1000 1000 10
0.166667 0.108856 0.013789 200 177 1000 1010 1 1000 1000 1000 10
0.166667 0.174964 0.014500 200 192 1000 1000 1 1000 1000 1000 10
0.166667 0.194503 0.014961 200 210 1000 1013 1 1000 1000 1000 10
0.166667 0.169839 0.014630 200 197 1000 1010 1 1000 1000 1000 10
0.166667 0.181150 0.014314 200 206 1000 1038 1 1000 1000 1000 10
0.166667 0.210745 0.015371 200 193 1000 982 1 1000 1000 1000 10
0.166667 0.174103 0.014862 200 177 1000 1000 1 1000 1000 1000 10
0.166667 0.167948 0.014236 200 174 1000 1033 1 1000 1000 1000 10
0.166667 0.156412 0.014545 200 185 1000 1000 1 1000 1000 1000 10
0.166667 0.193358 0.014824 200 196 1000 991 1 1000 1000 1000 10
0.166667 0.183396 0.014274 200 209 1000 1032 1 1000 1000 1000 10
0.166667 0.148691 0.014468 200 195 1000 975 1 1000 1000 1000 10
0.166667 0.176686 0.014742 200 217 1000 1027 1 1000 1000 1000 10
0.166667 0.186878 0.014828 200 222 1000 1026 1 1000 1000 1000 10
0.166667 0.185679 0.014881 200 191 1000 995 1 1000 1000 1000 10
0.166667 0.167284 0.015076 200 187 1000 964 1 1000 1000 1000 10
0.166667 0.164897 0.014363 200 187 1000 1044 1 1000 1000 1000 10
0.166667 0.177418 0.014194 200 202 1000 1059 1 1000 1000 1000 10
0.166667 0.156408 0.014328 200 190 1000 1022 1 1000 1000 1000 10
0.166667 0.170953 0.014129 200 209 1000 1063 1 1000 1000 1000 10
0.166667 0.218003 0.014733 200 227 1000 1038 1 1000 1000 1000 10
0.166667 0.174487 0.014698 200 199 1000 1018 1 1000 1000 1000 10
0.166667 0.172922 0.014888 200 226 1000 982 1 1000 1000 1000 10
0.166667 0.193005 0.014588 200 218 1000 1039 1 1000 1000 1000 10
0.166667 0.167527 0.014432 200 196 1000 1031 1 1000 1000 1000 10
0.166667 0.111015 0.014327 200 165 1000 990 1 1000 1000 1000 10
0.166667 0.179201 0.014960 200 203 1000 986 1 1000 1000 1000 10
0.166667 0.176468 0.014757 200 199 1000 1026 1 1000 1000 1000 10
0.166667 0.188189 0.015136 200 232 1000 1002 1 1000 1000 1000 10
0.166667 0.176137 0.015205 200 186 1000 969 1 1000 1000 1000 10
0.166667 0.149053 0.013989 200 189 1000 1057 1 1000 1000 1000 10
0.166667 0.144839 0.014627 200 170 1000 1009 1 1000 1000 1000 10
0.166667 0.184969 0.014648 200 202 1000 1018 1 1000 1000 1000 10
0.166667 0.144886 0.014288 200 174 1000 965 1 1000 1000 1000 10
0.166667 0.189607 0.014800 200 211 1000 1003 1 1000 1000 1000 10
0.166667 0.160380 0.014045 200 188 1000 1040 1 1000 1000 1000 10
0.166667 0.194663 0.014992 200 191 1000 1017 1 1000 1000 1000 10
0.166667 0.188772 0.015590 200 203 1000 956 1 1000 1000 1000 10
0.166667 0.140759 0.013786 200 200 1000 1100 1 1000 1000 1000 10
0.166667 0.190503 0.015091 200 223 1000 969 1 1000 1000 1000 10
0.166667 0.190367 0.014338 200 225 1000 1034 1 1000 1000 1000 10
0.166667 0.171000 0.014381 200 201 1000 1037 1 1000 1000 1000 10
0.166667 0.211042 0.015338 200 191 1000 962 1 1000 1000 1000 10
0.166667 0.161770 0.015361 200 185 1000 944 1 1000 1000 1000 10
0.166667 0.181054 0.014961 200 213 1000 1026 1 1000 1000 1000 10
0.166667 0.205436 0.015517 200 185 1000 993 1 1000 1000 1000 10
0.166667 0.167846 0.014997 200 187 1000 992 1 1000 1000 1000 10
0.166667 0.139578 0.014350 200 191 1000 999 1 1000 1000 1000 10
0.166667 0.172804 0.015238 200 181 1000 948 1 1000 1000 1000 10
0.166667 0.159780 0.014961 200 204 1000 961 1 1000 1000 1000 10
0.166667 0.210126 0.015397 200 197 1000 984 1 1000 1000 1000 10
0.166667 0.169054 0.014646 200 197 1000 993 1 1000 1000 1000 10
0.166667 0.170803 0.015378 200 213 1000 943 1 1000 1000 1000 10
0.166667 0.151062 0.014662 200 193 1000 972 1 1000 1000 1000 10
0.166667 0.161462 0.014606 200 190 1000 1021 1 1000 1000 1000 10
0.166667 0.178614 0.014431 200 201 1000 1000 1 1000 1000 1000 10
0.166667 0.174508 0.014890 200 210 1000 1018 1 1000 1000 1000 10
0.166667 0.178131 0.015021 200 200 1000 955 1 1000 1000 1000 10
0.166667 0.197009 0.015303 200 230 1000 991 1 1000 1000 1000 10
0.166667 0.169438 0.015381 200 197 1000 923 1 1000 1000 1000 10
0.166667 0.179935 0.015086 200 210 1000 999 1 1000 1000 1000 10
0.166667 0.180667 0.014816 200 196 1000 996 1 1000 1000 1000 10
0.166667 0.159140 0.014828 200 202 1000 954 1 1000 1000 1000 10
0.166667 0.171648 0.014745 200 190 1000 1018 1 1000 1000 1000 10
0.166667 0.162189 0.014692 200 199 1000 1028 1 1000 1000 1000 10
0.166667 0.177149 0.014804 200 186 1000 1001 1 1000 1000 1000 10
0.166667 0.173919 0.014847 200 186 1000 963 1 1000 1000 1000 10
0.166667 0.191725 0.015151 200 216 1000 988 1 1000 1000 1000 10
0.166667 0.156753 0.014385 200 179 1000 1032 1 1000 1000 1000 10
0.166667 0.189173 0.014890 200 199 1000 973 1 1000 1000 1000 10
0.166667 0.169739 0.014546 200 195 1000 1000 1 1000 1000 1000 10
0.166667 0.158180 0.014704 200 191 1000 995 1 1000 1000 1000 10
0.166667 0.176612 0.014934 200 185 1000 957 1 1000 1000 1000 10
0.166667 0.160954 0.015109 200 202 1000 986 1 1000 1000 1000 10
0.166667 0.128790 0.013787 200 184 1000 1056 1 1000 1000 1000 10
0.166667 0.219682 0.014946 200 229 1000 1017 1 1000 1000 1000 10
0.166667 0.162126 0.015168 200 190 1000 982 1 1000 1000 1000 10
0.166667 0.164693 0.014472 200 198 1000 988 1 1000 1000 1000 10
0.166667 0.203161 0.014922 200 235 1000 989 1 1000 1000 1000 10
0.166667 0.153453 0.014222 200 202 1000 1001 1 1000 1000 1000 10
0.166667 0.181567 0.014582 200 209 1000 1019 1 1000 1000 1000 10
0.166667 0.153591 0.014503 200 177 1000 1041 1 1000 1000 1000 10
0.166667 0.168346 0.015039 200 198 1000 987 1 1000 1000 1000 10
0.166667 0.181715 0.015224 200 198 1000 950 1 1000 1000 1000 10
0.166667 0.174051 0.014674 200 194 1000 1018 1 1000 1000 1000 10
0.166667 0.187420 0.015394 200 207 1000 993 1 1000 1000 1000 10
0.166667 0.183539 0.014615 200 213 1000 1008 1 1000 1000 1000 10
0.166667 0.188219 0.014765 200 211 1000 1006 1 1000 1000 1000 10
0.166667 0.198470 0.014693 200 203 1000 1008 1 1000 1000 1000 10
0.166667 0.161811 0.015027 200 186 1000 964 1 1000 1000 1000 10
0.166667 0.170856 0.014907 200 199 1000 991 1 1000 1000 1000 10
0.166667 0.166931 0.014358 200 193 1000 998 1 1000 1000 1000 10
0.166667 0.151304 0.014725 200 188 1000 996 1 1000 1000 1000 10
0.166667 0.191316 0.015515 200 207 1000 949 1 1000 1000 1000 10
0.166667 0.178122 0.015022 200 218 1000 1001 1 1000 1000 1000 10
0.166667 0.169233 0.014724 200 186 1000 974 1 1000 1000 1000 10
0.166667 0.161137 0.014517 200 194 1000 1021 1 1000 1000 1000 10
0.166667 0.188360 0.014619 200 203 1000 1000 1 1000 1000 1000 10
0.166667 0.168505 0.014473 200 187 1000 1011 1 1000 1000 1000 10
0.166667 0.160693 0.014125 200 198 1000 1029 1 1000 1000 1000 10
0.166667 0.173379 0.014621 200 197 1000 1014 1 1000 1000 1000 10
0.166667 0.150996 0.014496 200 182 1000 1019 1 1000 1000 1000 10
0.166667 0.195332 0.015609 200 213 1000 941 1 1000 1000 1000 10
0.166667 0.193291 0.015002 200 217 1000 998 1 1000 1000 1000 10
0.166667 0.152990 0.014621 200 210 1000 1043 1 1000 1000 1000 10
0.166667 0.181769 0.014845 200 186 1000 991 1 1000 1000 1000 10
0.166667 0.198367 0.014777 200 205 1000 1025 1 1000 1000 1000 10
0.166667 0.175494 0.014886 200 186 1000 997 1 1000 1000 1000 10
0.166667 0.157943 0.014351 200 190 1000 1052 1 1000 1000 1000 10
0.166667 0.168614 0.014581 200 224 1000 1046 1 1000 1000 1000 10
0.166667 0.175108 0.014985 200 225 1000 1025 1 1000 1000 1000 10
0.166667 0.190675 0.015839 200 211 1000 933 1 1000 1000 1000 10
0.166667 0.187118 0.014014 200 194 1000 1062 1 1000 1000 1000 10
0.166667 0.186780 0.014747 200 199 1000 1017 1 1000 1000 1000 10
0.166667 0.188493 0.015605 200 189 1000 944 1 1000 1000 1000 10
0.166667 0.183973 0.015145 200 207 1000 981 1 1000 1000 1000 10
0.166667 0.155644 0.014539 200 177 1000 1039 1 1000 1000 1000 10
0.166667 0.202258 0.015022 200 182 1000 1004 1 1000 1000 1000 10
0.166667 0.185771 0.014880 200 219 1000 948 1 1000 1000 1000 10
0.166667 0.186664 0.015054 200 203 1000 1011 1 1000 1000 1000 10
0.166667 0.166242 0.014903 200 198 1000 989 1 1000 1000 1000 10
0.166667 0.168452 0.014651 200 212 1000 990 1 1000 1000 1000 10
0.166667 0.165171 0.014617 200 214 1000 989 1 1000 1000 1000 10
0.166667 0.166193 0.014755 200 193 1000 1020 1 1000 1000 1000 10
0.166667 0.144264 0.014335 200 196 1000 1031 1 1000 1000 1000 10
0.166667 0.186331 0.015370 200 229 1000 981 1 1000 1000 1000 10
0.166667 0.164423 0.014962 200 215 1000 1009 1 1000 1000 1000 10
0.166667 0.143262 0.014610 200 172 1000 1013 1 1000 1000 1000 10
0.166667 0.202599 0.015162 200 213 1000 990 1 1000 1000 1000 10
0.166667 0.189548 0.015487 200 191 1000 951 1 1000 1000 1000 10
0.166667 0.154810 0.015504 200 199 1000 993 1 1000 1000 1000 10
0.166667 0.187749 0.015201 200 200 1000 966 1 1000 1000 1000 10
0.166667 0.174566 0.014550 200 204 1000 1017 1 1000 1000 1000 10
0.166667 0.189241 0.015253 200 197 1000 987 1 1000 1000 1000 10
0.166667 0.157648 0.014253 200 184 1000 1016 1 1000 1000 1000 10
0.166667 0.178644 0.015069 200 203 1000 959 1 1000 1000 1000 10
0.166667 0.197468 0.014828 200 241 1000 1012 1 1000 1000 1000 10
0.166667 0.170358 0.014358 200 214 1000 1061 1 1000 1000 1000 10
0.166667 0.204522 0.015341 200 204 1000 946 1 1000 1000 1000 10
0.166667 0.163056 0.015656 200 182 1000 954 1 1000 1000 1000 10
0.166667 0.164609 0.014645 200 203 1000 1016 1 1000 1000 1000 10
0.166667 0.173659 0.014780 200 209 1000 1003 1 1000 1000 1000 10
0.166667 0.170358 0.014731 200 217 1000 992 1 1000 1000 1000 10
0.166667 0.161869 0.014659 200 180 1000 1022 1 1000 1000 1000 10
0.166667 0.192239 0.015274 200 209 1000 958 1 1000 1000 1000 10
0.166667 0.160877 0.015286 200 180 1000 964 1 1000 1000 1000 10
0.166667 0.163170 0.014552 200 200 1000 985 1 1000 1000 1000 10
0.166667 0.152357 0.014728 200 185 1000 966 1 1000 1000 1000 10
0.166667 0.148390 0.014289 200 187 1000 1069 1 1000 1000 1000 10
0.166667 0.164115 0.015027 200 205 1000 955 1 1000 1000 1000 10
0.166667 0.209557 0.014947 200 217 1000 1036 1 1000 1000 1000 10
0.166667 0.165757 0.014869 200 195 1000 1031 1 1000 1000 1000 10
0.166667 0.172644 0.014558 200 187 1000 1025 1 1000 1000 1000 10
0.166667 0.182276 0.014654 200 192 1000 1000 1 1000 1000 1000 10
0.166667 0.156080 0.014272 200 195 1000 1051 1 1000 1000 1000 10
0.166667 0.169914 0.014572 200 199 1000 1031 1 1000 1000 1000 10
0.166667 0.181997 0.014850 200 200 1000 998 1 1000 1000 1000 10
0.166667 0.170308 0.014689 200 195 1000 1062 1 1000 1000 1000 10
0.166667 0.197563 0.015389 200 234 1000 972 1 1000 1000 1000 10
0.166667 0.153715 0.014754 200 180 1000 973 1 1000 1000 1000 10
0.166667 0.176279 0.014628 200 199 1000 989 1 1000 1000 1000 10
0.166667 0.169335 0.014789 200 197 1000 1017 1 1000 1000 1000 10
0.166667 0.202562 0.015211 200 217 1000 967 1 1000 1000 1000 10
0.166667 0.189255 0.014507 200 200 1000 1051 1 1000 1000 1000 10
0.166667 0.147430 0.014623 200 175 1000 998 1 1000 1000 1000 10
0.166667 0.151975 0.014558 200 197 1000 1012 1 1000 1000 1000 10
0.166667 0.166001 0.014547 200 189 1000 987 1 1000 1000 1000 10
0.166667 0.177010 0.015090 200 183 1000 981 1 1000 1000 1000 10
0.166667 0.183169 0.016054 200 217 1000 900 1 1000 1000 1000 10
0.166667 0.183194 0.014957 200 200 1000 1036 1 1000 1000 1000 10
0.166667 0.197898 0.015525 200 215 1000 951 1 1000 1000 1000 10
0.166667 0.137624 0.014299 200 192 1000 1019 1 1000 1000 1000 10
0.166667 0.221126 0.015790 200 222 1000 920 1 1000 1000 1000 10
0.166667 0.156976 0.014604 200 190 1000 994 1 1000 1000 1000 10
0.166667 0.207089 0.014328 200 224 1000 1039 1 1000 1000 1000 10
0.166667 0.196429 0.015295 200 192 1000 983 1 1000 1000 1000 10
0.166667 0.175850 0.014529 200 185 1000 998 1 1000 1000 1000 10
0.166667 0.173217 0.015440 200 193 1000 941 1 1000 1000 1000 10
0.166667 0.187540 0.014855 200 212 1000 980 1 1000 1000 1000 10
0.166667 0.180472 0.015033 200 205 1000 1000 1 1000 1000 1000 10
0.166667 0.164356 0.014766 200 179 1000 990 1 1000 1000 1000 10
0.166667 0.179165 0.015120 200 200 1000 992 1 1000 1000 1000 10
0.166667 0.182404 0.014877 200 202 1000 986 1 1000 1000 1000 10
0.166667 0.165519 0.015210 200 181 1000 941 1 1000 1000 1000 10
0.166667 0.146159 0.014272 200 180 1000 1036 1 1000 1000 1000 10
0.166667 0.183744 0.015158 200 229 1000 1023 1 1000 1000 1000 10
0.166667 0.181752 0.015487 200 196 1000 941 1 1000 1000 1000 10
0.166667 0.169220 0.014678 200 206 1000 1012 1 1000 1000 1000 10
0.166667 0.181995 0.014925 200 205 1000 983 1 1000 1000 1000 10
0.166667 0.161452 0.015229 200 201 1000 989 1 1000 1000 1000 10
0.166667 0.183270 0.014508 200 201 1000 1010 1 1000 1000 1000 10
0.166667 0.167656 0.014454 200 216 1000 981 1 1000 1000 1000 10
0.166667 0.164160 0.015097 200 200 1000 997 1 1000 1000 1000 10
0.166667 0.171254 0.015145 200 176 1000 965 1 1000 1000 1000 10
0.166667 0.187838 0.015271 200 190 1000 942 1 1000 1000 1000 10
0.166667 0.188808 0.014879 200 201 1000 961 1 1000 1000 1000 10
0.166667 0.172852 0.014439 200 187 1000 1008 1 1000 1000 1000 10
0.166667 0.147320 0.014305 200 195 1000 996 1 1000 1000 1000 10
0.166667 0.156264 0.014866 200 186 1000 1030 1 1000 1000 1000 10
0.166667 0.152990 0.013908 200 204 1000 1068 1 1000 1000 1000 10
0.166667 0.188254 0.015065 200 202 1000 994 1 1000 1000 1000 10
0.166667 0.166738 0.014878 200 203 1000 994 1 1000 1000 1000 10
0.166667 0.192314 0.015257 200 201 1000 967 1 1000 1000 1000 10
0.166667 0.147218 0.013953 200 198 1000 1066 1 1000 1000 1000 10
0.166667 0.179531 0.014917 200 204 1000 1006 1 1000 1000 1000 10
0.166667 0.169492 0.014947 200 191 1000 994 1 1000 1000 1000 10
0.166667 0.189308 0.014725 200 229 1000 983 1 1000 1000 1000 10
0.166667 0.164765 0.014570 200 179 1000 1012 1 1000 1000 1000 10
0.166667 0.163305 0.014796 200 186 1000 999 1 1000 1000 1000 10
0.166667 0.189803 0.015375 200 195 1000 968 1 1000 1000 1000 10
0.166667 0.145548 0.014130 200 167 1000 1011 1 1000 1000 1000 10
0.166667 0.191465 0.014857 200 204 1000 976 1 1000 1000 1000 10
0.166667 0.198264 0.014463 200 224 1000 1018 1 1000 1000 1000 10
0.166667 0.173612 0.014280 200 189 1000 1047 1 1000 1000 1000 10
0.166667 0.187800 0.015163 200 219 1000 1022 1 1000 1000 1000 10
0.166667 0.210693 0.015463 200 219 1000 989 1 1000 1000 1000 10
0.166667 0.159182 0.014386 200 208 1000 1038 1 1000 1000 1000 10
0.166667 0.179635 0.014581 200 214 1000 1044 1 1000 1000 1000 10
0.166667 0.146963 0.014600 200 185 1000 1000 1 1000 1000 1000 10
0.166667 0.166133 0.014934 200 202 1000 961 1 1000 1000 1000 10
0.166667 0.176988 0.014807 200 191 1000 995 1 1000 1000 1000 10
0.166667 0.155309 0.015021 200 164 1000 950 1 1000 1000 1000 10
0.166667 0.178865 0.014740 200 199 1000 1016 1 1000 1000 1000 10
0.166667 0.167933 0.014646 200 195 1000 1018 1 1000 1000 1000 10
0.166667 0.204782 0.014974 200 230 1000 1064 1 1000 1000 1000 10
0.166667 0.179485 0.015312 200 191 1000 947 1 1000 1000 1000 10
0.166667 0.169713 0.014988 200 202 1000 991 1 1000 1000 1000 10
0.166667 0.194469 0.014567 200 205 1000 945 1 1000 1000 1000 10
0.166667 0.200982 0.015424 200 217 1000 999 1 1000 1000 1000 10
0.166667 0.163296 0.015128 200 190 1000 980 1 1000 1000 1000 10
0.166667 0.153470 0.014841 200 174 1000 954 1 1000 1000 1000 10
0.166667 0.188581 0.015062 200 211 1000 988 1 1000 1000 1000 10
0.166667 0.185360 0.014740 200 187 1000 1010 1 1000 1000 1000 10
0.166667 0.145435 0.014672 200 171 1000 986 1 1000 1000 1000 10
0.166667 0.186360 0.015303 200 223 1000 989 1 1000 1000 1000 10
0.166667 0.160225 0.015160 200 191 1000 971 1 1000 1000 1000 10
0.166667 0.206900 0.015574 200 227 1000 949 1 1000 1000 1000 10
0.166667 0.153234 0.014549 200 179 1000 994 1 1000 1000 1000 10
0.166667 0.181380 0.014879 200 209 1000 1020 1 1000 1000 1000 10
0.166667 0.189761 0.015232 200 204 1000 952 1 1000 1000 1000 10
0.166667 0.185094 0.014744 200 191 1000 1002 1 1000 1000 1000 10
0.166667 0.188142 0.015076 200 204 1000 960 1 1000 1000 1000 10
0.166667 0.174542 0.013898 200 201 1000 1063 1 1000 1000 1000 10
0.166667 0.132320 0.014255 200 189 1000 994 1 1000 1000 1000 10
0.166667 0.159769 0.014413 200 205 1000 1028 1 1000 1000 1000 10
0.166667 0.201833 0.014925 200 208 1000 1012 1 1000 1000 1000 10
0.166667 0.174539 0.014160 200 214 1000 1050 1 1000 1000 1000 10
0.166667 0.165316 0.014832 200 204 1000 1004 1 1000 1000 1000 10
0.166667 0.180801 0.014403 200 202 1000 980 1 1000 1000 1000 10
0.166667 0.184801 0.015113 200 226 1000 998 1 1000 1000 1000 10
0.166667 0.152173 0.014547 200 191 1000 1025 1 1000 1000 1000 10
0.166667 0.152114 0.014295 200 178 1000 990 1 1000 1000 1000 10
0.166667 0.188255 0.015186 200 202 1000 974 1 1000 1000 1000 10
0.166667 0.165535 0.014975 200 192 1000 993 1 1000 1000 1000 10
0.166667 0.166148 0.014975 200 200 1000 982 1 1000 1000 1000 10
0.166667 0.163930 0.014723 200 195 1000 994 1 1000 1000 1000 10
0.166667 0.167590 0.014837 200 196 1000 1001 1 1000 1000 1000 10
0.166667 0.156941 0.015129 200 185 1000 985 1 1000 1000 1000 10
0.166667 0.180644 0.015472 200 206 1000 978 1 1000 1000 1000 10
