0.166667 0.202907 0.012244 200 240 1000 1060 1000 1000 0 5
0.166667 0.176672 0.012447 200 198 1000 933 1000 1000 0 5
0.166667 0.168433 0.012031 200 202 1000 1012 1000 1000 0 5
0.166667 0.192891 0.012291 200 214 1000 1005 1000 1000 0 5
0.166667 0.175392 0.012149 200 192 1000 993 1000 1000 0 5
0.166667 0.180028 0.012218 200 204 1000 1006 1000 1000 0 5
0.166667 0.166178 0.012124 200 191 1000 993 1000 1000 0 5
0.166667 0.169454 0.011758 200 198 1000 1027 1000 1000 0 5
0.166667 0.161406 0.011656 200 195 1000 1012 1000 1000 0 5
0.166667 0.164298 0.011938 200 195 1000 1001 1000 1000 0 5
0.166667 0.176746 0.012380 200 196 1000 977 1000 1000 0 5
0.166667 0.170209 0.011830 200 195 1000 1030 1000 1000 0 5
0.166667 0.174464 0.012161 200 210 1000 979 1000 1000 0 5
0.166667 0.188214 0.012359 200 212 1000 986 1000 1000 0 5
0.166667 0.182732 0.012172 200 213 1000 997 1000 1000 0 5
0.166667 0.191494 0.012097 200 218 1000 1025 1000 1000 0 5
0.166667 0.175283 0.011878 200 201 1000 1052 1000 1000 0 5
0.166667 0.152796 0.011550 200 180 1000 1030 1000 1000 0 5
0.166667 0.177532 0.012407 200 198 1000 958 1000 1000 0 5
0.166667 0.158801 0.012030 200 184 1000 1004 1000 1000 0 5
0.166667 0.190384 0.012401 200 214 1000 983 1000 1000 0 5
0.166667 0.160965 0.011576 200 180 1000 1025 1000 1000 0 5
0.166667 0.176177 0.012043 200 191 1000 1009 1000 1000 0 5
0.166667 0.175510 0.012169 200 206 1000 1009 1000 1000 0 5
0.166667 0.167953 0.011612 200 199 1000 1047 1000 1000 0 5
0.166667 0.185716 0.012755 200 205 1000 927 1000 1000 0 5
0.166667 0.182171 0.012137 200 205 1000 1011 1000 1000 0 5
0.166667 0.194894 0.012755 200 217 1000 943 1000 1000 0 5
0.166667 0.155045 0.011665 200 184 1000 1005 1000 1000 0 5
0.166667 0.196970 0.012804 200 218 1000 985 1000 1000 0 5
0.166667 0.168862 0.011801 200 193 1000 1033 1000 1000 0 5
0.166667 0.184231 0.012238 200 203 1000 998 1000 1000 0 5
0.166667 0.188775 0.012717 200 201 1000 961 1000 1000 0 5
0.166667 0.164039 0.012122 200 178 1000 1002 1000 1000 0 5
0.166667 0.182110 0.012129 200 215 1000 1028 1000 1000 0 5
0.166667 0.177460 0.012227 200 196 1000 972 1000 1000 0 5
0.166667 0.187769 0.012514 200 209 1000 983 1000 1000 0 5
0.166667 0.185575 0.012647 200 211 1000 944 1000 1000 0 5
0.166667 0.184807 0.012302 200 201 1000 990 1000 1000 0 5
0.166667 0.166758 0.011638 200 185 1000 1025 1000 1000 0 5
0.166667 0.154452 0.011380 200 190 1000 1057 1000 1000 0 5
0.166667 0.154659 0.011794 200 181 1000 990 1000 1000 0 5
0.166667 0.190110 0.012379 200 213 1000 979 1000 1000 0 5
0.166667 0.168068 0.012057 200 192 1000 986 1000 1000 0 5
0.166667 0.168072 0.012089 200 196 1000 1005 1000 1000 0 5
0.166667 0.181536 0.011892 200 211 1000 1059 1000 1000 0 5
0.166667 0.180192 0.012475 200 192 1000 958 1000 1000 0 5
0.166667 0.161992 0.011618 200 186 1000 1014 1000 1000 0 5
0.166667 0.182183 0.012293 200 210 1000 989 1000 1000 0 5
0.166667 0.149489 0.011690 200 172 1000 1027 1000 1000 0 5
0.166667 0.169937 0.012213 200 199 1000 976 1000 1000 0 5
0.166667 0.168503 0.012126 200 199 1000 999 1000 1000 0 5
0.166667 0.190020 0.012349 200 210 1000 989 1000 1000 0 5
0.166667 0.179810 0.012062 200 203 1000 1024 1000 1000 0 5
0.166667 0.182205 0.012460 200 198 1000 956 1000 1000 0 5
0.166667 0.181974 0.012203 200 220 1000 1025 1000 1000 0 5
0.166667 0.183845 0.012770 200 208 1000 967 1000 1000 0 5
0.166667 0.170437 0.012158 200 210 1000 1003 1000 1000 0 5
0.166667 0.168197 0.012242 200 190 1000 978 1000 1000 0 5
0.166667 0.171190 0.012233 200 208 1000 991 1000 1000 0 5
0.166667 0.177061 0.012426 200 206 1000 962 1000 1000 0 5
0.166667 0.182765 0.012118 200 210 1000 1041 1000 1000 0 5
0.166667 0.187813 0.012671 200 209 1000 941 1000 1000 0 5
0.166667 0.179319 0.012147 200 200 1000 1019 1000 1000 0 5
0.166667 0.194008 0.012832 200 223 1000 931 1000 1000 0 5
0.166667 0.175785 0.012123 200 206 1000 993 1000 1000 0 5
0.166667 0.186387 0.012708 200 202 1000 952 1000 1000 0 5
0.166667 0.176455 0.012583 200 189 1000 950 1000 1000 0 5
0.166667 0.181239 0.012184 200 200 1000 976 1000 1000 0 5
0.166667 0.176116 0.012044 200 196 1000 988 1000 1000 0 5
0.166667 0.177487 0.012879 200 199 1000 931 1000 1000 0 5
0.166667 0.166594 0.012495 200 169 1000 913 1000 1000 0 5
0.166667 0.184702 0.012371 200 207 1000 968 1000 1000 0 5
0.166667 0.166528 0.011494 200 199 1000 1067 1000 1000 0 5
0.166667 0.189662 0.012226 200 206 1000 1003 1000 1000 0 5
0.166667 0.174505 0.012095 200 196 1000 1009 1000 1000 0 5
0.166667 0.184900 0.012222 200 207 1000 986 1000 1000 0 5
0.166667 0.177608 0.011990 200 200 1000 1000 1000 1000 0 5
0.166667 0.169811 0.012354 200 206 1000 980 1000 1000 0 5
0.166667 0.184676 0.012039 200 206 1000 1016 1000 1000 0 5
0.166667 0.181798 0.012113 200 208 1000 996 1000 1000 0 5
0.166667 0.177235 0.012326 200 198 1000 969 1000 1000 0 5
0.166667 0.188769 0.012445 200 221 1000 1001 1000 1000 0 5
0.166667 0.185024 0.012292 200 217 1000 999 1000 1000 0 5
0.166667 0.181391 0.012226 200 219 1000 989 1000 1000 0 5
0.166667 0.177139 0.011902 200 210 1000 1023 1000 1000 0 5
0.166667 0.190354 0.012585 200 189 1000 960 1000 1000 0 5
0.166667 0.187398 0.012622 200 206 1000 947 1000 1000 0 5
0.166667 0.182070 0.011793 200 212 1000 1046 1000 1000 0 5
0.166667 0.166381 0.011922 200 186 1000 1029 1000 1000 0 5
0.166667 0.169118 0.012136 200 187 1000 978 1000 1000 0 5
0.166667 0.164194 0.011333 200 200 1000 1086 1000 1000 0 5
0.166667 0.161723 0.011833 200 183 1000 1003 1000 1000 0 5
0.166667 0.167633 0.011790 200 200 1000 1049 1000 1000 0 5
0.166667 0.163859 0.011871 200 184 1000 1031 1000 1000 0 5
0.166667 0.180177 0.012137 200 199 1000 1006 1000 1000 0 5
0.166667 0.167338 0.011708 200 199 1000 1025 1000 1000 0 5
0.166667 0.177688 0.012393 200 217 1000 976 1000 1000 0 5
0.166667 0.186092 0.012406 200 204 1000 972 1000 1000 0 5
0.166667 0.185508 0.011906 200 218 1000 1046 1000 1000 0 5
0.166667 0.175050 0.012068 200 186 1000 979 1000 1000 0 5
0.166667 0.194789 0.012304 200 225 1000 1020 1000 1000 0 5
0.166667 0.151652 0.011520 200 179 1000 1012 1000 1000 0 5
0.166667 0.161126 0.011788 200 194 1000 1035 1000 1000 0 5
0.166667 0.188225 0.012157 200 231 1000 1013 1000 1000 0 5
0.166667 0.180917 0.012035 200 210 1000 1048 1000 1000 0 5
0.166667 0.184980 0.012647 200 208 1000 917 1000 1000 0 5
0.166667 0.160581 0.011505 200 187 1000 1035 1000 1000 0 5
0.166667 0.164904 0.011509 200 184 1000 1052 1000 1000 0 5
0.166667 0.160959 0.011776 200 189 1000 1034 1000 1000 0 5
0.166667 0.190896 0.012720 200 212 1000 972 1000 1000 0 5
0.166667 0.165031 0.011972 200 181 1000 991 1000 1000 0 5
0.166667 0.153448 0.011552 200 183 1000 1040 1000 1000 0 5
0.166667 0.154427 0.011754 200 190 1000 1017 1000 1000 0 5
0.166667 0.159836 0.011659 200 185 1000 1009 1000 1000 0 5
0.166667 0.164408 0.011986 200 185 1000 1003 1000 1000 0 5
0.166667 0.162304 0.011887 200 186 1000 1005 1000 1000 0 5
0.166667 0.141968 0.011356 200 177 1000 1035 1000 1000 0 5
0.166667 0.164675 0.011646 200 185 1000 1021 1000 1000 0 5
0.166667 0.176679 0.012303 200 214 1000 985 1000 1000 0 5
0.166667 0.146697 0.011264 200 170 1000 1078 1000 1000 0 5
0.166667 0.156663 0.011424 200 190 1000 1077 1000 1000 0 5
0.166667 0.167899 0.011705 200 203 1000 1034 1000 1000 0 5
0.166667 0.193502 0.012293 200 232 1000 1004 1000 1000 0 5
0.166667 0.187550 0.012574 200 204 1000 988 1000 1000 0 5
0.166667 0.177078 0.012265 200 188 1000 971 1000 1000 0 5
0.166667 0.154883 0.011719 200 175 1000 1022 1000 1000 0 5
0.166667 0.188409 0.012265 200 223 1000 990 1000 1000 0 5
0.166667 0.135380 0.011181 200 170 1000 1067 1000 1000 0 5
0.166667 0.178542 0.012511 200 186 1000 934 1000 1000 0 5
0.166667 0.200964 0.012637 200 221 1000 958 1000 1000 0 5
0.166667 0.166149 0.011934 200 195 1000 1009 1000 1000 0 5
0.166667 0.155440 0.011620 200 177 1000 1001 1000 1000 0 5
0.166667 0.181862 0.012355 200 204 1000 998 1000 1000 0 5
0.166667 0.146126 0.011781 200 166 1000 1007 1000 1000 0 5
0.166667 0.150580 0.011760 200 184 1000 1034 1000 1000 0 5
0.166667 0.183156 0.012688 200 203 1000 973 1000 1000 0 5
0.166667 0.183280 0.012126 200 231 1000 1018 1000 1000 0 5
0.166667 0.184559 0.012468 200 200 1000 983 1000 1000 0 5
0.166667 0.170274 0.012016 200 198 1000 978 1000 1000 0 5
0.166667 0.202789 0.012316 200 233 1000 1001 1000 1000 0 5
0.166667 0.164980 0.012181 200 199 1000 976 1000 1000 0 5
0.166667 0.193747 0.012670 200 211 1000 970 1000 1000 0 5
0.166667 0.177615 0.012369 200 210 1000 996 1000 1000 0 5
0.166667 0.161788 0.011767 200 186 1000 1035 1000 1000 0 5
0.166667 0.156488 0.011871 200 176 1000 998 1000 1000 0 5
0.166667 0.182085 0.012263 200 185 1000 962 1000 1000 0 5
0.166667 0.164885 0.012128 200 187 1000 978 1000 1000 0 5
0.166667 0.183497 0.012569 200 193 1000 922 1000 1000 0 5
0.166667 0.184758 0.012456 200 183 1000 993 1000 1000 0 5
0.166667 0.166252 0.011692 200 199 1000 1063 1000 1000 0 5
0.166667 0.170860 0.011978 200 201 1000 995 1000 1000 0 5
0.166667 0.160431 0.011597 200 176 1000 992 1000 1000 0 5
0.166667 0.162567 0.011694 200 194 1000 1054 1000 1000 0 5
0.166667 0.171981 0.011697 200 202 1000 1058 1000 1000 0 5
0.166667 0.182423 0.012457 200 196 1000 933 1000 1000 0 5
0.166667 0.145178 0.011500 200 190 1000 1051 1000 1000 0 5
0.166667 0.183869 0.012589 200 196 1000 940 1000 1000 0 5
0.166667 0.178320 0.012060 200 208 1000 1026 1000 1000 0 5
0.166667 0.172236 0.012165 200 203 1000 995 1000 1000 0 5
0.166667 0.183691 0.012815 200 197 1000 926 1000 1000 0 5
0.166667 0.171945 0.012151 200 193 1000 975 1000 1000 0 5
0.166667 0.180938 0.012242 200 206 1000 992 1000 1000 0 5
0.166667 0.179172 0.012301 200 196 1000 998 1000 1000 0 5
0.166667 0.162734 0.011918 200 189 1000 1000 1000 1000 0 5
0.166667 0.174314 0.012271 200 189 1000 950 1000 1000 0 5
0.166667 0.160957 0.011718 200 172 1000 1051 1000 1000 0 5
0.166667 0.162269 0.011385 200 194 1000 1037 1000 1000 0 5
0.166667 0.184164 0.012614 200 191 1000 956 1000 1000 0 5
0.166667 0.189281 0.012075 200 220 1000 1018 1000 1000 0 5
0.166667 0.159483 0.011731 200 184 1000 1008 1000 1000 0 5
0.166667 0.167676 0.011525 200 198 1000 1061 1000 1000 0 5
0.166667 0.172149 0.012114 200 204 1000 1013 1000 1000 0 5
0.166667 0.194014 0.012766 200 204 1000 967 1000 1000 0 5
0.166667 0.175583 0.011744 200 198 1000 1021 1000 1000 0 5
0.166667 0.187582 0.012200 200 205 1000 1007 1000 1000 0 5
0.166667 0.181686 0.012068 200 211 1000 1047 1000 1000 0 5
0.166667 0.151283 0.011818 200 195 1000 997 1000 1000 0 5
0.166667 0.162326 0.012013 200 187 1000 997 1000 1000 0 5
0.166667 0.183072 0.012572 200 220 1000 972 1000 1000 0 5
0.166667 0.178614 0.012307 200 197 1000 964 1000 1000 0 5
0.166667 0.149309 0.011403 200 177 1000 1056 1000 1000 0 5
0.166667 0.183569 0.011952 200 211 1000 1047 1000 1000 0 5
0.166667 0.167898 0.011590 200 208 1000 1033 1000 1000 0 5
0.166667 0.186326 0.012503 200 228 1000 965 1000 1000 0 5
0.166667 0.189925 0.012316 200 221 1000 994 1000 1000 0 5
0.166667 0.173041 0.011780 200 215 1000 1061 1000 1000 0 5
0.166667 0.155056 0.011743 200 184 1000 1014 1000 1000 0 5
0.166667 0.167570 0.011753 200 213 1000 1072 1000 1000 0 5
0.166667 0.167371 0.011913 200 191 1000 1003 1000 1000 0 5
0.166667 0.176590 0.012022 200 188 1000 985 1000 1000 0 5
0.166667 0.173250 0.012246 200 208 1000 994 1000 1000 0 5
0.166667 0.159046 0.012183 200 186 1000 952 1000 1000 0 5
0.166667 0.188394 0.012451 200 219 1000 997 1000 1000 0 5
0.166667 0.172292 0.012060 200 198 1000 1022 1000 1000 0 5
0.166667 0.196476 0.012448 200 216 1000 999 1000 1000 0 5
0.166667 0.156538 0.011961 200 191 1000 979 1000 1000 0 5
0.166667 0.157316 0.011873 200 183 1000 1017 1000 1000 0 5
0.166667 0.181770 0.012211 200 215 1000 1017 1000 1000 0 5
0.166667 0.178487 0.012006 200 188 1000 996 1000 1000 0 5
0.166667 0.149662 0.011781 200 178 1000 994 1000 1000 0 5
0.166667 0.199077 0.012388 200 237 1000 983 1000 1000 0 5
0.166667 0.191944 0.012631 200 208 1000 960 1000 1000 0 5
0.166667 0.178549 0.012254 200 196 1000 995 1000 1000 0 5
0.166667 0.155140 0.011426 200 165 1000 1034 1000 1000 0 5
0.166667 0.181881 0.012176 200 207 1000 976 1000 1000 0 5
0.166667 0.167648 0.011656 200 197 1000 1060 1000 1000 0 5
0.166667 0.181310 0.012048 200 205 1000 1018 1000 1000 0 5
0.166667 0.154651 0.011892 200 175 1000 1006 1000 1000 0 5
0.166667 0.172251 0.011714 200 210 1000 1046 1000 1000 0 5
0.166667 0.183341 0.012465 200 205 1000 965 1000 1000 0 5
0.166667 0.168003 0.012039 200 201 1000 1014 1000 1000 0 5
0.166667 0.188697 0.012674 200 213 1000 983 1000 1000 0 5
0.166667 0.217071 0.013038 200 245 1000 937 1000 1000 0 5
0.166667 0.195309 0.012477 200 220 1000 980 1000 1000 0 5
0.166667 0.180143 0.012225 200 200 1000 996 1000 1000 0 5
0.166667 0.153874 0.011456 200 171 1000 1019 1000 1000 0 5
0.166667 0.174755 0.012418 200 191 1000 956 1000 1000 0 5
0.166667 0.163259 0.011761 200 195 1000 1029 1000 1000 0 5
0.166667 0.190048 0.012576 200 209 1000 948 1000 1000 0 5
0.166667 0.165021 0.011801 200 200 1000 1015 1000 1000 0 5
0.166667 0.159942 0.011487 200 184 1000 1020 1000 1000 0 5
0.166667 0.173155 0.012080 200 205 1000 995 1000 1000 0 5
0.166667 0.166734 0.011466 200 203 1000 1085 1000 1000 0 5
0.166667 0.165351 0.012250 200 181 1000 932 1000 1000 0 5
0.166667 0.159963 0.012007 200 198 1000 989 1000 1000 0 5
0.166667 0.175576 0.012467 200 204 1000 987 1000 1000 0 5
0.166667 0.197599 0.012357 200 218 1000 991 1000 1000 0 5
0.166667 0.172594 0.012079 200 189 1000 998 1000 1000 0 5
0.166667 0.169102 0.012113 200 184 1000 988 1000 1000 0 5
0.166667 0.184662 0.012503 200 197 1000 959 1000 1000 0 5
0.166667 0.156308 0.011626 200 197 1000 1031 1000 1000 0 5
0.166667 0.176891 0.012174 200 210 1000 987 1000 1000 0 5
0.166667 0.192971 0.012605 200 210 1000 949 1000 1000 0 5
0.166667 0.188340 0.013065 200 203 1000 921 1000 1000 0 5
0.166667 0.190274 0.012903 200 201 1000 924 1000 1000 0 5
0.166667 0.157080 0.011577 200 191 1000 1042 1000 1000 0 5
0.166667 0.184294 0.012232 200 191 1000 992 1000 1000 0 5
0.166667 0.166259 0.012099 200 197 1000 970 1000 1000 0 5
0.166667 0.170163 0.012153 200 186 1000 989 1000 1000 0 5
0.166667 0.165035 0.011975 200 204 1000 1015 1000 1000 0 5
0.166667 0.190501 0.012474 200 210 1000 949 1000 1000 0 5
0.166667 0.188578 0.012364 200 228 1000 1014 1000 1000 0 5
0.166667 0.191260 0.012351 200 227 1000 998 1000 1000 0 5
0.166667 0.204026 0.012895 200 222 1000 969 1000 1000 0 5
0.166667 0.170727 0.011881 200 205 1000 1009 1000 1000 0 5
0.166667 0.167403 0.012148 200 184 1000 980 1000 1000 0 5
0.166667 0.182414 0.012142 200 196 1000 1005 1000 1000 0 5
0.166667 0.153421 0.011899 200 185 1000 981 1000 1000 0 5
0.166667 0.183629 0.012220 200 193 1000 979 1000 1000 0 5
0.166667 0.163294 0.012188 200 174 1000 959 1000 1000 0 5
0.166667 0.160078 0.011992 200 178 1000 992 1000 1000 0 5
0.166667 0.173432 0.012279 200 188 1000 990 1000 1000 0 5
0.166667 0.176843 0.011950 200 197 1000 1023 1000 1000 0 5
0.166667 0.171930 0.012276 200 201 1000 982 1000 1000 0 5
0.166667 0.205274 0.012665 200 223 1000 964 1000 1000 0 5
0.166667 0.188768 0.012461 200 211 1000 986 1000 1000 0 5
0.166667 0.171642 0.012137 200 200 1000 998 1000 1000 0 5
0.166667 0.169814 0.011894 200 194 1000 1020 1000 1000 0 5
0.166667 0.187903 0.012401 200 206 1000 976 1000 1000 0 5
0.166667 0.174007 0.011868 200 211 1000 1061 1000 1000 0 5
0.166667 0.161361 0.011738 200 184 1000 1015 1000 1000 0 5
0.166667 0.177075 0.012131 200 193 1000 987 1000 1000 0 5
0.166667 0.169031 0.011833 200 204 1000 999 1000 1000 0 5
0.166667 0.172091 0.012386 200 190 1000 978 1000 1000 0 5
0.166667 0.164308 0.011925 200 177 1000 980 1000 1000 0 5
0.166667 0.169999 0.011826 200 199 1000 1025 1000 1000 0 5
0.166667 0.172453 0.012202 200 201 1000 974 1000 1000 0 5
0.166667 0.184103 0.012425 200 217 1000 991 1000 1000 0 5
0.166667 0.158845 0.011525 200 203 1000 1070 1000 1000 0 5
0.166667 0.172525 0.011930 200 184 1000 996 1000 1000 0 5
0.166667 0.180433 0.012051 200 221 1000 1036 1000 1000 0 5
0.166667 0.194628 0.012417 200 217 1000 990 1000 1000 0 5
0.166667 0.173722 0.011891 200 196 1000 1020 1000 1000 0 5
0.166667 0.187084 0.012613 200 195 1000 962 1000 1000 0 5
0.166667 0.189992 0.012251 200 224 1000 992 1000 1000 0 5
0.166667 0.168351 0.011671 200 190 1000 1027 1000 1000 0 5
0.166667 0.173480 0.012306 200 190 1000 967 1000 1000 0 5
0.166667 0.158318 0.011716 200 178 1000 999 1000 1000 0 5
0.166667 0.175961 0.012323 200 190 1000 955 1000 1000 0 5
0.166667 0.198245 0.012754 200 221 1000 962 1000 1000 0 5
0.166667 0.165357 0.012158 200 191 1000 999 1000 1000 0 5
0.166667 0.172688 0.012431 200 199 1000 949 1000 1000 0 5
0.166667 0.178711 0.012180 200 209 1000 992 1000 1000 0 5
0.166667 0.176275 0.012299 200 193 1000 975 1000 1000 0 5
0.166667 0.196554 0.012741 200 218 1000 960 1000 1000 0 5
0.166667 0.175863 0.012029 200 190 1000 1006 1000 1000 0 5
0.166667 0.165574 0.011702 200 200 1000 1019 1000 1000 0 5
0.166667 0.178208 0.012458 200 193 1000 977 1000 1000 0 5
0.166667 0.172815 0.011813 200 193 1000 1013 1000 1000 0 5
0.166667 0.177598 0.012049 200 207 1000 1009 1000 1000 0 5
0.166667 0.179276 0.012236 200 210 1000 1015 1000 1000 0 5
0.166667 0.175832 0.012178 200 203 1000 983 1000 1000 0 5
0.166667 0.153936 0.011654 200 200 1000 1041 1000 1000 0 5
0.166667 0.165709 0.011820 200 195 1000 1034 1000 1000 0 5
0.166667 0.187031 0.012496 200 207 1000 946 1000 1000 0 5
0.166667 0.195943 0.012811 200 221 1000 959 1000 1000 0 5
0.166667 0.186309 0.012436 200 197 1000 963 1000 1000 0 5
0.166667 0.166509 0.012000 200 192 1000 997 1000 1000 0 5
0.166667 0.172566 0.012083 200 198 1000 1019 1000 1000 0 5
0.166667 0.180919 0.012283 200 213 1000 977 1000 1000 0 5
0.166667 0.171392 0.012262 200 191 1000 945 1000 1000 0 5
0.166667 0.165649 0.011858 200 193 1000 1020 1000 1000 0 5
0.166667 0.172706 0.012139 200 198 1000 983 1000 1000 0 5
0.166667 0.188438 0.012390 200 217 1000 988 1000 1000 0 5
0.166667 0.162842 0.012086 200 170 1000 958 1000 1000 0 5
0.166667 0.174090 0.012186 200 191 1000 982 1000 1000 0 5
0.166667 0.167380 0.011746 200 196 1000 1043 1000 1000 0 5
0.166667 0.153821 0.012062 200 179 1000 964 1000 1000 0 5
0.166667 0.157482 0.011832 200 189 1000 1045 1000 1000 0 5
0.166667 0.169207 0.011812 200 206 1000 1046 1000 1000 0 5
0.166667 0.178678 0.011839 200 203 1000 1039 1000 1000 0 5
0.166667 0.168453 0.011849 200 196 1000 1037 1000 1000 0 5
0.166667 0.144521 0.011183 200 169 1000 1025 1000 1000 0 5
0.166667 0.162511 0.011598 200 214 1000 1080 1000 1000 0 5
0.166667 0.191695 0.012571 200 213 1000 992 1000 1000 0 5
0.166667 0.178835 0.012350 200 211 1000 988 1000 1000 0 5
0.166667 0.188316 0.012614 200 219 1000 971 1000 1000 0 5
0.166667 0.174111 0.011803 200 216 1000 1044 1000 1000 0 5
0.166667 0.183732 0.012188 200 204 1000 994 1000 1000 0 5
0.166667 0.190368 0.012134 200 217 1000 1019 1000 1000 0 5
0.166667 0.195099 0.012424 200 228 1000 986 1000 1000 0 5
0.166667 0.198601 0.012217 200 233 1000 1030 1000 1000 0 5
0.166667 0.163114 0.011837 200 203 1000 1010 1000 1000 0 5
0.166667 0.174464 0.011906 200 208 1000 1020 1000 1000 0 5
0.166667 0.180762 0.012624 200 193 1000 923 1000 1000 0 5
0.166667 0.193267 0.012630 200 224 1000 989 1000 1000 0 5
0.166667 0.178445 0.012226 200 205 1000 1003 1000 1000 0 5
0.166667 0.175960 0.012104 200 196 1000 977 1000 1000 0 5
0.166667 0.173055 0.012221 200 200 1000 977 1000 1000 0 5
0.166667 0.175603 0.012238 200 198 1000 1000 1000 1000 0 5
0.166667 0.162184 0.011755 200 199 1000 1024 1000 1000 0 5
0.166667 0.177496 0.011779 200 202 1000 1032 1000 1000 0 5
0.166667 0.174581 0.012015 200 200 1000 1021 1000 1000 0 5
0.166667 0.170252 0.011878 200 202 1000 1015 1000 1000 0 5
0.166667 0.168785 0.011947 200 192 1000 989 1000 1000 0 5
0.166667 0.165771 0.012172 200 198 1000 987 1000 1000 0 5
0.166667 0.179887 0.012094 200 212 1000 1016 1000 1000 0 5
0.166667 0.193170 0.012515 200 200 1000 967 1000 1000 0 5
0.166667 0.162339 0.011799 200 195 1000 1042 1000 1000 0 5
0.166667 0.165784 0.011897 200 192 1000 1021 1000 1000 0 5
0.166667 0.168829 0.012312 200 170 1000 979 1000 1000 0 5
0.166667 0.202707 0.012704 200 209 1000 958 1000 1000 0 5
0.166667 0.175610 0.011816 200 220 1000 1036 1000 1000 0 5
0.166667 0.167404 0.012032 200 201 1000 1015 1000 1000 0 5
0.166667 0.185838 0.011998 200 219 1000 1026 1000 1000 0 5
0.166667 0.184936 0.012215 200 214 1000 1010 1000 1000 0 5
0.166667 0.187632 0.012171 200 215 1000 999 1000 1000 0 5
0.166667 0.168529 0.011719 200 181 1000 1030 1000 1000 0 5
0.166667 0.172363 0.012100 200 195 1000 1004 1000 1000 0 5
0.166667 0.167938 0.011750 200 208 1000 1027 1000 1000 0 5
0.166667 0.181538 0.012116 200 218 1000 984 1000 1000 0 5
0.166667 0.160567 0.011900 200 192 1000 1013 1000 1000 0 5
0.166667 0.177528 0.012167 200 210 1000 983 1000 1000 0 5
0.166667 0.181946 0.012135 200 212 1000 1017 1000 1000 0 5
0.166667 0.177138 0.012197 200 201 1000 999 1000 1000 0 5
0.166667 0.165384 0.011860 200 197 1000 1020 1000 1000 0 5
0.166667 0.176056 0.012002 200 194 1000 1014 1000 1000 0 5
0.166667 0.188494 0.012656 200 201 1000 951 1000 1000 0 5
0.166667 0.171770 0.011875 200 185 1000 1027 1000 1000 0 5
0.166667 0.177824 0.012212 200 210 1000 985 1000 1000 0 5
0.166667 0.181177 0.012158 200 204 1000 994 1000 1000 0 5
0.166667 0.175085 0.012163 200 194 1000 981 1000 1000 0 5
0.166667 0.180871 0.012419 200 209 1000 970 1000 1000 0 5
0.166667 0.184191 0.012327 200 225 1000 991 1000 1000 0 5
0.166667 0.206606 0.013067 200 219 1000 921 1000 1000 0 5
0.166667 0.179339 0.012059 200 202 1000 1011 1000 1000 0 5
0.166667 0.188858 0.012444 200 206 1000 970 1000 1000 0 5
0.166667 0.157558 0.011445 200 176 1000 1041 1000 1000 0 5
0.166667 0.157348 0.012181 200 176 1000 969 1000 1000 0 5
0.166667 0.190291 0.012375 200 203 1000 988 1000 1000 0 5
0.166667 0.171393 0.012256 200 205 1000 978 1000 1000 0 5
0.166667 0.182403 0.012305 200 216 1000 1030 1000 1000 0 5
0.166667 0.178031 0.012298 200 203 1000 979 1000 1000 0 5
0.166667 0.186384 0.012470 200 222 1000 982 1000 1000 0 5
0.166667 0.151441 0.011555 200 181 1000 1028 1000 1000 0 5
0.166667 0.163049 0.011732 200 195 1000 1004 1000 1000 0 5
0.166667 0.166158 0.012153 200 183 1000 974 1000 1000 0 5
0.166667 0.200737 0.012516 200 222 1000 994 1000 1000 0 5
0.166667 0.176336 0.012472 200 197 1000 944 1000 1000 0 5
0.166667 0.180393 0.011962 200 218 1000 1044 1000 1000 0 5
0.166667 0.179790 0.012058 200 223 1000 1018 1000 1000 0 5
0.166667 0.163540 0.011950 200 192 1000 1046 1000 1000 0 5
0.166667 0.157344 0.011500 200 200 1000 1059 1000 1000 0 5
0.166667 0.144205 0.011300 200 179 1000 1042 1000 1000 0 5
0.166667 0.159186 0.011356 200 200 1000 1071 1000 1000 0 5
0.166667 0.183245 0.012348 200 212 1000 989 1000 1000 0 5
0.166667 0.185535 0.012429 200 203 1000 979 1000 1000 0 5
0.166667 0.181891 0.011693 200 204 1000 1039 1000 1000 0 5
0.166667 0.162997 0.012363 200 177 1000 946 1000 1000 0 5
0.166667 0.184728 0.012162 200 201 1000 1003 1000 1000 0 5
0.166667 0.178960 0.012198 200 205 1000 1019 1000 1000 0 5
0.166667 0.182272 0.012254 200 217 1000 997 1000 1000 0 5
0.166667 0.179663 0.011935 200 202 1000 1027 1000 1000 0 5
0.166667 0.186094 0.012275 200 218 1000 1018 1000 1000 0 5
0.166667 0.174919 0.012056 200 193 1000 992 1000 1000 0 5
0.166667 0.165912 0.011900 200 187 1000 1010 1000 1000 0 5
0.166667 0.183172 0.012177 200 215 1000 1009 1000 1000 0 5
0.166667 0.175452 0.012312 200 199 1000 974 1000 1000 0 5
0.166667 0.175457 0.011920 200 207 1000 1032 1000 1000 0 5
0.166667 0.188405 0.012601 200 195 1000 957 1000 1000 0 5
0.166667 0.173956 0.012053 200 205 1000 1013 1000 1000 0 5
0.166667 0.160992 0.012395 200 184 1000 937 1000 1000 0 5
0.166667 0.174711 0.012281 200 184 1000 968 1000 1000 0 5
0.166667 0.173296 0.011713 200 209 1000 1026 1000 1000 0 5
0.166667 0.173628 0.011852 200 194 1000 1022 1000 1000 0 5
0.166667 0.163097 0.011687 200 190 1000 1035 1000 1000 0 5
0.166667 0.180349 0.012463 200 203 1000 965 1000 1000 0 5
0.166667 0.158998 0.011900 200 187 1000 1024 1000 1000 0 5
0.166667 0.181235 0.012116 200 212 1000 1011 1000 1000 0 5
0.166667 0.177564 0.012215 200 202 1000 979 1000 1000 0 5
0.166667 0.177642 0.012129 200 188 1000 988 1000 1000 0 5
0.166667 0.177498 0.011878 200 198 1000 1055 1000 1000 0 5
0.166667 0.163898 0.011620 200 186 1000 1042 1000 1000 0 5
0.166667 0.147458 0.011100 200 167 1000 1055 1000 1000 0 5
0.166667 0.178272 0.012188 200 190 1000 1008 1000 1000 0 5
0.166667 0.160046 0.011561 200 190 1000 1026 1000 1000 0 5
0.166667 0.167488 0.012152 200 193 1000 999 1000 1000 0 5
0.166667 0.173040 0.011846 200 201 1000 1019 1000 1000 0 5
0.166667 0.160137 0.011953 200 179 1000 993 1000 1000 0 5
0.166667 0.193456 0.012780 200 208 1000 933 1000 1000 0 5
0.166667 0.183214 0.011991 200 209 1000 1035 1000 1000 0 5
0.166667 0.193926 0.012579 200 204 1000 983 1000 1000 0 5
0.166667 0.169880 0.012030 200 191 1000 1033 1000 1000 0 5
0.166667 0.174765 0.011685 200 219 1000 1053 1000 1000 0 5
0.166667 0.184910 0.012154 200 214 1000 1016 1000 1000 0 5
0.166667 0.152845 0.011588 200 184 1000 997 1000 1000 0 5
0.166667 0.168471 0.011918 200 181 1000 1015 1000 1000 0 5
0.166667 0.181872 0.012256 200 207 1000 1011 1000 1000 0 5
0.166667 0.183865 0.011956 200 208 1000 1026 1000 1000 0 5
0.166667 0.159600 0.012067 200 169 1000 963 1000 1000 0 5
0.166667 0.186097 0.012503 200 195 1000 926 1000 1000 0 5
0.166667 0.194397 0.012834 200 215 1000 964 1000 1000 0 5
0.166667 0.182359 0.012451 200 208 1000 979 1000 1000 0 5
0.166667 0.178069 0.012214 200 209 1000 997 1000 1000 0 5
0.166667 0.178162 0.012130 200 205 1000 1020 1000 1000 0 5
0.166667 0.185670 0.012278 200 207 1000 1021 1000 1000 0 5
0.166667 0.182137 0.012380 200 195 1000 972 1000 1000 0 5
0.166667 0.198879 0.012700 200 225 1000 944 1000 1000 0 5
0.166667 0.159962 0.011601 200 190 1000 1016 1000 1000 0 5
0.166667 0.174712 0.012169 200 205 1000 994 1000 1000 0 5
0.166667 0.186544 0.012089 200 217 1000 1028 1000 1000 0 5
0.166667 0.180805 0.012469 200 204 1000 993 1000 1000 0 5
0.166667 0.179757 0.012686 200 187 1000 938 1000 1000 0 5
0.166667 0.179651 0.012237 200 200 1000 998 1000 1000 0 5
0.166667 0.171686 0.011889 200 199 1000 1035 1000 1000 0 5
0.166667 0.175561 0.011954 200 189 1000 1021 1000 1000 0 5
0.166667 0.158755 0.011873 200 186 1000 996 1000 1000 0 5
0.166667 0.174486 0.012011 200 195 1000 981 1000 1000 0 5
0.166667 0.184473 0.012200 200 224 1000 1008 1000 1000 0 5
0.166667 0.166361 0.012149 200 203 1000 1012 1000 1000 0 5
0.166667 0.184420 0.012279 200 221 1000 1019 1000 1000 0 5
0.166667 0.181329 0.012013 200 205 1000 1016 1000 1000 0 5
0.166667 0.148344 0.011782 200 169 1000 939 1000 1000 0 5
0.166667 0.156424 0.011613 200 181 1000 1039 1000 1000 0 5
0.166667 0.187574 0.012176 200 198 1000 978 1000 1000 0 5
0.166667 0.164511 0.011766 200 201 1000 1036 1000 1000 0 5
0.166667 0.166620 0.012049 200 194 1000 988 1000 1000 0 5
0.166667 0.184959 0.011985 200 229 1000 1025 1000 1000 0 5
0.166667 0.169660 0.012480 200 195 1000 945 1000 1000 0 5
0.166667 0.177726 0.011851 200 200 1000 1035 1000 1000 0 5
0.166667 0.194378 0.012396 200 223 1000 993 1000 1000 0 5
0.166667 0.197124 0.012518 200 222 1000 993 1000 1000 0 5
0.166667 0.146653 0.011332 200 174 1000 1033 1000 1000 0 5
0.166667 0.177831 0.012011 200 220 1000 1048 1000 1000 0 5
0.166667 0.172681 0.012006 200 207 1000 1035 1000 1000 0 5
0.166667 0.163826 0.012202 200 179 1000 965 1000 1000 0 5
0.166667 0.173970 0.012284 200 208 1000 1005 1000 1000 0 5
0.166667 0.168801 0.012397 200 184 1000 953 1000 1000 0 5
0.166667 0.186088 0.012656 200 205 1000 946 1000 1000 0 5
0.166667 0.159686 0.012068 200 178 1000 981 1000 1000 0 5
0.166667 0.174456 0.012164 200 202 1000 1003 1000 1000 0 5
0.166667 0.176406 0.012123 200 204 1000 1011 1000 1000 0 5
0.166667 0.181720 0.012666 200 207 1000 970 1000 1000 0 5
0.166667 0.157125 0.012183 200 169 1000 966 1000 1000 0 5
0.166667 0.183613 0.012451 200 207 1000 961 1000 1000 0 5
0.166667 0.176884 0.011938 200 226 1000 1043 1000 1000 0 5
0.166667 0.185447 0.012391 200 223 1000 1018 1000 1000 0 5
0.166667 0.161989 0.011709 200 182 1000 1011 1000 1000 0 5
0.166667 0.174525 0.012155 200 198 1000 988 1000 1000 0 5
0.166667 0.186464 0.012287 200 201 1000 990 1000 1000 0 5
0.166667 0.186597 0.012692 200 199 1000 937 1000 1000 0 5
0.166667 0.171654 0.012152 200 200 1000 1017 1000 1000 0 5
0.166667 0.182956 0.012490 200 210 1000 975 1000 1000 0 5
0.166667 0.178352 0.012356 200 199 1000 1004 1000 1000 0 5
0.166667 0.188428 0.012154 200 211 1000 1009 1000 1000 0 5
0.166667 0.179022 0.012135 200 211 1000 1008 1000 1000 0 5
0.166667 0.183864 0.012123 200 200 1000 1016 1000 1000 0 5
0.166667 0.177400 0.012416 200 196 1000 970 1000 1000 0 5
0.166667 0.177138 0.012022 200 197 1000 996 1000 1000 0 5
0.166667 0.154500 0.011814 200 187 1000 981 1000 1000 0 5
0.166667 0.175426 0.011909 200 198 1000 1032 1000 1000 0 5
0.166667 0.173002 0.012081 200 183 1000 997 1000 1000 0 5
0.166667 0.181567 0.011960 200 205 1000 1018 1000 1000 0 5
0.166667 0.155908 0.011527 200 189 1000 1070 1000 1000 0 5
0.166667 0.177404 0.012320 200 200 1000 1001 1000 1000 0 5
0.166667 0.175220 0.011828 200 195 1000 1020 1000 1000 0 5
0.166667 0.189028 0.012616 200 214 1000 993 1000 1000 0 5
0.166667 0.173163 0.011921 200 191 1000 1021 1000 1000 0 5
0.166667 0.176974 0.011842 200 198 1000 1037 1000 1000 0 5
0.166667 0.154118 0.011359 200 183 1000 1032 1000 1000 0 5
0.166667 0.194508 0.012435 200 210 1000 988 1000 1000 0 5
0.166667 0.170705 0.011706 200 203 1000 1046 1000 1000 0 5
0.166667 0.194681 0.012292 200 238 1000 1005 1000 1000 0 5
0.166667 0.173589 0.012361 200 200 1000 961 1000 1000 0 5
0.166667 0.197621 0.012338 200 233 1000 982 1000 1000 0 5
0.166667 0.157169 0.011775 200 183 1000 1004 1000 1000 0 5
0.166667 0.178309 0.012093 200 211 1000 1009 1000 1000 0 5
0.166667 0.171472 0.011996 200 201 1000 1017 1000 1000 0 5
0.166667 0.166015 0.012057 200 198 1000 995 1000 1000 0 5
0.166667 0.167811 0.012238 200 187 1000 976 1000 1000 0 5
0.166667 0.187046 0.012183 200 223 1000 1009 1000 1000 0 5
0.166667 0.187885 0.012513 200 221 1000 992 1000 1000 0 5
0.166667 0.164467 0.011782 200 196 1000 1034 1000 1000 0 5
0.166667 0.175461 0.011858 200 216 1000 1031 1000 1000 0 5
0.166667 0.180079 0.012506 200 189 1000 995 1000 1000 0 5
0.166667 0.183764 0.011964 200 199 1000 1010 1000 1000 0 5
0.166667 0.191190 0.012273 200 225 1000 1026 1000 1000 0 5
0.166667 0.174519 0.012152 200 205 1000 984 1000 1000 0 5
0.166667 0.163457 0.011905 200 186 1000 1001 1000 1000 0 5
0.166667 0.169175 0.012050 200 202 1000 986 1000 1000 0 5
0.166667 0.168554 0.012102 200 194 1000 997 1000 1000 0 5
0.166667 0.208611 0.012748 200 226 1000 961 1000 1000 0 5
0.166667 0.159024 0.011739 200 173 1000 988 1000 1000 0 5
0.166667 0.180763 0.011887 200 213 1000 1041 1000 1000 0 5
0.166667 0.165186 0.011908 200 185 1000 1030 1000 1000 0 5
0.166667 0.166161 0.011681 200 204 1000 1062 1000 1000 0 5
0.166667 0.171581 0.012116 200 186 1000 989 1000 1000 0 5
0.166667 0.184178 0.012403 200 202 1000 974 1000 1000 0 5
0.166667 0.175096 0.012330 200 202 1000 973 1000 1000 0 5
0.166667 0.188943 0.012626 200 221 1000 998 1000 1000 0 5
0.166667 0.169808 0.011941 200 189 1000 992 1000 1000 0 5
0.166667 0.197569 0.012690 200 232 1000 973 1000 1000 0 5
0.166667 0.178338 0.012382 200 213 1000 999 1000 1000 0 5
0.166667 0.149409 0.011589 200 186 1000 1033 1000 1000 0 5
0.166667 0.204493 0.012798 200 233 1000 970 1000 1000 0 5
0.166667 0.180264 0.011828 200 205 1000 1024 1000 1000 0 5
0.166667 0.173160 0.011960 200 198 1000 1031 1000 1000 0 5
0.166667 0.183599 0.012129 200 218 1000 998 1000 1000 0 5
0.166667 0.185208 0.012505 200 212 1000 967 1000 1000 0 5
0.166667 0.166570 0.011811 200 183 1000 1033 1000 1000 0 5
0.166667 0.167252 0.011822 200 207 1000 1028 1000 1000 0 5
0.166667 0.176671 0.012302 200 207 1000 1027 1000 1000 0 5
0.166667 0.168565 0.012161 200 196 1000 970 1000 1000 0 5
0.166667 0.166641 0.011912 200 184 1000 996 1000 1000 0 5
0.166667 0.186497 0.012723 200 210 1000 982 1000 1000 0 5
0.166667 0.173191 0.012190 200 193 1000 979 1000 1000 0 5
0.166667 0.192007 0.012849 200 217 1000 959 1000 1000 0 5
0.166667 0.200974 0.012963 200 207 1000 933 1000 1000 0 5
0.166667 0.154760 0.011728 200 175 1000 966 1000 1000 0 5
0.166667 0.180087 0.011904 200 205 1000 1036 1000 1000 0 5
0.166667 0.154251 0.011658 200 170 1000 995 1000 1000 0 5
0.166667 0.172951 0.012264 200 207 1000 1011 1000 1000 0 5
0.166667 0.129896 0.010973 200 172 1000 1047 1000 1000 0 5
0.166667 0.159822 0.012077 200 182 1000 972 1000 1000 0 5
0.166667 0.192169 0.012403 200 203 1000 975 1000 1000 0 5
0.166667 0.177466 0.011829 200 205 1000 1046 1000 1000 0 5
0.166667 0.161398 0.012108 200 176 1000 970 1000 1000 0 5
0.166667 0.198723 0.012705 200 217 1000 956 1000 1000 0 5
0.166667 0.172471 0.011822 200 197 1000 1018 1000 1000 0 5
0.166667 0.163007 0.011687 200 184 1000 1006 1000 1000 0 5
0.166667 0.191910 0.012525 200 216 1000 978 1000 1000 0 5
0.166667 0.169894 0.012138 200 185 1000 962 1000 1000 0 5
0.166667 0.184097 0.012466 200 198 1000 977 1000 1000 0 5
0.166667 0.192542 0.012773 200 206 1000 945 1000 1000 0 5
0.166667 0.170672 0.011724 200 198 1000 1048 1000 1000 0 5
0.166667 0.164690 0.011661 200 201 1000 1047 1000 1000 0 5
0.166667 0.178617 0.011941 200 196 1000 1005 1000 1000 0 5
0.166667 0.175205 0.012075 200 204 1000 1007 1000 1000 0 5
0.166667 0.173206 0.012532 200 206 1000 963 1000 1000 0 5
0.166667 0.184353 0.012549 200 212 1000 964 1000 1000 0 5
0.166667 0.171848 0.012259 200 200 1000 963 1000 1000 0 5
0.166667 0.192588 0.012563 200 220 1000 974 1000 1000 0 5
0.166667 0.174323 0.012000 200 181 1000 970 1000 1000 0 5
0.166667 0.167070 0.012670 200 194 1000 939 1000 1000 0 5
0.166667 0.189703 0.012151 200 217 1000 1018 1000 1000 0 5
0.166667 0.188095 0.012482 200 224 1000 985 1000 1000 0 5
0.166667 0.179432 0.012445 200 188 1000 935 1000 1000 0 5
0.166667 0.175963 0.012166 200 183 1000 987 1000 1000 0 5
0.166667 0.174232 0.012173 200 201 1000 994 1000 1000 0 5
0.166667 0.174738 0.012217 200 212 1000 1003 1000 1000 0 5
0.166667 0.171346 0.011749 200 188 1000 1041 1000 1000 0 5
0.166667 0.159171 0.011468 200 192 1000 1063 1000 1000 0 5
0.166667 0.165560 0.011604 200 184 1000 1054 1000 1000 0 5
0.166667 0.175869 0.012034 200 200 1000 1023 1000 1000 0 5
0.166667 0.186371 0.012384 200 219 1000 1004 1000 1000 0 5
0.166667 0.186205 0.012071 200 206 1000 1014 1000 1000 0 5
0.166667 0.164208 0.012150 200 186 1000 970 1000 1000 0 5
0.166667 0.169770 0.011919 200 198 1000 1010 1000 1000 0 5
0.166667 0.155628 0.011793 200 186 1000 1015 1000 1000 0 5
0.166667 0.180205 0.012426 200 204 1000 971 1000 1000 0 5
0.166667 0.156861 0.011674 200 182 1000 1023 1000 1000 0 5
0.166667 0.179331 0.012130 200 191 1000 989 1000 1000 0 5
0.166667 0.206666 0.012497 200 234 1000 992 1000 1000 0 5
0.166667 0.203313 0.012617 200 220 1000 994 1000 1000 0 5
0.166667 0.162350 0.011823 200 180 1000 1009 1000 1000 0 5
0.166667 0.151628 0.011716 200 183 1000 1022 1000 1000 0 5
0.166667 0.174829 0.011676 200 205 1000 1055 1000 1000 0 5
0.166667 0.171845 0.012281 200 178 1000 988 1000 1000 0 5
0.166667 0.186606 0.012382 200 219 1000 1010 1000 1000 0 5
0.166667 0.155326 0.011659 200 190 1000 1057 1000 1000 0 5
0.166667 0.167089 0.012040 200 190 1000 979 1000 1000 0 5
0.166667 0.210707 0.012802 200 240 1000 977 1000 1000 0 5
0.166667 0.181753 0.012724 200 205 1000 935 1000 1000 0 5
0.166667 0.178318 0.012463 200 210 1000 973 1000 1000 0 5
0.166667 0.165073 0.011940 200 179 1000 985 1000 1000 0 5
0.166667 0.177081 0.012122 200 197 1000 984 1000 1000 0 5
0.166667 0.188629 0.012229 200 218 1000 992 1000 1000 0 5
0.166667 0.170278 0.011975 200 192 1000 1008 1000 1000 0 5
0.166667 0.170324 0.011938 200 201 1000 1029 1000 1000 0 5
0.166667 0.145358 0.011740 200 171 1000 995 1000 1000 0 5
0.166667 0.186546 0.012386 200 222 1000 991 1000 1000 0 5
0.166667 0.188896 0.012412 200 225 1000 1005 1000 1000 0 5
0.166667 0.177805 0.012087 200 200 1000 984 1000 1000 0 5
0.166667 0.159759 0.011768 200 196 1000 1022 1000 1000 0 5
0.166667 0.178123 0.012341 200 197 1000 963 1000 1000 0 5
0.166667 0.181296 0.012540 200 204 1000 984 1000 1000 0 5
0.166667 0.170153 0.011821 200 185 1000 1018 1000 1000 0 5
0.166667 0.189002 0.012650 200 206 1000 967 1000 1000 0 5
0.166667 0.168914 0.011776 200 197 1000 1019 1000 1000 0 5
0.166667 0.178189 0.012379 200 197 1000 976 1000 1000 0 5
0.166667 0.182721 0.012242 200 192 1000 992 1000 1000 0 5
0.166667 0.173271 0.012469 200 207 1000 956 1000 1000 0 5
0.166667 0.163878 0.011664 200 191 1000 1036 1000 1000 0 5
0.166667 0.177395 0.012134 200 204 1000 1007 1000 1000 0 5
0.166667 0.198883 0.012420 200 223 1000 1013 1000 1000 0 5
0.166667 0.188155 0.012637 200 198 1000 945 1000 1000 0 5
0.166667 0.175401 0.011983 200 204 1000 1029 1000 1000 0 5
0.166667 0.154308 0.011904 200 192 1000 1040 1000 1000 0 5
0.166667 0.171813 0.012178 200 185 1000 1016 1000 1000 0 5
0.166667 0.163787 0.011845 200 186 1000 988 1000 1000 0 5
0.166667 0.166952 0.012131 200 189 1000 967 1000 1000 0 5
0.166667 0.172683 0.012472 200 197 1000 950 1000 1000 0 5
0.166667 0.172961 0.011937 200 209 1000 1041 1000 1000 0 5
0.166667 0.195619 0.012586 200 215 1000 955 1000 1000 0 5
0.166667 0.192429 0.012037 200 221 1000 1031 1000 1000 0 5
0.166667 0.173723 0.011819 200 198 1000 1044 1000 1000 0 5
0.166667 0.176007 0.012042 200 194 1000 1026 1000 1000 0 5
0.166667 0.180156 0.012962 200 195 1000 894 1000 1000 0 5
0.166667 0.180694 0.011927 200 213 1000 1001 1000 1000 0 5
0.166667 0.166703 0.012104 200 192 1000 992 1000 1000 0 5
0.166667 0.180406 0.012444 200 196 1000 976 1000 1000 0 5
0.166667 0.185206 0.012554 200 207 1000 954 1000 1000 0 5
0.166667 0.173519 0.011943 200 196 1000 1029 1000 1000 0 5
0.166667 0.178515 0.012279 200 209 1000 1006 1000 1000 0 5
0.166667 0.200375 0.012766 200 221 1000 993 1000 1000 0 5
0.166667 0.155833 0.011873 200 181 1000 973 1000 1000 0 5
0.166667 0.201152 0.012532 200 221 1000 965 1000 1000 0 5
0.166667 0.165012 0.011825 200 186 1000 999 1000 1000 0 5
0.166667 0.193550 0.012882 200 199 1000 942 1000 1000 0 5
0.166667 0.147746 0.011761 200 160 1000 973 1000 1000 0 5
0.166667 0.186147 0.012235 200 203 1000 987 1000 1000 0 5
0.166667 0.170116 0.012211 200 227 1000 1027 1000 1000 0 5
0.166667 0.186277 0.012031 200 223 1000 1058 1000 1000 0 5
0.166667 0.159557 0.011832 200 184 1000 978 1000 1000 0 5
0.166667 0.186623 0.012112 200 218 1000 994 1000 1000 0 5
0.166667 0.196973 0.012965 200 216 1000 956 1000 1000 0 5
0.166667 0.180565 0.012098 200 206 1000 1015 1000 1000 0 5
0.166667 0.191120 0.012033 200 217 1000 1027 1000 1000 0 5
0.166667 0.157602 0.011562 200 189 1000 1077 1000 1000 0 5
0.166667 0.166999 0.011957 200 189 1000 998 1000 1000 0 5
0.166667 0.180292 0.012324 200 203 1000 979 1000 1000 0 5
0.166667 0.172246 0.012157 200 200 1000 987 1000 1000 0 5
0.166667 0.196154 0.012583 200 234 1000 954 1000 1000 0 5
0.166667 0.171124 0.011937 200 190 1000 1029 1000 1000 0 5
0.166667 0.177011 0.012720 200 202 1000 919 1000 1000 0 5
0.166667 0.203594 0.012726 200 214 1000 969 1000 1000 0 5
0.166667 0.190163 0.012121 200 210 1000 1013 1000 1000 0 5
0.166667 0.166959 0.011907 200 189 1000 993 1000 1000 0 5
0.166667 0.168235 0.011763 200 194 1000 1048 1000 1000 0 5
0.166667 0.163322 0.011963 200 173 1000 997 1000 1000 0 5
0.166667 0.157795 0.012084 200 187 1000 987 1000 1000 0 5
0.166667 0.165197 0.011448 200 193 1000 1026 1000 1000 0 5
0.166667 0.186560 0.012422 200 204 1000 969 1000 1000 0 5
0.166667 0.204828 0.012377 200 243 1000 1019 1000 1000 0 5
0.166667 0.182239 0.012326 200 202 1000 972 1000 1000 0 5
0.166667 0.175669 0.011837 200 197 1000 1009 1000 1000 0 5
0.166667 0.193874 0.012476 200 226 1000 983 1000 1000 0 5
0.166667 0.186342 0.012110 200 208 1000 1033 1000 1000 0 5
0.166667 0.162102 0.011999 200 177 1000 976 1000 1000 0 5
0.166667 0.162392 0.011548 200 188 1000 1049 1000 1000 0 5
0.166667 0.192134 0.012477 200 209 1000 963 1000 1000 0 5
0.166667 0.177523 0.012251 200 203 1000 980 1000 1000 0 5
0.166667 0.183185 0.011810 200 221 1000 1049 1000 1000 0 5
0.166667 0.168172 0.011914 200 186 1000 1004 1000 1000 0 5
0.166667 0.178567 0.012220 200 184 1000 995 1000 1000 0 5
0.166667 0.160105 0.011735 200 197 1000 1024 1000 1000 0 5
0.166667 0.185668 0.012541 200 212 1000 993 1000 1000 0 5
0.166667 0.184902 0.012569 200 214 1000 961 1000 1000 0 5
0.166667 0.155540 0.012049 200 183 1000 994 1000 1000 0 5
0.166667 0.170330 0.011700 200 202 1000 1038 1000 1000 0 5
0.166667 0.175762 0.012474 200 193 1000 957 1000 1000 0 5
0.166667 0.200387 0.012511 200 210 1000 999 1000 1000 0 5
0.166667 0.170989 0.012000 200 193 1000 994 1000 1000 0 5
0.166667 0.191062 0.012214 200 225 1000 1009 1000 1000 0 5
0.166667 0.167119 0.011426 200 200 1000 1086 1000 1000 0 5
0.166667 0.189400 0.012493 200 222 1000 1012 1000 1000 0 5
0.166667 0.171375 0.011834 200 207 1000 1053 1000 1000 0 5
0.166667 0.179053 0.011656 200 214 1000 1100 1000 1000 0 5
0.166667 0.194141 0.012882 200 201 1000 931 1000 1000 0 5
0.166667 0.193866 0.012347 200 226 1000 994 1000 1000 0 5
0.166667 0.161728 0.011737 200 190 1000 1010 1000 1000 0 5
0.166667 0.177591 0.012254 200 214 1000 996 1000 1000 0 5
0.166667 0.163250 0.011873 200 191 1000 999 1000 1000 0 5
0.166667 0.189130 0.012559 200 194 1000 944 1000 1000 0 5
0.166667 0.158549 0.011870 200 188 1000 1012 1000 1000 0 5
0.166667 0.180887 0.012127 200 211 1000 1019 1000 1000 0 5
0.166667 0.180644 0.012143 200 198 1000 995 1000 1000 0 5
0.166667 0.166368 0.011928 200 187 1000 996 1000 1000 0 5
0.166667 0.174951 0.012039 200 192 1000 999 1000 1000 0 5
0.166667 0.173590 0.011848 200 201 1000 1003 1000 1000 0 5
0.166667 0.179753 0.012195 200 203 1000 983 1000 1000 0 5
0.166667 0.178780 0.012213 200 199 1000 999 1000 1000 0 5
0.166667 0.177950 0.012340 200 196 1000 987 1000 1000 0 5
0.166667 0.175567 0.012165 200 193 1000 1002 1000 1000 0 5
0.166667 0.187905 0.011939 200 221 1000 1053 1000 1000 0 5
0.166667 0.164101 0.012151 200 194 1000 1011 1000 1000 0 5
0.166667 0.170666 0.011991 200 192 1000 995 1000 1000 0 5
0.166667 0.162312 0.011704 200 181 1000 1019 1000 1000 0 5
0.166667 0.171705 0.011747 200 204 1000 1053 1000 1000 0 5
0.166667 0.146676 0.011338 200 189 1000 1088 1000 1000 0 5
0.166667 0.181616 0.012106 200 217 1000 1036 1000 1000 0 5
0.166667 0.190704 0.012688 200 211 1000 957 1000 1000 0 5
0.166667 0.181061 0.012473 200 210 1000 998 1000 1000 0 5
0.166667 0.173537 0.011958 200 184 1000 1027 1000 1000 0 5
0.166667 0.188185 0.012607 200 229 1000 998 1000 1000 0 5
0.166667 0.173727 0.011846 200 201 1000 1012 1000 1000 0 5
0.166667 0.179929 0.012402 200 203 1000 981 1000 1000 0 5
0.166667 0.181396 0.012712 200 208 1000 944 1000 1000 0 5
0.166667 0.174618 0.011903 200 209 1000 1012 1000 1000 0 5
0.166667 0.155029 0.011615 200 180 1000 1046 1000 1000 0 5
0.166667 0.165044 0.011854 200 202 1000 1038 1000 1000 0 5
0.166667 0.177696 0.012388 200 207 1000 988 1000 1000 0 5
0.166667 0.184536 0.012538 200 199 1000 949 1000 1000 0 5
0.166667 0.153017 0.011746 200 177 1000 996 1000 1000 0 5
0.166667 0.197775 0.012353 200 222 1000 994 1000 1000 0 5
0.166667 0.199420 0.012546 200 215 1000 989 1000 1000 0 5
0.166667 0.159735 0.012056 200 173 1000 952 1000 1000 0 5
0.166667 0.162972 0.011975 200 194 1000 1019 1000 1000 0 5
0.166667 0.166329 0.011455 200 185 1000 1069 1000 1000 0 5
0.166667 0.170196 0.011628 200 208 1000 1074 1000 1000 0 5
0.166667 0.162667 0.012092 200 184 1000 989 1000 1000 0 5
0.166667 0.177770 0.012586 200 199 1000 955 1000 1000 0 5
0.166667 0.175533 0.011990 200 199 1000 1021 1000 1000 0 5
0.166667 0.184094 0.012363 200 215 1000 983 1000 1000 0 5
0.166667 0.191243 0.012412 200 212 1000 999 1000 1000 0 5
0.166667 0.164916 0.011809 200 206 1000 1055 1000 1000 0 5
0.166667 0.179355 0.012265 200 214 1000 1029 1000 1000 0 5
0.166667 0.177781 0.012061 200 221 1000 1040 1000 1000 0 5
0.166667 0.166537 0.012195 200 185 1000 965 1000 1000 0 5
0.166667 0.179052 0.012165 200 208 1000 1022 1000 1000 0 5
0.166667 0.169062 0.012156 200 204 1000 980 1000 1000 0 5
0.166667 0.167527 0.011754 200 189 1000 1032 1000 1000 0 5
0.166667 0.190489 0.012495 200 218 1000 989 1000 1000 0 5
0.166667 0.182032 0.012748 200 197 1000 932 1000 1000 0 5
0.166667 0.169959 0.012463 200 186 1000 927 1000 1000 0 5
0.166667 0.170177 0.011937 200 205 1000 1016 1000 1000 0 5
0.166667 0.174889 0.012814 200 203 1000 966 1000 1000 0 5
0.166667 0.162744 0.011724 200 185 1000 1014 1000 1000 0 5
0.166667 0.168541 0.012348 200 193 1000 970 1000 1000 0 5
0.166667 0.163182 0.011870 200 207 1000 1039 1000 1000 0 5
0.166667 0.162435 0.011951 200 195 1000 1018 1000 1000 0 5
0.166667 0.189591 0.012560 200 227 1000 967 1000 1000 0 5
0.166667 0.191896 0.012078 200 228 1000 1031 1000 1000 0 5
0.166667 0.184121 0.012246 200 205 1000 1011 1000 1000 0 5
0.166667 0.164206 0.011433 200 201 1000 1065 1000 1000 0 5
0.166667 0.165828 0.011446 200 188 1000 1058 1000 1000 0 5
0.166667 0.162803 0.012161 200 190 1000 983 1000 1000 0 5
0.166667 0.181357 0.012516 200 204 1000 964 1000 1000 0 5
0.166667 0.160591 0.011438 200 204 1000 1075 1000 1000 0 5
0.166667 0.166147 0.011745 200 194 1000 1033 1000 1000 0 5
0.166667 0.175876 0.012306 200 197 1000 965 1000 1000 0 5
0.166667 0.174342 0.012117 200 180 1000 967 1000 1000 0 5
0.166667 0.172293 0.012086 200 197 1000 1003 1000 1000 0 5
0.166667 0.144049 0.011379 200 182 1000 1052 1000 1000 0 5
0.166667 0.188084 0.012292 200 199 1000 974 1000 1000 0 5
0.166667 0.195230 0.012616 200 231 1000 1000 1000 1000 0 5
0.166667 0.173752 0.011900 200 208 1000 1010 1000 1000 0 5
0.166667 0.183679 0.012361 200 202 1000 979 1000 1000 0 5
0.166667 0.169966 0.012098 200 192 1000 987 1000 1000 0 5
0.166667 0.191728 0.012630 200 223 1000 981 1000 1000 0 5
0.166667 0.185853 0.012001 200 218 1000 1023 1000 1000 0 5
0.166667 0.183492 0.012196 200 213 1000 1008 1000 1000 0 5
0.166667 0.182685 0.012439 200 204 1000 977 1000 1000 0 5
0.166667 0.164974 0.012093 200 196 1000 994 1000 1000 0 5
0.166667 0.180726 0.012426 200 204 1000 966 1000 1000 0 5
0.166667 0.180456 0.012363 200 208 1000 965 1000 1000 0 5
0.166667 0.183050 0.012203 200 207 1000 996 1000 1000 0 5
0.166667 0.176627 0.012226 200 201 1000 994 1000 1000 0 5
0.166667 0.173736 0.012251 200 193 1000 959 1000 1000 0 5
0.166667 0.177519 0.012036 200 189 1000 982 1000 1000 0 5
0.166667 0.178315 0.012203 200 198 1000 992 1000 1000 0 5
0.166667 0.182471 0.012644 200 200 1000 966 1000 1000 0 5
0.166667 0.180505 0.012619 200 208 1000 977 1000 1000 0 5
0.166667 0.168622 0.012098 200 193 1000 966 1000 1000 0 5
0.166667 0.189014 0.012528 200 217 1000 973 1000 1000 0 5
0.166667 0.177240 0.012479 200 196 1000 943 1000 1000 0 5
0.166667 0.159747 0.011794 200 194 1000 1017 1000 1000 0 5
0.166667 0.171772 0.012098 200 204 1000 1004 1000 1000 0 5
0.166667 0.169742 0.011788 200 184 1000 1004 1000 1000 0 5
0.166667 0.193342 0.012532 200 216 1000 985 1000 1000 0 5
0.166667 0.189135 0.012479 200 211 1000 970 1000 1000 0 5
0.166667 0.187365 0.012317 200 213 1000 1020 1000 1000 0 5
0.166667 0.156804 0.012019 200 178 1000 981 1000 1000 0 5
0.166667 0.195546 0.013089 200 221 1000 946 1000 1000 0 5
0.166667 0.174249 0.012054 200 207 1000 1042 1000 1000 0 5
0.166667 0.163353 0.012209 200 173 1000 966 1000 1000 0 5
0.166667 0.148764 0.011310 200 177 1000 1055 1000 1000 0 5
0.166667 0.197797 0.012839 200 214 1000 961 1000 1000 0 5
0.166667 0.165235 0.011679 200 188 1000 998 1000 1000 0 5
0.166667 0.181298 0.012360 200 212 1000 980 1000 1000 0 5
0.166667 0.146898 0.011269 200 168 1000 1042 1000 1000 0 5
0.166667 0.182895 0.012180 200 216 1000 989 1000 1000 0 5
0.166667 0.181439 0.012067 200 209 1000 1013 1000 1000 0 5
0.166667 0.185399 0.011923 200 214 1000 1058 1000 1000 0 5
0.166667 0.163270 0.011769 200 179 1000 1001 1000 1000 0 5
0.166667 0.191287 0.012639 200 201 1000 978 1000 1000 0 5
0.166667 0.181058 0.012668 200 198 1000 954 1000 1000 0 5
0.166667 0.180037 0.012357 200 210 1000 1017 1000 1000 0 5
0.166667 0.171424 0.011641 200 203 1000 1067 1000 1000 0 5
0.166667 0.162665 0.011723 200 189 1000 1021 1000 1000 0 5
0.166667 0.157519 0.011738 200 178 1000 1011 1000 1000 0 5
0.166667 0.188034 0.012305 200 218 1000 981 1000 1000 0 5
0.166667 0.187488 0.012218 200 212 1000 995 1000 1000 0 5
0.166667 0.182044 0.011936 200 214 1000 1069 1000 1000 0 5
0.166667 0.192300 0.012696 200 225 1000 971 1000 1000 0 5
0.166667 0.194424 0.012496 200 220 1000 977 1000 1000 0 5
0.166667 0.155609 0.011316 200 192 1000 1066 1000 1000 0 5
0.166667 0.156757 0.011577 200 195 1000 1051 1000 1000 0 5
0.166667 0.183323 0.012095 200 221 1000 1041 1000 1000 0 5
0.166667 0.194479 0.012892 200 210 1000 950 1000 1000 0 5
0.166667 0.178159 0.012602 200 190 1000 944 1000 1000 0 5
0.166667 0.163959 0.012104 200 186 1000 1009 1000 1000 0 5
0.166667 0.189902 0.012928 200 209 1000 918 1000 1000 0 5
0.166667 0.184387 0.012350 200 205 1000 995 1000 1000 0 5
0.166667 0.187430 0.012315 200 212 1000 996 1000 1000 0 5
0.166667 0.162997 0.011959 200 191 1000 1020 1000 1000 0 5
0.166667 0.190033 0.012630 200 202 1000 975 1000 1000 0 5
0.166667 0.172237 0.011748 200 208 1000 1046 1000 1000 0 5
0.166667 0.156815 0.011900 200 179 1000 997 1000 1000 0 5
0.166667 0.167397 0.011843 200 195 1000 999 1000 1000 0 5
0.166667 0.191613 0.012463 200 206 1000 967 1000 1000 0 5
0.166667 0.182290 0.011941 200 204 1000 1028 1000 1000 0 5
0.166667 0.192731 0.012282 200 227 1000 992 1000 1000 0 5
0.166667 0.171089 0.012528 200 204 1000 956 1000 1000 0 5
0.166667 0.165501 0.011599 200 201 1000 1077 1000 1000 0 5
0.166667 0.164811 0.012043 200 195 1000 1000 1000 1000 0 5
0.166667 0.174007 0.012310 200 207 1000 971 1000 1000 0 5
0.166667 0.181180 0.012058 200 208 1000 983 1000 1000 0 5
0.166667 0.182558 0.012048 200 210 1000 1022 1000 1000 0 5
0.166667 0.173790 0.011844 200 209 1000 1023 1000 1000 0 5
0.166667 0.147257 0.011830 200 175 1000 999 1000 1000 0 5
0.166667 0.155969 0.011740 200 188 1000 1007 1000 1000 0 5
0.166667 0.193642 0.012723 200 207 1000 947 1000 1000 0 5
0.166667 0.164000 0.011471 200 198 1000 1050 1000 1000 0 5
0.166667 0.175109 0.012152 200 203 1000 995 1000 1000 0 5
0.166667 0.173756 0.011976 200 193 1000 1011 1000 1000 0 5
0.166667 0.181900 0.011840 200 222 1000 1069 1000 1000 0 5
0.166667 0.175297 0.012309 200 203 1000 981 1000 1000 0 5
0.166667 0.172638 0.012031 200 201 1000 1016 1000 1000 0 5
0.166667 0.174834 0.012039 200 191 1000 1010 1000 1000 0 5
0.166667 0.154090 0.011795 200 180 1000 1014 1000 1000 0 5
0.166667 0.162419 0.011425 200 188 1000 1054 1000 1000 0 5
0.166667 0.180758 0.012544 200 193 1000 939 1000 1000 0 5
0.166667 0.195643 0.012678 200 210 1000 956 1000 1000 0 5
0.166667 0.181566 0.012256 200 214 1000 996 1000 1000 0 5
0.166667 0.170743 0.011874 200 193 1000 1018 1000 1000 0 5
0.166667 0.175536 0.011744 200 202 1000 1038 1000 1000 0 5
0.166667 0.175044 0.011796 200 189 1000 1048 1000 1000 0 5
0.166667 0.165220 0.011529 200 197 1000 1056 1000 1000 0 5
0.166667 0.201204 0.012831 200 235 1000 954 1000 1000 0 5
0.166667 0.184559 0.012524 200 216 1000 982 1000 1000 0 5
0.166667 0.174762 0.011746 200 207 1000 1055 1000 1000 0 5
0.166667 0.193703 0.012695 200 214 1000 966 1000 1000 0 5
0.166667 0.178298 0.012639 200 210 1000 973 1000 1000 0 5
0.166667 0.182446 0.011998 200 204 1000 1047 1000 1000 0 5
0.166667 0.175550 0.012053 200 203 1000 1029 1000 1000 0 5
0.166667 0.175738 0.012290 200 208 1000 1008 1000 1000 0 5
0.166667 0.181478 0.012485 200 199 1000 954 1000 1000 0 5
0.166667 0.172129 0.012080 200 189 1000 1029 1000 1000 0 5
0.166667 0.179802 0.012159 200 188 1000 991 1000 1000 0 5
0.166667 0.157675 0.011976 200 183 1000 1001 1000 1000 0 5
0.166667 0.168897 0.012126 200 187 1000 993 1000 1000 0 5
0.166667 0.188786 0.012569 200 218 1000 965 1000 1000 0 5
0.166667 0.172751 0.011933 200 197 1000 1028 1000 1000 0 5
0.166667 0.181525 0.012109 200 218 1000 1046 1000 1000 0 5
0.166667 0.173672 0.012343 200 194 1000 948 1000 1000 0 5
0.166667 0.176983 0.012220 200 207 1000 1000 1000 1000 0 5
0.166667 0.194411 0.012477 200 215 1000 998 1000 1000 0 5
0.166667 0.171342 0.011896 200 198 1000 1022 1000 1000 0 5
0.166667 0.191796 0.012137 200 223 1000 1039 1000 1000 0 5
0.166667 0.171890 0.011914 200 209 1000 1021 1000 1000 0 5
0.166667 0.168447 0.011834 200 200 1000 1035 1000 1000 0 5
0.166667 0.180569 0.012473 200 193 1000 955 1000 1000 0 5
0.166667 0.173267 0.011813 200 205 1000 1032 1000 1000 0 5
0.166667 0.186711 0.012137 200 224 1000 1018 1000 1000 0 5
0.166667 0.171283 0.011926 200 203 1000 998 1000 1000 0 5
0.166667 0.194424 0.012385 200 219 1000 993 1000 1000 0 5
0.166667 0.181703 0.012574 200 204 1000 958 1000 1000 0 5
0.166667 0.173065 0.012086 200 202 1000 993 1000 1000 0 5
0.166667 0.179359 0.012370 200 214 1000 988 1000 1000 0 5
0.166667 0.165178 0.011655 200 179 1000 1004 1000 1000 0 5
0.166667 0.173371 0.012210 200 184 1000 990 1000 1000 0 5
0.166667 0.186401 0.012656 200 198 1000 946 1000 1000 0 5
0.166667 0.172438 0.011965 200 221 1000 1050 1000 1000 0 5
0.166667 0.181511 0.011973 200 218 1000 1057 1000 1000 0 5
0.166667 0.183757 0.012117 200 212 1000 1029 1000 1000 0 5
0.166667 0.159292 0.011824 200 185 1000 1013 1000 1000 0 5
0.166667 0.175854 0.012186 200 202 1000 971 1000 1000 0 5
0.166667 0.168233 0.011943 200 207 1000 1030 1000 1000 0 5
0.166667 0.194694 0.012145 200 221 1000 1031 1000 1000 0 5
0.166667 0.193365 0.012373 200 237 1000 1017 1000 1000 0 5
0.166667 0.166551 0.012021 200 193 1000 1011 1000 1000 0 5
0.166667 0.181635 0.011963 200 221 1000 1024 1000 1000 0 5
0.166667 0.187534 0.012811 200 204 1000 952 1000 1000 0 5
0.166667 0.188414 0.012227 200 222 1000 1009 1000 1000 0 5
0.166667 0.175263 0.012013 200 188 1000 1005 1000 1000 0 5
0.166667 0.168718 0.012156 200 190 1000 992 1000 1000 0 5
0.166667 0.167998 0.011619 200 210 1000 1057 1000 1000 0 5
0.166667 0.176525 0.012760 200 194 1000 937 1000 1000 0 5
0.166667 0.154176 0.011705 200 177 1000 999 1000 1000 0 5
0.166667 0.152936 0.011077 200 182 1000 1089 1000 1000 0 5
0.166667 0.175212 0.011770 200 210 1000 1064 1000 1000 0 5
0.166667 0.165169 0.011831 200 210 1000 1021 1000 1000 0 5
0.166667 0.171625 0.011758 200 203 1000 1033 1000 1000 0 5
0.166667 0.176189 0.011962 200 207 1000 1016 1000 1000 0 5
0.166667 0.180616 0.012226 200 198 1000 971 1000 1000 0 5
0.166667 0.192538 0.012340 200 221 1000 1008 1000 1000 0 5
0.166667 0.177519 0.012020 200 210 1000 1004 1000 1000 0 5
0.166667 0.199665 0.012577 200 204 1000 968 1000 1000 0 5
0.166667 0.203202 0.012767 200 215 1000 937 1000 1000 0 5
0.166667 0.184827 0.012373 200 208 1000 981 1000 1000 0 5
0.166667 0.189437 0.012150 200 242 1000 1044 1000 1000 0 5
0.166667 0.174836 0.011715 200 201 1000 1025 1000 1000 0 5
0.166667 0.177278 0.012075 200 211 1000 1024 1000 1000 0 5
0.166667 0.161550 0.012146 200 178 1000 980 1000 1000 0 5
0.166667 0.186680 0.012708 200 223 1000 986 1000 1000 0 5
0.166667 0.170756 0.011864 200 202 1000 1000 1000 1000 0 5
0.166667 0.193966 0.012435 200 212 1000 1005 1000 1000 0 5
0.166667 0.177081 0.011627 200 219 1000 1089 1000 1000 0 5
0.166667 0.169406 0.011715 200 191 1000 1021 1000 1000 0 5
0.166667 0.178424 0.011887 200 207 1000 1043 1000 1000 0 5
0.166667 0.176943 0.012435 200 190 1000 979 1000 1000 0 5
0.166667 0.161143 0.012119 200 182 1000 972 1000 1000 0 5
0.166667 0.161446 0.012246 200 180 1000 966 1000 1000 0 5
0.166667 0.186967 0.012202 200 217 1000 1012 1000 1000 0 5
0.166667 0.193813 0.012388 200 225 1000 1025 1000 1000 0 5
0.166667 0.164999 0.011696 200 196 1000 1036 1000 1000 0 5
0.166667 0.201592 0.012638 200 230 1000 1007 1000 1000 0 5
0.166667 0.200799 0.013103 200 215 1000 923 1000 1000 0 5
0.166667 0.180615 0.012123 200 204 1000 995 1000 1000 0 5
0.166667 0.164164 0.012221 200 187 1000 1008 1000 1000 0 5
0.166667 0.153486 0.011969 200 196 1000 1046 1000 1000 0 5
0.166667 0.175588 0.011710 200 204 1000 1061 1000 1000 0 5
0.166667 0.165611 0.012008 200 180 1000 1017 1000 1000 0 5
0.166667 0.178778 0.012075 200 202 1000 1024 1000 1000 0 5
0.166667 0.173147 0.012487 200 186 1000 983 1000 1000 0 5
0.166667 0.168388 0.012067 200 201 1000 1020 1000 1000 0 5
0.166667 0.165041 0.012056 200 195 1000 991 1000 1000 0 5
0.166667 0.197243 0.012574 200 221 1000 981 1000 1000 0 5
0.166667 0.184178 0.012584 200 207 1000 951 1000 1000 0 5
0.166667 0.184717 0.012169 200 213 1000 1033 1000 1000 0 5
0.166667 0.168594 0.012075 200 210 1000 996 1000 1000 0 5
0.166667 0.161658 0.011920 200 189 1000 982 1000 1000 0 5
0.166667 0.191060 0.012205 200 225 1000 1007 1000 1000 0 5
0.166667 0.158083 0.011992 200 174 1000 969 1000 1000 0 5
0.166667 0.181176 0.012261 200 216 1000 1038 1000 1000 0 5
0.166667 0.166439 0.012200 200 181 1000 955 1000 1000 0 5
0.166667 0.173442 0.011977 200 186 1000 1001 1000 1000 0 5
0.166667 0.186559 0.012362 200 205 1000 1009 1000 1000 0 5
0.166667 0.189999 0.012635 200 206 1000 954 1000 1000 0 5
0.166667 0.168261 0.012005 200 189 1000 1024 1000 1000 0 5
0.166667 0.186516 0.012334 200 204 1000 996 1000 1000 0 5
0.166667 0.175119 0.012350 200 189 1000 960 1000 1000 0 5
0.166667 0.165924 0.012008 200 196 1000 1010 1000 1000 0 5
0.166667 0.180568 0.012615 200 205 1000 941 1000 1000 0 5
0.166667 0.160085 0.011951 200 185 1000 988 1000 1000 0 5
0.166667 0.169476 0.012584 200 199 1000 944 1000 1000 0 5
0.166667 0.195925 0.012628 200 217 1000 994 1000 1000 0 5
0.166667 0.173676 0.012226 200 195 1000 975 1000 1000 0 5
0.166667 0.170068 0.012003 200 184 1000 985 1000 1000 0 5
0.166667 0.147174 0.011389 200 176 1000 997 1000 1000 0 5
0.166667 0.185625 0.011795 200 219 1000 1050 1000 1000 0 5
0.166667 0.170147 0.012022 200 211 1000 1008 1000 1000 0 5
0.166667 0.165243 0.012093 200 183 1000 997 1000 1000 0 5
0.166667 0.182782 0.012166 200 192 1000 976 1000 1000 0 5
0.166667 0.200504 0.012479 200 222 1000 1009 1000 1000 0 5
0.166667 0.167617 0.011849 200 193 1000 1003 1000 1000 0 5
0.166667 0.186832 0.012109 200 216 1000 1018 1000 1000 0 5
0.166667 0.159799 0.011463 200 193 1000 1064 1000 1000 0 5
0.166667 0.163274 0.011784 200 181 1000 1024 1000 1000 0 5
0.166667 0.172010 0.011501 200 199 1000 1059 1000 1000 0 5
0.166667 0.196042 0.012636 200 216 1000 980 1000 1000 0 5
0.166667 0.170120 0.011767 200 189 1000 1014 1000 1000 0 5
0.166667 0.198299 0.012479 200 220 1000 958 1000 1000 0 5
0.166667 0.177323 0.011846 200 206 1000 1026 1000 1000 0 5
0.166667 0.173934 0.012120 200 190 1000 976 1000 1000 0 5
0.166667 0.182199 0.012174 200 199 1000 993 1000 1000 0 5
0.166667 0.172968 0.012058 200 190 1000 979 1000 1000 0 5
0.166667 0.180407 0.012030 200 213 1000 1030 1000 1000 0 5
