0.166667 0.184078 0.012240 200 219 1000 986 1000 1000 100 3
0.166667 0.162031 0.012045 200 187 1000 972 1000 1000 100 3
0.166667 0.168732 0.011760 200 209 1000 1022 1000 1000 100 3
0.166667 0.170360 0.011747 200 205 1000 1008 1000 1000 100 3
0.166667 0.165229 0.012018 200 201 1000 995 1000 1000 100 3
0.166667 0.177886 0.012124 200 206 1000 1000 1000 1000 100 3
0.166667 0.189590 0.012324 200 218 1000 990 1000 1000 100 3
0.166667 0.179875 0.012312 200 220 1000 995 1000 1000 100 3
0.166667 0.176721 0.011924 200 221 1000 1008 1000 1000 100 3
0.166667 0.172777 0.012378 200 201 1000 976 1000 1000 100 3
0.166667 0.172883 0.012066 200 199 1000 982 1000 1000 100 3
0.166667 0.164956 0.011674 200 206 1000 1047 1000 1000 100 3
0.166667 0.145623 0.011485 200 170 1000 985 1000 1000 100 3
0.166667 0.148396 0.011245 200 184 1000 1048 1000 1000 100 3
0.166667 0.165037 0.011916 200 203 1000 1005 1000 1000 100 3
0.166667 0.176022 0.012343 200 201 1000 967 1000 1000 100 3
0.166667 0.157285 0.011362 200 191 1000 1035 1000 1000 100 3
0.166667 0.169930 0.012071 200 212 1000 986 1000 1000 100 3
0.166667 0.158990 0.011655 200 187 1000 1014 1000 1000 100 3
0.166667 0.163489 0.011783 200 199 1000 1014 1000 1000 100 3
0.166667 0.161419 0.011602 200 194 1000 1014 1000 1000 100 3
0.166667 0.143450 0.011532 200 171 1000 996 1000 1000 100 3
0.166667 0.160101 0.011508 200 193 1000 1000 1000 1000 100 3
0.166667 0.155033 0.011568 200 222 1000 1069 1000 1000 100 3
0.166667 0.169211 0.011956 200 193 1000 991 1000 1000 100 3
0.166667 0.173012 0.011885 200 212 1000 1010 1000 1000 100 3
0.166667 0.175366 0.012385 200 196 1000 976 1000 1000 100 3
0.166667 0.163293 0.011780 200 189 1000 1007 1000 1000 100 3
0.166667 0.147244 0.011669 200 198 1000 993 1000 1000 100 3
0.166667 0.145905 0.011912 200 184 1000 970 1000 1000 100 3
0.166667 0.164566 0.011493 200 193 1000 1025 1000 1000 100 3
0.166667 0.160983 0.011944 200 205 1000 989 1000 1000 100 3
0.166667 0.179354 0.012176 200 209 1000 978 1000 1000 100 3
0.166667 0.161289 0.011225 200 190 1000 1047 1000 1000 100 3
0.166667 0.140838 0.011650 200 179 1000 1000 1000 1000 100 3
0.166667 0.171480 0.011722 200 202 1000 1032 1000 1000 100 3
0.166667 0.154988 0.011778 200 183 1000 998 1000 1000 100 3
0.166667 0.173628 0.011912 200 207 1000 1006 1000 1000 100 3
0.166667 0.161876 0.011647 200 198 1000 1017 1000 1000 100 3
0.166667 0.169351 0.012184 200 197 1000 974 1000 1000 100 3
0.166667 0.179603 0.012373 200 201 1000 945 1000 1000 100 3
0.166667 0.189887 0.012440 200 244 1000 996 1000 1000 100 3
0.166667 0.145851 0.011254 200 183 1000 1041 1000 1000 100 3
0.166667 0.144854 0.011395 200 171 1000 1026 1000 1000 100 3
0.166667 0.178369 0.012044 200 220 1000 1026 1000 1000 100 3
0.166667 0.167293 0.012030 200 195 1000 998 1000 1000 100 3
0.166667 0.159170 0.011604 200 199 1000 1009 1000 1000 100 3
0.166667 0.179003 0.012315 200 208 1000 975 1000 1000 100 3
0.166667 0.179919 0.012122 200 217 1000 1016 1000 1000 100 3
0.166667 0.179146 0.012107 200 199 1000 1003 1000 1000 100 3
0.166667 0.155838 0.012074 200 177 1000 950 1000 1000 100 3
0.166667 0.169927 0.012016 200 217 1000 993 1000 1000 100 3
0.166667 0.150439 0.011653 200 202 1000 1009 1000 1000 100 3
0.166667 0.176649 0.011942 200 216 1000 1025 1000 1000 100 3
0.166667 0.164881 0.011835 200 200 1000 989 1000 1000 100 3
0.166667 0.156233 0.011411 200 204 1000 1049 1000 1000 100 3
0.166667 0.157457 0.011713 200 200 1000 1022 1000 1000 100 3
0.166667 0.171279 0.011621 200 204 1000 1044 1000 1000 100 3
0.166667 0.157844 0.011765 200 185 1000 1010 1000 1000 100 3
0.166667 0.168009 0.011877 200 199 1000 1015 1000 1000 100 3
0.166667 0.179023 0.012231 200 210 1000 977 1000 1000 100 3
0.166667 0.181788 0.012085 200 219 1000 1012 1000 1000 100 3
0.166667 0.153507 0.011455 200 190 1000 1019 1000 1000 100 3
0.166667 0.170971 0.012152 200 192 1000 960 1000 1000 100 3
0.166667 0.148156 0.011356 200 187 1000 1037 1000 1000 100 3
0.166667 0.163733 0.011660 200 206 1000 1030 1000 1000 100 3
0.166667 0.151341 0.011215 200 186 1000 1062 1000 1000 100 3
0.166667 0.169042 0.012155 200 184 1000 957 1000 1000 100 3
0.166667 0.173030 0.012129 200 202 1000 977 1000 1000 100 3
0.166667 0.161327 0.011355 200 202 1000 1071 1000 1000 100 3
0.166667 0.174915 0.012090 200 207 1000 993 1000 1000 100 3
0.166667 0.206619 0.012895 200 234 1000 964 1000 1000 100 3
0.166667 0.163332 0.011907 200 188 1000 978 1000 1000 100 3
0.166667 0.175056 0.012088 200 212 1000 995 1000 1000 100 3
0.166667 0.166587 0.011623 200 194 1000 1039 1000 1000 100 3
0.166667 0.160530 0.011760 200 180 1000 990 1000 1000 100 3
0.166667 0.165055 0.011902 200 199 1000 1015 1000 1000 100 3
0.166667 0.161810 0.011720 200 192 1000 992 1000 1000 100 3
0.166667 0.161018 0.011920 200 198 1000 1000 1000 1000 100 3
0.166667 0.128231 0.011099 200 161 1000 1002 1000 1000 100 3
0.166667 0.192098 0.012461 200 230 1000 964 1000 1000 100 3
0.166667 0.169067 0.011911 200 226 1000 1012 1000 1000 100 3
0.166667 0.156634 0.011554 200 195 1000 1022 1000 1000 100 3
0.166667 0.147621 0.011381 200 185 1000 1068 1000 1000 100 3
0.166667 0.163388 0.012357 200 198 1000 935 1000 1000 100 3
0.166667 0.164573 0.011489 200 208 1000 1046 1000 1000 100 3
0.166667 0.176453 0.012273 200 202 1000 990 1000 1000 100 3
0.166667 0.181448 0.012586 200 214 1000 960 1000 1000 100 3
0.166667 0.172962 0.012018 200 208 1000 1011 1000 1000 100 3
0.166667 0.164630 0.011596 200 202 1000 1036 1000 1000 100 3
0.166667 0.184571 0.012223 200 208 1000 963 1000 1000 100 3
0.166667 0.178902 0.012025 200 210 1000 983 1000 1000 100 3
0.166667 0.167403 0.011923 200 211 1000 1010 1000 1000 100 3
0.166667 0.172737 0.012034 200 200 1000 981 1000 1000 100 3
0.166667 0.184053 0.012085 200 209 1000 997 1000 1000 100 3
0.166667 0.192572 0.012159 200 227 1000 998 1000 1000 100 3
0.166667 0.168497 0.012072 200 202 1000 981 1000 1000 100 3
0.166667 0.182486 0.012119 200 225 1000 1018 1000 1000 100 3
0.166667 0.175294 0.012604 200 180 1000 901 1000 1000 100 3
0.166667 0.162335 0.011468 200 204 1000 1039 1000 1000 100 3
0.166667 0.181544 0.011954 200 201 1000 1005 1000 1000 100 3
0.166667 0.152098 0.011426 200 197 1000 1036 1000 1000 100 3
0.166667 0.187530 0.011867 200 219 1000 1027 1000 1000 100 3
0.166667 0.142553 0.011453 200 187 1000 1026 1000 1000 100 3
0.166667 0.173766 0.012298 200 193 1000 952 1000 1000 100 3
0.166667 0.165034 0.011994 200 196 1000 1012 1000 1000 100 3
0.166667 0.171001 0.012113 200 201 1000 986 1000 1000 100 3
0.166667 0.171628 0.012085 200 210 1000 986 1000 1000 100 3
0.166667 0.162984 0.012030 200 199 1000 996 1000 1000 100 3
0.166667 0.167188 0.011781 200 204 1000 1033 1000 1000 100 3
0.166667 0.166126 0.012195 200 216 1000 966 1000 1000 100 3
0.166667 0.156948 0.011586 200 189 1000 1017 1000 1000 100 3
0.166667 0.158305 0.011756 200 180 1000 964 1000 1000 100 3
0.166667 0.165718 0.011829 200 196 1000 999 1000 1000 100 3
0.166667 0.181331 0.012239 200 212 1000 982 1000 1000 100 3
0.166667 0.174578 0.012145 200 207 1000 982 1000 1000 100 3
0.166667 0.160211 0.011329 200 195 1000 1061 1000 1000 100 3
0.166667 0.173364 0.012127 200 200 1000 961 1000 1000 100 3
0.166667 0.163245 0.012005 200 190 1000 968 1000 1000 100 3
0.166667 0.171862 0.011933 200 203 1000 984 1000 1000 100 3
0.166667 0.190257 0.012714 200 212 1000 941 1000 1000 100 3
0.166667 0.182476 0.012090 200 208 1000 975 1000 1000 100 3
0.166667 0.174136 0.012127 200 196 1000 985 1000 1000 100 3
0.166667 0.187994 0.012334 200 206 1000 972 1000 1000 100 3
0.166667 0.168644 0.011985 200 218 1000 1027 1000 1000 100 3
0.166667 0.155795 0.011236 200 188 1000 1041 1000 1000 100 3
0.166667 0.153718 0.011369 200 198 1000 1039 1000 1000 100 3
0.166667 0.163891 0.011970 200 213 1000 1017 1000 1000 100 3
0.166667 0.166515 0.011764 200 201 1000 1029 1000 1000 100 3
0.166667 0.161811 0.011776 200 195 1000 1014 1000 1000 100 3
0.166667 0.137065 0.011253 200 173 1000 1013 1000 1000 100 3
0.166667 0.158415 0.011432 200 201 1000 1044 1000 1000 100 3
0.166667 0.188584 0.012325 200 208 1000 985 1000 1000 100 3
0.166667 0.170995 0.011680 200 207 1000 1044 1000 1000 100 3
0.166667 0.175966 0.011879 200 199 1000 1014 1000 1000 100 3
0.166667 0.159432 0.011685 200 201 1000 1014 1000 1000 100 3
0.166667 0.151800 0.011683 200 189 1000 974 1000 1000 100 3
0.166667 0.170926 0.011792 200 207 1000 1016 1000 1000 100 3
0.166667 0.152599 0.011459 200 186 1000 1035 1000 1000 100 3
0.166667 0.161095 0.011879 200 191 1000 998 1000 1000 100 3
0.166667 0.177501 0.012272 200 226 1000 984 1000 1000 100 3
0.166667 0.147546 0.011545 200 179 1000 1030 1000 1000 100 3
0.166667 0.187668 0.012479 200 217 1000 959 1000 1000 100 3
0.166667 0.182624 0.012143 200 204 1000 955 1000 1000 100 3
0.166667 0.161716 0.011764 200 200 1000 1002 1000 1000 100 3
0.166667 0.176833 0.011938 200 218 1000 1012 1000 1000 100 3
0.166667 0.151215 0.011560 200 195 1000 1011 1000 1000 100 3
0.166667 0.161537 0.011826 200 183 1000 969 1000 1000 100 3
0.166667 0.139111 0.011060 200 172 1000 1068 1000 1000 100 3
0.166667 0.172936 0.012396 200 197 1000 971 1000 1000 100 3
0.166667 0.174576 0.012271 200 205 1000 973 1000 1000 100 3
0.166667 0.169869 0.012127 200 193 1000 954 1000 1000 100 3
0.166667 0.166420 0.011522 200 204 1000 1061 1000 1000 100 3
0.166667 0.171029 0.012458 200 180 1000 937 1000 1000 100 3
0.166667 0.172084 0.012159 200 196 1000 982 1000 1000 100 3
0.166667 0.177898 0.011784 200 216 1000 1046 1000 1000 100 3
0.166667 0.171938 0.012077 200 204 1000 973 1000 1000 100 3
0.166667 0.165590 0.011981 200 201 1000 993 1000 1000 100 3
0.166667 0.159332 0.011495 200 186 1000 1041 1000 1000 100 3
0.166667 0.167418 0.011871 200 206 1000 1001 1000 1000 100 3
0.166667 0.151008 0.011417 200 171 1000 1004 1000 1000 100 3
0.166667 0.166821 0.012316 200 208 1000 967 1000 1000 100 3
0.166667 0.187735 0.012413 200 227 1000 952 1000 1000 100 3
0.166667 0.156899 0.011474 200 188 1000 1026 1000 1000 100 3
0.166667 0.165421 0.011675 200 212 1000 1025 1000 1000 100 3
0.166667 0.155387 0.011623 200 186 1000 996 1000 1000 100 3
0.166667 0.154701 0.011402 200 186 1000 1030 1000 1000 100 3
0.166667 0.178824 0.012011 200 221 1000 1034 1000 1000 100 3
0.166667 0.163527 0.011626 200 212 1000 1052 1000 1000 100 3
0.166667 0.164082 0.011666 200 199 1000 1003 1000 1000 100 3
0.166667 0.161273 0.011877 200 186 1000 1006 1000 1000 100 3
0.166667 0.206730 0.012737 200 227 1000 955 1000 1000 100 3
0.166667 0.157878 0.011791 200 187 1000 971 1000 1000 100 3
0.166667 0.169544 0.012063 200 200 1000 994 1000 1000 100 3
0.166667 0.164021 0.011805 200 204 1000 1022 1000 1000 100 3
0.166667 0.171663 0.012222 200 192 1000 959 1000 1000 100 3
0.166667 0.161498 0.011831 200 186 1000 981 1000 1000 100 3
0.166667 0.167661 0.011568 200 206 1000 1055 1000 1000 100 3
0.166667 0.177274 0.011782 200 218 1000 1039 1000 1000 100 3
0.166667 0.171505 0.012196 200 195 1000 953 1000 1000 100 3
0.166667 0.190129 0.012713 200 203 1000 926 1000 1000 100 3
0.166667 0.179277 0.012303 200 221 1000 966 1000 1000 100 3
0.166667 0.125448 0.010626 200 166 1000 1060 1000 1000 100 3
0.166667 0.150148 0.011283 200 185 1000 1028 1000 1000 100 3
0.166667 0.174351 0.012381 200 214 1000 984 1000 1000 100 3
0.166667 0.178283 0.012306 200 199 1000 952 1000 1000 100 3
0.166667 0.151985 0.011892 200 192 1000 973 1000 1000 100 3
0.166667 0.185776 0.012289 200 222 1000 970 1000 1000 100 3
0.166667 0.161198 0.011823 200 187 1000 1031 1000 1000 100 3
0.166667 0.176126 0.012093 200 208 1000 994 1000 1000 100 3
0.166667 0.183827 0.012116 200 193 1000 999 1000 1000 100 3
0.166667 0.156587 0.011415 200 191 1000 1022 1000 1000 100 3
0.166667 0.168841 0.011977 200 223 1000 1014 1000 1000 100 3
0.166667 0.169715 0.012039 200 201 1000 998 1000 1000 100 3
0.166667 0.172136 0.012553 200 186 1000 940 1000 1000 100 3
0.166667 0.171416 0.012120 200 211 1000 999 1000 1000 100 3
0.166667 0.143499 0.011052 200 167 1000 1042 1000 1000 100 3
0.166667 0.161720 0.011739 200 184 1000 992 1000 1000 100 3
0.166667 0.164239 0.011570 200 211 1000 1055 1000 1000 100 3
0.166667 0.187335 0.012012 200 225 1000 1021 1000 1000 100 3
0.166667 0.154963 0.011486 200 199 1000 1015 1000 1000 100 3
0.166667 0.183595 0.012126 200 214 1000 1011 1000 1000 100 3
0.166667 0.184754 0.012438 200 218 1000 949 1000 1000 100 3
0.166667 0.154757 0.011542 200 208 1000 1036 1000 1000 100 3
0.166667 0.152749 0.011122 200 189 1000 1086 1000 1000 100 3
0.166667 0.161290 0.011913 200 175 1000 972 1000 1000 100 3
0.166667 0.175749 0.011948 200 204 1000 995 1000 1000 100 3
0.166667 0.172811 0.012062 200 206 1000 981 1000 1000 100 3
0.166667 0.146459 0.011738 200 197 1000 974 1000 1000 100 3
0.166667 0.155680 0.011583 200 189 1000 1002 1000 1000 100 3
0.166667 0.167282 0.012274 200 200 1000 974 1000 1000 100 3
0.166667 0.172639 0.012000 200 213 1000 992 1000 1000 100 3
0.166667 0.161791 0.011901 200 197 1000 983 1000 1000 100 3
0.166667 0.177567 0.012540 200 193 1000 948 1000 1000 100 3
0.166667 0.178771 0.012434 200 204 1000 970 1000 1000 100 3
0.166667 0.165719 0.011779 200 188 1000 1010 1000 1000 100 3
0.166667 0.159352 0.011726 200 193 1000 1003 1000 1000 100 3
0.166667 0.187381 0.012358 200 243 1000 1014 1000 1000 100 3
0.166667 0.159322 0.011587 200 199 1000 1029 1000 1000 100 3
0.166667 0.167390 0.011911 200 203 1000 998 1000 1000 100 3
0.166667 0.166413 0.012312 200 195 1000 984 1000 1000 100 3
0.166667 0.172657 0.012104 200 203 1000 991 1000 1000 100 3
0.166667 0.147741 0.011403 200 182 1000 1006 1000 1000 100 3
0.166667 0.180419 0.012529 200 229 1000 960 1000 1000 100 3
0.166667 0.152637 0.011628 200 186 1000 1019 1000 1000 100 3
0.166667 0.179053 0.012209 200 218 1000 1007 1000 1000 100 3
0.166667 0.160881 0.011111 200 210 1000 1072 1000 1000 100 3
0.166667 0.179271 0.012081 200 234 1000 1017 1000 1000 100 3
0.166667 0.151329 0.011306 200 187 1000 1042 1000 1000 100 3
0.166667 0.166827 0.011607 200 203 1000 1051 1000 1000 100 3
0.166667 0.185931 0.012354 200 205 1000 960 1000 1000 100 3
0.166667 0.153407 0.011834 200 179 1000 958 1000 1000 100 3
0.166667 0.165717 0.012386 200 195 1000 926 1000 1000 100 3
0.166667 0.154001 0.011621 200 179 1000 999 1000 1000 100 3
0.166667 0.177076 0.011777 200 197 1000 1010 1000 1000 100 3
0.166667 0.171693 0.011985 200 204 1000 997 1000 1000 100 3
0.166667 0.151899 0.011560 200 198 1000 1038 1000 1000 100 3
0.166667 0.167863 0.011895 200 213 1000 1010 1000 1000 100 3
0.166667 0.155202 0.011731 200 193 1000 1006 1000 1000 100 3
0.166667 0.176508 0.012181 200 211 1000 961 1000 1000 100 3
0.166667 0.168260 0.012080 200 206 1000 974 1000 1000 100 3
0.166667 0.164149 0.011231 200 198 1000 1070 1000 1000 100 3
0.166667 0.170635 0.011907 200 206 1000 998 1000 1000 100 3
0.166667 0.184700 0.012435 200 224 1000 979 1000 1000 100 3
0.166667 0.168459 0.011907 200 204 1000 986 1000 1000 100 3
0.166667 0.155836 0.011489 200 203 1000 1075 1000 1000 100 3
0.166667 0.155522 0.011481 200 189 1000 1023 1000 1000 100 3
0.166667 0.177862 0.012250 200 215 1000 984 1000 1000 100 3
0.166667 0.170343 0.011986 200 204 1000 1014 1000 1000 100 3
0.166667 0.156316 0.011596 200 186 1000 988 1000 1000 100 3
0.166667 0.173555 0.011793 200 219 1000 1045 1000 1000 100 3
0.166667 0.165767 0.012077 200 193 1000 972 1000 1000 100 3
0.166667 0.154242 0.011987 200 193 1000 977 1000 1000 100 3
0.166667 0.157574 0.011781 200 198 1000 1015 1000 1000 100 3
0.166667 0.189425 0.012695 200 213 1000 942 1000 1000 100 3
0.166667 0.162730 0.011812 200 200 1000 1009 1000 1000 100 3
0.166667 0.167590 0.011761 200 204 1000 1007 1000 1000 100 3
0.166667 0.169946 0.012172 200 190 1000 971 1000 1000 100 3
0.166667 0.177853 0.011880 200 209 1000 1033 1000 1000 100 3
0.166667 0.175623 0.011961 200 205 1000 1006 1000 1000 100 3
0.166667 0.146607 0.011451 200 178 1000 1002 1000 1000 100 3
0.166667 0.173022 0.012202 200 211 1000 987 1000 1000 100 3
0.166667 0.149935 0.011462 200 184 1000 1008 1000 1000 100 3
0.166667 0.163358 0.011612 200 195 1000 998 1000 1000 100 3
0.166667 0.167282 0.011761 200 198 1000 1018 1000 1000 100 3
0.166667 0.178745 0.012306 200 212 1000 970 1000 1000 100 3
0.166667 0.184510 0.012140 200 229 1000 1011 1000 1000 100 3
0.166667 0.176157 0.012252 200 205 1000 980 1000 1000 100 3
0.166667 0.147029 0.011081 200 186 1000 1072 1000 1000 100 3
0.166667 0.173050 0.011892 200 192 1000 991 1000 1000 100 3
0.166667 0.164502 0.011888 200 197 1000 999 1000 1000 100 3
0.166667 0.156441 0.012248 200 189 1000 966 1000 1000 100 3
0.166667 0.161698 0.011647 200 199 1000 1025 1000 1000 100 3
0.166667 0.160845 0.012235 200 182 1000 933 1000 1000 100 3
0.166667 0.162385 0.011700 200 199 1000 998 1000 1000 100 3
0.166667 0.174399 0.012356 200 208 1000 944 1000 1000 100 3
0.166667 0.169364 0.011867 200 208 1000 1002 1000 1000 100 3
0.166667 0.163727 0.011301 200 215 1000 1088 1000 1000 100 3
0.166667 0.159674 0.012220 200 197 1000 956 1000 1000 100 3
0.166667 0.189575 0.012428 200 228 1000 995 1000 1000 100 3
0.166667 0.171582 0.012104 200 201 1000 1000 1000 1000 100 3
0.166667 0.176152 0.011926 200 210 1000 1006 1000 1000 100 3
0.166667 0.166928 0.011917 200 192 1000 989 1000 1000 100 3
0.166667 0.176548 0.012216 200 217 1000 984 1000 1000 100 3
0.166667 0.171279 0.011918 200 211 1000 1014 1000 1000 100 3
0.166667 0.155250 0.011684 200 182 1000 990 1000 1000 100 3
0.166667 0.145541 0.011388 200 182 1000 1029 1000 1000 100 3
0.166667 0.165477 0.011610 200 192 1000 1041 1000 1000 100 3
0.166667 0.199540 0.012759 200 213 1000 969 1000 1000 100 3
0.166667 0.158726 0.011911 200 195 1000 993 1000 1000 100 3
0.166667 0.180540 0.011940 200 234 1000 1038 1000 1000 100 3
0.166667 0.150258 0.011676 200 170 1000 989 1000 1000 100 3
0.166667 0.151382 0.011730 200 182 1000 998 1000 1000 100 3
0.166667 0.186442 0.012242 200 220 1000 1003 1000 1000 100 3
0.166667 0.159269 0.011401 200 201 1000 1036 1000 1000 100 3
0.166667 0.181331 0.012249 200 213 1000 991 1000 1000 100 3
0.166667 0.181849 0.011847 200 230 1000 1050 1000 1000 100 3
0.166667 0.196780 0.012367 200 242 1000 989 1000 1000 100 3
0.166667 0.181837 0.012406 200 212 1000 960 1000 1000 100 3
0.166667 0.170594 0.011767 200 207 1000 998 1000 1000 100 3
0.166667 0.157327 0.011524 200 190 1000 1049 1000 1000 100 3
0.166667 0.185247 0.012873 200 218 1000 914 1000 1000 100 3
0.166667 0.158374 0.011721 200 173 1000 993 1000 1000 100 3
0.166667 0.155419 0.011274 200 202 1000 1055 1000 1000 100 3
0.166667 0.157657 0.011815 200 189 1000 965 1000 1000 100 3
0.166667 0.168905 0.011860 200 213 1000 1036 1000 1000 100 3
0.166667 0.150282 0.011659 200 177 1000 1002 1000 1000 100 3
0.166667 0.182877 0.012195 200 221 1000 1008 1000 1000 100 3
0.166667 0.150367 0.011694 200 200 1000 985 1000 1000 100 3
0.166667 0.166213 0.011722 200 205 1000 1039 1000 1000 100 3
0.166667 0.171506 0.012361 200 207 1000 960 1000 1000 100 3
0.166667 0.187436 0.012254 200 218 1000 982 1000 1000 100 3
0.166667 0.170593 0.012122 200 202 1000 980 1000 1000 100 3
0.166667 0.173423 0.011531 200 216 1000 1045 1000 1000 100 3
0.166667 0.162647 0.011719 200 194 1000 1012 1000 1000 100 3
0.166667 0.156726 0.011556 200 199 1000 1016 1000 1000 100 3
0.166667 0.167981 0.012084 200 190 1000 989 1000 1000 100 3
0.166667 0.155079 0.011391 200 198 1000 1041 1000 1000 100 3
0.166667 0.160212 0.011902 200 190 1000 996 1000 1000 100 3
0.166667 0.158504 0.011459 200 202 1000 1044 1000 1000 100 3
0.166667 0.168070 0.011850 200 204 1000 1021 1000 1000 100 3
0.166667 0.153065 0.011891 200 193 1000 993 1000 1000 100 3
0.166667 0.185934 0.012081 200 228 1000 1014 1000 1000 100 3
0.166667 0.170905 0.011933 200 218 1000 1009 1000 1000 100 3
0.166667 0.163622 0.012036 200 200 1000 994 1000 1000 100 3
0.166667 0.152574 0.011274 200 189 1000 1040 1000 1000 100 3
0.166667 0.183071 0.011862 200 226 1000 1019 1000 1000 100 3
0.166667 0.186337 0.012231 200 206 1000 996 1000 1000 100 3
0.166667 0.182415 0.012173 200 220 1000 980 1000 1000 100 3
0.166667 0.171678 0.011689 200 195 1000 1029 1000 1000 100 3
0.166667 0.175397 0.012018 200 209 1000 1019 1000 1000 100 3
0.166667 0.184608 0.012622 200 209 1000 930 1000 1000 100 3
0.166667 0.160727 0.011734 200 177 1000 980 1000 1000 100 3
0.166667 0.188427 0.012406 200 218 1000 971 1000 1000 100 3
0.166667 0.159236 0.011534 200 184 1000 1025 1000 1000 100 3
0.166667 0.128582 0.010776 200 165 1000 1033 1000 1000 100 3
0.166667 0.194903 0.012244 200 230 1000 991 1000 1000 100 3
0.166667 0.170616 0.011782 200 205 1000 1002 1000 1000 100 3
0.166667 0.173657 0.012096 200 199 1000 973 1000 1000 100 3
0.166667 0.146594 0.011410 200 175 1000 1023 1000 1000 100 3
0.166667 0.162163 0.012217 200 182 1000 936 1000 1000 100 3
0.166667 0.179508 0.012125 200 220 1000 1032 1000 1000 100 3
0.166667 0.164380 0.011847 200 210 1000 1000 1000 1000 100 3
0.166667 0.183151 0.012488 200 208 1000 951 1000 1000 100 3
0.166667 0.172958 0.012155 200 202 1000 974 1000 1000 100 3
0.166667 0.173032 0.012134 200 223 1000 983 1000 1000 100 3
0.166667 0.182034 0.012239 200 219 1000 974 1000 1000 100 3
0.166667 0.174645 0.012339 200 205 1000 955 1000 1000 100 3
0.166667 0.161494 0.011569 200 194 1000 1033 1000 1000 100 3
0.166667 0.175368 0.012415 200 211 1000 949 1000 1000 100 3
0.166667 0.155662 0.011670 200 187 1000 1008 1000 1000 100 3
0.166667 0.155439 0.011683 200 190 1000 984 1000 1000 100 3
0.166667 0.162091 0.011850 200 198 1000 1017 1000 1000 100 3
0.166667 0.159133 0.011652 200 193 1000 1017 1000 1000 100 3
0.166667 0.168937 0.012083 200 213 1000 992 1000 1000 100 3
0.166667 0.172658 0.011713 200 202 1000 1020 1000 1000 100 3
0.166667 0.152002 0.011768 200 187 1000 967 1000 1000 100 3
0.166667 0.161152 0.011753 200 202 1000 1011 1000 1000 100 3
0.166667 0.164150 0.011808 200 191 1000 997 1000 1000 100 3
0.166667 0.169183 0.012055 200 196 1000 984 1000 1000 100 3
0.166667 0.169549 0.012102 200 202 1000 974 1000 1000 100 3
0.166667 0.161230 0.012214 200 192 1000 949 1000 1000 100 3
0.166667 0.154459 0.011924 200 178 1000 965 1000 1000 100 3
0.166667 0.160023 0.011862 200 200 1000 1001 1000 1000 100 3
0.166667 0.175335 0.011752 200 215 1000 1054 1000 1000 100 3
0.166667 0.177248 0.012046 200 213 1000 1004 1000 1000 100 3
0.166667 0.149562 0.011360 200 187 1000 1043 1000 1000 100 3
0.166667 0.172698 0.011809 200 200 1000 1009 1000 1000 100 3
0.166667 0.162648 0.011960 200 177 1000 977 1000 1000 100 3
0.166667 0.150137 0.011855 200 172 1000 985 1000 1000 100 3
0.166667 0.142525 0.011553 200 174 1000 996 1000 1000 100 3
0.166667 0.147330 0.011391 200 184 1000 1022 1000 1000 100 3
0.166667 0.171129 0.012014 200 204 1000 975 1000 1000 100 3
0.166667 0.170220 0.011994 200 197 1000 995 1000 1000 100 3
0.166667 0.169806 0.012028 200 200 1000 1015 1000 1000 100 3
0.166667 0.187889 0.012536 200 217 1000 958 1000 1000 100 3
0.166667 0.185077 0.012430 200 211 1000 951 1000 1000 100 3
0.166667 0.160753 0.012037 200 183 1000 954 1000 1000 100 3
0.166667 0.156649 0.011414 200 194 1000 1038 1000 1000 100 3
0.166667 0.151672 0.011787 200 179 1000 986 1000 1000 100 3
0.166667 0.167664 0.011504 200 209 1000 1037 1000 1000 100 3
0.166667 0.173248 0.012175 200 200 1000 994 1000 1000 100 3
0.166667 0.177825 0.011806 200 213 1000 1038 1000 1000 100 3
0.166667 0.169263 0.011769 200 198 1000 1040 1000 1000 100 3
0.166667 0.151738 0.011339 200 194 1000 1045 1000 1000 100 3
0.166667 0.148905 0.011045 200 187 1000 1074 1000 1000 100 3
0.166667 0.178134 0.012040 200 204 1000 999 1000 1000 100 3
0.166667 0.164945 0.011976 200 199 1000 994 1000 1000 100 3
0.166667 0.168478 0.011907 200 189 1000 988 1000 1000 100 3
0.166667 0.179752 0.012566 200 204 1000 943 1000 1000 100 3
0.166667 0.146244 0.011291 200 185 1000 1048 1000 1000 100 3
0.166667 0.180467 0.012429 200 205 1000 943 1000 1000 100 3
0.166667 0.164727 0.011449 200 202 1000 1059 1000 1000 100 3
0.166667 0.171824 0.011301 200 223 1000 1116 1000 1000 100 3
0.166667 0.176384 0.012158 200 211 1000 979 1000 1000 100 3
0.166667 0.176772 0.012219 200 203 1000 979 1000 1000 100 3
0.166667 0.171671 0.012120 200 196 1000 980 1000 1000 100 3
0.166667 0.153464 0.011582 200 186 1000 1013 1000 1000 100 3
0.166667 0.180693 0.012946 200 226 1000 925 1000 1000 100 3
0.166667 0.165258 0.011859 200 192 1000 989 1000 1000 100 3
0.166667 0.151216 0.011429 200 186 1000 1029 1000 1000 100 3
0.166667 0.170600 0.011808 200 205 1000 1028 1000 1000 100 3
0.166667 0.185216 0.012263 200 207 1000 985 1000 1000 100 3
0.166667 0.170793 0.011892 200 199 1000 1001 1000 1000 100 3
0.166667 0.192383 0.011943 200 222 1000 1017 1000 1000 100 3
0.166667 0.161139 0.012153 200 197 1000 957 1000 1000 100 3
0.166667 0.179049 0.011841 200 224 1000 1038 1000 1000 100 3
0.166667 0.153823 0.011880 200 198 1000 1009 1000 1000 100 3
0.166667 0.156057 0.011581 200 187 1000 1009 1000 1000 100 3
0.166667 0.182508 0.012169 200 226 1000 1016 1000 1000 100 3
0.166667 0.159914 0.012210 200 191 1000 943 1000 1000 100 3
0.166667 0.169968 0.011723 200 216 1000 1045 1000 1000 100 3
0.166667 0.159289 0.011923 200 194 1000 1001 1000 1000 100 3
0.166667 0.160943 0.011870 200 197 1000 1019 1000 1000 100 3
0.166667 0.170740 0.012386 200 198 1000 940 1000 1000 100 3
0.166667 0.177527 0.012577 200 202 1000 952 1000 1000 100 3
0.166667 0.179264 0.011963 200 211 1000 1001 1000 1000 100 3
0.166667 0.162357 0.011588 200 205 1000 1024 1000 1000 100 3
0.166667 0.155112 0.011029 200 186 1000 1091 1000 1000 100 3
0.166667 0.174898 0.012327 200 204 1000 979 1000 1000 100 3
0.166667 0.173895 0.012205 200 207 1000 1002 1000 1000 100 3
0.166667 0.172782 0.012134 200 199 1000 1000 1000 1000 100 3
0.166667 0.185828 0.012075 200 206 1000 1002 1000 1000 100 3
0.166667 0.171929 0.011717 200 212 1000 1012 1000 1000 100 3
0.166667 0.160293 0.011913 200 183 1000 979 1000 1000 100 3
0.166667 0.163199 0.011963 200 186 1000 971 1000 1000 100 3
0.166667 0.184098 0.012336 200 207 1000 976 1000 1000 100 3
0.166667 0.173700 0.011829 200 195 1000 1033 1000 1000 100 3
0.166667 0.180274 0.012565 200 199 1000 923 1000 1000 100 3
0.166667 0.164880 0.012086 200 204 1000 968 1000 1000 100 3
0.166667 0.158246 0.011989 200 187 1000 947 1000 1000 100 3
0.166667 0.163804 0.011742 200 195 1000 1009 1000 1000 100 3
0.166667 0.144885 0.011586 200 174 1000 986 1000 1000 100 3
0.166667 0.176054 0.012181 200 218 1000 1017 1000 1000 100 3
0.166667 0.153320 0.011176 200 196 1000 1091 1000 1000 100 3
0.166667 0.170414 0.012109 200 205 1000 987 1000 1000 100 3
0.166667 0.192345 0.012265 200 235 1000 1022 1000 1000 100 3
0.166667 0.153807 0.011965 200 176 1000 941 1000 1000 100 3
0.166667 0.163388 0.012112 200 188 1000 988 1000 1000 100 3
0.166667 0.136921 0.010987 200 172 1000 1060 1000 1000 100 3
0.166667 0.184973 0.012105 200 229 1000 1016 1000 1000 100 3
0.166667 0.164686 0.011911 200 206 1000 1005 1000 1000 100 3
0.166667 0.176638 0.012244 200 202 1000 979 1000 1000 100 3
0.166667 0.159772 0.011658 200 205 1000 1041 1000 1000 100 3
0.166667 0.178292 0.012297 200 190 1000 959 1000 1000 100 3
0.166667 0.163815 0.011818 200 193 1000 1009 1000 1000 100 3
0.166667 0.172966 0.012266 200 206 1000 970 1000 1000 100 3
0.166667 0.175108 0.012030 200 204 1000 999 1000 1000 100 3
0.166667 0.178813 0.012329 200 206 1000 956 1000 1000 100 3
0.166667 0.176907 0.012050 200 205 1000 958 1000 1000 100 3
0.166667 0.151775 0.011838 200 190 1000 991 1000 1000 100 3
0.166667 0.173849 0.011924 200 210 1000 1027 1000 1000 100 3
0.166667 0.168039 0.012277 200 192 1000 955 1000 1000 100 3
0.166667 0.163077 0.011827 200 193 1000 1010 1000 1000 100 3
0.166667 0.174287 0.011882 200 207 1000 1016 1000 1000 100 3
0.166667 0.172936 0.012099 200 220 1000 1027 1000 1000 100 3
0.166667 0.173542 0.012025 200 213 1000 992 1000 1000 100 3
0.166667 0.159328 0.011907 200 185 1000 981 1000 1000 100 3
0.166667 0.174380 0.012101 200 214 1000 1017 1000 1000 100 3
0.166667 0.159910 0.011757 200 185 1000 1024 1000 1000 100 3
0.166667 0.148559 0.011589 200 179 1000 1013 1000 1000 100 3
0.166667 0.161477 0.011728 200 208 1000 1053 1000 1000 100 3
0.166667 0.170390 0.012139 200 191 1000 951 1000 1000 100 3
0.166667 0.164868 0.011967 200 197 1000 985 1000 1000 100 3
0.166667 0.175418 0.012180 200 202 1000 1010 1000 1000 100 3
0.166667 0.153392 0.011442 200 184 1000 1010 1000 1000 100 3
0.166667 0.171226 0.011782 200 201 1000 1016 1000 1000 100 3
0.166667 0.157924 0.011467 200 205 1000 1031 1000 1000 100 3
0.166667 0.169097 0.012087 200 207 1000 1022 1000 1000 100 3
0.166667 0.197078 0.012483 200 234 1000 982 1000 1000 100 3
0.166667 0.181473 0.012036 200 214 1000 992 1000 1000 100 3
0.166667 0.143252 0.011661 200 174 1000 1003 1000 1000 100 3
0.166667 0.171573 0.012052 200 215 1000 995 1000 1000 100 3
0.166667 0.149964 0.011449 200 187 1000 1012 1000 1000 100 3
0.166667 0.145271 0.011402 200 185 1000 1027 1000 1000 100 3
0.166667 0.158451 0.012054 200 183 1000 960 1000 1000 100 3
0.166667 0.165210 0.012116 200 205 1000 986 1000 1000 100 3
0.166667 0.172182 0.012058 200 217 1000 995 1000 1000 100 3
0.166667 0.180975 0.011789 200 217 1000 1030 1000 1000 100 3
0.166667 0.154317 0.011712 200 189 1000 1000 1000 1000 100 3
0.166667 0.173828 0.012155 200 213 1000 995 1000 1000 100 3
0.166667 0.148499 0.011764 200 182 1000 984 1000 1000 100 3
0.166667 0.188268 0.012317 200 234 1000 976 1000 1000 100 3
0.166667 0.174005 0.012112 200 196 1000 1001 1000 1000 100 3
0.166667 0.143320 0.011299 200 189 1000 1060 1000 1000 100 3
0.166667 0.177938 0.012727 200 197 1000 918 1000 1000 100 3
0.166667 0.159237 0.011625 200 200 1000 1009 1000 1000 100 3
0.166667 0.158287 0.011544 200 203 1000 1027 1000 1000 100 3
0.166667 0.155956 0.011382 200 194 1000 1020 1000 1000 100 3
0.166667 0.165428 0.012048 200 190 1000 955 1000 1000 100 3
0.166667 0.189230 0.012451 200 219 1000 969 1000 1000 100 3
0.166667 0.179494 0.012266 200 223 1000 974 1000 1000 100 3
0.166667 0.165143 0.011669 200 199 1000 1026 1000 1000 100 3
0.166667 0.164107 0.011649 200 198 1000 997 1000 1000 100 3
0.166667 0.148634 0.011116 200 167 1000 1082 1000 1000 100 3
0.166667 0.151831 0.011653 200 179 1000 1008 1000 1000 100 3
0.166667 0.161482 0.011733 200 187 1000 982 1000 1000 100 3
0.166667 0.178016 0.012239 200 216 1000 967 1000 1000 100 3
0.166667 0.175554 0.012092 200 208 1000 1012 1000 1000 100 3
0.166667 0.174037 0.011856 200 226 1000 1053 1000 1000 100 3
0.166667 0.167609 0.011707 200 201 1000 1046 1000 1000 100 3
0.166667 0.181855 0.012058 200 210 1000 1012 1000 1000 100 3
0.166667 0.162128 0.012312 200 178 1000 951 1000 1000 100 3
0.166667 0.172160 0.011901 200 215 1000 1031 1000 1000 100 3
0.166667 0.148864 0.011233 200 191 1000 1060 1000 1000 100 3
0.166667 0.153498 0.011657 200 175 1000 1001 1000 1000 100 3
0.166667 0.155396 0.012000 200 194 1000 987 1000 1000 100 3
0.166667 0.166979 0.011945 200 191 1000 964 1000 1000 100 3
0.166667 0.173667 0.011919 200 206 1000 997 1000 1000 100 3
0.166667 0.169536 0.011790 200 202 1000 1003 1000 1000 100 3
0.166667 0.155731 0.011483 200 198 1000 1033 1000 1000 100 3
0.166667 0.152908 0.011712 200 185 1000 977 1000 1000 100 3
0.166667 0.177936 0.012000 200 200 1000 1007 1000 1000 100 3
0.166667 0.176834 0.012044 200 201 1000 1000 1000 1000 100 3
0.166667 0.182878 0.012246 200 207 1000 960 1000 1000 100 3
0.166667 0.175206 0.012130 200 199 1000 987 1000 1000 100 3
0.166667 0.151571 0.011584 200 183 1000 1005 1000 1000 100 3
0.166667 0.170958 0.011910 200 205 1000 972 1000 1000 100 3
0.166667 0.176233 0.011680 200 228 1000 1044 1000 1000 100 3
0.166667 0.167607 0.011705 200 206 1000 1019 1000 1000 100 3
0.166667 0.164853 0.011530 200 203 1000 1041 1000 1000 100 3
0.166667 0.157991 0.011656 200 188 1000 1042 1000 1000 100 3
0.166667 0.163514 0.011461 200 200 1000 1060 1000 1000 100 3
0.166667 0.158714 0.011513 200 199 1000 1051 1000 1000 100 3
0.166667 0.171634 0.012281 200 200 1000 969 1000 1000 100 3
0.166667 0.154533 0.011465 200 193 1000 1015 1000 1000 100 3
0.166667 0.170806 0.012445 200 200 1000 958 1000 1000 100 3
0.166667 0.174414 0.012080 200 210 1000 983 1000 1000 100 3
0.166667 0.142325 0.011285 200 178 1000 1020 1000 1000 100 3
0.166667 0.176633 0.012286 200 204 1000 960 1000 1000 100 3
0.166667 0.149993 0.011541 200 192 1000 1003 1000 1000 100 3
0.166667 0.177988 0.012529 200 196 1000 963 1000 1000 100 3
0.166667 0.161241 0.011433 200 194 1000 1057 1000 1000 100 3
0.166667 0.165728 0.011535 200 186 1000 1021 1000 1000 100 3
0.166667 0.161713 0.011932 200 189 1000 1022 1000 1000 100 3
0.166667 0.159439 0.011905 200 187 1000 972 1000 1000 100 3
0.166667 0.151625 0.011994 200 191 1000 1002 1000 1000 100 3
0.166667 0.146704 0.011698 200 188 1000 1004 1000 1000 100 3
0.166667 0.156165 0.011367 200 191 1000 1057 1000 1000 100 3
0.166667 0.160415 0.011836 200 199 1000 994 1000 1000 100 3
0.166667 0.180041 0.012053 200 211 1000 984 1000 1000 100 3
0.166667 0.188839 0.012274 200 216 1000 989 1000 1000 100 3
0.166667 0.171542 0.011659 200 207 1000 1040 1000 1000 100 3
0.166667 0.154387 0.011849 200 188 1000 995 1000 1000 100 3
0.166667 0.154545 0.011453 200 184 1000 997 1000 1000 100 3
0.166667 0.187325 0.012371 200 236 1000 973 1000 1000 100 3
0.166667 0.164621 0.011515 200 215 1000 1071 1000 1000 100 3
0.166667 0.160379 0.011821 200 191 1000 997 1000 1000 100 3
0.166667 0.142338 0.011282 200 181 1000 1033 1000 1000 100 3
0.166667 0.173097 0.011943 200 196 1000 1010 1000 1000 100 3
0.166667 0.173759 0.012198 200 207 1000 979 1000 1000 100 3
0.166667 0.180849 0.012138 200 199 1000 977 1000 1000 100 3
0.166667 0.169745 0.011692 200 209 1000 1012 1000 1000 100 3
0.166667 0.176914 0.012033 200 207 1000 1023 1000 1000 100 3
0.166667 0.184026 0.012404 200 201 1000 962 1000 1000 100 3
0.166667 0.155789 0.011522 200 191 1000 1034 1000 1000 100 3
0.166667 0.152952 0.011392 200 178 1000 1030 1000 1000 100 3
0.166667 0.166815 0.011848 200 200 1000 1028 1000 1000 100 3
0.166667 0.163473 0.011655 200 205 1000 1006 1000 1000 100 3
0.166667 0.151058 0.011292 200 194 1000 1024 1000 1000 100 3
0.166667 0.135330 0.011239 200 178 1000 1011 1000 1000 100 3
0.166667 0.165906 0.012164 200 211 1000 1000 1000 1000 100 3
0.166667 0.154182 0.011604 200 197 1000 1035 1000 1000 100 3
0.166667 0.150406 0.011787 200 169 1000 958 1000 1000 100 3
0.166667 0.172807 0.012097 200 213 1000 1009 1000 1000 100 3
0.166667 0.163174 0.011805 200 199 1000 1024 1000 1000 100 3
0.166667 0.208717 0.012645 200 234 1000 962 1000 1000 100 3
0.166667 0.142659 0.011575 200 165 1000 980 1000 1000 100 3
0.166667 0.168122 0.012157 200 203 1000 987 1000 1000 100 3
0.166667 0.142747 0.011161 200 194 1000 1067 1000 1000 100 3
0.166667 0.175457 0.011728 200 227 1000 1047 1000 1000 100 3
0.166667 0.158361 0.011819 200 182 1000 980 1000 1000 100 3
0.166667 0.171561 0.011999 200 210 1000 996 1000 1000 100 3
0.166667 0.170113 0.011903 200 209 1000 1015 1000 1000 100 3
0.166667 0.175466 0.011780 200 213 1000 1014 1000 1000 100 3
0.166667 0.170771 0.011981 200 205 1000 1000 1000 1000 100 3
0.166667 0.174899 0.012562 200 201 1000 943 1000 1000 100 3
0.166667 0.154451 0.011693 200 170 1000 976 1000 1000 100 3
0.166667 0.178320 0.012036 200 201 1000 1015 1000 1000 100 3
0.166667 0.176833 0.012064 200 214 1000 1031 1000 1000 100 3
0.166667 0.155404 0.011460 200 182 1000 1030 1000 1000 100 3
0.166667 0.159805 0.011931 200 188 1000 977 1000 1000 100 3
0.166667 0.144793 0.011132 200 197 1000 1068 1000 1000 100 3
0.166667 0.192934 0.012326 200 234 1000 986 1000 1000 100 3
0.166667 0.170007 0.012316 200 192 1000 942 1000 1000 100 3
0.166667 0.163997 0.011533 200 187 1000 1044 1000 1000 100 3
0.166667 0.171031 0.011713 200 197 1000 1024 1000 1000 100 3
0.166667 0.166181 0.011662 200 210 1000 1040 1000 1000 100 3
0.166667 0.172391 0.012427 200 192 1000 961 1000 1000 100 3
0.166667 0.182879 0.011902 200 214 1000 1020 1000 1000 100 3
0.166667 0.168884 0.011931 200 204 1000 981 1000 1000 100 3
0.166667 0.157385 0.011789 200 195 1000 989 1000 1000 100 3
0.166667 0.162484 0.011636 200 197 1000 1020 1000 1000 100 3
0.166667 0.185096 0.012600 200 223 1000 933 1000 1000 100 3
0.166667 0.189347 0.012267 200 224 1000 1014 1000 1000 100 3
0.166667 0.167363 0.011926 200 207 1000 974 1000 1000 100 3
0.166667 0.185699 0.012637 200 194 1000 912 1000 1000 100 3
0.166667 0.164225 0.012028 200 193 1000 1007 1000 1000 100 3
0.166667 0.165571 0.012048 200 209 1000 975 1000 1000 100 3
0.166667 0.168325 0.012004 200 206 1000 995 1000 1000 100 3
0.166667 0.159386 0.012094 200 185 1000 985 1000 1000 100 3
0.166667 0.160453 0.011835 200 196 1000 1010 1000 1000 100 3
0.166667 0.176327 0.011745 200 218 1000 1035 1000 1000 100 3
0.166667 0.162685 0.011666 200 208 1000 1035 1000 1000 100 3
0.166667 0.192200 0.012602 200 227 1000 958 1000 1000 100 3
0.166667 0.166294 0.012305 200 196 1000 966 1000 1000 100 3
0.166667 0.169779 0.011909 200 200 1000 999 1000 1000 100 3
0.166667 0.185116 0.012261 200 202 1000 952 1000 1000 100 3
0.166667 0.176010 0.011761 200 217 1000 1041 1000 1000 100 3
0.166667 0.171748 0.012188 200 190 1000 965 1000 1000 100 3
0.166667 0.182890 0.012302 200 214 1000 981 1000 1000 100 3
0.166667 0.161387 0.011765 200 206 1000 1024 1000 1000 100 3
0.166667 0.185367 0.012323 200 208 1000 957 1000 1000 100 3
0.166667 0.163995 0.011670 200 186 1000 1011 1000 1000 100 3
0.166667 0.153769 0.011643 200 177 1000 1016 1000 1000 100 3
0.166667 0.149406 0.011447 200 183 1000 1014 1000 1000 100 3
0.166667 0.172651 0.011812 200 204 1000 1027 1000 1000 100 3
0.166667 0.183618 0.011920 200 211 1000 1002 1000 1000 100 3
0.166667 0.170765 0.011951 200 204 1000 1010 1000 1000 100 3
0.166667 0.162932 0.011860 200 196 1000 1005 1000 1000 100 3
0.166667 0.171785 0.011789 200 190 1000 988 1000 1000 100 3
0.166667 0.163833 0.011995 200 199 1000 998 1000 1000 100 3
0.166667 0.175551 0.012206 200 212 1000 980 1000 1000 100 3
0.166667 0.171829 0.011713 200 207 1000 1053 1000 1000 100 3
0.166667 0.184686 0.012330 200 198 1000 963 1000 1000 100 3
0.166667 0.164230 0.011472 200 213 1000 1064 1000 1000 100 3
0.166667 0.163344 0.011581 200 197 1000 1029 1000 1000 100 3
0.166667 0.179884 0.011975 200 207 1000 1023 1000 1000 100 3
0.166667 0.173698 0.012147 200 208 1000 976 1000 1000 100 3
0.166667 0.162662 0.011460 200 191 1000 1032 1000 1000 100 3
0.166667 0.156448 0.011796 200 177 1000 970 1000 1000 100 3
0.166667 0.158311 0.011234 200 196 1000 1066 1000 1000 100 3
0.166667 0.152879 0.011322 200 175 1000 1026 1000 1000 100 3
0.166667 0.178761 0.012156 200 212 1000 978 1000 1000 100 3
0.166667 0.167329 0.011801 200 189 1000 986 1000 1000 100 3
0.166667 0.165001 0.012111 200 191 1000 955 1000 1000 100 3
0.166667 0.164777 0.011618 200 203 1000 1016 1000 1000 100 3
0.166667 0.171503 0.012100 200 202 1000 985 1000 1000 100 3
0.166667 0.179202 0.011932 200 232 1000 1039 1000 1000 100 3
0.166667 0.178258 0.012580 200 191 1000 911 1000 1000 100 3
0.166667 0.173253 0.012212 200 199 1000 958 1000 1000 100 3
0.166667 0.168300 0.011809 200 215 1000 1042 1000 1000 100 3
0.166667 0.177875 0.012037 200 198 1000 976 1000 1000 100 3
0.166667 0.178997 0.012003 200 220 1000 1000 1000 1000 100 3
0.166667 0.165955 0.011864 200 211 1000 1019 1000 1000 100 3
0.166667 0.174160 0.012331 200 191 1000 966 1000 1000 100 3
0.166667 0.172456 0.012024 200 206 1000 1007 1000 1000 100 3
0.166667 0.167520 0.012040 200 203 1000 1000 1000 1000 100 3
0.166667 0.158593 0.011772 200 190 1000 999 1000 1000 100 3
0.166667 0.172656 0.012019 200 213 1000 998 1000 1000 100 3
0.166667 0.150563 0.011512 200 193 1000 1035 1000 1000 100 3
0.166667 0.157280 0.011684 200 198 1000 1000 1000 1000 100 3
0.166667 0.159123 0.012080 200 187 1000 972 1000 1000 100 3
0.166667 0.171576 0.012062 200 213 1000 997 1000 1000 100 3
0.166667 0.162441 0.011639 200 211 1000 1030 1000 1000 100 3
0.166667 0.182096 0.012352 200 215 1000 979 1000 1000 100 3
0.166667 0.176129 0.012264 200 192 1000 966 1000 1000 100 3
0.166667 0.151620 0.011478 200 186 1000 1019 1000 1000 100 3
0.166667 0.171102 0.012127 200 210 1000 975 1000 1000 100 3
0.166667 0.184473 0.011884 200 215 1000 1023 1000 1000 100 3
0.166667 0.147976 0.011588 200 199 1000 1029 1000 1000 100 3
0.166667 0.178043 0.012158 200 192 1000 951 1000 1000 100 3
0.166667 0.171648 0.012327 200 222 1000 973 1000 1000 100 3
0.166667 0.186269 0.012305 200 213 1000 983 1000 1000 100 3
0.166667 0.166430 0.011920 200 201 1000 1010 1000 1000 100 3
0.166667 0.157190 0.011906 200 193 1000 967 1000 1000 100 3
0.166667 0.163634 0.011942 200 199 1000 984 1000 1000 100 3
0.166667 0.153481 0.011603 200 191 1000 1021 1000 1000 100 3
0.166667 0.159177 0.011639 200 188 1000 1008 1000 1000 100 3
0.166667 0.152719 0.011681 200 184 1000 973 1000 1000 100 3
0.166667 0.163108 0.011846 200 211 1000 1023 1000 1000 100 3
0.166667 0.167510 0.012215 200 178 1000 948 1000 1000 100 3
0.166667 0.158947 0.012057 200 181 1000 958 1000 1000 100 3
0.166667 0.183386 0.012474 200 219 1000 964 1000 1000 100 3
0.166667 0.162204 0.011860 200 191 1000 987 1000 1000 100 3
0.166667 0.174244 0.011829 200 210 1000 1031 1000 1000 100 3
0.166667 0.176719 0.012220 200 211 1000 997 1000 1000 100 3
0.166667 0.178063 0.012137 200 214 1000 987 1000 1000 100 3
0.166667 0.162221 0.011910 200 190 1000 985 1000 1000 100 3
0.166667 0.145424 0.011534 200 186 1000 993 1000 1000 100 3
0.166667 0.141734 0.011034 200 178 1000 1035 1000 1000 100 3
0.166667 0.175960 0.011928 200 197 1000 1005 1000 1000 100 3
0.166667 0.166122 0.012217 200 193 1000 949 1000 1000 100 3
0.166667 0.181278 0.012237 200 229 1000 990 1000 1000 100 3
0.166667 0.168845 0.011924 200 203 1000 1028 1000 1000 100 3
0.166667 0.168694 0.011966 200 205 1000 1005 1000 1000 100 3
0.166667 0.184030 0.012710 200 206 1000 916 1000 1000 100 3
0.166667 0.172092 0.012244 200 209 1000 963 1000 1000 100 3
0.166667 0.165052 0.011802 200 188 1000 1015 1000 1000 100 3
0.166667 0.174929 0.011851 200 201 1000 1029 1000 1000 100 3
0.166667 0.171184 0.011794 200 194 1000 1033 1000 1000 100 3
0.166667 0.156152 0.011614 200 183 1000 1009 1000 1000 100 3
0.166667 0.173383 0.012038 200 218 1000 1014 1000 1000 100 3
0.166667 0.176210 0.012089 200 215 1000 1012 1000 1000 100 3
0.166667 0.149294 0.011133 200 200 1000 1070 1000 1000 100 3
0.166667 0.176236 0.012711 200 199 1000 958 1000 1000 100 3
0.166667 0.172675 0.012051 200 209 1000 969 1000 1000 100 3
0.166667 0.160726 0.011646 200 212 1000 1040 1000 1000 100 3
0.166667 0.182153 0.011936 200 213 1000 1006 1000 1000 100 3
0.166667 0.176109 0.012147 200 216 1000 994 1000 1000 100 3
0.166667 0.164772 0.011986 200 211 1000 1001 1000 1000 100 3
0.166667 0.150874 0.011657 200 187 1000 1015 1000 1000 100 3
0.166667 0.161975 0.011637 200 213 1000 1045 1000 1000 100 3
0.166667 0.178919 0.012269 200 202 1000 961 1000 1000 100 3
0.166667 0.159208 0.011664 200 200 1000 1011 1000 1000 100 3
0.166667 0.169456 0.011994 200 204 1000 1008 1000 1000 100 3
0.166667 0.181127 0.012049 200 215 1000 1032 1000 1000 100 3
0.166667 0.168275 0.012091 200 188 1000 971 1000 1000 100 3
0.166667 0.177856 0.012121 200 196 1000 964 1000 1000 100 3
0.166667 0.170660 0.012119 200 188 1000 986 1000 1000 100 3
0.166667 0.169512 0.012207 200 200 1000 982 1000 1000 100 3
0.166667 0.175442 0.012034 200 196 1000 983 1000 1000 100 3
0.166667 0.178399 0.012257 200 201 1000 960 1000 1000 100 3
0.166667 0.183225 0.012086 200 220 1000 998 1000 1000 100 3
0.166667 0.175883 0.011770 200 211 1000 1023 1000 1000 100 3
0.166667 0.168473 0.011671 200 206 1000 1031 1000 1000 100 3
0.166667 0.158852 0.012325 200 189 1000 938 1000 1000 100 3
0.166667 0.145854 0.011020 200 181 1000 1064 1000 1000 100 3
0.166667 0.167610 0.011908 200 193 1000 1004 1000 1000 100 3
0.166667 0.162051 0.011851 200 180 1000 963 1000 1000 100 3
0.166667 0.156670 0.011608 200 187 1000 1022 1000 1000 100 3
0.166667 0.165805 0.011849 200 203 1000 1022 1000 1000 100 3
0.166667 0.172167 0.011869 200 192 1000 1001 1000 1000 100 3
0.166667 0.181184 0.011926 200 223 1000 1019 1000 1000 100 3
0.166667 0.164234 0.011759 200 201 1000 1010 1000 1000 100 3
0.166667 0.164810 0.012256 200 194 1000 920 1000 1000 100 3
0.166667 0.180133 0.011898 200 221 1000 1046 1000 1000 100 3
0.166667 0.155937 0.011771 200 194 1000 1014 1000 1000 100 3
0.166667 0.172547 0.011964 200 193 1000 994 1000 1000 100 3
0.166667 0.161512 0.012140 200 190 1000 976 1000 1000 100 3
0.166667 0.153941 0.011523 200 194 1000 1009 1000 1000 100 3
0.166667 0.182832 0.012360 200 208 1000 960 1000 1000 100 3
0.166667 0.171879 0.011898 200 200 1000 979 1000 1000 100 3
0.166667 0.158405 0.011532 200 183 1000 1005 1000 1000 100 3
0.166667 0.172089 0.011661 200 209 1000 1062 1000 1000 100 3
0.166667 0.170306 0.012099 200 205 1000 963 1000 1000 100 3
0.166667 0.159769 0.011407 200 190 1000 1045 1000 1000 100 3
0.166667 0.166675 0.012033 200 205 1000 1003 1000 1000 100 3
0.166667 0.175882 0.012148 200 218 1000 1010 1000 1000 100 3
0.166667 0.154726 0.011736 200 194 1000 997 1000 1000 100 3
0.166667 0.165155 0.011697 200 192 1000 1007 1000 1000 100 3
0.166667 0.178963 0.012270 200 220 1000 982 1000 1000 100 3
0.166667 0.149073 0.011534 200 186 1000 998 1000 1000 100 3
0.166667 0.159049 0.011539 200 210 1000 1038 1000 1000 100 3
0.166667 0.144594 0.011120 200 179 1000 1032 1000 1000 100 3
0.166667 0.165744 0.012003 200 207 1000 1000 1000 1000 100 3
0.166667 0.164583 0.011681 200 199 1000 1023 1000 1000 100 3
0.166667 0.161741 0.011972 200 201 1000 990 1000 1000 100 3
0.166667 0.161351 0.011915 200 188 1000 973 1000 1000 100 3
0.166667 0.173116 0.012188 200 199 1000 968 1000 1000 100 3
0.166667 0.161550 0.011572 200 177 1000 1015 1000 1000 100 3
0.166667 0.164172 0.011908 200 204 1000 1006 1000 1000 100 3
0.166667 0.159606 0.011706 200 176 1000 989 1000 1000 100 3
0.166667 0.158089 0.011680 200 190 1000 995 1000 1000 100 3
0.166667 0.161252 0.011685 200 192 1000 1027 1000 1000 100 3
0.166667 0.185217 0.012330 200 209 1000 985 1000 1000 100 3
0.166667 0.184669 0.012427 200 218 1000 967 1000 1000 100 3
0.166667 0.159449 0.011721 200 200 1000 1048 1000 1000 100 3
0.166667 0.169458 0.012066 200 213 1000 966 1000 1000 100 3
0.166667 0.182279 0.012318 200 198 1000 959 1000 1000 100 3
0.166667 0.168825 0.011740 200 213 1000 1046 1000 1000 100 3
0.166667 0.163526 0.012094 200 189 1000 976 1000 1000 100 3
0.166667 0.154509 0.011621 200 202 1000 1036 1000 1000 100 3
0.166667 0.186883 0.012167 200 223 1000 1001 1000 1000 100 3
0.166667 0.172317 0.012179 200 196 1000 982 1000 1000 100 3
0.166667 0.173002 0.012210 200 221 1000 993 1000 1000 100 3
0.166667 0.157118 0.011782 200 171 1000 956 1000 1000 100 3
0.166667 0.156008 0.011362 200 188 1000 1062 1000 1000 100 3
0.166667 0.170003 0.011609 200 227 1000 1042 1000 1000 100 3
0.166667 0.180711 0.012387 200 215 1000 981 1000 1000 100 3
0.166667 0.187563 0.012378 200 220 1000 964 1000 1000 100 3
0.166667 0.178115 0.011900 200 211 1000 1015 1000 1000 100 3
0.166667 0.166393 0.012019 200 194 1000 971 1000 1000 100 3
0.166667 0.144508 0.011617 200 179 1000 997 1000 1000 100 3
0.166667 0.168055 0.011987 200 205 1000 985 1000 1000 100 3
0.166667 0.171145 0.012036 200 190 1000 986 1000 1000 100 3
0.166667 0.153523 0.011242 200 189 1000 1035 1000 1000 100 3
0.166667 0.186787 0.012281 200 215 1000 983 1000 1000 100 3
0.166667 0.166276 0.011666 200 199 1000 1014 1000 1000 100 3
0.166667 0.166761 0.011702 200 189 1000 1031 1000 1000 100 3
0.166667 0.171418 0.012050 200 224 1000 1021 1000 1000 100 3
0.166667 0.179939 0.011919 200 226 1000 1015 1000 1000 100 3
0.166667 0.181639 0.012397 200 207 1000 974 1000 1000 100 3
0.166667 0.170550 0.011736 200 203 1000 1015 1000 1000 100 3
0.166667 0.167152 0.011811 200 197 1000 1028 1000 1000 100 3
0.166667 0.166914 0.011819 200 214 1000 1021 1000 1000 100 3
0.166667 0.165902 0.011701 200 207 1000 1015 1000 1000 100 3
0.166667 0.150614 0.011861 200 189 1000 993 1000 1000 100 3
0.166667 0.174773 0.012006 200 195 1000 997 1000 1000 100 3
0.166667 0.175623 0.012340 200 192 1000 972 1000 1000 100 3
0.166667 0.161419 0.011971 200 196 1000 975 1000 1000 100 3
0.166667 0.156234 0.011576 200 189 1000 1016 1000 1000 100 3
0.166667 0.176860 0.011782 200 198 1000 1031 1000 1000 100 3
0.166667 0.169588 0.011634 200 199 1000 1019 1000 1000 100 3
0.166667 0.151995 0.011735 200 183 1000 982 1000 1000 100 3
0.166667 0.169349 0.011792 200 222 1000 1037 1000 1000 100 3
0.166667 0.172376 0.011965 200 219 1000 996 1000 1000 100 3
0.166667 0.166940 0.012534 200 185 1000 924 1000 1000 100 3
0.166667 0.159298 0.011935 200 186 1000 998 1000 1000 100 3
0.166667 0.161793 0.011675 200 196 1000 1043 1000 1000 100 3
0.166667 0.195903 0.012753 200 220 1000 956 1000 1000 100 3
0.166667 0.167080 0.011900 200 192 1000 994 1000 1000 100 3
0.166667 0.170328 0.012209 200 200 1000 971 1000 1000 100 3
0.166667 0.191982 0.012647 200 211 1000 928 1000 1000 100 3
0.166667 0.150618 0.011445 200 187 1000 1029 1000 1000 100 3
0.166667 0.165814 0.012080 200 206 1000 977 1000 1000 100 3
0.166667 0.160396 0.012415 200 190 1000 929 1000 1000 100 3
0.166667 0.151589 0.011846 200 189 1000 1000 1000 1000 100 3
0.166667 0.194142 0.012590 200 204 1000 963 1000 1000 100 3
0.166667 0.180603 0.012292 200 213 1000 974 1000 1000 100 3
0.166667 0.170373 0.011864 200 206 1000 973 1000 1000 100 3
0.166667 0.178142 0.012061 200 209 1000 987 1000 1000 100 3
0.166667 0.166369 0.011643 200 209 1000 1041 1000 1000 100 3
0.166667 0.161027 0.011448 200 199 1000 1045 1000 1000 100 3
0.166667 0.162558 0.011939 200 197 1000 992 1000 1000 100 3
0.166667 0.148945 0.011480 200 179 1000 996 1000 1000 100 3
0.166667 0.161701 0.011465 200 176 1000 1017 1000 1000 100 3
0.166667 0.203908 0.012540 200 243 1000 997 1000 1000 100 3
0.166667 0.182900 0.011915 200 211 1000 1028 1000 1000 100 3
0.166667 0.178170 0.012170 200 191 1000 1004 1000 1000 100 3
0.166667 0.171527 0.011934 200 206 1000 990 1000 1000 100 3
0.166667 0.169823 0.012470 200 197 1000 922 1000 1000 100 3
0.166667 0.188646 0.012528 200 211 1000 928 1000 1000 100 3
0.166667 0.178703 0.012922 200 201 1000 902 1000 1000 100 3
0.166667 0.167022 0.011991 200 199 1000 1008 1000 1000 100 3
0.166667 0.172355 0.012107 200 215 1000 1014 1000 1000 100 3
0.166667 0.170840 0.012001 200 207 1000 981 1000 1000 100 3
0.166667 0.144862 0.011158 200 168 1000 1033 1000 1000 100 3
0.166667 0.149676 0.011802 200 184 1000 972 1000 1000 100 3
0.166667 0.150470 0.011621 200 191 1000 1010 1000 1000 100 3
0.166667 0.164562 0.011934 200 193 1000 997 1000 1000 100 3
0.166667 0.174698 0.011829 200 208 1000 1009 1000 1000 100 3
0.166667 0.181460 0.012097 200 221 1000 993 1000 1000 100 3
0.166667 0.174743 0.012163 200 195 1000 971 1000 1000 100 3
0.166667 0.173476 0.012212 200 209 1000 959 1000 1000 100 3
0.166667 0.151682 0.011398 200 197 1000 1054 1000 1000 100 3
0.166667 0.157814 0.011695 200 196 1000 1009 1000 1000 100 3
0.166667 0.156300 0.011451 200 189 1000 1033 1000 1000 100 3
0.166667 0.151682 0.011523 200 182 1000 1015 1000 1000 100 3
0.166667 0.166153 0.011365 200 212 1000 1046 1000 1000 100 3
0.166667 0.152660 0.011513 200 187 1000 1037 1000 1000 100 3
0.166667 0.188160 0.012050 200 224 1000 1045 1000 1000 100 3
0.166667 0.180619 0.012145 200 202 1000 970 1000 1000 100 3
0.166667 0.157459 0.011706 200 197 1000 1020 1000 1000 100 3
0.166667 0.152235 0.011280 200 192 1000 1053 1000 1000 100 3
0.166667 0.148545 0.011180 200 187 1000 1070 1000 1000 100 3
0.166667 0.172197 0.011611 200 215 1000 1069 1000 1000 100 3
0.166667 0.162704 0.011740 200 193 1000 1014 1000 1000 100 3
0.166667 0.155174 0.011678 200 198 1000 1012 1000 1000 100 3
0.166667 0.176630 0.012469 200 207 1000 947 1000 1000 100 3
0.166667 0.149778 0.011397 200 170 1000 1003 1000 1000 100 3
0.166667 0.155616 0.011990 200 176 1000 956 1000 1000 100 3
0.166667 0.161699 0.011751 200 173 1000 992 1000 1000 100 3
0.166667 0.171609 0.012345 200 200 1000 974 1000 1000 100 3
0.166667 0.173796 0.012195 200 191 1000 982 1000 1000 100 3
0.166667 0.172144 0.012079 200 199 1000 972 1000 1000 100 3
0.166667 0.159123 0.011858 200 182 1000 969 1000 1000 100 3
0.166667 0.166169 0.011793 200 209 1000 1033 1000 1000 100 3
0.166667 0.187610 0.011794 200 229 1000 1040 1000 1000 100 3
0.166667 0.178456 0.012062 200 217 1000 1011 1000 1000 100 3
0.166667 0.195810 0.012463 200 226 1000 982 1000 1000 100 3
0.166667 0.176286 0.012275 200 190 1000 956 1000 1000 100 3
0.166667 0.186636 0.012083 200 219 1000 1015 1000 1000 100 3
0.166667 0.157834 0.011572 200 195 1000 1041 1000 1000 100 3
0.166667 0.144195 0.011369 200 176 1000 1031 1000 1000 100 3
0.166667 0.184710 0.012602 200 204 1000 918 1000 1000 100 3
0.166667 0.174139 0.012111 200 208 1000 985 1000 1000 100 3
0.166667 0.162713 0.012325 200 189 1000 952 1000 1000 100 3
0.166667 0.174471 0.012305 200 220 1000 988 1000 1000 100 3
0.166667 0.154174 0.011856 200 173 1000 966 1000 1000 100 3
0.166667 0.175538 0.012175 200 209 1000 1001 1000 1000 100 3
0.166667 0.153633 0.011443 200 183 1000 1014 1000 1000 100 3
0.166667 0.158337 0.011954 200 187 1000 967 1000 1000 100 3
0.166667 0.155971 0.011869 200 180 1000 985 1000 1000 100 3
0.166667 0.165791 0.011777 200 204 1000 998 1000 1000 100 3
0.166667 0.171530 0.012112 200 214 1000 1001 1000 1000 100 3
0.166667 0.178020 0.012863 200 198 1000 905 1000 1000 100 3
0.166667 0.154744 0.011224 200 199 1000 1061 1000 1000 100 3
0.166667 0.175255 0.012153 200 202 1000 986 1000 1000 100 3
0.166667 0.175808 0.011703 200 216 1000 1046 1000 1000 100 3
0.166667 0.170428 0.012415 200 204 1000 948 1000 1000 100 3
0.166667 0.196150 0.012651 200 226 1000 970 1000 1000 100 3
0.166667 0.179346 0.011993 200 210 1000 998 1000 1000 100 3
0.166667 0.150898 0.011758 200 200 1000 990 1000 1000 100 3
0.166667 0.175235 0.012193 200 202 1000 949 1000 1000 100 3
0.166667 0.182039 0.012449 200 202 1000 960 1000 1000 100 3
0.166667 0.185134 0.012174 200 215 1000 975 1000 1000 100 3
0.166667 0.150867 0.011240 200 181 1000 1029 1000 1000 100 3
0.166667 0.149239 0.011522 200 189 1000 1025 1000 1000 100 3
0.166667 0.174640 0.012545 200 197 1000 945 1000 1000 100 3
0.166667 0.156885 0.011822 200 211 1000 1034 1000 1000 100 3
0.166667 0.157204 0.011713 200 191 1000 1019 1000 1000 100 3
0.166667 0.151820 0.011609 200 175 1000 995 1000 1000 100 3
0.166667 0.179471 0.012182 200 212 1000 986 1000 1000 100 3
0.166667 0.161949 0.011590 200 205 1000 1030 1000 1000 100 3
0.166667 0.167540 0.011645 200 188 1000 1044 1000 1000 100 3
0.166667 0.162564 0.011748 200 196 1000 1009 1000 1000 100 3
0.166667 0.171945 0.011964 200 195 1000 981 1000 1000 100 3
0.166667 0.173536 0.012198 200 218 1000 997 1000 1000 100 3
0.166667 0.155205 0.011736 200 167 1000 1008 1000 1000 100 3
0.166667 0.154476 0.011205 200 192 1000 1089 1000 1000 100 3
0.166667 0.150365 0.011630 200 171 1000 976 1000 1000 100 3
0.166667 0.166696 0.012053 200 200 1000 983 1000 1000 100 3
0.166667 0.160719 0.011567 200 198 1000 1010 1000 1000 100 3
0.166667 0.157160 0.011559 200 180 1000 1020 1000 1000 100 3
0.166667 0.153955 0.011788 200 169 1000 941 1000 1000 100 3
0.166667 0.170664 0.011903 200 214 1000 990 1000 1000 100 3
0.166667 0.165078 0.011965 200 184 1000 982 1000 1000 100 3
0.166667 0.168518 0.011614 200 201 1000 1022 1000 1000 100 3
0.166667 0.174501 0.012107 200 215 1000 999 1000 1000 100 3
0.166667 0.151106 0.011635 200 187 1000 984 1000 1000 100 3
0.166667 0.174230 0.011919 200 203 1000 1014 1000 1000 100 3
0.166667 0.144457 0.011289 200 187 1000 1052 1000 1000 100 3
0.166667 0.165998 0.011592 200 201 1000 1050 1000 1000 100 3
0.166667 0.154149 0.012096 200 180 1000 947 1000 1000 100 3
0.166667 0.158353 0.011506 200 200 1000 1012 1000 1000 100 3
0.166667 0.164953 0.011609 200 187 1000 1062 1000 1000 100 3
0.166667 0.158324 0.011806 200 200 1000 985 1000 1000 100 3
0.166667 0.166287 0.011559 200 215 1000 1082 1000 1000 100 3
0.166667 0.166225 0.011858 200 202 1000 998 1000 1000 100 3
0.166667 0.152996 0.011595 200 191 1000 1040 1000 1000 100 3
0.166667 0.179400 0.012462 200 201 1000 953 1000 1000 100 3
0.166667 0.150818 0.011474 200 196 1000 1029 1000 1000 100 3
0.166667 0.192303 0.012395 200 232 1000 1002 1000 1000 100 3
0.166667 0.176937 0.012061 200 203 1000 1001 1000 1000 100 3
0.166667 0.167443 0.011859 200 219 1000 1008 1000 1000 100 3
0.166667 0.135888 0.011476 200 163 1000 985 1000 1000 100 3
0.166667 0.174316 0.011771 200 207 1000 1004 1000 1000 100 3
0.166667 0.164078 0.012152 200 200 1000 988 1000 1000 100 3
0.166667 0.176816 0.012334 200 211 1000 973 1000 1000 100 3
0.166667 0.158632 0.011422 200 200 1000 1050 1000 1000 100 3
0.166667 0.159123 0.011568 200 197 1000 1021 1000 1000 100 3
0.166667 0.163102 0.011710 200 201 1000 1026 1000 1000 100 3
0.166667 0.192266 0.012030 200 231 1000 1007 1000 1000 100 3
0.166667 0.152942 0.011137 200 187 1000 1045 1000 1000 100 3
0.166667 0.175581 0.012374 200 197 1000 964 1000 1000 100 3
0.166667 0.163880 0.011841 200 193 1000 976 1000 1000 100 3
0.166667 0.166878 0.012318 200 200 1000 966 1000 1000 100 3
0.166667 0.173226 0.011633 200 205 1000 1036 1000 1000 100 3
0.166667 0.155110 0.011493 200 199 1000 1036 1000 1000 100 3
0.166667 0.152649 0.011698 200 178 1000 980 1000 1000 100 3
0.166667 0.175203 0.011700 200 203 1000 1045 1000 1000 100 3
0.166667 0.175592 0.011853 200 207 1000 1014 1000 1000 100 3
0.166667 0.146138 0.011248 200 183 1000 1039 1000 1000 100 3
0.166667 0.161373 0.012071 200 194 1000 973 1000 1000 100 3
0.166667 0.175380 0.012131 200 197 1000 980 1000 1000 100 3
0.166667 0.149013 0.011340 200 178 1000 1032 1000 1000 100 3
0.166667 0.171868 0.011850 200 199 1000 1016 1000 1000 100 3
0.166667 0.182067 0.012332 200 223 1000 978 1000 1000 100 3
0.166667 0.181547 0.012543 200 199 1000 945 1000 1000 100 3
0.166667 0.190001 0.012789 200 220 1000 934 1000 1000 100 3
0.166667 0.166628 0.012279 200 206 1000 959 1000 1000 100 3
0.166667 0.172235 0.011909 200 202 1000 1007 1000 1000 100 3
0.166667 0.177665 0.011784 200 219 1000 1031 1000 1000 100 3
0.166667 0.172167 0.012047 200 212 1000 992 1000 1000 100 3
0.166667 0.188064 0.012536 200 216 1000 972 1000 1000 100 3
0.166667 0.169181 0.011915 200 199 1000 995 1000 1000 100 3
0.166667 0.179871 0.012158 200 212 1000 1034 1000 1000 100 3
0.166667 0.179637 0.012214 200 221 1000 1007 1000 1000 100 3
0.166667 0.173151 0.011845 200 206 1000 1015 1000 1000 100 3
0.166667 0.170475 0.011631 200 208 1000 1028 1000 1000 100 3
0.166667 0.176303 0.012531 200 208 1000 927 1000 1000 100 3
0.166667 0.175806 0.012157 200 203 1000 981 1000 1000 100 3
0.166667 0.157908 0.011935 200 180 1000 938 1000 1000 100 3
0.166667 0.172757 0.011910 200 225 1000 1025 1000 1000 100 3
0.166667 0.176974 0.011998 200 220 1000 1029 1000 1000 100 3
0.166667 0.160544 0.011881 200 210 1000 1006 1000 1000 100 3
0.166667 0.145952 0.011582 200 176 1000 1012 1000 1000 100 3
0.166667 0.173169 0.012248 200 220 1000 983 1000 1000 100 3
0.166667 0.172442 0.012082 200 215 1000 996 1000 1000 100 3
0.166667 0.164680 0.012147 200 196 1000 970 1000 1000 100 3
0.166667 0.165640 0.011612 200 198 1000 1016 1000 1000 100 3
0.166667 0.153349 0.011700 200 181 1000 993 1000 1000 100 3
0.166667 0.165266 0.011606 200 207 1000 1042 1000 1000 100 3
0.166667 0.165111 0.011771 200 187 1000 1000 1000 1000 100 3
0.166667 0.158068 0.011597 200 186 1000 1012 1000 1000 100 3
0.166667 0.153739 0.011297 200 179 1000 1033 1000 1000 100 3
0.166667 0.153454 0.012252 200 164 1000 943 1000 1000 100 3
0.166667 0.172336 0.012604 200 194 1000 933 1000 1000 100 3
0.166667 0.175150 0.012204 200 192 1000 967 1000 1000 100 3
0.166667 0.164462 0.012276 200 192 1000 937 1000 1000 100 3
0.166667 0.177817 0.011975 200 210 1000 1012 1000 1000 100 3
0.166667 0.170738 0.012047 200 221 1000 1021 1000 1000 100 3
0.166667 0.170174 0.012347 200 187 1000 941 1000 1000 100 3
0.166667 0.166789 0.011639 200 193 1000 1019 1000 1000 100 3
0.166667 0.182394 0.012095 200 213 1000 968 1000 1000 100 3
0.166667 0.167537 0.011895 200 202 1000 1003 1000 1000 100 3
0.166667 0.158382 0.011867 200 189 1000 991 1000 1000 100 3
0.166667 0.169246 0.011770 200 216 1000 1016 1000 1000 100 3
0.166667 0.154870 0.011487 200 181 1000 986 1000 1000 100 3
0.166667 0.164873 0.011685 200 208 1000 1040 1000 1000 100 3
0.166667 0.164680 0.011682 200 204 1000 1009 1000 1000 100 3
0.166667 0.160991 0.011655 200 187 1000 1021 1000 1000 100 3
0.166667 0.144646 0.011703 200 170 1000 985 1000 1000 100 3
0.166667 0.169929 0.011731 200 213 1000 1033 1000 1000 100 3
0.166667 0.187437 0.012451 200 218 1000 965 1000 1000 100 3
0.166667 0.170873 0.012128 200 209 1000 982 1000 1000 100 3
0.166667 0.165519 0.011877 200 191 1000 999 1000 1000 100 3
0.166667 0.171692 0.011537 200 216 1000 1058 1000 1000 100 3
0.166667 0.163652 0.011546 200 205 1000 1049 1000 1000 100 3
