0.166667 0.181469 0.037384 20 21 100 99 2 1000 1000 0 10
0.166667 0.224300 0.036237 20 34 100 116 2 1000 1000 0 10
0.166667 0.199394 0.036507 20 25 100 109 2 1000 1000 0 10
0.166667 0.147163 0.034330 20 20 100 104 2 1000 1000 0 10
0.166667 0.164517 0.035566 20 19 100 105 2 1000 1000 0 10
0.166667 0.182305 0.035485 20 23 100 111 2 1000 1000 0 10
0.166667 0.201541 0.037555 20 25 100 102 2 1000 1000 0 10
0.166667 0.167050 0.037501 20 21 100 94 2 1000 1000 0 10
0.166667 0.180246 0.036357 20 22 100 105 2 1000 1000 0 10
0.166667 0.158396 0.036345 20 22 100 100 2 1000 1000 0 10
0.166667 0.179875 0.038710 20 20 100 92 2 1000 1000 0 10
0.166667 0.103159 0.030209 20 15 100 116 2 1000 1000 0 10
0.166667 0.192103 0.038278 20 23 100 96 2 1000 1000 0 10
0.166667 0.128139 0.032405 20 17 100 108 2 1000 1000 0 10
0.166667 0.108016 0.032519 20 16 100 107 2 1000 1000 0 10
0.166667 0.140164 0.035060 20 15 100 97 2 1000 1000 0 10
0.166667 0.171391 0.037073 20 20 100 98 2 1000 1000 0 10
0.166667 0.173204 0.040106 20 18 100 86 2 1000 1000 0 10
0.166667 0.161849 0.038494 20 18 100 89 2 1000 1000 0 10
0.166667 0.248232 0.041845 20 24 100 93 2 1000 1000 0 10
0.166667 0.145243 0.035687 20 17 100 92 2 1000 1000 0 10
0.166667 0.140879 0.034078 20 19 100 112 2 1000 1000 0 10
0.166667 0.161929 0.036630 20 18 100 103 2 1000 1000 0 10
0.166667 0.150794 0.032645 20 24 100 119 2 1000 1000 0 10
0.166667 0.191020 0.038944 20 22 100 90 2 1000 1000 0 10
0.166667 0.203171 0.038784 20 28 100 94 2 1000 1000 0 10
0.166667 0.083554 0.029009 20 10 100 101 2 1000 1000 0 10
0.166667 0.198966 0.037880 20 25 100 101 2 1000 1000 0 10
0.166667 0.191254 0.039506 20 22 100 89 2 1000 1000 0 10
0.166667 0.138400 0.032825 20 20 100 116 2 1000 1000 0 10
0.166667 0.137709 0.031333 20 17 100 118 2 1000 1000 0 10
0.166667 0.191493 0.039267 20 22 100 93 2 1000 1000 0 10
0.166667 0.197517 0.037606 20 25 100 96 2 1000 1000 0 10
0.166667 0.138243 0.035165 20 18 100 97 2 1000 1000 0 10
0.166667 0.109749 0.030929 20 15 100 110 2 1000 1000 0 10
0.166667 0.158588 0.036192 20 20 100 99 2 1000 1000 0 10
0.166667 0.147398 0.034219 20 17 100 105 2 1000 1000 0 10
0.166667 0.114980 0.029204 20 14 100 121 2 1000 1000 0 10
0.166667 0.173387 0.037596 20 21 100 100 2 1000 1000 0 10
0.166667 0.237118 0.039692 20 30 100 95 2 1000 1000 0 10
0.166667 0.172845 0.038525 20 20 100 91 2 1000 1000 0 10
0.166667 0.166761 0.035991 20 22 100 103 2 1000 1000 0 10
0.166667 0.191629 0.036155 20 24 100 112 2 1000 1000 0 10
0.166667 0.188111 0.035929 20 25 100 107 2 1000 1000 0 10
0.166667 0.147985 0.030642 20 26 100 130 2 1000 1000 0 10
0.166667 0.161843 0.037338 20 17 100 90 2 1000 1000 0 10
0.166667 0.171725 0.035123 20 21 100 112 2 1000 1000 0 10
0.166667 0.181742 0.038246 20 18 100 98 2 1000 1000 0 10
0.166667 0.159626 0.034466 20 22 100 113 2 1000 1000 0 10
0.166667 0.168953 0.035934 20 19 100 104 2 1000 1000 0 10
0.166667 0.180258 0.036096 20 22 100 111 2 1000 1000 0 10
0.166667 0.158920 0.039325 20 16 100 81 2 1000 1000 0 10
0.166667 0.203111 0.040571 20 22 100 84 2 1000 1000 0 10
0.166667 0.193664 0.039218 20 25 100 95 2 1000 1000 0 10
0.166667 0.095651 0.030759 20 13 100 103 2 1000 1000 0 10
0.166667 0.130275 0.036015 20 14 100 95 2 1000 1000 0 10
0.166667 0.121078 0.034057 20 13 100 95 2 1000 1000 0 10
0.166667 0.146621 0.035898 20 19 100 98 2 1000 1000 0 10
0.166667 0.153556 0.036372 20 18 100 96 2 1000 1000 0 10
0.166667 0.144878 0.035741 20 18 100 91 2 1000 1000 0 10
0.166667 0.207392 0.040342 20 23 100 95 2 1000 1000 0 10
0.166667 0.148401 0.035091 20 18 100 104 2 1000 1000 0 10
0.166667 0.186048 0.037610 20 20 100 99 2 1000 1000 0 10
0.166667 0.201320 0.040652 20 23 100 88 2 1000 1000 0 10
0.166667 0.158688 0.037347 20 19 100 89 2 1000 1000 0 10
0.166667 0.166298 0.034313 20 22 100 108 2 1000 1000 0 10
0.166667 0.190657 0.039053 20 23 100 90 2 1000 1000 0 10
0.166667 0.178987 0.037898 20 19 100 99 2 1000 1000 0 10
0.166667 0.276239 0.044646 20 30 100 82 2 1000 1000 0 10
0.166667 0.207088 0.042312 20 24 100 82 2 1000 1000 0 10
0.166667 0.232378 0.041009 20 25 100 93 2 1000 1000 0 10
0.166667 0.122055 0.034510 20 12 100 98 2 1000 1000 0 10
0.166667 0.134354 0.034569 20 14 100 95 2 1000 1000 0 10
0.166667 0.155502 0.035366 20 22 100 108 2 1000 1000 0 10
0.166667 0.193555 0.039022 20 23 100 92 2 1000 1000 0 10
0.166667 0.177142 0.038897 20 20 100 87 2 1000 1000 0 10
0.166667 0.139280 0.035455 20 18 100 94 2 1000 1000 0 10
0.166667 0.141874 0.034287 20 15 100 100 2 1000 1000 0 10
0.166667 0.099009 0.028728 20 14 100 110 2 1000 1000 0 10
0.166667 0.139129 0.035763 20 17 100 102 2 1000 1000 0 10
0.166667 0.165512 0.034056 20 23 100 109 2 1000 1000 0 10
0.166667 0.189757 0.039594 20 19 100 92 2 1000 1000 0 10
0.166667 0.175293 0.036680 20 21 100 107 2 1000 1000 0 10
0.166667 0.138436 0.035638 20 15 100 97 2 1000 1000 0 10
0.166667 0.133618 0.032509 20 18 100 109 2 1000 1000 0 10
0.166667 0.200374 0.037728 20 26 100 101 2 1000 1000 0 10
0.166667 0.126053 0.034404 20 14 100 99 2 1000 1000 0 10
0.166667 0.179574 0.037729 20 22 100 93 2 1000 1000 0 10
0.166667 0.169111 0.036491 20 22 100 101 2 1000 1000 0 10
0.166667 0.135934 0.033920 20 16 100 113 2 1000 1000 0 10
0.166667 0.220347 0.039393 20 27 100 95 2 1000 1000 0 10
0.166667 0.207629 0.038248 20 26 100 100 2 1000 1000 0 10
0.166667 0.173529 0.038129 20 19 100 95 2 1000 1000 0 10
0.166667 0.189719 0.037282 20 23 100 102 2 1000 1000 0 10
0.166667 0.183329 0.038325 20 19 100 96 2 1000 1000 0 10
0.166667 0.122347 0.033448 20 15 100 98 2 1000 1000 0 10
0.166667 0.213575 0.036616 20 30 100 112 2 1000 1000 0 10
0.166667 0.172445 0.039872 20 19 100 84 2 1000 1000 0 10
0.166667 0.174925 0.037310 20 20 100 101 2 1000 1000 0 10
0.166667 0.097270 0.029328 20 12 100 113 2 1000 1000 0 10
0.166667 0.207388 0.043350 20 20 100 77 2 1000 1000 0 10
0.166667 0.150452 0.035208 20 18 100 98 2 1000 1000 0 10
0.166667 0.202085 0.039277 20 24 100 92 2 1000 1000 0 10
0.166667 0.215651 0.038712 20 24 100 102 2 1000 1000 0 10
0.166667 0.157621 0.033513 20 20 100 119 2 1000 1000 0 10
0.166667 0.179320 0.035474 20 23 100 107 2 1000 1000 0 10
0.166667 0.195685 0.038467 20 24 100 101 2 1000 1000 0 10
0.166667 0.135955 0.034196 20 18 100 99 2 1000 1000 0 10
0.166667 0.201164 0.035865 20 31 100 112 2 1000 1000 0 10
0.166667 0.143310 0.035681 20 19 100 99 2 1000 1000 0 10
0.166667 0.215043 0.041480 20 24 100 86 2 1000 1000 0 10
0.166667 0.168568 0.040990 20 15 100 80 2 1000 1000 0 10
0.166667 0.150983 0.034379 20 19 100 105 2 1000 1000 0 10
0.166667 0.136465 0.033572 20 18 100 110 2 1000 1000 0 10
0.166667 0.175165 0.038404 20 18 100 93 2 1000 1000 0 10
0.166667 0.083072 0.028129 20 11 100 114 2 1000 1000 0 10
0.166667 0.167009 0.034473 20 24 100 110 2 1000 1000 0 10
0.166667 0.160447 0.035351 20 17 100 110 2 1000 1000 0 10
0.166667 0.157345 0.038796 20 17 100 86 2 1000 1000 0 10
0.166667 0.266355 0.038110 20 35 100 110 2 1000 1000 0 10
0.166667 0.113062 0.032923 20 15 100 102 2 1000 1000 0 10
0.166667 0.082170 0.029204 20 9 100 98 2 1000 1000 0 10
0.166667 0.140932 0.035506 20 18 100 95 2 1000 1000 0 10
0.166667 0.160142 0.036190 20 17 100 105 2 1000 1000 0 10
0.166667 0.138694 0.032826 20 19 100 108 2 1000 1000 0 10
0.166667 0.162902 0.033031 20 26 100 116 2 1000 1000 0 10
0.166667 0.170209 0.036327 20 21 100 100 2 1000 1000 0 10
0.166667 0.202370 0.038152 20 24 100 101 2 1000 1000 0 10
0.166667 0.154699 0.038422 20 17 100 86 2 1000 1000 0 10
0.166667 0.095152 0.029615 20 13 100 108 2 1000 1000 0 10
0.166667 0.176267 0.038560 20 20 100 97 2 1000 1000 0 10
0.166667 0.215032 0.038860 20 23 100 100 2 1000 1000 0 10
0.166667 0.149728 0.034694 20 19 100 102 2 1000 1000 0 10
0.166667 0.107049 0.032263 20 13 100 98 2 1000 1000 0 10
0.166667 0.161041 0.035679 20 19 100 107 2 1000 1000 0 10
0.166667 0.136924 0.035007 20 16 100 96 2 1000 1000 0 10
0.166667 0.129536 0.036661 20 15 100 86 2 1000 1000 0 10
0.166667 0.126772 0.035085 20 16 100 97 2 1000 1000 0 10
0.166667 0.184310 0.035464 20 22 100 110 2 1000 1000 0 10
0.166667 0.179778 0.039057 20 19 100 88 2 1000 1000 0 10
0.166667 0.214678 0.042984 20 23 100 81 2 1000 1000 0 10
0.166667 0.196269 0.037186 20 27 100 100 2 1000 1000 0 10
0.166667 0.165722 0.035775 20 21 100 102 2 1000 1000 0 10
0.166667 0.156753 0.035256 20 18 100 102 2 1000 1000 0 10
0.166667 0.211425 0.038692 20 26 100 96 2 1000 1000 0 10
0.166667 0.168255 0.035069 20 20 100 109 2 1000 1000 0 10
0.166667 0.172843 0.033655 20 25 100 118 2 1000 1000 0 10
0.166667 0.129997 0.034993 20 15 100 102 2 1000 1000 0 10
0.166667 0.191819 0.038127 20 23 100 97 2 1000 1000 0 10
0.166667 0.206129 0.038508 20 23 100 104 2 1000 1000 0 10
0.166667 0.129795 0.030989 20 19 100 110 2 1000 1000 0 10
0.166667 0.196556 0.040850 20 20 100 87 2 1000 1000 0 10
0.166667 0.130793 0.033667 20 16 100 101 2 1000 1000 0 10
0.166667 0.207989 0.041466 20 16 100 90 2 1000 1000 0 10
0.166667 0.190054 0.036304 20 28 100 110 2 1000 1000 0 10
0.166667 0.200049 0.037685 20 26 100 98 2 1000 1000 0 10
0.166667 0.147273 0.033700 20 19 100 110 2 1000 1000 0 10
0.166667 0.208948 0.035437 20 31 100 115 2 1000 1000 0 10
0.166667 0.183759 0.037176 20 23 100 99 2 1000 1000 0 10
0.166667 0.104098 0.033330 20 12 100 96 2 1000 1000 0 10
0.166667 0.215258 0.040125 20 23 100 94 2 1000 1000 0 10
0.166667 0.118985 0.032499 20 15 100 106 2 1000 1000 0 10
0.166667 0.257820 0.045176 20 25 100 78 2 1000 1000 0 10
0.166667 0.178375 0.037262 20 18 100 102 2 1000 1000 0 10
0.166667 0.174525 0.034479 20 23 100 115 2 1000 1000 0 10
0.166667 0.154862 0.037465 20 17 100 92 2 1000 1000 0 10
0.166667 0.193417 0.041428 20 24 100 82 2 1000 1000 0 10
0.166667 0.118476 0.031554 20 15 100 111 2 1000 1000 0 10
0.166667 0.172510 0.036018 20 26 100 105 2 1000 1000 0 10
0.166667 0.190060 0.039185 20 19 100 96 2 1000 1000 0 10
0.166667 0.119696 0.029940 20 19 100 121 2 1000 1000 0 10
0.166667 0.125805 0.034230 20 13 100 96 2 1000 1000 0 10
0.166667 0.222429 0.040564 20 27 100 92 2 1000 1000 0 10
0.166667 0.115817 0.031866 20 17 100 108 2 1000 1000 0 10
0.166667 0.193621 0.041008 20 20 100 81 2 1000 1000 0 10
0.166667 0.159402 0.036293 20 20 100 103 2 1000 1000 0 10
0.166667 0.169759 0.038510 20 16 100 94 2 1000 1000 0 10
0.166667 0.180335 0.038047 20 17 100 98 2 1000 1000 0 10
0.166667 0.183620 0.039019 20 22 100 96 2 1000 1000 0 10
0.166667 0.146839 0.033282 20 19 100 110 2 1000 1000 0 10
0.166667 0.155310 0.035903 20 21 100 98 2 1000 1000 0 10
0.166667 0.164893 0.035197 20 21 100 104 2 1000 1000 0 10
0.166667 0.221205 0.039285 20 26 100 97 2 1000 1000 0 10
0.166667 0.202097 0.042660 20 21 100 78 2 1000 1000 0 10
0.166667 0.154626 0.035790 20 18 100 103 2 1000 1000 0 10
0.166667 0.196609 0.038700 20 27 100 92 2 1000 1000 0 10
0.166667 0.236674 0.040796 20 28 100 93 2 1000 1000 0 10
0.166667 0.147465 0.035060 20 20 100 105 2 1000 1000 0 10
0.166667 0.154762 0.035043 20 23 100 101 2 1000 1000 0 10
0.166667 0.121261 0.032721 20 17 100 106 2 1000 1000 0 10
0.166667 0.151845 0.034980 20 19 100 106 2 1000 1000 0 10
0.166667 0.224513 0.042473 20 27 100 82 2 1000 1000 0 10
0.166667 0.203382 0.038844 20 25 100 95 2 1000 1000 0 10
0.166667 0.144470 0.033517 20 18 100 115 2 1000 1000 0 10
0.166667 0.107551 0.031763 20 13 100 103 2 1000 1000 0 10
0.166667 0.248217 0.039744 20 27 100 100 2 1000 1000 0 10
0.166667 0.170303 0.037296 20 20 100 98 2 1000 1000 0 10
0.166667 0.212104 0.042330 20 20 100 84 2 1000 1000 0 10
0.166667 0.154791 0.032849 20 21 100 117 2 1000 1000 0 10
0.166667 0.124744 0.031601 20 15 100 113 2 1000 1000 0 10
0.166667 0.181535 0.036810 20 21 100 98 2 1000 1000 0 10
0.166667 0.171898 0.037243 20 22 100 97 2 1000 1000 0 10
0.166667 0.146337 0.036094 20 13 100 93 2 1000 1000 0 10
0.166667 0.146262 0.036222 20 15 100 94 2 1000 1000 0 10
0.166667 0.173750 0.035696 20 22 100 106 2 1000 1000 0 10
0.166667 0.171319 0.036052 20 20 100 105 2 1000 1000 0 10
0.166667 0.231524 0.045064 20 21 100 82 2 1000 1000 0 10
0.166667 0.096876 0.029567 20 13 100 109 2 1000 1000 0 10
0.166667 0.208057 0.034810 20 33 100 123 2 1000 1000 0 10
0.166667 0.164639 0.039300 20 15 100 89 2 1000 1000 0 10
0.166667 0.107264 0.030320 20 16 100 109 2 1000 1000 0 10
0.166667 0.216983 0.039030 20 22 100 101 2 1000 1000 0 10
0.166667 0.161442 0.033061 20 22 100 117 2 1000 1000 0 10
0.166667 0.153393 0.034243 20 19 100 105 2 1000 1000 0 10
0.166667 0.116878 0.036438 20 13 100 94 2 1000 1000 0 10
0.166667 0.189030 0.039022 20 21 100 91 2 1000 1000 0 10
0.166667 0.210367 0.041232 20 22 100 86 2 1000 1000 0 10
0.166667 0.230109 0.039815 20 27 100 96 2 1000 1000 0 10
0.166667 0.148855 0.035449 20 17 100 102 2 1000 1000 0 10
0.166667 0.118038 0.034984 20 14 100 94 2 1000 1000 0 10
0.166667 0.182898 0.040938 20 19 100 83 2 1000 1000 0 10
0.166667 0.206469 0.038496 20 23 100 100 2 1000 1000 0 10
0.166667 0.184324 0.037819 20 22 100 98 2 1000 1000 0 10
0.166667 0.112943 0.033925 20 11 100 95 2 1000 1000 0 10
0.166667 0.158438 0.037688 20 20 100 92 2 1000 1000 0 10
0.166667 0.127398 0.035225 20 14 100 89 2 1000 1000 0 10
0.166667 0.178317 0.035512 20 22 100 110 2 1000 1000 0 10
0.166667 0.153193 0.035565 20 18 100 100 2 1000 1000 0 10
0.166667 0.231469 0.039834 20 24 100 98 2 1000 1000 0 10
0.166667 0.228565 0.041902 20 24 100 91 2 1000 1000 0 10
0.166667 0.137813 0.030365 20 22 100 130 2 1000 1000 0 10
0.166667 0.148635 0.035411 20 18 100 102 2 1000 1000 0 10
0.166667 0.147261 0.033503 20 19 100 106 2 1000 1000 0 10
0.166667 0.117626 0.030532 20 17 100 116 2 1000 1000 0 10
0.166667 0.154419 0.035224 20 19 100 104 2 1000 1000 0 10
0.166667 0.156159 0.037820 20 18 100 86 2 1000 1000 0 10
0.166667 0.137349 0.032844 20 16 100 114 2 1000 1000 0 10
0.166667 0.129565 0.034381 20 17 100 102 2 1000 1000 0 10
0.166667 0.176295 0.036846 20 21 100 102 2 1000 1000 0 10
0.166667 0.161312 0.033513 20 25 100 118 2 1000 1000 0 10
0.166667 0.204331 0.037566 20 27 100 109 2 1000 1000 0 10
0.166667 0.207298 0.041115 20 20 100 89 2 1000 1000 0 10
0.166667 0.196999 0.040330 20 21 100 90 2 1000 1000 0 10
0.166667 0.189083 0.039596 20 20 100 89 2 1000 1000 0 10
0.166667 0.229130 0.040820 20 25 100 95 2 1000 1000 0 10
0.166667 0.141231 0.033821 20 18 100 108 2 1000 1000 0 10
0.166667 0.230494 0.041793 20 25 100 90 2 1000 1000 0 10
0.166667 0.163465 0.034450 20 18 100 109 2 1000 1000 0 10
0.166667 0.183942 0.037604 20 22 100 98 2 1000 1000 0 10
0.166667 0.125149 0.033653 20 16 100 103 2 1000 1000 0 10
0.166667 0.171822 0.037943 20 18 100 91 2 1000 1000 0 10
0.166667 0.118247 0.030534 20 14 100 114 2 1000 1000 0 10
0.166667 0.182056 0.037647 20 19 100 97 2 1000 1000 0 10
0.166667 0.202155 0.038773 20 26 100 94 2 1000 1000 0 10
0.166667 0.129486 0.032885 20 16 100 112 2 1000 1000 0 10
0.166667 0.196356 0.037797 20 25 100 98 2 1000 1000 0 10
0.166667 0.122093 0.035273 20 15 100 90 2 1000 1000 0 10
0.166667 0.127218 0.034773 20 13 100 100 2 1000 1000 0 10
0.166667 0.179320 0.039600 20 18 100 88 2 1000 1000 0 10
0.166667 0.202545 0.038382 20 26 100 98 2 1000 1000 0 10
0.166667 0.108008 0.031597 20 12 100 106 2 1000 1000 0 10
0.166667 0.169225 0.036942 20 21 100 97 2 1000 1000 0 10
0.166667 0.149031 0.036442 20 20 100 96 2 1000 1000 0 10
0.166667 0.185612 0.037926 20 21 100 97 2 1000 1000 0 10
0.166667 0.146594 0.034797 20 18 100 110 2 1000 1000 0 10
0.166667 0.100227 0.031874 20 14 100 99 2 1000 1000 0 10
0.166667 0.156042 0.033377 20 20 100 115 2 1000 1000 0 10
0.166667 0.134523 0.034402 20 16 100 104 2 1000 1000 0 10
0.166667 0.154763 0.035049 20 20 100 101 2 1000 1000 0 10
0.166667 0.177155 0.037887 20 20 100 97 2 1000 1000 0 10
0.166667 0.129978 0.030024 20 16 100 126 2 1000 1000 0 10
0.166667 0.165480 0.035561 20 20 100 101 2 1000 1000 0 10
0.166667 0.150730 0.034874 20 19 100 99 2 1000 1000 0 10
0.166667 0.135389 0.031924 20 16 100 115 2 1000 1000 0 10
0.166667 0.170369 0.035368 20 21 100 109 2 1000 1000 0 10
0.166667 0.290208 0.045660 20 28 100 84 2 1000 1000 0 10
0.166667 0.121574 0.031366 20 16 100 106 2 1000 1000 0 10
0.166667 0.167247 0.036418 20 19 100 99 2 1000 1000 0 10
0.166667 0.189327 0.039838 20 20 100 91 2 1000 1000 0 10
0.166667 0.128707 0.032546 20 16 100 103 2 1000 1000 0 10
0.166667 0.135189 0.035202 20 16 100 97 2 1000 1000 0 10
0.166667 0.155857 0.035323 20 17 100 107 2 1000 1000 0 10
0.166667 0.160624 0.036310 20 18 100 101 2 1000 1000 0 10
0.166667 0.156529 0.037088 20 17 100 92 2 1000 1000 0 10
0.166667 0.178148 0.036302 20 21 100 107 2 1000 1000 0 10
0.166667 0.280120 0.043088 20 30 100 91 2 1000 1000 0 10
0.166667 0.143612 0.038343 20 13 100 84 2 1000 1000 0 10
0.166667 0.180791 0.037538 20 21 100 102 2 1000 1000 0 10
0.166667 0.120993 0.031919 20 17 100 106 2 1000 1000 0 10
0.166667 0.175041 0.034173 20 24 100 115 2 1000 1000 0 10
0.166667 0.248857 0.039208 20 28 100 106 2 1000 1000 0 10
0.166667 0.177870 0.036195 20 22 100 106 2 1000 1000 0 10
0.166667 0.153721 0.035111 20 18 100 100 2 1000 1000 0 10
0.166667 0.137288 0.033547 20 17 100 106 2 1000 1000 0 10
0.166667 0.147960 0.036234 20 17 100 92 2 1000 1000 0 10
0.166667 0.127945 0.033599 20 18 100 104 2 1000 1000 0 10
0.166667 0.156258 0.035726 20 20 100 101 2 1000 1000 0 10
0.166667 0.139164 0.032204 20 18 100 116 2 1000 1000 0 10
0.166667 0.108620 0.031266 20 16 100 110 2 1000 1000 0 10
0.166667 0.116064 0.032945 20 14 100 100 2 1000 1000 0 10
0.166667 0.135125 0.034283 20 16 100 103 2 1000 1000 0 10
0.166667 0.097547 0.029039 20 14 100 110 2 1000 1000 0 10
0.166667 0.195622 0.042174 20 19 100 85 2 1000 1000 0 10
0.166667 0.090508 0.029559 20 11 100 107 2 1000 1000 0 10
0.166667 0.177697 0.035363 20 25 100 111 2 1000 1000 0 10
0.166667 0.135843 0.032170 20 17 100 119 2 1000 1000 0 10
0.166667 0.214060 0.042636 20 21 100 80 2 1000 1000 0 10
0.166667 0.188998 0.035468 20 23 100 113 2 1000 1000 0 10
0.166667 0.165765 0.036306 20 20 100 107 2 1000 1000 0 10
0.166667 0.223339 0.043809 20 22 100 78 2 1000 1000 0 10
0.166667 0.163569 0.037666 20 19 100 92 2 1000 1000 0 10
0.166667 0.172364 0.036043 20 22 100 103 2 1000 1000 0 10
0.166667 0.184377 0.035668 20 24 100 107 2 1000 1000 0 10
0.166667 0.196143 0.036767 20 24 100 110 2 1000 1000 0 10
0.166667 0.176494 0.035870 20 23 100 110 2 1000 1000 0 10
0.166667 0.099839 0.031619 20 15 100 102 2 1000 1000 0 10
0.166667 0.143216 0.035494 20 18 100 99 2 1000 1000 0 10
0.166667 0.144358 0.036216 20 17 100 91 2 1000 1000 0 10
0.166667 0.239571 0.041209 20 29 100 89 2 1000 1000 0 10
0.166667 0.110103 0.032051 20 12 100 101 2 1000 1000 0 10
0.166667 0.159989 0.037682 20 18 100 93 2 1000 1000 0 10
0.166667 0.147809 0.032485 20 21 100 114 2 1000 1000 0 10
0.166667 0.086846 0.028691 20 10 100 105 2 1000 1000 0 10
0.166667 0.118464 0.031210 20 15 100 114 2 1000 1000 0 10
0.166667 0.168077 0.037731 20 18 100 94 2 1000 1000 0 10
0.166667 0.211909 0.042249 20 23 100 82 2 1000 1000 0 10
0.166667 0.149881 0.034296 20 19 100 105 2 1000 1000 0 10
0.166667 0.166610 0.037439 20 22 100 91 2 1000 1000 0 10
0.166667 0.178416 0.035732 20 24 100 108 2 1000 1000 0 10
0.166667 0.171996 0.039237 20 20 100 87 2 1000 1000 0 10
0.166667 0.166886 0.041731 20 17 100 77 2 1000 1000 0 10
0.166667 0.208507 0.038450 20 26 100 99 2 1000 1000 0 10
0.166667 0.119005 0.031190 20 15 100 111 2 1000 1000 0 10
0.166667 0.126153 0.035812 20 14 100 92 2 1000 1000 0 10
0.166667 0.198440 0.038187 20 22 100 103 2 1000 1000 0 10
0.166667 0.146430 0.036251 20 18 100 93 2 1000 1000 0 10
0.166667 0.176464 0.039095 20 17 100 94 2 1000 1000 0 10
0.166667 0.087986 0.027160 20 16 100 128 2 1000 1000 0 10
0.166667 0.180144 0.036058 20 23 100 107 2 1000 1000 0 10
0.166667 0.208608 0.039057 20 26 100 98 2 1000 1000 0 10
0.166667 0.195478 0.040595 20 19 100 98 2 1000 1000 0 10
0.166667 0.143576 0.031733 20 19 100 125 2 1000 1000 0 10
0.166667 0.174675 0.038243 20 21 100 93 2 1000 1000 0 10
0.166667 0.184566 0.034716 20 28 100 111 2 1000 1000 0 10
0.166667 0.133953 0.033436 20 16 100 106 2 1000 1000 0 10
0.166667 0.151127 0.034681 20 20 100 108 2 1000 1000 0 10
0.166667 0.194365 0.041009 20 21 100 88 2 1000 1000 0 10
0.166667 0.148194 0.035158 20 18 100 99 2 1000 1000 0 10
0.166667 0.203156 0.037536 20 23 100 107 2 1000 1000 0 10
0.166667 0.104938 0.029086 20 15 100 116 2 1000 1000 0 10
0.166667 0.205996 0.039449 20 24 100 91 2 1000 1000 0 10
0.166667 0.125051 0.028203 20 22 100 140 2 1000 1000 0 10
0.166667 0.242662 0.040554 20 28 100 95 2 1000 1000 0 10
0.166667 0.229312 0.039851 20 26 100 96 2 1000 1000 0 10
0.166667 0.150366 0.036738 20 16 100 91 2 1000 1000 0 10
0.166667 0.136136 0.034118 20 17 100 101 2 1000 1000 0 10
0.166667 0.185372 0.036172 20 22 100 108 2 1000 1000 0 10
0.166667 0.146665 0.032753 20 21 100 113 2 1000 1000 0 10
0.166667 0.183485 0.038539 20 20 100 93 2 1000 1000 0 10
0.166667 0.109602 0.035373 20 12 100 82 2 1000 1000 0 10
0.166667 0.149189 0.036995 20 15 100 95 2 1000 1000 0 10
0.166667 0.188632 0.040447 20 21 100 86 2 1000 1000 0 10
0.166667 0.142848 0.034707 20 17 100 108 2 1000 1000 0 10
0.166667 0.202882 0.038616 20 27 100 98 2 1000 1000 0 10
0.166667 0.185421 0.040176 20 20 100 85 2 1000 1000 0 10
0.166667 0.203781 0.038594 20 24 100 100 2 1000 1000 0 10
0.166667 0.129821 0.034787 20 14 100 101 2 1000 1000 0 10
0.166667 0.192830 0.038645 20 23 100 94 2 1000 1000 0 10
0.166667 0.189147 0.039081 20 23 100 95 2 1000 1000 0 10
0.166667 0.200323 0.036519 20 27 100 105 2 1000 1000 0 10
0.166667 0.165099 0.040335 20 16 100 84 2 1000 1000 0 10
0.166667 0.160020 0.032852 20 23 100 121 2 1000 1000 0 10
0.166667 0.179480 0.034797 20 26 100 113 2 1000 1000 0 10
0.166667 0.196642 0.036240 20 28 100 106 2 1000 1000 0 10
0.166667 0.158946 0.038757 20 16 100 85 2 1000 1000 0 10
0.166667 0.181024 0.036126 20 24 100 104 2 1000 1000 0 10
0.166667 0.221097 0.040566 20 30 100 93 2 1000 1000 0 10
0.166667 0.101485 0.030047 20 13 100 116 2 1000 1000 0 10
0.166667 0.182072 0.036793 20 21 100 102 2 1000 1000 0 10
0.166667 0.130132 0.034147 20 15 100 97 2 1000 1000 0 10
0.166667 0.209576 0.035495 20 32 100 120 2 1000 1000 0 10
0.166667 0.170409 0.037513 20 19 100 93 2 1000 1000 0 10
0.166667 0.149607 0.037337 20 16 100 86 2 1000 1000 0 10
0.166667 0.177209 0.037508 20 20 100 96 2 1000 1000 0 10
0.166667 0.163075 0.033838 20 20 100 114 2 1000 1000 0 10
0.166667 0.166028 0.036788 20 20 100 101 2 1000 1000 0 10
0.166667 0.194979 0.035696 20 30 100 110 2 1000 1000 0 10
0.166667 0.126766 0.031896 20 15 100 111 2 1000 1000 0 10
0.166667 0.285607 0.048500 20 27 100 70 2 1000 1000 0 10
0.166667 0.223321 0.038668 20 29 100 101 2 1000 1000 0 10
0.166667 0.177308 0.043381 20 16 100 77 2 1000 1000 0 10
0.166667 0.186795 0.036367 20 26 100 108 2 1000 1000 0 10
0.166667 0.129633 0.030155 20 19 100 120 2 1000 1000 0 10
0.166667 0.151715 0.036363 20 17 100 103 2 1000 1000 0 10
0.166667 0.139722 0.034264 20 15 100 100 2 1000 1000 0 10
0.166667 0.187433 0.037051 20 25 100 98 2 1000 1000 0 10
0.166667 0.135444 0.034971 20 16 100 105 2 1000 1000 0 10
0.166667 0.221684 0.040419 20 23 100 90 2 1000 1000 0 10
0.166667 0.176873 0.035922 20 21 100 106 2 1000 1000 0 10
0.166667 0.204315 0.038944 20 24 100 101 2 1000 1000 0 10
0.166667 0.206887 0.037142 20 27 100 105 2 1000 1000 0 10
0.166667 0.146838 0.036248 20 19 100 91 2 1000 1000 0 10
0.166667 0.139196 0.035049 20 18 100 99 2 1000 1000 0 10
0.166667 0.152943 0.034471 20 18 100 105 2 1000 1000 0 10
0.166667 0.133100 0.035006 20 15 100 105 2 1000 1000 0 10
0.166667 0.197225 0.039725 20 19 100 94 2 1000 1000 0 10
0.166667 0.194845 0.037982 20 22 100 95 2 1000 1000 0 10
0.166667 0.194308 0.039213 20 22 100 95 2 1000 1000 0 10
0.166667 0.159561 0.037278 20 19 100 92 2 1000 1000 0 10
0.166667 0.118363 0.034375 20 16 100 92 2 1000 1000 0 10
0.166667 0.152038 0.034911 20 17 100 107 2 1000 1000 0 10
0.166667 0.204615 0.040746 20 23 100 87 2 1000 1000 0 10
0.166667 0.214083 0.039474 20 21 100 100 2 1000 1000 0 10
0.166667 0.175879 0.037837 20 22 100 94 2 1000 1000 0 10
0.166667 0.229648 0.044007 20 23 100 83 2 1000 1000 0 10
0.166667 0.164912 0.038048 20 19 100 94 2 1000 1000 0 10
0.166667 0.173909 0.038688 20 20 100 87 2 1000 1000 0 10
0.166667 0.145670 0.031370 20 19 100 126 2 1000 1000 0 10
0.166667 0.241808 0.042439 20 26 100 85 2 1000 1000 0 10
0.166667 0.224231 0.037113 20 31 100 108 2 1000 1000 0 10
0.166667 0.152737 0.035663 20 19 100 105 2 1000 1000 0 10
0.166667 0.147789 0.034281 20 20 100 105 2 1000 1000 0 10
0.166667 0.120756 0.032628 20 17 100 102 2 1000 1000 0 10
0.166667 0.183294 0.036334 20 20 100 106 2 1000 1000 0 10
0.166667 0.120399 0.030826 20 15 100 117 2 1000 1000 0 10
0.166667 0.126382 0.032799 20 19 100 106 2 1000 1000 0 10
0.166667 0.184586 0.037120 20 22 100 101 2 1000 1000 0 10
0.166667 0.239220 0.043064 20 26 100 83 2 1000 1000 0 10
0.166667 0.157645 0.037383 20 18 100 94 2 1000 1000 0 10
0.166667 0.153536 0.034924 20 19 100 100 2 1000 1000 0 10
0.166667 0.141681 0.036095 20 15 100 97 2 1000 1000 0 10
0.166667 0.213899 0.039228 20 27 100 96 2 1000 1000 0 10
0.166667 0.104704 0.031081 20 13 100 101 2 1000 1000 0 10
0.166667 0.192172 0.039550 20 21 100 88 2 1000 1000 0 10
0.166667 0.206706 0.037312 20 24 100 107 2 1000 1000 0 10
0.166667 0.163512 0.035844 20 20 100 102 2 1000 1000 0 10
0.166667 0.180280 0.038351 20 21 100 98 2 1000 1000 0 10
0.166667 0.130962 0.034128 20 16 100 96 2 1000 1000 0 10
0.166667 0.170263 0.034841 20 21 100 113 2 1000 1000 0 10
0.166667 0.184908 0.037128 20 24 100 100 2 1000 1000 0 10
0.166667 0.127663 0.033324 20 17 100 99 2 1000 1000 0 10
0.166667 0.124040 0.030833 20 17 100 117 2 1000 1000 0 10
0.166667 0.157327 0.037098 20 19 100 92 2 1000 1000 0 10
0.166667 0.137859 0.035177 20 18 100 101 2 1000 1000 0 10
0.166667 0.196399 0.038736 20 25 100 97 2 1000 1000 0 10
0.166667 0.146503 0.036187 20 18 100 98 2 1000 1000 0 10
0.166667 0.238849 0.040100 20 27 100 95 2 1000 1000 0 10
0.166667 0.218837 0.039858 20 27 100 91 2 1000 1000 0 10
0.166667 0.088939 0.033280 20 10 100 87 2 1000 1000 0 10
0.166667 0.134825 0.032780 20 15 100 110 2 1000 1000 0 10
0.166667 0.150602 0.033633 20 20 100 113 2 1000 1000 0 10
0.166667 0.185278 0.037613 20 22 100 97 2 1000 1000 0 10
0.166667 0.113820 0.031369 20 15 100 102 2 1000 1000 0 10
0.166667 0.183717 0.037819 20 21 100 97 2 1000 1000 0 10
0.166667 0.208160 0.039794 20 22 100 95 2 1000 1000 0 10
0.166667 0.156962 0.034085 20 21 100 115 2 1000 1000 0 10
0.166667 0.125542 0.034116 20 14 100 96 2 1000 1000 0 10
0.166667 0.182499 0.038453 20 20 100 95 2 1000 1000 0 10
0.166667 0.175248 0.037055 20 23 100 99 2 1000 1000 0 10
0.166667 0.157020 0.036934 20 21 100 96 2 1000 1000 0 10
0.166667 0.140638 0.036577 20 15 100 92 2 1000 1000 0 10
0.166667 0.145418 0.034778 20 20 100 105 2 1000 1000 0 10
0.166667 0.129694 0.032824 20 18 100 105 2 1000 1000 0 10
0.166667 0.173853 0.038572 20 20 100 90 2 1000 1000 0 10
0.166667 0.141113 0.033620 20 19 100 105 2 1000 1000 0 10
0.166667 0.195090 0.040324 20 21 100 94 2 1000 1000 0 10
0.166667 0.141510 0.034706 20 18 100 99 2 1000 1000 0 10
0.166667 0.097873 0.029356 20 12 100 114 2 1000 1000 0 10
0.166667 0.117000 0.033617 20 11 100 94 2 1000 1000 0 10
0.166667 0.157637 0.035685 20 19 100 99 2 1000 1000 0 10
0.166667 0.164926 0.038440 20 16 100 93 2 1000 1000 0 10
0.166667 0.138845 0.032276 20 17 100 112 2 1000 1000 0 10
0.166667 0.144850 0.033511 20 20 100 113 2 1000 1000 0 10
0.166667 0.154663 0.037663 20 16 100 87 2 1000 1000 0 10
0.166667 0.193057 0.035349 20 26 100 114 2 1000 1000 0 10
0.166667 0.153075 0.035192 20 20 100 102 2 1000 1000 0 10
0.166667 0.147865 0.033896 20 19 100 110 2 1000 1000 0 10
0.166667 0.144758 0.035992 20 18 100 101 2 1000 1000 0 10
0.166667 0.113109 0.030044 20 15 100 118 2 1000 1000 0 10
0.166667 0.193256 0.035579 20 30 100 106 2 1000 1000 0 10
0.166667 0.215917 0.041878 20 20 100 82 2 1000 1000 0 10
0.166667 0.120134 0.029910 20 19 100 126 2 1000 1000 0 10
0.166667 0.192177 0.039781 20 25 100 90 2 1000 1000 0 10
0.166667 0.121543 0.033832 20 16 100 105 2 1000 1000 0 10
0.166667 0.118206 0.030811 20 15 100 122 2 1000 1000 0 10
0.166667 0.210803 0.037857 20 25 100 104 2 1000 1000 0 10
0.166667 0.108190 0.028722 20 14 100 119 2 1000 1000 0 10
0.166667 0.220128 0.041799 20 23 100 84 2 1000 1000 0 10
0.166667 0.166894 0.038113 20 18 100 95 2 1000 1000 0 10
0.166667 0.111093 0.032384 20 16 100 107 2 1000 1000 0 10
0.166667 0.190713 0.038423 20 23 100 93 2 1000 1000 0 10
0.166667 0.107386 0.038047 20 10 100 74 2 1000 1000 0 10
0.166667 0.155918 0.036034 20 18 100 95 2 1000 1000 0 10
0.166667 0.195724 0.035718 20 26 100 112 2 1000 1000 0 10
0.166667 0.180110 0.036424 20 22 100 104 2 1000 1000 0 10
0.166667 0.163548 0.037415 20 19 100 94 2 1000 1000 0 10
0.166667 0.163638 0.037101 20 19 100 98 2 1000 1000 0 10
0.166667 0.171600 0.034961 20 26 100 108 2 1000 1000 0 10
0.166667 0.151438 0.037458 20 17 100 94 2 1000 1000 0 10
0.166667 0.142799 0.038477 20 13 100 87 2 1000 1000 0 10
0.166667 0.164226 0.036843 20 20 100 98 2 1000 1000 0 10
0.166667 0.122551 0.035819 20 16 100 96 2 1000 1000 0 10
0.166667 0.154989 0.036351 20 18 100 98 2 1000 1000 0 10
0.166667 0.176939 0.038144 20 23 100 96 2 1000 1000 0 10
0.166667 0.127539 0.035001 20 13 100 95 2 1000 1000 0 10
0.166667 0.166765 0.035066 20 23 100 112 2 1000 1000 0 10
0.166667 0.239122 0.042219 20 27 100 86 2 1000 1000 0 10
0.166667 0.124042 0.031937 20 15 100 112 2 1000 1000 0 10
0.166667 0.259369 0.040641 20 33 100 93 2 1000 1000 0 10
0.166667 0.157669 0.034211 20 21 100 108 2 1000 1000 0 10
0.166667 0.197020 0.038804 20 24 100 98 2 1000 1000 0 10
0.166667 0.176127 0.036563 20 20 100 102 2 1000 1000 0 10
0.166667 0.171945 0.040983 20 18 100 82 2 1000 1000 0 10
0.166667 0.137164 0.032482 20 18 100 111 2 1000 1000 0 10
0.166667 0.153580 0.035350 20 19 100 100 2 1000 1000 0 10
0.166667 0.192683 0.038511 20 21 100 96 2 1000 1000 0 10
0.166667 0.155963 0.037041 20 18 100 95 2 1000 1000 0 10
0.166667 0.182198 0.036494 20 24 100 102 2 1000 1000 0 10
0.166667 0.145303 0.035322 20 17 100 97 2 1000 1000 0 10
0.166667 0.187134 0.036903 20 25 100 98 2 1000 1000 0 10
0.166667 0.129409 0.032322 20 17 100 106 2 1000 1000 0 10
0.166667 0.147998 0.032204 20 18 100 117 2 1000 1000 0 10
0.166667 0.177832 0.039447 20 19 100 91 2 1000 1000 0 10
0.166667 0.184573 0.036466 20 25 100 106 2 1000 1000 0 10
0.166667 0.137437 0.036984 20 16 100 87 2 1000 1000 0 10
0.166667 0.136590 0.032553 20 19 100 105 2 1000 1000 0 10
0.166667 0.168234 0.035487 20 22 100 104 2 1000 1000 0 10
0.166667 0.175231 0.035690 20 26 100 103 2 1000 1000 0 10
0.166667 0.141195 0.034594 20 19 100 106 2 1000 1000 0 10
0.166667 0.147543 0.034620 20 18 100 100 2 1000 1000 0 10
0.166667 0.223072 0.040409 20 26 100 92 2 1000 1000 0 10
0.166667 0.201662 0.037118 20 25 100 106 2 1000 1000 0 10
0.166667 0.173816 0.038499 20 20 100 88 2 1000 1000 0 10
0.166667 0.156243 0.035984 20 20 100 95 2 1000 1000 0 10
0.166667 0.196230 0.041312 20 19 100 83 2 1000 1000 0 10
0.166667 0.208150 0.040451 20 25 100 90 2 1000 1000 0 10
0.166667 0.170391 0.037637 20 19 100 98 2 1000 1000 0 10
0.166667 0.158039 0.036944 20 17 100 96 2 1000 1000 0 10
0.166667 0.175378 0.038715 20 20 100 91 2 1000 1000 0 10
0.166667 0.209774 0.039106 20 25 100 93 2 1000 1000 0 10
0.166667 0.220521 0.036922 20 30 100 107 2 1000 1000 0 10
0.166667 0.131585 0.033232 20 14 100 107 2 1000 1000 0 10
0.166667 0.085117 0.029261 20 10 100 101 2 1000 1000 0 10
0.166667 0.152269 0.036964 20 15 100 95 2 1000 1000 0 10
0.166667 0.170279 0.035654 20 22 100 106 2 1000 1000 0 10
0.166667 0.166718 0.035361 20 22 100 101 2 1000 1000 0 10
0.166667 0.155370 0.035250 20 19 100 105 2 1000 1000 0 10
0.166667 0.108629 0.030218 20 14 100 112 2 1000 1000 0 10
0.166667 0.151103 0.035368 20 17 100 101 2 1000 1000 0 10
0.166667 0.171239 0.034525 20 22 100 110 2 1000 1000 0 10
0.166667 0.102300 0.031516 20 12 100 101 2 1000 1000 0 10
0.166667 0.169535 0.036360 20 20 100 106 2 1000 1000 0 10
0.166667 0.207439 0.039132 20 26 100 98 2 1000 1000 0 10
0.166667 0.165031 0.039013 20 15 100 92 2 1000 1000 0 10
0.166667 0.182313 0.040521 20 20 100 80 2 1000 1000 0 10
0.166667 0.147095 0.033412 20 21 100 110 2 1000 1000 0 10
0.166667 0.146924 0.038302 20 17 100 86 2 1000 1000 0 10
0.166667 0.196632 0.041053 20 21 100 88 2 1000 1000 0 10
0.166667 0.148356 0.033290 20 21 100 108 2 1000 1000 0 10
0.166667 0.172542 0.039138 20 20 100 91 2 1000 1000 0 10
0.166667 0.173578 0.038996 20 20 100 87 2 1000 1000 0 10
0.166667 0.198463 0.038511 20 25 100 99 2 1000 1000 0 10
0.166667 0.203340 0.039936 20 24 100 89 2 1000 1000 0 10
0.166667 0.190485 0.035490 20 26 100 108 2 1000 1000 0 10
0.166667 0.112325 0.028754 20 16 100 129 2 1000 1000 0 10
0.166667 0.216508 0.039849 20 23 100 101 2 1000 1000 0 10
0.166667 0.227124 0.039693 20 27 100 96 2 1000 1000 0 10
0.166667 0.199464 0.039297 20 20 100 94 2 1000 1000 0 10
0.166667 0.172701 0.035936 20 20 100 106 2 1000 1000 0 10
0.166667 0.157073 0.036262 20 19 100 97 2 1000 1000 0 10
0.166667 0.167168 0.036589 20 21 100 99 2 1000 1000 0 10
0.166667 0.116834 0.031506 20 14 100 105 2 1000 1000 0 10
0.166667 0.141892 0.032788 20 17 100 107 2 1000 1000 0 10
0.166667 0.178878 0.037737 20 19 100 99 2 1000 1000 0 10
0.166667 0.093840 0.030275 20 12 100 104 2 1000 1000 0 10
0.166667 0.151899 0.038470 20 15 100 95 2 1000 1000 0 10
0.166667 0.174401 0.035033 20 22 100 111 2 1000 1000 0 10
0.166667 0.132893 0.032341 20 18 100 108 2 1000 1000 0 10
0.166667 0.201529 0.039359 20 24 100 91 2 1000 1000 0 10
0.166667 0.185877 0.037709 20 23 100 98 2 1000 1000 0 10
0.166667 0.201096 0.041850 20 20 100 85 2 1000 1000 0 10
0.166667 0.179760 0.037588 20 23 100 99 2 1000 1000 0 10
0.166667 0.221332 0.037587 20 29 100 105 2 1000 1000 0 10
0.166667 0.133745 0.034693 20 17 100 96 2 1000 1000 0 10
0.166667 0.176823 0.037732 20 22 100 93 2 1000 1000 0 10
0.166667 0.179340 0.037946 20 21 100 96 2 1000 1000 0 10
0.166667 0.208289 0.036997 20 30 100 107 2 1000 1000 0 10
0.166667 0.171898 0.033911 20 22 100 115 2 1000 1000 0 10
0.166667 0.152227 0.042206 20 15 100 73 2 1000 1000 0 10
0.166667 0.193872 0.037926 20 22 100 99 2 1000 1000 0 10
0.166667 0.169150 0.040566 20 17 100 83 2 1000 1000 0 10
0.166667 0.202446 0.037900 20 25 100 102 2 1000 1000 0 10
0.166667 0.163999 0.037442 20 20 100 97 2 1000 1000 0 10
0.166667 0.172238 0.036276 20 19 100 99 2 1000 1000 0 10
0.166667 0.191480 0.041262 20 17 100 84 2 1000 1000 0 10
0.166667 0.122774 0.032442 20 17 100 106 2 1000 1000 0 10
0.166667 0.179514 0.035787 20 27 100 107 2 1000 1000 0 10
0.166667 0.137574 0.034431 20 17 100 108 2 1000 1000 0 10
0.166667 0.108821 0.030073 20 15 100 111 2 1000 1000 0 10
0.166667 0.244687 0.042399 20 26 100 87 2 1000 1000 0 10
0.166667 0.178744 0.038993 20 20 100 90 2 1000 1000 0 10
0.166667 0.134849 0.034722 20 14 100 97 2 1000 1000 0 10
0.166667 0.189243 0.039031 20 22 100 95 2 1000 1000 0 10
0.166667 0.247116 0.040735 20 27 100 94 2 1000 1000 0 10
0.166667 0.169613 0.035434 20 23 100 104 2 1000 1000 0 10
0.166667 0.157614 0.033114 20 19 100 115 2 1000 1000 0 10
0.166667 0.210437 0.038821 20 26 100 101 2 1000 1000 0 10
0.166667 0.233852 0.043180 20 24 100 82 2 1000 1000 0 10
0.166667 0.198292 0.037136 20 25 100 107 2 1000 1000 0 10
0.166667 0.204804 0.041188 20 23 100 84 2 1000 1000 0 10
0.166667 0.170152 0.038649 20 17 100 95 2 1000 1000 0 10
0.166667 0.179881 0.035546 20 24 100 113 2 1000 1000 0 10
0.166667 0.175489 0.039865 20 17 100 85 2 1000 1000 0 10
0.166667 0.183051 0.036531 20 23 100 105 2 1000 1000 0 10
0.166667 0.199957 0.042012 20 21 100 82 2 1000 1000 0 10
0.166667 0.198768 0.038543 20 24 100 98 2 1000 1000 0 10
0.166667 0.183599 0.036627 20 25 100 108 2 1000 1000 0 10
0.166667 0.115353 0.031306 20 15 100 108 2 1000 1000 0 10
0.166667 0.184763 0.036421 20 23 100 103 2 1000 1000 0 10
0.166667 0.131075 0.035156 20 17 100 96 2 1000 1000 0 10
0.166667 0.205641 0.037516 20 27 100 103 2 1000 1000 0 10
0.166667 0.189285 0.037523 20 22 100 98 2 1000 1000 0 10
0.166667 0.128786 0.033657 20 14 100 104 2 1000 1000 0 10
0.166667 0.167934 0.035837 20 23 100 112 2 1000 1000 0 10
0.166667 0.134421 0.035102 20 17 100 101 2 1000 1000 0 10
0.166667 0.195719 0.037929 20 23 100 100 2 1000 1000 0 10
0.166667 0.123167 0.034700 20 16 100 92 2 1000 1000 0 10
0.166667 0.176446 0.037190 20 20 100 93 2 1000 1000 0 10
0.166667 0.116202 0.030027 20 18 100 124 2 1000 1000 0 10
0.166667 0.158204 0.035445 20 18 100 108 2 1000 1000 0 10
0.166667 0.189532 0.037300 20 24 100 107 2 1000 1000 0 10
0.166667 0.103108 0.029423 20 14 100 111 2 1000 1000 0 10
0.166667 0.136445 0.032176 20 20 100 116 2 1000 1000 0 10
0.166667 0.193543 0.039150 20 24 100 94 2 1000 1000 0 10
0.166667 0.182639 0.037438 20 24 100 95 2 1000 1000 0 10
0.166667 0.171022 0.042360 20 18 100 75 2 1000 1000 0 10
0.166667 0.103121 0.028011 20 17 100 134 2 1000 1000 0 10
0.166667 0.099890 0.028109 20 16 100 126 2 1000 1000 0 10
0.166667 0.175666 0.035994 20 21 100 107 2 1000 1000 0 10
0.166667 0.191548 0.036152 20 25 100 108 2 1000 1000 0 10
0.166667 0.199665 0.039587 20 25 100 95 2 1000 1000 0 10
0.166667 0.167227 0.039220 20 17 100 86 2 1000 1000 0 10
0.166667 0.190240 0.036404 20 24 100 108 2 1000 1000 0 10
0.166667 0.178380 0.037549 20 24 100 92 2 1000 1000 0 10
0.166667 0.223367 0.042628 20 24 100 86 2 1000 1000 0 10
0.166667 0.209514 0.042270 20 23 100 83 2 1000 1000 0 10
0.166667 0.205125 0.040885 20 23 100 87 2 1000 1000 0 10
0.166667 0.167099 0.035642 20 19 100 103 2 1000 1000 0 10
0.166667 0.134204 0.034978 20 17 100 100 2 1000 1000 0 10
0.166667 0.138963 0.035703 20 15 100 93 2 1000 1000 0 10
0.166667 0.168741 0.037534 20 20 100 94 2 1000 1000 0 10
0.166667 0.204755 0.039949 20 24 100 88 2 1000 1000 0 10
0.166667 0.249748 0.042581 20 27 100 92 2 1000 1000 0 10
0.166667 0.177071 0.035007 20 21 100 112 2 1000 1000 0 10
0.166667 0.091045 0.029450 20 11 100 108 2 1000 1000 0 10
0.166667 0.091704 0.028377 20 14 100 120 2 1000 1000 0 10
0.166667 0.175915 0.036596 20 23 100 101 2 1000 1000 0 10
0.166667 0.132068 0.035616 20 14 100 92 2 1000 1000 0 10
0.166667 0.137728 0.035651 20 15 100 92 2 1000 1000 0 10
0.166667 0.158177 0.036757 20 17 100 96 2 1000 1000 0 10
0.166667 0.173491 0.039260 20 17 100 88 2 1000 1000 0 10
0.166667 0.205106 0.043460 20 22 100 76 2 1000 1000 0 10
0.166667 0.128734 0.034468 20 15 100 98 2 1000 1000 0 10
0.166667 0.203525 0.039224 20 23 100 96 2 1000 1000 0 10
0.166667 0.209878 0.040791 20 23 100 90 2 1000 1000 0 10
0.166667 0.103412 0.030916 20 16 100 103 2 1000 1000 0 10
0.166667 0.168488 0.033925 20 24 100 113 2 1000 1000 0 10
0.166667 0.133773 0.033726 20 17 100 102 2 1000 1000 0 10
0.166667 0.177699 0.037335 20 21 100 99 2 1000 1000 0 10
0.166667 0.154602 0.036434 20 17 100 101 2 1000 1000 0 10
0.166667 0.184811 0.039548 20 21 100 87 2 1000 1000 0 10
0.166667 0.134188 0.034886 20 15 100 104 2 1000 1000 0 10
0.166667 0.148295 0.032944 20 21 100 114 2 1000 1000 0 10
0.166667 0.154414 0.036850 20 17 100 98 2 1000 1000 0 10
0.166667 0.108874 0.034722 20 11 100 89 2 1000 1000 0 10
0.166667 0.150989 0.035378 20 17 100 102 2 1000 1000 0 10
0.166667 0.145254 0.036182 20 17 100 91 2 1000 1000 0 10
0.166667 0.193397 0.036461 20 27 100 105 2 1000 1000 0 10
0.166667 0.184117 0.035457 20 23 100 111 2 1000 1000 0 10
0.166667 0.130506 0.037543 20 13 100 85 2 1000 1000 0 10
0.166667 0.152579 0.037124 20 18 100 88 2 1000 1000 0 10
0.166667 0.167201 0.032821 20 24 100 121 2 1000 1000 0 10
0.166667 0.140246 0.034323 20 20 100 101 2 1000 1000 0 10
0.166667 0.174592 0.037480 20 19 100 96 2 1000 1000 0 10
0.166667 0.148059 0.032475 20 22 100 118 2 1000 1000 0 10
0.166667 0.115938 0.032435 20 15 100 106 2 1000 1000 0 10
0.166667 0.169495 0.034520 20 22 100 112 2 1000 1000 0 10
0.166667 0.155517 0.037151 20 19 100 94 2 1000 1000 0 10
0.166667 0.208375 0.038343 20 27 100 96 2 1000 1000 0 10
0.166667 0.132992 0.029527 20 21 100 134 2 1000 1000 0 10
0.166667 0.234047 0.043569 20 26 100 80 2 1000 1000 0 10
0.166667 0.181166 0.039745 20 18 100 90 2 1000 1000 0 10
0.166667 0.209875 0.038275 20 30 100 98 2 1000 1000 0 10
0.166667 0.192864 0.040947 20 22 100 84 2 1000 1000 0 10
0.166667 0.160411 0.037857 20 17 100 92 2 1000 1000 0 10
0.166667 0.180007 0.038002 20 20 100 92 2 1000 1000 0 10
0.166667 0.139631 0.033569 20 17 100 105 2 1000 1000 0 10
0.166667 0.172665 0.035577 20 21 100 107 2 1000 1000 0 10
0.166667 0.178078 0.039299 20 19 100 87 2 1000 1000 0 10
0.166667 0.137141 0.031030 20 19 100 123 2 1000 1000 0 10
0.166667 0.190042 0.037179 20 24 100 99 2 1000 1000 0 10
0.166667 0.202694 0.044994 20 16 100 73 2 1000 1000 0 10
0.166667 0.183916 0.038038 20 23 100 93 2 1000 1000 0 10
0.166667 0.182229 0.035528 20 24 100 111 2 1000 1000 0 10
0.166667 0.211443 0.040641 20 24 100 91 2 1000 1000 0 10
0.166667 0.125996 0.036425 20 13 100 82 2 1000 1000 0 10
0.166667 0.156570 0.033466 20 20 100 121 2 1000 1000 0 10
0.166667 0.147732 0.039077 20 14 100 82 2 1000 1000 0 10
0.166667 0.121537 0.029447 20 20 100 123 2 1000 1000 0 10
0.166667 0.149317 0.035266 20 17 100 106 2 1000 1000 0 10
0.166667 0.150551 0.038371 20 15 100 88 2 1000 1000 0 10
0.166667 0.189640 0.035944 20 22 100 110 2 1000 1000 0 10
0.166667 0.094492 0.032545 20 11 100 97 2 1000 1000 0 10
0.166667 0.187174 0.038306 20 21 100 93 2 1000 1000 0 10
0.166667 0.170810 0.034350 20 24 100 114 2 1000 1000 0 10
0.166667 0.161138 0.036821 20 20 100 97 2 1000 1000 0 10
0.166667 0.204251 0.040003 20 24 100 95 2 1000 1000 0 10
0.166667 0.218678 0.040750 20 24 100 91 2 1000 1000 0 10
0.166667 0.178821 0.034133 20 24 100 121 2 1000 1000 0 10
0.166667 0.165898 0.036553 20 18 100 98 2 1000 1000 0 10
0.166667 0.229374 0.041837 20 26 100 87 2 1000 1000 0 10
0.166667 0.157168 0.032299 20 21 100 129 2 1000 1000 0 10
0.166667 0.148285 0.033343 20 23 100 111 2 1000 1000 0 10
0.166667 0.192234 0.039417 20 22 100 91 2 1000 1000 0 10
0.166667 0.191331 0.039914 20 20 100 93 2 1000 1000 0 10
0.166667 0.302574 0.044758 20 32 100 82 2 1000 1000 0 10
0.166667 0.096759 0.031796 20 9 100 91 2 1000 1000 0 10
0.166667 0.220462 0.041069 20 24 100 91 2 1000 1000 0 10
0.166667 0.191503 0.037025 20 21 100 103 2 1000 1000 0 10
0.166667 0.134181 0.036407 20 13 100 93 2 1000 1000 0 10
0.166667 0.161311 0.035471 20 21 100 102 2 1000 1000 0 10
0.166667 0.215539 0.041599 20 24 100 83 2 1000 1000 0 10
0.166667 0.077693 0.032043 20 10 100 80 2 1000 1000 0 10
0.166667 0.218287 0.038527 20 25 100 106 2 1000 1000 0 10
0.166667 0.200131 0.039224 20 24 100 89 2 1000 1000 0 10
0.166667 0.132189 0.031606 20 20 100 114 2 1000 1000 0 10
0.166667 0.205630 0.039324 20 22 100 94 2 1000 1000 0 10
0.166667 0.163012 0.035132 20 21 100 113 2 1000 1000 0 10
0.166667 0.190312 0.038255 20 21 100 96 2 1000 1000 0 10
0.166667 0.217071 0.040360 20 26 100 91 2 1000 1000 0 10
0.166667 0.151642 0.033583 20 18 100 111 2 1000 1000 0 10
0.166667 0.152456 0.032232 20 24 100 120 2 1000 1000 0 10
0.166667 0.103866 0.032440 20 14 100 99 2 1000 1000 0 10
0.166667 0.160493 0.036029 20 24 100 102 2 1000 1000 0 10
0.166667 0.178672 0.036006 20 22 100 103 2 1000 1000 0 10
0.166667 0.100987 0.030827 20 13 100 98 2 1000 1000 0 10
0.166667 0.192018 0.037736 20 23 100 101 2 1000 1000 0 10
0.166667 0.144394 0.036033 20 14 100 93 2 1000 1000 0 10
0.166667 0.115143 0.031406 20 17 100 105 2 1000 1000 0 10
0.166667 0.163021 0.035428 20 22 100 105 2 1000 1000 0 10
0.166667 0.210372 0.038712 20 26 100 100 2 1000 1000 0 10
0.166667 0.152850 0.035227 20 19 100 97 2 1000 1000 0 10
0.166667 0.137208 0.033955 20 18 100 102 2 1000 1000 0 10
0.166667 0.187252 0.041464 20 17 100 83 2 1000 1000 0 10
0.166667 0.155650 0.035331 20 18 100 102 2 1000 1000 0 10
0.166667 0.196786 0.038113 20 26 100 96 2 1000 1000 0 10
0.166667 0.234934 0.040693 20 29 100 92 2 1000 1000 0 10
0.166667 0.180829 0.038260 20 22 100 94 2 1000 1000 0 10
0.166667 0.122583 0.029991 20 18 100 115 2 1000 1000 0 10
0.166667 0.206498 0.041212 20 22 100 89 2 1000 1000 0 10
0.166667 0.186749 0.038801 20 23 100 91 2 1000 1000 0 10
0.166667 0.209115 0.040309 20 22 100 92 2 1000 1000 0 10
0.166667 0.130777 0.032160 20 16 100 115 2 1000 1000 0 10
0.166667 0.143155 0.033586 20 20 100 110 2 1000 1000 0 10
0.166667 0.204823 0.039234 20 25 100 97 2 1000 1000 0 10
0.166667 0.225807 0.038229 20 31 100 99 2 1000 1000 0 10
0.166667 0.144854 0.033716 20 17 100 110 2 1000 1000 0 10
0.166667 0.221957 0.042195 20 25 100 87 2 1000 1000 0 10
0.166667 0.171387 0.034447 20 23 100 108 2 1000 1000 0 10
0.166667 0.134672 0.034623 20 15 100 95 2 1000 1000 0 10
0.166667 0.169601 0.035767 20 21 100 103 2 1000 1000 0 10
0.166667 0.154945 0.037133 20 17 100 96 2 1000 1000 0 10
0.166667 0.203012 0.036760 20 29 100 105 2 1000 1000 0 10
0.166667 0.169652 0.038366 20 19 100 89 2 1000 1000 0 10
0.166667 0.118356 0.036193 20 10 100 85 2 1000 1000 0 10
0.166667 0.151356 0.034048 20 20 100 104 2 1000 1000 0 10
0.166667 0.190308 0.035293 20 26 100 112 2 1000 1000 0 10
0.166667 0.117016 0.033534 20 12 100 94 2 1000 1000 0 10
0.166667 0.092467 0.031210 20 10 100 95 2 1000 1000 0 10
0.166667 0.180026 0.039516 20 17 100 94 2 1000 1000 0 10
0.166667 0.238887 0.038541 20 32 100 104 2 1000 1000 0 10
0.166667 0.134457 0.034184 20 18 100 98 2 1000 1000 0 10
0.166667 0.161865 0.034336 20 17 100 111 2 1000 1000 0 10
0.166667 0.159364 0.034832 20 18 100 109 2 1000 1000 0 10
0.166667 0.156661 0.038368 20 14 100 85 2 1000 1000 0 10
0.166667 0.204069 0.037303 20 27 100 100 2 1000 1000 0 10
0.166667 0.165584 0.038408 20 18 100 92 2 1000 1000 0 10
0.166667 0.175329 0.037073 20 22 100 98 2 1000 1000 0 10
0.166667 0.136288 0.034785 20 14 100 95 2 1000 1000 0 10
0.166667 0.193085 0.036715 20 26 100 102 2 1000 1000 0 10
0.166667 0.150344 0.033311 20 19 100 112 2 1000 1000 0 10
0.166667 0.186548 0.035196 20 24 100 118 2 1000 1000 0 10
0.166667 0.157607 0.035434 20 21 100 103 2 1000 1000 0 10
0.166667 0.194381 0.037682 20 24 100 99 2 1000 1000 0 10
0.166667 0.153154 0.034559 20 18 100 108 2 1000 1000 0 10
0.166667 0.119963 0.028842 20 19 100 126 2 1000 1000 0 10
0.166667 0.142933 0.032968 20 18 100 108 2 1000 1000 0 10
0.166667 0.192156 0.041597 20 19 100 84 2 1000 1000 0 10
0.166667 0.110699 0.030870 20 15 100 108 2 1000 1000 0 10
0.166667 0.213293 0.037790 20 27 100 106 2 1000 1000 0 10
0.166667 0.166547 0.040221 20 17 100 84 2 1000 1000 0 10
0.166667 0.160384 0.037666 20 20 100 89 2 1000 1000 0 10
0.166667 0.196848 0.045339 20 17 100 71 2 1000 1000 0 10
0.166667 0.114610 0.029827 20 16 100 112 2 1000 1000 0 10
0.166667 0.181937 0.037995 20 22 100 99 2 1000 1000 0 10
0.166667 0.166270 0.037688 20 20 100 95 2 1000 1000 0 10
0.166667 0.147530 0.037075 20 18 100 91 2 1000 1000 0 10
0.166667 0.152213 0.034640 20 19 100 98 2 1000 1000 0 10
0.166667 0.159330 0.036404 20 18 100 103 2 1000 1000 0 10
0.166667 0.169259 0.037329 20 20 100 99 2 1000 1000 0 10
0.166667 0.105407 0.031585 20 12 100 102 2 1000 1000 0 10
0.166667 0.127196 0.032056 20 18 100 107 2 1000 1000 0 10
0.166667 0.163127 0.036082 20 21 100 100 2 1000 1000 0 10
0.166667 0.105363 0.029893 20 13 100 118 2 1000 1000 0 10
0.166667 0.185331 0.038254 20 20 100 99 2 1000 1000 0 10
0.166667 0.237225 0.039674 20 29 100 95 2 1000 1000 0 10
0.166667 0.168806 0.033684 20 23 100 118 2 1000 1000 0 10
0.166667 0.134651 0.033266 20 18 100 104 2 1000 1000 0 10
0.166667 0.140419 0.037362 20 15 100 81 2 1000 1000 0 10
0.166667 0.184251 0.035898 20 23 100 109 2 1000 1000 0 10
0.166667 0.164772 0.036321 20 23 100 100 2 1000 1000 0 10
0.166667 0.144281 0.035659 20 14 100 94 2 1000 1000 0 10
0.166667 0.198709 0.039647 20 23 100 90 2 1000 1000 0 10
0.166667 0.139237 0.032348 20 21 100 117 2 1000 1000 0 10
0.166667 0.168754 0.036310 20 22 100 100 2 1000 1000 0 10
0.166667 0.159983 0.036570 20 21 100 97 2 1000 1000 0 10
0.166667 0.130417 0.035183 20 15 100 100 2 1000 1000 0 10
0.166667 0.162109 0.037023 20 21 100 99 2 1000 1000 0 10
0.166667 0.171560 0.035119 20 25 100 107 2 1000 1000 0 10
0.166667 0.172019 0.039239 20 19 100 91 2 1000 1000 0 10
0.166667 0.156070 0.035248 20 21 100 100 2 1000 1000 0 10
0.166667 0.180663 0.037686 20 21 100 99 2 1000 1000 0 10
0.166667 0.126834 0.032344 20 17 100 110 2 1000 1000 0 10
0.166667 0.186134 0.039155 20 19 100 93 2 1000 1000 0 10
0.166667 0.124467 0.030638 20 18 100 116 2 1000 1000 0 10
0.166667 0.116630 0.033781 20 16 100 97 2 1000 1000 0 10
0.166667 0.156618 0.037014 20 17 100 95 2 1000 1000 0 10
0.166667 0.200952 0.040947 20 20 100 90 2 1000 1000 0 10
0.166667 0.188043 0.038455 20 19 100 96 2 1000 1000 0 10
0.166667 0.158481 0.034558 20 22 100 110 2 1000 1000 0 10
0.166667 0.170884 0.034936 20 23 100 118 2 1000 1000 0 10
0.166667 0.160476 0.036306 20 20 100 95 2 1000 1000 0 10
0.166667 0.157511 0.036197 20 19 100 99 2 1000 1000 0 10
0.166667 0.165390 0.036001 20 20 100 103 2 1000 1000 0 10
0.166667 0.212572 0.037797 20 25 100 105 2 1000 1000 0 10
0.166667 0.152406 0.035144 20 19 100 104 2 1000 1000 0 10
0.166667 0.144854 0.035836 20 16 100 98 2 1000 1000 0 10
0.166667 0.136508 0.033565 20 17 100 111 2 1000 1000 0 10
0.166667 0.175423 0.034668 20 25 100 107 2 1000 1000 0 10
0.166667 0.209245 0.041456 20 20 100 89 2 1000 1000 0 10
0.166667 0.171862 0.036079 20 22 100 103 2 1000 1000 0 10
0.166667 0.209162 0.038052 20 29 100 103 2 1000 1000 0 10
0.166667 0.193307 0.040404 20 22 100 88 2 1000 1000 0 10
0.166667 0.132472 0.031694 20 22 100 115 2 1000 1000 0 10
0.166667 0.164843 0.032690 20 24 100 119 2 1000 1000 0 10
0.166667 0.179558 0.033425 20 26 100 121 2 1000 1000 0 10
0.166667 0.106256 0.031141 20 14 100 104 2 1000 1000 0 10
0.166667 0.227616 0.042151 20 24 100 84 2 1000 1000 0 10
0.166667 0.056772 0.024463 20 9 100 110 2 1000 1000 0 10
0.166667 0.093592 0.028372 20 13 100 114 2 1000 1000 0 10
0.166667 0.166932 0.032414 20 27 100 129 2 1000 1000 0 10
0.166667 0.143609 0.031551 20 19 100 121 2 1000 1000 0 10
0.166667 0.094998 0.029771 20 9 100 108 2 1000 1000 0 10
0.166667 0.186296 0.039424 20 19 100 90 2 1000 1000 0 10
0.166667 0.118018 0.031762 20 17 100 105 2 1000 1000 0 10
0.166667 0.144332 0.032590 20 18 100 116 2 1000 1000 0 10
0.166667 0.200035 0.041924 20 21 100 79 2 1000 1000 0 10
0.166667 0.107684 0.032032 20 13 100 97 2 1000 1000 0 10
0.166667 0.167692 0.036487 20 20 100 100 2 1000 1000 0 10
0.166667 0.174796 0.035985 20 21 100 106 2 1000 1000 0 10
0.166667 0.171590 0.035020 20 22 100 106 2 1000 1000 0 10
0.166667 0.176386 0.038055 20 18 100 101 2 1000 1000 0 10
0.166667 0.141203 0.032472 20 20 100 113 2 1000 1000 0 10
0.166667 0.182347 0.038470 20 20 100 93 2 1000 1000 0 10
0.166667 0.247581 0.041422 20 26 100 96 2 1000 1000 0 10
0.166667 0.175536 0.039759 20 17 100 84 2 1000 1000 0 10
0.166667 0.173602 0.044240 20 16 100 70 2 1000 1000 0 10
0.166667 0.207535 0.040698 20 25 100 86 2 1000 1000 0 10
0.166667 0.194773 0.041922 20 21 100 82 2 1000 1000 0 10
0.166667 0.147955 0.032966 20 20 100 109 2 1000 1000 0 10
0.166667 0.160261 0.035161 20 18 100 104 2 1000 1000 0 10
0.166667 0.166157 0.033892 20 23 100 115 2 1000 1000 0 10
0.166667 0.155265 0.033181 20 21 100 115 2 1000 1000 0 10
0.166667 0.145948 0.035559 20 17 100 100 2 1000 1000 0 10
0.166667 0.134992 0.032915 20 18 100 104 2 1000 1000 0 10
0.166667 0.121374 0.037930 20 10 100 82 2 1000 1000 0 10
0.166667 0.129501 0.031949 20 16 100 111 2 1000 1000 0 10
0.166667 0.137033 0.033834 20 16 100 107 2 1000 1000 0 10
0.166667 0.190826 0.038678 20 23 100 93 2 1000 1000 0 10
0.166667 0.164919 0.035570 20 21 100 107 2 1000 1000 0 10
0.166667 0.147647 0.034175 20 17 100 107 2 1000 1000 0 10
0.166667 0.142390 0.036417 20 15 100 87 2 1000 1000 0 10
0.166667 0.132088 0.032920 20 18 100 108 2 1000 1000 0 10
0.166667 0.159792 0.032999 20 22 100 112 2 1000 1000 0 10
0.166667 0.150391 0.036050 20 18 100 96 2 1000 1000 0 10
0.166667 0.188189 0.038813 20 20 100 93 2 1000 1000 0 10
0.166667 0.165147 0.035811 20 21 100 100 2 1000 1000 0 10
0.166667 0.136794 0.032467 20 20 100 111 2 1000 1000 0 10
0.166667 0.212089 0.041359 20 23 100 90 2 1000 1000 0 10
0.166667 0.229577 0.039964 20 29 100 95 2 1000 1000 0 10
0.166667 0.157256 0.036613 20 17 100 96 2 1000 1000 0 10
0.166667 0.142954 0.034980 20 17 100 101 2 1000 1000 0 10
0.166667 0.189033 0.037400 20 25 100 98 2 1000 1000 0 10
0.166667 0.199610 0.042843 20 17 100 86 2 1000 1000 0 10
0.166667 0.135229 0.031909 20 19 100 115 2 1000 1000 0 10
0.166667 0.169004 0.037158 20 18 100 97 2 1000 1000 0 10
0.166667 0.115255 0.032256 20 13 100 100 2 1000 1000 0 10
0.166667 0.127833 0.034286 20 15 100 96 2 1000 1000 0 10
0.166667 0.151838 0.032861 20 21 100 112 2 1000 1000 0 10
0.166667 0.221394 0.039074 20 29 100 96 2 1000 1000 0 10
0.166667 0.208549 0.041696 20 25 100 85 2 1000 1000 0 10
0.166667 0.140113 0.033825 20 16 100 102 2 1000 1000 0 10
0.166667 0.192728 0.043280 20 18 100 81 2 1000 1000 0 10
0.166667 0.188251 0.044475 20 19 100 73 2 1000 1000 0 10
0.166667 0.163349 0.038256 20 19 100 89 2 1000 1000 0 10
0.166667 0.121557 0.032952 20 14 100 104 2 1000 1000 0 10
0.166667 0.120930 0.032981 20 14 100 99 2 1000 1000 0 10
0.166667 0.149106 0.035570 20 17 100 100 2 1000 1000 0 10
0.166667 0.161989 0.037174 20 20 100 90 2 1000 1000 0 10
0.166667 0.141249 0.031536 20 22 100 113 2 1000 1000 0 10
0.166667 0.196240 0.037274 20 22 100 107 2 1000 1000 0 10
0.166667 0.204568 0.040935 20 21 100 87 2 1000 1000 0 10
0.166667 0.142632 0.036740 20 16 100 94 2 1000 1000 0 10
0.166667 0.136379 0.035435 20 15 100 97 2 1000 1000 0 10
0.166667 0.123267 0.032735 20 16 100 101 2 1000 1000 0 10
0.166667 0.159046 0.035571 20 19 100 106 2 1000 1000 0 10
0.166667 0.178997 0.036722 20 21 100 107 2 1000 1000 0 10
0.166667 0.141781 0.030234 20 22 100 132 2 1000 1000 0 10
0.166667 0.148895 0.034399 20 17 100 104 2 1000 1000 0 10
0.166667 0.203216 0.037394 20 28 100 102 2 1000 1000 0 10
0.166667 0.214128 0.040819 20 24 100 88 2 1000 1000 0 10
0.166667 0.149405 0.034999 20 17 100 100 2 1000 1000 0 10
0.166667 0.192580 0.037432 20 25 100 102 2 1000 1000 0 10
0.166667 0.184103 0.037053 20 25 100 99 2 1000 1000 0 10
0.166667 0.219069 0.040594 20 22 100 94 2 1000 1000 0 10
0.166667 0.182858 0.040992 20 20 100 83 2 1000 1000 0 10
0.166667 0.111994 0.032684 20 12 100 93 2 1000 1000 0 10
0.166667 0.169807 0.033042 20 27 100 121 2 1000 1000 0 10
0.166667 0.116094 0.033858 20 10 100 93 2 1000 1000 0 10
0.166667 0.138668 0.031991 20 18 100 114 2 1000 1000 0 10
0.166667 0.165179 0.037064 20 16 100 99 2 1000 1000 0 10
0.166667 0.221589 0.039919 20 24 100 96 2 1000 1000 0 10
0.166667 0.154653 0.036233 20 15 100 103 2 1000 1000 0 10
0.166667 0.142624 0.035432 20 17 100 98 2 1000 1000 0 10
0.166667 0.223810 0.039110 20 32 100 96 2 1000 1000 0 10
0.166667 0.162551 0.034628 20 21 100 107 2 1000 1000 0 10
0.166667 0.149601 0.035251 20 18 100 100 2 1000 1000 0 10
0.166667 0.199649 0.037298 20 26 100 102 2 1000 1000 0 10
0.166667 0.175556 0.035101 20 25 100 114 2 1000 1000 0 10
0.166667 0.230353 0.043452 20 23 100 79 2 1000 1000 0 10
0.166667 0.223584 0.042426 20 23 100 81 2 1000 1000 0 10
0.166667 0.123418 0.034988 20 14 100 93 2 1000 1000 0 10
0.166667 0.181926 0.035458 20 26 100 108 2 1000 1000 0 10
0.166667 0.190318 0.039706 20 20 100 90 2 1000 1000 0 10
0.166667 0.181217 0.035520 20 25 100 108 2 1000 1000 0 10
0.166667 0.193320 0.039428 20 20 100 94 2 1000 1000 0 10
0.166667 0.127739 0.035763 20 14 100 89 2 1000 1000 0 10
0.166667 0.129817 0.033351 20 17 100 104 2 1000 1000 0 10
0.166667 0.132265 0.032308 20 20 100 111 2 1000 1000 0 10
0.166667 0.121843 0.033240 20 14 100 103 2 1000 1000 0 10
0.166667 0.140802 0.032371 20 18 100 116 2 1000 1000 0 10
0.166667 0.208203 0.044127 20 19 100 79 2 1000 1000 0 10
0.166667 0.130446 0.034144 20 16 100 100 2 1000 1000 0 10
0.166667 0.145127 0.035454 20 18 100 96 2 1000 1000 0 10
0.166667 0.141461 0.035396 20 18 100 101 2 1000 1000 0 10
0.166667 0.205054 0.038756 20 22 100 101 2 1000 1000 0 10
0.166667 0.150456 0.036188 20 18 100 104 2 1000 1000 0 10
0.166667 0.236821 0.041850 20 25 100 89 2 1000 1000 0 10
0.166667 0.194676 0.038869 20 24 100 94 2 1000 1000 0 10
0.166667 0.207208 0.040074 20 21 100 97 2 1000 1000 0 10
0.166667 0.169729 0.039537 20 18 100 87 2 1000 1000 0 10
0.166667 0.129323 0.034149 20 15 100 100 2 1000 1000 0 10
0.166667 0.158902 0.037885 20 18 100 94 2 1000 1000 0 10
0.166667 0.192339 0.041708 20 19 100 85 2 1000 1000 0 10
0.166667 0.222198 0.041804 20 25 100 88 2 1000 1000 0 10
0.166667 0.153466 0.035581 20 20 100 101 2 1000 1000 0 10
0.166667 0.167408 0.038619 20 16 100 85 2 1000 1000 0 10
0.166667 0.168579 0.036367 20 20 100 98 2 1000 1000 0 10
0.166667 0.203941 0.038918 20 23 100 98 2 1000 1000 0 10
0.166667 0.191714 0.038901 20 23 100 93 2 1000 1000 0 10
0.166667 0.119214 0.030179 20 18 100 120 2 1000 1000 0 10
0.166667 0.185201 0.036519 20 24 100 102 2 1000 1000 0 10
0.166667 0.162515 0.034500 20 20 100 106 2 1000 1000 0 10
0.166667 0.196649 0.040089 20 21 100 92 2 1000 1000 0 10
0.166667 0.145402 0.035034 20 18 100 101 2 1000 1000 0 10
0.166667 0.232404 0.043916 20 23 100 77 2 1000 1000 0 10
0.166667 0.111322 0.031176 20 17 100 110 2 1000 1000 0 10
0.166667 0.138161 0.033626 20 19 100 101 2 1000 1000 0 10
0.166667 0.168526 0.035975 20 24 100 106 2 1000 1000 0 10
0.166667 0.198902 0.036458 20 24 100 107 2 1000 1000 0 10
0.166667 0.194231 0.042432 20 17 100 86 2 1000 1000 0 10
0.166667 0.159372 0.036118 20 20 100 104 2 1000 1000 0 10
0.166667 0.165305 0.036851 20 18 100 98 2 1000 1000 0 10
0.166667 0.198636 0.038744 20 24 100 96 2 1000 1000 0 10
0.166667 0.129742 0.032919 20 17 100 105 2 1000 1000 0 10
0.166667 0.250582 0.040891 20 29 100 99 2 1000 1000 0 10
0.166667 0.117310 0.030843 20 17 100 111 2 1000 1000 0 10
0.166667 0.109004 0.033438 20 12 100 87 2 1000 1000 0 10
0.166667 0.231821 0.039470 20 29 100 99 2 1000 1000 0 10
0.166667 0.192894 0.037357 20 25 100 102 2 1000 1000 0 10
