0.166667 0.171437 0.044014 20 26 100 116 1 1000 1000 0 5
0.166667 0.161998 0.044122 20 25 100 89 1 1000 1000 0 5
0.166667 0.210412 0.049274 20 23 100 92 1 1000 1000 0 5
0.166667 0.179253 0.048441 20 17 100 101 1 1000 1000 0 5
0.166667 0.104544 0.042090 20 13 100 110 1 1000 1000 0 5
0.166667 0.163586 0.043630 20 16 100 99 1 1000 1000 0 5
0.166667 0.139649 0.044114 20 17 100 103 1 1000 1000 0 5
0.166667 0.183777 0.040217 20 29 100 134 1 1000 1000 0 5
0.166667 0.202516 0.047303 20 23 100 99 1 1000 1000 0 5
0.166667 0.102557 0.042154 20 16 100 103 1 1000 1000 0 5
0.166667 0.185024 0.043017 20 27 100 107 1 1000 1000 0 5
0.166667 0.227813 0.048029 20 30 100 97 1 1000 1000 0 5
0.166667 0.267831 0.047427 20 31 100 112 1 1000 1000 0 5
0.166667 0.157453 0.045786 20 27 100 96 1 1000 1000 0 5
0.166667 0.167638 0.044650 20 21 100 102 1 1000 1000 0 5
0.166667 0.076458 0.037302 20 11 100 105 1 1000 1000 0 5
0.166667 0.171489 0.044835 20 19 100 98 1 1000 1000 0 5
0.166667 0.098502 0.043549 20 19 100 101 1 1000 1000 0 5
0.166667 0.221255 0.051316 20 18 100 94 1 1000 1000 0 5
0.166667 0.193275 0.048821 20 20 100 92 1 1000 1000 0 5
0.166667 0.135511 0.042834 20 17 100 115 1 1000 1000 0 5
0.166667 0.215974 0.052133 20 23 100 84 1 1000 1000 0 5
0.166667 0.154262 0.048752 20 18 100 83 1 1000 1000 0 5
0.166667 0.173713 0.049271 20 28 100 99 1 1000 1000 0 5
0.166667 0.154353 0.050062 20 20 100 82 1 1000 1000 0 5
0.166667 0.134395 0.044124 20 15 100 105 1 1000 1000 0 5
0.166667 0.081168 0.040795 20 13 100 93 1 1000 1000 0 5
0.166667 0.102558 0.041451 20 14 100 90 1 1000 1000 0 5
0.166667 0.181922 0.044299 20 22 100 113 1 1000 1000 0 5
0.166667 0.186993 0.045797 20 24 100 103 1 1000 1000 0 5
0.166667 0.153406 0.043867 20 17 100 98 1 1000 1000 0 5
0.166667 0.160699 0.045645 20 22 100 100 1 1000 1000 0 5
0.166667 0.182482 0.051226 20 26 100 90 1 1000 1000 0 5
0.166667 0.171804 0.048626 20 19 100 99 1 1000 1000 0 5
0.166667 0.144617 0.046438 20 20 100 97 1 1000 1000 0 5
0.166667 0.122121 0.043757 20 12 100 104 1 1000 1000 0 5
0.166667 0.122635 0.038743 20 19 100 130 1 1000 1000 0 5
0.166667 0.190149 0.047790 20 20 100 91 1 1000 1000 0 5
0.166667 0.239354 0.049303 20 26 100 90 1 1000 1000 0 5
0.166667 0.187040 0.052777 20 16 100 93 1 1000 1000 0 5
0.166667 0.119557 0.044123 20 19 100 86 1 1000 1000 0 5
0.166667 0.185375 0.045295 20 23 100 107 1 1000 1000 0 5
0.166667 0.152990 0.040888 20 22 100 130 1 1000 1000 0 5
0.166667 0.161592 0.043101 20 19 100 107 1 1000 1000 0 5
0.166667 0.187067 0.045558 20 23 100 112 1 1000 1000 0 5
0.166667 0.149675 0.046725 20 19 100 93 1 1000 1000 0 5
0.166667 0.162904 0.046865 20 20 100 106 1 1000 1000 0 5
0.166667 0.058079 0.038877 20 12 100 105 1 1000 1000 0 5
0.166667 0.109937 0.037979 20 18 100 120 1 1000 1000 0 5
0.166667 0.194499 0.046462 20 22 100 93 1 1000 1000 0 5
0.166667 0.261488 0.054094 20 20 100 89 1 1000 1000 0 5
0.166667 0.123318 0.045197 20 13 100 88 1 1000 1000 0 5
0.166667 0.164409 0.045162 20 18 100 107 1 1000 1000 0 5
0.166667 0.115526 0.040983 20 12 100 105 1 1000 1000 0 5
0.166667 0.122745 0.045963 20 19 100 93 1 1000 1000 0 5
0.166667 0.203959 0.052552 20 19 100 93 1 1000 1000 0 5
0.166667 0.163530 0.045633 20 14 100 104 1 1000 1000 0 5
0.166667 0.164698 0.047233 20 19 100 98 1 1000 1000 0 5
0.166667 0.262500 0.048334 20 29 100 100 1 1000 1000 0 5
0.166667 0.184308 0.047248 20 30 100 101 1 1000 1000 0 5
0.166667 0.169745 0.044499 20 22 100 100 1 1000 1000 0 5
0.166667 0.197807 0.048420 20 20 100 98 1 1000 1000 0 5
0.166667 0.147001 0.048062 20 12 100 98 1 1000 1000 0 5
0.166667 0.113451 0.037118 20 20 100 121 1 1000 1000 0 5
0.166667 0.216594 0.053075 20 23 100 88 1 1000 1000 0 5
0.166667 0.107337 0.043513 20 13 100 103 1 1000 1000 0 5
0.166667 0.132137 0.044470 20 13 100 108 1 1000 1000 0 5
0.166667 0.110001 0.044750 20 18 100 88 1 1000 1000 0 5
0.166667 0.195056 0.047137 20 20 100 99 1 1000 1000 0 5
0.166667 0.204012 0.047839 20 20 100 91 1 1000 1000 0 5
0.166667 0.140056 0.039474 20 20 100 108 1 1000 1000 0 5
0.166667 0.168441 0.045096 20 20 100 90 1 1000 1000 0 5
0.166667 0.134157 0.044811 20 18 100 91 1 1000 1000 0 5
0.166667 0.178740 0.046212 20 19 100 91 1 1000 1000 0 5
0.166667 0.152413 0.042992 20 22 100 113 1 1000 1000 0 5
0.166667 0.179121 0.049544 20 22 100 85 1 1000 1000 0 5
0.166667 0.044067 0.037362 20 11 100 103 1 1000 1000 0 5
0.166667 0.119399 0.038906 20 18 100 109 1 1000 1000 0 5
0.166667 0.156425 0.047972 20 19 100 89 1 1000 1000 0 5
0.166667 0.090370 0.039820 20 15 100 101 1 1000 1000 0 5
0.166667 0.093674 0.039259 20 12 100 104 1 1000 1000 0 5
0.166667 0.177138 0.047678 20 23 100 97 1 1000 1000 0 5
0.166667 0.179522 0.046091 20 23 100 98 1 1000 1000 0 5
0.166667 0.177348 0.050263 20 18 100 83 1 1000 1000 0 5
0.166667 0.126775 0.043547 20 18 100 100 1 1000 1000 0 5
0.166667 0.193584 0.047009 20 27 100 98 1 1000 1000 0 5
0.166667 0.204367 0.052874 20 17 100 85 1 1000 1000 0 5
0.166667 0.283905 0.046697 20 38 100 99 1 1000 1000 0 5
0.166667 0.183320 0.047140 20 26 100 107 1 1000 1000 0 5
0.166667 0.173340 0.046558 20 18 100 98 1 1000 1000 0 5
0.166667 0.152503 0.044978 20 20 100 96 1 1000 1000 0 5
0.166667 0.167254 0.043662 20 23 100 101 1 1000 1000 0 5
0.166667 0.153467 0.047574 20 14 100 86 1 1000 1000 0 5
0.166667 0.190231 0.052268 20 19 100 83 1 1000 1000 0 5
0.166667 0.158822 0.042108 20 11 100 114 1 1000 1000 0 5
0.166667 0.132313 0.043504 20 17 100 100 1 1000 1000 0 5
0.166667 0.196128 0.054653 20 19 100 86 1 1000 1000 0 5
0.166667 0.128832 0.043194 20 16 100 101 1 1000 1000 0 5
0.166667 0.267359 0.055570 20 23 100 73 1 1000 1000 0 5
0.166667 0.129236 0.042851 20 13 100 102 1 1000 1000 0 5
0.166667 0.082722 0.038454 20 10 100 121 1 1000 1000 0 5
0.166667 0.182043 0.044595 20 14 100 112 1 1000 1000 0 5
0.166667 0.198065 0.046288 20 21 100 97 1 1000 1000 0 5
0.166667 0.171662 0.048051 20 24 100 99 1 1000 1000 0 5
0.166667 0.247860 0.050052 20 29 100 89 1 1000 1000 0 5
0.166667 0.150871 0.044846 20 17 100 103 1 1000 1000 0 5
0.166667 0.059391 0.036077 20 12 100 103 1 1000 1000 0 5
0.166667 0.090134 0.041714 20 16 100 103 1 1000 1000 0 5
0.166667 0.209538 0.044116 20 26 100 113 1 1000 1000 0 5
0.166667 0.140008 0.045080 20 15 100 106 1 1000 1000 0 5
0.166667 0.145424 0.042379 20 19 100 120 1 1000 1000 0 5
0.166667 0.227124 0.051890 20 19 100 93 1 1000 1000 0 5
0.166667 0.166111 0.043696 20 19 100 107 1 1000 1000 0 5
0.166667 0.160121 0.045689 20 21 100 97 1 1000 1000 0 5
0.166667 0.100997 0.043596 20 19 100 87 1 1000 1000 0 5
0.166667 0.184524 0.047905 20 27 100 99 1 1000 1000 0 5
0.166667 0.187121 0.044025 20 24 100 106 1 1000 1000 0 5
0.166667 0.103883 0.040689 20 18 100 115 1 1000 1000 0 5
0.166667 0.183757 0.048791 20 24 100 92 1 1000 1000 0 5
0.166667 0.219414 0.044369 20 20 100 110 1 1000 1000 0 5
0.166667 0.191385 0.049436 20 19 100 86 1 1000 1000 0 5
0.166667 0.227646 0.045308 20 22 100 114 1 1000 1000 0 5
0.166667 0.111217 0.044039 20 15 100 105 1 1000 1000 0 5
0.166667 0.151787 0.042517 20 21 100 113 1 1000 1000 0 5
0.166667 0.141913 0.044499 20 11 100 98 1 1000 1000 0 5
0.166667 0.270500 0.050049 20 28 100 95 1 1000 1000 0 5
0.166667 0.175839 0.052640 20 14 100 84 1 1000 1000 0 5
0.166667 0.194477 0.047580 20 25 100 91 1 1000 1000 0 5
0.166667 0.091232 0.046410 20 11 100 98 1 1000 1000 0 5
0.166667 0.186525 0.049685 20 19 100 90 1 1000 1000 0 5
0.166667 0.177241 0.042487 20 27 100 118 1 1000 1000 0 5
0.166667 0.128111 0.045613 20 15 100 85 1 1000 1000 0 5
0.166667 0.227868 0.045595 20 26 100 100 1 1000 1000 0 5
0.166667 0.179603 0.046337 20 16 100 93 1 1000 1000 0 5
0.166667 0.259402 0.047762 20 23 100 104 1 1000 1000 0 5
0.166667 0.119744 0.042303 20 17 100 110 1 1000 1000 0 5
0.166667 0.192965 0.042520 20 24 100 113 1 1000 1000 0 5
0.166667 0.195260 0.050621 20 23 100 85 1 1000 1000 0 5
0.166667 0.141633 0.042092 20 19 100 98 1 1000 1000 0 5
0.166667 0.182961 0.055641 20 20 100 72 1 1000 1000 0 5
0.166667 0.154446 0.043776 20 26 100 101 1 1000 1000 0 5
0.166667 0.161568 0.043362 20 19 100 101 1 1000 1000 0 5
0.166667 0.198671 0.051503 20 11 100 83 1 1000 1000 0 5
0.166667 0.181645 0.052176 20 14 100 83 1 1000 1000 0 5
0.166667 0.282331 0.052568 20 24 100 95 1 1000 1000 0 5
0.166667 0.132670 0.040602 20 23 100 111 1 1000 1000 0 5
0.166667 0.066907 0.044434 20 12 100 90 1 1000 1000 0 5
0.166667 0.178431 0.048334 20 25 100 86 1 1000 1000 0 5
0.166667 0.228365 0.047783 20 23 100 98 1 1000 1000 0 5
0.166667 0.266514 0.049975 20 27 100 93 1 1000 1000 0 5
0.166667 0.133886 0.042756 20 21 100 109 1 1000 1000 0 5
0.166667 0.216127 0.049243 20 25 100 99 1 1000 1000 0 5
0.166667 0.103069 0.040676 20 13 100 100 1 1000 1000 0 5
0.166667 0.187145 0.047297 20 24 100 88 1 1000 1000 0 5
0.166667 0.159536 0.041512 20 21 100 107 1 1000 1000 0 5
0.166667 0.135262 0.041291 20 16 100 105 1 1000 1000 0 5
0.166667 0.192602 0.051406 20 20 100 94 1 1000 1000 0 5
0.166667 0.198274 0.046099 20 27 100 98 1 1000 1000 0 5
0.166667 0.280867 0.051228 20 21 100 98 1 1000 1000 0 5
0.166667 0.185956 0.049941 20 24 100 81 1 1000 1000 0 5
0.166667 0.183447 0.046181 20 19 100 92 1 1000 1000 0 5
0.166667 0.250364 0.051724 20 20 100 102 1 1000 1000 0 5
0.166667 0.247681 0.046451 20 25 100 103 1 1000 1000 0 5
0.166667 0.129507 0.044858 20 17 100 94 1 1000 1000 0 5
0.166667 0.175277 0.049538 20 14 100 83 1 1000 1000 0 5
0.166667 0.218269 0.050430 20 19 100 93 1 1000 1000 0 5
0.166667 0.093014 0.040751 20 11 100 90 1 1000 1000 0 5
0.166667 0.223225 0.044334 20 22 100 109 1 1000 1000 0 5
0.166667 0.167085 0.047218 20 20 100 91 1 1000 1000 0 5
0.166667 0.200311 0.046611 20 29 100 93 1 1000 1000 0 5
0.166667 0.134965 0.046878 20 21 100 95 1 1000 1000 0 5
0.166667 0.139170 0.043656 20 24 100 101 1 1000 1000 0 5
0.166667 0.190232 0.048282 20 24 100 84 1 1000 1000 0 5
0.166667 0.114901 0.051078 20 22 100 90 1 1000 1000 0 5
0.166667 0.123945 0.043056 20 13 100 96 1 1000 1000 0 5
0.166667 0.172382 0.048600 20 22 100 94 1 1000 1000 0 5
0.166667 0.194529 0.047785 20 25 100 88 1 1000 1000 0 5
0.166667 0.286552 0.047484 20 25 100 102 1 1000 1000 0 5
0.166667 0.187805 0.047847 20 15 100 101 1 1000 1000 0 5
0.166667 0.095255 0.043020 20 18 100 93 1 1000 1000 0 5
0.166667 0.178129 0.047981 20 25 100 95 1 1000 1000 0 5
0.166667 0.172445 0.049058 20 22 100 92 1 1000 1000 0 5
0.166667 0.177189 0.045262 20 20 100 100 1 1000 1000 0 5
0.166667 0.117951 0.045252 20 22 100 95 1 1000 1000 0 5
0.166667 0.141230 0.042181 20 18 100 108 1 1000 1000 0 5
0.166667 0.106391 0.039905 20 15 100 96 1 1000 1000 0 5
0.166667 0.143239 0.043847 20 18 100 108 1 1000 1000 0 5
0.166667 0.240684 0.053475 20 27 100 87 1 1000 1000 0 5
0.166667 0.190282 0.045145 20 26 100 96 1 1000 1000 0 5
0.166667 0.176985 0.041594 20 23 100 120 1 1000 1000 0 5
0.166667 0.215840 0.050052 20 25 100 94 1 1000 1000 0 5
0.166667 0.146643 0.043657 20 19 100 102 1 1000 1000 0 5
0.166667 0.228257 0.053302 20 19 100 82 1 1000 1000 0 5
0.166667 0.195384 0.044831 20 24 100 109 1 1000 1000 0 5
0.166667 0.213552 0.047293 20 24 100 99 1 1000 1000 0 5
0.166667 0.166076 0.047681 20 17 100 99 1 1000 1000 0 5
0.166667 0.150178 0.043340 20 25 100 103 1 1000 1000 0 5
0.166667 0.124767 0.041439 20 14 100 106 1 1000 1000 0 5
0.166667 0.111363 0.042589 20 16 100 91 1 1000 1000 0 5
0.166667 0.156214 0.043127 20 22 100 102 1 1000 1000 0 5
0.166667 0.188483 0.044714 20 22 100 98 1 1000 1000 0 5
0.166667 0.155259 0.046133 20 21 100 101 1 1000 1000 0 5
0.166667 0.171766 0.046415 20 16 100 96 1 1000 1000 0 5
0.166667 0.151918 0.046912 20 21 100 110 1 1000 1000 0 5
0.166667 0.169763 0.044076 20 18 100 94 1 1000 1000 0 5
0.166667 0.207738 0.047228 20 31 100 96 1 1000 1000 0 5
0.166667 0.191818 0.053332 20 20 100 77 1 1000 1000 0 5
0.166667 0.246936 0.045635 20 30 100 105 1 1000 1000 0 5
0.166667 0.187211 0.046317 20 19 100 107 1 1000 1000 0 5
0.166667 0.061576 0.037246 20 13 100 92 1 1000 1000 0 5
0.166667 0.200889 0.047069 20 26 100 103 1 1000 1000 0 5
0.166667 0.201494 0.046681 20 23 100 106 1 1000 1000 0 5
0.166667 0.163436 0.045303 20 23 100 98 1 1000 1000 0 5
0.166667 0.156495 0.044353 20 18 100 99 1 1000 1000 0 5
0.166667 0.150684 0.047878 20 25 100 104 1 1000 1000 0 5
0.166667 0.107420 0.041858 20 11 100 90 1 1000 1000 0 5
0.166667 0.172581 0.047774 20 17 100 97 1 1000 1000 0 5
0.166667 0.226056 0.051153 20 21 100 96 1 1000 1000 0 5
0.166667 0.204515 0.046989 20 27 100 105 1 1000 1000 0 5
0.166667 0.228458 0.055148 20 25 100 86 1 1000 1000 0 5
0.166667 0.110053 0.038636 20 13 100 116 1 1000 1000 0 5
0.166667 0.120227 0.041668 20 15 100 111 1 1000 1000 0 5
0.166667 0.221841 0.048179 20 20 100 104 1 1000 1000 0 5
0.166667 0.105827 0.040130 20 17 100 115 1 1000 1000 0 5
0.166667 0.205535 0.045574 20 23 100 114 1 1000 1000 0 5
0.166667 0.123170 0.045813 20 23 100 94 1 1000 1000 0 5
0.166667 0.183451 0.045438 20 17 100 106 1 1000 1000 0 5
0.166667 0.181030 0.044577 20 17 100 106 1 1000 1000 0 5
0.166667 0.138038 0.044630 20 19 100 97 1 1000 1000 0 5
0.166667 0.242983 0.047392 20 23 100 101 1 1000 1000 0 5
0.166667 0.196427 0.051420 20 20 100 84 1 1000 1000 0 5
0.166667 0.201264 0.045367 20 22 100 108 1 1000 1000 0 5
0.166667 0.215922 0.048229 20 18 100 94 1 1000 1000 0 5
0.166667 0.121087 0.042384 20 13 100 103 1 1000 1000 0 5
0.166667 0.273539 0.046045 20 25 100 111 1 1000 1000 0 5
0.166667 0.154056 0.048163 20 20 100 84 1 1000 1000 0 5
0.166667 0.109407 0.043226 20 16 100 113 1 1000 1000 0 5
0.166667 0.221920 0.046591 20 29 100 102 1 1000 1000 0 5
0.166667 0.199482 0.052665 20 15 100 83 1 1000 1000 0 5
0.166667 0.213836 0.049102 20 20 100 88 1 1000 1000 0 5
0.166667 0.174520 0.047257 20 18 100 94 1 1000 1000 0 5
0.166667 0.215279 0.044133 20 19 100 104 1 1000 1000 0 5
0.166667 0.175286 0.044960 20 21 100 96 1 1000 1000 0 5
0.166667 0.118969 0.040616 20 18 100 117 1 1000 1000 0 5
0.166667 0.123924 0.044353 20 18 100 90 1 1000 1000 0 5
0.166667 0.082760 0.040385 20 15 100 107 1 1000 1000 0 5
0.166667 0.209011 0.049125 20 26 100 94 1 1000 1000 0 5
0.166667 0.192509 0.042816 20 29 100 112 1 1000 1000 0 5
0.166667 0.167043 0.039131 20 20 100 114 1 1000 1000 0 5
0.166667 0.255992 0.051296 20 22 100 85 1 1000 1000 0 5
0.166667 0.268760 0.057477 20 25 100 85 1 1000 1000 0 5
0.166667 0.151002 0.043951 20 14 100 109 1 1000 1000 0 5
0.166667 0.181067 0.042570 20 25 100 118 1 1000 1000 0 5
0.166667 0.176820 0.048579 20 22 100 103 1 1000 1000 0 5
0.166667 0.189839 0.050456 20 21 100 85 1 1000 1000 0 5
0.166667 0.123623 0.041525 20 21 100 100 1 1000 1000 0 5
0.166667 0.130158 0.045362 20 19 100 96 1 1000 1000 0 5
0.166667 0.226759 0.047672 20 27 100 102 1 1000 1000 0 5
0.166667 0.059254 0.038729 20 9 100 109 1 1000 1000 0 5
0.166667 0.195031 0.040928 20 24 100 127 1 1000 1000 0 5
0.166667 0.189611 0.047271 20 24 100 100 1 1000 1000 0 5
0.166667 0.166053 0.053060 20 17 100 75 1 1000 1000 0 5
0.166667 0.163366 0.044271 20 24 100 103 1 1000 1000 0 5
0.166667 0.243958 0.051490 20 18 100 86 1 1000 1000 0 5
0.166667 0.234283 0.048782 20 15 100 109 1 1000 1000 0 5
0.166667 0.161118 0.048281 20 21 100 96 1 1000 1000 0 5
0.166667 0.290337 0.046791 20 38 100 107 1 1000 1000 0 5
0.166667 0.201110 0.052826 20 23 100 80 1 1000 1000 0 5
0.166667 0.185692 0.049752 20 21 100 97 1 1000 1000 0 5
0.166667 0.192041 0.048688 20 21 100 91 1 1000 1000 0 5
0.166667 0.168283 0.042664 20 23 100 110 1 1000 1000 0 5
0.166667 0.202418 0.046354 20 21 100 103 1 1000 1000 0 5
0.166667 0.270705 0.054129 20 20 100 78 1 1000 1000 0 5
0.166667 0.145176 0.042305 20 21 100 105 1 1000 1000 0 5
0.166667 0.194387 0.045620 20 22 100 115 1 1000 1000 0 5
0.166667 0.229339 0.051100 20 21 100 94 1 1000 1000 0 5
0.166667 0.152409 0.041980 20 19 100 120 1 1000 1000 0 5
0.166667 0.177392 0.043395 20 26 100 112 1 1000 1000 0 5
0.166667 0.139772 0.042857 20 20 100 104 1 1000 1000 0 5
0.166667 0.175759 0.042025 20 26 100 107 1 1000 1000 0 5
0.166667 0.090589 0.034978 20 21 100 132 1 1000 1000 0 5
0.166667 0.232962 0.053355 20 22 100 83 1 1000 1000 0 5
0.166667 0.313376 0.056333 20 21 100 82 1 1000 1000 0 5
0.166667 0.250622 0.049447 20 24 100 105 1 1000 1000 0 5
0.166667 0.188499 0.048642 20 20 100 96 1 1000 1000 0 5
0.166667 0.128104 0.042021 20 15 100 97 1 1000 1000 0 5
0.166667 0.168508 0.046528 20 15 100 107 1 1000 1000 0 5
0.166667 0.096713 0.042451 20 16 100 102 1 1000 1000 0 5
0.166667 0.106258 0.036790 20 21 100 110 1 1000 1000 0 5
0.166667 0.141223 0.043456 20 18 100 106 1 1000 1000 0 5
0.166667 0.154471 0.045351 20 17 100 110 1 1000 1000 0 5
0.166667 0.130204 0.047101 20 19 100 91 1 1000 1000 0 5
0.166667 0.134570 0.042256 20 19 100 109 1 1000 1000 0 5
0.166667 0.217883 0.047398 20 25 100 92 1 1000 1000 0 5
0.166667 0.173836 0.044281 20 22 100 105 1 1000 1000 0 5
0.166667 0.247445 0.050767 20 30 100 94 1 1000 1000 0 5
0.166667 0.175229 0.045069 20 21 100 101 1 1000 1000 0 5
0.166667 0.218010 0.052963 20 21 100 82 1 1000 1000 0 5
0.166667 0.159134 0.053005 20 20 100 85 1 1000 1000 0 5
0.166667 0.138691 0.037600 20 22 100 125 1 1000 1000 0 5
0.166667 0.208696 0.043154 20 25 100 114 1 1000 1000 0 5
0.166667 0.183509 0.043181 20 28 100 114 1 1000 1000 0 5
0.166667 0.270101 0.056245 20 29 100 77 1 1000 1000 0 5
0.166667 0.241993 0.047967 20 36 100 101 1 1000 1000 0 5
0.166667 0.189123 0.046423 20 24 100 100 1 1000 1000 0 5
0.166667 0.154889 0.044205 20 20 100 102 1 1000 1000 0 5
0.166667 0.150632 0.046406 20 16 100 101 1 1000 1000 0 5
0.166667 0.207476 0.044856 20 25 100 111 1 1000 1000 0 5
0.166667 0.155705 0.043278 20 18 100 109 1 1000 1000 0 5
0.166667 0.284942 0.052971 20 30 100 84 1 1000 1000 0 5
0.166667 0.154650 0.044309 20 20 100 106 1 1000 1000 0 5
0.166667 0.190027 0.045706 20 18 100 105 1 1000 1000 0 5
0.166667 0.132240 0.043469 20 17 100 95 1 1000 1000 0 5
0.166667 0.161837 0.048541 20 19 100 94 1 1000 1000 0 5
0.166667 0.157202 0.045267 20 25 100 95 1 1000 1000 0 5
0.166667 0.181186 0.046484 20 19 100 95 1 1000 1000 0 5
0.166667 0.170812 0.044327 20 15 100 108 1 1000 1000 0 5
0.166667 0.132546 0.041607 20 20 100 111 1 1000 1000 0 5
0.166667 0.148740 0.048006 20 17 100 90 1 1000 1000 0 5
0.166667 0.131741 0.042158 20 19 100 109 1 1000 1000 0 5
0.166667 0.170425 0.046691 20 15 100 95 1 1000 1000 0 5
0.166667 0.224452 0.047455 20 20 100 101 1 1000 1000 0 5
0.166667 0.074892 0.038109 20 18 100 111 1 1000 1000 0 5
0.166667 0.206512 0.044093 20 20 100 117 1 1000 1000 0 5
0.166667 0.196868 0.047088 20 23 100 107 1 1000 1000 0 5
0.166667 0.211072 0.050597 20 24 100 88 1 1000 1000 0 5
0.166667 0.172122 0.043883 20 28 100 102 1 1000 1000 0 5
0.166667 0.172876 0.049217 20 16 100 83 1 1000 1000 0 5
0.166667 0.177072 0.046597 20 18 100 115 1 1000 1000 0 5
0.166667 0.112659 0.038750 20 22 100 122 1 1000 1000 0 5
0.166667 0.094674 0.042628 20 16 100 104 1 1000 1000 0 5
0.166667 0.253726 0.052889 20 28 100 90 1 1000 1000 0 5
0.166667 0.121319 0.045849 20 18 100 95 1 1000 1000 0 5
0.166667 0.183664 0.044444 20 18 100 105 1 1000 1000 0 5
0.166667 0.162115 0.048044 20 21 100 86 1 1000 1000 0 5
0.166667 0.110371 0.040359 20 19 100 99 1 1000 1000 0 5
0.166667 0.194252 0.043526 20 27 100 111 1 1000 1000 0 5
0.166667 0.200915 0.046273 20 18 100 99 1 1000 1000 0 5
0.166667 0.164409 0.048642 20 16 100 92 1 1000 1000 0 5
0.166667 0.162443 0.042757 20 18 100 104 1 1000 1000 0 5
0.166667 0.183681 0.050386 20 26 100 90 1 1000 1000 0 5
0.166667 0.231676 0.043509 20 23 100 120 1 1000 1000 0 5
0.166667 0.131061 0.045753 20 12 100 103 1 1000 1000 0 5
0.166667 0.125883 0.041900 20 23 100 111 1 1000 1000 0 5
0.166667 0.313627 0.052225 20 34 100 91 1 1000 1000 0 5
0.166667 0.243379 0.048943 20 21 100 106 1 1000 1000 0 5
0.166667 0.256156 0.047109 20 22 100 101 1 1000 1000 0 5
0.166667 0.240692 0.048261 20 33 100 88 1 1000 1000 0 5
0.166667 0.226031 0.051479 20 24 100 88 1 1000 1000 0 5
0.166667 0.122269 0.040413 20 20 100 116 1 1000 1000 0 5
0.166667 0.132428 0.038367 20 14 100 119 1 1000 1000 0 5
0.166667 0.108851 0.045109 20 12 100 94 1 1000 1000 0 5
0.166667 0.132736 0.040262 20 21 100 105 1 1000 1000 0 5
0.166667 0.150316 0.041687 20 15 100 104 1 1000 1000 0 5
0.166667 0.196011 0.051636 20 24 100 88 1 1000 1000 0 5
0.166667 0.150909 0.043718 20 21 100 105 1 1000 1000 0 5
0.166667 0.284332 0.049683 20 28 100 101 1 1000 1000 0 5
0.166667 0.226037 0.048379 20 24 100 107 1 1000 1000 0 5
0.166667 0.163617 0.046871 20 21 100 91 1 1000 1000 0 5
0.166667 0.180724 0.046609 20 20 100 101 1 1000 1000 0 5
0.166667 0.188533 0.048048 20 20 100 97 1 1000 1000 0 5
0.166667 0.186925 0.048214 20 18 100 95 1 1000 1000 0 5
0.166667 0.282907 0.046931 20 31 100 102 1 1000 1000 0 5
0.166667 0.106512 0.037529 20 12 100 122 1 1000 1000 0 5
0.166667 0.120632 0.051015 20 18 100 84 1 1000 1000 0 5
0.166667 0.178949 0.047670 20 17 100 107 1 1000 1000 0 5
0.166667 0.150655 0.050152 20 16 100 82 1 1000 1000 0 5
0.166667 0.168808 0.043121 20 22 100 125 1 1000 1000 0 5
0.166667 0.204979 0.047232 20 25 100 103 1 1000 1000 0 5
0.166667 0.018716 0.036305 20 11 100 99 1 1000 1000 0 5
0.166667 0.118725 0.042562 20 15 100 107 1 1000 1000 0 5
0.166667 0.207962 0.050689 20 20 100 86 1 1000 1000 0 5
0.166667 0.129415 0.042644 20 22 100 113 1 1000 1000 0 5
0.166667 0.210392 0.047457 20 26 100 103 1 1000 1000 0 5
0.166667 0.151272 0.041487 20 23 100 110 1 1000 1000 0 5
0.166667 0.282624 0.051891 20 25 100 88 1 1000 1000 0 5
0.166667 0.120025 0.039028 20 20 100 121 1 1000 1000 0 5
0.166667 0.166258 0.047759 20 18 100 90 1 1000 1000 0 5
0.166667 0.233514 0.044451 20 29 100 108 1 1000 1000 0 5
0.166667 0.184031 0.046834 20 20 100 98 1 1000 1000 0 5
0.166667 0.253242 0.047284 20 26 100 107 1 1000 1000 0 5
0.166667 0.146763 0.044187 20 17 100 97 1 1000 1000 0 5
0.166667 0.235662 0.050125 20 24 100 96 1 1000 1000 0 5
0.166667 0.167183 0.046119 20 21 100 89 1 1000 1000 0 5
0.166667 0.158755 0.046710 20 26 100 95 1 1000 1000 0 5
0.166667 0.100568 0.045410 20 16 100 96 1 1000 1000 0 5
0.166667 0.088674 0.040372 20 15 100 94 1 1000 1000 0 5
0.166667 0.248639 0.047962 20 23 100 104 1 1000 1000 0 5
0.166667 0.193727 0.046599 20 27 100 96 1 1000 1000 0 5
0.166667 0.189947 0.041651 20 24 100 120 1 1000 1000 0 5
0.166667 0.202064 0.047649 20 17 100 94 1 1000 1000 0 5
0.166667 0.159594 0.052050 20 15 100 80 1 1000 1000 0 5
0.166667 0.168973 0.048393 20 19 100 88 1 1000 1000 0 5
0.166667 0.154769 0.043724 20 24 100 106 1 1000 1000 0 5
0.166667 0.134407 0.046899 20 12 100 89 1 1000 1000 0 5
0.166667 0.056450 0.031219 20 12 100 117 1 1000 1000 0 5
0.166667 0.142696 0.046835 20 17 100 92 1 1000 1000 0 5
0.166667 0.118159 0.046066 20 16 100 105 1 1000 1000 0 5
0.166667 0.290173 0.051691 20 23 100 91 1 1000 1000 0 5
0.166667 0.141825 0.047676 20 16 100 93 1 1000 1000 0 5
0.166667 0.079458 0.039630 20 11 100 118 1 1000 1000 0 5
0.166667 0.117084 0.040030 20 20 100 107 1 1000 1000 0 5
0.166667 0.147006 0.047084 20 21 100 96 1 1000 1000 0 5
0.166667 0.223143 0.049818 20 20 100 106 1 1000 1000 0 5
0.166667 0.267079 0.054279 20 22 100 85 1 1000 1000 0 5
0.166667 0.159404 0.043320 20 19 100 116 1 1000 1000 0 5
0.166667 0.219136 0.047287 20 21 100 98 1 1000 1000 0 5
0.166667 0.104539 0.046784 20 17 100 92 1 1000 1000 0 5
0.166667 0.237916 0.048059 20 22 100 104 1 1000 1000 0 5
0.166667 0.133614 0.043353 20 17 100 101 1 1000 1000 0 5
0.166667 0.055565 0.034380 20 13 100 104 1 1000 1000 0 5
0.166667 0.130766 0.047644 20 12 100 103 1 1000 1000 0 5
0.166667 0.258075 0.047453 20 28 100 106 1 1000 1000 0 5
0.166667 0.231140 0.046198 20 32 100 112 1 1000 1000 0 5
0.166667 0.200466 0.048235 20 24 100 110 1 1000 1000 0 5
0.166667 0.251408 0.053585 20 23 100 83 1 1000 1000 0 5
0.166667 0.076826 0.039696 20 9 100 99 1 1000 1000 0 5
0.166667 0.120042 0.039132 20 17 100 107 1 1000 1000 0 5
0.166667 0.131592 0.043558 20 16 100 99 1 1000 1000 0 5
0.166667 0.254967 0.051776 20 21 100 93 1 1000 1000 0 5
0.166667 0.219718 0.046776 20 25 100 105 1 1000 1000 0 5
0.166667 0.131973 0.040490 20 19 100 112 1 1000 1000 0 5
0.166667 0.140302 0.046257 20 17 100 88 1 1000 1000 0 5
0.166667 0.127760 0.039786 20 16 100 117 1 1000 1000 0 5
0.166667 0.088971 0.039223 20 14 100 117 1 1000 1000 0 5
0.166667 0.162160 0.048219 20 21 100 105 1 1000 1000 0 5
0.166667 0.149762 0.042631 20 15 100 109 1 1000 1000 0 5
0.166667 0.222452 0.051703 20 28 100 88 1 1000 1000 0 5
0.166667 0.234109 0.050818 20 20 100 87 1 1000 1000 0 5
0.166667 0.144127 0.041161 20 22 100 129 1 1000 1000 0 5
0.166667 0.140944 0.042659 20 20 100 105 1 1000 1000 0 5
0.166667 0.165425 0.047393 20 19 100 95 1 1000 1000 0 5
0.166667 0.196552 0.044431 20 27 100 111 1 1000 1000 0 5
0.166667 0.301013 0.050002 20 23 100 105 1 1000 1000 0 5
0.166667 0.114275 0.040413 20 19 100 104 1 1000 1000 0 5
0.166667 0.149627 0.044998 20 14 100 99 1 1000 1000 0 5
0.166667 0.280748 0.052078 20 31 100 89 1 1000 1000 0 5
0.166667 0.235913 0.044590 20 28 100 110 1 1000 1000 0 5
0.166667 0.138524 0.042286 20 19 100 100 1 1000 1000 0 5
0.166667 0.151238 0.046626 20 16 100 92 1 1000 1000 0 5
0.166667 0.218419 0.045418 20 27 100 116 1 1000 1000 0 5
0.166667 0.137140 0.044052 20 17 100 101 1 1000 1000 0 5
0.166667 0.221552 0.046547 20 23 100 104 1 1000 1000 0 5
0.166667 0.079940 0.040509 20 16 100 101 1 1000 1000 0 5
0.166667 0.130625 0.050279 20 15 100 85 1 1000 1000 0 5
0.166667 0.092043 0.041358 20 22 100 107 1 1000 1000 0 5
0.166667 0.249840 0.050561 20 20 100 87 1 1000 1000 0 5
0.166667 0.179151 0.045338 20 25 100 100 1 1000 1000 0 5
0.166667 0.227066 0.046985 20 16 100 107 1 1000 1000 0 5
0.166667 0.203198 0.048626 20 23 100 92 1 1000 1000 0 5
0.166667 0.186720 0.048822 20 25 100 85 1 1000 1000 0 5
0.166667 0.139868 0.045189 20 21 100 107 1 1000 1000 0 5
0.166667 0.159411 0.045795 20 16 100 92 1 1000 1000 0 5
0.166667 0.144284 0.047933 20 16 100 89 1 1000 1000 0 5
0.166667 0.183691 0.046138 20 26 100 105 1 1000 1000 0 5
0.166667 0.141208 0.045558 20 19 100 95 1 1000 1000 0 5
0.166667 0.135025 0.040443 20 23 100 101 1 1000 1000 0 5
0.166667 0.178765 0.047866 20 21 100 93 1 1000 1000 0 5
0.166667 0.251489 0.048425 20 28 100 95 1 1000 1000 0 5
0.166667 0.199941 0.048806 20 18 100 100 1 1000 1000 0 5
0.166667 0.165077 0.047429 20 14 100 91 1 1000 1000 0 5
0.166667 0.148307 0.042946 20 16 100 110 1 1000 1000 0 5
0.166667 0.228117 0.051642 20 23 100 90 1 1000 1000 0 5
0.166667 0.062662 0.046262 20 11 100 87 1 1000 1000 0 5
0.166667 0.126564 0.041797 20 12 100 105 1 1000 1000 0 5
0.166667 0.149018 0.047263 20 16 100 98 1 1000 1000 0 5
0.166667 0.136328 0.043910 20 17 100 98 1 1000 1000 0 5
0.166667 0.164856 0.042915 20 25 100 92 1 1000 1000 0 5
0.166667 0.132843 0.041747 20 22 100 105 1 1000 1000 0 5
0.166667 0.196957 0.049887 20 20 100 93 1 1000 1000 0 5
0.166667 0.231959 0.052515 20 25 100 85 1 1000 1000 0 5
0.166667 0.058827 0.039380 20 8 100 87 1 1000 1000 0 5
0.166667 0.222862 0.053058 20 19 100 92 1 1000 1000 0 5
0.166667 0.140922 0.040424 20 18 100 118 1 1000 1000 0 5
0.166667 0.140219 0.042337 20 17 100 112 1 1000 1000 0 5
0.166667 0.125415 0.040644 20 17 100 97 1 1000 1000 0 5
0.166667 0.181010 0.052780 20 18 100 86 1 1000 1000 0 5
0.166667 0.217338 0.046952 20 23 100 101 1 1000 1000 0 5
0.166667 0.145203 0.043359 20 19 100 106 1 1000 1000 0 5
0.166667 0.145373 0.045517 20 17 100 96 1 1000 1000 0 5
0.166667 0.207193 0.046271 20 16 100 106 1 1000 1000 0 5
0.166667 0.166658 0.042349 20 18 100 109 1 1000 1000 0 5
0.166667 0.171890 0.044288 20 21 100 102 1 1000 1000 0 5
0.166667 0.326607 0.060577 20 25 100 70 1 1000 1000 0 5
0.166667 0.201289 0.046121 20 22 100 99 1 1000 1000 0 5
0.166667 0.168373 0.045590 20 19 100 102 1 1000 1000 0 5
0.166667 0.161617 0.046951 20 25 100 102 1 1000 1000 0 5
0.166667 0.094182 0.039711 20 18 100 100 1 1000 1000 0 5
0.166667 0.165170 0.042351 20 24 100 113 1 1000 1000 0 5
0.166667 0.150603 0.046472 20 15 100 87 1 1000 1000 0 5
0.166667 0.197757 0.050037 20 18 100 93 1 1000 1000 0 5
0.166667 0.176735 0.045782 20 24 100 103 1 1000 1000 0 5
0.166667 0.201523 0.043985 20 18 100 106 1 1000 1000 0 5
0.166667 0.194037 0.046093 20 24 100 99 1 1000 1000 0 5
0.166667 0.113811 0.042337 20 18 100 107 1 1000 1000 0 5
0.166667 0.185602 0.049723 20 18 100 89 1 1000 1000 0 5
0.166667 0.308023 0.055347 20 24 100 84 1 1000 1000 0 5
0.166667 0.233703 0.048248 20 21 100 98 1 1000 1000 0 5
0.166667 0.244763 0.053868 20 21 100 87 1 1000 1000 0 5
0.166667 0.159837 0.044643 20 21 100 101 1 1000 1000 0 5
0.166667 0.123935 0.044406 20 17 100 98 1 1000 1000 0 5
0.166667 0.202250 0.048572 20 20 100 91 1 1000 1000 0 5
0.166667 0.257838 0.047166 20 24 100 117 1 1000 1000 0 5
0.166667 0.191340 0.044028 20 19 100 116 1 1000 1000 0 5
0.166667 0.200431 0.049740 20 24 100 94 1 1000 1000 0 5
0.166667 0.091722 0.037167 20 15 100 110 1 1000 1000 0 5
0.166667 0.252824 0.050526 20 28 100 82 1 1000 1000 0 5
0.166667 0.074392 0.039394 20 14 100 109 1 1000 1000 0 5
0.166667 0.175628 0.050714 20 18 100 79 1 1000 1000 0 5
0.166667 0.166090 0.045090 20 24 100 99 1 1000 1000 0 5
0.166667 0.152515 0.040870 20 21 100 120 1 1000 1000 0 5
0.166667 0.236368 0.048351 20 26 100 95 1 1000 1000 0 5
0.166667 0.167884 0.044215 20 15 100 101 1 1000 1000 0 5
0.166667 0.206440 0.045264 20 22 100 107 1 1000 1000 0 5
0.166667 0.185833 0.044213 20 20 100 107 1 1000 1000 0 5
0.166667 0.191241 0.044178 20 21 100 108 1 1000 1000 0 5
0.166667 0.167965 0.050770 20 21 100 89 1 1000 1000 0 5
0.166667 0.142328 0.041523 20 13 100 116 1 1000 1000 0 5
0.166667 0.151642 0.039252 20 16 100 117 1 1000 1000 0 5
0.166667 0.158053 0.044327 20 19 100 98 1 1000 1000 0 5
0.166667 0.143151 0.046109 20 18 100 102 1 1000 1000 0 5
0.166667 0.150163 0.045658 20 20 100 103 1 1000 1000 0 5
0.166667 0.287825 0.050308 20 34 100 93 1 1000 1000 0 5
0.166667 0.157248 0.042945 20 15 100 110 1 1000 1000 0 5
0.166667 0.164659 0.047727 20 17 100 94 1 1000 1000 0 5
0.166667 0.162379 0.046339 20 20 100 88 1 1000 1000 0 5
0.166667 0.139450 0.045823 20 16 100 96 1 1000 1000 0 5
0.166667 0.213531 0.048860 20 23 100 92 1 1000 1000 0 5
0.166667 0.168934 0.051578 20 18 100 86 1 1000 1000 0 5
0.166667 0.152821 0.048630 20 13 100 90 1 1000 1000 0 5
0.166667 0.203034 0.046009 20 24 100 107 1 1000 1000 0 5
0.166667 0.220636 0.046626 20 21 100 99 1 1000 1000 0 5
0.166667 0.201923 0.047695 20 16 100 96 1 1000 1000 0 5
0.166667 0.095725 0.039639 20 16 100 120 1 1000 1000 0 5
0.166667 0.179644 0.043603 20 17 100 113 1 1000 1000 0 5
0.166667 0.127023 0.043706 20 18 100 101 1 1000 1000 0 5
0.166667 0.100365 0.049268 20 15 100 84 1 1000 1000 0 5
0.166667 0.190366 0.046511 20 17 100 106 1 1000 1000 0 5
0.166667 0.270393 0.051832 20 28 100 88 1 1000 1000 0 5
0.166667 0.188974 0.050349 20 24 100 91 1 1000 1000 0 5
0.166667 0.130291 0.043986 20 23 100 103 1 1000 1000 0 5
0.166667 0.155027 0.042398 20 16 100 105 1 1000 1000 0 5
0.166667 0.177796 0.047431 20 21 100 97 1 1000 1000 0 5
0.166667 0.229713 0.050564 20 23 100 88 1 1000 1000 0 5
0.166667 0.139547 0.043787 20 18 100 101 1 1000 1000 0 5
0.166667 0.196725 0.050443 20 21 100 86 1 1000 1000 0 5
0.166667 0.223177 0.050045 20 28 100 95 1 1000 1000 0 5
0.166667 0.218052 0.046869 20 24 100 101 1 1000 1000 0 5
0.166667 0.118522 0.042226 20 16 100 99 1 1000 1000 0 5
0.166667 0.217099 0.048256 20 25 100 99 1 1000 1000 0 5
0.166667 0.144826 0.044473 20 22 100 97 1 1000 1000 0 5
0.166667 0.119305 0.036900 20 18 100 126 1 1000 1000 0 5
0.166667 0.119619 0.041470 20 22 100 108 1 1000 1000 0 5
0.166667 0.179151 0.049626 20 17 100 83 1 1000 1000 0 5
0.166667 0.256161 0.053558 20 19 100 87 1 1000 1000 0 5
0.166667 0.085616 0.040709 20 15 100 110 1 1000 1000 0 5
0.166667 0.137426 0.042053 20 20 100 96 1 1000 1000 0 5
0.166667 0.203114 0.048489 20 22 100 90 1 1000 1000 0 5
0.166667 0.190441 0.045903 20 23 100 109 1 1000 1000 0 5
0.166667 0.089172 0.045651 20 11 100 85 1 1000 1000 0 5
0.166667 0.126125 0.044921 20 19 100 101 1 1000 1000 0 5
0.166667 0.110074 0.038350 20 16 100 100 1 1000 1000 0 5
0.166667 0.208617 0.045087 20 23 100 114 1 1000 1000 0 5
0.166667 0.087700 0.040335 20 19 100 104 1 1000 1000 0 5
0.166667 0.190523 0.051494 20 14 100 93 1 1000 1000 0 5
0.166667 0.089402 0.036608 20 19 100 116 1 1000 1000 0 5
0.166667 0.138118 0.044951 20 18 100 93 1 1000 1000 0 5
0.166667 0.115043 0.042186 20 13 100 105 1 1000 1000 0 5
0.166667 0.182882 0.049061 20 17 100 102 1 1000 1000 0 5
0.166667 0.212447 0.048883 20 23 100 97 1 1000 1000 0 5
0.166667 0.169053 0.048381 20 24 100 91 1 1000 1000 0 5
0.166667 0.172975 0.044236 20 17 100 107 1 1000 1000 0 5
0.166667 0.165160 0.052785 20 14 100 81 1 1000 1000 0 5
0.166667 0.167337 0.048775 20 16 100 82 1 1000 1000 0 5
0.166667 0.145797 0.042319 20 22 100 105 1 1000 1000 0 5
0.166667 0.144050 0.043276 20 16 100 100 1 1000 1000 0 5
0.166667 0.129069 0.041716 20 22 100 92 1 1000 1000 0 5
0.166667 0.151151 0.044360 20 24 100 99 1 1000 1000 0 5
0.166667 0.123737 0.045388 20 14 100 90 1 1000 1000 0 5
0.166667 0.173039 0.048897 20 16 100 90 1 1000 1000 0 5
0.166667 0.194571 0.052037 20 23 100 89 1 1000 1000 0 5
0.166667 0.147735 0.046520 20 16 100 95 1 1000 1000 0 5
0.166667 0.134203 0.047194 20 10 100 96 1 1000 1000 0 5
0.166667 0.146384 0.043032 20 20 100 89 1 1000 1000 0 5
0.166667 0.212226 0.051263 20 21 100 95 1 1000 1000 0 5
0.166667 0.201676 0.044787 20 29 100 116 1 1000 1000 0 5
0.166667 0.143365 0.047249 20 14 100 99 1 1000 1000 0 5
0.166667 0.153747 0.047401 20 26 100 95 1 1000 1000 0 5
0.166667 0.181222 0.044953 20 29 100 102 1 1000 1000 0 5
0.166667 0.158007 0.043945 20 16 100 105 1 1000 1000 0 5
0.166667 0.171033 0.046330 20 24 100 95 1 1000 1000 0 5
0.166667 0.179761 0.048960 20 16 100 89 1 1000 1000 0 5
0.166667 0.170440 0.052917 20 17 100 86 1 1000 1000 0 5
0.166667 0.212097 0.051096 20 27 100 101 1 1000 1000 0 5
0.166667 0.091822 0.041368 20 14 100 97 1 1000 1000 0 5
0.166667 0.139193 0.045146 20 13 100 97 1 1000 1000 0 5
0.166667 0.194807 0.047962 20 17 100 99 1 1000 1000 0 5
0.166667 0.218922 0.047339 20 23 100 110 1 1000 1000 0 5
0.166667 0.190247 0.046871 20 21 100 88 1 1000 1000 0 5
0.166667 0.239382 0.053505 20 25 100 87 1 1000 1000 0 5
0.166667 0.175206 0.045575 20 21 100 107 1 1000 1000 0 5
0.166667 0.240463 0.051390 20 27 100 90 1 1000 1000 0 5
0.166667 0.166924 0.039966 20 23 100 123 1 1000 1000 0 5
0.166667 0.131307 0.042438 20 19 100 102 1 1000 1000 0 5
0.166667 0.111846 0.037915 20 23 100 113 1 1000 1000 0 5
0.166667 0.203402 0.046513 20 21 100 95 1 1000 1000 0 5
0.166667 0.184672 0.044073 20 23 100 105 1 1000 1000 0 5
0.166667 0.098058 0.041864 20 22 100 105 1 1000 1000 0 5
0.166667 0.248426 0.051045 20 21 100 87 1 1000 1000 0 5
0.166667 0.193250 0.045983 20 20 100 110 1 1000 1000 0 5
0.166667 0.203475 0.049094 20 25 100 97 1 1000 1000 0 5
0.166667 0.097809 0.037279 20 16 100 112 1 1000 1000 0 5
0.166667 0.166844 0.048577 20 18 100 89 1 1000 1000 0 5
0.166667 0.117402 0.045903 20 22 100 98 1 1000 1000 0 5
0.166667 0.217206 0.052533 20 21 100 81 1 1000 1000 0 5
0.166667 0.125655 0.044806 20 16 100 97 1 1000 1000 0 5
0.166667 0.109501 0.041322 20 16 100 107 1 1000 1000 0 5
0.166667 0.171469 0.042620 20 21 100 108 1 1000 1000 0 5
0.166667 0.162721 0.047406 20 19 100 90 1 1000 1000 0 5
0.166667 0.124453 0.045292 20 15 100 105 1 1000 1000 0 5
0.166667 0.106095 0.040730 20 12 100 110 1 1000 1000 0 5
0.166667 0.202065 0.044285 20 27 100 107 1 1000 1000 0 5
0.166667 0.146599 0.045751 20 19 100 109 1 1000 1000 0 5
0.166667 0.152710 0.045206 20 19 100 93 1 1000 1000 0 5
0.166667 0.272139 0.050596 20 27 100 95 1 1000 1000 0 5
0.166667 0.186109 0.048545 20 23 100 86 1 1000 1000 0 5
0.166667 0.165144 0.045755 20 26 100 98 1 1000 1000 0 5
0.166667 0.235457 0.046014 20 28 100 99 1 1000 1000 0 5
0.166667 0.132763 0.045718 20 21 100 102 1 1000 1000 0 5
0.166667 0.162150 0.046829 20 22 100 108 1 1000 1000 0 5
0.166667 0.182017 0.049962 20 17 100 91 1 1000 1000 0 5
0.166667 0.296130 0.048122 20 31 100 105 1 1000 1000 0 5
0.166667 0.195499 0.047303 20 23 100 94 1 1000 1000 0 5
0.166667 0.075070 0.052698 20 15 100 80 1 1000 1000 0 5
0.166667 0.110072 0.043879 20 16 100 99 1 1000 1000 0 5
0.166667 0.115615 0.039007 20 19 100 100 1 1000 1000 0 5
0.166667 0.225561 0.055008 20 19 100 80 1 1000 1000 0 5
0.166667 0.211249 0.046721 20 20 100 97 1 1000 1000 0 5
0.166667 0.277967 0.053110 20 29 100 90 1 1000 1000 0 5
0.166667 0.109188 0.042418 20 12 100 97 1 1000 1000 0 5
0.166667 0.304372 0.055792 20 29 100 79 1 1000 1000 0 5
0.166667 0.145795 0.045028 20 19 100 101 1 1000 1000 0 5
0.166667 0.154095 0.043448 20 16 100 105 1 1000 1000 0 5
0.166667 0.165538 0.045427 20 22 100 109 1 1000 1000 0 5
0.166667 0.234579 0.050356 20 25 100 92 1 1000 1000 0 5
0.166667 0.223058 0.043577 20 29 100 105 1 1000 1000 0 5
0.166667 0.077411 0.038681 20 14 100 99 1 1000 1000 0 5
0.166667 0.147428 0.042018 20 13 100 112 1 1000 1000 0 5
0.166667 0.176488 0.044405 20 23 100 105 1 1000 1000 0 5
0.166667 0.276114 0.052229 20 31 100 88 1 1000 1000 0 5
0.166667 0.190171 0.043234 20 27 100 112 1 1000 1000 0 5
0.166667 0.196422 0.051981 20 19 100 89 1 1000 1000 0 5
0.166667 0.116237 0.042763 20 18 100 112 1 1000 1000 0 5
0.166667 0.138233 0.045252 20 21 100 100 1 1000 1000 0 5
0.166667 0.129215 0.044203 20 17 100 105 1 1000 1000 0 5
0.166667 0.135593 0.041518 20 25 100 110 1 1000 1000 0 5
0.166667 0.257914 0.049331 20 26 100 94 1 1000 1000 0 5
0.166667 0.249484 0.055046 20 21 100 81 1 1000 1000 0 5
0.166667 0.175649 0.040535 20 23 100 124 1 1000 1000 0 5
0.166667 0.179850 0.047235 20 18 100 96 1 1000 1000 0 5
0.166667 0.201194 0.049844 20 21 100 94 1 1000 1000 0 5
0.166667 0.217948 0.049413 20 23 100 94 1 1000 1000 0 5
0.166667 0.161679 0.045149 20 21 100 100 1 1000 1000 0 5
0.166667 0.110049 0.040822 20 18 100 120 1 1000 1000 0 5
0.166667 0.188798 0.044318 20 20 100 107 1 1000 1000 0 5
0.166667 0.210414 0.045596 20 23 100 104 1 1000 1000 0 5
0.166667 0.184096 0.043122 20 23 100 111 1 1000 1000 0 5
0.166667 0.173092 0.044325 20 17 100 102 1 1000 1000 0 5
0.166667 0.185167 0.041984 20 16 100 123 1 1000 1000 0 5
0.166667 0.229026 0.049501 20 21 100 89 1 1000 1000 0 5
0.166667 0.172378 0.046204 20 23 100 96 1 1000 1000 0 5
0.166667 0.149388 0.042449 20 21 100 112 1 1000 1000 0 5
0.166667 0.131477 0.046771 20 14 100 96 1 1000 1000 0 5
0.166667 0.118468 0.042284 20 16 100 102 1 1000 1000 0 5
0.166667 0.199477 0.052573 20 25 100 81 1 1000 1000 0 5
0.166667 0.197609 0.047288 20 21 100 95 1 1000 1000 0 5
0.166667 0.214789 0.049833 20 22 100 92 1 1000 1000 0 5
0.166667 0.184381 0.045586 20 14 100 102 1 1000 1000 0 5
0.166667 0.098542 0.040667 20 17 100 111 1 1000 1000 0 5
0.166667 0.215382 0.051223 20 21 100 93 1 1000 1000 0 5
0.166667 0.127564 0.047684 20 16 100 87 1 1000 1000 0 5
0.166667 0.171013 0.047246 20 18 100 92 1 1000 1000 0 5
0.166667 0.129314 0.040213 20 18 100 113 1 1000 1000 0 5
0.166667 0.249996 0.049473 20 22 100 94 1 1000 1000 0 5
0.166667 0.128704 0.046301 20 13 100 89 1 1000 1000 0 5
0.166667 0.210806 0.046122 20 24 100 102 1 1000 1000 0 5
0.166667 0.245187 0.047476 20 27 100 97 1 1000 1000 0 5
0.166667 0.152273 0.043312 20 17 100 103 1 1000 1000 0 5
0.166667 0.174431 0.045779 20 16 100 103 1 1000 1000 0 5
0.166667 0.143137 0.044795 20 19 100 100 1 1000 1000 0 5
0.166667 0.269487 0.051771 20 23 100 95 1 1000 1000 0 5
0.166667 0.251279 0.053548 20 23 100 81 1 1000 1000 0 5
0.166667 0.204983 0.051021 20 19 100 93 1 1000 1000 0 5
0.166667 0.207247 0.048310 20 22 100 104 1 1000 1000 0 5
0.166667 0.108128 0.042403 20 15 100 107 1 1000 1000 0 5
0.166667 0.228598 0.045909 20 25 100 109 1 1000 1000 0 5
0.166667 0.133323 0.038600 20 16 100 113 1 1000 1000 0 5
0.166667 0.104908 0.041960 20 17 100 101 1 1000 1000 0 5
0.166667 0.100005 0.042169 20 14 100 99 1 1000 1000 0 5
0.166667 0.084733 0.040936 20 14 100 92 1 1000 1000 0 5
0.166667 0.264047 0.049014 20 29 100 95 1 1000 1000 0 5
0.166667 0.165464 0.043315 20 23 100 105 1 1000 1000 0 5
0.166667 0.149898 0.043303 20 21 100 110 1 1000 1000 0 5
0.166667 0.194642 0.045609 20 23 100 107 1 1000 1000 0 5
0.166667 0.186333 0.048388 20 18 100 93 1 1000 1000 0 5
0.166667 0.195461 0.043890 20 29 100 104 1 1000 1000 0 5
0.166667 0.221532 0.046111 20 26 100 101 1 1000 1000 0 5
0.166667 0.124230 0.048753 20 12 100 81 1 1000 1000 0 5
0.166667 0.179694 0.042951 20 26 100 113 1 1000 1000 0 5
0.166667 0.127691 0.040251 20 17 100 113 1 1000 1000 0 5
0.166667 0.152165 0.045026 20 24 100 98 1 1000 1000 0 5
0.166667 0.164594 0.042046 20 20 100 116 1 1000 1000 0 5
0.166667 0.225768 0.050893 20 21 100 85 1 1000 1000 0 5
0.166667 0.144036 0.042800 20 18 100 102 1 1000 1000 0 5
0.166667 0.136927 0.047074 20 18 100 90 1 1000 1000 0 5
0.166667 0.118100 0.043113 20 16 100 100 1 1000 1000 0 5
0.166667 0.162832 0.043025 20 18 100 122 1 1000 1000 0 5
0.166667 0.213873 0.047554 20 26 100 99 1 1000 1000 0 5
0.166667 0.196789 0.046840 20 22 100 112 1 1000 1000 0 5
0.166667 0.115066 0.039440 20 21 100 114 1 1000 1000 0 5
0.166667 0.210973 0.045763 20 25 100 107 1 1000 1000 0 5
0.166667 0.168873 0.044358 20 15 100 102 1 1000 1000 0 5
0.166667 0.165644 0.045315 20 13 100 94 1 1000 1000 0 5
0.166667 0.200534 0.047503 20 18 100 106 1 1000 1000 0 5
0.166667 0.130908 0.044813 20 17 100 96 1 1000 1000 0 5
0.166667 0.143263 0.043243 20 14 100 106 1 1000 1000 0 5
0.166667 0.158054 0.045615 20 26 100 103 1 1000 1000 0 5
0.166667 0.211576 0.049385 20 15 100 91 1 1000 1000 0 5
0.166667 0.113490 0.045400 20 15 100 91 1 1000 1000 0 5
0.166667 0.183184 0.048036 20 20 100 102 1 1000 1000 0 5
0.166667 0.144631 0.042873 20 17 100 114 1 1000 1000 0 5
0.166667 0.231105 0.049728 20 27 100 90 1 1000 1000 0 5
0.166667 0.096189 0.040463 20 11 100 96 1 1000 1000 0 5
0.166667 0.078355 0.036635 20 19 100 110 1 1000 1000 0 5
0.166667 0.212577 0.047847 20 21 100 98 1 1000 1000 0 5
0.166667 0.203796 0.046932 20 25 100 102 1 1000 1000 0 5
0.166667 0.141982 0.044566 20 16 100 95 1 1000 1000 0 5
0.166667 0.285753 0.050810 20 28 100 92 1 1000 1000 0 5
0.166667 0.102576 0.041987 20 16 100 95 1 1000 1000 0 5
0.166667 0.207825 0.050325 20 25 100 96 1 1000 1000 0 5
0.166667 0.119935 0.038760 20 20 100 111 1 1000 1000 0 5
0.166667 0.253750 0.052223 20 20 100 91 1 1000 1000 0 5
0.166667 0.100479 0.037209 20 21 100 116 1 1000 1000 0 5
0.166667 0.157002 0.047379 20 18 100 90 1 1000 1000 0 5
0.166667 0.184459 0.045965 20 20 100 103 1 1000 1000 0 5
0.166667 0.172778 0.043255 20 14 100 114 1 1000 1000 0 5
0.166667 0.162437 0.045615 20 19 100 103 1 1000 1000 0 5
0.166667 0.190163 0.049472 20 21 100 87 1 1000 1000 0 5
0.166667 0.121951 0.048145 20 16 100 88 1 1000 1000 0 5
0.166667 0.144570 0.046157 20 19 100 87 1 1000 1000 0 5
0.166667 0.166876 0.047526 20 15 100 87 1 1000 1000 0 5
0.166667 0.265987 0.048749 20 32 100 98 1 1000 1000 0 5
0.166667 0.201386 0.047470 20 22 100 94 1 1000 1000 0 5
0.166667 0.207916 0.046517 20 26 100 100 1 1000 1000 0 5
0.166667 0.211315 0.046506 20 23 100 98 1 1000 1000 0 5
0.166667 0.189797 0.043603 20 24 100 104 1 1000 1000 0 5
0.166667 0.200066 0.049640 20 19 100 93 1 1000 1000 0 5
0.166667 0.164937 0.045850 20 24 100 100 1 1000 1000 0 5
0.166667 0.170776 0.051827 20 22 100 85 1 1000 1000 0 5
0.166667 0.224634 0.047493 20 29 100 94 1 1000 1000 0 5
0.166667 0.221796 0.050348 20 25 100 86 1 1000 1000 0 5
0.166667 0.157909 0.044099 20 20 100 116 1 1000 1000 0 5
0.166667 0.201372 0.049944 20 29 100 92 1 1000 1000 0 5
0.166667 0.169099 0.045073 20 20 100 115 1 1000 1000 0 5
0.166667 0.204285 0.046513 20 29 100 97 1 1000 1000 0 5
0.166667 0.160741 0.041387 20 27 100 111 1 1000 1000 0 5
0.166667 0.212301 0.046038 20 23 100 98 1 1000 1000 0 5
0.166667 0.210460 0.045449 20 25 100 102 1 1000 1000 0 5
0.166667 0.154552 0.042845 20 16 100 110 1 1000 1000 0 5
0.166667 0.236521 0.047783 20 28 100 101 1 1000 1000 0 5
0.166667 0.215006 0.049665 20 26 100 87 1 1000 1000 0 5
0.166667 0.190475 0.045753 20 24 100 103 1 1000 1000 0 5
0.166667 0.228998 0.047194 20 23 100 104 1 1000 1000 0 5
0.166667 0.176688 0.047730 20 24 100 99 1 1000 1000 0 5
0.166667 0.121103 0.041700 20 15 100 103 1 1000 1000 0 5
0.166667 0.157124 0.045570 20 22 100 100 1 1000 1000 0 5
0.166667 0.201627 0.047268 20 21 100 98 1 1000 1000 0 5
0.166667 0.199150 0.044903 20 23 100 106 1 1000 1000 0 5
0.166667 0.161279 0.042612 20 21 100 112 1 1000 1000 0 5
0.166667 0.160872 0.048676 20 20 100 82 1 1000 1000 0 5
0.166667 0.126496 0.040528 20 18 100 125 1 1000 1000 0 5
0.166667 0.122882 0.045023 20 15 100 90 1 1000 1000 0 5
0.166667 0.169298 0.047547 20 19 100 109 1 1000 1000 0 5
0.166667 0.233503 0.051375 20 23 100 89 1 1000 1000 0 5
0.166667 0.120659 0.039767 20 16 100 109 1 1000 1000 0 5
0.166667 0.194645 0.047697 20 22 100 99 1 1000 1000 0 5
0.166667 0.162858 0.044406 20 18 100 100 1 1000 1000 0 5
0.166667 0.229314 0.049252 20 21 100 93 1 1000 1000 0 5
0.166667 0.170569 0.045999 20 18 100 94 1 1000 1000 0 5
0.166667 0.100310 0.041423 20 18 100 112 1 1000 1000 0 5
0.166667 0.224449 0.046214 20 26 100 98 1 1000 1000 0 5
0.166667 0.092933 0.039860 20 22 100 105 1 1000 1000 0 5
0.166667 0.184647 0.046423 20 20 100 105 1 1000 1000 0 5
0.166667 0.206538 0.047537 20 19 100 110 1 1000 1000 0 5
0.166667 0.211675 0.047525 20 25 100 105 1 1000 1000 0 5
0.166667 0.145194 0.043497 20 18 100 97 1 1000 1000 0 5
0.166667 0.235079 0.053335 20 23 100 79 1 1000 1000 0 5
0.166667 0.118791 0.043838 20 15 100 104 1 1000 1000 0 5
0.166667 0.128043 0.044472 20 16 100 94 1 1000 1000 0 5
0.166667 0.240224 0.049210 20 27 100 91 1 1000 1000 0 5
0.166667 0.106086 0.042933 20 15 100 92 1 1000 1000 0 5
0.166667 0.124818 0.043621 20 24 100 111 1 1000 1000 0 5
0.166667 0.242583 0.044548 20 32 100 112 1 1000 1000 0 5
0.166667 0.193308 0.045601 20 31 100 97 1 1000 1000 0 5
0.166667 0.165578 0.045661 20 22 100 87 1 1000 1000 0 5
0.166667 0.152809 0.043476 20 20 100 107 1 1000 1000 0 5
0.166667 0.183786 0.053705 20 14 100 79 1 1000 1000 0 5
0.166667 0.197176 0.047701 20 20 100 96 1 1000 1000 0 5
0.166667 0.109230 0.044507 20 12 100 107 1 1000 1000 0 5
0.166667 0.144709 0.046287 20 22 100 96 1 1000 1000 0 5
0.166667 0.156637 0.043692 20 21 100 104 1 1000 1000 0 5
0.166667 0.216584 0.049463 20 21 100 100 1 1000 1000 0 5
0.166667 0.188657 0.046269 20 22 100 103 1 1000 1000 0 5
0.166667 0.109482 0.048256 20 18 100 89 1 1000 1000 0 5
0.166667 0.170289 0.051599 20 10 100 89 1 1000 1000 0 5
0.166667 0.193759 0.046743 20 31 100 103 1 1000 1000 0 5
0.166667 0.150054 0.046952 20 18 100 90 1 1000 1000 0 5
0.166667 0.175469 0.051433 20 16 100 86 1 1000 1000 0 5
0.166667 0.218231 0.050813 20 22 100 95 1 1000 1000 0 5
0.166667 0.048608 0.040022 20 13 100 95 1 1000 1000 0 5
0.166667 0.168899 0.047802 20 17 100 98 1 1000 1000 0 5
0.166667 0.194953 0.047996 20 20 100 97 1 1000 1000 0 5
0.166667 0.192365 0.046771 20 16 100 94 1 1000 1000 0 5
0.166667 0.175853 0.048546 20 21 100 86 1 1000 1000 0 5
0.166667 0.157257 0.045303 20 19 100 109 1 1000 1000 0 5
0.166667 0.161558 0.046482 20 18 100 93 1 1000 1000 0 5
0.166667 0.269871 0.049940 20 27 100 93 1 1000 1000 0 5
0.166667 0.136055 0.041928 20 17 100 103 1 1000 1000 0 5
0.166667 0.185726 0.043768 20 22 100 108 1 1000 1000 0 5
0.166667 0.170049 0.051607 20 13 100 83 1 1000 1000 0 5
0.166667 0.133450 0.039721 20 16 100 119 1 1000 1000 0 5
0.166667 0.205421 0.048359 20 20 100 96 1 1000 1000 0 5
0.166667 0.139689 0.042880 20 20 100 106 1 1000 1000 0 5
0.166667 0.095588 0.037737 20 17 100 99 1 1000 1000 0 5
0.166667 0.155392 0.046794 20 26 100 91 1 1000 1000 0 5
0.166667 0.246741 0.053699 20 23 100 81 1 1000 1000 0 5
0.166667 0.189696 0.047955 20 16 100 91 1 1000 1000 0 5
0.166667 0.187247 0.047689 20 19 100 94 1 1000 1000 0 5
0.166667 0.179972 0.046071 20 19 100 100 1 1000 1000 0 5
0.166667 0.096453 0.042140 20 20 100 107 1 1000 1000 0 5
0.166667 0.163839 0.045194 20 23 100 97 1 1000 1000 0 5
0.166667 0.180964 0.045129 20 22 100 104 1 1000 1000 0 5
0.166667 0.209061 0.043858 20 22 100 107 1 1000 1000 0 5
0.166667 0.152042 0.047896 20 21 100 95 1 1000 1000 0 5
0.166667 0.136609 0.038921 20 19 100 126 1 1000 1000 0 5
0.166667 0.152587 0.045737 20 22 100 99 1 1000 1000 0 5
0.166667 0.230591 0.047544 20 24 100 102 1 1000 1000 0 5
0.166667 0.158771 0.048715 20 18 100 90 1 1000 1000 0 5
0.166667 0.169547 0.045583 20 21 100 110 1 1000 1000 0 5
0.166667 0.231654 0.050039 20 22 100 99 1 1000 1000 0 5
0.166667 0.190426 0.045485 20 20 100 103 1 1000 1000 0 5
0.166667 0.179741 0.046540 20 22 100 101 1 1000 1000 0 5
0.166667 0.149972 0.046373 20 20 100 100 1 1000 1000 0 5
0.166667 0.132719 0.040109 20 27 100 122 1 1000 1000 0 5
0.166667 0.186824 0.045217 20 22 100 103 1 1000 1000 0 5
0.166667 0.168474 0.048077 20 23 100 102 1 1000 1000 0 5
0.166667 0.103021 0.045322 20 16 100 92 1 1000 1000 0 5
0.166667 0.135024 0.040354 20 19 100 118 1 1000 1000 0 5
0.166667 0.230357 0.051221 20 24 100 81 1 1000 1000 0 5
0.166667 0.128451 0.042646 20 20 100 103 1 1000 1000 0 5
0.166667 0.128687 0.043021 20 21 100 103 1 1000 1000 0 5
0.166667 0.164612 0.045496 20 19 100 102 1 1000 1000 0 5
0.166667 0.117057 0.040123 20 17 100 121 1 1000 1000 0 5
0.166667 0.137729 0.042999 20 22 100 112 1 1000 1000 0 5
0.166667 0.195621 0.041915 20 22 100 119 1 1000 1000 0 5
0.166667 0.115190 0.039824 20 18 100 106 1 1000 1000 0 5
0.166667 0.201000 0.046346 20 20 100 111 1 1000 1000 0 5
0.166667 0.166188 0.047140 20 18 100 96 1 1000 1000 0 5
0.166667 0.169632 0.050116 20 17 100 82 1 1000 1000 0 5
0.166667 0.201596 0.045464 20 22 100 108 1 1000 1000 0 5
0.166667 0.221861 0.048533 20 32 100 102 1 1000 1000 0 5
0.166667 0.104763 0.039718 20 18 100 107 1 1000 1000 0 5
0.166667 0.179281 0.048629 20 18 100 98 1 1000 1000 0 5
0.166667 0.173663 0.043626 20 23 100 109 1 1000 1000 0 5
0.166667 0.166002 0.046369 20 22 100 93 1 1000 1000 0 5
0.166667 0.264158 0.052604 20 25 100 85 1 1000 1000 0 5
0.166667 0.112218 0.042415 20 20 100 108 1 1000 1000 0 5
0.166667 0.259647 0.055327 20 29 100 75 1 1000 1000 0 5
0.166667 0.123792 0.048617 20 16 100 93 1 1000 1000 0 5
0.166667 0.165852 0.043803 20 22 100 113 1 1000 1000 0 5
0.166667 0.124625 0.047992 20 11 100 84 1 1000 1000 0 5
0.166667 0.073242 0.036594 20 20 100 121 1 1000 1000 0 5
0.166667 0.128268 0.040214 20 13 100 105 1 1000 1000 0 5
0.166667 0.240399 0.049147 20 27 100 99 1 1000 1000 0 5
0.166667 0.222272 0.046519 20 25 100 106 1 1000 1000 0 5
0.166667 0.118915 0.038610 20 14 100 113 1 1000 1000 0 5
0.166667 0.155472 0.042126 20 12 100 115 1 1000 1000 0 5
0.166667 0.186884 0.045259 20 19 100 100 1 1000 1000 0 5
0.166667 0.211304 0.046414 20 27 100 102 1 1000 1000 0 5
0.166667 0.057851 0.032540 20 18 100 121 1 1000 1000 0 5
0.166667 0.127732 0.044092 20 15 100 99 1 1000 1000 0 5
0.166667 0.155716 0.041539 20 15 100 98 1 1000 1000 0 5
0.166667 0.130911 0.042276 20 21 100 105 1 1000 1000 0 5
0.166667 0.178586 0.045293 20 21 100 107 1 1000 1000 0 5
0.166667 0.190481 0.045948 20 26 100 105 1 1000 1000 0 5
0.166667 0.277468 0.048678 20 26 100 106 1 1000 1000 0 5
0.166667 0.231252 0.050456 20 20 100 91 1 1000 1000 0 5
0.166667 0.119692 0.041941 20 18 100 109 1 1000 1000 0 5
0.166667 0.103804 0.039853 20 14 100 100 1 1000 1000 0 5
0.166667 0.201113 0.048978 20 21 100 95 1 1000 1000 0 5
0.166667 0.076895 0.043936 20 16 100 101 1 1000 1000 0 5
0.166667 0.089750 0.039587 20 14 100 121 1 1000 1000 0 5
0.166667 0.106422 0.037234 20 19 100 117 1 1000 1000 0 5
0.166667 0.154076 0.042856 20 19 100 106 1 1000 1000 0 5
0.166667 0.228827 0.042012 20 26 100 128 1 1000 1000 0 5
0.166667 0.202579 0.049209 20 20 100 93 1 1000 1000 0 5
0.166667 0.100529 0.042546 20 15 100 105 1 1000 1000 0 5
0.166667 0.120822 0.044422 20 19 100 104 1 1000 1000 0 5
0.166667 0.231666 0.050153 20 22 100 88 1 1000 1000 0 5
0.166667 0.162559 0.042853 20 17 100 100 1 1000 1000 0 5
0.166667 0.194149 0.045045 20 21 100 103 1 1000 1000 0 5
0.166667 0.267268 0.050284 20 21 100 90 1 1000 1000 0 5
0.166667 0.271886 0.051690 20 32 100 90 1 1000 1000 0 5
0.166667 0.195987 0.045401 20 28 100 115 1 1000 1000 0 5
0.166667 0.191429 0.046722 20 25 100 103 1 1000 1000 0 5
0.166667 0.139988 0.043882 20 16 100 105 1 1000 1000 0 5
0.166667 0.308917 0.057238 20 21 100 72 1 1000 1000 0 5
0.166667 0.181446 0.047503 20 21 100 102 1 1000 1000 0 5
0.166667 0.206083 0.046169 20 21 100 109 1 1000 1000 0 5
0.166667 0.173238 0.042451 20 24 100 112 1 1000 1000 0 5
0.166667 0.242457 0.050205 20 27 100 91 1 1000 1000 0 5
0.166667 0.140501 0.038686 20 16 100 111 1 1000 1000 0 5
0.166667 0.243984 0.049020 20 24 100 109 1 1000 1000 0 5
0.166667 0.089335 0.038917 20 13 100 102 1 1000 1000 0 5
0.166667 0.203931 0.042535 20 27 100 117 1 1000 1000 0 5
0.166667 0.176292 0.050216 20 13 100 94 1 1000 1000 0 5
0.166667 0.147197 0.051617 20 19 100 94 1 1000 1000 0 5
0.166667 0.189745 0.048767 20 21 100 98 1 1000 1000 0 5
0.166667 0.150715 0.040641 20 22 100 123 1 1000 1000 0 5
0.166667 0.151825 0.044216 20 24 100 112 1 1000 1000 0 5
0.166667 0.203385 0.050969 20 19 100 88 1 1000 1000 0 5
0.166667 0.220631 0.048390 20 21 100 96 1 1000 1000 0 5
0.166667 0.060052 0.043695 20 14 100 90 1 1000 1000 0 5
0.166667 0.219118 0.044972 20 26 100 112 1 1000 1000 0 5
0.166667 0.131410 0.047523 20 18 100 100 1 1000 1000 0 5
0.166667 0.255007 0.051226 20 21 100 97 1 1000 1000 0 5
0.166667 0.165548 0.044282 20 25 100 110 1 1000 1000 0 5
0.166667 0.212700 0.049764 20 22 100 97 1 1000 1000 0 5
0.166667 0.199393 0.048364 20 18 100 101 1 1000 1000 0 5
0.166667 0.205347 0.044510 20 19 100 115 1 1000 1000 0 5
0.166667 0.167983 0.047751 20 20 100 93 1 1000 1000 0 5
0.166667 0.170196 0.044420 20 20 100 95 1 1000 1000 0 5
0.166667 0.183560 0.044334 20 21 100 101 1 1000 1000 0 5
0.166667 0.153147 0.046231 20 19 100 91 1 1000 1000 0 5
0.166667 0.183481 0.046989 20 26 100 101 1 1000 1000 0 5
0.166667 0.155059 0.047509 20 18 100 85 1 1000 1000 0 5
0.166667 0.175391 0.046610 20 25 100 96 1 1000 1000 0 5
0.166667 0.127179 0.043043 20 17 100 111 1 1000 1000 0 5
0.166667 0.251669 0.054557 20 21 100 87 1 1000 1000 0 5
0.166667 0.189279 0.042418 20 18 100 114 1 1000 1000 0 5
0.166667 0.204834 0.047539 20 20 100 95 1 1000 1000 0 5
0.166667 0.145035 0.044146 20 17 100 107 1 1000 1000 0 5
0.166667 0.121528 0.045231 20 11 100 91 1 1000 1000 0 5
0.166667 0.080204 0.040035 20 15 100 107 1 1000 1000 0 5
0.166667 0.159320 0.042574 20 23 100 112 1 1000 1000 0 5
0.166667 0.201617 0.050834 20 24 100 84 1 1000 1000 0 5
0.166667 0.163520 0.045155 20 14 100 95 1 1000 1000 0 5
0.166667 0.213352 0.048919 20 15 100 100 1 1000 1000 0 5
0.166667 0.051629 0.040784 20 12 100 99 1 1000 1000 0 5
0.166667 0.054891 0.036378 20 13 100 113 1 1000 1000 0 5
0.166667 0.128547 0.043062 20 20 100 109 1 1000 1000 0 5
0.166667 0.156282 0.046393 20 19 100 96 1 1000 1000 0 5
0.166667 0.198768 0.047901 20 27 100 85 1 1000 1000 0 5
0.166667 0.151668 0.047142 20 12 100 93 1 1000 1000 0 5
0.166667 0.181084 0.044423 20 26 100 94 1 1000 1000 0 5
0.166667 0.132704 0.040373 20 19 100 111 1 1000 1000 0 5
0.166667 0.166570 0.044425 20 22 100 112 1 1000 1000 0 5
0.166667 0.134090 0.046679 20 19 100 88 1 1000 1000 0 5
0.166667 0.149196 0.045740 20 19 100 101 1 1000 1000 0 5
0.166667 0.131035 0.041864 20 18 100 110 1 1000 1000 0 5
0.166667 0.158202 0.044040 20 21 100 94 1 1000 1000 0 5
0.166667 0.218997 0.049127 20 25 100 86 1 1000 1000 0 5
0.166667 0.205768 0.046763 20 20 100 109 1 1000 1000 0 5
0.166667 0.258395 0.048722 20 25 100 98 1 1000 1000 0 5
0.166667 0.130645 0.045985 20 17 100 97 1 1000 1000 0 5
0.166667 0.118717 0.042520 20 16 100 98 1 1000 1000 0 5
0.166667 0.236369 0.055282 20 23 100 79 1 1000 1000 0 5
0.166667 0.250618 0.048172 20 26 100 106 1 1000 1000 0 5
0.166667 0.173014 0.047186 20 18 100 100 1 1000 1000 0 5
0.166667 0.172056 0.046102 20 21 100 99 1 1000 1000 0 5
0.166667 0.177121 0.046333 20 16 100 103 1 1000 1000 0 5
0.166667 0.234511 0.050645 20 20 100 97 1 1000 1000 0 5
0.166667 0.105904 0.039536 20 16 100 106 1 1000 1000 0 5
0.166667 0.209747 0.052159 20 20 100 91 1 1000 1000 0 5
0.166667 0.149582 0.041104 20 21 100 110 1 1000 1000 0 5
0.166667 0.158669 0.049073 20 19 100 88 1 1000 1000 0 5
0.166667 0.179562 0.047970 20 24 100 98 1 1000 1000 0 5
0.166667 0.202775 0.049139 20 25 100 95 1 1000 1000 0 5
0.166667 0.197118 0.051154 20 19 100 89 1 1000 1000 0 5
0.166667 0.149502 0.045420 20 17 100 98 1 1000 1000 0 5
0.166667 0.213494 0.048021 20 27 100 111 1 1000 1000 0 5
0.166667 0.152427 0.046624 20 19 100 105 1 1000 1000 0 5
0.166667 0.185409 0.047218 20 20 100 109 1 1000 1000 0 5
0.166667 0.134636 0.048556 20 17 100 87 1 1000 1000 0 5
0.166667 0.197203 0.048618 20 19 100 92 1 1000 1000 0 5
0.166667 0.183669 0.048615 20 22 100 102 1 1000 1000 0 5
0.166667 0.113791 0.045030 20 15 100 95 1 1000 1000 0 5
0.166667 0.224486 0.051837 20 22 100 80 1 1000 1000 0 5
0.166667 0.137029 0.041851 20 19 100 114 1 1000 1000 0 5
0.166667 0.156724 0.044319 20 20 100 110 1 1000 1000 0 5
