0.166667 0.137238 0.034438 20 18 100 109 2 1000 1000 1000 5
0.166667 0.235969 0.042461 20 25 100 94 2 1000 1000 1000 5
0.166667 0.116194 0.034858 20 10 100 94 2 1000 1000 1000 5
0.166667 0.153024 0.039468 20 18 100 85 2 1000 1000 1000 5
0.166667 0.187910 0.037471 20 23 100 109 2 1000 1000 1000 5
0.166667 0.135294 0.034482 20 17 100 105 2 1000 1000 1000 5
0.166667 0.194071 0.042277 20 21 100 92 2 1000 1000 1000 5
0.166667 0.160206 0.039598 20 16 100 90 2 1000 1000 1000 5
0.166667 0.229819 0.041929 20 26 100 94 2 1000 1000 1000 5
0.166667 0.131822 0.035701 20 13 100 95 2 1000 1000 1000 5
0.166667 0.196756 0.041182 20 21 100 94 2 1000 1000 1000 5
0.166667 0.207317 0.044671 20 19 100 78 2 1000 1000 1000 5
0.166667 0.195261 0.039612 20 22 100 97 2 1000 1000 1000 5
0.166667 0.224931 0.040039 20 29 100 103 2 1000 1000 1000 5
0.166667 0.151700 0.035467 20 19 100 106 2 1000 1000 1000 5
0.166667 0.181070 0.038165 20 19 100 100 2 1000 1000 1000 5
0.166667 0.106914 0.032833 20 15 100 105 2 1000 1000 1000 5
0.166667 0.150805 0.034380 20 17 100 114 2 1000 1000 1000 5
0.166667 0.205756 0.040772 20 23 100 92 2 1000 1000 1000 5
0.166667 0.182929 0.039362 20 21 100 94 2 1000 1000 1000 5
0.166667 0.199201 0.039674 20 24 100 102 2 1000 1000 1000 5
0.166667 0.136663 0.034934 20 14 100 107 2 1000 1000 1000 5
0.166667 0.223617 0.041919 20 27 100 92 2 1000 1000 1000 5
0.166667 0.196849 0.039533 20 23 100 97 2 1000 1000 1000 5
0.166667 0.223678 0.039463 20 25 100 111 2 1000 1000 1000 5
0.166667 0.237982 0.042316 20 25 100 97 2 1000 1000 1000 5
0.166667 0.220223 0.045420 20 23 100 90 2 1000 1000 1000 5
0.166667 0.164778 0.037306 20 19 100 107 2 1000 1000 1000 5
0.166667 0.165610 0.033720 20 21 100 127 2 1000 1000 1000 5
0.166667 0.112563 0.032072 20 15 100 106 2 1000 1000 1000 5
0.166667 0.127398 0.032616 20 18 100 113 2 1000 1000 1000 5
0.166667 0.230868 0.043014 20 22 100 89 2 1000 1000 1000 5
0.166667 0.191599 0.038328 20 24 100 98 2 1000 1000 1000 5
0.166667 0.216922 0.040307 20 27 100 100 2 1000 1000 1000 5
0.166667 0.201608 0.038856 20 24 100 102 2 1000 1000 1000 5
0.166667 0.229662 0.039242 20 30 100 106 2 1000 1000 1000 5
0.166667 0.121938 0.031798 20 15 100 109 2 1000 1000 1000 5
0.166667 0.138122 0.033763 20 18 100 103 2 1000 1000 1000 5
0.166667 0.105373 0.030671 20 14 100 117 2 1000 1000 1000 5
0.166667 0.162233 0.040450 20 17 100 90 2 1000 1000 1000 5
0.166667 0.169015 0.038423 20 19 100 98 2 1000 1000 1000 5
0.166667 0.186304 0.038815 20 20 100 99 2 1000 1000 1000 5
0.166667 0.252203 0.041205 20 31 100 102 2 1000 1000 1000 5
0.166667 0.160611 0.038328 20 19 100 100 2 1000 1000 1000 5
0.166667 0.179497 0.040625 20 19 100 92 2 1000 1000 1000 5
0.166667 0.181939 0.042959 20 18 100 84 2 1000 1000 1000 5
0.166667 0.180025 0.037818 20 20 100 107 2 1000 1000 1000 5
0.166667 0.187523 0.040448 20 18 100 88 2 1000 1000 1000 5
0.166667 0.179623 0.037846 20 18 100 112 2 1000 1000 1000 5
0.166667 0.219137 0.039023 20 30 100 102 2 1000 1000 1000 5
0.166667 0.157299 0.036314 20 18 100 112 2 1000 1000 1000 5
0.166667 0.192028 0.040462 20 19 100 95 2 1000 1000 1000 5
0.166667 0.206644 0.043600 20 20 100 86 2 1000 1000 1000 5
0.166667 0.226716 0.046082 20 21 100 82 2 1000 1000 1000 5
0.166667 0.180474 0.037509 20 23 100 102 2 1000 1000 1000 5
0.166667 0.177624 0.039516 20 19 100 98 2 1000 1000 1000 5
0.166667 0.175292 0.044245 20 15 100 73 2 1000 1000 1000 5
0.166667 0.201046 0.042877 20 16 100 82 2 1000 1000 1000 5
0.166667 0.144799 0.034622 20 18 100 110 2 1000 1000 1000 5
0.166667 0.230823 0.041076 20 26 100 102 2 1000 1000 1000 5
0.166667 0.301631 0.046161 20 27 100 86 2 1000 1000 1000 5
0.166667 0.192799 0.038336 20 19 100 109 2 1000 1000 1000 5
0.166667 0.221397 0.042723 20 24 100 86 2 1000 1000 1000 5
0.166667 0.101493 0.031674 20 13 100 109 2 1000 1000 1000 5
0.166667 0.214125 0.039477 20 25 100 100 2 1000 1000 1000 5
0.166667 0.227184 0.043518 20 24 100 87 2 1000 1000 1000 5
0.166667 0.237343 0.044589 20 23 100 87 2 1000 1000 1000 5
0.166667 0.147889 0.037194 20 18 100 98 2 1000 1000 1000 5
0.166667 0.167852 0.040561 20 16 100 82 2 1000 1000 1000 5
0.166667 0.157527 0.037038 20 18 100 101 2 1000 1000 1000 5
0.166667 0.193106 0.038448 20 26 100 101 2 1000 1000 1000 5
0.166667 0.127798 0.030491 20 19 100 126 2 1000 1000 1000 5
0.166667 0.217103 0.038428 20 26 100 108 2 1000 1000 1000 5
0.166667 0.166595 0.036173 20 19 100 110 2 1000 1000 1000 5
0.166667 0.138109 0.037385 20 16 100 96 2 1000 1000 1000 5
0.166667 0.212189 0.039875 20 24 100 101 2 1000 1000 1000 5
0.166667 0.173731 0.040180 20 20 100 90 2 1000 1000 1000 5
0.166667 0.184014 0.040298 20 22 100 91 2 1000 1000 1000 5
0.166667 0.143604 0.039693 20 13 100 82 2 1000 1000 1000 5
0.166667 0.181116 0.038201 20 21 100 105 2 1000 1000 1000 5
0.166667 0.110076 0.030247 20 16 100 123 2 1000 1000 1000 5
0.166667 0.257904 0.043550 20 26 100 93 2 1000 1000 1000 5
0.166667 0.146907 0.036729 20 18 100 102 2 1000 1000 1000 5
0.166667 0.136917 0.034805 20 17 100 106 2 1000 1000 1000 5
0.166667 0.168286 0.042059 20 17 100 88 2 1000 1000 1000 5
0.166667 0.181490 0.039112 20 20 100 91 2 1000 1000 1000 5
0.166667 0.159174 0.036524 20 18 100 105 2 1000 1000 1000 5
0.166667 0.265330 0.042625 20 31 100 96 2 1000 1000 1000 5
0.166667 0.166775 0.036746 20 21 100 108 2 1000 1000 1000 5
0.166667 0.192185 0.037667 20 22 100 112 2 1000 1000 1000 5
0.166667 0.179435 0.040055 20 20 100 93 2 1000 1000 1000 5
0.166667 0.185857 0.042077 20 20 100 83 2 1000 1000 1000 5
0.166667 0.174306 0.041893 20 19 100 84 2 1000 1000 1000 5
0.166667 0.146620 0.038716 20 14 100 93 2 1000 1000 1000 5
0.166667 0.119401 0.032302 20 15 100 108 2 1000 1000 1000 5
0.166667 0.232358 0.044922 20 21 100 85 2 1000 1000 1000 5
0.166667 0.202040 0.038912 20 23 100 106 2 1000 1000 1000 5
0.166667 0.195570 0.040009 20 22 100 105 2 1000 1000 1000 5
0.166667 0.159580 0.036408 20 19 100 101 2 1000 1000 1000 5
0.166667 0.205572 0.039333 20 24 100 101 2 1000 1000 1000 5
0.166667 0.112553 0.030861 20 17 100 116 2 1000 1000 1000 5
0.166667 0.130501 0.032134 20 18 100 111 2 1000 1000 1000 5
0.166667 0.155869 0.035336 20 20 100 109 2 1000 1000 1000 5
0.166667 0.170680 0.036597 20 21 100 104 2 1000 1000 1000 5
0.166667 0.165884 0.038194 20 19 100 99 2 1000 1000 1000 5
0.166667 0.136572 0.036968 20 15 100 95 2 1000 1000 1000 5
0.166667 0.218994 0.039014 20 31 100 106 2 1000 1000 1000 5
0.166667 0.208890 0.041540 20 22 100 96 2 1000 1000 1000 5
0.166667 0.127792 0.035250 20 12 100 101 2 1000 1000 1000 5
0.166667 0.172929 0.040186 20 21 100 104 2 1000 1000 1000 5
0.166667 0.248832 0.046755 20 22 100 80 2 1000 1000 1000 5
0.166667 0.137966 0.035511 20 16 100 103 2 1000 1000 1000 5
0.166667 0.164329 0.038409 20 18 100 97 2 1000 1000 1000 5
0.166667 0.241879 0.040679 20 29 100 101 2 1000 1000 1000 5
0.166667 0.221700 0.040461 20 26 100 105 2 1000 1000 1000 5
0.166667 0.268037 0.044747 20 30 100 82 2 1000 1000 1000 5
0.166667 0.181076 0.038311 20 20 100 105 2 1000 1000 1000 5
0.166667 0.144593 0.035008 20 18 100 115 2 1000 1000 1000 5
0.166667 0.171876 0.035045 20 24 100 126 2 1000 1000 1000 5
0.166667 0.143244 0.035586 20 16 100 107 2 1000 1000 1000 5
0.166667 0.181079 0.041478 20 18 100 89 2 1000 1000 1000 5
0.166667 0.202951 0.041606 20 22 100 85 2 1000 1000 1000 5
0.166667 0.252005 0.045371 20 26 100 85 2 1000 1000 1000 5
0.166667 0.130582 0.036829 20 15 100 93 2 1000 1000 1000 5
0.166667 0.220724 0.041901 20 21 100 95 2 1000 1000 1000 5
0.166667 0.179186 0.039208 20 21 100 92 2 1000 1000 1000 5
0.166667 0.213518 0.041602 20 23 100 91 2 1000 1000 1000 5
0.166667 0.162829 0.037464 20 18 100 105 2 1000 1000 1000 5
0.166667 0.183489 0.038491 20 21 100 100 2 1000 1000 1000 5
0.166667 0.179299 0.039468 20 20 100 95 2 1000 1000 1000 5
0.166667 0.130205 0.036378 20 14 100 91 2 1000 1000 1000 5
0.166667 0.222913 0.042871 20 21 100 96 2 1000 1000 1000 5
0.166667 0.150117 0.036178 20 17 100 102 2 1000 1000 1000 5
0.166667 0.174984 0.037695 20 20 100 102 2 1000 1000 1000 5
0.166667 0.147257 0.035667 20 16 100 110 2 1000 1000 1000 5
0.166667 0.111490 0.034577 20 12 100 100 2 1000 1000 1000 5
0.166667 0.187875 0.040731 20 21 100 92 2 1000 1000 1000 5
0.166667 0.188490 0.039806 20 21 100 99 2 1000 1000 1000 5
0.166667 0.159058 0.037047 20 18 100 99 2 1000 1000 1000 5
0.166667 0.181789 0.039504 20 22 100 95 2 1000 1000 1000 5
0.166667 0.180203 0.036306 20 22 100 115 2 1000 1000 1000 5
0.166667 0.139540 0.035732 20 15 100 103 2 1000 1000 1000 5
0.166667 0.161555 0.036960 20 18 100 100 2 1000 1000 1000 5
0.166667 0.144941 0.033859 20 20 100 111 2 1000 1000 1000 5
0.166667 0.196479 0.042978 20 18 100 87 2 1000 1000 1000 5
0.166667 0.211439 0.040162 20 26 100 104 2 1000 1000 1000 5
0.166667 0.151054 0.037084 20 17 100 92 2 1000 1000 1000 5
0.166667 0.145621 0.034172 20 17 100 113 2 1000 1000 1000 5
0.166667 0.153485 0.038123 20 15 100 91 2 1000 1000 1000 5
0.166667 0.139373 0.033773 20 19 100 106 2 1000 1000 1000 5
0.166667 0.230105 0.037811 20 30 100 116 2 1000 1000 1000 5
0.166667 0.203958 0.040729 20 21 100 95 2 1000 1000 1000 5
0.166667 0.142889 0.034758 20 19 100 106 2 1000 1000 1000 5
0.166667 0.165917 0.038253 20 15 100 95 2 1000 1000 1000 5
0.166667 0.128013 0.038754 20 14 100 91 2 1000 1000 1000 5
0.166667 0.155188 0.036954 20 18 100 99 2 1000 1000 1000 5
0.166667 0.237055 0.044397 20 24 100 87 2 1000 1000 1000 5
0.166667 0.141507 0.033585 20 19 100 118 2 1000 1000 1000 5
0.166667 0.195770 0.039266 20 22 100 105 2 1000 1000 1000 5
0.166667 0.146508 0.036160 20 18 100 100 2 1000 1000 1000 5
0.166667 0.217895 0.040320 20 24 100 98 2 1000 1000 1000 5
0.166667 0.217720 0.040686 20 23 100 100 2 1000 1000 1000 5
0.166667 0.188054 0.038642 20 24 100 101 2 1000 1000 1000 5
0.166667 0.180704 0.041801 20 21 100 89 2 1000 1000 1000 5
0.166667 0.112560 0.033012 20 13 100 103 2 1000 1000 1000 5
0.166667 0.175871 0.039314 20 16 100 97 2 1000 1000 1000 5
0.166667 0.207003 0.043460 20 23 100 98 2 1000 1000 1000 5
0.166667 0.271324 0.044850 20 30 100 90 2 1000 1000 1000 5
0.166667 0.134948 0.034155 20 13 100 110 2 1000 1000 1000 5
0.166667 0.225227 0.046106 20 21 100 81 2 1000 1000 1000 5
0.166667 0.150497 0.037677 20 15 100 97 2 1000 1000 1000 5
0.166667 0.147553 0.036224 20 16 100 101 2 1000 1000 1000 5
0.166667 0.172075 0.038422 20 20 100 99 2 1000 1000 1000 5
0.166667 0.155724 0.034570 20 19 100 113 2 1000 1000 1000 5
0.166667 0.165363 0.037504 20 20 100 106 2 1000 1000 1000 5
0.166667 0.201749 0.037778 20 25 100 113 2 1000 1000 1000 5
0.166667 0.172567 0.036037 20 21 100 112 2 1000 1000 1000 5
0.166667 0.181942 0.041609 20 19 100 95 2 1000 1000 1000 5
0.166667 0.182219 0.040616 20 20 100 90 2 1000 1000 1000 5
0.166667 0.164020 0.033367 20 22 100 127 2 1000 1000 1000 5
0.166667 0.209385 0.037072 20 28 100 112 2 1000 1000 1000 5
0.166667 0.164796 0.036908 20 21 100 106 2 1000 1000 1000 5
0.166667 0.238391 0.043907 20 24 100 89 2 1000 1000 1000 5
0.166667 0.191723 0.039477 20 20 100 103 2 1000 1000 1000 5
0.166667 0.157007 0.035982 20 19 100 109 2 1000 1000 1000 5
0.166667 0.198547 0.042733 20 18 100 85 2 1000 1000 1000 5
0.166667 0.177018 0.042863 20 18 100 83 2 1000 1000 1000 5
0.166667 0.201906 0.042583 20 24 100 88 2 1000 1000 1000 5
0.166667 0.153696 0.036746 20 18 100 100 2 1000 1000 1000 5
0.166667 0.073038 0.027768 20 10 100 104 2 1000 1000 1000 5
0.166667 0.229900 0.038705 20 27 100 112 2 1000 1000 1000 5
0.166667 0.197248 0.041744 20 19 100 96 2 1000 1000 1000 5
0.166667 0.169721 0.036536 20 22 100 107 2 1000 1000 1000 5
0.166667 0.189380 0.042109 20 20 100 94 2 1000 1000 1000 5
0.166667 0.191185 0.038995 20 22 100 106 2 1000 1000 1000 5
0.166667 0.166083 0.035002 20 26 100 119 2 1000 1000 1000 5
0.166667 0.143745 0.033357 20 18 100 109 2 1000 1000 1000 5
0.166667 0.131699 0.033021 20 20 100 116 2 1000 1000 1000 5
0.166667 0.170982 0.037908 20 18 100 102 2 1000 1000 1000 5
0.166667 0.090810 0.033221 20 9 100 90 2 1000 1000 1000 5
0.166667 0.101917 0.030443 20 11 100 111 2 1000 1000 1000 5
0.166667 0.181701 0.041157 20 19 100 91 2 1000 1000 1000 5
0.166667 0.127970 0.035816 20 16 100 96 2 1000 1000 1000 5
0.166667 0.168578 0.035764 20 23 100 112 2 1000 1000 1000 5
0.166667 0.142474 0.035958 20 18 100 99 2 1000 1000 1000 5
0.166667 0.135535 0.034023 20 19 100 112 2 1000 1000 1000 5
0.166667 0.191375 0.040310 20 21 100 93 2 1000 1000 1000 5
0.166667 0.170732 0.037071 20 22 100 104 2 1000 1000 1000 5
0.166667 0.122723 0.036896 20 15 100 93 2 1000 1000 1000 5
0.166667 0.159741 0.040619 20 17 100 87 2 1000 1000 1000 5
0.166667 0.187159 0.037911 20 27 100 104 2 1000 1000 1000 5
0.166667 0.171081 0.037795 20 22 100 109 2 1000 1000 1000 5
0.166667 0.163019 0.036110 20 19 100 112 2 1000 1000 1000 5
0.166667 0.138920 0.032959 20 18 100 116 2 1000 1000 1000 5
0.166667 0.181020 0.037776 20 22 100 104 2 1000 1000 1000 5
0.166667 0.132718 0.033914 20 18 100 112 2 1000 1000 1000 5
0.166667 0.287461 0.044976 20 26 100 88 2 1000 1000 1000 5
0.166667 0.195475 0.038538 20 24 100 105 2 1000 1000 1000 5
0.166667 0.187122 0.037026 20 21 100 110 2 1000 1000 1000 5
0.166667 0.146437 0.035940 20 16 100 103 2 1000 1000 1000 5
0.166667 0.160333 0.037217 20 23 100 106 2 1000 1000 1000 5
0.166667 0.230927 0.044278 20 25 100 87 2 1000 1000 1000 5
0.166667 0.256478 0.043813 20 28 100 92 2 1000 1000 1000 5
0.166667 0.110342 0.031332 20 15 100 114 2 1000 1000 1000 5
0.166667 0.218520 0.041019 20 22 100 94 2 1000 1000 1000 5
0.166667 0.144756 0.035265 20 17 100 105 2 1000 1000 1000 5
0.166667 0.124976 0.034693 20 13 100 102 2 1000 1000 1000 5
0.166667 0.187918 0.040014 20 22 100 95 2 1000 1000 1000 5
0.166667 0.161073 0.037869 20 17 100 94 2 1000 1000 1000 5
0.166667 0.228508 0.041756 20 24 100 89 2 1000 1000 1000 5
0.166667 0.194173 0.039822 20 21 100 95 2 1000 1000 1000 5
0.166667 0.203473 0.040685 20 24 100 89 2 1000 1000 1000 5
0.166667 0.152485 0.036662 20 18 100 100 2 1000 1000 1000 5
0.166667 0.114595 0.034099 20 12 100 112 2 1000 1000 1000 5
0.166667 0.203299 0.041647 20 24 100 92 2 1000 1000 1000 5
0.166667 0.127306 0.033427 20 15 100 112 2 1000 1000 1000 5
0.166667 0.197845 0.042178 20 20 100 89 2 1000 1000 1000 5
0.166667 0.111323 0.031604 20 16 100 108 2 1000 1000 1000 5
0.166667 0.150470 0.034836 20 19 100 110 2 1000 1000 1000 5
0.166667 0.155585 0.037716 20 18 100 107 2 1000 1000 1000 5
0.166667 0.209054 0.041002 20 24 100 100 2 1000 1000 1000 5
0.166667 0.146314 0.039418 20 14 100 91 2 1000 1000 1000 5
0.166667 0.199672 0.039981 20 22 100 100 2 1000 1000 1000 5
0.166667 0.189512 0.035988 20 24 100 117 2 1000 1000 1000 5
0.166667 0.243059 0.045651 20 23 100 87 2 1000 1000 1000 5
0.166667 0.161008 0.037853 20 18 100 96 2 1000 1000 1000 5
0.166667 0.144580 0.035922 20 17 100 99 2 1000 1000 1000 5
0.166667 0.182477 0.036879 20 21 100 110 2 1000 1000 1000 5
0.166667 0.252710 0.043101 20 24 100 94 2 1000 1000 1000 5
0.166667 0.187746 0.039666 20 21 100 96 2 1000 1000 1000 5
0.166667 0.168970 0.035143 20 23 100 124 2 1000 1000 1000 5
0.166667 0.148609 0.033581 20 20 100 113 2 1000 1000 1000 5
0.166667 0.148132 0.035868 20 18 100 98 2 1000 1000 1000 5
0.166667 0.129354 0.032860 20 19 100 112 2 1000 1000 1000 5
0.166667 0.180305 0.037771 20 19 100 107 2 1000 1000 1000 5
0.166667 0.194834 0.041891 20 19 100 94 2 1000 1000 1000 5
0.166667 0.215221 0.039944 20 27 100 100 2 1000 1000 1000 5
0.166667 0.197251 0.040972 20 20 100 91 2 1000 1000 1000 5
0.166667 0.174438 0.040527 20 16 100 95 2 1000 1000 1000 5
0.166667 0.129498 0.035631 20 16 100 100 2 1000 1000 1000 5
0.166667 0.200237 0.039435 20 21 100 101 2 1000 1000 1000 5
0.166667 0.229580 0.042560 20 26 100 96 2 1000 1000 1000 5
0.166667 0.203115 0.042834 20 20 100 91 2 1000 1000 1000 5
0.166667 0.168128 0.040845 20 17 100 90 2 1000 1000 1000 5
0.166667 0.185288 0.037505 20 20 100 107 2 1000 1000 1000 5
0.166667 0.199182 0.037213 20 24 100 113 2 1000 1000 1000 5
0.166667 0.176769 0.038471 20 23 100 102 2 1000 1000 1000 5
0.166667 0.150917 0.036282 20 19 100 103 2 1000 1000 1000 5
0.166667 0.274275 0.042818 20 32 100 95 2 1000 1000 1000 5
0.166667 0.178311 0.038296 20 25 100 99 2 1000 1000 1000 5
0.166667 0.159614 0.038876 20 18 100 95 2 1000 1000 1000 5
0.166667 0.240792 0.044399 20 25 100 87 2 1000 1000 1000 5
0.166667 0.267911 0.045765 20 28 100 83 2 1000 1000 1000 5
0.166667 0.173965 0.037632 20 19 100 108 2 1000 1000 1000 5
0.166667 0.168916 0.036383 20 21 100 114 2 1000 1000 1000 5
0.166667 0.178124 0.040110 20 24 100 96 2 1000 1000 1000 5
0.166667 0.154513 0.035470 20 20 100 106 2 1000 1000 1000 5
0.166667 0.227049 0.043052 20 25 100 90 2 1000 1000 1000 5
0.166667 0.168901 0.041886 20 16 100 84 2 1000 1000 1000 5
0.166667 0.188119 0.038622 20 24 100 101 2 1000 1000 1000 5
0.166667 0.184482 0.039969 20 18 100 96 2 1000 1000 1000 5
0.166667 0.190852 0.038291 20 23 100 105 2 1000 1000 1000 5
0.166667 0.201919 0.041983 20 22 100 93 2 1000 1000 1000 5
0.166667 0.155155 0.037814 20 18 100 96 2 1000 1000 1000 5
0.166667 0.178497 0.036653 20 19 100 107 2 1000 1000 1000 5
0.166667 0.212408 0.043143 20 20 100 92 2 1000 1000 1000 5
0.166667 0.162921 0.037664 20 18 100 97 2 1000 1000 1000 5
0.166667 0.201888 0.037009 20 28 100 111 2 1000 1000 1000 5
0.166667 0.200167 0.040065 20 24 100 95 2 1000 1000 1000 5
0.166667 0.121388 0.032160 20 16 100 114 2 1000 1000 1000 5
0.166667 0.193648 0.039273 20 20 100 98 2 1000 1000 1000 5
0.166667 0.135698 0.034342 20 17 100 104 2 1000 1000 1000 5
0.166667 0.080015 0.030191 20 8 100 105 2 1000 1000 1000 5
0.166667 0.097696 0.032660 20 12 100 96 2 1000 1000 1000 5
0.166667 0.235198 0.046280 20 21 100 80 2 1000 1000 1000 5
0.166667 0.160028 0.036283 20 22 100 108 2 1000 1000 1000 5
0.166667 0.236832 0.044963 20 24 100 77 2 1000 1000 1000 5
0.166667 0.294741 0.047449 20 29 100 83 2 1000 1000 1000 5
0.166667 0.233234 0.041126 20 27 100 97 2 1000 1000 1000 5
0.166667 0.109636 0.033454 20 13 100 112 2 1000 1000 1000 5
0.166667 0.192592 0.037784 20 23 100 110 2 1000 1000 1000 5
0.166667 0.217605 0.042660 20 23 100 92 2 1000 1000 1000 5
0.166667 0.221960 0.041083 20 26 100 97 2 1000 1000 1000 5
0.166667 0.143373 0.034963 20 16 100 109 2 1000 1000 1000 5
0.166667 0.106669 0.031015 20 14 100 114 2 1000 1000 1000 5
0.166667 0.193306 0.039431 20 23 100 99 2 1000 1000 1000 5
0.166667 0.225337 0.044528 20 22 100 83 2 1000 1000 1000 5
0.166667 0.231224 0.042800 20 25 100 95 2 1000 1000 1000 5
0.166667 0.123653 0.034009 20 17 100 105 2 1000 1000 1000 5
0.166667 0.184538 0.040610 20 22 100 90 2 1000 1000 1000 5
0.166667 0.235401 0.044552 20 23 100 84 2 1000 1000 1000 5
0.166667 0.157756 0.038588 20 18 100 94 2 1000 1000 1000 5
0.166667 0.131749 0.033993 20 17 100 107 2 1000 1000 1000 5
0.166667 0.260486 0.044051 20 26 100 93 2 1000 1000 1000 5
0.166667 0.196173 0.041859 20 22 100 85 2 1000 1000 1000 5
0.166667 0.191721 0.038474 20 25 100 108 2 1000 1000 1000 5
0.166667 0.190286 0.040099 20 21 100 100 2 1000 1000 1000 5
0.166667 0.178742 0.035758 20 25 100 112 2 1000 1000 1000 5
0.166667 0.264078 0.045106 20 29 100 85 2 1000 1000 1000 5
0.166667 0.190510 0.040912 20 22 100 89 2 1000 1000 1000 5
0.166667 0.214319 0.041321 20 23 100 93 2 1000 1000 1000 5
0.166667 0.233979 0.043036 20 25 100 89 2 1000 1000 1000 5
0.166667 0.252466 0.047311 20 21 100 85 2 1000 1000 1000 5
0.166667 0.240121 0.038421 20 31 100 112 2 1000 1000 1000 5
0.166667 0.150972 0.036500 20 14 100 104 2 1000 1000 1000 5
0.166667 0.196189 0.036090 20 25 100 115 2 1000 1000 1000 5
0.166667 0.116114 0.033973 20 14 100 97 2 1000 1000 1000 5
0.166667 0.190865 0.037618 20 24 100 109 2 1000 1000 1000 5
0.166667 0.195301 0.040808 20 21 100 96 2 1000 1000 1000 5
0.166667 0.168900 0.040395 20 17 100 87 2 1000 1000 1000 5
0.166667 0.171879 0.036393 20 23 100 108 2 1000 1000 1000 5
0.166667 0.241326 0.045369 20 26 100 83 2 1000 1000 1000 5
0.166667 0.136741 0.037513 20 17 100 98 2 1000 1000 1000 5
0.166667 0.144707 0.037086 20 16 100 90 2 1000 1000 1000 5
0.166667 0.124569 0.033891 20 16 100 108 2 1000 1000 1000 5
0.166667 0.138269 0.036746 20 18 100 97 2 1000 1000 1000 5
0.166667 0.220259 0.042913 20 23 100 89 2 1000 1000 1000 5
0.166667 0.187739 0.038737 20 22 100 95 2 1000 1000 1000 5
0.166667 0.217155 0.039313 20 25 100 104 2 1000 1000 1000 5
0.166667 0.129142 0.036316 20 14 100 95 2 1000 1000 1000 5
0.166667 0.188246 0.039059 20 24 100 97 2 1000 1000 1000 5
0.166667 0.138053 0.036182 20 14 100 99 2 1000 1000 1000 5
0.166667 0.147888 0.038242 20 15 100 93 2 1000 1000 1000 5
0.166667 0.151226 0.035290 20 18 100 107 2 1000 1000 1000 5
0.166667 0.162444 0.038840 20 19 100 99 2 1000 1000 1000 5
0.166667 0.173827 0.036627 20 25 100 112 2 1000 1000 1000 5
0.166667 0.189528 0.035969 20 23 100 119 2 1000 1000 1000 5
0.166667 0.155639 0.039716 20 17 100 86 2 1000 1000 1000 5
0.166667 0.170973 0.036039 20 25 100 110 2 1000 1000 1000 5
0.166667 0.184050 0.037166 20 24 100 107 2 1000 1000 1000 5
0.166667 0.183085 0.039226 20 22 100 96 2 1000 1000 1000 5
0.166667 0.203203 0.041920 20 20 100 88 2 1000 1000 1000 5
0.166667 0.216887 0.038723 20 28 100 105 2 1000 1000 1000 5
0.166667 0.168472 0.036981 20 21 100 108 2 1000 1000 1000 5
0.166667 0.159714 0.039956 20 14 100 92 2 1000 1000 1000 5
0.166667 0.192304 0.038992 20 24 100 102 2 1000 1000 1000 5
0.166667 0.178362 0.039173 20 23 100 95 2 1000 1000 1000 5
0.166667 0.246491 0.043088 20 27 100 84 2 1000 1000 1000 5
0.166667 0.166727 0.035801 20 23 100 118 2 1000 1000 1000 5
0.166667 0.175835 0.042806 20 15 100 91 2 1000 1000 1000 5
0.166667 0.161301 0.036024 20 19 100 110 2 1000 1000 1000 5
0.166667 0.121245 0.033807 20 15 100 110 2 1000 1000 1000 5
0.166667 0.173580 0.039678 20 19 100 93 2 1000 1000 1000 5
0.166667 0.134161 0.031285 20 20 100 118 2 1000 1000 1000 5
0.166667 0.178573 0.038868 20 20 100 102 2 1000 1000 1000 5
0.166667 0.170750 0.036830 20 21 100 104 2 1000 1000 1000 5
0.166667 0.124671 0.034779 20 18 100 97 2 1000 1000 1000 5
0.166667 0.136009 0.035227 20 17 100 105 2 1000 1000 1000 5
0.166667 0.201963 0.040844 20 19 100 100 2 1000 1000 1000 5
0.166667 0.151056 0.035875 20 15 100 102 2 1000 1000 1000 5
0.166667 0.101158 0.029562 20 15 100 116 2 1000 1000 1000 5
0.166667 0.129228 0.033637 20 12 100 113 2 1000 1000 1000 5
0.166667 0.177277 0.039739 20 19 100 102 2 1000 1000 1000 5
0.166667 0.187544 0.039451 20 21 100 100 2 1000 1000 1000 5
0.166667 0.165936 0.038613 20 18 100 95 2 1000 1000 1000 5
0.166667 0.134996 0.036958 20 16 100 98 2 1000 1000 1000 5
0.166667 0.116563 0.032378 20 17 100 106 2 1000 1000 1000 5
0.166667 0.244002 0.043460 20 25 100 88 2 1000 1000 1000 5
0.166667 0.182690 0.042129 20 20 100 84 2 1000 1000 1000 5
0.166667 0.175786 0.042705 20 18 100 80 2 1000 1000 1000 5
0.166667 0.157490 0.035562 20 24 100 111 2 1000 1000 1000 5
0.166667 0.178336 0.036397 20 20 100 111 2 1000 1000 1000 5
0.166667 0.187562 0.038804 20 23 100 103 2 1000 1000 1000 5
0.166667 0.176058 0.037766 20 21 100 106 2 1000 1000 1000 5
0.166667 0.219930 0.040585 20 24 100 105 2 1000 1000 1000 5
0.166667 0.155194 0.035923 20 20 100 112 2 1000 1000 1000 5
0.166667 0.154761 0.036086 20 18 100 99 2 1000 1000 1000 5
0.166667 0.215948 0.043199 20 25 100 87 2 1000 1000 1000 5
0.166667 0.167194 0.038084 20 20 100 103 2 1000 1000 1000 5
0.166667 0.154632 0.036446 20 18 100 106 2 1000 1000 1000 5
0.166667 0.204184 0.039810 20 21 100 108 2 1000 1000 1000 5
0.166667 0.201151 0.041693 20 19 100 87 2 1000 1000 1000 5
0.166667 0.167451 0.038541 20 17 100 99 2 1000 1000 1000 5
0.166667 0.206744 0.044633 20 16 100 82 2 1000 1000 1000 5
0.166667 0.210587 0.043094 20 22 100 83 2 1000 1000 1000 5
0.166667 0.223886 0.041624 20 26 100 97 2 1000 1000 1000 5
0.166667 0.211945 0.044481 20 18 100 90 2 1000 1000 1000 5
0.166667 0.083579 0.028538 20 10 100 114 2 1000 1000 1000 5
0.166667 0.183995 0.040275 20 21 100 88 2 1000 1000 1000 5
0.166667 0.213953 0.041872 20 22 100 92 2 1000 1000 1000 5
0.166667 0.165461 0.041040 20 16 100 86 2 1000 1000 1000 5
0.166667 0.156488 0.037558 20 17 100 102 2 1000 1000 1000 5
0.166667 0.182528 0.039838 20 20 100 91 2 1000 1000 1000 5
0.166667 0.177250 0.038113 20 21 100 107 2 1000 1000 1000 5
0.166667 0.170906 0.042357 20 19 100 86 2 1000 1000 1000 5
0.166667 0.147620 0.037689 20 19 100 95 2 1000 1000 1000 5
0.166667 0.176079 0.039411 20 20 100 93 2 1000 1000 1000 5
0.166667 0.177511 0.035535 20 24 100 115 2 1000 1000 1000 5
0.166667 0.168551 0.038041 20 21 100 102 2 1000 1000 1000 5
0.166667 0.078672 0.031150 20 12 100 95 2 1000 1000 1000 5
0.166667 0.104036 0.033385 20 16 100 99 2 1000 1000 1000 5
0.166667 0.224240 0.048313 20 21 100 74 2 1000 1000 1000 5
0.166667 0.192795 0.044518 20 14 100 92 2 1000 1000 1000 5
0.166667 0.180690 0.037593 20 19 100 101 2 1000 1000 1000 5
0.166667 0.199894 0.040539 20 20 100 93 2 1000 1000 1000 5
0.166667 0.247522 0.044223 20 23 100 86 2 1000 1000 1000 5
0.166667 0.167175 0.042315 20 13 100 84 2 1000 1000 1000 5
0.166667 0.188685 0.040264 20 20 100 103 2 1000 1000 1000 5
0.166667 0.134876 0.037659 20 13 100 87 2 1000 1000 1000 5
0.166667 0.190869 0.036869 20 25 100 112 2 1000 1000 1000 5
0.166667 0.128125 0.035370 20 15 100 100 2 1000 1000 1000 5
0.166667 0.141154 0.034832 20 20 100 107 2 1000 1000 1000 5
0.166667 0.159027 0.033557 20 21 100 116 2 1000 1000 1000 5
0.166667 0.217587 0.043203 20 25 100 87 2 1000 1000 1000 5
0.166667 0.209582 0.040117 20 27 100 95 2 1000 1000 1000 5
0.166667 0.168484 0.037162 20 21 100 104 2 1000 1000 1000 5
0.166667 0.171753 0.035572 20 24 100 113 2 1000 1000 1000 5
0.166667 0.214677 0.044571 20 20 100 80 2 1000 1000 1000 5
0.166667 0.139436 0.037525 20 16 100 91 2 1000 1000 1000 5
0.166667 0.173292 0.041364 20 20 100 88 2 1000 1000 1000 5
0.166667 0.285342 0.044494 20 32 100 90 2 1000 1000 1000 5
0.166667 0.148057 0.038848 20 19 100 94 2 1000 1000 1000 5
0.166667 0.171169 0.038624 20 21 100 95 2 1000 1000 1000 5
0.166667 0.192629 0.039583 20 21 100 98 2 1000 1000 1000 5
0.166667 0.143367 0.037382 20 17 100 95 2 1000 1000 1000 5
0.166667 0.201440 0.037828 20 27 100 111 2 1000 1000 1000 5
0.166667 0.185477 0.038201 20 23 100 100 2 1000 1000 1000 5
0.166667 0.117965 0.030250 20 18 100 128 2 1000 1000 1000 5
0.166667 0.164182 0.035919 20 19 100 105 2 1000 1000 1000 5
0.166667 0.159951 0.033424 20 23 100 124 2 1000 1000 1000 5
0.166667 0.188714 0.039253 20 25 100 97 2 1000 1000 1000 5
0.166667 0.182764 0.037037 20 23 100 107 2 1000 1000 1000 5
0.166667 0.194741 0.041855 20 19 100 92 2 1000 1000 1000 5
0.166667 0.162963 0.037676 20 19 100 100 2 1000 1000 1000 5
0.166667 0.166633 0.037589 20 21 100 102 2 1000 1000 1000 5
0.166667 0.148072 0.039785 20 14 100 83 2 1000 1000 1000 5
0.166667 0.194922 0.041436 20 22 100 85 2 1000 1000 1000 5
0.166667 0.192545 0.045540 20 17 100 83 2 1000 1000 1000 5
0.166667 0.164524 0.035937 20 22 100 106 2 1000 1000 1000 5
0.166667 0.180505 0.041072 20 18 100 92 2 1000 1000 1000 5
0.166667 0.213207 0.041121 20 22 100 108 2 1000 1000 1000 5
0.166667 0.159385 0.034728 20 19 100 113 2 1000 1000 1000 5
0.166667 0.166563 0.034829 20 22 100 114 2 1000 1000 1000 5
0.166667 0.107161 0.031272 20 11 100 110 2 1000 1000 1000 5
0.166667 0.215326 0.041647 20 23 100 99 2 1000 1000 1000 5
0.166667 0.180752 0.038248 20 21 100 95 2 1000 1000 1000 5
0.166667 0.169897 0.036483 20 20 100 109 2 1000 1000 1000 5
0.166667 0.195467 0.041613 20 20 100 90 2 1000 1000 1000 5
0.166667 0.167139 0.040016 20 14 100 97 2 1000 1000 1000 5
0.166667 0.110196 0.032477 20 15 100 105 2 1000 1000 1000 5
0.166667 0.173898 0.037262 20 22 100 106 2 1000 1000 1000 5
0.166667 0.167881 0.037585 20 18 100 95 2 1000 1000 1000 5
0.166667 0.205069 0.040848 20 23 100 91 2 1000 1000 1000 5
0.166667 0.251459 0.041944 20 27 100 104 2 1000 1000 1000 5
0.166667 0.223646 0.041300 20 29 100 96 2 1000 1000 1000 5
0.166667 0.180112 0.038213 20 23 100 101 2 1000 1000 1000 5
0.166667 0.213444 0.041010 20 24 100 96 2 1000 1000 1000 5
0.166667 0.120799 0.030549 20 15 100 130 2 1000 1000 1000 5
0.166667 0.140933 0.038234 20 19 100 100 2 1000 1000 1000 5
0.166667 0.169474 0.040017 20 18 100 94 2 1000 1000 1000 5
0.166667 0.132396 0.034309 20 14 100 113 2 1000 1000 1000 5
0.166667 0.164813 0.036520 20 21 100 106 2 1000 1000 1000 5
0.166667 0.161997 0.036399 20 16 100 105 2 1000 1000 1000 5
0.166667 0.195491 0.039484 20 21 100 97 2 1000 1000 1000 5
0.166667 0.155750 0.037069 20 18 100 97 2 1000 1000 1000 5
0.166667 0.124275 0.035444 20 14 100 95 2 1000 1000 1000 5
0.166667 0.115434 0.030755 20 13 100 125 2 1000 1000 1000 5
0.166667 0.176221 0.039649 20 16 100 99 2 1000 1000 1000 5
0.166667 0.125517 0.035924 20 12 100 98 2 1000 1000 1000 5
0.166667 0.126978 0.032014 20 19 100 117 2 1000 1000 1000 5
0.166667 0.181696 0.039549 20 19 100 91 2 1000 1000 1000 5
0.166667 0.234448 0.040989 20 27 100 98 2 1000 1000 1000 5
0.166667 0.162453 0.037505 20 23 100 104 2 1000 1000 1000 5
0.166667 0.165021 0.036191 20 19 100 101 2 1000 1000 1000 5
0.166667 0.121888 0.035295 20 13 100 97 2 1000 1000 1000 5
0.166667 0.131052 0.037934 20 14 100 94 2 1000 1000 1000 5
0.166667 0.215874 0.039790 20 25 100 103 2 1000 1000 1000 5
0.166667 0.091553 0.032438 20 11 100 100 2 1000 1000 1000 5
0.166667 0.139928 0.033132 20 18 100 117 2 1000 1000 1000 5
0.166667 0.173291 0.036325 20 23 100 114 2 1000 1000 1000 5
0.166667 0.101312 0.032626 20 11 100 92 2 1000 1000 1000 5
0.166667 0.145640 0.036368 20 19 100 97 2 1000 1000 1000 5
0.166667 0.210980 0.043083 20 22 100 85 2 1000 1000 1000 5
0.166667 0.260668 0.043422 20 30 100 87 2 1000 1000 1000 5
0.166667 0.146681 0.037282 20 13 100 98 2 1000 1000 1000 5
0.166667 0.157654 0.037121 20 19 100 98 2 1000 1000 1000 5
0.166667 0.135703 0.036332 20 18 100 101 2 1000 1000 1000 5
0.166667 0.107134 0.033513 20 14 100 97 2 1000 1000 1000 5
0.166667 0.167476 0.038185 20 20 100 97 2 1000 1000 1000 5
0.166667 0.138068 0.036597 20 13 100 94 2 1000 1000 1000 5
0.166667 0.158470 0.034968 20 17 100 109 2 1000 1000 1000 5
0.166667 0.178303 0.036443 20 23 100 108 2 1000 1000 1000 5
0.166667 0.225354 0.043109 20 24 100 90 2 1000 1000 1000 5
0.166667 0.210283 0.040087 20 22 100 95 2 1000 1000 1000 5
0.166667 0.192593 0.038703 20 21 100 101 2 1000 1000 1000 5
0.166667 0.131985 0.033798 20 15 100 109 2 1000 1000 1000 5
0.166667 0.126670 0.035119 20 15 100 101 2 1000 1000 1000 5
0.166667 0.221324 0.044980 20 22 100 86 2 1000 1000 1000 5
0.166667 0.201158 0.038204 20 24 100 102 2 1000 1000 1000 5
0.166667 0.155569 0.037613 20 17 100 99 2 1000 1000 1000 5
0.166667 0.140393 0.036698 20 13 100 105 2 1000 1000 1000 5
0.166667 0.117865 0.033619 20 15 100 111 2 1000 1000 1000 5
0.166667 0.135899 0.034182 20 18 100 106 2 1000 1000 1000 5
0.166667 0.215547 0.045321 20 20 100 77 2 1000 1000 1000 5
0.166667 0.304982 0.045753 20 32 100 90 2 1000 1000 1000 5
0.166667 0.227961 0.040492 20 29 100 103 2 1000 1000 1000 5
0.166667 0.202752 0.038462 20 24 100 99 2 1000 1000 1000 5
0.166667 0.214302 0.043069 20 24 100 92 2 1000 1000 1000 5
0.166667 0.151779 0.034465 20 21 100 114 2 1000 1000 1000 5
0.166667 0.182382 0.035502 20 27 100 115 2 1000 1000 1000 5
0.166667 0.200282 0.038022 20 25 100 106 2 1000 1000 1000 5
0.166667 0.242803 0.042343 20 28 100 95 2 1000 1000 1000 5
0.166667 0.159569 0.037857 20 18 100 96 2 1000 1000 1000 5
0.166667 0.159332 0.035792 20 20 100 110 2 1000 1000 1000 5
0.166667 0.136797 0.035564 20 16 100 107 2 1000 1000 1000 5
0.166667 0.107141 0.033446 20 13 100 111 2 1000 1000 1000 5
0.166667 0.185669 0.040114 20 20 100 96 2 1000 1000 1000 5
0.166667 0.201716 0.038996 20 28 100 102 2 1000 1000 1000 5
0.166667 0.161152 0.035818 20 21 100 105 2 1000 1000 1000 5
0.166667 0.217709 0.038173 20 27 100 110 2 1000 1000 1000 5
0.166667 0.193884 0.043501 20 19 100 85 2 1000 1000 1000 5
0.166667 0.192468 0.037241 20 25 100 108 2 1000 1000 1000 5
0.166667 0.203722 0.041475 20 21 100 95 2 1000 1000 1000 5
0.166667 0.095158 0.031515 20 10 100 104 2 1000 1000 1000 5
0.166667 0.187095 0.041823 20 19 100 85 2 1000 1000 1000 5
0.166667 0.154904 0.035161 20 22 100 113 2 1000 1000 1000 5
0.166667 0.135378 0.036637 20 17 100 99 2 1000 1000 1000 5
0.166667 0.138632 0.035957 20 18 100 98 2 1000 1000 1000 5
0.166667 0.148205 0.035338 20 20 100 105 2 1000 1000 1000 5
0.166667 0.129265 0.034165 20 16 100 102 2 1000 1000 1000 5
0.166667 0.201690 0.040682 20 24 100 91 2 1000 1000 1000 5
0.166667 0.255383 0.046513 20 23 100 82 2 1000 1000 1000 5
0.166667 0.201665 0.039532 20 23 100 102 2 1000 1000 1000 5
0.166667 0.140700 0.037632 20 16 100 87 2 1000 1000 1000 5
0.166667 0.151984 0.037589 20 16 100 97 2 1000 1000 1000 5
0.166667 0.153294 0.036089 20 19 100 103 2 1000 1000 1000 5
0.166667 0.176419 0.038303 20 21 100 102 2 1000 1000 1000 5
0.166667 0.139400 0.037422 20 17 100 91 2 1000 1000 1000 5
0.166667 0.206370 0.041387 20 23 100 89 2 1000 1000 1000 5
0.166667 0.220582 0.040842 20 26 100 95 2 1000 1000 1000 5
0.166667 0.167042 0.039998 20 18 100 89 2 1000 1000 1000 5
0.166667 0.207668 0.040766 20 23 100 95 2 1000 1000 1000 5
0.166667 0.160146 0.036090 20 19 100 109 2 1000 1000 1000 5
0.166667 0.121667 0.033249 20 17 100 107 2 1000 1000 1000 5
0.166667 0.167795 0.036344 20 23 100 108 2 1000 1000 1000 5
0.166667 0.218362 0.042186 20 22 100 95 2 1000 1000 1000 5
0.166667 0.160449 0.036694 20 18 100 106 2 1000 1000 1000 5
0.166667 0.203852 0.040348 20 23 100 96 2 1000 1000 1000 5
0.166667 0.164680 0.036584 20 17 100 99 2 1000 1000 1000 5
0.166667 0.140136 0.034087 20 18 100 112 2 1000 1000 1000 5
0.166667 0.139579 0.036327 20 17 100 100 2 1000 1000 1000 5
0.166667 0.229204 0.042283 20 21 100 98 2 1000 1000 1000 5
0.166667 0.192801 0.040011 20 20 100 94 2 1000 1000 1000 5
0.166667 0.196698 0.040941 20 22 100 94 2 1000 1000 1000 5
0.166667 0.185648 0.037922 20 22 100 104 2 1000 1000 1000 5
0.166667 0.152089 0.039263 20 20 100 92 2 1000 1000 1000 5
0.166667 0.131143 0.033555 20 18 100 111 2 1000 1000 1000 5
0.166667 0.144685 0.038763 20 15 100 90 2 1000 1000 1000 5
0.166667 0.219639 0.039587 20 24 100 98 2 1000 1000 1000 5
0.166667 0.155175 0.036496 20 17 100 100 2 1000 1000 1000 5
0.166667 0.196455 0.041319 20 22 100 91 2 1000 1000 1000 5
0.166667 0.139642 0.033516 20 19 100 112 2 1000 1000 1000 5
0.166667 0.133337 0.034481 20 13 100 108 2 1000 1000 1000 5
0.166667 0.191321 0.039001 20 21 100 97 2 1000 1000 1000 5
0.166667 0.191978 0.037902 20 22 100 107 2 1000 1000 1000 5
0.166667 0.176525 0.036245 20 23 100 113 2 1000 1000 1000 5
0.166667 0.159989 0.038441 20 15 100 96 2 1000 1000 1000 5
0.166667 0.162435 0.037805 20 17 100 101 2 1000 1000 1000 5
0.166667 0.211879 0.040752 20 24 100 97 2 1000 1000 1000 5
0.166667 0.186055 0.041180 20 18 100 91 2 1000 1000 1000 5
0.166667 0.210137 0.043811 20 20 100 89 2 1000 1000 1000 5
0.166667 0.158270 0.038358 20 21 100 91 2 1000 1000 1000 5
0.166667 0.182341 0.039344 20 20 100 93 2 1000 1000 1000 5
0.166667 0.130711 0.035545 20 18 100 101 2 1000 1000 1000 5
0.166667 0.237268 0.041567 20 25 100 100 2 1000 1000 1000 5
0.166667 0.167742 0.039158 20 19 100 93 2 1000 1000 1000 5
0.166667 0.155010 0.036415 20 18 100 106 2 1000 1000 1000 5
0.166667 0.093507 0.032074 20 14 100 99 2 1000 1000 1000 5
0.166667 0.081351 0.029317 20 12 100 100 2 1000 1000 1000 5
0.166667 0.185394 0.037384 20 23 100 101 2 1000 1000 1000 5
0.166667 0.162038 0.039666 20 19 100 91 2 1000 1000 1000 5
0.166667 0.162398 0.036758 20 20 100 103 2 1000 1000 1000 5
0.166667 0.147824 0.034914 20 21 100 112 2 1000 1000 1000 5
0.166667 0.181316 0.040342 20 20 100 94 2 1000 1000 1000 5
0.166667 0.175849 0.036848 20 23 100 109 2 1000 1000 1000 5
0.166667 0.156024 0.038183 20 15 100 99 2 1000 1000 1000 5
0.166667 0.164544 0.039166 20 17 100 95 2 1000 1000 1000 5
0.166667 0.155852 0.035107 20 19 100 112 2 1000 1000 1000 5
0.166667 0.196331 0.036558 20 26 100 114 2 1000 1000 1000 5
0.166667 0.143910 0.034234 20 20 100 113 2 1000 1000 1000 5
0.166667 0.143081 0.035933 20 15 100 101 2 1000 1000 1000 5
0.166667 0.154140 0.034386 20 18 100 112 2 1000 1000 1000 5
0.166667 0.149289 0.036709 20 15 100 103 2 1000 1000 1000 5
0.166667 0.112779 0.033157 20 12 100 103 2 1000 1000 1000 5
0.166667 0.171229 0.040003 20 20 100 90 2 1000 1000 1000 5
0.166667 0.221754 0.042051 20 22 100 102 2 1000 1000 1000 5
0.166667 0.144818 0.037711 20 16 100 95 2 1000 1000 1000 5
0.166667 0.107383 0.033814 20 12 100 101 2 1000 1000 1000 5
0.166667 0.203990 0.040217 20 24 100 96 2 1000 1000 1000 5
0.166667 0.251646 0.042433 20 28 100 93 2 1000 1000 1000 5
0.166667 0.150128 0.037423 20 17 100 96 2 1000 1000 1000 5
0.166667 0.126159 0.033812 20 18 100 112 2 1000 1000 1000 5
0.166667 0.239923 0.043234 20 27 100 92 2 1000 1000 1000 5
0.166667 0.240283 0.042017 20 25 100 97 2 1000 1000 1000 5
0.166667 0.141994 0.033312 20 20 100 115 2 1000 1000 1000 5
0.166667 0.155883 0.036694 20 17 100 102 2 1000 1000 1000 5
0.166667 0.168776 0.036339 20 19 100 108 2 1000 1000 1000 5
0.166667 0.146208 0.036570 20 16 100 100 2 1000 1000 1000 5
0.166667 0.215834 0.038450 20 26 100 104 2 1000 1000 1000 5
0.166667 0.148638 0.035739 20 16 100 106 2 1000 1000 1000 5
0.166667 0.188381 0.041190 20 20 100 88 2 1000 1000 1000 5
0.166667 0.187130 0.039292 20 21 100 93 2 1000 1000 1000 5
0.166667 0.138494 0.032863 20 19 100 114 2 1000 1000 1000 5
0.166667 0.134411 0.037078 20 13 100 84 2 1000 1000 1000 5
0.166667 0.141115 0.034917 20 17 100 108 2 1000 1000 1000 5
0.166667 0.109829 0.032712 20 13 100 108 2 1000 1000 1000 5
0.166667 0.151285 0.036199 20 19 100 100 2 1000 1000 1000 5
0.166667 0.205848 0.038742 20 24 100 99 2 1000 1000 1000 5
0.166667 0.181453 0.037325 20 22 100 110 2 1000 1000 1000 5
0.166667 0.214058 0.039325 20 25 100 107 2 1000 1000 1000 5
0.166667 0.182754 0.040595 20 20 100 96 2 1000 1000 1000 5
0.166667 0.147797 0.038452 20 16 100 90 2 1000 1000 1000 5
0.166667 0.096792 0.030963 20 13 100 102 2 1000 1000 1000 5
0.166667 0.232890 0.039625 20 27 100 109 2 1000 1000 1000 5
0.166667 0.175954 0.040627 20 18 100 88 2 1000 1000 1000 5
0.166667 0.171910 0.039694 20 16 100 91 2 1000 1000 1000 5
0.166667 0.159545 0.037137 20 19 100 100 2 1000 1000 1000 5
0.166667 0.158364 0.036746 20 17 100 99 2 1000 1000 1000 5
0.166667 0.174856 0.038390 20 19 100 105 2 1000 1000 1000 5
0.166667 0.243973 0.042995 20 25 100 98 2 1000 1000 1000 5
0.166667 0.167704 0.037325 20 21 100 101 2 1000 1000 1000 5
0.166667 0.170436 0.037210 20 21 100 107 2 1000 1000 1000 5
0.166667 0.208556 0.042451 20 24 100 92 2 1000 1000 1000 5
0.166667 0.147901 0.038599 20 15 100 88 2 1000 1000 1000 5
0.166667 0.167941 0.042072 20 14 100 83 2 1000 1000 1000 5
0.166667 0.167306 0.036711 20 20 100 110 2 1000 1000 1000 5
0.166667 0.119498 0.030473 20 16 100 125 2 1000 1000 1000 5
0.166667 0.142767 0.037483 20 18 100 95 2 1000 1000 1000 5
0.166667 0.185717 0.039786 20 21 100 101 2 1000 1000 1000 5
0.166667 0.126221 0.033626 20 14 100 111 2 1000 1000 1000 5
0.166667 0.125738 0.034291 20 16 100 104 2 1000 1000 1000 5
0.166667 0.166782 0.039317 20 20 100 95 2 1000 1000 1000 5
0.166667 0.247504 0.043035 20 27 100 89 2 1000 1000 1000 5
0.166667 0.155886 0.034032 20 21 100 115 2 1000 1000 1000 5
0.166667 0.144521 0.037679 20 16 100 97 2 1000 1000 1000 5
0.166667 0.163415 0.034589 20 25 100 113 2 1000 1000 1000 5
0.166667 0.152818 0.035353 20 18 100 107 2 1000 1000 1000 5
0.166667 0.094249 0.029808 20 13 100 112 2 1000 1000 1000 5
0.166667 0.204295 0.038806 20 27 100 106 2 1000 1000 1000 5
0.166667 0.100008 0.031476 20 13 100 104 2 1000 1000 1000 5
0.166667 0.125288 0.035057 20 17 100 99 2 1000 1000 1000 5
0.166667 0.147126 0.034349 20 16 100 111 2 1000 1000 1000 5
0.166667 0.105003 0.033067 20 11 100 108 2 1000 1000 1000 5
0.166667 0.129361 0.032832 20 16 100 112 2 1000 1000 1000 5
0.166667 0.225427 0.041477 20 24 100 99 2 1000 1000 1000 5
0.166667 0.090092 0.028718 20 11 100 122 2 1000 1000 1000 5
0.166667 0.141729 0.037508 20 17 100 101 2 1000 1000 1000 5
0.166667 0.200452 0.042740 20 21 100 87 2 1000 1000 1000 5
0.166667 0.169346 0.035992 20 17 100 111 2 1000 1000 1000 5
0.166667 0.139993 0.034985 20 19 100 106 2 1000 1000 1000 5
0.166667 0.225657 0.042967 20 23 100 89 2 1000 1000 1000 5
0.166667 0.277594 0.045570 20 28 100 86 2 1000 1000 1000 5
0.166667 0.189449 0.040631 20 20 100 89 2 1000 1000 1000 5
0.166667 0.129593 0.032379 20 17 100 113 2 1000 1000 1000 5
0.166667 0.206570 0.043894 20 25 100 92 2 1000 1000 1000 5
0.166667 0.197790 0.040393 20 22 100 95 2 1000 1000 1000 5
0.166667 0.167808 0.038706 20 20 100 103 2 1000 1000 1000 5
0.166667 0.236581 0.041559 20 27 100 97 2 1000 1000 1000 5
0.166667 0.230855 0.039689 20 27 100 105 2 1000 1000 1000 5
0.166667 0.210341 0.038763 20 27 100 105 2 1000 1000 1000 5
0.166667 0.183926 0.038189 20 22 100 96 2 1000 1000 1000 5
0.166667 0.213208 0.040420 20 24 100 100 2 1000 1000 1000 5
0.166667 0.162186 0.034695 20 20 100 113 2 1000 1000 1000 5
0.166667 0.202581 0.043966 20 19 100 83 2 1000 1000 1000 5
0.166667 0.188724 0.037955 20 24 100 106 2 1000 1000 1000 5
0.166667 0.129684 0.035700 20 15 100 93 2 1000 1000 1000 5
0.166667 0.190983 0.045280 20 16 100 77 2 1000 1000 1000 5
0.166667 0.135806 0.037574 20 14 100 91 2 1000 1000 1000 5
0.166667 0.179181 0.038081 20 17 100 102 2 1000 1000 1000 5
0.166667 0.152845 0.039084 20 17 100 88 2 1000 1000 1000 5
0.166667 0.181531 0.038964 20 22 100 94 2 1000 1000 1000 5
0.166667 0.147220 0.034661 20 17 100 106 2 1000 1000 1000 5
0.166667 0.178332 0.039881 20 20 100 92 2 1000 1000 1000 5
0.166667 0.180733 0.039188 20 20 100 98 2 1000 1000 1000 5
0.166667 0.149597 0.034985 20 19 100 105 2 1000 1000 1000 5
0.166667 0.260762 0.046290 20 26 100 82 2 1000 1000 1000 5
0.166667 0.161396 0.037917 20 20 100 97 2 1000 1000 1000 5
0.166667 0.170269 0.040634 20 16 100 90 2 1000 1000 1000 5
0.166667 0.127036 0.033577 20 15 100 106 2 1000 1000 1000 5
0.166667 0.187438 0.037721 20 26 100 112 2 1000 1000 1000 5
0.166667 0.209960 0.041167 20 19 100 101 2 1000 1000 1000 5
0.166667 0.223630 0.043065 20 22 100 87 2 1000 1000 1000 5
0.166667 0.205713 0.045469 20 18 100 75 2 1000 1000 1000 5
0.166667 0.186646 0.040573 20 19 100 92 2 1000 1000 1000 5
0.166667 0.182239 0.038250 20 21 100 104 2 1000 1000 1000 5
0.166667 0.145706 0.035453 20 17 100 109 2 1000 1000 1000 5
0.166667 0.146116 0.036912 20 18 100 104 2 1000 1000 1000 5
0.166667 0.212162 0.038815 20 28 100 102 2 1000 1000 1000 5
0.166667 0.147568 0.036104 20 17 100 104 2 1000 1000 1000 5
0.166667 0.129204 0.032890 20 19 100 110 2 1000 1000 1000 5
0.166667 0.164397 0.034140 20 25 100 119 2 1000 1000 1000 5
0.166667 0.241479 0.043176 20 23 100 91 2 1000 1000 1000 5
0.166667 0.138725 0.036152 20 19 100 105 2 1000 1000 1000 5
0.166667 0.126548 0.036501 20 15 100 95 2 1000 1000 1000 5
0.166667 0.162716 0.038419 20 20 100 99 2 1000 1000 1000 5
0.166667 0.216840 0.044680 20 24 100 81 2 1000 1000 1000 5
0.166667 0.177325 0.035199 20 21 100 116 2 1000 1000 1000 5
0.166667 0.189815 0.041544 20 19 100 85 2 1000 1000 1000 5
0.166667 0.070496 0.027514 20 10 100 104 2 1000 1000 1000 5
0.166667 0.152603 0.036003 20 17 100 98 2 1000 1000 1000 5
0.166667 0.176541 0.038069 20 22 100 103 2 1000 1000 1000 5
0.166667 0.235306 0.039455 20 26 100 105 2 1000 1000 1000 5
0.166667 0.187122 0.040915 20 23 100 89 2 1000 1000 1000 5
0.166667 0.179648 0.041611 20 18 100 96 2 1000 1000 1000 5
0.166667 0.238106 0.040099 20 29 100 100 2 1000 1000 1000 5
0.166667 0.166510 0.037152 20 15 100 105 2 1000 1000 1000 5
0.166667 0.199433 0.040289 20 24 100 97 2 1000 1000 1000 5
0.166667 0.166692 0.035024 20 22 100 118 2 1000 1000 1000 5
0.166667 0.138673 0.034891 20 17 100 106 2 1000 1000 1000 5
0.166667 0.186392 0.040123 20 21 100 100 2 1000 1000 1000 5
0.166667 0.157408 0.037238 20 18 100 100 2 1000 1000 1000 5
0.166667 0.226591 0.042414 20 26 100 96 2 1000 1000 1000 5
0.166667 0.156128 0.040238 20 17 100 91 2 1000 1000 1000 5
0.166667 0.089338 0.030102 20 11 100 103 2 1000 1000 1000 5
0.166667 0.203797 0.037545 20 22 100 109 2 1000 1000 1000 5
0.166667 0.129143 0.035806 20 15 100 102 2 1000 1000 1000 5
0.166667 0.185544 0.037557 20 25 100 110 2 1000 1000 1000 5
0.166667 0.257502 0.041866 20 31 100 103 2 1000 1000 1000 5
0.166667 0.203596 0.037445 20 27 100 109 2 1000 1000 1000 5
0.166667 0.109988 0.032007 20 12 100 105 2 1000 1000 1000 5
0.166667 0.224642 0.042761 20 26 100 96 2 1000 1000 1000 5
0.166667 0.130775 0.033859 20 15 100 108 2 1000 1000 1000 5
0.166667 0.218088 0.039071 20 26 100 105 2 1000 1000 1000 5
0.166667 0.222803 0.042943 20 21 100 94 2 1000 1000 1000 5
0.166667 0.210799 0.037930 20 26 100 107 2 1000 1000 1000 5
0.166667 0.187997 0.041162 20 20 100 90 2 1000 1000 1000 5
0.166667 0.181650 0.039827 20 21 100 101 2 1000 1000 1000 5
0.166667 0.141403 0.036239 20 17 100 95 2 1000 1000 1000 5
0.166667 0.149730 0.034388 20 21 100 109 2 1000 1000 1000 5
0.166667 0.244496 0.043099 20 27 100 95 2 1000 1000 1000 5
0.166667 0.168677 0.038346 20 17 100 102 2 1000 1000 1000 5
0.166667 0.192892 0.040015 20 24 100 98 2 1000 1000 1000 5
0.166667 0.241145 0.044334 20 25 100 89 2 1000 1000 1000 5
0.166667 0.066593 0.027222 20 13 100 109 2 1000 1000 1000 5
0.166667 0.206673 0.037516 20 28 100 109 2 1000 1000 1000 5
0.166667 0.144737 0.038075 20 20 100 101 2 1000 1000 1000 5
0.166667 0.182608 0.039682 20 21 100 94 2 1000 1000 1000 5
0.166667 0.090727 0.030090 20 10 100 102 2 1000 1000 1000 5
0.166667 0.181624 0.036994 20 22 100 106 2 1000 1000 1000 5
0.166667 0.209222 0.039498 20 24 100 97 2 1000 1000 1000 5
0.166667 0.235513 0.045827 20 25 100 76 2 1000 1000 1000 5
0.166667 0.207155 0.037868 20 26 100 110 2 1000 1000 1000 5
0.166667 0.234988 0.041560 20 28 100 94 2 1000 1000 1000 5
0.166667 0.175037 0.037384 20 22 100 99 2 1000 1000 1000 5
0.166667 0.217825 0.040116 20 25 100 99 2 1000 1000 1000 5
0.166667 0.162599 0.038510 20 17 100 94 2 1000 1000 1000 5
0.166667 0.240994 0.041276 20 19 100 106 2 1000 1000 1000 5
0.166667 0.217375 0.045251 20 24 100 83 2 1000 1000 1000 5
0.166667 0.137989 0.032931 20 20 100 116 2 1000 1000 1000 5
0.166667 0.185367 0.038462 20 23 100 102 2 1000 1000 1000 5
0.166667 0.138590 0.035064 20 17 100 112 2 1000 1000 1000 5
0.166667 0.142163 0.037077 20 17 100 97 2 1000 1000 1000 5
0.166667 0.157968 0.039711 20 18 100 94 2 1000 1000 1000 5
0.166667 0.185886 0.043346 20 17 100 78 2 1000 1000 1000 5
0.166667 0.171123 0.035459 20 22 100 110 2 1000 1000 1000 5
0.166667 0.132684 0.032587 20 19 100 132 2 1000 1000 1000 5
0.166667 0.213686 0.044432 20 19 100 84 2 1000 1000 1000 5
0.166667 0.222866 0.039590 20 30 100 102 2 1000 1000 1000 5
0.166667 0.177222 0.039487 20 18 100 91 2 1000 1000 1000 5
0.166667 0.172775 0.038469 20 20 100 95 2 1000 1000 1000 5
0.166667 0.214965 0.040581 20 26 100 106 2 1000 1000 1000 5
0.166667 0.191984 0.040270 20 20 100 91 2 1000 1000 1000 5
0.166667 0.124885 0.035109 20 14 100 95 2 1000 1000 1000 5
0.166667 0.269171 0.045327 20 32 100 87 2 1000 1000 1000 5
0.166667 0.219210 0.039765 20 27 100 101 2 1000 1000 1000 5
0.166667 0.132340 0.035539 20 18 100 113 2 1000 1000 1000 5
0.166667 0.235370 0.042208 20 26 100 94 2 1000 1000 1000 5
0.166667 0.235825 0.042268 20 24 100 93 2 1000 1000 1000 5
0.166667 0.113803 0.034133 20 12 100 92 2 1000 1000 1000 5
0.166667 0.226099 0.040500 20 28 100 95 2 1000 1000 1000 5
0.166667 0.165270 0.039394 20 15 100 93 2 1000 1000 1000 5
0.166667 0.176708 0.036876 20 23 100 106 2 1000 1000 1000 5
0.166667 0.148554 0.037129 20 17 100 95 2 1000 1000 1000 5
0.166667 0.220348 0.044195 20 26 100 86 2 1000 1000 1000 5
0.166667 0.197792 0.039229 20 21 100 100 2 1000 1000 1000 5
0.166667 0.121939 0.036319 20 15 100 94 2 1000 1000 1000 5
0.166667 0.125280 0.034723 20 18 100 102 2 1000 1000 1000 5
0.166667 0.187055 0.036876 20 27 100 113 2 1000 1000 1000 5
0.166667 0.185193 0.038343 20 23 100 109 2 1000 1000 1000 5
0.166667 0.105763 0.032827 20 11 100 105 2 1000 1000 1000 5
0.166667 0.149575 0.033177 20 21 100 122 2 1000 1000 1000 5
0.166667 0.146119 0.036568 20 16 100 98 2 1000 1000 1000 5
0.166667 0.174616 0.041281 20 17 100 88 2 1000 1000 1000 5
0.166667 0.097170 0.030310 20 17 100 117 2 1000 1000 1000 5
0.166667 0.193089 0.040894 20 19 100 92 2 1000 1000 1000 5
0.166667 0.211411 0.040569 20 22 100 97 2 1000 1000 1000 5
0.166667 0.235072 0.041877 20 30 100 98 2 1000 1000 1000 5
0.166667 0.133472 0.034081 20 15 100 106 2 1000 1000 1000 5
0.166667 0.176968 0.038909 20 20 100 100 2 1000 1000 1000 5
0.166667 0.129492 0.035699 20 18 100 108 2 1000 1000 1000 5
0.166667 0.224953 0.041853 20 20 100 94 2 1000 1000 1000 5
0.166667 0.175277 0.038012 20 19 100 109 2 1000 1000 1000 5
0.166667 0.143077 0.034347 20 19 100 112 2 1000 1000 1000 5
0.166667 0.144498 0.036443 20 15 100 102 2 1000 1000 1000 5
0.166667 0.185942 0.039239 20 21 100 91 2 1000 1000 1000 5
0.166667 0.163911 0.039545 20 14 100 96 2 1000 1000 1000 5
0.166667 0.134120 0.034689 20 18 100 102 2 1000 1000 1000 5
0.166667 0.176949 0.039932 20 18 100 97 2 1000 1000 1000 5
0.166667 0.262035 0.043371 20 29 100 91 2 1000 1000 1000 5
0.166667 0.121701 0.034608 20 12 100 96 2 1000 1000 1000 5
0.166667 0.167526 0.036810 20 21 100 109 2 1000 1000 1000 5
0.166667 0.162678 0.038457 20 16 100 94 2 1000 1000 1000 5
0.166667 0.185905 0.037880 20 21 100 107 2 1000 1000 1000 5
0.166667 0.156467 0.037612 20 21 100 100 2 1000 1000 1000 5
0.166667 0.225752 0.043414 20 25 100 83 2 1000 1000 1000 5
0.166667 0.176958 0.034621 20 24 100 122 2 1000 1000 1000 5
0.166667 0.142090 0.039848 20 13 100 82 2 1000 1000 1000 5
0.166667 0.145943 0.036582 20 17 100 99 2 1000 1000 1000 5
0.166667 0.247847 0.046836 20 22 100 81 2 1000 1000 1000 5
0.166667 0.119559 0.030834 20 14 100 116 2 1000 1000 1000 5
0.166667 0.135512 0.034397 20 21 100 112 2 1000 1000 1000 5
0.166667 0.264381 0.044190 20 29 100 87 2 1000 1000 1000 5
0.166667 0.175614 0.038179 20 19 100 100 2 1000 1000 1000 5
0.166667 0.138257 0.037129 20 15 100 90 2 1000 1000 1000 5
0.166667 0.159799 0.039614 20 16 100 90 2 1000 1000 1000 5
0.166667 0.125071 0.035804 20 14 100 97 2 1000 1000 1000 5
0.166667 0.163778 0.042634 20 15 100 76 2 1000 1000 1000 5
0.166667 0.153751 0.036401 20 17 100 99 2 1000 1000 1000 5
0.166667 0.240141 0.047786 20 19 100 76 2 1000 1000 1000 5
0.166667 0.172440 0.037215 20 22 100 105 2 1000 1000 1000 5
0.166667 0.256892 0.042713 20 31 100 94 2 1000 1000 1000 5
0.166667 0.167525 0.041443 20 17 100 84 2 1000 1000 1000 5
0.166667 0.154184 0.038435 20 19 100 93 2 1000 1000 1000 5
0.166667 0.156657 0.037214 20 15 100 102 2 1000 1000 1000 5
0.166667 0.204320 0.040609 20 20 100 98 2 1000 1000 1000 5
0.166667 0.083860 0.029194 20 10 100 106 2 1000 1000 1000 5
0.166667 0.182404 0.037846 20 21 100 106 2 1000 1000 1000 5
0.166667 0.185954 0.038776 20 24 100 102 2 1000 1000 1000 5
0.166667 0.157770 0.036992 20 19 100 106 2 1000 1000 1000 5
0.166667 0.119359 0.031476 20 17 100 118 2 1000 1000 1000 5
0.166667 0.172732 0.039565 20 18 100 91 2 1000 1000 1000 5
0.166667 0.097616 0.030533 20 12 100 112 2 1000 1000 1000 5
0.166667 0.169536 0.038468 20 17 100 102 2 1000 1000 1000 5
0.166667 0.176897 0.039801 20 19 100 95 2 1000 1000 1000 5
0.166667 0.199358 0.039316 20 26 100 106 2 1000 1000 1000 5
0.166667 0.226074 0.039042 20 28 100 106 2 1000 1000 1000 5
0.166667 0.263058 0.042023 20 32 100 98 2 1000 1000 1000 5
0.166667 0.173690 0.036993 20 20 100 105 2 1000 1000 1000 5
0.166667 0.138620 0.040213 20 14 100 87 2 1000 1000 1000 5
0.166667 0.194345 0.043005 20 18 100 88 2 1000 1000 1000 5
0.166667 0.106943 0.031999 20 12 100 107 2 1000 1000 1000 5
0.166667 0.194064 0.038274 20 25 100 102 2 1000 1000 1000 5
0.166667 0.118334 0.034018 20 15 100 100 2 1000 1000 1000 5
0.166667 0.238924 0.038919 20 31 100 109 2 1000 1000 1000 5
0.166667 0.229248 0.040746 20 24 100 99 2 1000 1000 1000 5
0.166667 0.197658 0.039121 20 22 100 99 2 1000 1000 1000 5
0.166667 0.244454 0.044246 20 28 100 85 2 1000 1000 1000 5
0.166667 0.143576 0.034749 20 18 100 108 2 1000 1000 1000 5
0.166667 0.158594 0.035497 20 20 100 113 2 1000 1000 1000 5
0.166667 0.176391 0.038731 20 21 100 104 2 1000 1000 1000 5
0.166667 0.181485 0.039737 20 21 100 104 2 1000 1000 1000 5
0.166667 0.191053 0.039068 20 24 100 95 2 1000 1000 1000 5
0.166667 0.196801 0.040296 20 26 100 96 2 1000 1000 1000 5
0.166667 0.110772 0.034141 20 12 100 98 2 1000 1000 1000 5
0.166667 0.169220 0.038729 20 18 100 103 2 1000 1000 1000 5
0.166667 0.120271 0.035105 20 12 100 94 2 1000 1000 1000 5
0.166667 0.227779 0.040886 20 27 100 97 2 1000 1000 1000 5
0.166667 0.187283 0.040654 20 18 100 88 2 1000 1000 1000 5
0.166667 0.132011 0.038176 20 15 100 88 2 1000 1000 1000 5
0.166667 0.302601 0.045283 20 32 100 89 2 1000 1000 1000 5
0.166667 0.154642 0.038156 20 20 100 92 2 1000 1000 1000 5
0.166667 0.095474 0.029781 20 14 100 114 2 1000 1000 1000 5
0.166667 0.187929 0.038461 20 25 100 104 2 1000 1000 1000 5
0.166667 0.159155 0.039273 20 14 100 90 2 1000 1000 1000 5
0.166667 0.156450 0.038690 20 16 100 92 2 1000 1000 1000 5
0.166667 0.137737 0.033591 20 18 100 122 2 1000 1000 1000 5
0.166667 0.121975 0.033477 20 14 100 104 2 1000 1000 1000 5
0.166667 0.209133 0.039977 20 22 100 104 2 1000 1000 1000 5
0.166667 0.155409 0.037919 20 17 100 103 2 1000 1000 1000 5
0.166667 0.121544 0.032611 20 17 100 107 2 1000 1000 1000 5
0.166667 0.195986 0.039271 20 24 100 100 2 1000 1000 1000 5
0.166667 0.179891 0.039764 20 19 100 94 2 1000 1000 1000 5
0.166667 0.222019 0.041773 20 23 100 96 2 1000 1000 1000 5
0.166667 0.171616 0.034343 20 23 100 125 2 1000 1000 1000 5
0.166667 0.231041 0.040743 20 29 100 95 2 1000 1000 1000 5
0.166667 0.113400 0.035770 20 11 100 92 2 1000 1000 1000 5
0.166667 0.190983 0.039651 20 22 100 104 2 1000 1000 1000 5
0.166667 0.162149 0.038126 20 18 100 96 2 1000 1000 1000 5
0.166667 0.195669 0.037873 20 22 100 106 2 1000 1000 1000 5
0.166667 0.181664 0.041527 20 17 100 88 2 1000 1000 1000 5
0.166667 0.165708 0.039841 20 22 100 94 2 1000 1000 1000 5
0.166667 0.127623 0.034960 20 16 100 99 2 1000 1000 1000 5
0.166667 0.205695 0.040780 20 24 100 100 2 1000 1000 1000 5
0.166667 0.126965 0.035335 20 16 100 99 2 1000 1000 1000 5
0.166667 0.185043 0.043057 20 17 100 80 2 1000 1000 1000 5
0.166667 0.172717 0.038383 20 22 100 104 2 1000 1000 1000 5
0.166667 0.223062 0.043506 20 22 100 91 2 1000 1000 1000 5
0.166667 0.091286 0.030123 20 13 100 106 2 1000 1000 1000 5
0.166667 0.185643 0.039464 20 21 100 102 2 1000 1000 1000 5
0.166667 0.211240 0.043635 20 19 100 86 2 1000 1000 1000 5
0.166667 0.242908 0.043456 20 25 100 92 2 1000 1000 1000 5
0.166667 0.159201 0.036545 20 19 100 99 2 1000 1000 1000 5
0.166667 0.208614 0.040152 20 21 100 97 2 1000 1000 1000 5
0.166667 0.224487 0.042769 20 24 100 95 2 1000 1000 1000 5
0.166667 0.167488 0.036609 20 19 100 103 2 1000 1000 1000 5
0.166667 0.207259 0.036795 20 26 100 114 2 1000 1000 1000 5
0.166667 0.151776 0.042443 20 15 100 78 2 1000 1000 1000 5
0.166667 0.280639 0.049048 20 22 100 83 2 1000 1000 1000 5
0.166667 0.197165 0.042655 20 20 100 92 2 1000 1000 1000 5
0.166667 0.160664 0.038838 20 16 100 99 2 1000 1000 1000 5
0.166667 0.212911 0.042081 20 20 100 100 2 1000 1000 1000 5
0.166667 0.155245 0.036348 20 17 100 104 2 1000 1000 1000 5
0.166667 0.128285 0.036975 20 13 100 95 2 1000 1000 1000 5
0.166667 0.136654 0.037902 20 17 100 92 2 1000 1000 1000 5
0.166667 0.191407 0.039816 20 21 100 102 2 1000 1000 1000 5
0.166667 0.148701 0.038598 20 15 100 87 2 1000 1000 1000 5
0.166667 0.112068 0.035875 20 13 100 94 2 1000 1000 1000 5
0.166667 0.159564 0.037883 20 17 100 96 2 1000 1000 1000 5
0.166667 0.204606 0.042542 20 23 100 86 2 1000 1000 1000 5
0.166667 0.254588 0.046743 20 27 100 77 2 1000 1000 1000 5
0.166667 0.161622 0.037614 20 18 100 98 2 1000 1000 1000 5
0.166667 0.193922 0.039440 20 22 100 105 2 1000 1000 1000 5
0.166667 0.199691 0.041917 20 23 100 91 2 1000 1000 1000 5
0.166667 0.136759 0.038671 20 14 100 85 2 1000 1000 1000 5
0.166667 0.201302 0.037236 20 23 100 116 2 1000 1000 1000 5
0.166667 0.113588 0.032707 20 14 100 104 2 1000 1000 1000 5
0.166667 0.192249 0.042337 20 17 100 90 2 1000 1000 1000 5
0.166667 0.115606 0.032804 20 14 100 111 2 1000 1000 1000 5
0.166667 0.177864 0.040613 20 23 100 95 2 1000 1000 1000 5
0.166667 0.237470 0.042035 20 24 100 92 2 1000 1000 1000 5
0.166667 0.165793 0.039043 20 18 100 96 2 1000 1000 1000 5
0.166667 0.202095 0.041144 20 17 100 99 2 1000 1000 1000 5
0.166667 0.152014 0.041240 20 15 100 83 2 1000 1000 1000 5
0.166667 0.173501 0.034570 20 25 100 117 2 1000 1000 1000 5
0.166667 0.129635 0.033740 20 16 100 109 2 1000 1000 1000 5
0.166667 0.233393 0.043392 20 23 100 87 2 1000 1000 1000 5
0.166667 0.168166 0.036079 20 22 100 106 2 1000 1000 1000 5
0.166667 0.178380 0.038677 20 22 100 104 2 1000 1000 1000 5
0.166667 0.193863 0.040400 20 21 100 95 2 1000 1000 1000 5
0.166667 0.137256 0.036670 20 14 100 101 2 1000 1000 1000 5
0.166667 0.246046 0.046263 20 24 100 77 2 1000 1000 1000 5
0.166667 0.157762 0.038900 20 16 100 96 2 1000 1000 1000 5
0.166667 0.183023 0.039654 20 19 100 100 2 1000 1000 1000 5
0.166667 0.178523 0.036888 20 23 100 109 2 1000 1000 1000 5
0.166667 0.194387 0.041552 20 20 100 89 2 1000 1000 1000 5
0.166667 0.207089 0.040901 20 22 100 100 2 1000 1000 1000 5
0.166667 0.200526 0.039605 20 22 100 96 2 1000 1000 1000 5
0.166667 0.284708 0.045702 20 31 100 83 2 1000 1000 1000 5
0.166667 0.224434 0.038001 20 30 100 110 2 1000 1000 1000 5
0.166667 0.166854 0.041326 20 18 100 88 2 1000 1000 1000 5
0.166667 0.174465 0.038270 20 20 100 96 2 1000 1000 1000 5
0.166667 0.194010 0.041435 20 19 100 96 2 1000 1000 1000 5
0.166667 0.177175 0.036788 20 22 100 107 2 1000 1000 1000 5
0.166667 0.170095 0.037442 20 21 100 103 2 1000 1000 1000 5
0.166667 0.237129 0.041639 20 28 100 100 2 1000 1000 1000 5
0.166667 0.154284 0.035838 20 17 100 114 2 1000 1000 1000 5
0.166667 0.231715 0.039769 20 29 100 106 2 1000 1000 1000 5
0.166667 0.174516 0.039118 20 18 100 97 2 1000 1000 1000 5
0.166667 0.102876 0.033198 20 9 100 105 2 1000 1000 1000 5
0.166667 0.163564 0.036764 20 18 100 105 2 1000 1000 1000 5
0.166667 0.222859 0.046308 20 22 100 81 2 1000 1000 1000 5
0.166667 0.135894 0.032074 20 14 100 120 2 1000 1000 1000 5
0.166667 0.175951 0.036640 20 19 100 109 2 1000 1000 1000 5
0.166667 0.123825 0.032850 20 16 100 118 2 1000 1000 1000 5
0.166667 0.165929 0.036094 20 20 100 103 2 1000 1000 1000 5
0.166667 0.108599 0.032689 20 14 100 105 2 1000 1000 1000 5
0.166667 0.136099 0.037859 20 14 100 89 2 1000 1000 1000 5
0.166667 0.190239 0.040981 20 21 100 94 2 1000 1000 1000 5
0.166667 0.147087 0.037431 20 17 100 105 2 1000 1000 1000 5
0.166667 0.210976 0.042532 20 24 100 90 2 1000 1000 1000 5
0.166667 0.109877 0.033679 20 15 100 103 2 1000 1000 1000 5
0.166667 0.135558 0.037749 20 15 100 94 2 1000 1000 1000 5
0.166667 0.199184 0.039644 20 25 100 99 2 1000 1000 1000 5
0.166667 0.210620 0.046144 20 20 100 73 2 1000 1000 1000 5
0.166667 0.240698 0.045287 20 24 100 82 2 1000 1000 1000 5
0.166667 0.202512 0.042726 20 19 100 86 2 1000 1000 1000 5
0.166667 0.129219 0.035770 20 16 100 98 2 1000 1000 1000 5
0.166667 0.190747 0.038870 20 17 100 99 2 1000 1000 1000 5
0.166667 0.157172 0.039472 20 15 100 94 2 1000 1000 1000 5
0.166667 0.123172 0.034092 20 14 100 103 2 1000 1000 1000 5
0.166667 0.167419 0.037531 20 20 100 103 2 1000 1000 1000 5
0.166667 0.125013 0.034528 20 15 100 102 2 1000 1000 1000 5
0.166667 0.144773 0.035550 20 19 100 104 2 1000 1000 1000 5
0.166667 0.229153 0.044633 20 24 100 84 2 1000 1000 1000 5
0.166667 0.204699 0.045509 20 20 100 77 2 1000 1000 1000 5
0.166667 0.197561 0.036597 20 29 100 114 2 1000 1000 1000 5
0.166667 0.161077 0.039111 20 18 100 98 2 1000 1000 1000 5
0.166667 0.156235 0.036300 20 19 100 102 2 1000 1000 1000 5
0.166667 0.185709 0.037638 20 25 100 104 2 1000 1000 1000 5
0.166667 0.254244 0.045379 20 28 100 83 2 1000 1000 1000 5
