0.166667 0.192678 0.012049 200 237 1000 998 10000 10000 0 10
0.166667 0.180893 0.012057 200 207 1000 983 10000 10000 0 10
0.166667 0.153884 0.011356 200 180 1000 992 10000 10000 0 10
0.166667 0.188787 0.012268 200 219 1000 948 10000 10000 0 10
0.166667 0.162660 0.011336 200 197 1000 1048 10000 10000 0 10
0.166667 0.162086 0.011615 200 192 1000 998 10000 10000 0 10
0.166667 0.159147 0.011759 200 179 1000 965 10000 10000 0 10
0.166667 0.166353 0.011569 200 197 1000 1001 10000 10000 0 10
0.166667 0.166454 0.011230 200 213 1000 1093 10000 10000 0 10
0.166667 0.152149 0.011356 200 179 1000 1016 10000 10000 0 10
0.166667 0.177368 0.012101 200 203 1000 980 10000 10000 0 10
0.166667 0.168681 0.011506 200 205 1000 1042 10000 10000 0 10
0.166667 0.162588 0.011404 200 189 1000 1044 10000 10000 0 10
0.166667 0.162540 0.011523 200 194 1000 996 10000 10000 0 10
0.166667 0.178638 0.011943 200 206 1000 976 10000 10000 0 10
0.166667 0.163029 0.011484 200 194 1000 1001 10000 10000 0 10
0.166667 0.172629 0.011924 200 201 1000 981 10000 10000 0 10
0.166667 0.167382 0.011514 200 206 1000 1042 10000 10000 0 10
0.166667 0.161726 0.011746 200 177 1000 988 10000 10000 0 10
0.166667 0.166508 0.011827 200 194 1000 993 10000 10000 0 10
0.166667 0.163948 0.011673 200 194 1000 1014 10000 10000 0 10
0.166667 0.163516 0.011707 200 200 1000 979 10000 10000 0 10
0.166667 0.193105 0.011875 200 224 1000 1029 10000 10000 0 10
0.166667 0.168451 0.011709 200 198 1000 995 10000 10000 0 10
0.166667 0.170054 0.011843 200 200 1000 1000 10000 10000 0 10
0.166667 0.156451 0.011250 200 191 1000 1041 10000 10000 0 10
0.166667 0.169614 0.011945 200 184 1000 968 10000 10000 0 10
0.166667 0.172262 0.012067 200 195 1000 970 10000 10000 0 10
0.166667 0.173408 0.011538 200 222 1000 1033 10000 10000 0 10
0.166667 0.164951 0.011508 200 198 1000 1021 10000 10000 0 10
0.166667 0.169192 0.011645 200 211 1000 1022 10000 10000 0 10
0.166667 0.176098 0.011940 200 202 1000 978 10000 10000 0 10
0.166667 0.165213 0.011562 200 199 1000 1008 10000 10000 0 10
0.166667 0.166543 0.011694 200 202 1000 998 10000 10000 0 10
0.166667 0.152687 0.011237 200 200 1000 1019 10000 10000 0 10
0.166667 0.184839 0.012059 200 205 1000 995 10000 10000 0 10
0.166667 0.170034 0.011716 200 189 1000 998 10000 10000 0 10
0.166667 0.160918 0.011090 200 198 1000 1082 10000 10000 0 10
0.166667 0.179052 0.011713 200 215 1000 1004 10000 10000 0 10
0.166667 0.160128 0.011729 200 186 1000 983 10000 10000 0 10
0.166667 0.159204 0.011348 200 185 1000 1054 10000 10000 0 10
0.166667 0.198436 0.012683 200 217 1000 928 10000 10000 0 10
0.166667 0.169465 0.011915 200 184 1000 949 10000 10000 0 10
0.166667 0.173627 0.011965 200 203 1000 982 10000 10000 0 10
0.166667 0.175004 0.011696 200 215 1000 1013 10000 10000 0 10
0.166667 0.180658 0.011796 200 214 1000 1032 10000 10000 0 10
0.166667 0.172927 0.011580 200 215 1000 1031 10000 10000 0 10
0.166667 0.187386 0.011861 200 231 1000 1012 10000 10000 0 10
0.166667 0.183106 0.012025 200 201 1000 989 10000 10000 0 10
0.166667 0.173357 0.011811 200 209 1000 977 10000 10000 0 10
0.166667 0.161084 0.011683 200 186 1000 977 10000 10000 0 10
0.166667 0.156394 0.011453 200 194 1000 1004 10000 10000 0 10
0.166667 0.164781 0.011576 200 203 1000 999 10000 10000 0 10
0.166667 0.182380 0.012202 200 206 1000 958 10000 10000 0 10
0.166667 0.153056 0.011288 200 188 1000 1021 10000 10000 0 10
0.166667 0.173250 0.011955 200 198 1000 974 10000 10000 0 10
0.166667 0.155944 0.011328 200 191 1000 1007 10000 10000 0 10
0.166667 0.176069 0.011710 200 216 1000 1037 10000 10000 0 10
0.166667 0.165364 0.011616 200 195 1000 1013 10000 10000 0 10
0.166667 0.175251 0.011995 200 208 1000 987 10000 10000 0 10
0.166667 0.172971 0.011551 200 209 1000 1031 10000 10000 0 10
0.166667 0.152421 0.011339 200 186 1000 998 10000 10000 0 10
0.166667 0.168803 0.011408 200 208 1000 1054 10000 10000 0 10
0.166667 0.188643 0.012320 200 217 1000 966 10000 10000 0 10
0.166667 0.172577 0.011894 200 199 1000 983 10000 10000 0 10
0.166667 0.154850 0.011407 200 187 1000 995 10000 10000 0 10
0.166667 0.179191 0.011775 200 222 1000 1026 10000 10000 0 10
0.166667 0.143919 0.011124 200 178 1000 1013 10000 10000 0 10
0.166667 0.161082 0.011357 200 202 1000 1031 10000 10000 0 10
0.166667 0.169614 0.011611 200 213 1000 1018 10000 10000 0 10
0.166667 0.172262 0.011860 200 195 1000 973 10000 10000 0 10
0.166667 0.151095 0.011192 200 179 1000 1042 10000 10000 0 10
0.166667 0.153327 0.011356 200 186 1000 1012 10000 10000 0 10
0.166667 0.162494 0.011604 200 195 1000 973 10000 10000 0 10
0.166667 0.155957 0.011274 200 195 1000 1035 10000 10000 0 10
0.166667 0.157568 0.011324 200 190 1000 1024 10000 10000 0 10
0.166667 0.174142 0.012039 200 201 1000 969 10000 10000 0 10
0.166667 0.176256 0.011984 200 206 1000 971 10000 10000 0 10
0.166667 0.152656 0.011157 200 188 1000 1050 10000 10000 0 10
0.166667 0.155831 0.011320 200 184 1000 1028 10000 10000 0 10
0.166667 0.161852 0.011484 200 195 1000 1036 10000 10000 0 10
0.166667 0.169704 0.011656 200 206 1000 1004 10000 10000 0 10
0.166667 0.176434 0.012231 200 198 1000 934 10000 10000 0 10
0.166667 0.183195 0.012135 200 218 1000 982 10000 10000 0 10
0.166667 0.166862 0.011718 200 197 1000 1005 10000 10000 0 10
0.166667 0.179105 0.012260 200 194 1000 943 10000 10000 0 10
0.166667 0.149149 0.011218 200 179 1000 1019 10000 10000 0 10
0.166667 0.173135 0.011850 200 204 1000 984 10000 10000 0 10
0.166667 0.163388 0.011787 200 184 1000 954 10000 10000 0 10
0.166667 0.165281 0.011657 200 192 1000 999 10000 10000 0 10
0.166667 0.176273 0.011712 200 208 1000 1023 10000 10000 0 10
0.166667 0.177715 0.011931 200 224 1000 982 10000 10000 0 10
0.166667 0.167706 0.011485 200 214 1000 1039 10000 10000 0 10
0.166667 0.170172 0.012027 200 191 1000 953 10000 10000 0 10
0.166667 0.168832 0.011864 200 204 1000 982 10000 10000 0 10
0.166667 0.173399 0.011530 200 207 1000 1035 10000 10000 0 10
0.166667 0.166928 0.011696 200 192 1000 995 10000 10000 0 10
0.166667 0.184800 0.011898 200 222 1000 1009 10000 10000 0 10
0.166667 0.170653 0.011561 200 212 1000 1024 10000 10000 0 10
0.166667 0.156131 0.011546 200 187 1000 1002 10000 10000 0 10
0.166667 0.162895 0.011470 200 197 1000 1023 10000 10000 0 10
0.166667 0.165094 0.011710 200 192 1000 997 10000 10000 0 10
0.166667 0.160484 0.011367 200 193 1000 1032 10000 10000 0 10
0.166667 0.146551 0.011143 200 171 1000 1022 10000 10000 0 10
0.166667 0.164622 0.011595 200 194 1000 999 10000 10000 0 10
0.166667 0.173927 0.011687 200 207 1000 1011 10000 10000 0 10
0.166667 0.158404 0.011639 200 186 1000 994 10000 10000 0 10
0.166667 0.163679 0.011560 200 195 1000 995 10000 10000 0 10
0.166667 0.170025 0.011597 200 209 1000 1021 10000 10000 0 10
0.166667 0.190688 0.012122 200 238 1000 998 10000 10000 0 10
0.166667 0.199964 0.012448 200 237 1000 955 10000 10000 0 10
0.166667 0.203528 0.012370 200 241 1000 966 10000 10000 0 10
0.166667 0.176336 0.011744 200 213 1000 1021 10000 10000 0 10
0.166667 0.152523 0.011548 200 186 1000 997 10000 10000 0 10
0.166667 0.142657 0.010885 200 170 1000 1052 10000 10000 0 10
0.166667 0.174765 0.012425 200 186 1000 878 10000 10000 0 10
0.166667 0.163925 0.011598 200 200 1000 994 10000 10000 0 10
0.166667 0.172240 0.011529 200 209 1000 1041 10000 10000 0 10
0.166667 0.178482 0.011791 200 215 1000 992 10000 10000 0 10
0.166667 0.167656 0.011727 200 203 1000 986 10000 10000 0 10
0.166667 0.171429 0.011829 200 201 1000 986 10000 10000 0 10
0.166667 0.173434 0.012160 200 200 1000 943 10000 10000 0 10
0.166667 0.174816 0.011621 200 201 1000 1027 10000 10000 0 10
0.166667 0.169895 0.012064 200 198 1000 954 10000 10000 0 10
0.166667 0.142720 0.011247 200 169 1000 998 10000 10000 0 10
0.166667 0.161911 0.011219 200 212 1000 1065 10000 10000 0 10
0.166667 0.143953 0.011270 200 169 1000 994 10000 10000 0 10
0.166667 0.170655 0.011887 200 196 1000 980 10000 10000 0 10
0.166667 0.171053 0.011823 200 199 1000 1011 10000 10000 0 10
0.166667 0.163951 0.011642 200 197 1000 995 10000 10000 0 10
0.166667 0.167727 0.011869 200 190 1000 948 10000 10000 0 10
0.166667 0.172494 0.011859 200 212 1000 980 10000 10000 0 10
0.166667 0.143605 0.011186 200 173 1000 999 10000 10000 0 10
0.166667 0.161956 0.011655 200 190 1000 974 10000 10000 0 10
0.166667 0.191266 0.012284 200 205 1000 965 10000 10000 0 10
0.166667 0.159621 0.011791 200 188 1000 970 10000 10000 0 10
0.166667 0.164322 0.011492 200 201 1000 1006 10000 10000 0 10
0.166667 0.186964 0.011957 200 226 1000 1011 10000 10000 0 10
0.166667 0.170542 0.011678 200 209 1000 1015 10000 10000 0 10
0.166667 0.187972 0.011940 200 222 1000 1020 10000 10000 0 10
0.166667 0.150372 0.011538 200 169 1000 964 10000 10000 0 10
0.166667 0.175143 0.011536 200 231 1000 1056 10000 10000 0 10
0.166667 0.181136 0.012228 200 224 1000 971 10000 10000 0 10
0.166667 0.172675 0.011914 200 204 1000 973 10000 10000 0 10
0.166667 0.159552 0.011288 200 194 1000 1042 10000 10000 0 10
0.166667 0.153311 0.011877 200 179 1000 946 10000 10000 0 10
0.166667 0.186799 0.011994 200 226 1000 986 10000 10000 0 10
0.166667 0.157872 0.011756 200 182 1000 967 10000 10000 0 10
0.166667 0.182957 0.012162 200 211 1000 963 10000 10000 0 10
0.166667 0.161680 0.011597 200 183 1000 1008 10000 10000 0 10
0.166667 0.181243 0.011951 200 211 1000 990 10000 10000 0 10
0.166667 0.163239 0.011702 200 191 1000 975 10000 10000 0 10
0.166667 0.174656 0.012038 200 200 1000 961 10000 10000 0 10
0.166667 0.174954 0.011827 200 207 1000 1005 10000 10000 0 10
0.166667 0.180108 0.011997 200 214 1000 977 10000 10000 0 10
0.166667 0.167284 0.011612 200 200 1000 1012 10000 10000 0 10
0.166667 0.170094 0.011405 200 211 1000 1029 10000 10000 0 10
0.166667 0.178706 0.011974 200 216 1000 997 10000 10000 0 10
0.166667 0.165481 0.011501 200 197 1000 1034 10000 10000 0 10
0.166667 0.196876 0.011926 200 246 1000 1014 10000 10000 0 10
0.166667 0.171134 0.011510 200 207 1000 1049 10000 10000 0 10
0.166667 0.162661 0.011380 200 191 1000 1029 10000 10000 0 10
0.166667 0.203211 0.012719 200 225 1000 918 10000 10000 0 10
0.166667 0.183771 0.012188 200 199 1000 972 10000 10000 0 10
0.166667 0.164789 0.011232 200 211 1000 1068 10000 10000 0 10
0.166667 0.162877 0.011788 200 192 1000 955 10000 10000 0 10
0.166667 0.180493 0.012103 200 212 1000 980 10000 10000 0 10
0.166667 0.167341 0.011428 200 208 1000 1038 10000 10000 0 10
0.166667 0.162456 0.011416 200 199 1000 1029 10000 10000 0 10
0.166667 0.169054 0.011732 200 194 1000 998 10000 10000 0 10
0.166667 0.159591 0.011262 200 205 1000 1057 10000 10000 0 10
0.166667 0.167032 0.011618 200 202 1000 1010 10000 10000 0 10
0.166667 0.179078 0.012076 200 211 1000 969 10000 10000 0 10
0.166667 0.207035 0.012613 200 243 1000 933 10000 10000 0 10
0.166667 0.162604 0.011775 200 193 1000 997 10000 10000 0 10
0.166667 0.167443 0.012001 200 190 1000 960 10000 10000 0 10
0.166667 0.169913 0.011731 200 206 1000 993 10000 10000 0 10
0.166667 0.155685 0.011515 200 192 1000 1021 10000 10000 0 10
0.166667 0.163772 0.011614 200 185 1000 1020 10000 10000 0 10
0.166667 0.173492 0.011991 200 198 1000 983 10000 10000 0 10
0.166667 0.158591 0.011189 200 201 1000 1059 10000 10000 0 10
0.166667 0.154093 0.011184 200 193 1000 1041 10000 10000 0 10
0.166667 0.165971 0.011569 200 203 1000 1003 10000 10000 0 10
0.166667 0.158155 0.011429 200 179 1000 1030 10000 10000 0 10
0.166667 0.162447 0.011757 200 192 1000 994 10000 10000 0 10
0.166667 0.178629 0.012054 200 207 1000 971 10000 10000 0 10
0.166667 0.139469 0.010961 200 169 1000 1023 10000 10000 0 10
0.166667 0.168236 0.011485 200 198 1000 1034 10000 10000 0 10
0.166667 0.182850 0.012308 200 209 1000 958 10000 10000 0 10
0.166667 0.175744 0.011822 200 207 1000 1011 10000 10000 0 10
0.166667 0.154911 0.011569 200 185 1000 986 10000 10000 0 10
0.166667 0.172433 0.011720 200 200 1000 1006 10000 10000 0 10
0.166667 0.157690 0.011624 200 194 1000 985 10000 10000 0 10
0.166667 0.166022 0.011896 200 191 1000 952 10000 10000 0 10
0.166667 0.185690 0.012176 200 217 1000 967 10000 10000 0 10
0.166667 0.163368 0.011682 200 193 1000 976 10000 10000 0 10
0.166667 0.169871 0.011519 200 203 1000 1030 10000 10000 0 10
0.166667 0.174056 0.011821 200 201 1000 986 10000 10000 0 10
0.166667 0.160918 0.011604 200 181 1000 989 10000 10000 0 10
0.166667 0.180873 0.011938 200 216 1000 995 10000 10000 0 10
0.166667 0.150876 0.011650 200 171 1000 960 10000 10000 0 10
0.166667 0.177929 0.012030 200 220 1000 988 10000 10000 0 10
0.166667 0.167699 0.011551 200 203 1000 1008 10000 10000 0 10
0.166667 0.164316 0.011709 200 190 1000 985 10000 10000 0 10
0.166667 0.210008 0.012598 200 238 1000 945 10000 10000 0 10
0.166667 0.186764 0.012224 200 210 1000 980 10000 10000 0 10
0.166667 0.196619 0.012513 200 226 1000 948 10000 10000 0 10
0.166667 0.170816 0.011855 200 198 1000 990 10000 10000 0 10
0.166667 0.165632 0.011273 200 218 1000 1063 10000 10000 0 10
0.166667 0.146174 0.011301 200 176 1000 993 10000 10000 0 10
0.166667 0.169345 0.011483 200 213 1000 1046 10000 10000 0 10
0.166667 0.178315 0.011991 200 213 1000 984 10000 10000 0 10
0.166667 0.166205 0.011405 200 193 1000 1032 10000 10000 0 10
0.166667 0.202703 0.012769 200 221 1000 927 10000 10000 0 10
0.166667 0.160764 0.011348 200 186 1000 1028 10000 10000 0 10
0.166667 0.187204 0.012363 200 209 1000 939 10000 10000 0 10
0.166667 0.172452 0.011609 200 197 1000 1011 10000 10000 0 10
0.166667 0.180247 0.011917 200 214 1000 987 10000 10000 0 10
0.166667 0.158461 0.011361 200 194 1000 1023 10000 10000 0 10
0.166667 0.153566 0.011398 200 182 1000 1016 10000 10000 0 10
0.166667 0.172140 0.011880 200 208 1000 977 10000 10000 0 10
0.166667 0.167188 0.011781 200 190 1000 980 10000 10000 0 10
0.166667 0.190241 0.012031 200 222 1000 1013 10000 10000 0 10
0.166667 0.155898 0.011264 200 188 1000 1003 10000 10000 0 10
0.166667 0.186826 0.011886 200 224 1000 1016 10000 10000 0 10
0.166667 0.173757 0.011428 200 213 1000 1054 10000 10000 0 10
0.166667 0.184174 0.012106 200 216 1000 984 10000 10000 0 10
0.166667 0.193252 0.012262 200 225 1000 943 10000 10000 0 10
0.166667 0.158603 0.011133 200 200 1000 1071 10000 10000 0 10
0.166667 0.160322 0.011525 200 183 1000 1018 10000 10000 0 10
0.166667 0.156721 0.011535 200 184 1000 967 10000 10000 0 10
0.166667 0.162384 0.011414 200 197 1000 1026 10000 10000 0 10
0.166667 0.175998 0.011970 200 202 1000 982 10000 10000 0 10
0.166667 0.173771 0.011794 200 201 1000 992 10000 10000 0 10
0.166667 0.174406 0.011947 200 201 1000 981 10000 10000 0 10
0.166667 0.189057 0.012016 200 235 1000 991 10000 10000 0 10
0.166667 0.166706 0.011861 200 196 1000 950 10000 10000 0 10
0.166667 0.154191 0.011363 200 190 1000 1011 10000 10000 0 10
0.166667 0.166857 0.011847 200 190 1000 969 10000 10000 0 10
0.166667 0.155049 0.011300 200 191 1000 1046 10000 10000 0 10
0.166667 0.175231 0.012022 200 198 1000 968 10000 10000 0 10
0.166667 0.153276 0.011289 200 189 1000 1008 10000 10000 0 10
0.166667 0.156264 0.011403 200 185 1000 1025 10000 10000 0 10
0.166667 0.167587 0.011446 200 206 1000 1033 10000 10000 0 10
0.166667 0.163022 0.011293 200 187 1000 1050 10000 10000 0 10
0.166667 0.168225 0.011903 200 190 1000 969 10000 10000 0 10
0.166667 0.176321 0.012036 200 201 1000 970 10000 10000 0 10
0.166667 0.168003 0.011841 200 190 1000 979 10000 10000 0 10
0.166667 0.159594 0.011396 200 189 1000 1028 10000 10000 0 10
0.166667 0.175981 0.011705 200 208 1000 1022 10000 10000 0 10
0.166667 0.179071 0.012018 200 204 1000 977 10000 10000 0 10
0.166667 0.169442 0.011616 200 200 1000 1010 10000 10000 0 10
0.166667 0.166004 0.011698 200 184 1000 999 10000 10000 0 10
0.166667 0.190792 0.012164 200 233 1000 989 10000 10000 0 10
0.166667 0.186622 0.012021 200 216 1000 1000 10000 10000 0 10
0.166667 0.170224 0.011501 200 204 1000 1048 10000 10000 0 10
0.166667 0.166927 0.011806 200 183 1000 985 10000 10000 0 10
0.166667 0.179793 0.011910 200 208 1000 1001 10000 10000 0 10
0.166667 0.153118 0.011178 200 190 1000 1051 10000 10000 0 10
0.166667 0.153264 0.011289 200 186 1000 1020 10000 10000 0 10
0.166667 0.175241 0.012134 200 202 1000 955 10000 10000 0 10
0.166667 0.150453 0.011368 200 181 1000 998 10000 10000 0 10
0.166667 0.154015 0.011570 200 178 1000 965 10000 10000 0 10
0.166667 0.180380 0.012102 200 208 1000 983 10000 10000 0 10
0.166667 0.156999 0.011451 200 189 1000 997 10000 10000 0 10
0.166667 0.160501 0.011628 200 188 1000 982 10000 10000 0 10
0.166667 0.174468 0.011706 200 213 1000 1028 10000 10000 0 10
0.166667 0.156820 0.011549 200 187 1000 958 10000 10000 0 10
0.166667 0.170157 0.011729 200 198 1000 991 10000 10000 0 10
0.166667 0.175280 0.011705 200 209 1000 1018 10000 10000 0 10
0.166667 0.163009 0.011356 200 194 1000 1049 10000 10000 0 10
0.166667 0.166777 0.012158 200 180 1000 922 10000 10000 0 10
0.166667 0.166655 0.011536 200 201 1000 1019 10000 10000 0 10
0.166667 0.179610 0.011964 200 213 1000 990 10000 10000 0 10
0.166667 0.158177 0.011643 200 173 1000 981 10000 10000 0 10
0.166667 0.198319 0.012389 200 229 1000 950 10000 10000 0 10
0.166667 0.171259 0.011881 200 204 1000 980 10000 10000 0 10
0.166667 0.172792 0.011783 200 204 1000 997 10000 10000 0 10
0.166667 0.184457 0.012066 200 216 1000 981 10000 10000 0 10
0.166667 0.184754 0.012000 200 213 1000 999 10000 10000 0 10
0.166667 0.158307 0.011529 200 185 1000 989 10000 10000 0 10
0.166667 0.169672 0.011580 200 195 1000 1028 10000 10000 0 10
0.166667 0.163312 0.011847 200 191 1000 974 10000 10000 0 10
0.166667 0.171712 0.011693 200 213 1000 1009 10000 10000 0 10
0.166667 0.140429 0.010888 200 157 1000 1035 10000 10000 0 10
0.166667 0.175047 0.012052 200 212 1000 967 10000 10000 0 10
0.166667 0.168757 0.011707 200 204 1000 1007 10000 10000 0 10
0.166667 0.183315 0.011984 200 210 1000 1004 10000 10000 0 10
0.166667 0.207626 0.012473 200 242 1000 972 10000 10000 0 10
0.166667 0.150828 0.011344 200 184 1000 1016 10000 10000 0 10
0.166667 0.142644 0.011121 200 179 1000 1011 10000 10000 0 10
0.166667 0.168869 0.011435 200 205 1000 1042 10000 10000 0 10
0.166667 0.160865 0.011299 200 202 1000 1036 10000 10000 0 10
0.166667 0.174544 0.011701 200 213 1000 1009 10000 10000 0 10
0.166667 0.169434 0.011672 200 211 1000 996 10000 10000 0 10
0.166667 0.162099 0.011614 200 186 1000 994 10000 10000 0 10
0.166667 0.158420 0.011423 200 184 1000 1007 10000 10000 0 10
0.166667 0.144065 0.011094 200 174 1000 1003 10000 10000 0 10
0.166667 0.156878 0.011095 200 194 1000 1083 10000 10000 0 10
0.166667 0.168863 0.011589 200 205 1000 993 10000 10000 0 10
0.166667 0.160491 0.011581 200 184 1000 988 10000 10000 0 10
0.166667 0.156293 0.011477 200 188 1000 983 10000 10000 0 10
0.166667 0.169446 0.011838 200 197 1000 975 10000 10000 0 10
0.166667 0.175536 0.012020 200 206 1000 969 10000 10000 0 10
0.166667 0.160285 0.011496 200 189 1000 993 10000 10000 0 10
0.166667 0.194164 0.012339 200 230 1000 954 10000 10000 0 10
0.166667 0.175237 0.012040 200 202 1000 951 10000 10000 0 10
0.166667 0.163095 0.011545 200 197 1000 1003 10000 10000 0 10
0.166667 0.159823 0.011459 200 188 1000 987 10000 10000 0 10
0.166667 0.174698 0.012102 200 185 1000 947 10000 10000 0 10
0.166667 0.177587 0.011959 200 202 1000 987 10000 10000 0 10
0.166667 0.194835 0.012439 200 215 1000 953 10000 10000 0 10
0.166667 0.149585 0.011132 200 186 1000 1016 10000 10000 0 10
0.166667 0.170216 0.011878 200 193 1000 998 10000 10000 0 10
0.166667 0.181488 0.012146 200 205 1000 967 10000 10000 0 10
0.166667 0.171678 0.011741 200 210 1000 1017 10000 10000 0 10
0.166667 0.187351 0.012166 200 212 1000 971 10000 10000 0 10
0.166667 0.177826 0.011971 200 200 1000 975 10000 10000 0 10
0.166667 0.170073 0.011743 200 201 1000 1016 10000 10000 0 10
0.166667 0.171098 0.011833 200 194 1000 1011 10000 10000 0 10
0.166667 0.151821 0.011028 200 180 1000 1053 10000 10000 0 10
0.166667 0.169167 0.011526 200 199 1000 1014 10000 10000 0 10
0.166667 0.149141 0.011170 200 176 1000 1041 10000 10000 0 10
0.166667 0.172504 0.011982 200 202 1000 969 10000 10000 0 10
0.166667 0.169143 0.011565 200 214 1000 1020 10000 10000 0 10
0.166667 0.169319 0.011751 200 204 1000 984 10000 10000 0 10
0.166667 0.171300 0.011759 200 203 1000 994 10000 10000 0 10
0.166667 0.196594 0.012530 200 215 1000 944 10000 10000 0 10
0.166667 0.159107 0.011465 200 184 1000 1002 10000 10000 0 10
0.166667 0.181717 0.012086 200 226 1000 980 10000 10000 0 10
0.166667 0.182636 0.011923 200 225 1000 999 10000 10000 0 10
0.166667 0.167237 0.011898 200 196 1000 961 10000 10000 0 10
0.166667 0.173730 0.011751 200 214 1000 1020 10000 10000 0 10
0.166667 0.167966 0.011744 200 203 1000 988 10000 10000 0 10
0.166667 0.159200 0.011735 200 189 1000 962 10000 10000 0 10
0.166667 0.155835 0.011251 200 191 1000 1033 10000 10000 0 10
0.166667 0.165705 0.011481 200 200 1000 1020 10000 10000 0 10
0.166667 0.182590 0.012244 200 216 1000 941 10000 10000 0 10
0.166667 0.174425 0.011734 200 214 1000 1033 10000 10000 0 10
0.166667 0.190728 0.012183 200 219 1000 986 10000 10000 0 10
0.166667 0.170022 0.011278 200 213 1000 1053 10000 10000 0 10
0.166667 0.163287 0.011600 200 189 1000 1003 10000 10000 0 10
0.166667 0.159638 0.011567 200 186 1000 1002 10000 10000 0 10
0.166667 0.153502 0.011307 200 173 1000 1011 10000 10000 0 10
0.166667 0.178771 0.012089 200 199 1000 962 10000 10000 0 10
0.166667 0.163848 0.011666 200 190 1000 971 10000 10000 0 10
0.166667 0.168603 0.011745 200 194 1000 989 10000 10000 0 10
0.166667 0.156592 0.011767 200 182 1000 971 10000 10000 0 10
0.166667 0.178415 0.011975 200 209 1000 983 10000 10000 0 10
0.166667 0.175327 0.011966 200 200 1000 969 10000 10000 0 10
0.166667 0.181795 0.011972 200 214 1000 993 10000 10000 0 10
0.166667 0.159688 0.011610 200 185 1000 992 10000 10000 0 10
0.166667 0.173896 0.011928 200 205 1000 998 10000 10000 0 10
0.166667 0.206152 0.012391 200 241 1000 986 10000 10000 0 10
0.166667 0.183994 0.011973 200 221 1000 983 10000 10000 0 10
0.166667 0.153797 0.011409 200 192 1000 1003 10000 10000 0 10
0.166667 0.180464 0.011611 200 212 1000 1053 10000 10000 0 10
0.166667 0.174461 0.011912 200 205 1000 1001 10000 10000 0 10
0.166667 0.168618 0.011943 200 218 1000 990 10000 10000 0 10
0.166667 0.161826 0.011461 200 187 1000 1028 10000 10000 0 10
0.166667 0.171915 0.011894 200 199 1000 1003 10000 10000 0 10
0.166667 0.159015 0.011731 200 182 1000 971 10000 10000 0 10
0.166667 0.166647 0.011485 200 206 1000 1034 10000 10000 0 10
0.166667 0.178102 0.012104 200 201 1000 971 10000 10000 0 10
0.166667 0.175277 0.011638 200 216 1000 1031 10000 10000 0 10
0.166667 0.170315 0.011727 200 201 1000 1002 10000 10000 0 10
0.166667 0.159413 0.011311 200 195 1000 1035 10000 10000 0 10
0.166667 0.176157 0.011761 200 208 1000 1030 10000 10000 0 10
0.166667 0.164915 0.011659 200 189 1000 1011 10000 10000 0 10
0.166667 0.160269 0.011332 200 207 1000 1038 10000 10000 0 10
0.166667 0.191956 0.011857 200 238 1000 1020 10000 10000 0 10
0.166667 0.164717 0.011428 200 192 1000 1074 10000 10000 0 10
0.166667 0.184028 0.012006 200 220 1000 992 10000 10000 0 10
0.166667 0.171636 0.011856 200 206 1000 991 10000 10000 0 10
0.166667 0.138587 0.011034 200 163 1000 983 10000 10000 0 10
0.166667 0.185087 0.012154 200 219 1000 977 10000 10000 0 10
0.166667 0.181989 0.012139 200 207 1000 972 10000 10000 0 10
0.166667 0.168117 0.011558 200 195 1000 1006 10000 10000 0 10
0.166667 0.168954 0.011582 200 210 1000 1024 10000 10000 0 10
0.166667 0.164764 0.011360 200 204 1000 1050 10000 10000 0 10
0.166667 0.157659 0.011319 200 195 1000 1008 10000 10000 0 10
0.166667 0.171672 0.011767 200 195 1000 985 10000 10000 0 10
0.166667 0.156648 0.011758 200 171 1000 955 10000 10000 0 10
0.166667 0.177246 0.012479 200 191 1000 901 10000 10000 0 10
0.166667 0.179146 0.012026 200 207 1000 995 10000 10000 0 10
0.166667 0.159724 0.011408 200 206 1000 1030 10000 10000 0 10
0.166667 0.169432 0.011729 200 194 1000 1000 10000 10000 0 10
0.166667 0.157349 0.011570 200 183 1000 987 10000 10000 0 10
0.166667 0.158031 0.011396 200 186 1000 1013 10000 10000 0 10
0.166667 0.179528 0.011894 200 218 1000 998 10000 10000 0 10
0.166667 0.172308 0.011733 200 204 1000 995 10000 10000 0 10
0.166667 0.168256 0.011420 200 207 1000 1040 10000 10000 0 10
0.166667 0.164390 0.011684 200 202 1000 982 10000 10000 0 10
0.166667 0.178980 0.011968 200 208 1000 962 10000 10000 0 10
0.166667 0.160269 0.011277 200 201 1000 1045 10000 10000 0 10
0.166667 0.156427 0.011342 200 188 1000 1005 10000 10000 0 10
0.166667 0.158237 0.011430 200 180 1000 1019 10000 10000 0 10
0.166667 0.187163 0.012039 200 224 1000 992 10000 10000 0 10
0.166667 0.176175 0.012089 200 205 1000 949 10000 10000 0 10
0.166667 0.156643 0.011523 200 185 1000 985 10000 10000 0 10
0.166667 0.162622 0.011870 200 183 1000 960 10000 10000 0 10
0.166667 0.188225 0.012208 200 224 1000 966 10000 10000 0 10
0.166667 0.169750 0.011520 200 209 1000 1021 10000 10000 0 10
0.166667 0.162694 0.011585 200 196 1000 997 10000 10000 0 10
0.166667 0.186373 0.012154 200 213 1000 975 10000 10000 0 10
0.166667 0.166226 0.011540 200 202 1000 1008 10000 10000 0 10
0.166667 0.173491 0.011800 200 214 1000 989 10000 10000 0 10
0.166667 0.185038 0.012165 200 223 1000 972 10000 10000 0 10
0.166667 0.166175 0.011368 200 204 1000 1040 10000 10000 0 10
0.166667 0.145844 0.011435 200 175 1000 995 10000 10000 0 10
0.166667 0.169282 0.012091 200 188 1000 940 10000 10000 0 10
0.166667 0.144930 0.011005 200 175 1000 1053 10000 10000 0 10
0.166667 0.176037 0.012021 200 211 1000 985 10000 10000 0 10
0.166667 0.161726 0.011440 200 195 1000 1038 10000 10000 0 10
0.166667 0.177804 0.011621 200 220 1000 1031 10000 10000 0 10
0.166667 0.191130 0.012603 200 205 1000 911 10000 10000 0 10
0.166667 0.157245 0.011305 200 202 1000 1035 10000 10000 0 10
0.166667 0.169328 0.011338 200 211 1000 1059 10000 10000 0 10
0.166667 0.164726 0.011645 200 190 1000 994 10000 10000 0 10
0.166667 0.176142 0.011832 200 210 1000 1017 10000 10000 0 10
0.166667 0.166819 0.011706 200 190 1000 1012 10000 10000 0 10
0.166667 0.164612 0.011799 200 200 1000 999 10000 10000 0 10
0.166667 0.149142 0.011182 200 188 1000 1020 10000 10000 0 10
0.166667 0.175974 0.011937 200 210 1000 975 10000 10000 0 10
0.166667 0.170203 0.011866 200 197 1000 967 10000 10000 0 10
0.166667 0.177093 0.011965 200 191 1000 1003 10000 10000 0 10
0.166667 0.158125 0.011458 200 185 1000 991 10000 10000 0 10
0.166667 0.161461 0.011781 200 191 1000 1001 10000 10000 0 10
0.166667 0.159240 0.011534 200 188 1000 994 10000 10000 0 10
0.166667 0.162096 0.011444 200 197 1000 1017 10000 10000 0 10
0.166667 0.177543 0.011628 200 225 1000 1019 10000 10000 0 10
0.166667 0.149683 0.011085 200 174 1000 1059 10000 10000 0 10
0.166667 0.154597 0.011156 200 200 1000 1033 10000 10000 0 10
0.166667 0.187978 0.012067 200 231 1000 987 10000 10000 0 10
0.166667 0.173871 0.011858 200 206 1000 995 10000 10000 0 10
0.166667 0.160788 0.011603 200 199 1000 1010 10000 10000 0 10
0.166667 0.158081 0.011343 200 194 1000 1022 10000 10000 0 10
0.166667 0.168921 0.011906 200 190 1000 961 10000 10000 0 10
0.166667 0.162465 0.011986 200 178 1000 958 10000 10000 0 10
0.166667 0.158510 0.011464 200 185 1000 1024 10000 10000 0 10
0.166667 0.142969 0.011093 200 167 1000 1034 10000 10000 0 10
0.166667 0.186825 0.012334 200 210 1000 951 10000 10000 0 10
0.166667 0.143048 0.010775 200 184 1000 1082 10000 10000 0 10
0.166667 0.152148 0.011264 200 184 1000 1024 10000 10000 0 10
0.166667 0.156178 0.011661 200 179 1000 971 10000 10000 0 10
0.166667 0.164288 0.011602 200 207 1000 1004 10000 10000 0 10
0.166667 0.180360 0.011817 200 219 1000 1010 10000 10000 0 10
0.166667 0.168611 0.012126 200 191 1000 951 10000 10000 0 10
0.166667 0.153619 0.011462 200 188 1000 1002 10000 10000 0 10
0.166667 0.163204 0.011517 200 200 1000 1026 10000 10000 0 10
0.166667 0.171241 0.011625 200 208 1000 1011 10000 10000 0 10
0.166667 0.147856 0.011005 200 179 1000 1060 10000 10000 0 10
0.166667 0.170640 0.011720 200 202 1000 999 10000 10000 0 10
0.166667 0.170860 0.011730 200 197 1000 1001 10000 10000 0 10
0.166667 0.182194 0.012184 200 208 1000 968 10000 10000 0 10
0.166667 0.183746 0.012198 200 205 1000 962 10000 10000 0 10
0.166667 0.161342 0.011482 200 190 1000 1000 10000 10000 0 10
0.166667 0.170175 0.011557 200 203 1000 1018 10000 10000 0 10
0.166667 0.167508 0.011961 200 186 1000 960 10000 10000 0 10
0.166667 0.165750 0.011730 200 191 1000 970 10000 10000 0 10
0.166667 0.173211 0.011692 200 204 1000 1023 10000 10000 0 10
0.166667 0.175013 0.011900 200 202 1000 986 10000 10000 0 10
0.166667 0.164567 0.011537 200 186 1000 1003 10000 10000 0 10
0.166667 0.158632 0.011442 200 191 1000 1012 10000 10000 0 10
0.166667 0.180347 0.012028 200 207 1000 985 10000 10000 0 10
0.166667 0.171567 0.011790 200 199 1000 989 10000 10000 0 10
0.166667 0.165720 0.011925 200 194 1000 956 10000 10000 0 10
0.166667 0.170804 0.011899 200 202 1000 994 10000 10000 0 10
0.166667 0.171485 0.011874 200 194 1000 983 10000 10000 0 10
0.166667 0.163626 0.011339 200 196 1000 1049 10000 10000 0 10
0.166667 0.180331 0.012008 200 201 1000 975 10000 10000 0 10
0.166667 0.156169 0.011363 200 191 1000 1010 10000 10000 0 10
0.166667 0.181172 0.011886 200 217 1000 1015 10000 10000 0 10
0.166667 0.171383 0.011935 200 191 1000 960 10000 10000 0 10
0.166667 0.176857 0.012017 200 222 1000 990 10000 10000 0 10
0.166667 0.162662 0.011461 200 202 1000 1024 10000 10000 0 10
0.166667 0.174275 0.011898 200 208 1000 999 10000 10000 0 10
0.166667 0.159984 0.011355 200 197 1000 1038 10000 10000 0 10
0.166667 0.168054 0.011642 200 197 1000 996 10000 10000 0 10
0.166667 0.180985 0.012367 200 201 1000 936 10000 10000 0 10
0.166667 0.183258 0.012138 200 214 1000 975 10000 10000 0 10
0.166667 0.179015 0.011812 200 216 1000 1007 10000 10000 0 10
0.166667 0.175875 0.011834 200 209 1000 1010 10000 10000 0 10
0.166667 0.160533 0.011618 200 190 1000 994 10000 10000 0 10
0.166667 0.172700 0.011947 200 197 1000 961 10000 10000 0 10
0.166667 0.146690 0.010965 200 182 1000 1069 10000 10000 0 10
0.166667 0.146174 0.011277 200 178 1000 999 10000 10000 0 10
0.166667 0.199307 0.012192 200 241 1000 999 10000 10000 0 10
0.166667 0.150436 0.011413 200 173 1000 994 10000 10000 0 10
0.166667 0.156778 0.011351 200 183 1000 1025 10000 10000 0 10
0.166667 0.187939 0.012168 200 217 1000 982 10000 10000 0 10
0.166667 0.165958 0.011424 200 209 1000 1062 10000 10000 0 10
0.166667 0.182338 0.012503 200 209 1000 923 10000 10000 0 10
0.166667 0.178124 0.012161 200 205 1000 954 10000 10000 0 10
0.166667 0.171131 0.011834 200 206 1000 980 10000 10000 0 10
0.166667 0.164112 0.011726 200 185 1000 980 10000 10000 0 10
0.166667 0.175546 0.012229 200 204 1000 926 10000 10000 0 10
0.166667 0.150337 0.011251 200 182 1000 1016 10000 10000 0 10
0.166667 0.177957 0.011997 200 205 1000 998 10000 10000 0 10
0.166667 0.154288 0.010774 200 205 1000 1106 10000 10000 0 10
0.166667 0.181071 0.012438 200 199 1000 923 10000 10000 0 10
0.166667 0.183824 0.012004 200 210 1000 996 10000 10000 0 10
0.166667 0.148711 0.011406 200 171 1000 980 10000 10000 0 10
0.166667 0.160666 0.011414 200 186 1000 1017 10000 10000 0 10
0.166667 0.153866 0.011564 200 186 1000 968 10000 10000 0 10
0.166667 0.149439 0.011369 200 172 1000 1005 10000 10000 0 10
0.166667 0.173383 0.011759 200 205 1000 1007 10000 10000 0 10
0.166667 0.167028 0.011845 200 185 1000 971 10000 10000 0 10
0.166667 0.174720 0.011509 200 212 1000 1040 10000 10000 0 10
0.166667 0.178692 0.011748 200 213 1000 1007 10000 10000 0 10
0.166667 0.184435 0.012262 200 205 1000 955 10000 10000 0 10
0.166667 0.186344 0.011986 200 214 1000 1004 10000 10000 0 10
0.166667 0.154027 0.011428 200 191 1000 1020 10000 10000 0 10
0.166667 0.163482 0.011773 200 179 1000 954 10000 10000 0 10
0.166667 0.160649 0.011370 200 195 1000 1012 10000 10000 0 10
0.166667 0.190839 0.011926 200 224 1000 1011 10000 10000 0 10
0.166667 0.174791 0.011581 200 223 1000 1036 10000 10000 0 10
0.166667 0.173302 0.011765 200 204 1000 1001 10000 10000 0 10
0.166667 0.167318 0.011665 200 204 1000 1002 10000 10000 0 10
0.166667 0.154558 0.011285 200 185 1000 1035 10000 10000 0 10
0.166667 0.166795 0.011561 200 205 1000 1023 10000 10000 0 10
0.166667 0.167177 0.011737 200 195 1000 976 10000 10000 0 10
0.166667 0.153777 0.010828 200 204 1000 1086 10000 10000 0 10
0.166667 0.183483 0.012301 200 206 1000 925 10000 10000 0 10
0.166667 0.160668 0.011516 200 185 1000 1017 10000 10000 0 10
0.166667 0.152516 0.011291 200 187 1000 1018 10000 10000 0 10
0.166667 0.162112 0.011455 200 196 1000 1031 10000 10000 0 10
0.166667 0.181259 0.012212 200 204 1000 934 10000 10000 0 10
0.166667 0.157424 0.011514 200 195 1000 1002 10000 10000 0 10
0.166667 0.170533 0.011685 200 208 1000 1008 10000 10000 0 10
0.166667 0.158337 0.011377 200 194 1000 1048 10000 10000 0 10
0.166667 0.161065 0.011328 200 197 1000 1037 10000 10000 0 10
0.166667 0.165180 0.011569 200 188 1000 998 10000 10000 0 10
0.166667 0.177595 0.012198 200 197 1000 952 10000 10000 0 10
0.166667 0.184587 0.011788 200 221 1000 1041 10000 10000 0 10
0.166667 0.151131 0.011732 200 165 1000 928 10000 10000 0 10
0.166667 0.184463 0.012088 200 214 1000 977 10000 10000 0 10
0.166667 0.198662 0.012471 200 216 1000 942 10000 10000 0 10
0.166667 0.157872 0.011440 200 187 1000 997 10000 10000 0 10
0.166667 0.143449 0.011231 200 165 1000 968 10000 10000 0 10
0.166667 0.155861 0.011392 200 180 1000 1015 10000 10000 0 10
0.166667 0.160396 0.012009 200 178 1000 954 10000 10000 0 10
0.166667 0.177211 0.011871 200 215 1000 1010 10000 10000 0 10
0.166667 0.159402 0.011284 200 196 1000 1011 10000 10000 0 10
0.166667 0.181333 0.012071 200 213 1000 984 10000 10000 0 10
0.166667 0.153784 0.011201 200 192 1000 1058 10000 10000 0 10
0.166667 0.166453 0.011621 200 195 1000 998 10000 10000 0 10
0.166667 0.166299 0.011626 200 202 1000 1009 10000 10000 0 10
0.166667 0.174401 0.011796 200 218 1000 1005 10000 10000 0 10
0.166667 0.162756 0.011706 200 191 1000 1008 10000 10000 0 10
0.166667 0.172296 0.011806 200 197 1000 994 10000 10000 0 10
0.166667 0.160830 0.011222 200 193 1000 1050 10000 10000 0 10
0.166667 0.156891 0.011357 200 187 1000 1012 10000 10000 0 10
0.166667 0.173211 0.012073 200 202 1000 944 10000 10000 0 10
0.166667 0.144316 0.011214 200 179 1000 994 10000 10000 0 10
0.166667 0.164440 0.011519 200 191 1000 1016 10000 10000 0 10
0.166667 0.169639 0.011544 200 199 1000 1048 10000 10000 0 10
0.166667 0.174518 0.011792 200 208 1000 1018 10000 10000 0 10
0.166667 0.165775 0.011429 200 202 1000 1050 10000 10000 0 10
0.166667 0.151795 0.011393 200 183 1000 999 10000 10000 0 10
0.166667 0.153447 0.011156 200 187 1000 1025 10000 10000 0 10
0.166667 0.185829 0.011851 200 227 1000 1004 10000 10000 0 10
0.166667 0.165578 0.011715 200 188 1000 992 10000 10000 0 10
0.166667 0.176190 0.011905 200 199 1000 974 10000 10000 0 10
0.166667 0.162854 0.011654 200 190 1000 989 10000 10000 0 10
0.166667 0.167263 0.011886 200 192 1000 980 10000 10000 0 10
0.166667 0.171285 0.011820 200 193 1000 1000 10000 10000 0 10
0.166667 0.189046 0.012293 200 212 1000 955 10000 10000 0 10
0.166667 0.174518 0.011919 200 206 1000 973 10000 10000 0 10
0.166667 0.145501 0.010819 200 176 1000 1076 10000 10000 0 10
0.166667 0.166579 0.011643 200 194 1000 1011 10000 10000 0 10
0.166667 0.195366 0.012376 200 223 1000 957 10000 10000 0 10
0.166667 0.176955 0.011961 200 207 1000 970 10000 10000 0 10
0.166667 0.171200 0.011556 200 195 1000 1007 10000 10000 0 10
0.166667 0.179177 0.011763 200 217 1000 1014 10000 10000 0 10
0.166667 0.156755 0.011456 200 188 1000 1000 10000 10000 0 10
0.166667 0.163009 0.011663 200 184 1000 995 10000 10000 0 10
0.166667 0.153369 0.011309 200 169 1000 1049 10000 10000 0 10
0.166667 0.164408 0.011884 200 186 1000 961 10000 10000 0 10
0.166667 0.168099 0.011550 200 210 1000 1025 10000 10000 0 10
0.166667 0.156398 0.011368 200 198 1000 1002 10000 10000 0 10
0.166667 0.157164 0.011269 200 190 1000 1030 10000 10000 0 10
0.166667 0.156804 0.011296 200 197 1000 1067 10000 10000 0 10
0.166667 0.172047 0.011946 200 212 1000 972 10000 10000 0 10
0.166667 0.185732 0.012050 200 223 1000 996 10000 10000 0 10
0.166667 0.175370 0.011942 200 199 1000 962 10000 10000 0 10
0.166667 0.171988 0.011621 200 201 1000 1022 10000 10000 0 10
0.166667 0.167325 0.011517 200 205 1000 1019 10000 10000 0 10
0.166667 0.156402 0.011514 200 176 1000 995 10000 10000 0 10
0.166667 0.178632 0.011883 200 210 1000 986 10000 10000 0 10
0.166667 0.153376 0.011169 200 193 1000 1035 10000 10000 0 10
0.166667 0.175224 0.012380 200 189 1000 906 10000 10000 0 10
0.166667 0.188994 0.012118 200 226 1000 990 10000 10000 0 10
0.166667 0.170850 0.011522 200 202 1000 1032 10000 10000 0 10
0.166667 0.170554 0.011818 200 207 1000 1002 10000 10000 0 10
0.166667 0.167339 0.011520 200 199 1000 1042 10000 10000 0 10
0.166667 0.186331 0.012093 200 215 1000 993 10000 10000 0 10
0.166667 0.169435 0.011658 200 200 1000 1002 10000 10000 0 10
0.166667 0.185126 0.012163 200 220 1000 965 10000 10000 0 10
0.166667 0.183612 0.011942 200 219 1000 1013 10000 10000 0 10
0.166667 0.170176 0.012071 200 191 1000 966 10000 10000 0 10
0.166667 0.144776 0.011168 200 174 1000 1014 10000 10000 0 10
0.166667 0.151191 0.011348 200 185 1000 1021 10000 10000 0 10
0.166667 0.152399 0.011423 200 180 1000 1000 10000 10000 0 10
0.166667 0.168472 0.011298 200 209 1000 1058 10000 10000 0 10
0.166667 0.181901 0.012031 200 205 1000 983 10000 10000 0 10
0.166667 0.180752 0.012175 200 208 1000 945 10000 10000 0 10
0.166667 0.167559 0.011386 200 198 1000 1058 10000 10000 0 10
0.166667 0.174362 0.012007 200 213 1000 980 10000 10000 0 10
0.166667 0.159198 0.011256 200 203 1000 1030 10000 10000 0 10
0.166667 0.166237 0.011759 200 187 1000 996 10000 10000 0 10
0.166667 0.155952 0.011186 200 198 1000 1055 10000 10000 0 10
0.166667 0.171112 0.011776 200 199 1000 962 10000 10000 0 10
0.166667 0.159099 0.011558 200 189 1000 1011 10000 10000 0 10
0.166667 0.149106 0.011066 200 177 1000 1034 10000 10000 0 10
0.166667 0.155866 0.011372 200 180 1000 1032 10000 10000 0 10
0.166667 0.175255 0.011743 200 208 1000 1006 10000 10000 0 10
0.166667 0.161577 0.011627 200 187 1000 970 10000 10000 0 10
0.166667 0.171279 0.011840 200 195 1000 965 10000 10000 0 10
0.166667 0.167366 0.011503 200 203 1000 1052 10000 10000 0 10
0.166667 0.176662 0.011968 200 203 1000 970 10000 10000 0 10
0.166667 0.172121 0.011718 200 210 1000 1016 10000 10000 0 10
0.166667 0.171871 0.011865 200 215 1000 975 10000 10000 0 10
0.166667 0.180122 0.012061 200 212 1000 977 10000 10000 0 10
0.166667 0.163881 0.011458 200 191 1000 1015 10000 10000 0 10
0.166667 0.150779 0.011284 200 177 1000 1003 10000 10000 0 10
0.166667 0.151059 0.011093 200 189 1000 1046 10000 10000 0 10
0.166667 0.139978 0.011118 200 168 1000 996 10000 10000 0 10
0.166667 0.168721 0.011742 200 200 1000 1018 10000 10000 0 10
0.166667 0.158324 0.011263 200 197 1000 1041 10000 10000 0 10
0.166667 0.165167 0.011346 200 215 1000 1059 10000 10000 0 10
0.166667 0.159699 0.011244 200 201 1000 1048 10000 10000 0 10
0.166667 0.161090 0.011161 200 200 1000 1043 10000 10000 0 10
0.166667 0.162207 0.011555 200 191 1000 1004 10000 10000 0 10
0.166667 0.189293 0.012121 200 228 1000 988 10000 10000 0 10
0.166667 0.183566 0.012190 200 205 1000 969 10000 10000 0 10
0.166667 0.133189 0.010707 200 162 1000 1049 10000 10000 0 10
0.166667 0.161362 0.011882 200 182 1000 984 10000 10000 0 10
0.166667 0.194145 0.012249 200 227 1000 975 10000 10000 0 10
0.166667 0.176072 0.011450 200 219 1000 1065 10000 10000 0 10
0.166667 0.159935 0.011597 200 184 1000 990 10000 10000 0 10
0.166667 0.161984 0.011939 200 183 1000 951 10000 10000 0 10
0.166667 0.168946 0.011612 200 213 1000 1005 10000 10000 0 10
0.166667 0.144782 0.011130 200 180 1000 1026 10000 10000 0 10
0.166667 0.159284 0.011580 200 181 1000 984 10000 10000 0 10
0.166667 0.147742 0.011375 200 169 1000 1006 10000 10000 0 10
0.166667 0.184567 0.012087 200 218 1000 975 10000 10000 0 10
0.166667 0.195092 0.012344 200 232 1000 966 10000 10000 0 10
0.166667 0.164222 0.011421 200 213 1000 1022 10000 10000 0 10
0.166667 0.153291 0.011272 200 189 1000 1020 10000 10000 0 10
0.166667 0.156749 0.011610 200 180 1000 986 10000 10000 0 10
0.166667 0.182462 0.011816 200 218 1000 1024 10000 10000 0 10
0.166667 0.168150 0.011598 200 197 1000 1008 10000 10000 0 10
0.166667 0.144797 0.010782 200 183 1000 1087 10000 10000 0 10
0.166667 0.164661 0.011832 200 177 1000 975 10000 10000 0 10
0.166667 0.177396 0.011854 200 208 1000 1008 10000 10000 0 10
0.166667 0.191110 0.012324 200 215 1000 963 10000 10000 0 10
0.166667 0.159385 0.011426 200 189 1000 1039 10000 10000 0 10
0.166667 0.159875 0.011460 200 194 1000 1003 10000 10000 0 10
0.166667 0.178103 0.011998 200 210 1000 975 10000 10000 0 10
0.166667 0.171374 0.011634 200 215 1000 1025 10000 10000 0 10
0.166667 0.175683 0.011659 200 205 1000 1043 10000 10000 0 10
0.166667 0.194295 0.012065 200 241 1000 1011 10000 10000 0 10
0.166667 0.176515 0.011740 200 210 1000 1021 10000 10000 0 10
0.166667 0.159528 0.011551 200 190 1000 1012 10000 10000 0 10
0.166667 0.180712 0.011920 200 213 1000 999 10000 10000 0 10
0.166667 0.179151 0.011919 200 206 1000 996 10000 10000 0 10
0.166667 0.176992 0.011720 200 220 1000 1042 10000 10000 0 10
0.166667 0.160373 0.011689 200 192 1000 996 10000 10000 0 10
0.166667 0.174629 0.011933 200 205 1000 965 10000 10000 0 10
0.166667 0.179951 0.012012 200 205 1000 981 10000 10000 0 10
0.166667 0.173070 0.011511 200 213 1000 1043 10000 10000 0 10
0.166667 0.145548 0.011108 200 168 1000 1052 10000 10000 0 10
0.166667 0.168961 0.011531 200 206 1000 1025 10000 10000 0 10
0.166667 0.165644 0.011540 200 201 1000 1022 10000 10000 0 10
0.166667 0.157267 0.011172 200 199 1000 1044 10000 10000 0 10
0.166667 0.179031 0.011749 200 213 1000 1019 10000 10000 0 10
0.166667 0.185330 0.012004 200 216 1000 973 10000 10000 0 10
0.166667 0.172340 0.011625 200 209 1000 1028 10000 10000 0 10
0.166667 0.163509 0.011712 200 192 1000 993 10000 10000 0 10
0.166667 0.187834 0.012418 200 216 1000 951 10000 10000 0 10
0.166667 0.169048 0.011858 200 189 1000 973 10000 10000 0 10
0.166667 0.198340 0.012333 200 233 1000 980 10000 10000 0 10
0.166667 0.172790 0.011877 200 203 1000 980 10000 10000 0 10
0.166667 0.150715 0.011065 200 186 1000 1047 10000 10000 0 10
0.166667 0.182433 0.012025 200 218 1000 964 10000 10000 0 10
0.166667 0.166419 0.012018 200 187 1000 944 10000 10000 0 10
0.166667 0.173910 0.011879 200 210 1000 974 10000 10000 0 10
0.166667 0.179750 0.012195 200 207 1000 961 10000 10000 0 10
0.166667 0.150896 0.011360 200 183 1000 987 10000 10000 0 10
0.166667 0.158848 0.011241 200 203 1000 1049 10000 10000 0 10
0.166667 0.166526 0.011611 200 201 1000 1011 10000 10000 0 10
0.166667 0.180232 0.011772 200 217 1000 1026 10000 10000 0 10
0.166667 0.150878 0.010941 200 178 1000 1065 10000 10000 0 10
0.166667 0.171249 0.011826 200 206 1000 984 10000 10000 0 10
0.166667 0.164830 0.011766 200 195 1000 988 10000 10000 0 10
0.166667 0.177638 0.011803 200 214 1000 1006 10000 10000 0 10
0.166667 0.177652 0.012120 200 201 1000 978 10000 10000 0 10
0.166667 0.160177 0.011418 200 191 1000 1033 10000 10000 0 10
0.166667 0.161080 0.011414 200 189 1000 1018 10000 10000 0 10
0.166667 0.180592 0.011782 200 222 1000 1034 10000 10000 0 10
0.166667 0.176766 0.012114 200 202 1000 947 10000 10000 0 10
0.166667 0.165825 0.011685 200 208 1000 991 10000 10000 0 10
0.166667 0.170699 0.011891 200 192 1000 992 10000 10000 0 10
0.166667 0.173860 0.011590 200 210 1000 1032 10000 10000 0 10
0.166667 0.168010 0.011788 200 205 1000 987 10000 10000 0 10
0.166667 0.173533 0.011834 200 200 1000 991 10000 10000 0 10
0.166667 0.167680 0.011444 200 210 1000 1029 10000 10000 0 10
0.166667 0.160686 0.011523 200 190 1000 1005 10000 10000 0 10
0.166667 0.167409 0.011489 200 199 1000 1027 10000 10000 0 10
0.166667 0.169562 0.011565 200 199 1000 1019 10000 10000 0 10
0.166667 0.187004 0.011903 200 225 1000 1021 10000 10000 0 10
0.166667 0.168926 0.011372 200 211 1000 1042 10000 10000 0 10
0.166667 0.173382 0.011962 200 187 1000 970 10000 10000 0 10
0.166667 0.171739 0.011695 200 197 1000 1020 10000 10000 0 10
0.166667 0.187266 0.012260 200 210 1000 945 10000 10000 0 10
0.166667 0.184279 0.011996 200 217 1000 1008 10000 10000 0 10
0.166667 0.160115 0.011676 200 183 1000 986 10000 10000 0 10
0.166667 0.170127 0.011816 200 212 1000 986 10000 10000 0 10
0.166667 0.154130 0.011437 200 186 1000 995 10000 10000 0 10
0.166667 0.177656 0.011854 200 222 1000 1008 10000 10000 0 10
0.166667 0.172931 0.011488 200 208 1000 1044 10000 10000 0 10
0.166667 0.167889 0.011320 200 204 1000 1064 10000 10000 0 10
0.166667 0.145813 0.011224 200 174 1000 1010 10000 10000 0 10
0.166667 0.158751 0.011467 200 190 1000 1026 10000 10000 0 10
0.166667 0.160287 0.011229 200 202 1000 1054 10000 10000 0 10
0.166667 0.168942 0.011691 200 212 1000 1005 10000 10000 0 10
0.166667 0.168179 0.011674 200 200 1000 1000 10000 10000 0 10
0.166667 0.174008 0.011984 200 195 1000 974 10000 10000 0 10
0.166667 0.171443 0.011894 200 201 1000 984 10000 10000 0 10
0.166667 0.180743 0.011896 200 216 1000 1010 10000 10000 0 10
0.166667 0.178180 0.011947 200 208 1000 993 10000 10000 0 10
0.166667 0.170353 0.011944 200 201 1000 949 10000 10000 0 10
0.166667 0.174980 0.011744 200 208 1000 988 10000 10000 0 10
0.166667 0.169458 0.011425 200 199 1000 1026 10000 10000 0 10
0.166667 0.175494 0.011763 200 220 1000 996 10000 10000 0 10
0.166667 0.167409 0.011876 200 196 1000 962 10000 10000 0 10
0.166667 0.165480 0.011720 200 197 1000 985 10000 10000 0 10
0.166667 0.162980 0.011533 200 197 1000 996 10000 10000 0 10
0.166667 0.175439 0.011782 200 206 1000 1001 10000 10000 0 10
0.166667 0.165423 0.011675 200 206 1000 1007 10000 10000 0 10
0.166667 0.182809 0.012111 200 203 1000 992 10000 10000 0 10
0.166667 0.169336 0.011834 200 200 1000 958 10000 10000 0 10
0.166667 0.170358 0.011739 200 202 1000 982 10000 10000 0 10
0.166667 0.185266 0.012125 200 224 1000 993 10000 10000 0 10
0.166667 0.185818 0.012431 200 216 1000 934 10000 10000 0 10
0.166667 0.156165 0.011327 200 196 1000 1011 10000 10000 0 10
0.166667 0.174991 0.011725 200 221 1000 1006 10000 10000 0 10
0.166667 0.162715 0.011713 200 193 1000 978 10000 10000 0 10
0.166667 0.153316 0.011202 200 191 1000 1031 10000 10000 0 10
0.166667 0.181852 0.012004 200 215 1000 999 10000 10000 0 10
0.166667 0.165141 0.012031 200 185 1000 946 10000 10000 0 10
0.166667 0.170251 0.011717 200 200 1000 984 10000 10000 0 10
0.166667 0.151284 0.010938 200 189 1000 1069 10000 10000 0 10
0.166667 0.178396 0.011965 200 211 1000 965 10000 10000 0 10
0.166667 0.170407 0.011857 200 203 1000 976 10000 10000 0 10
0.166667 0.168851 0.011701 200 206 1000 991 10000 10000 0 10
0.166667 0.177603 0.012024 200 208 1000 964 10000 10000 0 10
0.166667 0.157950 0.011437 200 196 1000 997 10000 10000 0 10
0.166667 0.167483 0.011378 200 204 1000 1059 10000 10000 0 10
0.166667 0.169270 0.011843 200 190 1000 987 10000 10000 0 10
0.166667 0.164140 0.011864 200 187 1000 956 10000 10000 0 10
0.166667 0.173457 0.011794 200 204 1000 990 10000 10000 0 10
0.166667 0.177032 0.012065 200 208 1000 962 10000 10000 0 10
0.166667 0.171684 0.011998 200 196 1000 973 10000 10000 0 10
0.166667 0.149185 0.011174 200 171 1000 1035 10000 10000 0 10
0.166667 0.149414 0.011212 200 178 1000 1018 10000 10000 0 10
0.166667 0.159851 0.011459 200 201 1000 1014 10000 10000 0 10
0.166667 0.200803 0.012204 200 238 1000 1000 10000 10000 0 10
0.166667 0.181516 0.012101 200 201 1000 968 10000 10000 0 10
0.166667 0.181118 0.011907 200 213 1000 1009 10000 10000 0 10
0.166667 0.178511 0.012279 200 204 1000 943 10000 10000 0 10
0.166667 0.157009 0.011158 200 189 1000 1043 10000 10000 0 10
0.166667 0.159645 0.011553 200 183 1000 1000 10000 10000 0 10
0.166667 0.174251 0.012069 200 200 1000 957 10000 10000 0 10
0.166667 0.175827 0.011950 200 206 1000 984 10000 10000 0 10
0.166667 0.165325 0.011592 200 191 1000 1014 10000 10000 0 10
0.166667 0.150640 0.011496 200 179 1000 962 10000 10000 0 10
0.166667 0.176347 0.011915 200 210 1000 984 10000 10000 0 10
0.166667 0.204661 0.012484 200 235 1000 975 10000 10000 0 10
0.166667 0.175465 0.011688 200 215 1000 1018 10000 10000 0 10
0.166667 0.181920 0.011817 200 228 1000 996 10000 10000 0 10
0.166667 0.162602 0.011443 200 188 1000 1018 10000 10000 0 10
0.166667 0.178021 0.011790 200 210 1000 1006 10000 10000 0 10
0.166667 0.172367 0.011756 200 204 1000 1009 10000 10000 0 10
0.166667 0.185498 0.012192 200 225 1000 965 10000 10000 0 10
0.166667 0.158642 0.011640 200 189 1000 972 10000 10000 0 10
0.166667 0.169449 0.011898 200 194 1000 959 10000 10000 0 10
0.166667 0.167020 0.011629 200 201 1000 997 10000 10000 0 10
0.166667 0.169984 0.011740 200 205 1000 993 10000 10000 0 10
0.166667 0.154623 0.011377 200 176 1000 1012 10000 10000 0 10
0.166667 0.148084 0.011268 200 173 1000 980 10000 10000 0 10
0.166667 0.168983 0.011758 200 207 1000 998 10000 10000 0 10
0.166667 0.167766 0.012017 200 192 1000 961 10000 10000 0 10
0.166667 0.172225 0.011808 200 200 1000 985 10000 10000 0 10
0.166667 0.174782 0.012005 200 197 1000 968 10000 10000 0 10
0.166667 0.149452 0.011216 200 181 1000 1008 10000 10000 0 10
0.166667 0.166029 0.011525 200 196 1000 1010 10000 10000 0 10
0.166667 0.166211 0.011692 200 196 1000 1008 10000 10000 0 10
0.166667 0.174257 0.011889 200 216 1000 995 10000 10000 0 10
0.166667 0.175506 0.011946 200 214 1000 982 10000 10000 0 10
0.166667 0.154029 0.011516 200 180 1000 981 10000 10000 0 10
0.166667 0.154721 0.010985 200 198 1000 1049 10000 10000 0 10
0.166667 0.172927 0.012119 200 208 1000 952 10000 10000 0 10
0.166667 0.159948 0.011783 200 187 1000 956 10000 10000 0 10
0.166667 0.169472 0.011579 200 202 1000 1025 10000 10000 0 10
0.166667 0.160762 0.011460 200 187 1000 1003 10000 10000 0 10
0.166667 0.156940 0.011252 200 186 1000 1043 10000 10000 0 10
0.166667 0.168008 0.011382 200 210 1000 1051 10000 10000 0 10
0.166667 0.183941 0.012005 200 214 1000 985 10000 10000 0 10
0.166667 0.148762 0.011027 200 183 1000 1053 10000 10000 0 10
0.166667 0.175382 0.011959 200 205 1000 976 10000 10000 0 10
0.166667 0.168849 0.011446 200 205 1000 1065 10000 10000 0 10
0.166667 0.147133 0.011129 200 183 1000 1018 10000 10000 0 10
0.166667 0.174483 0.011815 200 210 1000 996 10000 10000 0 10
0.166667 0.187522 0.012214 200 213 1000 951 10000 10000 0 10
0.166667 0.173610 0.011523 200 223 1000 1033 10000 10000 0 10
0.166667 0.179315 0.012016 200 210 1000 989 10000 10000 0 10
0.166667 0.177470 0.011914 200 218 1000 983 10000 10000 0 10
0.166667 0.166679 0.011785 200 201 1000 970 10000 10000 0 10
0.166667 0.171520 0.011975 200 192 1000 961 10000 10000 0 10
0.166667 0.165116 0.011358 200 206 1000 1043 10000 10000 0 10
0.166667 0.163322 0.011326 200 192 1000 1037 10000 10000 0 10
0.166667 0.166813 0.011926 200 184 1000 937 10000 10000 0 10
0.166667 0.169714 0.011871 200 189 1000 980 10000 10000 0 10
0.166667 0.172578 0.011540 200 211 1000 1045 10000 10000 0 10
0.166667 0.184341 0.011909 200 220 1000 1021 10000 10000 0 10
0.166667 0.165598 0.011505 200 206 1000 1007 10000 10000 0 10
0.166667 0.171060 0.011552 200 212 1000 1029 10000 10000 0 10
0.166667 0.182380 0.012237 200 213 1000 965 10000 10000 0 10
0.166667 0.171137 0.011519 200 210 1000 1035 10000 10000 0 10
0.166667 0.169322 0.011716 200 199 1000 988 10000 10000 0 10
0.166667 0.150790 0.011425 200 176 1000 1006 10000 10000 0 10
0.166667 0.175839 0.012068 200 197 1000 962 10000 10000 0 10
0.166667 0.173365 0.011835 200 207 1000 982 10000 10000 0 10
0.166667 0.177207 0.011604 200 226 1000 1036 10000 10000 0 10
0.166667 0.183795 0.012212 200 219 1000 967 10000 10000 0 10
0.166667 0.157833 0.011359 200 197 1000 1005 10000 10000 0 10
0.166667 0.160105 0.011300 200 206 1000 1036 10000 10000 0 10
0.166667 0.169415 0.011628 200 196 1000 1014 10000 10000 0 10
0.166667 0.161510 0.011635 200 188 1000 984 10000 10000 0 10
0.166667 0.164956 0.011703 200 189 1000 987 10000 10000 0 10
0.166667 0.169240 0.011963 200 199 1000 977 10000 10000 0 10
0.166667 0.165426 0.011610 200 198 1000 1020 10000 10000 0 10
0.166667 0.160105 0.011653 200 187 1000 1018 10000 10000 0 10
0.166667 0.165801 0.011593 200 187 1000 997 10000 10000 0 10
0.166667 0.172662 0.011521 200 210 1000 1053 10000 10000 0 10
0.166667 0.154706 0.011627 200 177 1000 970 10000 10000 0 10
0.166667 0.172464 0.011722 200 216 1000 1025 10000 10000 0 10
0.166667 0.184599 0.012122 200 208 1000 977 10000 10000 0 10
0.166667 0.167881 0.011501 200 197 1000 1035 10000 10000 0 10
0.166667 0.165181 0.011396 200 195 1000 1035 10000 10000 0 10
0.166667 0.187743 0.011923 200 234 1000 1008 10000 10000 0 10
0.166667 0.156697 0.011374 200 187 1000 1026 10000 10000 0 10
0.166667 0.150381 0.011349 200 188 1000 993 10000 10000 0 10
0.166667 0.158362 0.011214 200 185 1000 1065 10000 10000 0 10
0.166667 0.157013 0.011328 200 190 1000 1027 10000 10000 0 10
0.166667 0.178338 0.012129 200 215 1000 963 10000 10000 0 10
0.166667 0.175516 0.011813 200 201 1000 1010 10000 10000 0 10
0.166667 0.202503 0.012434 200 234 1000 971 10000 10000 0 10
0.166667 0.167465 0.011899 200 191 1000 955 10000 10000 0 10
0.166667 0.178007 0.011873 200 211 1000 1007 10000 10000 0 10
0.166667 0.185819 0.012127 200 216 1000 979 10000 10000 0 10
0.166667 0.166529 0.011620 200 202 1000 987 10000 10000 0 10
0.166667 0.146738 0.010880 200 182 1000 1066 10000 10000 0 10
0.166667 0.176432 0.012109 200 206 1000 952 10000 10000 0 10
0.166667 0.156685 0.011371 200 198 1000 1024 10000 10000 0 10
0.166667 0.150241 0.011462 200 174 1000 987 10000 10000 0 10
0.166667 0.180518 0.012573 200 197 1000 907 10000 10000 0 10
0.166667 0.159526 0.011467 200 186 1000 1013 10000 10000 0 10
0.166667 0.162001 0.011661 200 182 1000 1003 10000 10000 0 10
0.166667 0.169544 0.011968 200 196 1000 978 10000 10000 0 10
0.166667 0.156184 0.011543 200 183 1000 1001 10000 10000 0 10
0.166667 0.163098 0.011455 200 205 1000 1016 10000 10000 0 10
0.166667 0.194889 0.011815 200 241 1000 1054 10000 10000 0 10
0.166667 0.178858 0.011820 200 208 1000 1010 10000 10000 0 10
0.166667 0.145583 0.011194 200 168 1000 990 10000 10000 0 10
0.166667 0.167297 0.012272 200 188 1000 922 10000 10000 0 10
0.166667 0.175204 0.011638 200 224 1000 1017 10000 10000 0 10
0.166667 0.172480 0.011747 200 200 1000 987 10000 10000 0 10
0.166667 0.175042 0.011672 200 210 1000 1025 10000 10000 0 10
0.166667 0.178354 0.011928 200 201 1000 985 10000 10000 0 10
0.166667 0.171074 0.011743 200 200 1000 989 10000 10000 0 10
0.166667 0.162488 0.011446 200 195 1000 1017 10000 10000 0 10
0.166667 0.178725 0.011779 200 213 1000 1010 10000 10000 0 10
0.166667 0.167758 0.011502 200 210 1000 1029 10000 10000 0 10
0.166667 0.166405 0.011590 200 202 1000 1007 10000 10000 0 10
0.166667 0.167651 0.011521 200 212 1000 1014 10000 10000 0 10
0.166667 0.165440 0.011829 200 194 1000 972 10000 10000 0 10
0.166667 0.185469 0.011964 200 223 1000 1009 10000 10000 0 10
0.166667 0.147069 0.011151 200 177 1000 1020 10000 10000 0 10
0.166667 0.180225 0.012209 200 206 1000 949 10000 10000 0 10
0.166667 0.176718 0.011822 200 211 1000 981 10000 10000 0 10
0.166667 0.182223 0.012210 200 208 1000 962 10000 10000 0 10
0.166667 0.186797 0.011851 200 232 1000 999 10000 10000 0 10
0.166667 0.169637 0.011584 200 204 1000 1006 10000 10000 0 10
0.166667 0.164696 0.011647 200 189 1000 993 10000 10000 0 10
0.166667 0.178335 0.012334 200 198 1000 924 10000 10000 0 10
0.166667 0.168783 0.011738 200 207 1000 994 10000 10000 0 10
0.166667 0.188432 0.011964 200 226 1000 998 10000 10000 0 10
0.166667 0.182472 0.011850 200 222 1000 1014 10000 10000 0 10
0.166667 0.172445 0.012087 200 185 1000 948 10000 10000 0 10
0.166667 0.196676 0.012411 200 222 1000 960 10000 10000 0 10
0.166667 0.169426 0.011882 200 205 1000 982 10000 10000 0 10
0.166667 0.169644 0.011841 200 187 1000 990 10000 10000 0 10
0.166667 0.156006 0.011086 200 202 1000 1056 10000 10000 0 10
0.166667 0.175606 0.012152 200 203 1000 963 10000 10000 0 10
0.166667 0.165411 0.012027 200 187 1000 931 10000 10000 0 10
0.166667 0.148595 0.011026 200 179 1000 1058 10000 10000 0 10
0.166667 0.175019 0.011837 200 218 1000 997 10000 10000 0 10
0.166667 0.192360 0.012319 200 214 1000 948 10000 10000 0 10
0.166667 0.137509 0.010932 200 171 1000 1040 10000 10000 0 10
0.166667 0.161724 0.011533 200 191 1000 1017 10000 10000 0 10
0.166667 0.158788 0.011407 200 198 1000 1020 10000 10000 0 10
0.166667 0.164319 0.011566 200 197 1000 987 10000 10000 0 10
0.166667 0.157824 0.011531 200 186 1000 1020 10000 10000 0 10
0.166667 0.169680 0.011542 200 200 1000 1026 10000 10000 0 10
0.166667 0.168106 0.011727 200 186 1000 999 10000 10000 0 10
0.166667 0.167930 0.011622 200 204 1000 1027 10000 10000 0 10
0.166667 0.149244 0.010972 200 191 1000 1077 10000 10000 0 10
0.166667 0.142973 0.010950 200 168 1000 1050 10000 10000 0 10
0.166667 0.164705 0.011771 200 187 1000 976 10000 10000 0 10
0.166667 0.163828 0.011918 200 185 1000 948 10000 10000 0 10
0.166667 0.152231 0.011384 200 189 1000 1016 10000 10000 0 10
0.166667 0.181474 0.011782 200 221 1000 1044 10000 10000 0 10
0.166667 0.150623 0.011541 200 181 1000 977 10000 10000 0 10
0.166667 0.182703 0.011922 200 218 1000 1021 10000 10000 0 10
0.166667 0.161108 0.011441 200 189 1000 1024 10000 10000 0 10
0.166667 0.165291 0.011467 200 207 1000 1024 10000 10000 0 10
0.166667 0.154662 0.011251 200 193 1000 1024 10000 10000 0 10
0.166667 0.157318 0.011539 200 172 1000 1007 10000 10000 0 10
0.166667 0.168770 0.011902 200 200 1000 983 10000 10000 0 10
0.166667 0.151965 0.011061 200 187 1000 1053 10000 10000 0 10
0.166667 0.162231 0.011435 200 195 1000 1036 10000 10000 0 10
0.166667 0.154869 0.011653 200 183 1000 961 10000 10000 0 10
0.166667 0.154304 0.011459 200 167 1000 1008 10000 10000 0 10
0.166667 0.166990 0.011952 200 194 1000 977 10000 10000 0 10
0.166667 0.155461 0.011041 200 193 1000 1062 10000 10000 0 10
0.166667 0.165534 0.011571 200 201 1000 1031 10000 10000 0 10
0.166667 0.156569 0.011362 200 191 1000 1023 10000 10000 0 10
0.166667 0.175333 0.011973 200 207 1000 982 10000 10000 0 10
0.166667 0.166426 0.011315 200 200 1000 1064 10000 10000 0 10
0.166667 0.166550 0.011806 200 195 1000 972 10000 10000 0 10
0.166667 0.169037 0.011806 200 196 1000 991 10000 10000 0 10
0.166667 0.191753 0.012036 200 236 1000 996 10000 10000 0 10
0.166667 0.182480 0.011877 200 210 1000 1007 10000 10000 0 10
0.166667 0.180007 0.011776 200 219 1000 1005 10000 10000 0 10
0.166667 0.157430 0.011472 200 185 1000 1019 10000 10000 0 10
0.166667 0.146706 0.011088 200 175 1000 1033 10000 10000 0 10
0.166667 0.158504 0.011401 200 187 1000 1016 10000 10000 0 10
0.166667 0.174815 0.011921 200 207 1000 997 10000 10000 0 10
0.166667 0.163389 0.011435 200 188 1000 1035 10000 10000 0 10
0.166667 0.168299 0.011705 200 209 1000 995 10000 10000 0 10
0.166667 0.167792 0.011814 200 197 1000 995 10000 10000 0 10
0.166667 0.172071 0.011992 200 191 1000 970 10000 10000 0 10
0.166667 0.178311 0.011934 200 212 1000 989 10000 10000 0 10
0.166667 0.156778 0.011296 200 179 1000 1029 10000 10000 0 10
0.166667 0.166161 0.011736 200 198 1000 978 10000 10000 0 10
0.166667 0.184888 0.012286 200 218 1000 948 10000 10000 0 10
0.166667 0.185800 0.012048 200 223 1000 989 10000 10000 0 10
0.166667 0.181782 0.011829 200 215 1000 1016 10000 10000 0 10
0.166667 0.151447 0.010968 200 188 1000 1071 10000 10000 0 10
0.166667 0.167819 0.011867 200 207 1000 993 10000 10000 0 10
0.166667 0.152674 0.011409 200 182 1000 1002 10000 10000 0 10
0.166667 0.173247 0.012171 200 191 1000 948 10000 10000 0 10
0.166667 0.164441 0.011334 200 206 1000 1048 10000 10000 0 10
0.166667 0.150820 0.011220 200 174 1000 1006 10000 10000 0 10
0.166667 0.153900 0.011561 200 172 1000 985 10000 10000 0 10
0.166667 0.164221 0.011746 200 192 1000 976 10000 10000 0 10
0.166667 0.178973 0.011792 200 204 1000 1015 10000 10000 0 10
0.166667 0.164433 0.011568 200 200 1000 995 10000 10000 0 10
0.166667 0.188765 0.012383 200 218 1000 947 10000 10000 0 10
0.166667 0.157932 0.011644 200 193 1000 978 10000 10000 0 10
0.166667 0.148828 0.011222 200 178 1000 1014 10000 10000 0 10
0.166667 0.166181 0.011830 200 196 1000 978 10000 10000 0 10
0.166667 0.172729 0.011929 200 198 1000 978 10000 10000 0 10
0.166667 0.171455 0.011726 200 204 1000 999 10000 10000 0 10
0.166667 0.160764 0.011460 200 200 1000 1005 10000 10000 0 10
0.166667 0.165873 0.011879 200 189 1000 978 10000 10000 0 10
0.166667 0.154652 0.011450 200 196 1000 1011 10000 10000 0 10
0.166667 0.159096 0.011727 200 184 1000 981 10000 10000 0 10
0.166667 0.179110 0.011535 200 235 1000 1038 10000 10000 0 10
0.166667 0.175150 0.012043 200 199 1000 955 10000 10000 0 10
0.166667 0.165085 0.011335 200 200 1000 1040 10000 10000 0 10
0.166667 0.170207 0.011831 200 194 1000 992 10000 10000 0 10
0.166667 0.160322 0.011340 200 189 1000 1041 10000 10000 0 10
0.166667 0.175957 0.012273 200 203 1000 940 10000 10000 0 10
0.166667 0.169533 0.011762 200 208 1000 1012 10000 10000 0 10
0.166667 0.167048 0.011782 200 192 1000 1004 10000 10000 0 10
0.166667 0.187765 0.012585 200 215 1000 929 10000 10000 0 10
0.166667 0.173493 0.011789 200 212 1000 1013 10000 10000 0 10
0.166667 0.159038 0.011322 200 189 1000 1034 10000 10000 0 10
0.166667 0.176770 0.011940 200 204 1000 996 10000 10000 0 10
0.166667 0.173313 0.011930 200 207 1000 992 10000 10000 0 10
0.166667 0.154251 0.011466 200 188 1000 992 10000 10000 0 10
0.166667 0.176596 0.012147 200 195 1000 941 10000 10000 0 10
0.166667 0.161909 0.011821 200 181 1000 981 10000 10000 0 10
0.166667 0.156808 0.011391 200 187 1000 985 10000 10000 0 10
0.166667 0.160941 0.011435 200 198 1000 1020 10000 10000 0 10
0.166667 0.154903 0.011379 200 190 1000 1009 10000 10000 0 10
