0.166667 0.188373 0.012394 200 219 1000 965 1000 1000 0 5
0.166667 0.204310 0.012920 200 237 1000 992 1000 1000 0 5
0.166667 0.170935 0.011963 200 215 1000 1048 1000 1000 0 5
0.166667 0.178911 0.012332 200 205 1000 982 1000 1000 0 5
0.166667 0.198792 0.012643 200 217 1000 972 1000 1000 0 5
0.166667 0.181932 0.012304 200 203 1000 968 1000 1000 0 5
0.166667 0.157487 0.011484 200 199 1000 1034 1000 1000 0 5
0.166667 0.169828 0.012197 200 183 1000 977 1000 1000 0 5
0.166667 0.164035 0.011633 200 201 1000 1053 1000 1000 0 5
0.166667 0.181312 0.011975 200 215 1000 1022 1000 1000 0 5
0.166667 0.166244 0.011895 200 201 1000 1033 1000 1000 0 5
0.166667 0.201378 0.012464 200 227 1000 983 1000 1000 0 5
0.166667 0.194934 0.012470 200 213 1000 987 1000 1000 0 5
0.166667 0.188005 0.012280 200 210 1000 1007 1000 1000 0 5
0.166667 0.180385 0.012228 200 204 1000 1000 1000 1000 0 5
0.166667 0.173230 0.012246 200 211 1000 1003 1000 1000 0 5
0.166667 0.176089 0.011645 200 214 1000 1067 1000 1000 0 5
0.166667 0.159550 0.011742 200 193 1000 1041 1000 1000 0 5
0.166667 0.158594 0.011252 200 199 1000 1049 1000 1000 0 5
0.166667 0.156254 0.011575 200 180 1000 1016 1000 1000 0 5
0.166667 0.176669 0.011887 200 211 1000 1020 1000 1000 0 5
0.166667 0.187107 0.012399 200 206 1000 976 1000 1000 0 5
0.166667 0.203514 0.012688 200 227 1000 980 1000 1000 0 5
0.166667 0.186324 0.012646 200 225 1000 970 1000 1000 0 5
0.166667 0.182379 0.012186 200 219 1000 1005 1000 1000 0 5
0.166667 0.162706 0.011620 200 201 1000 1044 1000 1000 0 5
0.166667 0.181616 0.012569 200 201 1000 968 1000 1000 0 5
0.166667 0.156367 0.011710 200 185 1000 992 1000 1000 0 5
0.166667 0.167906 0.012108 200 180 1000 996 1000 1000 0 5
0.166667 0.177008 0.012044 200 220 1000 1060 1000 1000 0 5
0.166667 0.210998 0.013372 200 219 1000 900 1000 1000 0 5
0.166667 0.195641 0.012328 200 207 1000 1013 1000 1000 0 5
0.166667 0.176062 0.011824 200 214 1000 1021 1000 1000 0 5
0.166667 0.175653 0.012474 200 210 1000 968 1000 1000 0 5
0.166667 0.169134 0.012036 200 200 1000 1047 1000 1000 0 5
0.166667 0.173994 0.012001 200 196 1000 1002 1000 1000 0 5
0.166667 0.171816 0.011900 200 199 1000 1033 1000 1000 0 5
0.166667 0.156292 0.011686 200 189 1000 1023 1000 1000 0 5
0.166667 0.176265 0.012178 200 194 1000 975 1000 1000 0 5
0.166667 0.172303 0.012359 200 193 1000 953 1000 1000 0 5
0.166667 0.180318 0.012314 200 190 1000 969 1000 1000 0 5
0.166667 0.161670 0.011646 200 200 1000 1039 1000 1000 0 5
0.166667 0.173604 0.012354 200 204 1000 1001 1000 1000 0 5
0.166667 0.163604 0.012122 200 196 1000 1006 1000 1000 0 5
0.166667 0.171892 0.012015 200 204 1000 1025 1000 1000 0 5
0.166667 0.170853 0.011912 200 207 1000 1035 1000 1000 0 5
0.166667 0.155584 0.011582 200 178 1000 1011 1000 1000 0 5
0.166667 0.166810 0.012084 200 185 1000 969 1000 1000 0 5
0.166667 0.181088 0.011949 200 197 1000 1022 1000 1000 0 5
0.166667 0.161431 0.011841 200 176 1000 973 1000 1000 0 5
0.166667 0.178263 0.012347 200 188 1000 982 1000 1000 0 5
0.166667 0.196977 0.012678 200 225 1000 972 1000 1000 0 5
0.166667 0.184481 0.012667 200 202 1000 933 1000 1000 0 5
0.166667 0.184995 0.012241 200 199 1000 988 1000 1000 0 5
0.166667 0.163696 0.011608 200 184 1000 1037 1000 1000 0 5
0.166667 0.168628 0.011610 200 211 1000 1048 1000 1000 0 5
0.166667 0.177655 0.012290 200 206 1000 990 1000 1000 0 5
0.166667 0.161092 0.011886 200 187 1000 997 1000 1000 0 5
0.166667 0.158866 0.011811 200 180 1000 1006 1000 1000 0 5
0.166667 0.176305 0.012290 200 200 1000 999 1000 1000 0 5
0.166667 0.178124 0.011997 200 191 1000 1045 1000 1000 0 5
0.166667 0.187471 0.012492 200 200 1000 972 1000 1000 0 5
0.166667 0.165305 0.012012 200 186 1000 1028 1000 1000 0 5
0.166667 0.173040 0.011920 200 202 1000 1056 1000 1000 0 5
0.166667 0.164260 0.011930 200 200 1000 1056 1000 1000 0 5
0.166667 0.174260 0.011619 200 204 1000 1045 1000 1000 0 5
0.166667 0.170910 0.011918 200 198 1000 1020 1000 1000 0 5
0.166667 0.171813 0.011909 200 205 1000 1028 1000 1000 0 5
0.166667 0.184499 0.012133 200 211 1000 1027 1000 1000 0 5
0.166667 0.169618 0.012345 200 199 1000 980 1000 1000 0 5
0.166667 0.186046 0.012693 200 202 1000 949 1000 1000 0 5
0.166667 0.172099 0.012280 200 207 1000 994 1000 1000 0 5
0.166667 0.177376 0.012225 200 205 1000 1000 1000 1000 0 5
0.166667 0.181133 0.012095 200 200 1000 1009 1000 1000 0 5
0.166667 0.195532 0.012525 200 218 1000 990 1000 1000 0 5
0.166667 0.166749 0.012128 200 183 1000 1000 1000 1000 0 5
0.166667 0.185235 0.012588 200 198 1000 972 1000 1000 0 5
0.166667 0.179855 0.012373 200 192 1000 963 1000 1000 0 5
0.166667 0.203332 0.012421 200 236 1000 1022 1000 1000 0 5
0.166667 0.181417 0.012244 200 215 1000 1005 1000 1000 0 5
0.166667 0.166847 0.011876 200 196 1000 1044 1000 1000 0 5
0.166667 0.205022 0.012760 200 236 1000 992 1000 1000 0 5
0.166667 0.172870 0.012308 200 198 1000 978 1000 1000 0 5
0.166667 0.186971 0.012442 200 220 1000 1008 1000 1000 0 5
0.166667 0.180757 0.012134 200 222 1000 1041 1000 1000 0 5
0.166667 0.167648 0.011743 200 194 1000 1040 1000 1000 0 5
0.166667 0.164568 0.011708 200 205 1000 1044 1000 1000 0 5
0.166667 0.166269 0.011899 200 181 1000 992 1000 1000 0 5
0.166667 0.185101 0.012009 200 203 1000 1020 1000 1000 0 5
0.166667 0.154627 0.011671 200 179 1000 1000 1000 1000 0 5
0.166667 0.174279 0.012242 200 186 1000 985 1000 1000 0 5
0.166667 0.157952 0.011957 200 189 1000 1012 1000 1000 0 5
0.166667 0.181303 0.012573 200 204 1000 948 1000 1000 0 5
0.166667 0.167691 0.011886 200 195 1000 1013 1000 1000 0 5
0.166667 0.173403 0.012173 200 194 1000 995 1000 1000 0 5
0.166667 0.188468 0.012585 200 213 1000 944 1000 1000 0 5
0.166667 0.179095 0.011962 200 207 1000 1014 1000 1000 0 5
0.166667 0.176108 0.012257 200 194 1000 979 1000 1000 0 5
0.166667 0.167193 0.012029 200 204 1000 988 1000 1000 0 5
0.166667 0.181481 0.012267 200 203 1000 983 1000 1000 0 5
0.166667 0.183767 0.012352 200 202 1000 961 1000 1000 0 5
0.166667 0.160942 0.011886 200 181 1000 1001 1000 1000 0 5
0.166667 0.149816 0.011992 200 177 1000 956 1000 1000 0 5
0.166667 0.175375 0.012088 200 199 1000 1015 1000 1000 0 5
0.166667 0.168183 0.011947 200 187 1000 1012 1000 1000 0 5
0.166667 0.179562 0.011863 200 213 1000 1047 1000 1000 0 5
0.166667 0.198203 0.012386 200 228 1000 984 1000 1000 0 5
0.166667 0.179339 0.011855 200 206 1000 1052 1000 1000 0 5
0.166667 0.187571 0.012326 200 211 1000 983 1000 1000 0 5
0.166667 0.190319 0.012687 200 207 1000 951 1000 1000 0 5
0.166667 0.166134 0.011646 200 210 1000 1054 1000 1000 0 5
0.166667 0.168390 0.011782 200 200 1000 1025 1000 1000 0 5
0.166667 0.154631 0.011554 200 191 1000 1036 1000 1000 0 5
0.166667 0.172176 0.011877 200 188 1000 1030 1000 1000 0 5
0.166667 0.190428 0.012199 200 223 1000 1018 1000 1000 0 5
0.166667 0.195550 0.012722 200 219 1000 970 1000 1000 0 5
0.166667 0.181838 0.012660 200 214 1000 969 1000 1000 0 5
0.166667 0.188834 0.012106 200 218 1000 1020 1000 1000 0 5
0.166667 0.157625 0.011399 200 187 1000 1085 1000 1000 0 5
0.166667 0.204013 0.012847 200 217 1000 963 1000 1000 0 5
0.166667 0.165245 0.011763 200 207 1000 1036 1000 1000 0 5
0.166667 0.155837 0.011786 200 198 1000 1015 1000 1000 0 5
0.166667 0.177561 0.012032 200 204 1000 1008 1000 1000 0 5
0.166667 0.163587 0.011746 200 192 1000 1026 1000 1000 0 5
0.166667 0.184451 0.011991 200 223 1000 1032 1000 1000 0 5
0.166667 0.159778 0.011796 200 187 1000 1001 1000 1000 0 5
0.166667 0.189069 0.012317 200 198 1000 956 1000 1000 0 5
0.166667 0.183108 0.012497 200 204 1000 960 1000 1000 0 5
0.166667 0.172590 0.012245 200 199 1000 970 1000 1000 0 5
0.166667 0.178394 0.012144 200 199 1000 1013 1000 1000 0 5
0.166667 0.168148 0.011885 200 206 1000 1026 1000 1000 0 5
0.166667 0.182231 0.012362 200 200 1000 967 1000 1000 0 5
0.166667 0.179320 0.012071 200 200 1000 997 1000 1000 0 5
0.166667 0.186184 0.012705 200 209 1000 960 1000 1000 0 5
0.166667 0.191879 0.012589 200 223 1000 950 1000 1000 0 5
0.166667 0.170799 0.011993 200 198 1000 1028 1000 1000 0 5
0.166667 0.156048 0.012198 200 174 1000 954 1000 1000 0 5
0.166667 0.183586 0.011938 200 213 1000 1031 1000 1000 0 5
0.166667 0.178563 0.012548 200 217 1000 986 1000 1000 0 5
0.166667 0.169669 0.011795 200 190 1000 1018 1000 1000 0 5
0.166667 0.189994 0.012538 200 216 1000 1000 1000 1000 0 5
0.166667 0.187491 0.012580 200 209 1000 950 1000 1000 0 5
0.166667 0.167850 0.011847 200 188 1000 996 1000 1000 0 5
0.166667 0.146634 0.011599 200 168 1000 981 1000 1000 0 5
0.166667 0.157376 0.011488 200 196 1000 1043 1000 1000 0 5
0.166667 0.181338 0.012000 200 205 1000 1025 1000 1000 0 5
0.166667 0.168291 0.012128 200 201 1000 1025 1000 1000 0 5
0.166667 0.200903 0.012428 200 242 1000 1012 1000 1000 0 5
0.166667 0.186210 0.012077 200 209 1000 1022 1000 1000 0 5
0.166667 0.163424 0.011948 200 192 1000 1005 1000 1000 0 5
0.166667 0.181969 0.012285 200 194 1000 988 1000 1000 0 5
0.166667 0.173934 0.012175 200 192 1000 976 1000 1000 0 5
0.166667 0.169461 0.011839 200 200 1000 1035 1000 1000 0 5
0.166667 0.175478 0.011870 200 197 1000 1035 1000 1000 0 5
0.166667 0.177918 0.012348 200 189 1000 984 1000 1000 0 5
0.166667 0.173254 0.012479 200 185 1000 954 1000 1000 0 5
0.166667 0.153893 0.011501 200 179 1000 1030 1000 1000 0 5
0.166667 0.199629 0.012321 200 217 1000 1012 1000 1000 0 5
0.166667 0.166750 0.011677 200 178 1000 1017 1000 1000 0 5
0.166667 0.165936 0.012053 200 189 1000 986 1000 1000 0 5
0.166667 0.175107 0.012134 200 184 1000 949 1000 1000 0 5
0.166667 0.178069 0.012135 200 197 1000 983 1000 1000 0 5
0.166667 0.198065 0.012472 200 221 1000 989 1000 1000 0 5
0.166667 0.181943 0.012377 200 201 1000 998 1000 1000 0 5
0.166667 0.163677 0.011661 200 190 1000 1047 1000 1000 0 5
0.166667 0.141874 0.011313 200 168 1000 1031 1000 1000 0 5
0.166667 0.173977 0.012115 200 195 1000 997 1000 1000 0 5
0.166667 0.193714 0.012512 200 216 1000 979 1000 1000 0 5
0.166667 0.183921 0.012181 200 210 1000 1032 1000 1000 0 5
0.166667 0.181481 0.012493 200 202 1000 999 1000 1000 0 5
0.166667 0.175400 0.012270 200 180 1000 974 1000 1000 0 5
0.166667 0.163535 0.012324 200 196 1000 985 1000 1000 0 5
0.166667 0.161277 0.012354 200 174 1000 969 1000 1000 0 5
0.166667 0.177309 0.012285 200 207 1000 992 1000 1000 0 5
0.166667 0.178138 0.012214 200 202 1000 996 1000 1000 0 5
0.166667 0.159465 0.011883 200 179 1000 976 1000 1000 0 5
0.166667 0.162179 0.012059 200 181 1000 985 1000 1000 0 5
0.166667 0.180066 0.011954 200 207 1000 1024 1000 1000 0 5
0.166667 0.147046 0.011539 200 162 1000 1001 1000 1000 0 5
0.166667 0.181771 0.012347 200 188 1000 962 1000 1000 0 5
0.166667 0.177867 0.011899 200 205 1000 1032 1000 1000 0 5
0.166667 0.192963 0.012163 200 212 1000 1007 1000 1000 0 5
0.166667 0.184506 0.012311 200 210 1000 976 1000 1000 0 5
0.166667 0.193137 0.012373 200 220 1000 990 1000 1000 0 5
0.166667 0.156991 0.012027 200 177 1000 971 1000 1000 0 5
0.166667 0.185768 0.012061 200 223 1000 1017 1000 1000 0 5
0.166667 0.174407 0.012197 200 193 1000 973 1000 1000 0 5
0.166667 0.156224 0.011687 200 183 1000 1025 1000 1000 0 5
0.166667 0.162072 0.011732 200 199 1000 1036 1000 1000 0 5
0.166667 0.184938 0.012564 200 202 1000 972 1000 1000 0 5
0.166667 0.164991 0.012234 200 191 1000 986 1000 1000 0 5
0.166667 0.173933 0.011927 200 212 1000 1026 1000 1000 0 5
0.166667 0.169097 0.012213 200 188 1000 967 1000 1000 0 5
0.166667 0.165807 0.011831 200 204 1000 1039 1000 1000 0 5
0.166667 0.184908 0.012330 200 203 1000 974 1000 1000 0 5
0.166667 0.172740 0.011953 200 201 1000 1012 1000 1000 0 5
0.166667 0.178850 0.012308 200 196 1000 984 1000 1000 0 5
0.166667 0.165886 0.011439 200 199 1000 1043 1000 1000 0 5
0.166667 0.188802 0.012670 200 217 1000 957 1000 1000 0 5
0.166667 0.178261 0.012104 200 198 1000 1002 1000 1000 0 5
0.166667 0.185994 0.012138 200 205 1000 1020 1000 1000 0 5
0.166667 0.194004 0.012536 200 217 1000 963 1000 1000 0 5
0.166667 0.190894 0.012613 200 210 1000 992 1000 1000 0 5
0.166667 0.177928 0.012318 200 191 1000 962 1000 1000 0 5
0.166667 0.177300 0.012409 200 200 1000 976 1000 1000 0 5
0.166667 0.188212 0.012957 200 192 1000 939 1000 1000 0 5
0.166667 0.154963 0.011574 200 189 1000 1040 1000 1000 0 5
0.166667 0.168030 0.011662 200 197 1000 1055 1000 1000 0 5
0.166667 0.186092 0.012414 200 196 1000 973 1000 1000 0 5
0.166667 0.156628 0.011594 200 181 1000 1037 1000 1000 0 5
0.166667 0.185447 0.012314 200 193 1000 1011 1000 1000 0 5
0.166667 0.185849 0.012359 200 215 1000 985 1000 1000 0 5
0.166667 0.171279 0.012184 200 192 1000 1022 1000 1000 0 5
0.166667 0.162916 0.012410 200 175 1000 938 1000 1000 0 5
0.166667 0.155045 0.011492 200 169 1000 1033 1000 1000 0 5
0.166667 0.177384 0.011990 200 197 1000 995 1000 1000 0 5
0.166667 0.177593 0.012232 200 202 1000 981 1000 1000 0 5
0.166667 0.175539 0.012402 200 188 1000 966 1000 1000 0 5
0.166667 0.165461 0.012015 200 191 1000 997 1000 1000 0 5
0.166667 0.194817 0.012564 200 221 1000 967 1000 1000 0 5
0.166667 0.197212 0.012671 200 216 1000 976 1000 1000 0 5
0.166667 0.180408 0.012798 200 181 1000 915 1000 1000 0 5
0.166667 0.169870 0.012084 200 176 1000 985 1000 1000 0 5
0.166667 0.175825 0.011643 200 200 1000 1085 1000 1000 0 5
0.166667 0.182277 0.012196 200 199 1000 1017 1000 1000 0 5
0.166667 0.158548 0.011637 200 192 1000 1037 1000 1000 0 5
0.166667 0.163646 0.012141 200 202 1000 975 1000 1000 0 5
0.166667 0.186540 0.012197 200 223 1000 996 1000 1000 0 5
0.166667 0.183763 0.012367 200 187 1000 977 1000 1000 0 5
0.166667 0.177931 0.012406 200 200 1000 969 1000 1000 0 5
0.166667 0.154108 0.011496 200 196 1000 1068 1000 1000 0 5
0.166667 0.162186 0.011471 200 207 1000 1063 1000 1000 0 5
0.166667 0.169133 0.011790 200 192 1000 1038 1000 1000 0 5
0.166667 0.159955 0.011695 200 182 1000 1016 1000 1000 0 5
0.166667 0.171542 0.012358 200 194 1000 966 1000 1000 0 5
0.166667 0.173492 0.011785 200 213 1000 1052 1000 1000 0 5
0.166667 0.172932 0.012229 200 182 1000 957 1000 1000 0 5
0.166667 0.177202 0.011988 200 207 1000 1004 1000 1000 0 5
0.166667 0.192409 0.012397 200 228 1000 1007 1000 1000 0 5
0.166667 0.180449 0.012049 200 199 1000 1015 1000 1000 0 5
0.166667 0.190050 0.012124 200 212 1000 1007 1000 1000 0 5
0.166667 0.196000 0.012443 200 216 1000 985 1000 1000 0 5
0.166667 0.169171 0.011821 200 193 1000 1020 1000 1000 0 5
0.166667 0.188339 0.012618 200 217 1000 1000 1000 1000 0 5
0.166667 0.179263 0.011989 200 193 1000 1002 1000 1000 0 5
0.166667 0.168669 0.012356 200 198 1000 952 1000 1000 0 5
0.166667 0.170956 0.012407 200 192 1000 1006 1000 1000 0 5
0.166667 0.176613 0.012210 200 211 1000 1015 1000 1000 0 5
0.166667 0.173381 0.012223 200 192 1000 990 1000 1000 0 5
0.166667 0.178405 0.011889 200 206 1000 1023 1000 1000 0 5
0.166667 0.176612 0.012337 200 207 1000 981 1000 1000 0 5
0.166667 0.173854 0.011800 200 208 1000 1045 1000 1000 0 5
0.166667 0.175005 0.012444 200 207 1000 966 1000 1000 0 5
0.166667 0.189876 0.012520 200 205 1000 959 1000 1000 0 5
0.166667 0.178010 0.012011 200 209 1000 993 1000 1000 0 5
0.166667 0.169717 0.011903 200 182 1000 1021 1000 1000 0 5
0.166667 0.185955 0.012198 200 212 1000 1012 1000 1000 0 5
0.166667 0.165221 0.011824 200 198 1000 1020 1000 1000 0 5
0.166667 0.164603 0.011682 200 183 1000 1018 1000 1000 0 5
0.166667 0.182064 0.011996 200 200 1000 1025 1000 1000 0 5
0.166667 0.181081 0.012550 200 189 1000 969 1000 1000 0 5
0.166667 0.179850 0.012454 200 197 1000 950 1000 1000 0 5
0.166667 0.172585 0.011671 200 202 1000 1038 1000 1000 0 5
0.166667 0.174791 0.012044 200 183 1000 1002 1000 1000 0 5
0.166667 0.187180 0.012116 200 211 1000 1020 1000 1000 0 5
0.166667 0.174596 0.012105 200 204 1000 1022 1000 1000 0 5
0.166667 0.174678 0.011595 200 208 1000 1090 1000 1000 0 5
0.166667 0.166478 0.012026 200 193 1000 958 1000 1000 0 5
0.166667 0.175328 0.012468 200 190 1000 954 1000 1000 0 5
0.166667 0.184644 0.012252 200 209 1000 996 1000 1000 0 5
0.166667 0.184475 0.012806 200 202 1000 936 1000 1000 0 5
0.166667 0.196457 0.012595 200 218 1000 974 1000 1000 0 5
0.166667 0.204096 0.012646 200 232 1000 981 1000 1000 0 5
0.166667 0.174273 0.012174 200 214 1000 1037 1000 1000 0 5
0.166667 0.184683 0.012406 200 220 1000 985 1000 1000 0 5
0.166667 0.198832 0.012553 200 217 1000 976 1000 1000 0 5
0.166667 0.171379 0.011795 200 203 1000 1047 1000 1000 0 5
0.166667 0.175791 0.012282 200 200 1000 982 1000 1000 0 5
0.166667 0.173493 0.012294 200 197 1000 1000 1000 1000 0 5
0.166667 0.173617 0.012205 200 187 1000 960 1000 1000 0 5
0.166667 0.169900 0.012176 200 186 1000 994 1000 1000 0 5
0.166667 0.161267 0.011594 200 195 1000 1053 1000 1000 0 5
0.166667 0.177587 0.012230 200 205 1000 988 1000 1000 0 5
0.166667 0.173058 0.011957 200 192 1000 1001 1000 1000 0 5
0.166667 0.169291 0.011615 200 203 1000 1037 1000 1000 0 5
0.166667 0.199339 0.012865 200 223 1000 949 1000 1000 0 5
0.166667 0.193349 0.012690 200 226 1000 976 1000 1000 0 5
0.166667 0.161764 0.011728 200 202 1000 1026 1000 1000 0 5
0.166667 0.160611 0.011421 200 189 1000 1047 1000 1000 0 5
0.166667 0.174768 0.012399 200 206 1000 1002 1000 1000 0 5
0.166667 0.171232 0.012121 200 198 1000 973 1000 1000 0 5
0.166667 0.175794 0.012170 200 201 1000 1010 1000 1000 0 5
0.166667 0.176525 0.012243 200 214 1000 1020 1000 1000 0 5
0.166667 0.173501 0.012114 200 191 1000 993 1000 1000 0 5
0.166667 0.156051 0.011712 200 181 1000 1015 1000 1000 0 5
0.166667 0.196187 0.012339 200 228 1000 1009 1000 1000 0 5
0.166667 0.187172 0.012309 200 214 1000 991 1000 1000 0 5
0.166667 0.170382 0.012046 200 196 1000 984 1000 1000 0 5
0.166667 0.163498 0.011510 200 204 1000 1037 1000 1000 0 5
0.166667 0.159058 0.012055 200 171 1000 954 1000 1000 0 5
0.166667 0.178749 0.011981 200 205 1000 1004 1000 1000 0 5
0.166667 0.175266 0.011893 200 204 1000 998 1000 1000 0 5
0.166667 0.173060 0.012554 200 194 1000 979 1000 1000 0 5
0.166667 0.149731 0.011769 200 176 1000 980 1000 1000 0 5
0.166667 0.155131 0.011538 200 178 1000 1055 1000 1000 0 5
0.166667 0.142346 0.011358 200 176 1000 1053 1000 1000 0 5
0.166667 0.164162 0.011970 200 181 1000 979 1000 1000 0 5
0.166667 0.175336 0.011943 200 209 1000 1021 1000 1000 0 5
0.166667 0.175383 0.011922 200 207 1000 1019 1000 1000 0 5
0.166667 0.178618 0.012535 200 194 1000 961 1000 1000 0 5
0.166667 0.176870 0.012178 200 200 1000 1026 1000 1000 0 5
0.166667 0.154282 0.011710 200 176 1000 1018 1000 1000 0 5
0.166667 0.213863 0.012828 200 225 1000 943 1000 1000 0 5
0.166667 0.191999 0.012514 200 216 1000 992 1000 1000 0 5
0.166667 0.178202 0.012253 200 202 1000 1001 1000 1000 0 5
0.166667 0.159291 0.011800 200 195 1000 1072 1000 1000 0 5
0.166667 0.175537 0.012294 200 184 1000 966 1000 1000 0 5
0.166667 0.170461 0.011990 200 199 1000 1010 1000 1000 0 5
0.166667 0.188182 0.012459 200 212 1000 977 1000 1000 0 5
0.166667 0.198468 0.012622 200 201 1000 955 1000 1000 0 5
0.166667 0.152587 0.011627 200 183 1000 1034 1000 1000 0 5
0.166667 0.171576 0.011743 200 196 1000 1048 1000 1000 0 5
0.166667 0.173259 0.012270 200 198 1000 977 1000 1000 0 5
0.166667 0.180326 0.012451 200 188 1000 963 1000 1000 0 5
0.166667 0.159967 0.011638 200 192 1000 1041 1000 1000 0 5
0.166667 0.179998 0.012209 200 196 1000 992 1000 1000 0 5
0.166667 0.188061 0.012087 200 218 1000 1032 1000 1000 0 5
0.166667 0.174098 0.012093 200 198 1000 995 1000 1000 0 5
0.166667 0.171810 0.012127 200 198 1000 997 1000 1000 0 5
0.166667 0.187482 0.012321 200 220 1000 1009 1000 1000 0 5
0.166667 0.181213 0.012130 200 204 1000 1003 1000 1000 0 5
0.166667 0.164227 0.012088 200 196 1000 998 1000 1000 0 5
0.166667 0.180174 0.012411 200 210 1000 994 1000 1000 0 5
0.166667 0.158554 0.012186 200 169 1000 948 1000 1000 0 5
0.166667 0.196864 0.012625 200 232 1000 985 1000 1000 0 5
0.166667 0.186140 0.012264 200 214 1000 994 1000 1000 0 5
0.166667 0.172065 0.012629 200 197 1000 958 1000 1000 0 5
0.166667 0.163394 0.011874 200 191 1000 1009 1000 1000 0 5
0.166667 0.169930 0.011861 200 204 1000 1032 1000 1000 0 5
0.166667 0.147351 0.011268 200 173 1000 1040 1000 1000 0 5
0.166667 0.180393 0.012093 200 198 1000 1013 1000 1000 0 5
0.166667 0.185906 0.012662 200 227 1000 961 1000 1000 0 5
0.166667 0.166011 0.011673 200 205 1000 1048 1000 1000 0 5
0.166667 0.172606 0.011769 200 203 1000 1036 1000 1000 0 5
0.166667 0.180192 0.012558 200 196 1000 962 1000 1000 0 5
0.166667 0.186147 0.012544 200 210 1000 985 1000 1000 0 5
0.166667 0.167309 0.011558 200 204 1000 1076 1000 1000 0 5
0.166667 0.170628 0.011828 200 190 1000 1022 1000 1000 0 5
0.166667 0.159874 0.012020 200 190 1000 994 1000 1000 0 5
0.166667 0.174212 0.012414 200 201 1000 975 1000 1000 0 5
0.166667 0.178426 0.011970 200 216 1000 1056 1000 1000 0 5
0.166667 0.174243 0.012282 200 205 1000 968 1000 1000 0 5
0.166667 0.192332 0.012873 200 221 1000 940 1000 1000 0 5
0.166667 0.172349 0.012028 200 196 1000 1029 1000 1000 0 5
0.166667 0.167818 0.012325 200 183 1000 963 1000 1000 0 5
0.166667 0.162058 0.011856 200 191 1000 1029 1000 1000 0 5
0.166667 0.158709 0.011864 200 191 1000 998 1000 1000 0 5
0.166667 0.185450 0.012116 200 204 1000 996 1000 1000 0 5
0.166667 0.175643 0.012013 200 199 1000 1013 1000 1000 0 5
0.166667 0.159437 0.011561 200 187 1000 1048 1000 1000 0 5
0.166667 0.186133 0.012051 200 214 1000 1028 1000 1000 0 5
0.166667 0.197189 0.012585 200 217 1000 995 1000 1000 0 5
0.166667 0.169575 0.012035 200 189 1000 997 1000 1000 0 5
0.166667 0.156852 0.011795 200 194 1000 1062 1000 1000 0 5
0.166667 0.159033 0.011594 200 192 1000 1032 1000 1000 0 5
0.166667 0.184148 0.012244 200 211 1000 990 1000 1000 0 5
0.166667 0.183555 0.012549 200 213 1000 978 1000 1000 0 5
0.166667 0.186183 0.012344 200 221 1000 1022 1000 1000 0 5
0.166667 0.184286 0.012222 200 212 1000 1015 1000 1000 0 5
0.166667 0.159072 0.011691 200 188 1000 1026 1000 1000 0 5
0.166667 0.165096 0.011643 200 205 1000 1064 1000 1000 0 5
0.166667 0.166636 0.012306 200 187 1000 969 1000 1000 0 5
0.166667 0.162772 0.012018 200 177 1000 995 1000 1000 0 5
0.166667 0.168214 0.012106 200 193 1000 1001 1000 1000 0 5
0.166667 0.188054 0.012281 200 213 1000 986 1000 1000 0 5
0.166667 0.171533 0.012101 200 212 1000 1025 1000 1000 0 5
0.166667 0.207033 0.012705 200 236 1000 967 1000 1000 0 5
0.166667 0.182198 0.012396 200 211 1000 1001 1000 1000 0 5
0.166667 0.173516 0.012230 200 207 1000 1017 1000 1000 0 5
0.166667 0.183439 0.012316 200 218 1000 1002 1000 1000 0 5
0.166667 0.191820 0.012399 200 216 1000 987 1000 1000 0 5
0.166667 0.187286 0.012236 200 220 1000 1040 1000 1000 0 5
0.166667 0.158149 0.011816 200 185 1000 1037 1000 1000 0 5
0.166667 0.166254 0.011961 200 201 1000 1011 1000 1000 0 5
0.166667 0.190090 0.012605 200 217 1000 969 1000 1000 0 5
0.166667 0.179544 0.012417 200 207 1000 966 1000 1000 0 5
0.166667 0.184751 0.012040 200 210 1000 1022 1000 1000 0 5
0.166667 0.167267 0.012138 200 191 1000 987 1000 1000 0 5
0.166667 0.171486 0.011768 200 192 1000 1014 1000 1000 0 5
0.166667 0.157511 0.011369 200 194 1000 1064 1000 1000 0 5
0.166667 0.195580 0.012739 200 206 1000 965 1000 1000 0 5
0.166667 0.151817 0.011591 200 190 1000 1018 1000 1000 0 5
0.166667 0.184447 0.012308 200 226 1000 995 1000 1000 0 5
0.166667 0.199131 0.012623 200 223 1000 975 1000 1000 0 5
0.166667 0.198507 0.012595 200 230 1000 992 1000 1000 0 5
0.166667 0.158801 0.011862 200 184 1000 1010 1000 1000 0 5
0.166667 0.193158 0.012505 200 221 1000 978 1000 1000 0 5
0.166667 0.160482 0.012006 200 192 1000 1003 1000 1000 0 5
0.166667 0.191385 0.012286 200 212 1000 978 1000 1000 0 5
0.166667 0.160005 0.011673 200 190 1000 1019 1000 1000 0 5
0.166667 0.176776 0.012100 200 201 1000 1005 1000 1000 0 5
0.166667 0.163293 0.011950 200 189 1000 971 1000 1000 0 5
0.166667 0.171926 0.011983 200 204 1000 1024 1000 1000 0 5
0.166667 0.172913 0.012096 200 187 1000 999 1000 1000 0 5
0.166667 0.177748 0.012350 200 183 1000 968 1000 1000 0 5
0.166667 0.197542 0.012242 200 222 1000 995 1000 1000 0 5
0.166667 0.157138 0.011784 200 181 1000 986 1000 1000 0 5
0.166667 0.169183 0.012115 200 174 1000 975 1000 1000 0 5
0.166667 0.171393 0.011771 200 196 1000 1030 1000 1000 0 5
0.166667 0.144437 0.011346 200 176 1000 1057 1000 1000 0 5
0.166667 0.197088 0.012630 200 237 1000 996 1000 1000 0 5
0.166667 0.162474 0.011914 200 198 1000 1013 1000 1000 0 5
0.166667 0.186501 0.012911 200 204 1000 914 1000 1000 0 5
0.166667 0.182639 0.012331 200 206 1000 974 1000 1000 0 5
0.166667 0.152919 0.011901 200 179 1000 994 1000 1000 0 5
0.166667 0.170809 0.012328 200 189 1000 967 1000 1000 0 5
0.166667 0.183190 0.012184 200 205 1000 1000 1000 1000 0 5
0.166667 0.174455 0.011989 200 205 1000 995 1000 1000 0 5
0.166667 0.177241 0.012033 200 203 1000 1018 1000 1000 0 5
0.166667 0.148216 0.011467 200 170 1000 1035 1000 1000 0 5
0.166667 0.177306 0.012147 200 213 1000 1015 1000 1000 0 5
0.166667 0.194063 0.012682 200 219 1000 983 1000 1000 0 5
0.166667 0.172433 0.011687 200 197 1000 1011 1000 1000 0 5
0.166667 0.174580 0.011995 200 201 1000 990 1000 1000 0 5
0.166667 0.180048 0.012316 200 193 1000 963 1000 1000 0 5
0.166667 0.172670 0.012573 200 200 1000 981 1000 1000 0 5
0.166667 0.168888 0.012360 200 211 1000 989 1000 1000 0 5
0.166667 0.177650 0.012351 200 205 1000 999 1000 1000 0 5
0.166667 0.179219 0.011980 200 202 1000 1008 1000 1000 0 5
0.166667 0.170344 0.012251 200 178 1000 969 1000 1000 0 5
0.166667 0.150272 0.011698 200 183 1000 988 1000 1000 0 5
0.166667 0.184186 0.012413 200 198 1000 983 1000 1000 0 5
0.166667 0.192338 0.012496 200 227 1000 981 1000 1000 0 5
0.166667 0.172459 0.012511 200 208 1000 972 1000 1000 0 5
0.166667 0.181236 0.012436 200 182 1000 962 1000 1000 0 5
0.166667 0.172900 0.011897 200 213 1000 1034 1000 1000 0 5
0.166667 0.174518 0.011983 200 208 1000 1031 1000 1000 0 5
0.166667 0.184426 0.011932 200 208 1000 1026 1000 1000 0 5
0.166667 0.161718 0.012169 200 183 1000 994 1000 1000 0 5
0.166667 0.162562 0.012207 200 191 1000 991 1000 1000 0 5
0.166667 0.177057 0.011663 200 226 1000 1067 1000 1000 0 5
0.166667 0.187845 0.012452 200 196 1000 959 1000 1000 0 5
0.166667 0.181148 0.012274 200 210 1000 985 1000 1000 0 5
0.166667 0.181363 0.012360 200 214 1000 991 1000 1000 0 5
0.166667 0.179241 0.012072 200 224 1000 1025 1000 1000 0 5
0.166667 0.165432 0.011888 200 184 1000 1006 1000 1000 0 5
0.166667 0.177130 0.012149 200 214 1000 1025 1000 1000 0 5
0.166667 0.178832 0.012211 200 209 1000 981 1000 1000 0 5
0.166667 0.157803 0.011867 200 186 1000 995 1000 1000 0 5
0.166667 0.159560 0.011791 200 194 1000 1055 1000 1000 0 5
0.166667 0.157531 0.011782 200 188 1000 994 1000 1000 0 5
0.166667 0.195386 0.012783 200 224 1000 958 1000 1000 0 5
0.166667 0.194566 0.012557 200 205 1000 973 1000 1000 0 5
0.166667 0.159043 0.011963 200 177 1000 964 1000 1000 0 5
0.166667 0.153501 0.011496 200 191 1000 1037 1000 1000 0 5
0.166667 0.168236 0.012087 200 188 1000 985 1000 1000 0 5
0.166667 0.191602 0.012438 200 204 1000 973 1000 1000 0 5
0.166667 0.200968 0.012536 200 225 1000 988 1000 1000 0 5
0.166667 0.185623 0.012760 200 218 1000 954 1000 1000 0 5
0.166667 0.205790 0.012895 200 245 1000 954 1000 1000 0 5
0.166667 0.184814 0.012242 200 199 1000 995 1000 1000 0 5
0.166667 0.200466 0.012620 200 231 1000 994 1000 1000 0 5
0.166667 0.164375 0.011464 200 202 1000 1055 1000 1000 0 5
0.166667 0.199395 0.013170 200 199 1000 931 1000 1000 0 5
0.166667 0.179691 0.012266 200 193 1000 988 1000 1000 0 5
0.166667 0.157547 0.011411 200 185 1000 1052 1000 1000 0 5
0.166667 0.184992 0.012451 200 205 1000 979 1000 1000 0 5
0.166667 0.174238 0.011985 200 201 1000 986 1000 1000 0 5
0.166667 0.180651 0.011927 200 229 1000 1043 1000 1000 0 5
0.166667 0.189653 0.012348 200 224 1000 991 1000 1000 0 5
0.166667 0.148430 0.011420 200 188 1000 1030 1000 1000 0 5
0.166667 0.170451 0.011830 200 210 1000 1033 1000 1000 0 5
0.166667 0.176419 0.012187 200 190 1000 996 1000 1000 0 5
0.166667 0.171057 0.011869 200 202 1000 1007 1000 1000 0 5
0.166667 0.166318 0.011779 200 191 1000 1015 1000 1000 0 5
0.166667 0.184506 0.012220 200 204 1000 998 1000 1000 0 5
0.166667 0.201191 0.012320 200 231 1000 1038 1000 1000 0 5
0.166667 0.183096 0.012874 200 189 1000 927 1000 1000 0 5
0.166667 0.180770 0.012227 200 201 1000 998 1000 1000 0 5
0.166667 0.187927 0.012290 200 217 1000 1005 1000 1000 0 5
0.166667 0.161820 0.011769 200 192 1000 997 1000 1000 0 5
0.166667 0.177258 0.011658 200 204 1000 1056 1000 1000 0 5
0.166667 0.175379 0.012154 200 205 1000 1004 1000 1000 0 5
0.166667 0.172863 0.012269 200 201 1000 991 1000 1000 0 5
0.166667 0.197347 0.012766 200 215 1000 948 1000 1000 0 5
0.166667 0.198221 0.012537 200 216 1000 974 1000 1000 0 5
0.166667 0.163646 0.011959 200 194 1000 992 1000 1000 0 5
0.166667 0.189667 0.012470 200 193 1000 972 1000 1000 0 5
0.166667 0.188269 0.012503 200 210 1000 980 1000 1000 0 5
0.166667 0.147640 0.011652 200 180 1000 1023 1000 1000 0 5
0.166667 0.166798 0.011855 200 190 1000 1010 1000 1000 0 5
0.166667 0.178296 0.012108 200 222 1000 1022 1000 1000 0 5
0.166667 0.163854 0.011729 200 180 1000 1023 1000 1000 0 5
0.166667 0.183604 0.012331 200 209 1000 986 1000 1000 0 5
0.166667 0.160266 0.012077 200 187 1000 982 1000 1000 0 5
0.166667 0.206226 0.013010 200 227 1000 929 1000 1000 0 5
0.166667 0.166206 0.012348 200 195 1000 944 1000 1000 0 5
0.166667 0.167834 0.012274 200 191 1000 980 1000 1000 0 5
0.166667 0.175285 0.011829 200 214 1000 1068 1000 1000 0 5
0.166667 0.182777 0.012278 200 212 1000 1019 1000 1000 0 5
0.166667 0.173581 0.012103 200 213 1000 1021 1000 1000 0 5
0.166667 0.172537 0.012262 200 185 1000 963 1000 1000 0 5
0.166667 0.166563 0.011886 200 196 1000 1017 1000 1000 0 5
0.166667 0.164802 0.012031 200 189 1000 1002 1000 1000 0 5
0.166667 0.164175 0.011782 200 197 1000 1029 1000 1000 0 5
0.166667 0.179595 0.012206 200 188 1000 983 1000 1000 0 5
0.166667 0.155752 0.011296 200 190 1000 1064 1000 1000 0 5
0.166667 0.161932 0.011570 200 201 1000 1054 1000 1000 0 5
0.166667 0.181146 0.012456 200 211 1000 984 1000 1000 0 5
0.166667 0.165689 0.012067 200 195 1000 1022 1000 1000 0 5
0.166667 0.170747 0.011937 200 193 1000 1021 1000 1000 0 5
0.166667 0.171963 0.012386 200 195 1000 971 1000 1000 0 5
0.166667 0.175028 0.012133 200 192 1000 996 1000 1000 0 5
0.166667 0.161310 0.011737 200 193 1000 1020 1000 1000 0 5
0.166667 0.185318 0.012258 200 200 1000 974 1000 1000 0 5
0.166667 0.161466 0.011913 200 191 1000 1000 1000 1000 0 5
0.166667 0.191660 0.012622 200 206 1000 982 1000 1000 0 5
0.166667 0.212609 0.012740 200 237 1000 976 1000 1000 0 5
0.166667 0.169172 0.011668 200 197 1000 1024 1000 1000 0 5
0.166667 0.172367 0.012393 200 203 1000 981 1000 1000 0 5
0.166667 0.184841 0.012603 200 220 1000 978 1000 1000 0 5
0.166667 0.174029 0.012422 200 195 1000 940 1000 1000 0 5
0.166667 0.204979 0.012652 200 208 1000 969 1000 1000 0 5
0.166667 0.178795 0.012141 200 207 1000 1012 1000 1000 0 5
0.166667 0.165283 0.012230 200 189 1000 993 1000 1000 0 5
0.166667 0.164940 0.011810 200 181 1000 1030 1000 1000 0 5
0.166667 0.185064 0.011952 200 205 1000 1058 1000 1000 0 5
0.166667 0.177789 0.011863 200 200 1000 1038 1000 1000 0 5
0.166667 0.180384 0.011973 200 212 1000 1034 1000 1000 0 5
0.166667 0.196593 0.012491 200 220 1000 976 1000 1000 0 5
0.166667 0.163710 0.012277 200 185 1000 983 1000 1000 0 5
0.166667 0.178650 0.012228 200 184 1000 995 1000 1000 0 5
0.166667 0.184824 0.012043 200 209 1000 1026 1000 1000 0 5
0.166667 0.172749 0.011973 200 207 1000 1012 1000 1000 0 5
0.166667 0.198074 0.012739 200 212 1000 967 1000 1000 0 5
0.166667 0.181214 0.011974 200 195 1000 1007 1000 1000 0 5
0.166667 0.163551 0.012086 200 177 1000 971 1000 1000 0 5
0.166667 0.179583 0.012005 200 204 1000 1020 1000 1000 0 5
0.166667 0.162904 0.011814 200 187 1000 1031 1000 1000 0 5
0.166667 0.157413 0.011531 200 184 1000 1054 1000 1000 0 5
0.166667 0.160962 0.012118 200 192 1000 977 1000 1000 0 5
0.166667 0.168222 0.012244 200 196 1000 992 1000 1000 0 5
0.166667 0.186138 0.012098 200 205 1000 995 1000 1000 0 5
0.166667 0.152673 0.011728 200 175 1000 1013 1000 1000 0 5
0.166667 0.183662 0.012077 200 205 1000 976 1000 1000 0 5
0.166667 0.181059 0.012134 200 219 1000 1016 1000 1000 0 5
0.166667 0.189807 0.012460 200 216 1000 975 1000 1000 0 5
0.166667 0.194492 0.012599 200 213 1000 970 1000 1000 0 5
0.166667 0.178590 0.012372 200 183 1000 954 1000 1000 0 5
0.166667 0.198816 0.012848 200 223 1000 977 1000 1000 0 5
0.166667 0.175452 0.012324 200 184 1000 959 1000 1000 0 5
0.166667 0.192608 0.012238 200 219 1000 1004 1000 1000 0 5
0.166667 0.154801 0.011552 200 174 1000 1027 1000 1000 0 5
0.166667 0.162375 0.011514 200 202 1000 1055 1000 1000 0 5
0.166667 0.185004 0.012280 200 212 1000 991 1000 1000 0 5
0.166667 0.157497 0.011629 200 196 1000 1018 1000 1000 0 5
0.166667 0.170128 0.012034 200 197 1000 998 1000 1000 0 5
0.166667 0.182374 0.011787 200 213 1000 1065 1000 1000 0 5
0.166667 0.167278 0.012175 200 196 1000 1012 1000 1000 0 5
0.166667 0.172570 0.011721 200 205 1000 1035 1000 1000 0 5
0.166667 0.158938 0.011670 200 182 1000 1016 1000 1000 0 5
0.166667 0.171496 0.011536 200 188 1000 1059 1000 1000 0 5
0.166667 0.165211 0.011773 200 194 1000 1050 1000 1000 0 5
0.166667 0.149407 0.011410 200 195 1000 1069 1000 1000 0 5
0.166667 0.188131 0.011910 200 218 1000 1044 1000 1000 0 5
0.166667 0.160049 0.011879 200 189 1000 994 1000 1000 0 5
0.166667 0.176321 0.012822 200 193 1000 925 1000 1000 0 5
0.166667 0.173437 0.012351 200 200 1000 946 1000 1000 0 5
0.166667 0.173446 0.011994 200 195 1000 1011 1000 1000 0 5
0.166667 0.180099 0.011966 200 195 1000 1009 1000 1000 0 5
0.166667 0.168793 0.011990 200 188 1000 984 1000 1000 0 5
0.166667 0.165489 0.011966 200 186 1000 991 1000 1000 0 5
0.166667 0.184615 0.012292 200 202 1000 971 1000 1000 0 5
0.166667 0.178545 0.012255 200 188 1000 1008 1000 1000 0 5
0.166667 0.194140 0.012641 200 211 1000 966 1000 1000 0 5
0.166667 0.187597 0.012534 200 198 1000 970 1000 1000 0 5
0.166667 0.197899 0.012379 200 217 1000 981 1000 1000 0 5
0.166667 0.156485 0.011849 200 183 1000 1013 1000 1000 0 5
0.166667 0.170537 0.012044 200 199 1000 979 1000 1000 0 5
0.166667 0.185436 0.012337 200 213 1000 988 1000 1000 0 5
0.166667 0.165169 0.011961 200 196 1000 1018 1000 1000 0 5
0.166667 0.176136 0.012109 200 195 1000 1018 1000 1000 0 5
0.166667 0.172375 0.012056 200 204 1000 998 1000 1000 0 5
0.166667 0.175045 0.011336 200 212 1000 1111 1000 1000 0 5
0.166667 0.167201 0.011855 200 186 1000 1006 1000 1000 0 5
0.166667 0.191080 0.012747 200 214 1000 954 1000 1000 0 5
0.166667 0.168438 0.012172 200 201 1000 1015 1000 1000 0 5
0.166667 0.174770 0.012209 200 195 1000 979 1000 1000 0 5
0.166667 0.178994 0.012058 200 208 1000 1013 1000 1000 0 5
0.166667 0.196387 0.012503 200 227 1000 1003 1000 1000 0 5
0.166667 0.170821 0.012435 200 201 1000 967 1000 1000 0 5
0.166667 0.166848 0.012087 200 202 1000 996 1000 1000 0 5
0.166667 0.164643 0.012166 200 180 1000 989 1000 1000 0 5
0.166667 0.192703 0.012590 200 200 1000 979 1000 1000 0 5
0.166667 0.172780 0.011875 200 200 1000 991 1000 1000 0 5
0.166667 0.167637 0.012034 200 202 1000 1002 1000 1000 0 5
0.166667 0.187839 0.012170 200 206 1000 996 1000 1000 0 5
0.166667 0.186960 0.012213 200 206 1000 1004 1000 1000 0 5
0.166667 0.146067 0.011165 200 179 1000 1075 1000 1000 0 5
0.166667 0.169932 0.011976 200 209 1000 1038 1000 1000 0 5
0.166667 0.175458 0.012156 200 203 1000 994 1000 1000 0 5
0.166667 0.190288 0.012281 200 218 1000 1011 1000 1000 0 5
0.166667 0.148945 0.011774 200 175 1000 974 1000 1000 0 5
0.166667 0.160793 0.011796 200 193 1000 1036 1000 1000 0 5
0.166667 0.196133 0.013296 200 217 1000 926 1000 1000 0 5
0.166667 0.183937 0.012216 200 212 1000 997 1000 1000 0 5
0.166667 0.185783 0.012253 200 208 1000 980 1000 1000 0 5
0.166667 0.164250 0.012308 200 174 1000 943 1000 1000 0 5
0.166667 0.208947 0.012608 200 232 1000 974 1000 1000 0 5
0.166667 0.172244 0.012117 200 197 1000 995 1000 1000 0 5
0.166667 0.199495 0.012438 200 234 1000 991 1000 1000 0 5
0.166667 0.151895 0.011588 200 185 1000 1037 1000 1000 0 5
0.166667 0.184561 0.012135 200 209 1000 1027 1000 1000 0 5
0.166667 0.180595 0.012218 200 186 1000 983 1000 1000 0 5
0.166667 0.168747 0.011713 200 196 1000 1050 1000 1000 0 5
0.166667 0.179112 0.012304 200 193 1000 977 1000 1000 0 5
0.166667 0.158210 0.011802 200 183 1000 1007 1000 1000 0 5
0.166667 0.167280 0.012312 200 190 1000 967 1000 1000 0 5
0.166667 0.148094 0.011405 200 180 1000 1047 1000 1000 0 5
0.166667 0.203254 0.013133 200 217 1000 925 1000 1000 0 5
0.166667 0.182390 0.012420 200 206 1000 985 1000 1000 0 5
0.166667 0.170492 0.011716 200 198 1000 1039 1000 1000 0 5
0.166667 0.179822 0.012108 200 197 1000 998 1000 1000 0 5
0.166667 0.166408 0.011850 200 189 1000 1017 1000 1000 0 5
0.166667 0.186117 0.012193 200 213 1000 1021 1000 1000 0 5
0.166667 0.176197 0.011999 200 189 1000 972 1000 1000 0 5
0.166667 0.190808 0.012650 200 206 1000 955 1000 1000 0 5
0.166667 0.183275 0.012319 200 194 1000 985 1000 1000 0 5
0.166667 0.184267 0.012295 200 204 1000 1003 1000 1000 0 5
0.166667 0.196283 0.012529 200 223 1000 982 1000 1000 0 5
0.166667 0.158328 0.011688 200 184 1000 1000 1000 1000 0 5
0.166667 0.179731 0.012208 200 201 1000 1019 1000 1000 0 5
0.166667 0.179766 0.012115 200 216 1000 1010 1000 1000 0 5
0.166667 0.182931 0.012200 200 214 1000 1002 1000 1000 0 5
0.166667 0.190454 0.012228 200 210 1000 983 1000 1000 0 5
0.166667 0.158105 0.011847 200 182 1000 997 1000 1000 0 5
0.166667 0.171473 0.011964 200 204 1000 1042 1000 1000 0 5
0.166667 0.153969 0.011558 200 188 1000 1024 1000 1000 0 5
0.166667 0.151600 0.011528 200 175 1000 1001 1000 1000 0 5
0.166667 0.209353 0.012733 200 218 1000 993 1000 1000 0 5
0.166667 0.190260 0.012440 200 207 1000 978 1000 1000 0 5
0.166667 0.180077 0.012501 200 188 1000 965 1000 1000 0 5
0.166667 0.182411 0.012005 200 198 1000 1010 1000 1000 0 5
0.166667 0.190178 0.012675 200 217 1000 961 1000 1000 0 5
0.166667 0.148780 0.011201 200 188 1000 1044 1000 1000 0 5
0.166667 0.206884 0.012845 200 232 1000 943 1000 1000 0 5
0.166667 0.170856 0.011924 200 188 1000 1017 1000 1000 0 5
0.166667 0.162324 0.011919 200 194 1000 995 1000 1000 0 5
0.166667 0.191469 0.012650 200 208 1000 954 1000 1000 0 5
0.166667 0.186606 0.012572 200 203 1000 965 1000 1000 0 5
0.166667 0.194918 0.012810 200 218 1000 946 1000 1000 0 5
0.166667 0.164564 0.012194 200 197 1000 1010 1000 1000 0 5
0.166667 0.156784 0.011910 200 177 1000 979 1000 1000 0 5
0.166667 0.183431 0.012405 200 208 1000 977 1000 1000 0 5
0.166667 0.172527 0.011876 200 192 1000 997 1000 1000 0 5
0.166667 0.199680 0.012768 200 219 1000 986 1000 1000 0 5
0.166667 0.159438 0.012142 200 183 1000 990 1000 1000 0 5
0.166667 0.170249 0.012004 200 190 1000 988 1000 1000 0 5
0.166667 0.182949 0.012464 200 203 1000 966 1000 1000 0 5
0.166667 0.190593 0.012255 200 234 1000 1002 1000 1000 0 5
0.166667 0.150626 0.011472 200 182 1000 1037 1000 1000 0 5
0.166667 0.180877 0.012294 200 210 1000 985 1000 1000 0 5
0.166667 0.167259 0.011969 200 198 1000 1013 1000 1000 0 5
0.166667 0.143114 0.011503 200 186 1000 1034 1000 1000 0 5
0.166667 0.163722 0.011768 200 191 1000 1023 1000 1000 0 5
0.166667 0.181087 0.012242 200 205 1000 1018 1000 1000 0 5
0.166667 0.180578 0.012113 200 223 1000 1043 1000 1000 0 5
0.166667 0.162213 0.011489 200 190 1000 1038 1000 1000 0 5
0.166667 0.163647 0.012225 200 171 1000 957 1000 1000 0 5
0.166667 0.177370 0.012313 200 203 1000 991 1000 1000 0 5
0.166667 0.167509 0.011866 200 193 1000 1026 1000 1000 0 5
0.166667 0.196480 0.012590 200 224 1000 969 1000 1000 0 5
0.166667 0.171872 0.011792 200 205 1000 1020 1000 1000 0 5
0.166667 0.185585 0.012436 200 208 1000 970 1000 1000 0 5
0.166667 0.182033 0.012183 200 200 1000 981 1000 1000 0 5
0.166667 0.170050 0.011702 200 201 1000 1016 1000 1000 0 5
0.166667 0.169380 0.011867 200 200 1000 1011 1000 1000 0 5
0.166667 0.174784 0.011857 200 214 1000 1036 1000 1000 0 5
0.166667 0.172379 0.012016 200 214 1000 1021 1000 1000 0 5
0.166667 0.194537 0.012557 200 214 1000 980 1000 1000 0 5
0.166667 0.176731 0.012014 200 211 1000 1030 1000 1000 0 5
0.166667 0.180044 0.012392 200 187 1000 956 1000 1000 0 5
0.166667 0.164609 0.011948 200 195 1000 1006 1000 1000 0 5
0.166667 0.195130 0.012300 200 217 1000 1052 1000 1000 0 5
0.166667 0.186347 0.012251 200 208 1000 969 1000 1000 0 5
0.166667 0.180520 0.012060 200 205 1000 1022 1000 1000 0 5
0.166667 0.171910 0.011586 200 203 1000 1027 1000 1000 0 5
0.166667 0.178375 0.012143 200 192 1000 1018 1000 1000 0 5
0.166667 0.170358 0.012052 200 196 1000 1012 1000 1000 0 5
0.166667 0.195263 0.012695 200 221 1000 968 1000 1000 0 5
0.166667 0.179278 0.012279 200 201 1000 980 1000 1000 0 5
0.166667 0.175116 0.012165 200 187 1000 986 1000 1000 0 5
0.166667 0.186634 0.012271 200 204 1000 1037 1000 1000 0 5
0.166667 0.200974 0.012809 200 214 1000 977 1000 1000 0 5
0.166667 0.177801 0.012176 200 193 1000 976 1000 1000 0 5
0.166667 0.200997 0.012925 200 214 1000 925 1000 1000 0 5
0.166667 0.174709 0.012375 200 191 1000 992 1000 1000 0 5
0.166667 0.177164 0.012414 200 208 1000 993 1000 1000 0 5
0.166667 0.185790 0.012098 200 214 1000 1024 1000 1000 0 5
0.166667 0.170433 0.011844 200 198 1000 1024 1000 1000 0 5
0.166667 0.177372 0.012351 200 205 1000 975 1000 1000 0 5
0.166667 0.178859 0.012360 200 210 1000 998 1000 1000 0 5
0.166667 0.180977 0.012193 200 202 1000 996 1000 1000 0 5
0.166667 0.180789 0.012068 200 214 1000 1031 1000 1000 0 5
0.166667 0.189323 0.012025 200 220 1000 1029 1000 1000 0 5
0.166667 0.182097 0.012299 200 212 1000 986 1000 1000 0 5
0.166667 0.197661 0.012588 200 217 1000 989 1000 1000 0 5
0.166667 0.169753 0.011707 200 201 1000 1035 1000 1000 0 5
0.166667 0.160995 0.011611 200 184 1000 1009 1000 1000 0 5
0.166667 0.183857 0.012193 200 212 1000 1011 1000 1000 0 5
0.166667 0.163518 0.011814 200 187 1000 988 1000 1000 0 5
0.166667 0.162988 0.011993 200 193 1000 1008 1000 1000 0 5
0.166667 0.155640 0.011558 200 185 1000 1020 1000 1000 0 5
0.166667 0.182891 0.012524 200 214 1000 989 1000 1000 0 5
0.166667 0.168508 0.012031 200 215 1000 988 1000 1000 0 5
0.166667 0.187207 0.012364 200 221 1000 1001 1000 1000 0 5
0.166667 0.186727 0.012248 200 220 1000 1001 1000 1000 0 5
0.166667 0.181818 0.012464 200 205 1000 939 1000 1000 0 5
0.166667 0.178677 0.011985 200 197 1000 1006 1000 1000 0 5
0.166667 0.181064 0.011918 200 226 1000 1052 1000 1000 0 5
0.166667 0.190319 0.012546 200 223 1000 988 1000 1000 0 5
0.166667 0.182608 0.012178 200 210 1000 996 1000 1000 0 5
0.166667 0.165288 0.011723 200 189 1000 1011 1000 1000 0 5
0.166667 0.177191 0.012378 200 185 1000 978 1000 1000 0 5
0.166667 0.166457 0.011940 200 195 1000 1005 1000 1000 0 5
0.166667 0.197818 0.012500 200 220 1000 993 1000 1000 0 5
0.166667 0.195009 0.012532 200 226 1000 977 1000 1000 0 5
0.166667 0.168542 0.012238 200 195 1000 966 1000 1000 0 5
0.166667 0.178425 0.012151 200 206 1000 1005 1000 1000 0 5
0.166667 0.187099 0.012446 200 208 1000 992 1000 1000 0 5
0.166667 0.174526 0.011915 200 214 1000 1019 1000 1000 0 5
0.166667 0.183313 0.012310 200 218 1000 991 1000 1000 0 5
0.166667 0.155679 0.011593 200 184 1000 1049 1000 1000 0 5
0.166667 0.177051 0.012516 200 193 1000 961 1000 1000 0 5
0.166667 0.181695 0.012225 200 202 1000 1013 1000 1000 0 5
0.166667 0.159640 0.011724 200 182 1000 998 1000 1000 0 5
0.166667 0.200279 0.012461 200 224 1000 1003 1000 1000 0 5
0.166667 0.168518 0.012083 200 189 1000 991 1000 1000 0 5
0.166667 0.185080 0.012284 200 192 1000 993 1000 1000 0 5
0.166667 0.169237 0.012040 200 199 1000 1005 1000 1000 0 5
0.166667 0.152205 0.011310 200 182 1000 1054 1000 1000 0 5
0.166667 0.184707 0.012279 200 204 1000 990 1000 1000 0 5
0.166667 0.172297 0.012330 200 196 1000 971 1000 1000 0 5
0.166667 0.149230 0.011394 200 176 1000 1025 1000 1000 0 5
0.166667 0.182588 0.012711 200 215 1000 973 1000 1000 0 5
0.166667 0.157187 0.011843 200 178 1000 997 1000 1000 0 5
0.166667 0.188755 0.012377 200 213 1000 1003 1000 1000 0 5
0.166667 0.177537 0.012341 200 189 1000 972 1000 1000 0 5
0.166667 0.166631 0.011849 200 189 1000 981 1000 1000 0 5
0.166667 0.185374 0.012303 200 210 1000 1000 1000 1000 0 5
0.166667 0.166922 0.011743 200 193 1000 1038 1000 1000 0 5
0.166667 0.188272 0.012231 200 217 1000 989 1000 1000 0 5
0.166667 0.162547 0.011656 200 187 1000 1014 1000 1000 0 5
0.166667 0.169229 0.011649 200 203 1000 1060 1000 1000 0 5
0.166667 0.163958 0.011586 200 179 1000 1056 1000 1000 0 5
0.166667 0.194615 0.012428 200 212 1000 998 1000 1000 0 5
0.166667 0.160006 0.011677 200 184 1000 1011 1000 1000 0 5
0.166667 0.167550 0.011691 200 193 1000 1036 1000 1000 0 5
0.166667 0.189576 0.012255 200 223 1000 1011 1000 1000 0 5
0.166667 0.149507 0.011572 200 181 1000 1049 1000 1000 0 5
0.166667 0.162654 0.011739 200 192 1000 1003 1000 1000 0 5
0.166667 0.168100 0.012032 200 194 1000 993 1000 1000 0 5
0.166667 0.168969 0.012251 200 195 1000 994 1000 1000 0 5
0.166667 0.153329 0.011731 200 179 1000 1000 1000 1000 0 5
0.166667 0.182839 0.012359 200 204 1000 976 1000 1000 0 5
0.166667 0.157935 0.011647 200 176 1000 981 1000 1000 0 5
0.166667 0.194682 0.012594 200 228 1000 1016 1000 1000 0 5
0.166667 0.175015 0.011889 200 197 1000 1012 1000 1000 0 5
0.166667 0.163579 0.012066 200 180 1000 987 1000 1000 0 5
0.166667 0.181893 0.012452 200 202 1000 958 1000 1000 0 5
0.166667 0.183545 0.012304 200 225 1000 1015 1000 1000 0 5
0.166667 0.179481 0.012144 200 189 1000 991 1000 1000 0 5
0.166667 0.171424 0.011780 200 188 1000 1011 1000 1000 0 5
0.166667 0.176670 0.012445 200 182 1000 990 1000 1000 0 5
0.166667 0.179937 0.012294 200 199 1000 983 1000 1000 0 5
0.166667 0.166981 0.011881 200 203 1000 1038 1000 1000 0 5
0.166667 0.180738 0.012176 200 207 1000 1014 1000 1000 0 5
0.166667 0.172283 0.011968 200 189 1000 981 1000 1000 0 5
0.166667 0.172598 0.012477 200 180 1000 942 1000 1000 0 5
0.166667 0.204842 0.012472 200 237 1000 1005 1000 1000 0 5
0.166667 0.162988 0.012261 200 191 1000 984 1000 1000 0 5
0.166667 0.173609 0.012074 200 206 1000 1022 1000 1000 0 5
0.166667 0.165613 0.011779 200 193 1000 1037 1000 1000 0 5
0.166667 0.177428 0.012022 200 210 1000 1023 1000 1000 0 5
0.166667 0.183376 0.011875 200 219 1000 1050 1000 1000 0 5
0.166667 0.197949 0.012557 200 221 1000 980 1000 1000 0 5
0.166667 0.182798 0.012354 200 207 1000 978 1000 1000 0 5
0.166667 0.188623 0.012515 200 217 1000 958 1000 1000 0 5
0.166667 0.162533 0.011599 200 196 1000 1037 1000 1000 0 5
0.166667 0.169793 0.011769 200 197 1000 1031 1000 1000 0 5
0.166667 0.169391 0.011696 200 204 1000 1051 1000 1000 0 5
0.166667 0.174974 0.012054 200 191 1000 1005 1000 1000 0 5
0.166667 0.176461 0.011777 200 205 1000 1027 1000 1000 0 5
0.166667 0.174862 0.011808 200 198 1000 1003 1000 1000 0 5
0.166667 0.194141 0.012664 200 220 1000 975 1000 1000 0 5
0.166667 0.165201 0.012103 200 179 1000 981 1000 1000 0 5
0.166667 0.179145 0.011880 200 213 1000 1053 1000 1000 0 5
0.166667 0.173572 0.011648 200 207 1000 1032 1000 1000 0 5
0.166667 0.170590 0.012087 200 205 1000 996 1000 1000 0 5
0.166667 0.158460 0.012024 200 174 1000 988 1000 1000 0 5
0.166667 0.163001 0.011810 200 183 1000 999 1000 1000 0 5
0.166667 0.148465 0.011345 200 178 1000 1026 1000 1000 0 5
0.166667 0.177547 0.012443 200 203 1000 961 1000 1000 0 5
0.166667 0.161536 0.011828 200 188 1000 993 1000 1000 0 5
0.166667 0.174850 0.011968 200 199 1000 998 1000 1000 0 5
0.166667 0.164087 0.011832 200 203 1000 996 1000 1000 0 5
0.166667 0.171565 0.012076 200 190 1000 1008 1000 1000 0 5
0.166667 0.183355 0.012408 200 199 1000 993 1000 1000 0 5
0.166667 0.176870 0.011989 200 206 1000 1010 1000 1000 0 5
0.166667 0.163814 0.011678 200 192 1000 1039 1000 1000 0 5
0.166667 0.185403 0.012389 200 212 1000 973 1000 1000 0 5
0.166667 0.172885 0.012207 200 199 1000 967 1000 1000 0 5
0.166667 0.198253 0.012758 200 227 1000 956 1000 1000 0 5
0.166667 0.183070 0.012238 200 200 1000 966 1000 1000 0 5
0.166667 0.171951 0.011994 200 195 1000 1031 1000 1000 0 5
0.166667 0.171468 0.012286 200 189 1000 973 1000 1000 0 5
0.166667 0.191020 0.012587 200 215 1000 971 1000 1000 0 5
0.166667 0.202526 0.012680 200 230 1000 981 1000 1000 0 5
0.166667 0.162046 0.011655 200 200 1000 1022 1000 1000 0 5
0.166667 0.159005 0.011603 200 198 1000 1042 1000 1000 0 5
0.166667 0.174141 0.011943 200 204 1000 1018 1000 1000 0 5
0.166667 0.171194 0.012604 200 198 1000 962 1000 1000 0 5
0.166667 0.174692 0.011910 200 200 1000 1010 1000 1000 0 5
0.166667 0.191648 0.012446 200 216 1000 984 1000 1000 0 5
0.166667 0.166992 0.011987 200 185 1000 1001 1000 1000 0 5
0.166667 0.176552 0.012455 200 194 1000 956 1000 1000 0 5
0.166667 0.147510 0.011398 200 168 1000 1031 1000 1000 0 5
0.166667 0.185400 0.012408 200 230 1000 1004 1000 1000 0 5
0.166667 0.184635 0.012501 200 203 1000 981 1000 1000 0 5
0.166667 0.153380 0.011530 200 184 1000 997 1000 1000 0 5
0.166667 0.169504 0.012079 200 197 1000 995 1000 1000 0 5
0.166667 0.190127 0.012377 200 225 1000 987 1000 1000 0 5
0.166667 0.180376 0.012087 200 195 1000 1012 1000 1000 0 5
0.166667 0.164879 0.012339 200 199 1000 968 1000 1000 0 5
0.166667 0.173984 0.011478 200 208 1000 1098 1000 1000 0 5
0.166667 0.178551 0.012190 200 194 1000 998 1000 1000 0 5
0.166667 0.172654 0.011927 200 195 1000 1009 1000 1000 0 5
0.166667 0.159122 0.011891 200 178 1000 982 1000 1000 0 5
0.166667 0.197685 0.012912 200 212 1000 940 1000 1000 0 5
0.166667 0.176811 0.012213 200 200 1000 1001 1000 1000 0 5
0.166667 0.179626 0.011719 200 206 1000 1052 1000 1000 0 5
0.166667 0.188060 0.012184 200 218 1000 983 1000 1000 0 5
0.166667 0.191303 0.012105 200 233 1000 1031 1000 1000 0 5
0.166667 0.161843 0.012092 200 175 1000 982 1000 1000 0 5
0.166667 0.175364 0.012310 200 191 1000 963 1000 1000 0 5
0.166667 0.178420 0.011806 200 217 1000 1045 1000 1000 0 5
0.166667 0.175629 0.012055 200 200 1000 1014 1000 1000 0 5
0.166667 0.176715 0.012100 200 207 1000 1011 1000 1000 0 5
0.166667 0.155240 0.011512 200 187 1000 1025 1000 1000 0 5
0.166667 0.160138 0.012019 200 176 1000 977 1000 1000 0 5
0.166667 0.208561 0.012858 200 225 1000 983 1000 1000 0 5
0.166667 0.172407 0.012145 200 193 1000 1010 1000 1000 0 5
0.166667 0.159016 0.011542 200 179 1000 1056 1000 1000 0 5
0.166667 0.162080 0.012000 200 182 1000 1014 1000 1000 0 5
0.166667 0.183917 0.012034 200 225 1000 1032 1000 1000 0 5
0.166667 0.172533 0.012113 200 197 1000 980 1000 1000 0 5
0.166667 0.166413 0.011666 200 190 1000 1054 1000 1000 0 5
0.166667 0.167882 0.011973 200 179 1000 977 1000 1000 0 5
0.166667 0.174466 0.011988 200 199 1000 1035 1000 1000 0 5
0.166667 0.173862 0.012450 200 197 1000 964 1000 1000 0 5
0.166667 0.204586 0.012736 200 224 1000 990 1000 1000 0 5
0.166667 0.167930 0.011600 200 196 1000 1059 1000 1000 0 5
0.166667 0.180241 0.012101 200 206 1000 999 1000 1000 0 5
0.166667 0.179101 0.012064 200 185 1000 980 1000 1000 0 5
0.166667 0.177054 0.012114 200 208 1000 1022 1000 1000 0 5
0.166667 0.184341 0.012389 200 213 1000 996 1000 1000 0 5
0.166667 0.172242 0.012148 200 206 1000 1009 1000 1000 0 5
0.166667 0.188813 0.012024 200 228 1000 1031 1000 1000 0 5
0.166667 0.165234 0.011908 200 178 1000 1003 1000 1000 0 5
0.166667 0.166263 0.011665 200 189 1000 1016 1000 1000 0 5
0.166667 0.153006 0.011440 200 183 1000 1031 1000 1000 0 5
0.166667 0.160398 0.012050 200 165 1000 961 1000 1000 0 5
0.166667 0.194415 0.012345 200 220 1000 993 1000 1000 0 5
0.166667 0.191791 0.011933 200 229 1000 1071 1000 1000 0 5
0.166667 0.182647 0.012452 200 193 1000 951 1000 1000 0 5
0.166667 0.154442 0.011711 200 178 1000 993 1000 1000 0 5
0.166667 0.164664 0.011705 200 195 1000 1025 1000 1000 0 5
0.166667 0.157182 0.011974 200 171 1000 960 1000 1000 0 5
0.166667 0.189978 0.012696 200 200 1000 952 1000 1000 0 5
0.166667 0.182503 0.012345 200 200 1000 954 1000 1000 0 5
0.166667 0.153365 0.011486 200 191 1000 1074 1000 1000 0 5
0.166667 0.183399 0.012247 200 206 1000 990 1000 1000 0 5
0.166667 0.159002 0.011686 200 190 1000 1030 1000 1000 0 5
0.166667 0.167356 0.011740 200 186 1000 1031 1000 1000 0 5
0.166667 0.176789 0.012242 200 208 1000 1014 1000 1000 0 5
0.166667 0.186177 0.012636 200 216 1000 978 1000 1000 0 5
0.166667 0.168104 0.011756 200 192 1000 1000 1000 1000 0 5
0.166667 0.172127 0.011973 200 200 1000 1034 1000 1000 0 5
0.166667 0.162784 0.011655 200 187 1000 1024 1000 1000 0 5
0.166667 0.183822 0.012236 200 207 1000 1005 1000 1000 0 5
0.166667 0.181999 0.012440 200 207 1000 969 1000 1000 0 5
0.166667 0.181076 0.012134 200 189 1000 994 1000 1000 0 5
0.166667 0.175809 0.012340 200 200 1000 954 1000 1000 0 5
0.166667 0.164490 0.011949 200 205 1000 1007 1000 1000 0 5
0.166667 0.161478 0.011734 200 185 1000 1027 1000 1000 0 5
0.166667 0.163603 0.011680 200 198 1000 1037 1000 1000 0 5
0.166667 0.180475 0.012139 200 201 1000 994 1000 1000 0 5
0.166667 0.170327 0.012314 200 193 1000 964 1000 1000 0 5
0.166667 0.171677 0.011851 200 193 1000 999 1000 1000 0 5
0.166667 0.160862 0.011584 200 206 1000 1067 1000 1000 0 5
0.166667 0.173777 0.011939 200 209 1000 1037 1000 1000 0 5
0.166667 0.168897 0.011565 200 189 1000 1048 1000 1000 0 5
0.166667 0.172793 0.011912 200 209 1000 1016 1000 1000 0 5
0.166667 0.181126 0.012070 200 204 1000 1002 1000 1000 0 5
0.166667 0.181487 0.012157 200 210 1000 1012 1000 1000 0 5
0.166667 0.168561 0.012420 200 195 1000 967 1000 1000 0 5
0.166667 0.176780 0.012337 200 197 1000 970 1000 1000 0 5
0.166667 0.193439 0.012584 200 228 1000 982 1000 1000 0 5
0.166667 0.175384 0.011971 200 196 1000 1007 1000 1000 0 5
0.166667 0.172563 0.012093 200 185 1000 995 1000 1000 0 5
0.166667 0.165140 0.011687 200 187 1000 1018 1000 1000 0 5
0.166667 0.179842 0.012329 200 207 1000 1003 1000 1000 0 5
0.166667 0.180157 0.012135 200 200 1000 981 1000 1000 0 5
0.166667 0.171344 0.011919 200 189 1000 1002 1000 1000 0 5
0.166667 0.185202 0.011891 200 210 1000 1035 1000 1000 0 5
0.166667 0.175629 0.011918 200 200 1000 993 1000 1000 0 5
0.166667 0.182716 0.012118 200 215 1000 1023 1000 1000 0 5
0.166667 0.192575 0.012525 200 211 1000 976 1000 1000 0 5
0.166667 0.163538 0.012146 200 184 1000 990 1000 1000 0 5
0.166667 0.191685 0.012345 200 217 1000 1020 1000 1000 0 5
0.166667 0.181682 0.012829 200 194 1000 934 1000 1000 0 5
0.166667 0.190035 0.012360 200 221 1000 1002 1000 1000 0 5
0.166667 0.167095 0.011727 200 203 1000 1032 1000 1000 0 5
0.166667 0.186892 0.012101 200 217 1000 1052 1000 1000 0 5
0.166667 0.177219 0.012274 200 204 1000 991 1000 1000 0 5
0.166667 0.168583 0.012261 200 201 1000 999 1000 1000 0 5
0.166667 0.155562 0.011893 200 193 1000 1004 1000 1000 0 5
0.166667 0.176764 0.011837 200 200 1000 1032 1000 1000 0 5
0.166667 0.159928 0.011949 200 196 1000 985 1000 1000 0 5
0.166667 0.186020 0.012474 200 212 1000 1013 1000 1000 0 5
0.166667 0.167685 0.011937 200 196 1000 1020 1000 1000 0 5
0.166667 0.169905 0.012516 200 195 1000 967 1000 1000 0 5
0.166667 0.175945 0.012179 200 206 1000 1002 1000 1000 0 5
0.166667 0.180005 0.011904 200 219 1000 1034 1000 1000 0 5
0.166667 0.194193 0.012472 200 212 1000 962 1000 1000 0 5
0.166667 0.183698 0.012118 200 194 1000 987 1000 1000 0 5
0.166667 0.207837 0.012574 200 246 1000 989 1000 1000 0 5
0.166667 0.169905 0.012195 200 197 1000 993 1000 1000 0 5
0.166667 0.177619 0.012202 200 203 1000 1001 1000 1000 0 5
0.166667 0.183106 0.012072 200 205 1000 1006 1000 1000 0 5
0.166667 0.177680 0.012167 200 214 1000 1023 1000 1000 0 5
0.166667 0.194047 0.012383 200 219 1000 997 1000 1000 0 5
0.166667 0.188660 0.012370 200 211 1000 999 1000 1000 0 5
0.166667 0.185145 0.012444 200 201 1000 986 1000 1000 0 5
0.166667 0.178769 0.012029 200 203 1000 1015 1000 1000 0 5
0.166667 0.194655 0.012699 200 215 1000 969 1000 1000 0 5
0.166667 0.175285 0.012013 200 205 1000 1019 1000 1000 0 5
0.166667 0.197446 0.012703 200 219 1000 986 1000 1000 0 5
0.166667 0.170904 0.011991 200 212 1000 1027 1000 1000 0 5
0.166667 0.180061 0.012383 200 197 1000 980 1000 1000 0 5
0.166667 0.166006 0.011920 200 194 1000 1017 1000 1000 0 5
0.166667 0.157775 0.012138 200 175 1000 944 1000 1000 0 5
0.166667 0.155739 0.011745 200 179 1000 1041 1000 1000 0 5
0.166667 0.151871 0.011641 200 162 1000 990 1000 1000 0 5
0.166667 0.182874 0.012181 200 201 1000 988 1000 1000 0 5
0.166667 0.173055 0.012402 200 193 1000 976 1000 1000 0 5
0.166667 0.174260 0.012337 200 186 1000 952 1000 1000 0 5
0.166667 0.188070 0.012989 200 200 1000 926 1000 1000 0 5
0.166667 0.171520 0.011837 200 195 1000 1016 1000 1000 0 5
0.166667 0.191951 0.012300 200 204 1000 970 1000 1000 0 5
0.166667 0.158948 0.011799 200 188 1000 1016 1000 1000 0 5
0.166667 0.169841 0.012176 200 186 1000 1015 1000 1000 0 5
0.166667 0.155761 0.011791 200 182 1000 1019 1000 1000 0 5
0.166667 0.169653 0.011959 200 181 1000 1008 1000 1000 0 5
0.166667 0.157909 0.011559 200 185 1000 1054 1000 1000 0 5
0.166667 0.188037 0.011789 200 223 1000 1074 1000 1000 0 5
0.166667 0.190764 0.012415 200 215 1000 1018 1000 1000 0 5
0.166667 0.171650 0.011849 200 180 1000 1005 1000 1000 0 5
0.166667 0.214825 0.012988 200 239 1000 973 1000 1000 0 5
0.166667 0.170263 0.011985 200 198 1000 980 1000 1000 0 5
0.166667 0.169289 0.012037 200 209 1000 1016 1000 1000 0 5
0.166667 0.179593 0.012211 200 213 1000 1014 1000 1000 0 5
0.166667 0.141409 0.011412 200 162 1000 1008 1000 1000 0 5
0.166667 0.165336 0.012169 200 180 1000 965 1000 1000 0 5
0.166667 0.185149 0.011990 200 201 1000 1025 1000 1000 0 5
0.166667 0.179012 0.012249 200 214 1000 997 1000 1000 0 5
0.166667 0.183010 0.012232 200 196 1000 980 1000 1000 0 5
0.166667 0.163088 0.011949 200 191 1000 1027 1000 1000 0 5
0.166667 0.155953 0.011986 200 188 1000 975 1000 1000 0 5
0.166667 0.163755 0.011479 200 194 1000 1047 1000 1000 0 5
0.166667 0.187528 0.012243 200 225 1000 1021 1000 1000 0 5
0.166667 0.170205 0.012260 200 192 1000 962 1000 1000 0 5
0.166667 0.185711 0.012530 200 198 1000 979 1000 1000 0 5
0.166667 0.170121 0.011900 200 198 1000 1007 1000 1000 0 5
0.166667 0.149034 0.011564 200 167 1000 1009 1000 1000 0 5
0.166667 0.174608 0.012065 200 200 1000 1017 1000 1000 0 5
0.166667 0.175271 0.012229 200 220 1000 1009 1000 1000 0 5
0.166667 0.182937 0.012743 200 212 1000 937 1000 1000 0 5
0.166667 0.189357 0.012517 200 215 1000 983 1000 1000 0 5
0.166667 0.199306 0.012684 200 212 1000 961 1000 1000 0 5
0.166667 0.192258 0.012103 200 229 1000 1029 1000 1000 0 5
0.166667 0.168588 0.012337 200 182 1000 968 1000 1000 0 5
0.166667 0.178697 0.011969 200 200 1000 1017 1000 1000 0 5
0.166667 0.189569 0.012272 200 230 1000 1026 1000 1000 0 5
0.166667 0.171659 0.012054 200 201 1000 1012 1000 1000 0 5
0.166667 0.172945 0.012215 200 188 1000 987 1000 1000 0 5
0.166667 0.171722 0.011854 200 198 1000 1021 1000 1000 0 5
0.166667 0.194722 0.012512 200 214 1000 966 1000 1000 0 5
0.166667 0.162175 0.011942 200 198 1000 994 1000 1000 0 5
0.166667 0.174861 0.012522 200 189 1000 962 1000 1000 0 5
