0.166667 0.168751 0.011754 200 190 1000 1003 1000 1000 0 3
0.166667 0.162114 0.011677 200 185 1000 1029 1000 1000 0 3
0.166667 0.179922 0.012303 200 215 1000 985 1000 1000 0 3
0.166667 0.152706 0.011562 200 176 1000 1002 1000 1000 0 3
0.166667 0.188147 0.012323 200 231 1000 977 1000 1000 0 3
0.166667 0.162373 0.011594 200 199 1000 1054 1000 1000 0 3
0.166667 0.210644 0.012771 200 238 1000 921 1000 1000 0 3
0.166667 0.180963 0.012095 200 223 1000 1010 1000 1000 0 3
0.166667 0.177648 0.011922 200 215 1000 1035 1000 1000 0 3
0.166667 0.164916 0.012024 200 197 1000 985 1000 1000 0 3
0.166667 0.160162 0.011808 200 178 1000 999 1000 1000 0 3
0.166667 0.194183 0.012333 200 219 1000 1001 1000 1000 0 3
0.166667 0.155198 0.011445 200 188 1000 1032 1000 1000 0 3
0.166667 0.177280 0.012198 200 203 1000 994 1000 1000 0 3
0.166667 0.149854 0.011271 200 164 1000 1040 1000 1000 0 3
0.166667 0.160111 0.012212 200 173 1000 959 1000 1000 0 3
0.166667 0.150725 0.011382 200 194 1000 1038 1000 1000 0 3
0.166667 0.182496 0.012127 200 206 1000 991 1000 1000 0 3
0.166667 0.166750 0.011871 200 190 1000 992 1000 1000 0 3
0.166667 0.174438 0.012081 200 184 1000 968 1000 1000 0 3
0.166667 0.168692 0.012116 200 213 1000 1012 1000 1000 0 3
0.166667 0.169877 0.011712 200 210 1000 1030 1000 1000 0 3
0.166667 0.168123 0.011674 200 210 1000 1033 1000 1000 0 3
0.166667 0.174467 0.012014 200 201 1000 990 1000 1000 0 3
0.166667 0.174417 0.011834 200 209 1000 984 1000 1000 0 3
0.166667 0.165796 0.011357 200 203 1000 1067 1000 1000 0 3
0.166667 0.168659 0.011787 200 198 1000 978 1000 1000 0 3
0.166667 0.158669 0.011759 200 192 1000 991 1000 1000 0 3
0.166667 0.161946 0.011880 200 206 1000 1014 1000 1000 0 3
0.166667 0.159974 0.011231 200 184 1000 1085 1000 1000 0 3
0.166667 0.179134 0.012126 200 206 1000 1008 1000 1000 0 3
0.166667 0.167488 0.011611 200 200 1000 1053 1000 1000 0 3
0.166667 0.162276 0.011964 200 190 1000 980 1000 1000 0 3
0.166667 0.168297 0.011741 200 209 1000 1028 1000 1000 0 3
0.166667 0.185179 0.011997 200 211 1000 1008 1000 1000 0 3
0.166667 0.169767 0.011703 200 217 1000 1032 1000 1000 0 3
0.166667 0.173190 0.012027 200 202 1000 990 1000 1000 0 3
0.166667 0.180749 0.012093 200 199 1000 988 1000 1000 0 3
0.166667 0.165243 0.011734 200 197 1000 1005 1000 1000 0 3
0.166667 0.164212 0.011880 200 214 1000 1020 1000 1000 0 3
0.166667 0.167289 0.011703 200 192 1000 1017 1000 1000 0 3
0.166667 0.154696 0.011247 200 184 1000 1041 1000 1000 0 3
0.166667 0.193897 0.012383 200 225 1000 991 1000 1000 0 3
0.166667 0.169729 0.011954 200 192 1000 989 1000 1000 0 3
0.166667 0.170980 0.012359 200 198 1000 987 1000 1000 0 3
0.166667 0.185823 0.012767 200 203 1000 915 1000 1000 0 3
0.166667 0.174527 0.011750 200 216 1000 1034 1000 1000 0 3
0.166667 0.166633 0.012058 200 189 1000 941 1000 1000 0 3
0.166667 0.186277 0.011937 200 237 1000 1022 1000 1000 0 3
0.166667 0.172557 0.012075 200 201 1000 972 1000 1000 0 3
0.166667 0.162962 0.011689 200 193 1000 1012 1000 1000 0 3
0.166667 0.182548 0.012265 200 215 1000 981 1000 1000 0 3
0.166667 0.159903 0.011619 200 192 1000 1023 1000 1000 0 3
0.166667 0.179002 0.012076 200 203 1000 962 1000 1000 0 3
0.166667 0.181851 0.012309 200 209 1000 964 1000 1000 0 3
0.166667 0.169649 0.011913 200 208 1000 1020 1000 1000 0 3
0.166667 0.176228 0.012154 200 214 1000 1001 1000 1000 0 3
0.166667 0.165810 0.012103 200 205 1000 985 1000 1000 0 3
0.166667 0.157974 0.011873 200 179 1000 1003 1000 1000 0 3
0.166667 0.172164 0.012084 200 216 1000 1008 1000 1000 0 3
0.166667 0.178889 0.012330 200 194 1000 965 1000 1000 0 3
0.166667 0.168573 0.011847 200 212 1000 1012 1000 1000 0 3
0.166667 0.155548 0.011686 200 192 1000 1034 1000 1000 0 3
0.166667 0.177913 0.012163 200 203 1000 996 1000 1000 0 3
0.166667 0.175575 0.012364 200 200 1000 946 1000 1000 0 3
0.166667 0.154459 0.011556 200 199 1000 1026 1000 1000 0 3
0.166667 0.197255 0.012338 200 234 1000 1023 1000 1000 0 3
0.166667 0.176153 0.012458 200 192 1000 913 1000 1000 0 3
0.166667 0.192548 0.012807 200 205 1000 940 1000 1000 0 3
0.166667 0.161450 0.011562 200 182 1000 1031 1000 1000 0 3
0.166667 0.158395 0.012092 200 196 1000 999 1000 1000 0 3
0.166667 0.157560 0.011550 200 192 1000 1047 1000 1000 0 3
0.166667 0.169186 0.011797 200 203 1000 1017 1000 1000 0 3
0.166667 0.175299 0.012134 200 207 1000 994 1000 1000 0 3
0.166667 0.188219 0.012661 200 211 1000 914 1000 1000 0 3
0.166667 0.142810 0.010854 200 187 1000 1093 1000 1000 0 3
0.166667 0.149817 0.011629 200 174 1000 1017 1000 1000 0 3
0.166667 0.181310 0.012075 200 219 1000 1004 1000 1000 0 3
0.166667 0.195206 0.012654 200 217 1000 958 1000 1000 0 3
0.166667 0.177145 0.012327 200 209 1000 990 1000 1000 0 3
0.166667 0.170653 0.011902 200 197 1000 976 1000 1000 0 3
0.166667 0.166772 0.012159 200 195 1000 962 1000 1000 0 3
0.166667 0.154150 0.011530 200 184 1000 1010 1000 1000 0 3
0.166667 0.151456 0.011940 200 164 1000 955 1000 1000 0 3
0.166667 0.171601 0.011825 200 205 1000 998 1000 1000 0 3
0.166667 0.159344 0.011445 200 188 1000 1043 1000 1000 0 3
0.166667 0.211241 0.012397 200 240 1000 993 1000 1000 0 3
0.166667 0.168864 0.011843 200 207 1000 1008 1000 1000 0 3
0.166667 0.172319 0.012197 200 206 1000 983 1000 1000 0 3
0.166667 0.152603 0.011613 200 186 1000 1008 1000 1000 0 3
0.166667 0.190203 0.012203 200 227 1000 991 1000 1000 0 3
0.166667 0.169219 0.012127 200 207 1000 1003 1000 1000 0 3
0.166667 0.159718 0.011646 200 185 1000 1038 1000 1000 0 3
0.166667 0.177701 0.011485 200 214 1000 1056 1000 1000 0 3
0.166667 0.172067 0.012426 200 206 1000 982 1000 1000 0 3
0.166667 0.150665 0.011545 200 179 1000 1036 1000 1000 0 3
0.166667 0.190533 0.012119 200 210 1000 1017 1000 1000 0 3
0.166667 0.164916 0.012054 200 184 1000 987 1000 1000 0 3
0.166667 0.160962 0.011259 200 188 1000 1055 1000 1000 0 3
0.166667 0.168255 0.011733 200 183 1000 1001 1000 1000 0 3
0.166667 0.181647 0.011822 200 213 1000 1031 1000 1000 0 3
0.166667 0.163430 0.011725 200 190 1000 989 1000 1000 0 3
0.166667 0.146392 0.011262 200 178 1000 1050 1000 1000 0 3
0.166667 0.165861 0.011399 200 204 1000 1026 1000 1000 0 3
0.166667 0.185935 0.012365 200 200 1000 966 1000 1000 0 3
0.166667 0.179389 0.012314 200 205 1000 972 1000 1000 0 3
0.166667 0.125033 0.010893 200 152 1000 1038 1000 1000 0 3
0.166667 0.159677 0.011816 200 185 1000 979 1000 1000 0 3
0.166667 0.187334 0.012321 200 238 1000 993 1000 1000 0 3
0.166667 0.158059 0.011766 200 191 1000 1023 1000 1000 0 3
0.166667 0.153314 0.011533 200 175 1000 994 1000 1000 0 3
0.166667 0.199613 0.012323 200 224 1000 974 1000 1000 0 3
0.166667 0.176083 0.011789 200 207 1000 1017 1000 1000 0 3
0.166667 0.176419 0.012201 200 207 1000 979 1000 1000 0 3
0.166667 0.189240 0.012379 200 219 1000 960 1000 1000 0 3
0.166667 0.182770 0.011665 200 207 1000 1036 1000 1000 0 3
0.166667 0.179137 0.012263 200 203 1000 960 1000 1000 0 3
0.166667 0.164004 0.011924 200 184 1000 990 1000 1000 0 3
0.166667 0.170896 0.011763 200 195 1000 1017 1000 1000 0 3
0.166667 0.184980 0.012372 200 221 1000 982 1000 1000 0 3
0.166667 0.178901 0.011902 200 206 1000 1005 1000 1000 0 3
0.166667 0.151868 0.011415 200 183 1000 1031 1000 1000 0 3
0.166667 0.168289 0.011834 200 204 1000 993 1000 1000 0 3
0.166667 0.167120 0.012033 200 197 1000 978 1000 1000 0 3
0.166667 0.165146 0.011618 200 201 1000 1018 1000 1000 0 3
0.166667 0.170388 0.011823 200 210 1000 1009 1000 1000 0 3
0.166667 0.178842 0.012275 200 215 1000 968 1000 1000 0 3
0.166667 0.174667 0.011854 200 219 1000 1030 1000 1000 0 3
0.166667 0.160915 0.011527 200 188 1000 1044 1000 1000 0 3
0.166667 0.174990 0.011874 200 197 1000 1020 1000 1000 0 3
0.166667 0.161362 0.011854 200 208 1000 1031 1000 1000 0 3
0.166667 0.168724 0.011978 200 195 1000 988 1000 1000 0 3
0.166667 0.167126 0.011751 200 197 1000 999 1000 1000 0 3
0.166667 0.186268 0.012318 200 221 1000 994 1000 1000 0 3
0.166667 0.150822 0.011431 200 184 1000 1021 1000 1000 0 3
0.166667 0.180687 0.012238 200 212 1000 973 1000 1000 0 3
0.166667 0.191181 0.012360 200 228 1000 993 1000 1000 0 3
0.166667 0.184175 0.012233 200 206 1000 980 1000 1000 0 3
0.166667 0.175670 0.012263 200 210 1000 944 1000 1000 0 3
0.166667 0.186916 0.012206 200 220 1000 1018 1000 1000 0 3
0.166667 0.161495 0.011241 200 209 1000 1061 1000 1000 0 3
0.166667 0.178739 0.012381 200 198 1000 965 1000 1000 0 3
0.166667 0.171811 0.012035 200 187 1000 969 1000 1000 0 3
0.166667 0.192223 0.012027 200 210 1000 1031 1000 1000 0 3
0.166667 0.165818 0.012249 200 195 1000 962 1000 1000 0 3
0.166667 0.166592 0.011607 200 201 1000 1032 1000 1000 0 3
0.166667 0.174686 0.011878 200 210 1000 1008 1000 1000 0 3
0.166667 0.187160 0.012646 200 214 1000 935 1000 1000 0 3
0.166667 0.186038 0.012751 200 195 1000 936 1000 1000 0 3
0.166667 0.201757 0.012640 200 218 1000 936 1000 1000 0 3
0.166667 0.166066 0.011924 200 189 1000 980 1000 1000 0 3
0.166667 0.195803 0.012602 200 204 1000 943 1000 1000 0 3
0.166667 0.184928 0.012627 200 206 1000 957 1000 1000 0 3
0.166667 0.157588 0.011379 200 187 1000 1027 1000 1000 0 3
0.166667 0.188926 0.012274 200 221 1000 981 1000 1000 0 3
0.166667 0.145512 0.011546 200 175 1000 1005 1000 1000 0 3
0.166667 0.158824 0.011410 200 200 1000 1083 1000 1000 0 3
0.166667 0.151660 0.011578 200 182 1000 1012 1000 1000 0 3
0.166667 0.180778 0.012406 200 206 1000 969 1000 1000 0 3
0.166667 0.173169 0.012061 200 189 1000 973 1000 1000 0 3
0.166667 0.166865 0.012144 200 191 1000 936 1000 1000 0 3
0.166667 0.161896 0.012036 200 181 1000 950 1000 1000 0 3
0.166667 0.173919 0.012070 200 217 1000 1002 1000 1000 0 3
0.166667 0.165826 0.011635 200 203 1000 1021 1000 1000 0 3
0.166667 0.176909 0.012067 200 214 1000 994 1000 1000 0 3
0.166667 0.194545 0.012255 200 221 1000 1024 1000 1000 0 3
0.166667 0.185158 0.011971 200 218 1000 1002 1000 1000 0 3
0.166667 0.153722 0.011398 200 183 1000 1028 1000 1000 0 3
0.166667 0.178401 0.012330 200 225 1000 983 1000 1000 0 3
0.166667 0.163572 0.011887 200 196 1000 1003 1000 1000 0 3
0.166667 0.166801 0.011693 200 212 1000 1036 1000 1000 0 3
0.166667 0.186809 0.012901 200 197 1000 968 1000 1000 0 3
0.166667 0.161523 0.012104 200 188 1000 952 1000 1000 0 3
0.166667 0.183771 0.012218 200 197 1000 956 1000 1000 0 3
0.166667 0.155228 0.011788 200 189 1000 1019 1000 1000 0 3
0.166667 0.177093 0.011851 200 200 1000 1001 1000 1000 0 3
0.166667 0.151352 0.011393 200 194 1000 1032 1000 1000 0 3
0.166667 0.166792 0.011906 200 193 1000 997 1000 1000 0 3
0.166667 0.174110 0.012354 200 201 1000 962 1000 1000 0 3
0.166667 0.168547 0.011768 200 181 1000 1009 1000 1000 0 3
0.166667 0.171684 0.011669 200 213 1000 1011 1000 1000 0 3
0.166667 0.166409 0.011998 200 181 1000 974 1000 1000 0 3
0.166667 0.170018 0.012306 200 202 1000 962 1000 1000 0 3
0.166667 0.184975 0.012114 200 205 1000 956 1000 1000 0 3
0.166667 0.160404 0.011931 200 181 1000 966 1000 1000 0 3
0.166667 0.184985 0.012146 200 218 1000 1002 1000 1000 0 3
0.166667 0.178637 0.012122 200 200 1000 978 1000 1000 0 3
0.166667 0.179637 0.011976 200 214 1000 1010 1000 1000 0 3
0.166667 0.159122 0.011652 200 206 1000 1034 1000 1000 0 3
0.166667 0.136923 0.010925 200 174 1000 1077 1000 1000 0 3
0.166667 0.167243 0.011872 200 194 1000 1010 1000 1000 0 3
0.166667 0.163743 0.011626 200 192 1000 1011 1000 1000 0 3
0.166667 0.163979 0.011550 200 198 1000 1058 1000 1000 0 3
0.166667 0.164803 0.012222 200 186 1000 981 1000 1000 0 3
0.166667 0.168744 0.012141 200 198 1000 966 1000 1000 0 3
0.166667 0.192896 0.012284 200 222 1000 1017 1000 1000 0 3
0.166667 0.194318 0.012450 200 212 1000 963 1000 1000 0 3
0.166667 0.165621 0.012017 200 194 1000 999 1000 1000 0 3
0.166667 0.171590 0.012000 200 210 1000 995 1000 1000 0 3
0.166667 0.167929 0.011682 200 215 1000 1050 1000 1000 0 3
0.166667 0.177109 0.012065 200 193 1000 944 1000 1000 0 3
0.166667 0.188771 0.012400 200 212 1000 972 1000 1000 0 3
0.166667 0.178865 0.012116 200 200 1000 996 1000 1000 0 3
0.166667 0.160649 0.011888 200 192 1000 1015 1000 1000 0 3
0.166667 0.179203 0.011867 200 214 1000 1003 1000 1000 0 3
0.166667 0.159916 0.011545 200 196 1000 1057 1000 1000 0 3
0.166667 0.179305 0.011818 200 216 1000 1040 1000 1000 0 3
0.166667 0.149000 0.011106 200 189 1000 1066 1000 1000 0 3
0.166667 0.173219 0.011733 200 205 1000 1008 1000 1000 0 3
0.166667 0.180151 0.012089 200 210 1000 998 1000 1000 0 3
0.166667 0.190383 0.012215 200 221 1000 1003 1000 1000 0 3
0.166667 0.171510 0.011727 200 210 1000 1020 1000 1000 0 3
0.166667 0.174673 0.012080 200 195 1000 975 1000 1000 0 3
0.166667 0.161427 0.011828 200 197 1000 990 1000 1000 0 3
0.166667 0.174302 0.012067 200 196 1000 1000 1000 1000 0 3
0.166667 0.160636 0.011943 200 188 1000 971 1000 1000 0 3
0.166667 0.166744 0.011691 200 197 1000 1013 1000 1000 0 3
0.166667 0.158902 0.011583 200 188 1000 1039 1000 1000 0 3
0.166667 0.182583 0.012073 200 223 1000 996 1000 1000 0 3
0.166667 0.170965 0.011961 200 192 1000 973 1000 1000 0 3
0.166667 0.180955 0.012635 200 193 1000 938 1000 1000 0 3
0.166667 0.160641 0.011879 200 176 1000 970 1000 1000 0 3
0.166667 0.177146 0.012116 200 209 1000 981 1000 1000 0 3
0.166667 0.184389 0.012404 200 214 1000 963 1000 1000 0 3
0.166667 0.170076 0.011993 200 204 1000 1017 1000 1000 0 3
0.166667 0.182929 0.012336 200 204 1000 963 1000 1000 0 3
0.166667 0.158847 0.011741 200 184 1000 997 1000 1000 0 3
0.166667 0.169050 0.011760 200 196 1000 1004 1000 1000 0 3
0.166667 0.176278 0.011759 200 209 1000 1006 1000 1000 0 3
0.166667 0.178710 0.012260 200 204 1000 961 1000 1000 0 3
0.166667 0.185579 0.012126 200 222 1000 991 1000 1000 0 3
0.166667 0.192482 0.012133 200 232 1000 1033 1000 1000 0 3
0.166667 0.180386 0.012110 200 215 1000 991 1000 1000 0 3
0.166667 0.175594 0.011837 200 198 1000 1018 1000 1000 0 3
0.166667 0.161086 0.011852 200 194 1000 984 1000 1000 0 3
0.166667 0.165041 0.012009 200 190 1000 1006 1000 1000 0 3
0.166667 0.167194 0.012169 200 188 1000 973 1000 1000 0 3
0.166667 0.156800 0.011563 200 190 1000 1010 1000 1000 0 3
0.166667 0.191233 0.012148 200 221 1000 991 1000 1000 0 3
0.166667 0.173722 0.012046 200 203 1000 1003 1000 1000 0 3
0.166667 0.147558 0.011558 200 174 1000 989 1000 1000 0 3
0.166667 0.153362 0.011816 200 185 1000 1001 1000 1000 0 3
0.166667 0.174276 0.011948 200 205 1000 982 1000 1000 0 3
0.166667 0.132333 0.010903 200 167 1000 1050 1000 1000 0 3
0.166667 0.170524 0.011973 200 209 1000 984 1000 1000 0 3
0.166667 0.177257 0.012009 200 206 1000 974 1000 1000 0 3
0.166667 0.187603 0.012018 200 224 1000 1004 1000 1000 0 3
0.166667 0.182205 0.012054 200 219 1000 998 1000 1000 0 3
0.166667 0.174749 0.012052 200 210 1000 1010 1000 1000 0 3
0.166667 0.173438 0.011984 200 214 1000 1015 1000 1000 0 3
0.166667 0.172239 0.011798 200 198 1000 1025 1000 1000 0 3
0.166667 0.155794 0.011403 200 189 1000 1020 1000 1000 0 3
0.166667 0.168138 0.012129 200 207 1000 981 1000 1000 0 3
0.166667 0.171176 0.012106 200 181 1000 956 1000 1000 0 3
0.166667 0.184994 0.012504 200 206 1000 937 1000 1000 0 3
0.166667 0.139905 0.011177 200 179 1000 1050 1000 1000 0 3
0.166667 0.176423 0.011781 200 202 1000 1040 1000 1000 0 3
0.166667 0.178609 0.012093 200 210 1000 974 1000 1000 0 3
0.166667 0.156276 0.011619 200 190 1000 1005 1000 1000 0 3
0.166667 0.173157 0.012435 200 190 1000 958 1000 1000 0 3
0.166667 0.184369 0.012503 200 210 1000 975 1000 1000 0 3
0.166667 0.187297 0.012031 200 222 1000 1001 1000 1000 0 3
0.166667 0.151831 0.011674 200 175 1000 968 1000 1000 0 3
0.166667 0.180549 0.012080 200 219 1000 1007 1000 1000 0 3
0.166667 0.182589 0.012394 200 206 1000 979 1000 1000 0 3
0.166667 0.163032 0.011492 200 204 1000 1041 1000 1000 0 3
0.166667 0.168513 0.012172 200 197 1000 994 1000 1000 0 3
0.166667 0.166781 0.012201 200 198 1000 956 1000 1000 0 3
0.166667 0.168033 0.011809 200 192 1000 983 1000 1000 0 3
0.166667 0.162706 0.011528 200 206 1000 1067 1000 1000 0 3
0.166667 0.193130 0.012472 200 210 1000 954 1000 1000 0 3
0.166667 0.182874 0.012440 200 189 1000 948 1000 1000 0 3
0.166667 0.156974 0.011539 200 193 1000 1030 1000 1000 0 3
0.166667 0.185808 0.011810 200 221 1000 1033 1000 1000 0 3
0.166667 0.165334 0.011898 200 195 1000 1001 1000 1000 0 3
0.166667 0.163338 0.011711 200 199 1000 1022 1000 1000 0 3
0.166667 0.141951 0.011394 200 169 1000 1016 1000 1000 0 3
0.166667 0.164687 0.011614 200 188 1000 984 1000 1000 0 3
0.166667 0.192950 0.012463 200 224 1000 991 1000 1000 0 3
0.166667 0.184802 0.012216 200 205 1000 985 1000 1000 0 3
0.166667 0.156161 0.011325 200 192 1000 1059 1000 1000 0 3
0.166667 0.167507 0.011712 200 212 1000 1037 1000 1000 0 3
0.166667 0.179618 0.012153 200 207 1000 991 1000 1000 0 3
0.166667 0.170788 0.011900 200 197 1000 973 1000 1000 0 3
0.166667 0.167811 0.012157 200 187 1000 941 1000 1000 0 3
0.166667 0.184709 0.012313 200 207 1000 961 1000 1000 0 3
0.166667 0.198551 0.012386 200 226 1000 966 1000 1000 0 3
0.166667 0.160452 0.011958 200 182 1000 973 1000 1000 0 3
0.166667 0.162463 0.011727 200 198 1000 1024 1000 1000 0 3
0.166667 0.166333 0.011688 200 199 1000 1015 1000 1000 0 3
0.166667 0.195773 0.012937 200 212 1000 915 1000 1000 0 3
0.166667 0.175957 0.011887 200 197 1000 970 1000 1000 0 3
0.166667 0.196595 0.012260 200 232 1000 1024 1000 1000 0 3
0.166667 0.156809 0.011382 200 202 1000 1064 1000 1000 0 3
0.166667 0.168778 0.012419 200 196 1000 946 1000 1000 0 3
0.166667 0.190862 0.012108 200 213 1000 982 1000 1000 0 3
0.166667 0.174163 0.011929 200 205 1000 1006 1000 1000 0 3
0.166667 0.163335 0.011844 200 182 1000 995 1000 1000 0 3
0.166667 0.183734 0.011923 200 211 1000 1000 1000 1000 0 3
0.166667 0.169739 0.012228 200 198 1000 948 1000 1000 0 3
0.166667 0.176042 0.012280 200 191 1000 943 1000 1000 0 3
0.166667 0.180985 0.011720 200 206 1000 1034 1000 1000 0 3
0.166667 0.154582 0.011264 200 204 1000 1070 1000 1000 0 3
0.166667 0.165717 0.011341 200 202 1000 1084 1000 1000 0 3
0.166667 0.181626 0.012010 200 218 1000 1025 1000 1000 0 3
0.166667 0.151989 0.011410 200 177 1000 1010 1000 1000 0 3
0.166667 0.164734 0.011767 200 201 1000 1002 1000 1000 0 3
0.166667 0.177819 0.011960 200 202 1000 999 1000 1000 0 3
0.166667 0.153568 0.011795 200 182 1000 972 1000 1000 0 3
0.166667 0.177176 0.012443 200 208 1000 952 1000 1000 0 3
0.166667 0.185001 0.012456 200 203 1000 976 1000 1000 0 3
0.166667 0.133034 0.011179 200 169 1000 1020 1000 1000 0 3
0.166667 0.187489 0.012195 200 217 1000 990 1000 1000 0 3
0.166667 0.171794 0.012059 200 189 1000 981 1000 1000 0 3
0.166667 0.173740 0.011894 200 198 1000 1022 1000 1000 0 3
0.166667 0.158004 0.011350 200 204 1000 1067 1000 1000 0 3
0.166667 0.166643 0.011692 200 186 1000 993 1000 1000 0 3
0.166667 0.197967 0.012703 200 226 1000 948 1000 1000 0 3
0.166667 0.147830 0.011267 200 179 1000 1013 1000 1000 0 3
0.166667 0.179009 0.012329 200 187 1000 953 1000 1000 0 3
0.166667 0.162225 0.011933 200 188 1000 998 1000 1000 0 3
0.166667 0.160688 0.011975 200 181 1000 986 1000 1000 0 3
0.166667 0.178663 0.011893 200 204 1000 1001 1000 1000 0 3
0.166667 0.171294 0.011903 200 182 1000 997 1000 1000 0 3
0.166667 0.176444 0.012156 200 211 1000 1009 1000 1000 0 3
0.166667 0.167575 0.011739 200 209 1000 1029 1000 1000 0 3
0.166667 0.172446 0.012067 200 210 1000 992 1000 1000 0 3
0.166667 0.173874 0.011941 200 196 1000 988 1000 1000 0 3
0.166667 0.178202 0.012215 200 206 1000 973 1000 1000 0 3
0.166667 0.166291 0.011214 200 210 1000 1080 1000 1000 0 3
0.166667 0.165472 0.012019 200 192 1000 945 1000 1000 0 3
0.166667 0.170649 0.011531 200 210 1000 1052 1000 1000 0 3
0.166667 0.175733 0.012150 200 222 1000 984 1000 1000 0 3
0.166667 0.157255 0.011716 200 196 1000 1012 1000 1000 0 3
0.166667 0.191617 0.012206 200 232 1000 1016 1000 1000 0 3
0.166667 0.147679 0.011805 200 174 1000 970 1000 1000 0 3
0.166667 0.158712 0.011857 200 179 1000 964 1000 1000 0 3
0.166667 0.164212 0.011957 200 187 1000 974 1000 1000 0 3
0.166667 0.156943 0.011768 200 197 1000 1032 1000 1000 0 3
0.166667 0.176376 0.011998 200 217 1000 1016 1000 1000 0 3
0.166667 0.167490 0.011656 200 198 1000 1015 1000 1000 0 3
0.166667 0.170045 0.012368 200 196 1000 964 1000 1000 0 3
0.166667 0.149059 0.011685 200 173 1000 975 1000 1000 0 3
0.166667 0.197589 0.012794 200 224 1000 958 1000 1000 0 3
0.166667 0.166198 0.011988 200 193 1000 1002 1000 1000 0 3
0.166667 0.165538 0.011764 200 193 1000 1014 1000 1000 0 3
0.166667 0.171800 0.011871 200 219 1000 1038 1000 1000 0 3
0.166667 0.177780 0.011926 200 205 1000 1034 1000 1000 0 3
0.166667 0.158352 0.011976 200 187 1000 947 1000 1000 0 3
0.166667 0.184078 0.012776 200 207 1000 938 1000 1000 0 3
0.166667 0.163252 0.011749 200 182 1000 985 1000 1000 0 3
0.166667 0.157692 0.011933 200 200 1000 998 1000 1000 0 3
0.166667 0.158486 0.011701 200 186 1000 990 1000 1000 0 3
0.166667 0.171939 0.011927 200 209 1000 1037 1000 1000 0 3
0.166667 0.161920 0.011420 200 182 1000 1053 1000 1000 0 3
0.166667 0.173890 0.011851 200 197 1000 993 1000 1000 0 3
0.166667 0.170812 0.011784 200 207 1000 1014 1000 1000 0 3
0.166667 0.167731 0.011918 200 188 1000 997 1000 1000 0 3
0.166667 0.180508 0.012146 200 198 1000 997 1000 1000 0 3
0.166667 0.164551 0.011606 200 205 1000 1037 1000 1000 0 3
0.166667 0.169830 0.011887 200 199 1000 1007 1000 1000 0 3
0.166667 0.168885 0.011936 200 213 1000 1042 1000 1000 0 3
0.166667 0.170600 0.012082 200 217 1000 993 1000 1000 0 3
0.166667 0.188647 0.012309 200 226 1000 979 1000 1000 0 3
0.166667 0.169526 0.011595 200 192 1000 1026 1000 1000 0 3
0.166667 0.185377 0.012018 200 212 1000 1003 1000 1000 0 3
0.166667 0.171809 0.011541 200 203 1000 1041 1000 1000 0 3
0.166667 0.162971 0.011391 200 193 1000 1047 1000 1000 0 3
0.166667 0.185265 0.012528 200 220 1000 966 1000 1000 0 3
0.166667 0.187188 0.011974 200 209 1000 1043 1000 1000 0 3
0.166667 0.176783 0.011701 200 213 1000 1030 1000 1000 0 3
0.166667 0.204979 0.012952 200 238 1000 967 1000 1000 0 3
0.166667 0.153916 0.011826 200 184 1000 983 1000 1000 0 3
0.166667 0.163504 0.011979 200 192 1000 993 1000 1000 0 3
0.166667 0.170734 0.011516 200 212 1000 1057 1000 1000 0 3
0.166667 0.176359 0.012341 200 192 1000 928 1000 1000 0 3
0.166667 0.196899 0.012626 200 223 1000 971 1000 1000 0 3
0.166667 0.178869 0.012176 200 203 1000 996 1000 1000 0 3
0.166667 0.165271 0.012007 200 186 1000 976 1000 1000 0 3
0.166667 0.173486 0.012129 200 207 1000 977 1000 1000 0 3
0.166667 0.175196 0.011980 200 186 1000 1000 1000 1000 0 3
0.166667 0.179391 0.012295 200 210 1000 995 1000 1000 0 3
0.166667 0.173450 0.011825 200 203 1000 1026 1000 1000 0 3
0.166667 0.177155 0.011770 200 207 1000 1034 1000 1000 0 3
0.166667 0.171738 0.012227 200 199 1000 974 1000 1000 0 3
0.166667 0.190593 0.012420 200 206 1000 972 1000 1000 0 3
0.166667 0.155367 0.011274 200 194 1000 1055 1000 1000 0 3
0.166667 0.154030 0.011312 200 171 1000 1004 1000 1000 0 3
0.166667 0.172411 0.012299 200 192 1000 941 1000 1000 0 3
0.166667 0.169949 0.011911 200 196 1000 1000 1000 1000 0 3
0.166667 0.174450 0.012250 200 198 1000 961 1000 1000 0 3
0.166667 0.171537 0.012129 200 198 1000 981 1000 1000 0 3
0.166667 0.172942 0.012373 200 202 1000 929 1000 1000 0 3
0.166667 0.177619 0.012509 200 218 1000 958 1000 1000 0 3
0.166667 0.163954 0.011693 200 197 1000 1013 1000 1000 0 3
0.166667 0.149646 0.011537 200 196 1000 1013 1000 1000 0 3
0.166667 0.146429 0.011102 200 181 1000 1076 1000 1000 0 3
0.166667 0.164798 0.011446 200 203 1000 1028 1000 1000 0 3
0.166667 0.148845 0.011207 200 187 1000 1056 1000 1000 0 3
0.166667 0.157357 0.011581 200 194 1000 1031 1000 1000 0 3
0.166667 0.187887 0.012225 200 219 1000 987 1000 1000 0 3
0.166667 0.175087 0.012061 200 185 1000 975 1000 1000 0 3
0.166667 0.160007 0.011726 200 198 1000 1038 1000 1000 0 3
0.166667 0.164310 0.011631 200 208 1000 1027 1000 1000 0 3
0.166667 0.167651 0.011722 200 204 1000 1038 1000 1000 0 3
0.166667 0.158992 0.011851 200 189 1000 992 1000 1000 0 3
0.166667 0.171440 0.011972 200 211 1000 990 1000 1000 0 3
0.166667 0.144600 0.010930 200 175 1000 1046 1000 1000 0 3
0.166667 0.175827 0.012083 200 190 1000 963 1000 1000 0 3
0.166667 0.163254 0.011720 200 204 1000 1005 1000 1000 0 3
0.166667 0.175151 0.011991 200 186 1000 974 1000 1000 0 3
0.166667 0.177879 0.011901 200 204 1000 989 1000 1000 0 3
0.166667 0.154922 0.011998 200 187 1000 959 1000 1000 0 3
0.166667 0.201053 0.012634 200 211 1000 982 1000 1000 0 3
0.166667 0.165515 0.011608 200 198 1000 1000 1000 1000 0 3
0.166667 0.175860 0.011753 200 197 1000 993 1000 1000 0 3
0.166667 0.195585 0.012029 200 246 1000 1068 1000 1000 0 3
0.166667 0.154444 0.011155 200 175 1000 1025 1000 1000 0 3
0.166667 0.184280 0.011937 200 217 1000 1005 1000 1000 0 3
0.166667 0.156756 0.011628 200 186 1000 1033 1000 1000 0 3
0.166667 0.190393 0.012404 200 202 1000 954 1000 1000 0 3
0.166667 0.186138 0.012614 200 210 1000 960 1000 1000 0 3
0.166667 0.193959 0.012417 200 227 1000 1001 1000 1000 0 3
0.166667 0.147982 0.011461 200 178 1000 1031 1000 1000 0 3
0.166667 0.157605 0.011361 200 190 1000 1035 1000 1000 0 3
0.166667 0.162667 0.011899 200 178 1000 979 1000 1000 0 3
0.166667 0.144958 0.011444 200 178 1000 976 1000 1000 0 3
0.166667 0.180752 0.012058 200 207 1000 1008 1000 1000 0 3
0.166667 0.156791 0.011421 200 180 1000 1016 1000 1000 0 3
0.166667 0.167341 0.011832 200 207 1000 1014 1000 1000 0 3
0.166667 0.142519 0.011233 200 175 1000 1006 1000 1000 0 3
0.166667 0.186422 0.012263 200 214 1000 978 1000 1000 0 3
0.166667 0.172149 0.011879 200 195 1000 994 1000 1000 0 3
0.166667 0.162626 0.011451 200 194 1000 1041 1000 1000 0 3
0.166667 0.184432 0.012238 200 220 1000 1000 1000 1000 0 3
0.166667 0.164462 0.012099 200 204 1000 989 1000 1000 0 3
0.166667 0.185529 0.012337 200 225 1000 979 1000 1000 0 3
0.166667 0.176324 0.012026 200 199 1000 1003 1000 1000 0 3
0.166667 0.191036 0.012394 200 207 1000 954 1000 1000 0 3
0.166667 0.140734 0.011320 200 180 1000 1026 1000 1000 0 3
0.166667 0.181712 0.012148 200 202 1000 971 1000 1000 0 3
0.166667 0.178732 0.011679 200 220 1000 1051 1000 1000 0 3
0.166667 0.134629 0.011550 200 176 1000 999 1000 1000 0 3
0.166667 0.185796 0.012338 200 213 1000 981 1000 1000 0 3
0.166667 0.153802 0.011223 200 189 1000 1076 1000 1000 0 3
0.166667 0.169273 0.011724 200 197 1000 1023 1000 1000 0 3
0.166667 0.177250 0.011988 200 206 1000 997 1000 1000 0 3
0.166667 0.170851 0.012207 200 200 1000 963 1000 1000 0 3
0.166667 0.164235 0.011651 200 192 1000 1012 1000 1000 0 3
0.166667 0.177570 0.011954 200 200 1000 991 1000 1000 0 3
0.166667 0.150479 0.011630 200 177 1000 982 1000 1000 0 3
0.166667 0.192232 0.012576 200 214 1000 943 1000 1000 0 3
0.166667 0.160511 0.011780 200 183 1000 1003 1000 1000 0 3
0.166667 0.190475 0.012479 200 215 1000 962 1000 1000 0 3
0.166667 0.166802 0.011519 200 192 1000 1022 1000 1000 0 3
0.166667 0.174230 0.011846 200 206 1000 1020 1000 1000 0 3
0.166667 0.183912 0.012075 200 207 1000 1000 1000 1000 0 3
0.166667 0.149646 0.011541 200 182 1000 1018 1000 1000 0 3
0.166667 0.163168 0.011971 200 182 1000 979 1000 1000 0 3
0.166667 0.163508 0.011684 200 185 1000 1031 1000 1000 0 3
0.166667 0.180223 0.012179 200 213 1000 1004 1000 1000 0 3
0.166667 0.166921 0.012140 200 188 1000 955 1000 1000 0 3
0.166667 0.154728 0.011568 200 197 1000 1030 1000 1000 0 3
0.166667 0.178614 0.012276 200 208 1000 968 1000 1000 0 3
0.166667 0.156862 0.011772 200 201 1000 1012 1000 1000 0 3
0.166667 0.193598 0.012721 200 208 1000 931 1000 1000 0 3
0.166667 0.176630 0.011964 200 199 1000 984 1000 1000 0 3
0.166667 0.164625 0.012024 200 201 1000 1009 1000 1000 0 3
0.166667 0.195908 0.012457 200 226 1000 994 1000 1000 0 3
0.166667 0.185111 0.012133 200 232 1000 1015 1000 1000 0 3
0.166667 0.169177 0.012098 200 189 1000 971 1000 1000 0 3
0.166667 0.153986 0.011388 200 189 1000 1009 1000 1000 0 3
0.166667 0.180025 0.011870 200 235 1000 1039 1000 1000 0 3
0.166667 0.159044 0.011674 200 202 1000 1038 1000 1000 0 3
0.166667 0.149711 0.011441 200 173 1000 1023 1000 1000 0 3
0.166667 0.190461 0.012172 200 217 1000 992 1000 1000 0 3
0.166667 0.157358 0.011922 200 197 1000 990 1000 1000 0 3
0.166667 0.152478 0.011298 200 183 1000 1030 1000 1000 0 3
0.166667 0.173846 0.012134 200 205 1000 978 1000 1000 0 3
0.166667 0.157808 0.011752 200 185 1000 983 1000 1000 0 3
0.166667 0.165525 0.011595 200 204 1000 1021 1000 1000 0 3
0.166667 0.156804 0.011434 200 179 1000 1014 1000 1000 0 3
0.166667 0.174176 0.011940 200 205 1000 998 1000 1000 0 3
0.166667 0.151433 0.011623 200 196 1000 1011 1000 1000 0 3
0.166667 0.174450 0.012026 200 208 1000 998 1000 1000 0 3
0.166667 0.178847 0.012543 200 203 1000 955 1000 1000 0 3
0.166667 0.162462 0.012041 200 182 1000 974 1000 1000 0 3
0.166667 0.182571 0.012182 200 210 1000 999 1000 1000 0 3
0.166667 0.163081 0.011088 200 207 1000 1112 1000 1000 0 3
0.166667 0.187169 0.012223 200 214 1000 977 1000 1000 0 3
0.166667 0.167073 0.011788 200 196 1000 980 1000 1000 0 3
0.166667 0.195401 0.012539 200 215 1000 957 1000 1000 0 3
0.166667 0.176867 0.011791 200 211 1000 1026 1000 1000 0 3
0.166667 0.171796 0.011934 200 201 1000 988 1000 1000 0 3
0.166667 0.166217 0.011596 200 202 1000 1018 1000 1000 0 3
0.166667 0.168516 0.011929 200 192 1000 989 1000 1000 0 3
0.166667 0.167353 0.011678 200 195 1000 1009 1000 1000 0 3
0.166667 0.160764 0.011516 200 184 1000 1004 1000 1000 0 3
0.166667 0.157035 0.011984 200 174 1000 967 1000 1000 0 3
0.166667 0.145336 0.011059 200 186 1000 1069 1000 1000 0 3
0.166667 0.163750 0.011808 200 197 1000 1007 1000 1000 0 3
0.166667 0.167811 0.012097 200 205 1000 1001 1000 1000 0 3
0.166667 0.169462 0.011833 200 192 1000 1010 1000 1000 0 3
0.166667 0.173847 0.011886 200 192 1000 1008 1000 1000 0 3
0.166667 0.158413 0.011791 200 192 1000 1006 1000 1000 0 3
0.166667 0.168218 0.012291 200 200 1000 961 1000 1000 0 3
0.166667 0.151004 0.011829 200 183 1000 989 1000 1000 0 3
0.166667 0.178626 0.012161 200 203 1000 974 1000 1000 0 3
0.166667 0.186553 0.012409 200 212 1000 964 1000 1000 0 3
0.166667 0.155250 0.011955 200 194 1000 968 1000 1000 0 3
0.166667 0.171958 0.011711 200 207 1000 1015 1000 1000 0 3
0.166667 0.172993 0.011887 200 203 1000 1007 1000 1000 0 3
0.166667 0.178643 0.011985 200 218 1000 1040 1000 1000 0 3
0.166667 0.181189 0.011861 200 221 1000 1037 1000 1000 0 3
0.166667 0.168353 0.011345 200 208 1000 1099 1000 1000 0 3
0.166667 0.172331 0.012242 200 190 1000 955 1000 1000 0 3
0.166667 0.160049 0.011596 200 171 1000 999 1000 1000 0 3
0.166667 0.164035 0.012252 200 177 1000 947 1000 1000 0 3
0.166667 0.160022 0.011778 200 185 1000 1019 1000 1000 0 3
0.166667 0.169313 0.011812 200 194 1000 1009 1000 1000 0 3
0.166667 0.165282 0.011549 200 196 1000 1018 1000 1000 0 3
0.166667 0.186914 0.012391 200 209 1000 1023 1000 1000 0 3
0.166667 0.162456 0.011693 200 187 1000 972 1000 1000 0 3
0.166667 0.159995 0.011829 200 174 1000 972 1000 1000 0 3
0.166667 0.168517 0.011652 200 215 1000 1028 1000 1000 0 3
0.166667 0.172132 0.012134 200 189 1000 941 1000 1000 0 3
0.166667 0.163192 0.011647 200 183 1000 1008 1000 1000 0 3
0.166667 0.161031 0.011608 200 200 1000 1032 1000 1000 0 3
0.166667 0.149624 0.011591 200 180 1000 1011 1000 1000 0 3
0.166667 0.194992 0.012697 200 213 1000 944 1000 1000 0 3
0.166667 0.159678 0.011609 200 190 1000 1035 1000 1000 0 3
0.166667 0.161355 0.011544 200 188 1000 1037 1000 1000 0 3
0.166667 0.161741 0.011518 200 192 1000 1036 1000 1000 0 3
0.166667 0.166176 0.011875 200 199 1000 1005 1000 1000 0 3
0.166667 0.162587 0.011653 200 199 1000 1014 1000 1000 0 3
0.166667 0.154046 0.011625 200 186 1000 1002 1000 1000 0 3
0.166667 0.159229 0.011479 200 199 1000 1049 1000 1000 0 3
0.166667 0.164281 0.012376 200 187 1000 942 1000 1000 0 3
0.166667 0.157637 0.011612 200 193 1000 1027 1000 1000 0 3
0.166667 0.181703 0.011901 200 223 1000 1007 1000 1000 0 3
0.166667 0.156075 0.011776 200 182 1000 980 1000 1000 0 3
0.166667 0.160294 0.011538 200 202 1000 1036 1000 1000 0 3
0.166667 0.148049 0.011444 200 170 1000 999 1000 1000 0 3
0.166667 0.162129 0.011647 200 206 1000 1054 1000 1000 0 3
0.166667 0.172307 0.012010 200 196 1000 984 1000 1000 0 3
0.166667 0.178219 0.012220 200 226 1000 1016 1000 1000 0 3
0.166667 0.163825 0.012054 200 194 1000 962 1000 1000 0 3
0.166667 0.177586 0.012122 200 197 1000 954 1000 1000 0 3
0.166667 0.176615 0.012160 200 216 1000 977 1000 1000 0 3
0.166667 0.183347 0.012160 200 214 1000 1005 1000 1000 0 3
0.166667 0.174159 0.011985 200 203 1000 988 1000 1000 0 3
0.166667 0.162507 0.011976 200 188 1000 976 1000 1000 0 3
0.166667 0.137451 0.011658 200 175 1000 1013 1000 1000 0 3
0.166667 0.162205 0.011816 200 218 1000 1012 1000 1000 0 3
0.166667 0.178450 0.012524 200 210 1000 957 1000 1000 0 3
0.166667 0.180819 0.012364 200 214 1000 946 1000 1000 0 3
0.166667 0.165787 0.011840 200 193 1000 1011 1000 1000 0 3
0.166667 0.178242 0.011850 200 202 1000 1023 1000 1000 0 3
0.166667 0.176037 0.011881 200 207 1000 1036 1000 1000 0 3
0.166667 0.184979 0.012478 200 201 1000 942 1000 1000 0 3
0.166667 0.166287 0.011794 200 190 1000 1014 1000 1000 0 3
0.166667 0.145279 0.011786 200 172 1000 1000 1000 1000 0 3
0.166667 0.149401 0.011760 200 188 1000 1001 1000 1000 0 3
0.166667 0.149853 0.011534 200 181 1000 1012 1000 1000 0 3
0.166667 0.166051 0.011756 200 182 1000 1000 1000 1000 0 3
0.166667 0.185868 0.012144 200 211 1000 1006 1000 1000 0 3
0.166667 0.161494 0.011759 200 196 1000 1004 1000 1000 0 3
0.166667 0.175468 0.012046 200 198 1000 981 1000 1000 0 3
0.166667 0.164379 0.011299 200 200 1000 1041 1000 1000 0 3
0.166667 0.172588 0.011921 200 200 1000 978 1000 1000 0 3
0.166667 0.168225 0.011843 200 218 1000 1007 1000 1000 0 3
0.166667 0.158977 0.011425 200 190 1000 1034 1000 1000 0 3
0.166667 0.149591 0.011885 200 181 1000 990 1000 1000 0 3
0.166667 0.162480 0.011557 200 206 1000 1036 1000 1000 0 3
0.166667 0.183821 0.012340 200 225 1000 978 1000 1000 0 3
0.166667 0.177414 0.011909 200 211 1000 1027 1000 1000 0 3
0.166667 0.144295 0.011099 200 175 1000 1026 1000 1000 0 3
0.166667 0.165564 0.012120 200 179 1000 945 1000 1000 0 3
0.166667 0.172902 0.011994 200 190 1000 975 1000 1000 0 3
0.166667 0.174013 0.012110 200 208 1000 991 1000 1000 0 3
0.166667 0.161174 0.011466 200 190 1000 1034 1000 1000 0 3
0.166667 0.174195 0.011830 200 202 1000 1011 1000 1000 0 3
0.166667 0.163640 0.011720 200 200 1000 1000 1000 1000 0 3
0.166667 0.185620 0.012151 200 230 1000 1021 1000 1000 0 3
0.166667 0.175364 0.011863 200 216 1000 1026 1000 1000 0 3
0.166667 0.156816 0.011696 200 184 1000 1007 1000 1000 0 3
0.166667 0.169277 0.011712 200 183 1000 1023 1000 1000 0 3
0.166667 0.162100 0.011624 200 189 1000 985 1000 1000 0 3
0.166667 0.181241 0.012069 200 214 1000 988 1000 1000 0 3
0.166667 0.158376 0.011749 200 179 1000 1012 1000 1000 0 3
0.166667 0.159466 0.011462 200 186 1000 1031 1000 1000 0 3
0.166667 0.157884 0.011542 200 186 1000 1026 1000 1000 0 3
0.166667 0.181978 0.012175 200 212 1000 977 1000 1000 0 3
0.166667 0.175479 0.012121 200 200 1000 984 1000 1000 0 3
0.166667 0.161289 0.011933 200 199 1000 981 1000 1000 0 3
0.166667 0.175475 0.012202 200 199 1000 976 1000 1000 0 3
0.166667 0.158262 0.011865 200 200 1000 997 1000 1000 0 3
0.166667 0.164139 0.011627 200 201 1000 997 1000 1000 0 3
0.166667 0.190330 0.012309 200 206 1000 972 1000 1000 0 3
0.166667 0.131650 0.010854 200 163 1000 1021 1000 1000 0 3
0.166667 0.184300 0.012316 200 219 1000 958 1000 1000 0 3
0.166667 0.163136 0.011748 200 193 1000 1034 1000 1000 0 3
0.166667 0.160577 0.011593 200 196 1000 1041 1000 1000 0 3
0.166667 0.165112 0.012149 200 202 1000 993 1000 1000 0 3
0.166667 0.164535 0.012086 200 186 1000 972 1000 1000 0 3
0.166667 0.142849 0.011621 200 158 1000 976 1000 1000 0 3
0.166667 0.157587 0.011561 200 182 1000 995 1000 1000 0 3
0.166667 0.163045 0.011773 200 200 1000 1021 1000 1000 0 3
0.166667 0.160992 0.011849 200 201 1000 1010 1000 1000 0 3
0.166667 0.184586 0.012166 200 210 1000 981 1000 1000 0 3
0.166667 0.166666 0.011866 200 198 1000 1002 1000 1000 0 3
0.166667 0.189040 0.012406 200 211 1000 961 1000 1000 0 3
0.166667 0.155208 0.011546 200 178 1000 1007 1000 1000 0 3
0.166667 0.140497 0.010899 200 185 1000 1092 1000 1000 0 3
0.166667 0.163826 0.011472 200 197 1000 1027 1000 1000 0 3
0.166667 0.169874 0.011760 200 201 1000 1014 1000 1000 0 3
0.166667 0.145935 0.011831 200 176 1000 962 1000 1000 0 3
0.166667 0.176431 0.012050 200 213 1000 1004 1000 1000 0 3
0.166667 0.175680 0.011393 200 210 1000 1051 1000 1000 0 3
0.166667 0.163665 0.011938 200 189 1000 989 1000 1000 0 3
0.166667 0.148192 0.011380 200 183 1000 1025 1000 1000 0 3
0.166667 0.181382 0.011831 200 213 1000 1040 1000 1000 0 3
0.166667 0.182553 0.012303 200 186 1000 966 1000 1000 0 3
0.166667 0.185759 0.012004 200 221 1000 1027 1000 1000 0 3
0.166667 0.179341 0.012237 200 219 1000 980 1000 1000 0 3
0.166667 0.159227 0.011897 200 191 1000 997 1000 1000 0 3
0.166667 0.169237 0.011731 200 217 1000 1029 1000 1000 0 3
0.166667 0.184645 0.012217 200 220 1000 993 1000 1000 0 3
0.166667 0.156767 0.011799 200 174 1000 1002 1000 1000 0 3
0.166667 0.173524 0.011980 200 208 1000 998 1000 1000 0 3
0.166667 0.181832 0.012560 200 212 1000 962 1000 1000 0 3
0.166667 0.167322 0.012234 200 207 1000 957 1000 1000 0 3
0.166667 0.184811 0.012345 200 208 1000 944 1000 1000 0 3
0.166667 0.149904 0.011642 200 188 1000 987 1000 1000 0 3
0.166667 0.170662 0.012011 200 192 1000 978 1000 1000 0 3
0.166667 0.187907 0.012232 200 224 1000 996 1000 1000 0 3
0.166667 0.179009 0.012304 200 209 1000 967 1000 1000 0 3
0.166667 0.174491 0.012307 200 186 1000 974 1000 1000 0 3
0.166667 0.182306 0.011764 200 215 1000 1033 1000 1000 0 3
0.166667 0.168511 0.011831 200 191 1000 1014 1000 1000 0 3
0.166667 0.186487 0.012650 200 201 1000 930 1000 1000 0 3
0.166667 0.179488 0.011763 200 210 1000 1031 1000 1000 0 3
0.166667 0.192606 0.012411 200 219 1000 973 1000 1000 0 3
0.166667 0.161824 0.011869 200 188 1000 1019 1000 1000 0 3
0.166667 0.186289 0.011921 200 217 1000 1007 1000 1000 0 3
0.166667 0.168387 0.011999 200 208 1000 1010 1000 1000 0 3
0.166667 0.170845 0.012158 200 201 1000 969 1000 1000 0 3
0.166667 0.165038 0.012172 200 205 1000 979 1000 1000 0 3
0.166667 0.176946 0.012280 200 196 1000 975 1000 1000 0 3
0.166667 0.182656 0.011945 200 206 1000 996 1000 1000 0 3
0.166667 0.166177 0.011772 200 204 1000 993 1000 1000 0 3
0.166667 0.155264 0.011386 200 191 1000 1039 1000 1000 0 3
0.166667 0.165615 0.011798 200 193 1000 996 1000 1000 0 3
0.166667 0.182895 0.012158 200 223 1000 989 1000 1000 0 3
0.166667 0.158471 0.011490 200 193 1000 1006 1000 1000 0 3
0.166667 0.201470 0.012784 200 223 1000 940 1000 1000 0 3
0.166667 0.179893 0.011850 200 202 1000 1028 1000 1000 0 3
0.166667 0.173160 0.011865 200 190 1000 992 1000 1000 0 3
0.166667 0.169480 0.011787 200 195 1000 1023 1000 1000 0 3
0.166667 0.147587 0.011870 200 177 1000 976 1000 1000 0 3
0.166667 0.183387 0.012610 200 217 1000 948 1000 1000 0 3
0.166667 0.154273 0.011585 200 186 1000 994 1000 1000 0 3
0.166667 0.169767 0.011664 200 188 1000 1004 1000 1000 0 3
0.166667 0.178253 0.011569 200 213 1000 1045 1000 1000 0 3
0.166667 0.152790 0.011805 200 183 1000 983 1000 1000 0 3
0.166667 0.148495 0.011302 200 181 1000 1024 1000 1000 0 3
0.166667 0.153407 0.012068 200 180 1000 975 1000 1000 0 3
0.166667 0.179346 0.011770 200 223 1000 1036 1000 1000 0 3
0.166667 0.195052 0.012379 200 217 1000 994 1000 1000 0 3
0.166667 0.171522 0.012046 200 197 1000 974 1000 1000 0 3
0.166667 0.157656 0.011457 200 211 1000 1062 1000 1000 0 3
0.166667 0.154565 0.011461 200 182 1000 1023 1000 1000 0 3
0.166667 0.163858 0.011660 200 185 1000 1025 1000 1000 0 3
0.166667 0.136656 0.011688 200 185 1000 1025 1000 1000 0 3
0.166667 0.187188 0.012419 200 229 1000 995 1000 1000 0 3
0.166667 0.171731 0.011969 200 209 1000 1012 1000 1000 0 3
0.166667 0.173197 0.012063 200 194 1000 971 1000 1000 0 3
0.166667 0.155232 0.011543 200 192 1000 988 1000 1000 0 3
0.166667 0.170311 0.011504 200 208 1000 1049 1000 1000 0 3
0.166667 0.163634 0.011738 200 183 1000 1024 1000 1000 0 3
0.166667 0.171235 0.012125 200 197 1000 964 1000 1000 0 3
0.166667 0.158010 0.011369 200 200 1000 1075 1000 1000 0 3
0.166667 0.190760 0.012208 200 215 1000 985 1000 1000 0 3
0.166667 0.164722 0.012144 200 202 1000 992 1000 1000 0 3
0.166667 0.183152 0.012028 200 206 1000 984 1000 1000 0 3
0.166667 0.179456 0.012297 200 196 1000 941 1000 1000 0 3
0.166667 0.186291 0.012082 200 204 1000 1013 1000 1000 0 3
0.166667 0.178741 0.011905 200 218 1000 1021 1000 1000 0 3
0.166667 0.172751 0.012121 200 191 1000 961 1000 1000 0 3
0.166667 0.158683 0.011923 200 187 1000 990 1000 1000 0 3
0.166667 0.167176 0.011919 200 199 1000 965 1000 1000 0 3
0.166667 0.168080 0.011657 200 191 1000 1012 1000 1000 0 3
0.166667 0.182945 0.012486 200 210 1000 971 1000 1000 0 3
0.166667 0.148479 0.011450 200 190 1000 1039 1000 1000 0 3
0.166667 0.184864 0.012068 200 204 1000 995 1000 1000 0 3
0.166667 0.176238 0.011819 200 203 1000 996 1000 1000 0 3
0.166667 0.170193 0.012164 200 182 1000 965 1000 1000 0 3
0.166667 0.174017 0.011889 200 216 1000 1026 1000 1000 0 3
0.166667 0.140359 0.010821 200 163 1000 1044 1000 1000 0 3
0.166667 0.173340 0.012081 200 194 1000 967 1000 1000 0 3
0.166667 0.164197 0.012007 200 187 1000 1009 1000 1000 0 3
0.166667 0.160545 0.011824 200 197 1000 992 1000 1000 0 3
0.166667 0.166771 0.011722 200 205 1000 1043 1000 1000 0 3
0.166667 0.174617 0.012020 200 207 1000 988 1000 1000 0 3
0.166667 0.175878 0.012062 200 207 1000 999 1000 1000 0 3
0.166667 0.164817 0.011928 200 204 1000 975 1000 1000 0 3
0.166667 0.171578 0.011744 200 206 1000 1026 1000 1000 0 3
0.166667 0.180287 0.012286 200 210 1000 969 1000 1000 0 3
0.166667 0.159272 0.011773 200 175 1000 1007 1000 1000 0 3
0.166667 0.161154 0.011007 200 197 1000 1102 1000 1000 0 3
0.166667 0.148846 0.011409 200 192 1000 1033 1000 1000 0 3
0.166667 0.169376 0.012071 200 201 1000 1003 1000 1000 0 3
0.166667 0.192273 0.012430 200 224 1000 986 1000 1000 0 3
0.166667 0.174864 0.011954 200 191 1000 975 1000 1000 0 3
0.166667 0.138486 0.011251 200 169 1000 1005 1000 1000 0 3
0.166667 0.147279 0.011276 200 179 1000 1042 1000 1000 0 3
0.166667 0.170078 0.011892 200 205 1000 1003 1000 1000 0 3
0.166667 0.171772 0.011645 200 200 1000 1044 1000 1000 0 3
0.166667 0.144304 0.011405 200 178 1000 995 1000 1000 0 3
0.166667 0.164065 0.011824 200 182 1000 969 1000 1000 0 3
0.166667 0.166012 0.011667 200 194 1000 1022 1000 1000 0 3
0.166667 0.160089 0.011479 200 192 1000 1024 1000 1000 0 3
0.166667 0.181863 0.012058 200 214 1000 1013 1000 1000 0 3
0.166667 0.160038 0.011463 200 184 1000 1028 1000 1000 0 3
0.166667 0.190727 0.012090 200 231 1000 1013 1000 1000 0 3
0.166667 0.159451 0.011700 200 197 1000 1010 1000 1000 0 3
0.166667 0.168467 0.011760 200 193 1000 1034 1000 1000 0 3
0.166667 0.168023 0.011684 200 209 1000 1035 1000 1000 0 3
0.166667 0.179912 0.012058 200 219 1000 1006 1000 1000 0 3
0.166667 0.164009 0.012152 200 184 1000 954 1000 1000 0 3
0.166667 0.145164 0.010989 200 182 1000 1067 1000 1000 0 3
0.166667 0.192542 0.012549 200 201 1000 970 1000 1000 0 3
0.166667 0.179828 0.012030 200 203 1000 997 1000 1000 0 3
0.166667 0.158712 0.011498 200 190 1000 1026 1000 1000 0 3
0.166667 0.177046 0.012070 200 204 1000 983 1000 1000 0 3
0.166667 0.171494 0.011932 200 202 1000 999 1000 1000 0 3
0.166667 0.180417 0.011932 200 216 1000 1020 1000 1000 0 3
0.166667 0.169638 0.012116 200 189 1000 988 1000 1000 0 3
0.166667 0.168378 0.011920 200 213 1000 991 1000 1000 0 3
0.166667 0.182390 0.012171 200 208 1000 1007 1000 1000 0 3
0.166667 0.172396 0.011769 200 213 1000 1055 1000 1000 0 3
0.166667 0.170419 0.011851 200 204 1000 981 1000 1000 0 3
0.166667 0.135305 0.011739 200 173 1000 955 1000 1000 0 3
0.166667 0.161375 0.011846 200 194 1000 988 1000 1000 0 3
0.166667 0.171730 0.011537 200 194 1000 1038 1000 1000 0 3
0.166667 0.155988 0.011778 200 189 1000 993 1000 1000 0 3
0.166667 0.184787 0.012205 200 226 1000 1027 1000 1000 0 3
0.166667 0.161803 0.011571 200 201 1000 1021 1000 1000 0 3
0.166667 0.173591 0.012088 200 204 1000 986 1000 1000 0 3
0.166667 0.149831 0.011464 200 186 1000 1025 1000 1000 0 3
0.166667 0.175146 0.011537 200 220 1000 1057 1000 1000 0 3
0.166667 0.151102 0.011576 200 183 1000 963 1000 1000 0 3
0.166667 0.179068 0.011930 200 214 1000 999 1000 1000 0 3
0.166667 0.151451 0.011630 200 192 1000 981 1000 1000 0 3
0.166667 0.194114 0.012437 200 218 1000 983 1000 1000 0 3
0.166667 0.179287 0.011956 200 212 1000 1001 1000 1000 0 3
0.166667 0.151032 0.011253 200 174 1000 1058 1000 1000 0 3
0.166667 0.169171 0.011917 200 190 1000 1005 1000 1000 0 3
0.166667 0.168536 0.011906 200 191 1000 980 1000 1000 0 3
0.166667 0.183531 0.012184 200 215 1000 986 1000 1000 0 3
0.166667 0.163759 0.011807 200 191 1000 1034 1000 1000 0 3
0.166667 0.162693 0.011619 200 200 1000 1032 1000 1000 0 3
0.166667 0.163162 0.011743 200 193 1000 1040 1000 1000 0 3
0.166667 0.164828 0.011900 200 183 1000 1010 1000 1000 0 3
0.166667 0.168978 0.012057 200 203 1000 985 1000 1000 0 3
0.166667 0.155801 0.011874 200 188 1000 984 1000 1000 0 3
0.166667 0.186201 0.011985 200 220 1000 998 1000 1000 0 3
0.166667 0.183797 0.012389 200 202 1000 945 1000 1000 0 3
0.166667 0.167542 0.011957 200 193 1000 1004 1000 1000 0 3
0.166667 0.184877 0.012054 200 213 1000 988 1000 1000 0 3
0.166667 0.167724 0.011846 200 221 1000 1054 1000 1000 0 3
0.166667 0.186222 0.012120 200 223 1000 1005 1000 1000 0 3
0.166667 0.193550 0.012023 200 239 1000 1040 1000 1000 0 3
0.166667 0.168287 0.011778 200 199 1000 1020 1000 1000 0 3
0.166667 0.157413 0.011604 200 198 1000 1018 1000 1000 0 3
0.166667 0.150968 0.011769 200 183 1000 969 1000 1000 0 3
0.166667 0.175459 0.012345 200 201 1000 970 1000 1000 0 3
0.166667 0.154210 0.011912 200 175 1000 983 1000 1000 0 3
0.166667 0.154095 0.011961 200 184 1000 973 1000 1000 0 3
0.166667 0.163379 0.011942 200 182 1000 993 1000 1000 0 3
0.166667 0.167768 0.012081 200 189 1000 974 1000 1000 0 3
0.166667 0.175366 0.011984 200 203 1000 1003 1000 1000 0 3
0.166667 0.159724 0.011297 200 188 1000 1049 1000 1000 0 3
0.166667 0.169397 0.011780 200 210 1000 1033 1000 1000 0 3
0.166667 0.157893 0.011673 200 190 1000 1019 1000 1000 0 3
0.166667 0.174027 0.012060 200 201 1000 988 1000 1000 0 3
0.166667 0.151011 0.011412 200 190 1000 1054 1000 1000 0 3
0.166667 0.184947 0.012398 200 207 1000 959 1000 1000 0 3
0.166667 0.160154 0.011884 200 199 1000 986 1000 1000 0 3
0.166667 0.202011 0.012937 200 222 1000 929 1000 1000 0 3
0.166667 0.157195 0.011690 200 197 1000 1013 1000 1000 0 3
0.166667 0.165432 0.011462 200 208 1000 1034 1000 1000 0 3
0.166667 0.176204 0.012314 200 199 1000 974 1000 1000 0 3
0.166667 0.183662 0.012519 200 201 1000 962 1000 1000 0 3
0.166667 0.168172 0.011877 200 189 1000 973 1000 1000 0 3
0.166667 0.165534 0.012135 200 187 1000 978 1000 1000 0 3
0.166667 0.163355 0.011748 200 184 1000 1014 1000 1000 0 3
0.166667 0.156072 0.011463 200 195 1000 1044 1000 1000 0 3
0.166667 0.185038 0.012257 200 215 1000 990 1000 1000 0 3
0.166667 0.174849 0.011689 200 207 1000 1005 1000 1000 0 3
0.166667 0.165992 0.011761 200 205 1000 1030 1000 1000 0 3
0.166667 0.173049 0.011706 200 209 1000 1019 1000 1000 0 3
0.166667 0.130039 0.011149 200 177 1000 1058 1000 1000 0 3
0.166667 0.179214 0.012450 200 195 1000 964 1000 1000 0 3
0.166667 0.194843 0.012748 200 237 1000 972 1000 1000 0 3
0.166667 0.158027 0.011608 200 191 1000 1017 1000 1000 0 3
0.166667 0.168979 0.012124 200 209 1000 972 1000 1000 0 3
0.166667 0.188230 0.012383 200 189 1000 962 1000 1000 0 3
0.166667 0.175163 0.011978 200 205 1000 965 1000 1000 0 3
0.166667 0.167378 0.011838 200 199 1000 1040 1000 1000 0 3
0.166667 0.157921 0.011961 200 187 1000 981 1000 1000 0 3
0.166667 0.186187 0.012256 200 210 1000 973 1000 1000 0 3
0.166667 0.167912 0.011979 200 183 1000 969 1000 1000 0 3
0.166667 0.192466 0.012262 200 212 1000 989 1000 1000 0 3
0.166667 0.178219 0.012031 200 210 1000 1019 1000 1000 0 3
0.166667 0.161569 0.011462 200 189 1000 1036 1000 1000 0 3
0.166667 0.174477 0.011843 200 194 1000 1016 1000 1000 0 3
0.166667 0.161306 0.011591 200 203 1000 1033 1000 1000 0 3
0.166667 0.169357 0.012219 200 198 1000 982 1000 1000 0 3
0.166667 0.195455 0.012202 200 217 1000 987 1000 1000 0 3
0.166667 0.158089 0.011614 200 203 1000 1069 1000 1000 0 3
0.166667 0.201649 0.012345 200 231 1000 961 1000 1000 0 3
0.166667 0.172994 0.011525 200 204 1000 1053 1000 1000 0 3
0.166667 0.181069 0.012029 200 215 1000 1013 1000 1000 0 3
0.166667 0.178570 0.011900 200 214 1000 1028 1000 1000 0 3
0.166667 0.167156 0.011942 200 192 1000 967 1000 1000 0 3
0.166667 0.173448 0.011716 200 198 1000 1030 1000 1000 0 3
0.166667 0.181745 0.012278 200 204 1000 964 1000 1000 0 3
0.166667 0.176204 0.012141 200 206 1000 971 1000 1000 0 3
0.166667 0.174488 0.011705 200 219 1000 1029 1000 1000 0 3
0.166667 0.197420 0.012323 200 229 1000 955 1000 1000 0 3
0.166667 0.169830 0.011605 200 210 1000 1040 1000 1000 0 3
0.166667 0.157646 0.011546 200 173 1000 1031 1000 1000 0 3
0.166667 0.136844 0.010978 200 177 1000 1043 1000 1000 0 3
0.166667 0.171874 0.011721 200 198 1000 1040 1000 1000 0 3
0.166667 0.174287 0.012269 200 210 1000 967 1000 1000 0 3
0.166667 0.133400 0.010871 200 151 1000 1041 1000 1000 0 3
0.166667 0.164895 0.011448 200 203 1000 1048 1000 1000 0 3
0.166667 0.175030 0.012092 200 217 1000 1000 1000 1000 0 3
0.166667 0.156132 0.011811 200 187 1000 994 1000 1000 0 3
0.166667 0.165835 0.011944 200 192 1000 999 1000 1000 0 3
0.166667 0.171099 0.012172 200 201 1000 974 1000 1000 0 3
0.166667 0.174785 0.012186 200 189 1000 980 1000 1000 0 3
0.166667 0.168707 0.011911 200 189 1000 984 1000 1000 0 3
0.166667 0.168924 0.012098 200 190 1000 973 1000 1000 0 3
0.166667 0.191057 0.012251 200 232 1000 1000 1000 1000 0 3
0.166667 0.168155 0.011642 200 196 1000 1018 1000 1000 0 3
0.166667 0.169872 0.011692 200 204 1000 1029 1000 1000 0 3
0.166667 0.182992 0.011972 200 219 1000 1002 1000 1000 0 3
0.166667 0.168592 0.012076 200 192 1000 960 1000 1000 0 3
0.166667 0.154558 0.011315 200 190 1000 1045 1000 1000 0 3
0.166667 0.186761 0.012087 200 217 1000 1017 1000 1000 0 3
0.166667 0.188721 0.012673 200 230 1000 968 1000 1000 0 3
0.166667 0.183856 0.012307 200 211 1000 982 1000 1000 0 3
0.166667 0.170767 0.011848 200 207 1000 1025 1000 1000 0 3
0.166667 0.173369 0.012017 200 198 1000 982 1000 1000 0 3
0.166667 0.154590 0.011984 200 187 1000 975 1000 1000 0 3
0.166667 0.156421 0.011704 200 177 1000 1009 1000 1000 0 3
0.166667 0.167437 0.011925 200 197 1000 979 1000 1000 0 3
0.166667 0.142924 0.011248 200 194 1000 1042 1000 1000 0 3
0.166667 0.169995 0.012103 200 200 1000 956 1000 1000 0 3
0.166667 0.174275 0.012204 200 195 1000 965 1000 1000 0 3
0.166667 0.173789 0.012226 200 197 1000 997 1000 1000 0 3
0.166667 0.156917 0.011604 200 193 1000 1016 1000 1000 0 3
0.166667 0.158636 0.011697 200 212 1000 1021 1000 1000 0 3
0.166667 0.168228 0.011922 200 196 1000 970 1000 1000 0 3
0.166667 0.175324 0.011959 200 191 1000 1012 1000 1000 0 3
0.166667 0.189368 0.012249 200 212 1000 968 1000 1000 0 3
0.166667 0.210559 0.012456 200 231 1000 994 1000 1000 0 3
0.166667 0.169867 0.012018 200 192 1000 972 1000 1000 0 3
0.166667 0.190511 0.012153 200 226 1000 1015 1000 1000 0 3
0.166667 0.172574 0.012106 200 199 1000 991 1000 1000 0 3
0.166667 0.179065 0.012019 200 210 1000 1023 1000 1000 0 3
0.166667 0.169727 0.011753 200 197 1000 1011 1000 1000 0 3
0.166667 0.159955 0.011507 200 172 1000 989 1000 1000 0 3
0.166667 0.174433 0.011851 200 203 1000 1006 1000 1000 0 3
0.166667 0.155512 0.011572 200 185 1000 1024 1000 1000 0 3
0.166667 0.169162 0.011933 200 196 1000 957 1000 1000 0 3
0.166667 0.174211 0.011865 200 184 1000 996 1000 1000 0 3
0.166667 0.175516 0.012316 200 199 1000 967 1000 1000 0 3
0.166667 0.177974 0.012036 200 196 1000 966 1000 1000 0 3
0.166667 0.181861 0.012378 200 220 1000 971 1000 1000 0 3
0.166667 0.182747 0.012171 200 217 1000 977 1000 1000 0 3
0.166667 0.153567 0.011054 200 196 1000 1079 1000 1000 0 3
0.166667 0.171187 0.011831 200 202 1000 996 1000 1000 0 3
0.166667 0.184667 0.011940 200 225 1000 1027 1000 1000 0 3
0.166667 0.177254 0.012131 200 202 1000 972 1000 1000 0 3
0.166667 0.169991 0.012033 200 192 1000 974 1000 1000 0 3
0.166667 0.180217 0.012303 200 215 1000 953 1000 1000 0 3
0.166667 0.189823 0.012213 200 222 1000 1002 1000 1000 0 3
0.166667 0.150237 0.011628 200 169 1000 975 1000 1000 0 3
0.166667 0.165854 0.011771 200 176 1000 996 1000 1000 0 3
0.166667 0.175505 0.011777 200 221 1000 1037 1000 1000 0 3
0.166667 0.164728 0.011507 200 201 1000 1042 1000 1000 0 3
0.166667 0.177022 0.012095 200 202 1000 977 1000 1000 0 3
0.166667 0.158442 0.011583 200 200 1000 1042 1000 1000 0 3
0.166667 0.147137 0.011033 200 190 1000 1083 1000 1000 0 3
0.166667 0.176092 0.012052 200 232 1000 1021 1000 1000 0 3
0.166667 0.157126 0.011219 200 203 1000 1080 1000 1000 0 3
0.166667 0.163395 0.011974 200 186 1000 975 1000 1000 0 3
0.166667 0.158792 0.011506 200 203 1000 1055 1000 1000 0 3
0.166667 0.171824 0.011668 200 200 1000 1012 1000 1000 0 3
0.166667 0.149104 0.011600 200 179 1000 988 1000 1000 0 3
0.166667 0.175584 0.012501 200 194 1000 972 1000 1000 0 3
0.166667 0.157316 0.011855 200 175 1000 957 1000 1000 0 3
0.166667 0.197223 0.012509 200 213 1000 959 1000 1000 0 3
0.166667 0.164098 0.011544 200 186 1000 1033 1000 1000 0 3
0.166667 0.173853 0.012069 200 194 1000 974 1000 1000 0 3
0.166667 0.183225 0.012310 200 227 1000 988 1000 1000 0 3
0.166667 0.146405 0.011795 200 176 1000 970 1000 1000 0 3
0.166667 0.168749 0.012000 200 194 1000 980 1000 1000 0 3
0.166667 0.172489 0.011789 200 196 1000 1025 1000 1000 0 3
0.166667 0.175628 0.012485 200 198 1000 956 1000 1000 0 3
0.166667 0.164645 0.011827 200 201 1000 1016 1000 1000 0 3
0.166667 0.167638 0.012162 200 188 1000 967 1000 1000 0 3
0.166667 0.173090 0.011974 200 211 1000 996 1000 1000 0 3
0.166667 0.166899 0.011810 200 192 1000 991 1000 1000 0 3
0.166667 0.180652 0.011953 200 212 1000 1022 1000 1000 0 3
0.166667 0.147713 0.010903 200 202 1000 1114 1000 1000 0 3
0.166667 0.184340 0.012333 200 221 1000 976 1000 1000 0 3
0.166667 0.176132 0.012109 200 202 1000 1004 1000 1000 0 3
0.166667 0.184877 0.012263 200 207 1000 987 1000 1000 0 3
0.166667 0.178413 0.011889 200 202 1000 1011 1000 1000 0 3
0.166667 0.186227 0.012598 200 202 1000 956 1000 1000 0 3
0.166667 0.186768 0.012289 200 213 1000 968 1000 1000 0 3
0.166667 0.179172 0.012076 200 208 1000 995 1000 1000 0 3
0.166667 0.166161 0.011470 200 207 1000 1055 1000 1000 0 3
0.166667 0.192398 0.012192 200 228 1000 981 1000 1000 0 3
0.166667 0.168920 0.011960 200 211 1000 1011 1000 1000 0 3
0.166667 0.176414 0.012282 200 204 1000 978 1000 1000 0 3
0.166667 0.165023 0.011800 200 202 1000 1031 1000 1000 0 3
0.166667 0.180367 0.012457 200 221 1000 981 1000 1000 0 3
0.166667 0.172680 0.011507 200 230 1000 1063 1000 1000 0 3
0.166667 0.156771 0.011425 200 184 1000 1001 1000 1000 0 3
0.166667 0.176021 0.012039 200 206 1000 996 1000 1000 0 3
0.166667 0.184925 0.012394 200 208 1000 958 1000 1000 0 3
0.166667 0.137202 0.011152 200 179 1000 1068 1000 1000 0 3
0.166667 0.168118 0.011893 200 212 1000 1004 1000 1000 0 3
0.166667 0.152163 0.011584 200 192 1000 1024 1000 1000 0 3
0.166667 0.176238 0.012098 200 199 1000 979 1000 1000 0 3
0.166667 0.200902 0.012385 200 228 1000 968 1000 1000 0 3
0.166667 0.173757 0.011596 200 204 1000 1054 1000 1000 0 3
0.166667 0.183761 0.012127 200 206 1000 986 1000 1000 0 3
0.166667 0.174927 0.011981 200 207 1000 1010 1000 1000 0 3
0.166667 0.175370 0.011938 200 195 1000 970 1000 1000 0 3
0.166667 0.154823 0.011584 200 194 1000 1030 1000 1000 0 3
0.166667 0.166942 0.011514 200 195 1000 1050 1000 1000 0 3
0.166667 0.156554 0.011804 200 189 1000 976 1000 1000 0 3
0.166667 0.169681 0.011886 200 202 1000 1016 1000 1000 0 3
0.166667 0.177845 0.011814 200 219 1000 1039 1000 1000 0 3
0.166667 0.161017 0.011872 200 190 1000 982 1000 1000 0 3
0.166667 0.170795 0.011681 200 212 1000 1044 1000 1000 0 3
0.166667 0.188478 0.012432 200 209 1000 982 1000 1000 0 3
0.166667 0.176125 0.012084 200 214 1000 991 1000 1000 0 3
0.166667 0.159384 0.011704 200 191 1000 1017 1000 1000 0 3
0.166667 0.179559 0.012049 200 209 1000 1011 1000 1000 0 3
0.166667 0.174855 0.012131 200 205 1000 964 1000 1000 0 3
0.166667 0.157467 0.011607 200 186 1000 1010 1000 1000 0 3
0.166667 0.162758 0.011518 200 209 1000 1037 1000 1000 0 3
0.166667 0.149301 0.011772 200 188 1000 971 1000 1000 0 3
0.166667 0.180526 0.012168 200 209 1000 996 1000 1000 0 3
0.166667 0.183263 0.012236 200 214 1000 969 1000 1000 0 3
0.166667 0.169877 0.012157 200 187 1000 1008 1000 1000 0 3
0.166667 0.190136 0.012671 200 224 1000 972 1000 1000 0 3
0.166667 0.162673 0.011692 200 207 1000 1011 1000 1000 0 3
0.166667 0.169547 0.011702 200 202 1000 1018 1000 1000 0 3
0.166667 0.146786 0.011211 200 169 1000 1030 1000 1000 0 3
0.166667 0.166336 0.011868 200 205 1000 1028 1000 1000 0 3
0.166667 0.194082 0.012615 200 210 1000 952 1000 1000 0 3
0.166667 0.171837 0.011949 200 205 1000 990 1000 1000 0 3
0.166667 0.165244 0.011700 200 193 1000 1006 1000 1000 0 3
0.166667 0.177610 0.012041 200 212 1000 986 1000 1000 0 3
0.166667 0.173448 0.011906 200 210 1000 1009 1000 1000 0 3
0.166667 0.177595 0.011908 200 199 1000 1004 1000 1000 0 3
0.166667 0.163878 0.011891 200 202 1000 996 1000 1000 0 3
0.166667 0.172787 0.012352 200 203 1000 953 1000 1000 0 3
0.166667 0.174156 0.012067 200 201 1000 994 1000 1000 0 3
0.166667 0.182926 0.012061 200 225 1000 1035 1000 1000 0 3
0.166667 0.168524 0.011782 200 199 1000 1022 1000 1000 0 3
0.166667 0.162829 0.011885 200 188 1000 1007 1000 1000 0 3
0.166667 0.160214 0.011814 200 190 1000 995 1000 1000 0 3
0.166667 0.172078 0.011901 200 205 1000 1005 1000 1000 0 3
0.166667 0.176917 0.012437 200 198 1000 937 1000 1000 0 3
0.166667 0.168895 0.011762 200 199 1000 1026 1000 1000 0 3
0.166667 0.160407 0.011790 200 180 1000 986 1000 1000 0 3
0.166667 0.186545 0.012171 200 205 1000 987 1000 1000 0 3
0.166667 0.186436 0.012260 200 210 1000 989 1000 1000 0 3
0.166667 0.181291 0.011987 200 216 1000 1018 1000 1000 0 3
0.166667 0.178159 0.011622 200 212 1000 1066 1000 1000 0 3
0.166667 0.163266 0.011747 200 197 1000 1016 1000 1000 0 3
0.166667 0.159470 0.011598 200 186 1000 1000 1000 1000 0 3
0.166667 0.164213 0.011965 200 189 1000 1008 1000 1000 0 3
0.166667 0.156522 0.011265 200 190 1000 1051 1000 1000 0 3
0.166667 0.174008 0.012152 200 212 1000 983 1000 1000 0 3
0.166667 0.179779 0.012386 200 197 1000 959 1000 1000 0 3
0.166667 0.183715 0.011946 200 219 1000 1017 1000 1000 0 3
0.166667 0.149619 0.011678 200 168 1000 968 1000 1000 0 3
0.166667 0.187298 0.012370 200 205 1000 953 1000 1000 0 3
0.166667 0.177320 0.012010 200 199 1000 996 1000 1000 0 3
0.166667 0.168500 0.011531 200 213 1000 1031 1000 1000 0 3
