0.166667 0.202072 0.048589 20 22 100 91 1 1000 1000 1000 10
0.166667 0.189842 0.047898 20 26 100 99 1 1000 1000 1000 10
0.166667 0.170600 0.046355 20 19 100 103 1 1000 1000 1000 10
0.166667 0.152342 0.044011 20 17 100 96 1 1000 1000 1000 10
0.166667 0.159808 0.045579 20 19 100 102 1 1000 1000 1000 10
0.166667 0.206247 0.050670 20 20 100 90 1 1000 1000 1000 10
0.166667 0.152051 0.048489 20 17 100 97 1 1000 1000 1000 10
0.166667 0.226525 0.047081 20 21 100 100 1 1000 1000 1000 10
0.166667 0.181420 0.043454 20 23 100 104 1 1000 1000 1000 10
0.166667 0.144361 0.045006 20 14 100 98 1 1000 1000 1000 10
0.166667 0.198146 0.050578 20 17 100 90 1 1000 1000 1000 10
0.166667 0.159235 0.045291 20 16 100 103 1 1000 1000 1000 10
0.166667 0.128289 0.047198 20 16 100 88 1 1000 1000 1000 10
0.166667 0.236498 0.046173 20 30 100 107 1 1000 1000 1000 10
0.166667 0.180515 0.049280 20 18 100 102 1 1000 1000 1000 10
0.166667 0.237416 0.049173 20 24 100 88 1 1000 1000 1000 10
0.166667 0.157013 0.044209 20 22 100 103 1 1000 1000 1000 10
0.166667 0.080641 0.036779 20 14 100 114 1 1000 1000 1000 10
0.166667 0.194832 0.048770 20 21 100 96 1 1000 1000 1000 10
0.166667 0.205705 0.050478 20 18 100 94 1 1000 1000 1000 10
0.166667 0.150504 0.042059 20 24 100 108 1 1000 1000 1000 10
0.166667 0.077727 0.038446 20 17 100 109 1 1000 1000 1000 10
0.166667 0.188044 0.044640 20 23 100 112 1 1000 1000 1000 10
0.166667 0.155125 0.042305 20 27 100 104 1 1000 1000 1000 10
0.166667 0.211953 0.051644 20 19 100 89 1 1000 1000 1000 10
0.166667 0.107082 0.039581 20 19 100 117 1 1000 1000 1000 10
0.166667 0.248384 0.045989 20 31 100 102 1 1000 1000 1000 10
0.166667 0.178114 0.049304 20 22 100 97 1 1000 1000 1000 10
0.166667 0.205947 0.049332 20 22 100 103 1 1000 1000 1000 10
0.166667 0.132291 0.044145 20 17 100 92 1 1000 1000 1000 10
0.166667 0.216369 0.051027 20 21 100 81 1 1000 1000 1000 10
0.166667 0.196865 0.045263 20 26 100 113 1 1000 1000 1000 10
0.166667 0.132635 0.043155 20 16 100 104 1 1000 1000 1000 10
0.166667 0.075798 0.037316 20 10 100 106 1 1000 1000 1000 10
0.166667 0.183150 0.049312 20 22 100 95 1 1000 1000 1000 10
0.166667 0.152261 0.042644 20 22 100 105 1 1000 1000 1000 10
0.166667 0.207138 0.047764 20 20 100 99 1 1000 1000 1000 10
0.166667 0.202515 0.047755 20 24 100 108 1 1000 1000 1000 10
0.166667 0.245727 0.051365 20 22 100 95 1 1000 1000 1000 10
0.166667 0.152929 0.048025 20 17 100 91 1 1000 1000 1000 10
0.166667 0.202096 0.048121 20 23 100 94 1 1000 1000 1000 10
0.166667 0.164629 0.046615 20 18 100 94 1 1000 1000 1000 10
0.166667 0.192438 0.049762 20 19 100 87 1 1000 1000 1000 10
0.166667 0.138954 0.045303 20 21 100 105 1 1000 1000 1000 10
0.166667 0.180285 0.049057 20 18 100 96 1 1000 1000 1000 10
0.166667 0.274915 0.051623 20 28 100 93 1 1000 1000 1000 10
0.166667 0.156097 0.049447 20 21 100 101 1 1000 1000 1000 10
0.166667 0.209813 0.048618 20 22 100 92 1 1000 1000 1000 10
0.166667 0.242520 0.052402 20 21 100 92 1 1000 1000 1000 10
0.166667 0.193393 0.049651 20 21 100 90 1 1000 1000 1000 10
0.166667 0.178916 0.047761 20 19 100 92 1 1000 1000 1000 10
0.166667 0.099793 0.038849 20 15 100 110 1 1000 1000 1000 10
0.166667 0.190415 0.047876 20 17 100 96 1 1000 1000 1000 10
0.166667 0.206543 0.049925 20 21 100 98 1 1000 1000 1000 10
0.166667 0.215850 0.049795 20 22 100 93 1 1000 1000 1000 10
0.166667 0.182194 0.045138 20 15 100 105 1 1000 1000 1000 10
0.166667 0.153070 0.040027 20 16 100 112 1 1000 1000 1000 10
0.166667 0.220158 0.049080 20 18 100 105 1 1000 1000 1000 10
0.166667 0.139901 0.047144 20 19 100 88 1 1000 1000 1000 10
0.166667 0.227875 0.051945 20 16 100 85 1 1000 1000 1000 10
0.166667 0.106425 0.044168 20 18 100 101 1 1000 1000 1000 10
0.166667 0.144683 0.042071 20 24 100 104 1 1000 1000 1000 10
0.166667 0.138888 0.046400 20 18 100 92 1 1000 1000 1000 10
0.166667 0.178453 0.053145 20 20 100 79 1 1000 1000 1000 10
0.166667 0.161134 0.044955 20 17 100 109 1 1000 1000 1000 10
0.166667 0.191593 0.050620 20 23 100 81 1 1000 1000 1000 10
0.166667 0.074220 0.035966 20 17 100 134 1 1000 1000 1000 10
0.166667 0.189990 0.048343 20 15 100 104 1 1000 1000 1000 10
0.166667 0.120458 0.039315 20 20 100 126 1 1000 1000 1000 10
0.166667 0.204143 0.046063 20 26 100 102 1 1000 1000 1000 10
0.166667 0.185404 0.045310 20 21 100 107 1 1000 1000 1000 10
0.166667 0.140672 0.044360 20 21 100 106 1 1000 1000 1000 10
0.166667 0.090253 0.041223 20 13 100 101 1 1000 1000 1000 10
0.166667 0.133231 0.041453 20 18 100 112 1 1000 1000 1000 10
0.166667 0.171225 0.044937 20 22 100 105 1 1000 1000 1000 10
0.166667 0.148560 0.045384 20 19 100 95 1 1000 1000 1000 10
0.166667 0.200795 0.046339 20 20 100 112 1 1000 1000 1000 10
0.166667 0.199993 0.047219 20 31 100 101 1 1000 1000 1000 10
0.166667 0.206864 0.050300 20 21 100 92 1 1000 1000 1000 10
0.166667 0.152070 0.046095 20 20 100 95 1 1000 1000 1000 10
0.166667 0.175134 0.050213 20 18 100 93 1 1000 1000 1000 10
0.166667 0.155061 0.043681 20 26 100 101 1 1000 1000 1000 10
0.166667 0.211091 0.046545 20 22 100 99 1 1000 1000 1000 10
0.166667 0.069464 0.038142 20 15 100 106 1 1000 1000 1000 10
0.166667 0.139310 0.043024 20 13 100 105 1 1000 1000 1000 10
0.166667 0.184046 0.047992 20 22 100 95 1 1000 1000 1000 10
0.166667 0.236340 0.050408 20 18 100 98 1 1000 1000 1000 10
0.166667 0.126098 0.045862 20 8 100 89 1 1000 1000 1000 10
0.166667 0.224360 0.051580 20 21 100 89 1 1000 1000 1000 10
0.166667 0.169358 0.046010 20 21 100 95 1 1000 1000 1000 10
0.166667 0.147853 0.041512 20 13 100 122 1 1000 1000 1000 10
0.166667 0.130510 0.049421 20 18 100 98 1 1000 1000 1000 10
0.166667 0.245428 0.047268 20 31 100 100 1 1000 1000 1000 10
0.166667 0.147986 0.046188 20 16 100 93 1 1000 1000 1000 10
0.166667 0.198150 0.044150 20 27 100 110 1 1000 1000 1000 10
0.166667 0.142115 0.047267 20 15 100 96 1 1000 1000 1000 10
0.166667 0.170632 0.043304 20 19 100 115 1 1000 1000 1000 10
0.166667 0.160520 0.047104 20 23 100 99 1 1000 1000 1000 10
0.166667 0.241269 0.050869 20 24 100 95 1 1000 1000 1000 10
0.166667 0.128495 0.042573 20 21 100 106 1 1000 1000 1000 10
0.166667 0.141004 0.049898 20 22 100 95 1 1000 1000 1000 10
0.166667 0.206978 0.052740 20 16 100 88 1 1000 1000 1000 10
0.166667 0.128961 0.039129 20 18 100 128 1 1000 1000 1000 10
0.166667 0.185418 0.049860 20 14 100 96 1 1000 1000 1000 10
0.166667 0.189082 0.045627 20 18 100 112 1 1000 1000 1000 10
0.166667 0.131128 0.046294 20 14 100 91 1 1000 1000 1000 10
0.166667 0.215275 0.052598 20 17 100 81 1 1000 1000 1000 10
0.166667 0.258060 0.056212 20 24 100 81 1 1000 1000 1000 10
0.166667 0.114035 0.043851 20 15 100 99 1 1000 1000 1000 10
0.166667 0.158968 0.046830 20 23 100 97 1 1000 1000 1000 10
0.166667 0.210840 0.049878 20 23 100 88 1 1000 1000 1000 10
0.166667 0.060003 0.037988 20 14 100 102 1 1000 1000 1000 10
0.166667 0.121221 0.042766 20 19 100 112 1 1000 1000 1000 10
0.166667 0.126297 0.042434 20 15 100 115 1 1000 1000 1000 10
0.166667 0.141993 0.044627 20 23 100 104 1 1000 1000 1000 10
0.166667 0.172296 0.049300 20 19 100 93 1 1000 1000 1000 10
0.166667 0.135685 0.046073 20 16 100 96 1 1000 1000 1000 10
0.166667 0.097051 0.043063 20 8 100 85 1 1000 1000 1000 10
0.166667 0.177669 0.044695 20 27 100 108 1 1000 1000 1000 10
0.166667 0.186945 0.043439 20 22 100 113 1 1000 1000 1000 10
0.166667 0.139707 0.040584 20 23 100 114 1 1000 1000 1000 10
0.166667 0.200648 0.047366 20 17 100 102 1 1000 1000 1000 10
0.166667 0.165571 0.045729 20 28 100 99 1 1000 1000 1000 10
0.166667 0.146604 0.045287 20 18 100 105 1 1000 1000 1000 10
0.166667 0.171956 0.045956 20 23 100 97 1 1000 1000 1000 10
0.166667 0.186075 0.046144 20 22 100 103 1 1000 1000 1000 10
0.166667 0.244748 0.052220 20 23 100 90 1 1000 1000 1000 10
0.166667 0.234193 0.045211 20 19 100 120 1 1000 1000 1000 10
0.166667 0.254171 0.050142 20 25 100 105 1 1000 1000 1000 10
0.166667 0.151836 0.044511 20 20 100 95 1 1000 1000 1000 10
0.166667 0.217028 0.047468 20 21 100 100 1 1000 1000 1000 10
0.166667 0.181188 0.051336 20 18 100 92 1 1000 1000 1000 10
0.166667 0.179711 0.048475 20 17 100 103 1 1000 1000 1000 10
0.166667 0.162942 0.044883 20 21 100 101 1 1000 1000 1000 10
0.166667 0.153064 0.047844 20 17 100 91 1 1000 1000 1000 10
0.166667 0.187807 0.047428 20 27 100 104 1 1000 1000 1000 10
0.166667 0.202792 0.046686 20 19 100 103 1 1000 1000 1000 10
0.166667 0.151126 0.047090 20 17 100 100 1 1000 1000 1000 10
0.166667 0.144464 0.047339 20 13 100 94 1 1000 1000 1000 10
0.166667 0.202003 0.048690 20 22 100 95 1 1000 1000 1000 10
0.166667 0.125196 0.048349 20 13 100 83 1 1000 1000 1000 10
0.166667 0.183763 0.046605 20 21 100 96 1 1000 1000 1000 10
0.166667 0.155848 0.051847 20 17 100 87 1 1000 1000 1000 10
0.166667 0.155480 0.041000 20 22 100 118 1 1000 1000 1000 10
0.166667 0.138324 0.041718 20 21 100 106 1 1000 1000 1000 10
0.166667 0.178996 0.049464 20 12 100 100 1 1000 1000 1000 10
0.166667 0.209055 0.047132 20 22 100 91 1 1000 1000 1000 10
0.166667 0.188497 0.043905 20 23 100 110 1 1000 1000 1000 10
0.166667 0.123855 0.045821 20 15 100 97 1 1000 1000 1000 10
0.166667 0.186784 0.051992 20 21 100 84 1 1000 1000 1000 10
0.166667 0.206507 0.053416 20 24 100 85 1 1000 1000 1000 10
0.166667 0.113358 0.040156 20 15 100 115 1 1000 1000 1000 10
0.166667 0.182690 0.043051 20 20 100 115 1 1000 1000 1000 10
0.166667 0.183988 0.046661 20 24 100 97 1 1000 1000 1000 10
0.166667 0.168585 0.046122 20 20 100 103 1 1000 1000 1000 10
0.166667 0.195481 0.052509 20 19 100 85 1 1000 1000 1000 10
0.166667 0.200326 0.046772 20 26 100 101 1 1000 1000 1000 10
0.166667 0.151315 0.047100 20 16 100 101 1 1000 1000 1000 10
0.166667 0.264284 0.048927 20 30 100 100 1 1000 1000 1000 10
0.166667 0.223533 0.045608 20 25 100 114 1 1000 1000 1000 10
0.166667 0.169382 0.047201 20 19 100 103 1 1000 1000 1000 10
0.166667 0.145573 0.046751 20 10 100 97 1 1000 1000 1000 10
0.166667 0.227724 0.050446 20 26 100 89 1 1000 1000 1000 10
0.166667 0.197240 0.047464 20 20 100 103 1 1000 1000 1000 10
0.166667 0.182379 0.052554 20 13 100 76 1 1000 1000 1000 10
0.166667 0.127928 0.047548 20 15 100 92 1 1000 1000 1000 10
0.166667 0.146819 0.042202 20 17 100 117 1 1000 1000 1000 10
0.166667 0.173699 0.045430 20 21 100 113 1 1000 1000 1000 10
0.166667 0.153675 0.046248 20 17 100 101 1 1000 1000 1000 10
0.166667 0.200996 0.051066 20 18 100 87 1 1000 1000 1000 10
0.166667 0.098197 0.038632 20 13 100 113 1 1000 1000 1000 10
0.166667 0.148270 0.046737 20 19 100 92 1 1000 1000 1000 10
0.166667 0.113971 0.039723 20 18 100 125 1 1000 1000 1000 10
0.166667 0.189934 0.044881 20 18 100 118 1 1000 1000 1000 10
0.166667 0.202661 0.046935 20 23 100 106 1 1000 1000 1000 10
0.166667 0.088995 0.037605 20 17 100 117 1 1000 1000 1000 10
0.166667 0.098256 0.041629 20 18 100 93 1 1000 1000 1000 10
0.166667 0.228374 0.055074 20 17 100 86 1 1000 1000 1000 10
0.166667 0.232664 0.048066 20 21 100 94 1 1000 1000 1000 10
0.166667 0.175550 0.045917 20 15 100 112 1 1000 1000 1000 10
0.166667 0.110382 0.043674 20 17 100 105 1 1000 1000 1000 10
0.166667 0.155450 0.041486 20 23 100 119 1 1000 1000 1000 10
0.166667 0.145463 0.048827 20 17 100 83 1 1000 1000 1000 10
0.166667 0.185156 0.046021 20 17 100 109 1 1000 1000 1000 10
0.166667 0.224649 0.050863 20 23 100 92 1 1000 1000 1000 10
0.166667 0.223759 0.049346 20 30 100 90 1 1000 1000 1000 10
0.166667 0.120603 0.041676 20 22 100 108 1 1000 1000 1000 10
0.166667 0.151630 0.045361 20 16 100 88 1 1000 1000 1000 10
0.166667 0.223494 0.051372 20 20 100 96 1 1000 1000 1000 10
0.166667 0.154439 0.047911 20 21 100 91 1 1000 1000 1000 10
0.166667 0.223198 0.043296 20 34 100 111 1 1000 1000 1000 10
0.166667 0.157944 0.041977 20 19 100 120 1 1000 1000 1000 10
0.166667 0.202016 0.048576 20 27 100 88 1 1000 1000 1000 10
0.166667 0.120849 0.044813 20 19 100 107 1 1000 1000 1000 10
0.166667 0.243248 0.050668 20 25 100 95 1 1000 1000 1000 10
0.166667 0.207929 0.044838 20 27 100 112 1 1000 1000 1000 10
0.166667 0.163340 0.045796 20 14 100 102 1 1000 1000 1000 10
0.166667 0.159878 0.044520 20 19 100 108 1 1000 1000 1000 10
0.166667 0.175582 0.043901 20 20 100 104 1 1000 1000 1000 10
0.166667 0.144403 0.044226 20 27 100 107 1 1000 1000 1000 10
0.166667 0.172225 0.046583 20 15 100 90 1 1000 1000 1000 10
0.166667 0.198023 0.047051 20 24 100 100 1 1000 1000 1000 10
0.166667 0.184802 0.053827 20 16 100 86 1 1000 1000 1000 10
0.166667 0.124339 0.049565 20 13 100 82 1 1000 1000 1000 10
0.166667 0.161338 0.048439 20 12 100 90 1 1000 1000 1000 10
0.166667 0.231873 0.047616 20 27 100 96 1 1000 1000 1000 10
0.166667 0.144896 0.045389 20 20 100 95 1 1000 1000 1000 10
0.166667 0.203212 0.050533 20 27 100 104 1 1000 1000 1000 10
0.166667 0.157934 0.045225 20 17 100 105 1 1000 1000 1000 10
0.166667 0.097454 0.043202 20 16 100 103 1 1000 1000 1000 10
0.166667 0.194331 0.046772 20 16 100 101 1 1000 1000 1000 10
0.166667 0.225102 0.049639 20 25 100 95 1 1000 1000 1000 10
0.166667 0.194948 0.049237 20 21 100 95 1 1000 1000 1000 10
0.166667 0.231442 0.050907 20 28 100 87 1 1000 1000 1000 10
0.166667 0.177010 0.047400 20 17 100 94 1 1000 1000 1000 10
0.166667 0.262201 0.050332 20 30 100 98 1 1000 1000 1000 10
0.166667 0.256168 0.053004 20 23 100 85 1 1000 1000 1000 10
0.166667 0.185535 0.048465 20 25 100 87 1 1000 1000 1000 10
0.166667 0.215654 0.051952 20 28 100 90 1 1000 1000 1000 10
0.166667 0.142156 0.043984 20 22 100 100 1 1000 1000 1000 10
0.166667 0.259803 0.053596 20 20 100 86 1 1000 1000 1000 10
0.166667 0.083910 0.038083 20 14 100 109 1 1000 1000 1000 10
0.166667 0.153715 0.048269 20 19 100 95 1 1000 1000 1000 10
0.166667 0.141456 0.044516 20 10 100 108 1 1000 1000 1000 10
0.166667 0.223968 0.052159 20 18 100 93 1 1000 1000 1000 10
0.166667 0.166205 0.047563 20 19 100 102 1 1000 1000 1000 10
0.166667 0.208686 0.046920 20 25 100 103 1 1000 1000 1000 10
0.166667 0.139104 0.042835 20 16 100 112 1 1000 1000 1000 10
0.166667 0.232683 0.046907 20 25 100 110 1 1000 1000 1000 10
0.166667 0.211097 0.045566 20 28 100 111 1 1000 1000 1000 10
0.166667 0.235574 0.049227 20 21 100 107 1 1000 1000 1000 10
0.166667 0.190460 0.048117 20 20 100 95 1 1000 1000 1000 10
0.166667 0.146344 0.051046 20 16 100 80 1 1000 1000 1000 10
0.166667 0.114000 0.039948 20 16 100 108 1 1000 1000 1000 10
0.166667 0.147994 0.046359 20 18 100 97 1 1000 1000 1000 10
0.166667 0.147553 0.043680 20 16 100 110 1 1000 1000 1000 10
0.166667 0.117897 0.044072 20 15 100 90 1 1000 1000 1000 10
0.166667 0.185042 0.046857 20 22 100 97 1 1000 1000 1000 10
0.166667 0.090780 0.041830 20 15 100 99 1 1000 1000 1000 10
0.166667 0.238847 0.047993 20 25 100 94 1 1000 1000 1000 10
0.166667 0.221821 0.046737 20 29 100 110 1 1000 1000 1000 10
0.166667 0.195849 0.048721 20 22 100 105 1 1000 1000 1000 10
0.166667 0.139230 0.041613 20 21 100 115 1 1000 1000 1000 10
0.166667 0.204798 0.049530 20 24 100 95 1 1000 1000 1000 10
0.166667 0.233490 0.048691 20 20 100 100 1 1000 1000 1000 10
0.166667 0.167900 0.046204 20 18 100 101 1 1000 1000 1000 10
0.166667 0.166608 0.047440 20 16 100 99 1 1000 1000 1000 10
0.166667 0.187894 0.046540 20 24 100 104 1 1000 1000 1000 10
0.166667 0.190882 0.048186 20 24 100 98 1 1000 1000 1000 10
0.166667 0.217528 0.048616 20 24 100 101 1 1000 1000 1000 10
0.166667 0.079953 0.046697 20 14 100 87 1 1000 1000 1000 10
0.166667 0.183382 0.050126 20 20 100 89 1 1000 1000 1000 10
0.166667 0.137232 0.045952 20 17 100 90 1 1000 1000 1000 10
0.166667 0.213844 0.050869 20 21 100 90 1 1000 1000 1000 10
0.166667 0.104133 0.041235 20 19 100 109 1 1000 1000 1000 10
0.166667 0.157780 0.044411 20 18 100 106 1 1000 1000 1000 10
0.166667 0.177315 0.049320 20 16 100 86 1 1000 1000 1000 10
0.166667 0.166434 0.045868 20 16 100 104 1 1000 1000 1000 10
0.166667 0.178621 0.049147 20 14 100 91 1 1000 1000 1000 10
0.166667 0.079368 0.035857 20 14 100 116 1 1000 1000 1000 10
0.166667 0.102424 0.040367 20 12 100 112 1 1000 1000 1000 10
0.166667 0.153545 0.042989 20 22 100 116 1 1000 1000 1000 10
0.166667 0.205965 0.048115 20 21 100 94 1 1000 1000 1000 10
0.166667 0.107325 0.042700 20 18 100 109 1 1000 1000 1000 10
0.166667 0.224602 0.045532 20 25 100 119 1 1000 1000 1000 10
0.166667 0.163972 0.046287 20 23 100 96 1 1000 1000 1000 10
0.166667 0.143778 0.049965 20 11 100 89 1 1000 1000 1000 10
0.166667 0.112736 0.043513 20 16 100 95 1 1000 1000 1000 10
0.166667 0.078387 0.038156 20 16 100 114 1 1000 1000 1000 10
0.166667 0.244180 0.050917 20 28 100 89 1 1000 1000 1000 10
0.166667 0.062506 0.041204 20 11 100 105 1 1000 1000 1000 10
0.166667 0.174614 0.044859 20 17 100 108 1 1000 1000 1000 10
0.166667 0.138924 0.045745 20 18 100 100 1 1000 1000 1000 10
0.166667 0.189760 0.045626 20 21 100 107 1 1000 1000 1000 10
0.166667 0.113564 0.048180 20 12 100 89 1 1000 1000 1000 10
0.166667 0.184307 0.044284 20 19 100 113 1 1000 1000 1000 10
0.166667 0.209661 0.049421 20 22 100 89 1 1000 1000 1000 10
0.166667 0.176594 0.045730 20 23 100 106 1 1000 1000 1000 10
0.166667 0.156064 0.046143 20 21 100 102 1 1000 1000 1000 10
0.166667 0.197257 0.042385 20 29 100 116 1 1000 1000 1000 10
0.166667 0.192817 0.047620 20 26 100 102 1 1000 1000 1000 10
0.166667 0.122374 0.045663 20 19 100 101 1 1000 1000 1000 10
0.166667 0.162423 0.043732 20 21 100 109 1 1000 1000 1000 10
0.166667 0.249372 0.053216 20 24 100 86 1 1000 1000 1000 10
0.166667 0.155109 0.042504 20 21 100 114 1 1000 1000 1000 10
0.166667 0.177714 0.043844 20 22 100 109 1 1000 1000 1000 10
0.166667 0.217468 0.047345 20 26 100 105 1 1000 1000 1000 10
0.166667 0.122907 0.039659 20 21 100 118 1 1000 1000 1000 10
0.166667 0.152719 0.044520 20 17 100 115 1 1000 1000 1000 10
0.166667 0.259965 0.048253 20 19 100 105 1 1000 1000 1000 10
0.166667 0.244998 0.050465 20 27 100 87 1 1000 1000 1000 10
0.166667 0.154780 0.044847 20 16 100 106 1 1000 1000 1000 10
0.166667 0.147014 0.042476 20 20 100 122 1 1000 1000 1000 10
0.166667 0.133763 0.047523 20 16 100 87 1 1000 1000 1000 10
0.166667 0.227301 0.046858 20 27 100 106 1 1000 1000 1000 10
0.166667 0.103736 0.039145 20 18 100 114 1 1000 1000 1000 10
0.166667 0.218198 0.048441 20 19 100 95 1 1000 1000 1000 10
0.166667 0.196858 0.046860 20 26 100 98 1 1000 1000 1000 10
0.166667 0.126872 0.043175 20 17 100 99 1 1000 1000 1000 10
0.166667 0.197104 0.052940 20 20 100 81 1 1000 1000 1000 10
0.166667 0.208435 0.052340 20 20 100 87 1 1000 1000 1000 10
0.166667 0.181445 0.044130 20 25 100 99 1 1000 1000 1000 10
0.166667 0.196090 0.048741 20 20 100 94 1 1000 1000 1000 10
0.166667 0.130521 0.040780 20 18 100 116 1 1000 1000 1000 10
0.166667 0.150105 0.046112 20 16 100 98 1 1000 1000 1000 10
0.166667 0.171143 0.043083 20 24 100 101 1 1000 1000 1000 10
0.166667 0.177138 0.044308 20 22 100 101 1 1000 1000 1000 10
0.166667 0.162461 0.047854 20 16 100 91 1 1000 1000 1000 10
0.166667 0.161001 0.044745 20 17 100 111 1 1000 1000 1000 10
0.166667 0.122513 0.043073 20 13 100 106 1 1000 1000 1000 10
0.166667 0.192388 0.046419 20 24 100 98 1 1000 1000 1000 10
0.166667 0.205623 0.044553 20 23 100 113 1 1000 1000 1000 10
0.166667 0.218839 0.049012 20 27 100 96 1 1000 1000 1000 10
0.166667 0.182210 0.048517 20 18 100 94 1 1000 1000 1000 10
0.166667 0.219709 0.045830 20 25 100 110 1 1000 1000 1000 10
0.166667 0.204774 0.048430 20 25 100 90 1 1000 1000 1000 10
0.166667 0.162119 0.045083 20 23 100 106 1 1000 1000 1000 10
0.166667 0.193306 0.046786 20 21 100 98 1 1000 1000 1000 10
0.166667 0.137503 0.045636 20 18 100 89 1 1000 1000 1000 10
0.166667 0.122284 0.041904 20 19 100 117 1 1000 1000 1000 10
0.166667 0.223268 0.052086 20 27 100 95 1 1000 1000 1000 10
0.166667 0.187264 0.048478 20 21 100 93 1 1000 1000 1000 10
0.166667 0.104285 0.037876 20 18 100 125 1 1000 1000 1000 10
0.166667 0.129669 0.042676 20 21 100 114 1 1000 1000 1000 10
0.166667 0.186113 0.043730 20 25 100 110 1 1000 1000 1000 10
0.166667 0.206675 0.045697 20 23 100 107 1 1000 1000 1000 10
0.166667 0.177511 0.046526 20 17 100 101 1 1000 1000 1000 10
0.166667 0.180925 0.045521 20 21 100 107 1 1000 1000 1000 10
0.166667 0.281260 0.050514 20 28 100 90 1 1000 1000 1000 10
0.166667 0.215371 0.054089 20 21 100 81 1 1000 1000 1000 10
0.166667 0.164248 0.044596 20 15 100 99 1 1000 1000 1000 10
0.166667 0.114325 0.040486 20 16 100 104 1 1000 1000 1000 10
0.166667 0.158613 0.047040 20 18 100 90 1 1000 1000 1000 10
0.166667 0.187890 0.048641 20 16 100 94 1 1000 1000 1000 10
0.166667 0.113465 0.047776 20 19 100 96 1 1000 1000 1000 10
0.166667 0.169925 0.048956 20 22 100 91 1 1000 1000 1000 10
0.166667 0.131909 0.045548 20 19 100 93 1 1000 1000 1000 10
0.166667 0.248887 0.049720 20 26 100 107 1 1000 1000 1000 10
0.166667 0.147991 0.049241 20 20 100 96 1 1000 1000 1000 10
0.166667 0.148535 0.044218 20 18 100 99 1 1000 1000 1000 10
0.166667 0.156219 0.048931 20 15 100 88 1 1000 1000 1000 10
0.166667 0.216954 0.053743 20 22 100 77 1 1000 1000 1000 10
0.166667 0.198649 0.048944 20 17 100 91 1 1000 1000 1000 10
0.166667 0.181160 0.047271 20 19 100 107 1 1000 1000 1000 10
0.166667 0.143461 0.042696 20 21 100 106 1 1000 1000 1000 10
0.166667 0.180419 0.048819 20 23 100 90 1 1000 1000 1000 10
0.166667 0.250458 0.052107 20 25 100 89 1 1000 1000 1000 10
0.166667 0.162608 0.043074 20 23 100 114 1 1000 1000 1000 10
0.166667 0.122435 0.041486 20 10 100 111 1 1000 1000 1000 10
0.166667 0.201882 0.047489 20 17 100 101 1 1000 1000 1000 10
0.166667 0.167723 0.046028 20 21 100 101 1 1000 1000 1000 10
0.166667 0.150010 0.046007 20 13 100 101 1 1000 1000 1000 10
0.166667 0.214106 0.051822 20 17 100 91 1 1000 1000 1000 10
0.166667 0.199530 0.045136 20 25 100 108 1 1000 1000 1000 10
0.166667 0.217102 0.053316 20 22 100 88 1 1000 1000 1000 10
0.166667 0.223079 0.043806 20 32 100 116 1 1000 1000 1000 10
0.166667 0.209976 0.047030 20 21 100 106 1 1000 1000 1000 10
0.166667 0.082545 0.042781 20 11 100 93 1 1000 1000 1000 10
0.166667 0.096341 0.040093 20 19 100 102 1 1000 1000 1000 10
0.166667 0.177242 0.045886 20 20 100 102 1 1000 1000 1000 10
0.166667 0.224776 0.047352 20 24 100 117 1 1000 1000 1000 10
0.166667 0.234809 0.049550 20 24 100 88 1 1000 1000 1000 10
0.166667 0.187458 0.048393 20 14 100 96 1 1000 1000 1000 10
0.166667 0.139438 0.043614 20 20 100 105 1 1000 1000 1000 10
0.166667 0.133727 0.050474 20 18 100 84 1 1000 1000 1000 10
0.166667 0.217385 0.049639 20 19 100 99 1 1000 1000 1000 10
0.166667 0.166167 0.042783 20 28 100 113 1 1000 1000 1000 10
0.166667 0.226080 0.054277 20 28 100 85 1 1000 1000 1000 10
0.166667 0.218309 0.046944 20 28 100 111 1 1000 1000 1000 10
0.166667 0.145466 0.047028 20 16 100 98 1 1000 1000 1000 10
0.166667 0.114549 0.041552 20 23 100 97 1 1000 1000 1000 10
0.166667 0.253651 0.052288 20 27 100 84 1 1000 1000 1000 10
0.166667 0.228643 0.050338 20 27 100 89 1 1000 1000 1000 10
0.166667 0.139300 0.047032 20 15 100 95 1 1000 1000 1000 10
0.166667 0.159473 0.042738 20 20 100 114 1 1000 1000 1000 10
0.166667 0.159220 0.047404 20 21 100 107 1 1000 1000 1000 10
0.166667 0.216192 0.050717 20 23 100 89 1 1000 1000 1000 10
0.166667 0.147705 0.049065 20 20 100 94 1 1000 1000 1000 10
0.166667 0.164209 0.048162 20 14 100 90 1 1000 1000 1000 10
0.166667 0.128585 0.044450 20 12 100 97 1 1000 1000 1000 10
0.166667 0.159473 0.044518 20 21 100 101 1 1000 1000 1000 10
0.166667 0.215750 0.050984 20 23 100 87 1 1000 1000 1000 10
0.166667 0.154625 0.044280 20 20 100 104 1 1000 1000 1000 10
0.166667 0.219036 0.051644 20 22 100 85 1 1000 1000 1000 10
0.166667 0.209166 0.047633 20 22 100 96 1 1000 1000 1000 10
0.166667 0.116816 0.038620 20 15 100 133 1 1000 1000 1000 10
0.166667 0.206855 0.053728 20 19 100 79 1 1000 1000 1000 10
0.166667 0.211750 0.046863 20 24 100 103 1 1000 1000 1000 10
0.166667 0.121928 0.044326 20 20 100 108 1 1000 1000 1000 10
0.166667 0.177791 0.045973 20 22 100 102 1 1000 1000 1000 10
0.166667 0.238282 0.050104 20 29 100 101 1 1000 1000 1000 10
0.166667 0.209087 0.047489 20 24 100 96 1 1000 1000 1000 10
0.166667 0.130988 0.042612 20 16 100 109 1 1000 1000 1000 10
0.166667 0.127618 0.041799 20 17 100 114 1 1000 1000 1000 10
0.166667 0.230376 0.047468 20 27 100 113 1 1000 1000 1000 10
0.166667 0.185543 0.050997 20 12 100 104 1 1000 1000 1000 10
0.166667 0.239256 0.048114 20 25 100 109 1 1000 1000 1000 10
0.166667 0.196999 0.051146 20 23 100 94 1 1000 1000 1000 10
0.166667 0.218806 0.049463 20 24 100 96 1 1000 1000 1000 10
0.166667 0.133204 0.046209 20 20 100 92 1 1000 1000 1000 10
0.166667 0.172586 0.043744 20 22 100 110 1 1000 1000 1000 10
0.166667 0.163628 0.039466 20 22 100 128 1 1000 1000 1000 10
0.166667 0.175911 0.044638 20 20 100 103 1 1000 1000 1000 10
0.166667 0.090056 0.043901 20 11 100 94 1 1000 1000 1000 10
0.166667 0.127634 0.044965 20 12 100 99 1 1000 1000 1000 10
0.166667 0.148145 0.044761 20 21 100 106 1 1000 1000 1000 10
0.166667 0.227304 0.053904 20 22 100 82 1 1000 1000 1000 10
0.166667 0.193487 0.050993 20 19 100 89 1 1000 1000 1000 10
0.166667 0.211606 0.053204 20 12 100 90 1 1000 1000 1000 10
0.166667 0.261544 0.054738 20 24 100 84 1 1000 1000 1000 10
0.166667 0.150483 0.043851 20 16 100 116 1 1000 1000 1000 10
0.166667 0.238499 0.049526 20 17 100 106 1 1000 1000 1000 10
0.166667 0.188423 0.045400 20 24 100 106 1 1000 1000 1000 10
0.166667 0.224346 0.050054 20 26 100 91 1 1000 1000 1000 10
0.166667 0.156893 0.046539 20 17 100 91 1 1000 1000 1000 10
0.166667 0.224455 0.049407 20 19 100 100 1 1000 1000 1000 10
0.166667 0.195319 0.046946 20 18 100 105 1 1000 1000 1000 10
0.166667 0.184707 0.049991 20 21 100 93 1 1000 1000 1000 10
0.166667 0.195108 0.043594 20 26 100 109 1 1000 1000 1000 10
0.166667 0.180281 0.049189 20 24 100 94 1 1000 1000 1000 10
0.166667 0.172753 0.045393 20 23 100 103 1 1000 1000 1000 10
0.166667 0.169108 0.044365 20 20 100 102 1 1000 1000 1000 10
0.166667 0.129058 0.043091 20 17 100 91 1 1000 1000 1000 10
0.166667 0.097199 0.039980 20 17 100 109 1 1000 1000 1000 10
0.166667 0.217058 0.051776 20 22 100 86 1 1000 1000 1000 10
0.166667 0.125706 0.042305 20 20 100 103 1 1000 1000 1000 10
0.166667 0.171401 0.044535 20 19 100 105 1 1000 1000 1000 10
0.166667 0.223455 0.050675 20 23 100 87 1 1000 1000 1000 10
0.166667 0.110320 0.041183 20 12 100 109 1 1000 1000 1000 10
0.166667 0.273480 0.053809 20 26 100 83 1 1000 1000 1000 10
0.166667 0.168511 0.044643 20 23 100 119 1 1000 1000 1000 10
0.166667 0.239034 0.051345 20 24 100 95 1 1000 1000 1000 10
0.166667 0.203987 0.048077 20 25 100 98 1 1000 1000 1000 10
0.166667 0.145173 0.044614 20 16 100 106 1 1000 1000 1000 10
0.166667 0.158040 0.049209 20 14 100 85 1 1000 1000 1000 10
0.166667 0.165528 0.046044 20 19 100 97 1 1000 1000 1000 10
0.166667 0.244022 0.047950 20 24 100 100 1 1000 1000 1000 10
0.166667 0.211368 0.050350 20 21 100 86 1 1000 1000 1000 10
0.166667 0.210405 0.051181 20 23 100 90 1 1000 1000 1000 10
0.166667 0.170252 0.050576 20 17 100 95 1 1000 1000 1000 10
0.166667 0.189776 0.047310 20 25 100 95 1 1000 1000 1000 10
0.166667 0.179221 0.042355 20 27 100 123 1 1000 1000 1000 10
0.166667 0.142234 0.048451 20 12 100 89 1 1000 1000 1000 10
0.166667 0.137797 0.046594 20 17 100 88 1 1000 1000 1000 10
0.166667 0.230369 0.052625 20 24 100 91 1 1000 1000 1000 10
0.166667 0.171939 0.045077 20 21 100 110 1 1000 1000 1000 10
0.166667 0.180098 0.048218 20 24 100 97 1 1000 1000 1000 10
0.166667 0.182465 0.044507 20 21 100 110 1 1000 1000 1000 10
0.166667 0.144743 0.048233 20 11 100 87 1 1000 1000 1000 10
0.166667 0.084991 0.043642 20 15 100 88 1 1000 1000 1000 10
0.166667 0.301152 0.051130 20 27 100 93 1 1000 1000 1000 10
0.166667 0.121264 0.044426 20 19 100 101 1 1000 1000 1000 10
0.166667 0.206898 0.045461 20 23 100 103 1 1000 1000 1000 10
0.166667 0.183754 0.046093 20 16 100 106 1 1000 1000 1000 10
0.166667 0.210698 0.048630 20 22 100 104 1 1000 1000 1000 10
0.166667 0.125431 0.043038 20 19 100 99 1 1000 1000 1000 10
0.166667 0.190564 0.049040 20 20 100 96 1 1000 1000 1000 10
0.166667 0.140275 0.043707 20 23 100 104 1 1000 1000 1000 10
0.166667 0.128053 0.045297 20 21 100 98 1 1000 1000 1000 10
0.166667 0.075142 0.038888 20 11 100 102 1 1000 1000 1000 10
0.166667 0.210477 0.044256 20 27 100 118 1 1000 1000 1000 10
0.166667 0.129064 0.047166 20 15 100 91 1 1000 1000 1000 10
0.166667 0.185844 0.052817 20 20 100 88 1 1000 1000 1000 10
0.166667 0.177560 0.048116 20 23 100 94 1 1000 1000 1000 10
0.166667 0.106219 0.039553 20 17 100 114 1 1000 1000 1000 10
0.166667 0.151811 0.045310 20 13 100 103 1 1000 1000 1000 10
0.166667 0.192488 0.046116 20 22 100 106 1 1000 1000 1000 10
0.166667 0.191183 0.043917 20 22 100 106 1 1000 1000 1000 10
0.166667 0.063236 0.036208 20 13 100 104 1 1000 1000 1000 10
0.166667 0.156453 0.045946 20 14 100 96 1 1000 1000 1000 10
0.166667 0.164024 0.046540 20 21 100 105 1 1000 1000 1000 10
0.166667 0.172594 0.051117 20 10 100 83 1 1000 1000 1000 10
0.166667 0.121412 0.043032 20 16 100 89 1 1000 1000 1000 10
0.166667 0.169728 0.044925 20 17 100 104 1 1000 1000 1000 10
0.166667 0.187137 0.049926 20 17 100 93 1 1000 1000 1000 10
0.166667 0.180592 0.053447 20 15 100 87 1 1000 1000 1000 10
0.166667 0.174900 0.047453 20 19 100 92 1 1000 1000 1000 10
0.166667 0.148489 0.048349 20 21 100 87 1 1000 1000 1000 10
0.166667 0.097070 0.041632 20 14 100 106 1 1000 1000 1000 10
0.166667 0.223412 0.047776 20 21 100 102 1 1000 1000 1000 10
0.166667 0.155488 0.041604 20 20 100 111 1 1000 1000 1000 10
0.166667 0.116236 0.041329 20 17 100 103 1 1000 1000 1000 10
0.166667 0.196263 0.046897 20 19 100 101 1 1000 1000 1000 10
0.166667 0.185488 0.048047 20 21 100 89 1 1000 1000 1000 10
0.166667 0.133807 0.044081 20 23 100 98 1 1000 1000 1000 10
0.166667 0.132859 0.047717 20 16 100 91 1 1000 1000 1000 10
0.166667 0.094166 0.042551 20 17 100 99 1 1000 1000 1000 10
0.166667 0.097463 0.038255 20 15 100 106 1 1000 1000 1000 10
0.166667 0.148429 0.041035 20 27 100 113 1 1000 1000 1000 10
0.166667 0.188144 0.053219 20 18 100 85 1 1000 1000 1000 10
0.166667 0.131541 0.044434 20 16 100 107 1 1000 1000 1000 10
0.166667 0.147101 0.052272 20 15 100 84 1 1000 1000 1000 10
0.166667 0.123531 0.045961 20 18 100 103 1 1000 1000 1000 10
0.166667 0.158019 0.047512 20 20 100 87 1 1000 1000 1000 10
0.166667 0.111085 0.042909 20 19 100 97 1 1000 1000 1000 10
0.166667 0.163265 0.045184 20 15 100 105 1 1000 1000 1000 10
0.166667 0.081566 0.040466 20 18 100 100 1 1000 1000 1000 10
0.166667 0.083052 0.041470 20 11 100 104 1 1000 1000 1000 10
0.166667 0.150628 0.047077 20 23 100 99 1 1000 1000 1000 10
0.166667 0.165478 0.050163 20 13 100 84 1 1000 1000 1000 10
0.166667 0.164520 0.046754 20 21 100 109 1 1000 1000 1000 10
0.166667 0.153094 0.047498 20 15 100 99 1 1000 1000 1000 10
0.166667 0.264323 0.054168 20 22 100 87 1 1000 1000 1000 10
0.166667 0.103588 0.039021 20 23 100 113 1 1000 1000 1000 10
0.166667 0.171881 0.046017 20 16 100 98 1 1000 1000 1000 10
0.166667 0.112500 0.042775 20 17 100 94 1 1000 1000 1000 10
0.166667 0.187905 0.045291 20 24 100 111 1 1000 1000 1000 10
0.166667 0.178533 0.043353 20 21 100 106 1 1000 1000 1000 10
0.166667 0.221424 0.050218 20 24 100 95 1 1000 1000 1000 10
0.166667 0.255895 0.050159 20 19 100 102 1 1000 1000 1000 10
0.166667 0.168247 0.043472 20 17 100 115 1 1000 1000 1000 10
0.166667 0.171670 0.044757 20 26 100 107 1 1000 1000 1000 10
0.166667 0.204347 0.047703 20 22 100 102 1 1000 1000 1000 10
0.166667 0.207587 0.048571 20 14 100 107 1 1000 1000 1000 10
0.166667 0.193049 0.048412 20 19 100 95 1 1000 1000 1000 10
0.166667 0.136664 0.045894 20 10 100 104 1 1000 1000 1000 10
0.166667 0.098543 0.041097 20 18 100 109 1 1000 1000 1000 10
0.166667 0.093628 0.042045 20 15 100 96 1 1000 1000 1000 10
0.166667 0.124617 0.044418 20 22 100 103 1 1000 1000 1000 10
0.166667 0.223523 0.050165 20 24 100 89 1 1000 1000 1000 10
0.166667 0.202722 0.046848 20 21 100 110 1 1000 1000 1000 10
0.166667 0.173316 0.045140 20 25 100 109 1 1000 1000 1000 10
0.166667 0.104256 0.040119 20 13 100 109 1 1000 1000 1000 10
0.166667 0.227799 0.047777 20 23 100 109 1 1000 1000 1000 10
0.166667 0.202588 0.051005 20 18 100 88 1 1000 1000 1000 10
0.166667 0.165811 0.044821 20 23 100 98 1 1000 1000 1000 10
0.166667 0.167669 0.045414 20 18 100 112 1 1000 1000 1000 10
0.166667 0.180078 0.043706 20 25 100 99 1 1000 1000 1000 10
0.166667 0.200192 0.049309 20 22 100 97 1 1000 1000 1000 10
0.166667 0.225322 0.050760 20 21 100 91 1 1000 1000 1000 10
0.166667 0.133793 0.044475 20 17 100 93 1 1000 1000 1000 10
0.166667 0.143034 0.045965 20 17 100 107 1 1000 1000 1000 10
0.166667 0.091812 0.042873 20 19 100 96 1 1000 1000 1000 10
0.166667 0.190995 0.048557 20 26 100 88 1 1000 1000 1000 10
0.166667 0.196864 0.042137 20 20 100 112 1 1000 1000 1000 10
0.166667 0.167811 0.046672 20 22 100 95 1 1000 1000 1000 10
0.166667 0.159997 0.042989 20 21 100 114 1 1000 1000 1000 10
0.166667 0.159485 0.043883 20 17 100 109 1 1000 1000 1000 10
0.166667 0.161513 0.044628 20 29 100 97 1 1000 1000 1000 10
0.166667 0.145057 0.042454 20 20 100 109 1 1000 1000 1000 10
0.166667 0.175735 0.046367 20 22 100 97 1 1000 1000 1000 10
0.166667 0.082164 0.042366 20 16 100 93 1 1000 1000 1000 10
0.166667 0.211159 0.047620 20 27 100 95 1 1000 1000 1000 10
0.166667 0.188125 0.050908 20 20 100 92 1 1000 1000 1000 10
0.166667 0.196050 0.051909 20 22 100 91 1 1000 1000 1000 10
0.166667 0.191277 0.046821 20 19 100 111 1 1000 1000 1000 10
0.166667 0.134466 0.046326 20 18 100 101 1 1000 1000 1000 10
0.166667 0.130183 0.044998 20 19 100 93 1 1000 1000 1000 10
0.166667 0.111981 0.042635 20 15 100 111 1 1000 1000 1000 10
0.166667 0.114095 0.043113 20 18 100 110 1 1000 1000 1000 10
0.166667 0.120436 0.041310 20 10 100 120 1 1000 1000 1000 10
0.166667 0.197877 0.045892 20 22 100 107 1 1000 1000 1000 10
0.166667 0.180895 0.046194 20 21 100 109 1 1000 1000 1000 10
0.166667 0.202584 0.048606 20 16 100 97 1 1000 1000 1000 10
0.166667 0.129106 0.047211 20 9 100 103 1 1000 1000 1000 10
0.166667 0.218924 0.048676 20 22 100 98 1 1000 1000 1000 10
0.166667 0.236083 0.047307 20 25 100 103 1 1000 1000 1000 10
0.166667 0.197597 0.046413 20 21 100 108 1 1000 1000 1000 10
0.166667 0.190102 0.046247 20 26 100 104 1 1000 1000 1000 10
0.166667 0.149518 0.042659 20 16 100 119 1 1000 1000 1000 10
0.166667 0.191769 0.050487 20 20 100 83 1 1000 1000 1000 10
0.166667 0.169340 0.047148 20 19 100 97 1 1000 1000 1000 10
0.166667 0.092604 0.041055 20 20 100 108 1 1000 1000 1000 10
0.166667 0.068268 0.043229 20 8 100 97 1 1000 1000 1000 10
0.166667 0.161512 0.050572 20 15 100 92 1 1000 1000 1000 10
0.166667 0.173327 0.052162 20 17 100 89 1 1000 1000 1000 10
0.166667 0.152365 0.044987 20 16 100 96 1 1000 1000 1000 10
0.166667 0.138428 0.043947 20 22 100 105 1 1000 1000 1000 10
0.166667 0.205143 0.051834 20 18 100 93 1 1000 1000 1000 10
0.166667 0.225377 0.047925 20 21 100 104 1 1000 1000 1000 10
0.166667 0.191896 0.048949 20 28 100 88 1 1000 1000 1000 10
0.166667 0.114223 0.042714 20 18 100 91 1 1000 1000 1000 10
0.166667 0.271946 0.053262 20 25 100 90 1 1000 1000 1000 10
0.166667 0.215751 0.052453 20 20 100 91 1 1000 1000 1000 10
0.166667 0.183696 0.046224 20 24 100 106 1 1000 1000 1000 10
0.166667 0.211292 0.046941 20 22 100 100 1 1000 1000 1000 10
0.166667 0.157668 0.045701 20 21 100 105 1 1000 1000 1000 10
0.166667 0.116156 0.043646 20 11 100 113 1 1000 1000 1000 10
0.166667 0.169172 0.045542 20 16 100 99 1 1000 1000 1000 10
0.166667 0.250271 0.049880 20 24 100 102 1 1000 1000 1000 10
0.166667 0.145053 0.045562 20 20 100 103 1 1000 1000 1000 10
0.166667 0.082000 0.039667 20 12 100 98 1 1000 1000 1000 10
0.166667 0.126592 0.044419 20 14 100 103 1 1000 1000 1000 10
0.166667 0.155784 0.046544 20 17 100 107 1 1000 1000 1000 10
0.166667 0.180320 0.046338 20 17 100 102 1 1000 1000 1000 10
0.166667 0.186012 0.051014 20 23 100 91 1 1000 1000 1000 10
0.166667 0.180895 0.047840 20 18 100 97 1 1000 1000 1000 10
0.166667 0.165497 0.044294 20 20 100 114 1 1000 1000 1000 10
0.166667 0.121328 0.044101 20 14 100 91 1 1000 1000 1000 10
0.166667 0.140278 0.048142 20 19 100 96 1 1000 1000 1000 10
0.166667 0.313191 0.052134 20 30 100 100 1 1000 1000 1000 10
0.166667 0.113514 0.045573 20 13 100 97 1 1000 1000 1000 10
0.166667 0.159098 0.042818 20 18 100 105 1 1000 1000 1000 10
0.166667 0.119244 0.042280 20 23 100 104 1 1000 1000 1000 10
0.166667 0.178280 0.047369 20 25 100 93 1 1000 1000 1000 10
0.166667 0.236785 0.047873 20 27 100 103 1 1000 1000 1000 10
0.166667 0.167288 0.040021 20 19 100 121 1 1000 1000 1000 10
0.166667 0.115503 0.040400 20 19 100 114 1 1000 1000 1000 10
0.166667 0.120334 0.045522 20 16 100 93 1 1000 1000 1000 10
0.166667 0.185107 0.047911 20 17 100 95 1 1000 1000 1000 10
0.166667 0.105226 0.043750 20 20 100 106 1 1000 1000 1000 10
0.166667 0.134389 0.045651 20 17 100 97 1 1000 1000 1000 10
0.166667 0.181866 0.045085 20 21 100 99 1 1000 1000 1000 10
0.166667 0.160432 0.045333 20 16 100 104 1 1000 1000 1000 10
0.166667 0.232253 0.045108 20 27 100 109 1 1000 1000 1000 10
0.166667 0.181871 0.046746 20 21 100 99 1 1000 1000 1000 10
0.166667 0.131876 0.042878 20 18 100 106 1 1000 1000 1000 10
0.166667 0.141074 0.042898 20 16 100 108 1 1000 1000 1000 10
0.166667 0.150129 0.048826 20 22 100 85 1 1000 1000 1000 10
0.166667 0.235822 0.050075 20 21 100 94 1 1000 1000 1000 10
0.166667 0.195583 0.047363 20 23 100 103 1 1000 1000 1000 10
0.166667 0.256888 0.051802 20 20 100 92 1 1000 1000 1000 10
0.166667 0.149097 0.043968 20 19 100 102 1 1000 1000 1000 10
0.166667 0.175430 0.051337 20 17 100 88 1 1000 1000 1000 10
0.166667 0.240812 0.045825 20 26 100 109 1 1000 1000 1000 10
0.166667 0.109243 0.039606 20 18 100 101 1 1000 1000 1000 10
0.166667 0.194557 0.043400 20 20 100 115 1 1000 1000 1000 10
0.166667 0.178013 0.048037 20 22 100 103 1 1000 1000 1000 10
0.166667 0.228459 0.042953 20 32 100 113 1 1000 1000 1000 10
0.166667 0.195267 0.045112 20 22 100 114 1 1000 1000 1000 10
0.166667 0.290790 0.052527 20 32 100 92 1 1000 1000 1000 10
0.166667 0.139887 0.049007 20 17 100 91 1 1000 1000 1000 10
0.166667 0.174957 0.046735 20 22 100 95 1 1000 1000 1000 10
0.166667 0.094841 0.042105 20 13 100 103 1 1000 1000 1000 10
0.166667 0.103979 0.040784 20 15 100 104 1 1000 1000 1000 10
0.166667 0.102919 0.037554 20 19 100 111 1 1000 1000 1000 10
0.166667 0.190277 0.044365 20 24 100 112 1 1000 1000 1000 10
0.166667 0.137609 0.045992 20 15 100 105 1 1000 1000 1000 10
0.166667 0.244447 0.052042 20 21 100 98 1 1000 1000 1000 10
0.166667 0.130874 0.043094 20 14 100 102 1 1000 1000 1000 10
0.166667 0.137120 0.044380 20 15 100 101 1 1000 1000 1000 10
0.166667 0.207939 0.045157 20 16 100 115 1 1000 1000 1000 10
0.166667 0.127077 0.044501 20 17 100 101 1 1000 1000 1000 10
0.166667 0.133377 0.041546 20 19 100 117 1 1000 1000 1000 10
0.166667 0.134266 0.042689 20 16 100 106 1 1000 1000 1000 10
0.166667 0.137017 0.045511 20 18 100 95 1 1000 1000 1000 10
0.166667 0.211127 0.052932 20 17 100 85 1 1000 1000 1000 10
0.166667 0.178705 0.047238 20 18 100 101 1 1000 1000 1000 10
0.166667 0.223796 0.048638 20 22 100 101 1 1000 1000 1000 10
0.166667 0.273732 0.050048 20 23 100 104 1 1000 1000 1000 10
0.166667 0.180894 0.044150 20 27 100 96 1 1000 1000 1000 10
0.166667 0.120703 0.041774 20 18 100 110 1 1000 1000 1000 10
0.166667 0.169616 0.044234 20 25 100 105 1 1000 1000 1000 10
0.166667 0.205092 0.049759 20 15 100 97 1 1000 1000 1000 10
0.166667 0.181558 0.044712 20 24 100 103 1 1000 1000 1000 10
0.166667 0.150625 0.045425 20 20 100 98 1 1000 1000 1000 10
0.166667 0.191221 0.044963 20 26 100 120 1 1000 1000 1000 10
0.166667 0.160928 0.041910 20 21 100 117 1 1000 1000 1000 10
0.166667 0.232064 0.047102 20 29 100 102 1 1000 1000 1000 10
0.166667 0.143035 0.046707 20 17 100 91 1 1000 1000 1000 10
0.166667 0.129004 0.042934 20 18 100 109 1 1000 1000 1000 10
0.166667 0.159007 0.047437 20 15 100 99 1 1000 1000 1000 10
0.166667 0.139349 0.043892 20 18 100 109 1 1000 1000 1000 10
0.166667 0.159884 0.046855 20 21 100 97 1 1000 1000 1000 10
0.166667 0.346739 0.055690 20 29 100 82 1 1000 1000 1000 10
0.166667 0.184917 0.045885 20 18 100 107 1 1000 1000 1000 10
0.166667 0.138789 0.043036 20 17 100 103 1 1000 1000 1000 10
0.166667 0.194304 0.047800 20 23 100 104 1 1000 1000 1000 10
0.166667 0.218837 0.047077 20 24 100 107 1 1000 1000 1000 10
0.166667 0.123833 0.041709 20 17 100 103 1 1000 1000 1000 10
0.166667 0.113564 0.046755 20 13 100 93 1 1000 1000 1000 10
0.166667 0.141583 0.041376 20 20 100 110 1 1000 1000 1000 10
0.166667 0.203468 0.044507 20 25 100 113 1 1000 1000 1000 10
0.166667 0.214555 0.054121 20 18 100 86 1 1000 1000 1000 10
0.166667 0.111285 0.039635 20 13 100 116 1 1000 1000 1000 10
0.166667 0.143905 0.045315 20 17 100 96 1 1000 1000 1000 10
0.166667 0.223741 0.053343 20 21 100 83 1 1000 1000 1000 10
0.166667 0.103784 0.044807 20 21 100 99 1 1000 1000 1000 10
0.166667 0.198289 0.050545 20 19 100 84 1 1000 1000 1000 10
0.166667 0.190131 0.048775 20 20 100 91 1 1000 1000 1000 10
0.166667 0.231601 0.054152 20 21 100 92 1 1000 1000 1000 10
0.166667 0.278491 0.050230 20 32 100 100 1 1000 1000 1000 10
0.166667 0.173709 0.046374 20 23 100 103 1 1000 1000 1000 10
0.166667 0.113569 0.044306 20 16 100 90 1 1000 1000 1000 10
0.166667 0.167865 0.054323 20 14 100 76 1 1000 1000 1000 10
0.166667 0.169689 0.042955 20 21 100 109 1 1000 1000 1000 10
0.166667 0.162926 0.046452 20 15 100 107 1 1000 1000 1000 10
0.166667 0.245635 0.052526 20 29 100 93 1 1000 1000 1000 10
0.166667 0.127187 0.044326 20 18 100 102 1 1000 1000 1000 10
0.166667 0.252018 0.048889 20 23 100 95 1 1000 1000 1000 10
0.166667 0.213982 0.046342 20 22 100 107 1 1000 1000 1000 10
0.166667 0.182729 0.048843 20 19 100 94 1 1000 1000 1000 10
0.166667 0.194863 0.048677 20 24 100 91 1 1000 1000 1000 10
0.166667 0.225838 0.048640 20 20 100 97 1 1000 1000 1000 10
0.166667 0.135207 0.046092 20 16 100 98 1 1000 1000 1000 10
0.166667 0.147159 0.041222 20 21 100 116 1 1000 1000 1000 10
0.166667 0.180692 0.045339 20 18 100 106 1 1000 1000 1000 10
0.166667 0.151189 0.044945 20 17 100 110 1 1000 1000 1000 10
0.166667 0.067867 0.036862 20 8 100 106 1 1000 1000 1000 10
0.166667 0.162386 0.049466 20 19 100 92 1 1000 1000 1000 10
0.166667 0.176463 0.052291 20 21 100 90 1 1000 1000 1000 10
0.166667 0.217242 0.046953 20 30 100 104 1 1000 1000 1000 10
0.166667 0.101334 0.038554 20 13 100 112 1 1000 1000 1000 10
0.166667 0.187116 0.049100 20 13 100 100 1 1000 1000 1000 10
0.166667 0.202833 0.048330 20 20 100 96 1 1000 1000 1000 10
0.166667 0.100715 0.042519 20 15 100 96 1 1000 1000 1000 10
0.166667 0.154802 0.043825 20 21 100 102 1 1000 1000 1000 10
0.166667 0.127105 0.039272 20 14 100 109 1 1000 1000 1000 10
0.166667 0.115952 0.041993 20 17 100 104 1 1000 1000 1000 10
0.166667 0.128958 0.043802 20 15 100 96 1 1000 1000 1000 10
0.166667 0.182976 0.047937 20 17 100 96 1 1000 1000 1000 10
0.166667 0.174226 0.048069 20 19 100 107 1 1000 1000 1000 10
0.166667 0.171556 0.045551 20 21 100 110 1 1000 1000 1000 10
0.166667 0.213293 0.048513 20 28 100 98 1 1000 1000 1000 10
0.166667 0.163881 0.048834 20 18 100 93 1 1000 1000 1000 10
0.166667 0.202370 0.049222 20 18 100 97 1 1000 1000 1000 10
0.166667 0.158739 0.041748 20 26 100 126 1 1000 1000 1000 10
0.166667 0.171484 0.042244 20 20 100 120 1 1000 1000 1000 10
0.166667 0.143647 0.048826 20 17 100 89 1 1000 1000 1000 10
0.166667 0.118243 0.045146 20 15 100 89 1 1000 1000 1000 10
0.166667 0.140376 0.044692 20 14 100 101 1 1000 1000 1000 10
0.166667 0.114231 0.042614 20 14 100 105 1 1000 1000 1000 10
0.166667 0.198911 0.048831 20 17 100 102 1 1000 1000 1000 10
0.166667 0.125816 0.044253 20 12 100 100 1 1000 1000 1000 10
0.166667 0.168465 0.047271 20 18 100 105 1 1000 1000 1000 10
0.166667 0.227799 0.052033 20 20 100 83 1 1000 1000 1000 10
0.166667 0.145275 0.047465 20 19 100 104 1 1000 1000 1000 10
0.166667 0.123116 0.045969 20 14 100 85 1 1000 1000 1000 10
0.166667 0.217654 0.048988 20 22 100 106 1 1000 1000 1000 10
0.166667 0.148084 0.045858 20 18 100 101 1 1000 1000 1000 10
0.166667 0.231812 0.051966 20 21 100 90 1 1000 1000 1000 10
0.166667 0.130381 0.043799 20 14 100 98 1 1000 1000 1000 10
0.166667 0.116749 0.044593 20 19 100 99 1 1000 1000 1000 10
0.166667 0.184687 0.047268 20 21 100 103 1 1000 1000 1000 10
0.166667 0.311413 0.050485 20 30 100 99 1 1000 1000 1000 10
0.166667 0.088640 0.034649 20 17 100 126 1 1000 1000 1000 10
0.166667 0.176058 0.048138 20 19 100 95 1 1000 1000 1000 10
0.166667 0.151646 0.044991 20 22 100 98 1 1000 1000 1000 10
0.166667 0.185133 0.049161 20 16 100 88 1 1000 1000 1000 10
0.166667 0.118368 0.043913 20 18 100 94 1 1000 1000 1000 10
0.166667 0.150863 0.049044 20 15 100 91 1 1000 1000 1000 10
0.166667 0.211088 0.047333 20 21 100 100 1 1000 1000 1000 10
0.166667 0.120025 0.044116 20 15 100 98 1 1000 1000 1000 10
0.166667 0.110332 0.041646 20 20 100 105 1 1000 1000 1000 10
0.166667 0.136105 0.043140 20 16 100 105 1 1000 1000 1000 10
0.166667 0.147327 0.042606 20 19 100 112 1 1000 1000 1000 10
0.166667 0.094080 0.037988 20 12 100 114 1 1000 1000 1000 10
0.166667 0.145037 0.041355 20 22 100 118 1 1000 1000 1000 10
0.166667 0.222839 0.049376 20 23 100 91 1 1000 1000 1000 10
0.166667 0.153194 0.045503 20 15 100 106 1 1000 1000 1000 10
0.166667 0.207801 0.050247 20 25 100 96 1 1000 1000 1000 10
0.166667 0.227963 0.051269 20 21 100 98 1 1000 1000 1000 10
0.166667 0.142198 0.044145 20 17 100 105 1 1000 1000 1000 10
0.166667 0.203530 0.049259 20 28 100 96 1 1000 1000 1000 10
0.166667 0.139966 0.044314 20 20 100 99 1 1000 1000 1000 10
0.166667 0.247137 0.049988 20 24 100 97 1 1000 1000 1000 10
0.166667 0.170465 0.049819 20 23 100 85 1 1000 1000 1000 10
0.166667 0.172063 0.045259 20 20 100 101 1 1000 1000 1000 10
0.166667 0.158292 0.048650 20 17 100 91 1 1000 1000 1000 10
0.166667 0.208188 0.047678 20 26 100 102 1 1000 1000 1000 10
0.166667 0.241837 0.046485 20 30 100 104 1 1000 1000 1000 10
0.166667 0.143292 0.042843 20 21 100 126 1 1000 1000 1000 10
0.166667 0.135144 0.042433 20 20 100 112 1 1000 1000 1000 10
0.166667 0.111879 0.040873 20 15 100 110 1 1000 1000 1000 10
0.166667 0.210692 0.048366 20 23 100 95 1 1000 1000 1000 10
0.166667 0.092418 0.040031 20 13 100 104 1 1000 1000 1000 10
0.166667 0.228727 0.052404 20 22 100 93 1 1000 1000 1000 10
0.166667 0.262211 0.051348 20 22 100 99 1 1000 1000 1000 10
0.166667 0.194262 0.046745 20 17 100 103 1 1000 1000 1000 10
0.166667 0.228611 0.049999 20 20 100 97 1 1000 1000 1000 10
0.166667 0.179789 0.050237 20 14 100 98 1 1000 1000 1000 10
0.166667 0.184201 0.043270 20 27 100 120 1 1000 1000 1000 10
0.166667 0.176130 0.048378 20 17 100 97 1 1000 1000 1000 10
0.166667 0.212083 0.048350 20 23 100 100 1 1000 1000 1000 10
0.166667 0.116396 0.043071 20 15 100 99 1 1000 1000 1000 10
0.166667 0.205723 0.044064 20 22 100 108 1 1000 1000 1000 10
0.166667 0.252711 0.046637 20 27 100 118 1 1000 1000 1000 10
0.166667 0.147491 0.041666 20 25 100 126 1 1000 1000 1000 10
0.166667 0.202911 0.047952 20 19 100 111 1 1000 1000 1000 10
0.166667 0.183718 0.049188 20 25 100 95 1 1000 1000 1000 10
0.166667 0.168382 0.046309 20 20 100 112 1 1000 1000 1000 10
0.166667 0.091477 0.038684 20 13 100 117 1 1000 1000 1000 10
0.166667 0.186106 0.049752 20 19 100 94 1 1000 1000 1000 10
0.166667 0.167977 0.046726 20 24 100 96 1 1000 1000 1000 10
0.166667 0.198226 0.048807 20 19 100 101 1 1000 1000 1000 10
0.166667 0.141993 0.044731 20 17 100 100 1 1000 1000 1000 10
0.166667 0.224720 0.052958 20 26 100 81 1 1000 1000 1000 10
0.166667 0.180077 0.052685 20 14 100 94 1 1000 1000 1000 10
0.166667 0.133097 0.046297 20 19 100 105 1 1000 1000 1000 10
0.166667 0.223909 0.049280 20 24 100 101 1 1000 1000 1000 10
0.166667 0.206083 0.049287 20 17 100 86 1 1000 1000 1000 10
0.166667 0.133874 0.041768 20 10 100 114 1 1000 1000 1000 10
0.166667 0.250239 0.053155 20 23 100 79 1 1000 1000 1000 10
0.166667 0.171189 0.042536 20 22 100 114 1 1000 1000 1000 10
0.166667 0.212209 0.051574 20 23 100 91 1 1000 1000 1000 10
0.166667 0.208469 0.046289 20 24 100 106 1 1000 1000 1000 10
0.166667 0.230971 0.048396 20 17 100 106 1 1000 1000 1000 10
0.166667 0.140131 0.048956 20 18 100 90 1 1000 1000 1000 10
0.166667 0.152087 0.044857 20 22 100 105 1 1000 1000 1000 10
0.166667 0.162047 0.047317 20 21 100 96 1 1000 1000 1000 10
0.166667 0.224429 0.049293 20 25 100 94 1 1000 1000 1000 10
0.166667 0.173207 0.053338 20 15 100 82 1 1000 1000 1000 10
0.166667 0.203269 0.045981 20 26 100 100 1 1000 1000 1000 10
0.166667 0.183529 0.047425 20 26 100 102 1 1000 1000 1000 10
0.166667 0.102998 0.046906 20 10 100 87 1 1000 1000 1000 10
0.166667 0.152253 0.047438 20 21 100 96 1 1000 1000 1000 10
0.166667 0.200807 0.048654 20 28 100 98 1 1000 1000 1000 10
0.166667 0.166141 0.045961 20 21 100 93 1 1000 1000 1000 10
0.166667 0.099787 0.041889 20 11 100 105 1 1000 1000 1000 10
0.166667 0.246841 0.045491 20 26 100 106 1 1000 1000 1000 10
0.166667 0.101833 0.043873 20 22 100 96 1 1000 1000 1000 10
0.166667 0.122346 0.041603 20 14 100 113 1 1000 1000 1000 10
0.166667 0.096146 0.043764 20 9 100 92 1 1000 1000 1000 10
0.166667 0.147914 0.045848 20 14 100 98 1 1000 1000 1000 10
0.166667 0.167795 0.044441 20 25 100 107 1 1000 1000 1000 10
0.166667 0.178415 0.046502 20 21 100 100 1 1000 1000 1000 10
0.166667 0.169380 0.046504 20 21 100 106 1 1000 1000 1000 10
0.166667 0.199211 0.051626 20 21 100 84 1 1000 1000 1000 10
0.166667 0.181060 0.044069 20 21 100 110 1 1000 1000 1000 10
0.166667 0.203570 0.048855 20 16 100 102 1 1000 1000 1000 10
0.166667 0.185909 0.049375 20 22 100 93 1 1000 1000 1000 10
0.166667 0.129405 0.044304 20 18 100 105 1 1000 1000 1000 10
0.166667 0.163460 0.047621 20 22 100 92 1 1000 1000 1000 10
0.166667 0.266208 0.046489 20 25 100 116 1 1000 1000 1000 10
0.166667 0.168036 0.049821 20 20 100 95 1 1000 1000 1000 10
0.166667 0.116832 0.042578 20 24 100 98 1 1000 1000 1000 10
0.166667 0.175910 0.047183 20 27 100 85 1 1000 1000 1000 10
0.166667 0.145223 0.046170 20 16 100 101 1 1000 1000 1000 10
0.166667 0.139767 0.042270 20 19 100 108 1 1000 1000 1000 10
0.166667 0.150389 0.047465 20 16 100 98 1 1000 1000 1000 10
0.166667 0.149433 0.047993 20 17 100 106 1 1000 1000 1000 10
0.166667 0.271411 0.052495 20 26 100 93 1 1000 1000 1000 10
0.166667 0.235412 0.052630 20 24 100 93 1 1000 1000 1000 10
0.166667 0.197585 0.045859 20 25 100 99 1 1000 1000 1000 10
0.166667 0.188900 0.048618 20 25 100 96 1 1000 1000 1000 10
0.166667 0.064109 0.038184 20 14 100 95 1 1000 1000 1000 10
0.166667 0.166771 0.046535 20 18 100 104 1 1000 1000 1000 10
0.166667 0.198605 0.047577 20 26 100 106 1 1000 1000 1000 10
0.166667 0.158286 0.045820 20 19 100 112 1 1000 1000 1000 10
0.166667 0.220648 0.043448 20 26 100 115 1 1000 1000 1000 10
0.166667 0.231532 0.048150 20 24 100 107 1 1000 1000 1000 10
0.166667 0.171692 0.048487 20 21 100 99 1 1000 1000 1000 10
0.166667 0.204051 0.050464 20 19 100 99 1 1000 1000 1000 10
0.166667 0.274510 0.051807 20 25 100 88 1 1000 1000 1000 10
0.166667 0.180682 0.046634 20 25 100 106 1 1000 1000 1000 10
0.166667 0.183507 0.053341 20 14 100 87 1 1000 1000 1000 10
0.166667 0.191911 0.043838 20 25 100 115 1 1000 1000 1000 10
0.166667 0.242675 0.052240 20 22 100 91 1 1000 1000 1000 10
0.166667 0.184160 0.046546 20 20 100 101 1 1000 1000 1000 10
0.166667 0.124037 0.042434 20 19 100 110 1 1000 1000 1000 10
0.166667 0.108359 0.043440 20 16 100 103 1 1000 1000 1000 10
0.166667 0.155749 0.045433 20 25 100 94 1 1000 1000 1000 10
0.166667 0.088521 0.039375 20 12 100 107 1 1000 1000 1000 10
0.166667 0.112833 0.042933 20 17 100 94 1 1000 1000 1000 10
0.166667 0.191255 0.047228 20 20 100 102 1 1000 1000 1000 10
0.166667 0.181273 0.043808 20 25 100 111 1 1000 1000 1000 10
0.166667 0.108235 0.039999 20 17 100 102 1 1000 1000 1000 10
0.166667 0.237209 0.049367 20 26 100 97 1 1000 1000 1000 10
0.166667 0.144008 0.044835 20 22 100 93 1 1000 1000 1000 10
0.166667 0.143845 0.043594 20 16 100 107 1 1000 1000 1000 10
0.166667 0.192221 0.052611 20 17 100 86 1 1000 1000 1000 10
0.166667 0.193512 0.051745 20 16 100 85 1 1000 1000 1000 10
0.166667 0.086733 0.041420 20 13 100 95 1 1000 1000 1000 10
0.166667 0.181563 0.044109 20 29 100 110 1 1000 1000 1000 10
0.166667 0.181142 0.051661 20 12 100 97 1 1000 1000 1000 10
0.166667 0.250929 0.053856 20 27 100 83 1 1000 1000 1000 10
0.166667 0.125587 0.048317 20 17 100 86 1 1000 1000 1000 10
0.166667 0.128397 0.046644 20 18 100 84 1 1000 1000 1000 10
0.166667 0.164919 0.045014 20 22 100 108 1 1000 1000 1000 10
0.166667 0.257247 0.051529 20 24 100 95 1 1000 1000 1000 10
0.166667 0.202587 0.046172 20 20 100 104 1 1000 1000 1000 10
0.166667 0.127497 0.038829 20 24 100 120 1 1000 1000 1000 10
0.166667 0.170909 0.050407 20 20 100 93 1 1000 1000 1000 10
0.166667 0.204872 0.049924 20 19 100 98 1 1000 1000 1000 10
0.166667 0.238185 0.054137 20 21 100 83 1 1000 1000 1000 10
0.166667 0.117711 0.043185 20 19 100 102 1 1000 1000 1000 10
0.166667 0.149231 0.046427 20 15 100 97 1 1000 1000 1000 10
0.166667 0.127647 0.038375 20 18 100 128 1 1000 1000 1000 10
0.166667 0.160910 0.050598 20 20 100 85 1 1000 1000 1000 10
0.166667 0.155561 0.046561 20 21 100 90 1 1000 1000 1000 10
0.166667 0.223980 0.045577 20 24 100 115 1 1000 1000 1000 10
0.166667 0.128317 0.044637 20 17 100 106 1 1000 1000 1000 10
0.166667 0.182915 0.044840 20 28 100 108 1 1000 1000 1000 10
0.166667 0.104744 0.042273 20 16 100 97 1 1000 1000 1000 10
0.166667 0.189895 0.046949 20 23 100 98 1 1000 1000 1000 10
0.166667 0.156071 0.048294 20 18 100 89 1 1000 1000 1000 10
0.166667 0.162842 0.044519 20 19 100 94 1 1000 1000 1000 10
0.166667 0.135492 0.045294 20 13 100 110 1 1000 1000 1000 10
0.166667 0.105848 0.041274 20 14 100 103 1 1000 1000 1000 10
0.166667 0.130339 0.044742 20 17 100 86 1 1000 1000 1000 10
0.166667 0.070895 0.037664 20 11 100 102 1 1000 1000 1000 10
0.166667 0.177412 0.047289 20 25 100 97 1 1000 1000 1000 10
0.166667 0.150050 0.045732 20 19 100 104 1 1000 1000 1000 10
0.166667 0.129856 0.049734 20 16 100 88 1 1000 1000 1000 10
0.166667 0.159576 0.044266 20 23 100 106 1 1000 1000 1000 10
0.166667 0.100805 0.044249 20 16 100 95 1 1000 1000 1000 10
0.166667 0.206491 0.045343 20 24 100 103 1 1000 1000 1000 10
0.166667 0.278778 0.055414 20 29 100 79 1 1000 1000 1000 10
0.166667 0.075386 0.038853 20 12 100 110 1 1000 1000 1000 10
0.166667 0.106433 0.042661 20 16 100 90 1 1000 1000 1000 10
0.166667 0.211089 0.049741 20 26 100 89 1 1000 1000 1000 10
0.166667 0.205192 0.049718 20 16 100 102 1 1000 1000 1000 10
0.166667 0.158594 0.045238 20 24 100 100 1 1000 1000 1000 10
0.166667 0.156298 0.045887 20 22 100 107 1 1000 1000 1000 10
0.166667 0.214638 0.052534 20 22 100 90 1 1000 1000 1000 10
0.166667 0.280739 0.050469 20 32 100 96 1 1000 1000 1000 10
0.166667 0.186269 0.044676 20 24 100 110 1 1000 1000 1000 10
0.166667 0.102028 0.041903 20 15 100 105 1 1000 1000 1000 10
0.166667 0.263471 0.048075 20 29 100 101 1 1000 1000 1000 10
0.166667 0.096936 0.037207 20 19 100 133 1 1000 1000 1000 10
0.166667 0.256834 0.050123 20 26 100 102 1 1000 1000 1000 10
0.166667 0.168213 0.048569 20 23 100 95 1 1000 1000 1000 10
0.166667 0.138188 0.042517 20 18 100 108 1 1000 1000 1000 10
0.166667 0.149408 0.044405 20 16 100 100 1 1000 1000 1000 10
0.166667 0.182269 0.045992 20 17 100 106 1 1000 1000 1000 10
0.166667 0.195352 0.049709 20 18 100 105 1 1000 1000 1000 10
0.166667 0.225688 0.053841 20 25 100 81 1 1000 1000 1000 10
0.166667 0.137151 0.043203 20 23 100 105 1 1000 1000 1000 10
0.166667 0.182602 0.046702 20 21 100 108 1 1000 1000 1000 10
0.166667 0.193676 0.047240 20 18 100 107 1 1000 1000 1000 10
0.166667 0.072273 0.037632 20 10 100 91 1 1000 1000 1000 10
0.166667 0.175959 0.043701 20 19 100 125 1 1000 1000 1000 10
0.166667 0.130731 0.045614 20 20 100 105 1 1000 1000 1000 10
0.166667 0.171938 0.048022 20 16 100 94 1 1000 1000 1000 10
0.166667 0.164027 0.046223 20 16 100 104 1 1000 1000 1000 10
0.166667 0.160275 0.044376 20 21 100 105 1 1000 1000 1000 10
0.166667 0.148018 0.045640 20 15 100 101 1 1000 1000 1000 10
0.166667 0.157867 0.046998 20 16 100 108 1 1000 1000 1000 10
0.166667 0.166882 0.042471 20 23 100 113 1 1000 1000 1000 10
0.166667 0.202970 0.048312 20 21 100 100 1 1000 1000 1000 10
0.166667 0.110070 0.038533 20 20 100 112 1 1000 1000 1000 10
0.166667 0.194846 0.050552 20 23 100 91 1 1000 1000 1000 10
0.166667 0.187125 0.047776 20 21 100 92 1 1000 1000 1000 10
0.166667 0.210300 0.043930 20 20 100 114 1 1000 1000 1000 10
0.166667 0.059081 0.038813 20 11 100 101 1 1000 1000 1000 10
0.166667 0.150387 0.046543 20 20 100 97 1 1000 1000 1000 10
0.166667 0.157419 0.043243 20 16 100 110 1 1000 1000 1000 10
0.166667 0.192119 0.047847 20 18 100 98 1 1000 1000 1000 10
0.166667 0.128338 0.042770 20 13 100 102 1 1000 1000 1000 10
0.166667 0.188602 0.049036 20 16 100 96 1 1000 1000 1000 10
0.166667 0.222451 0.047248 20 17 100 112 1 1000 1000 1000 10
0.166667 0.127938 0.040621 20 16 100 122 1 1000 1000 1000 10
0.166667 0.178868 0.046610 20 22 100 100 1 1000 1000 1000 10
0.166667 0.153906 0.043715 20 18 100 115 1 1000 1000 1000 10
0.166667 0.120348 0.045109 20 16 100 105 1 1000 1000 1000 10
0.166667 0.108230 0.045765 20 15 100 85 1 1000 1000 1000 10
0.166667 0.139674 0.044437 20 17 100 101 1 1000 1000 1000 10
0.166667 0.247496 0.046140 20 22 100 112 1 1000 1000 1000 10
0.166667 0.231326 0.051974 20 24 100 88 1 1000 1000 1000 10
0.166667 0.156861 0.046053 20 27 100 111 1 1000 1000 1000 10
0.166667 0.144896 0.046062 20 19 100 97 1 1000 1000 1000 10
0.166667 0.217052 0.053875 20 25 100 78 1 1000 1000 1000 10
0.166667 0.105572 0.040696 20 14 100 111 1 1000 1000 1000 10
0.166667 0.180640 0.043338 20 25 100 117 1 1000 1000 1000 10
0.166667 0.184698 0.049444 20 21 100 91 1 1000 1000 1000 10
0.166667 0.264003 0.050953 20 26 100 92 1 1000 1000 1000 10
0.166667 0.115625 0.043494 20 18 100 101 1 1000 1000 1000 10
0.166667 0.118416 0.040683 20 19 100 124 1 1000 1000 1000 10
0.166667 0.119847 0.041945 20 22 100 105 1 1000 1000 1000 10
0.166667 0.198182 0.045882 20 27 100 94 1 1000 1000 1000 10
0.166667 0.179850 0.049882 20 18 100 93 1 1000 1000 1000 10
0.166667 0.252003 0.049290 20 28 100 95 1 1000 1000 1000 10
0.166667 0.113874 0.042194 20 20 100 101 1 1000 1000 1000 10
0.166667 0.197285 0.045455 20 19 100 105 1 1000 1000 1000 10
0.166667 0.115123 0.041101 20 24 100 115 1 1000 1000 1000 10
0.166667 0.135500 0.040728 20 22 100 107 1 1000 1000 1000 10
0.166667 0.159215 0.043907 20 24 100 103 1 1000 1000 1000 10
0.166667 0.194195 0.046569 20 18 100 106 1 1000 1000 1000 10
0.166667 0.215977 0.048680 20 28 100 94 1 1000 1000 1000 10
0.166667 0.224906 0.053960 20 22 100 88 1 1000 1000 1000 10
0.166667 0.253141 0.048693 20 20 100 108 1 1000 1000 1000 10
0.166667 0.115406 0.041023 20 15 100 114 1 1000 1000 1000 10
0.166667 0.164747 0.045713 20 23 100 102 1 1000 1000 1000 10
0.166667 0.204757 0.050844 20 17 100 97 1 1000 1000 1000 10
0.166667 0.130457 0.040570 20 21 100 110 1 1000 1000 1000 10
0.166667 0.140725 0.041705 20 14 100 112 1 1000 1000 1000 10
0.166667 0.085311 0.039104 20 13 100 119 1 1000 1000 1000 10
0.166667 0.158892 0.044572 20 22 100 106 1 1000 1000 1000 10
0.166667 0.175562 0.045336 20 20 100 102 1 1000 1000 1000 10
0.166667 0.177292 0.045653 20 19 100 105 1 1000 1000 1000 10
0.166667 0.141179 0.039931 20 13 100 123 1 1000 1000 1000 10
0.166667 0.135716 0.045222 20 16 100 94 1 1000 1000 1000 10
0.166667 0.153841 0.046136 20 20 100 99 1 1000 1000 1000 10
0.166667 0.129845 0.043648 20 23 100 118 1 1000 1000 1000 10
0.166667 0.216467 0.050079 20 16 100 89 1 1000 1000 1000 10
0.166667 0.160093 0.046576 20 16 100 106 1 1000 1000 1000 10
0.166667 0.155487 0.045610 20 17 100 95 1 1000 1000 1000 10
0.166667 0.193494 0.047242 20 22 100 99 1 1000 1000 1000 10
0.166667 0.187221 0.046916 20 17 100 108 1 1000 1000 1000 10
0.166667 0.211175 0.048923 20 22 100 97 1 1000 1000 1000 10
0.166667 0.103869 0.041476 20 19 100 102 1 1000 1000 1000 10
0.166667 0.214681 0.047164 20 20 100 107 1 1000 1000 1000 10
0.166667 0.184114 0.047620 20 26 100 97 1 1000 1000 1000 10
0.166667 0.172131 0.045893 20 18 100 115 1 1000 1000 1000 10
0.166667 0.228629 0.048816 20 28 100 100 1 1000 1000 1000 10
0.166667 0.231989 0.045795 20 29 100 111 1 1000 1000 1000 10
0.166667 0.131312 0.044336 20 17 100 102 1 1000 1000 1000 10
0.166667 0.159883 0.048931 20 15 100 91 1 1000 1000 1000 10
0.166667 0.250102 0.052041 20 26 100 86 1 1000 1000 1000 10
0.166667 0.192905 0.046613 20 24 100 106 1 1000 1000 1000 10
0.166667 0.116158 0.045480 20 15 100 93 1 1000 1000 1000 10
0.166667 0.186423 0.047290 20 26 100 92 1 1000 1000 1000 10
0.166667 0.129956 0.047671 20 13 100 90 1 1000 1000 1000 10
0.166667 0.169197 0.044700 20 19 100 115 1 1000 1000 1000 10
0.166667 0.059649 0.035046 20 17 100 121 1 1000 1000 1000 10
0.166667 0.150208 0.045744 20 19 100 96 1 1000 1000 1000 10
0.166667 0.224228 0.054440 20 22 100 84 1 1000 1000 1000 10
0.166667 0.123561 0.043076 20 21 100 100 1 1000 1000 1000 10
0.166667 0.157070 0.046202 20 23 100 97 1 1000 1000 1000 10
0.166667 0.222185 0.053930 20 19 100 91 1 1000 1000 1000 10
