0.166667 0.191347 0.013348 200 187 1000 968 1000 1000 0 20
0.166667 0.209850 0.013544 200 200 1000 985 1000 1000 0 20
0.166667 0.194208 0.012986 200 211 1000 1045 1000 1000 0 20
0.166667 0.202361 0.013332 200 214 1000 1004 1000 1000 0 20
0.166667 0.201691 0.013279 200 209 1000 1016 1000 1000 0 20
0.166667 0.212299 0.013564 200 210 1000 984 1000 1000 0 20
0.166667 0.206533 0.013635 200 205 1000 986 1000 1000 0 20
0.166667 0.209126 0.013592 200 194 1000 961 1000 1000 0 20
0.166667 0.189447 0.013030 200 199 1000 1021 1000 1000 0 20
0.166667 0.195132 0.012911 200 203 1000 1018 1000 1000 0 20
0.166667 0.216395 0.013684 200 210 1000 975 1000 1000 0 20
0.166667 0.209699 0.013670 200 205 1000 971 1000 1000 0 20
0.166667 0.203741 0.013371 200 203 1000 1009 1000 1000 0 20
0.166667 0.217975 0.014018 200 212 1000 935 1000 1000 0 20
0.166667 0.197882 0.013363 200 196 1000 971 1000 1000 0 20
0.166667 0.203247 0.013233 200 215 1000 1030 1000 1000 0 20
0.166667 0.201899 0.013007 200 215 1000 1023 1000 1000 0 20
0.166667 0.202585 0.013400 200 193 1000 989 1000 1000 0 20
0.166667 0.160174 0.011925 200 173 1000 1063 1000 1000 0 20
0.166667 0.165083 0.012607 200 174 1000 1016 1000 1000 0 20
0.166667 0.210064 0.013808 200 199 1000 935 1000 1000 0 20
0.166667 0.196759 0.013352 200 189 1000 977 1000 1000 0 20
0.166667 0.177638 0.012641 200 184 1000 1014 1000 1000 0 20
0.166667 0.177679 0.012517 200 192 1000 1071 1000 1000 0 20
0.166667 0.184936 0.013008 200 189 1000 990 1000 1000 0 20
0.166667 0.219201 0.013807 200 211 1000 949 1000 1000 0 20
0.166667 0.191654 0.013092 200 199 1000 991 1000 1000 0 20
0.166667 0.195894 0.013170 200 185 1000 1005 1000 1000 0 20
0.166667 0.172533 0.012561 200 181 1000 996 1000 1000 0 20
0.166667 0.182952 0.012609 200 193 1000 1073 1000 1000 0 20
0.166667 0.184977 0.013105 200 188 1000 1006 1000 1000 0 20
0.166667 0.200667 0.013380 200 197 1000 1023 1000 1000 0 20
0.166667 0.185479 0.012783 200 196 1000 1007 1000 1000 0 20
0.166667 0.210764 0.013728 200 207 1000 961 1000 1000 0 20
0.166667 0.224483 0.013625 200 234 1000 1015 1000 1000 0 20
0.166667 0.195514 0.013516 200 195 1000 979 1000 1000 0 20
0.166667 0.174484 0.012708 200 178 1000 1025 1000 1000 0 20
0.166667 0.198305 0.013464 200 197 1000 975 1000 1000 0 20
0.166667 0.226721 0.014087 200 211 1000 948 1000 1000 0 20
0.166667 0.202869 0.012746 200 230 1000 1079 1000 1000 0 20
0.166667 0.207250 0.013385 200 215 1000 998 1000 1000 0 20
0.166667 0.181406 0.013297 200 173 1000 996 1000 1000 0 20
0.166667 0.203713 0.013439 200 198 1000 965 1000 1000 0 20
0.166667 0.221209 0.013642 200 217 1000 978 1000 1000 0 20
0.166667 0.195809 0.013315 200 194 1000 1018 1000 1000 0 20
0.166667 0.213503 0.013583 200 210 1000 975 1000 1000 0 20
0.166667 0.189587 0.013248 200 200 1000 970 1000 1000 0 20
0.166667 0.212819 0.013482 200 216 1000 1003 1000 1000 0 20
0.166667 0.224978 0.013839 200 230 1000 986 1000 1000 0 20
0.166667 0.192746 0.013030 200 188 1000 1008 1000 1000 0 20
0.166667 0.193593 0.012943 200 204 1000 1025 1000 1000 0 20
0.166667 0.191959 0.013242 200 195 1000 995 1000 1000 0 20
0.166667 0.208057 0.013508 200 205 1000 1014 1000 1000 0 20
0.166667 0.220927 0.013731 200 221 1000 970 1000 1000 0 20
0.166667 0.196150 0.013289 200 200 1000 985 1000 1000 0 20
0.166667 0.175607 0.012854 200 173 1000 1030 1000 1000 0 20
0.166667 0.184776 0.012788 200 192 1000 1025 1000 1000 0 20
0.166667 0.200441 0.013284 200 200 1000 1009 1000 1000 0 20
0.166667 0.202744 0.013651 200 191 1000 973 1000 1000 0 20
0.166667 0.196495 0.012987 200 209 1000 1039 1000 1000 0 20
0.166667 0.199685 0.013233 200 204 1000 1007 1000 1000 0 20
0.166667 0.214427 0.013539 200 217 1000 980 1000 1000 0 20
0.166667 0.195593 0.013286 200 204 1000 1009 1000 1000 0 20
0.166667 0.194159 0.013179 200 197 1000 990 1000 1000 0 20
0.166667 0.191629 0.013579 200 189 1000 940 1000 1000 0 20
0.166667 0.207355 0.013540 200 207 1000 955 1000 1000 0 20
0.166667 0.198626 0.013286 200 217 1000 993 1000 1000 0 20
0.166667 0.193393 0.012903 200 202 1000 1015 1000 1000 0 20
0.166667 0.188802 0.013178 200 184 1000 975 1000 1000 0 20
0.166667 0.177954 0.012758 200 180 1000 1046 1000 1000 0 20
0.166667 0.186192 0.013109 200 182 1000 1026 1000 1000 0 20
0.166667 0.198614 0.013135 200 199 1000 1012 1000 1000 0 20
0.166667 0.203859 0.013176 200 210 1000 999 1000 1000 0 20
0.166667 0.176011 0.013072 200 175 1000 981 1000 1000 0 20
0.166667 0.218341 0.013587 200 217 1000 1014 1000 1000 0 20
0.166667 0.232680 0.013704 200 237 1000 1003 1000 1000 0 20
0.166667 0.185429 0.012952 200 186 1000 1007 1000 1000 0 20
0.166667 0.206455 0.013981 200 191 1000 973 1000 1000 0 20
0.166667 0.201598 0.012901 200 209 1000 1059 1000 1000 0 20
0.166667 0.214113 0.013410 200 219 1000 1003 1000 1000 0 20
0.166667 0.215593 0.013692 200 193 1000 956 1000 1000 0 20
0.166667 0.169876 0.012672 200 175 1000 1017 1000 1000 0 20
0.166667 0.181097 0.012928 200 193 1000 1008 1000 1000 0 20
0.166667 0.207088 0.013500 200 217 1000 990 1000 1000 0 20
0.166667 0.189145 0.013047 200 189 1000 1004 1000 1000 0 20
0.166667 0.204292 0.013025 200 223 1000 1043 1000 1000 0 20
0.166667 0.189078 0.013215 200 188 1000 978 1000 1000 0 20
0.166667 0.191755 0.012795 200 201 1000 1048 1000 1000 0 20
0.166667 0.200729 0.013071 200 207 1000 1043 1000 1000 0 20
0.166667 0.180440 0.012886 200 195 1000 1047 1000 1000 0 20
0.166667 0.189817 0.012885 200 187 1000 1037 1000 1000 0 20
0.166667 0.208441 0.013484 200 213 1000 968 1000 1000 0 20
0.166667 0.198827 0.013171 200 200 1000 986 1000 1000 0 20
0.166667 0.188245 0.013048 200 184 1000 991 1000 1000 0 20
0.166667 0.201880 0.013631 200 195 1000 973 1000 1000 0 20
0.166667 0.192577 0.013175 200 192 1000 1022 1000 1000 0 20
0.166667 0.199847 0.013688 200 183 1000 945 1000 1000 0 20
0.166667 0.191891 0.013135 200 203 1000 1003 1000 1000 0 20
0.166667 0.203162 0.013042 200 217 1000 1041 1000 1000 0 20
0.166667 0.180655 0.012751 200 189 1000 1021 1000 1000 0 20
0.166667 0.180375 0.012910 200 180 1000 988 1000 1000 0 20
0.166667 0.187979 0.013054 200 185 1000 982 1000 1000 0 20
0.166667 0.198995 0.013337 200 198 1000 980 1000 1000 0 20
0.166667 0.184896 0.012905 200 174 1000 986 1000 1000 0 20
0.166667 0.227867 0.013700 200 223 1000 991 1000 1000 0 20
0.166667 0.170298 0.012395 200 176 1000 1072 1000 1000 0 20
0.166667 0.213537 0.013589 200 212 1000 996 1000 1000 0 20
0.166667 0.199885 0.013126 200 206 1000 1022 1000 1000 0 20
0.166667 0.183286 0.012898 200 188 1000 1015 1000 1000 0 20
0.166667 0.193110 0.012727 200 198 1000 1109 1000 1000 0 20
0.166667 0.192110 0.013268 200 202 1000 956 1000 1000 0 20
0.166667 0.200992 0.013256 200 195 1000 1008 1000 1000 0 20
0.166667 0.192154 0.013271 200 188 1000 980 1000 1000 0 20
0.166667 0.173026 0.012517 200 177 1000 1038 1000 1000 0 20
0.166667 0.199383 0.013301 200 199 1000 984 1000 1000 0 20
0.166667 0.211668 0.013231 200 216 1000 1026 1000 1000 0 20
0.166667 0.220758 0.013633 200 219 1000 978 1000 1000 0 20
0.166667 0.214565 0.013124 200 224 1000 1026 1000 1000 0 20
0.166667 0.205155 0.013847 200 186 1000 957 1000 1000 0 20
0.166667 0.195703 0.013010 200 200 1000 1031 1000 1000 0 20
0.166667 0.213326 0.013696 200 199 1000 965 1000 1000 0 20
0.166667 0.213320 0.013564 200 220 1000 990 1000 1000 0 20
0.166667 0.208104 0.013563 200 207 1000 979 1000 1000 0 20
0.166667 0.206706 0.013608 200 207 1000 998 1000 1000 0 20
0.166667 0.201056 0.013153 200 195 1000 1010 1000 1000 0 20
0.166667 0.202700 0.013170 200 202 1000 1022 1000 1000 0 20
0.166667 0.228210 0.013638 200 233 1000 985 1000 1000 0 20
0.166667 0.198001 0.012868 200 202 1000 1011 1000 1000 0 20
0.166667 0.210174 0.013125 200 215 1000 1050 1000 1000 0 20
0.166667 0.208918 0.013176 200 213 1000 999 1000 1000 0 20
0.166667 0.219593 0.013713 200 212 1000 993 1000 1000 0 20
0.166667 0.184878 0.012835 200 192 1000 1025 1000 1000 0 20
0.166667 0.237916 0.013774 200 235 1000 1001 1000 1000 0 20
0.166667 0.177674 0.012785 200 183 1000 1026 1000 1000 0 20
0.166667 0.196384 0.012773 200 205 1000 1059 1000 1000 0 20
0.166667 0.206511 0.013303 200 198 1000 1007 1000 1000 0 20
0.166667 0.194694 0.013398 200 192 1000 967 1000 1000 0 20
0.166667 0.178462 0.012826 200 190 10009 1000 1000 0 20
0.166667 0.210770 0.013878 200 202 1000 955 1000 1000 0 20
0.166667 0.199304 0.013229 200 207 1000 982 1000 1000 0 20
0.166667 0.195253 0.013229 200 187 1000 974 1000 1000 0 20
0.166667 0.217596 0.013415 200 220 1000 1012 1000 1000 0 20
0.166667 0.171048 0.013052 200 164 1000 988 1000 1000 0 20
0.166667 0.208247 0.013082 200 206 1000 1055 1000 1000 0 20
0.166667 0.188675 0.012706 200 196 1000 1030 1000 1000 0 20
0.166667 0.184971 0.012951 200 199 1000 1016 1000 1000 0 20
0.166667 0.194563 0.012830 200 200 1000 1019 1000 1000 0 20
0.166667 0.177041 0.012396 200 183 1000 1078 1000 1000 0 20
0.166667 0.189358 0.013010 200 193 1000 1016 1000 1000 0 20
0.166667 0.192230 0.013363 200 178 1000 959 1000 1000 0 20
0.166667 0.196165 0.013983 200 178 1000 906 1000 1000 0 20
0.166667 0.188425 0.012990 200 192 1000 1000 1000 1000 0 20
0.166667 0.198751 0.013874 200 184 1000 936 1000 1000 0 20
0.166667 0.199115 0.012961 200 202 1000 1017 1000 1000 0 20
0.166667 0.213321 0.013942 200 198 1000 937 1000 1000 0 20
0.166667 0.181932 0.012877 200 197 1000 1016 1000 1000 0 20
0.166667 0.223819 0.014089 200 208 1000 935 1000 1000 0 20
0.166667 0.198981 0.013069 200 209 1000 1055 1000 1000 0 20
0.166667 0.209033 0.013175 200 214 1000 1015 1000 1000 0 20
0.166667 0.206531 0.013490 200 200 1000 994 1000 1000 0 20
0.166667 0.180931 0.012422 200 195 1000 1080 1000 1000 0 20
0.166667 0.181178 0.012804 200 184 1000 1013 1000 1000 0 20
0.166667 0.190750 0.013029 200 196 1000 1033 1000 1000 0 20
 20
0.166667 0.211930 0.013671 200 201 1000 968 1000 1000 0 20
0.166667 0.196628 0.012809 200 211 1000 1088 1000 1000 0 20
0.166667 0.193883 0.013211 200 193 1000 983 1000 1000 0 20
0.166667 0.198529 0.013308 200 198 1000 1008 1000 1000 0 20
0.166667 0.215737 0.013662 200 206 1000 966 1000 1000 0 20
0.166667 0.196220 0.013064 200 196 1000 1011 1000 1000 0 20
0.166667 0.181907 0.012695 200 194 1000 1065 1000 1000 0 20
0.166667 0.199873 0.013361 200 204 1000 994 1000 1000 0 20
0.166667 0.203698 0.013367 200 212 1000 1001 1000 1000 0 20
0.166667 0.205506 0.013447 200 213 1000 997 1000 1000 0 20
0.166667 0.194506 0.013133 200 208 1000 1005 1000 1000 0 20
0.166667 0.202864 0.013627 200 185 1000 956 1000 1000 0 20
0.166667 0.213772 0.013608 200 198 1000 980 1000 1000 0 20
0.166667 0.200450 0.013335 200 191 1000 1009 1000 1000 0 20
0.166667 0.185241 0.013189 200 176 1000 996 1000 1000 0 20
0.166667 0.208121 0.014010 200 201 1000 929 1000 1000 0 20
0.166667 0.225606 0.013750 200 211 1000 993 1000 1000 0 20
0.166667 0.167397 0.012136 200 174 1000 1066 1000 1000 0 20
0.166667 0.190459 0.012934 200 202 1000 1024 1000 1000 0 20
0.166667 0.213433 0.013185 200 222 1000 1043 1000 1000 0 20
0.166667 0.189176 0.013368 200 202 1000 1005 1000 1000 0 20
0.166667 0.214795 0.013113 200 226 1000 1021 1000 1000 0 20
0.166667 0.204107 0.013433 200 214 1000 986 1000 1000 0 20
0.166667 0.203995 0.013498 200 198 1000 960 1000 1000 0 20
0.166667 0.222673 0.013720 200 234 1000 990 1000 1000 0 20
0.166667 0.215563 0.013386 200 215 1000 1012 1000 1000 0 20
0.166667 0.196362 0.013199 200 206 1000 995 1000 1000 0 20
0.166667 0.204804 0.013703 200 200 1000 946 1000 1000 0 20
0.166667 0.197693 0.013458 200 192 1000 976 1000 1000 0 20
0.166667 0.207888 0.013323 200 218 1000 1014 1000 1000 0 20
0.166667 0.181236 0.012494 200 196 1000 1091 1000 1000 0 20
0.166667 0.202935 0.013097 200 203 1000 1046 1000 1000 0 20
0.166667 0.202000 0.013374 200 194 1000 999 1000 1000 0 20
0.166667 0.205466 0.013417 200 210 1000 985 1000 1000 0 20
0.166667 0.208590 0.013349 200 210 1000 1002 1000 1000 0 20
0.166667 0.192033 0.012831 200 195 1000 1019 1000 1000 0 20
0.166667 0.197368 0.013069 200 198 1000 1024 1000 1000 0 20
0.166667 0.201356 0.013306 200 199 1000 987 1000 1000 0 20
0.166667 0.190577 0.012955 200 194 1000 976 1000 1000 0 20
0.166667 0.212177 0.013580 200 218 1000 988 1000 1000 0 20
0.166667 0.194791 0.013280 200 183 1000 1003 1000 1000 0 20
0.166667 0.199008 0.013370 200 196 1000 984 1000 1000 0 20
0.166667 0.211321 0.013311 200 197 1000 1034 1000 1000 0 20
0.166667 0.186177 0.013299 200 175 1000 963 1000 1000 0 20
0.166667 0.196680 0.013371 200 204 1000 998 1000 1000 0 20
0.166667 0.202232 0.013059 200 210 1000 1014 1000 1000 0 20
0.166667 0.199227 0.013462 200 200 1000 995 1000 1000 0 20
0.166667 0.207993 0.013153 200 218 1000 1001 1000 1000 0 20
0.166667 0.192679 0.013511 200 187 1000 954 1000 1000 0 20
0.166667 0.203902 0.013513 200 194 1000 972 1000 1000 0 20
0.166667 0.210817 0.013363 200 206 1000 998 1000 1000 0 20
0.166667 0.213201 0.013804 200 204 1000 982 1000 1000 0 20
0.166667 0.202708 0.013341 200 201 1000 983 1000 1000 0 20
0.166667 0.200401 0.013253 200 208 1000 998 1000 1000 0 20
0.166667 0.195612 0.013478 200 174 1000 964 1000 1000 0 20
0.166667 0.202087 0.013299 200 196 1000 999 1000 1000 0 20
0.166667 0.206381 0.013054 200 224 1000 1038 1000 1000 0 20
0.166667 0.202714 0.013201 200 207 1000 1011 1000 1000 0 20
0.166667 0.201090 0.013352 200 200 1000 992 1000 1000 0 20
0.166667 0.192944 0.013341 200 199 1000 996 1000 1000 0 20
0.166667 0.188064 0.013154 200 189 1000 1000 1000 1000 0 20
0.166667 0.210665 0.013234 200 219 1000 1011 1000 1000 0 20
0.166667 0.193468 0.013126 200 192 1000 1008 1000 1000 0 20
0.166667 0.193676 0.012977 200 192 1000 1045 1000 1000 0 20
0.166667 0.194027 0.012804 200 194 1000 1061 1000 1000 0 20
0.166667 0.202279 0.013141 200 217 1000 1024 1000 1000 0 20
0.166667 0.228434 0.013528 200 239 1000 1020 1000 1000 0 20
0.166667 0.194610 0.012784 200 193 1000 1025 1000 1000 0 20
0.166667 0.203609 0.013016 200 215 1000 1039 1000 1000 0 20
0.166667 0.187563 0.012997 200 180 1000 983 1000 1000 0 20
0.166667 0.198339 0.013096 200 205 1000 1024 1000 1000 0 20
0.166667 0.194233 0.013319 200 201 1000 1003 1000 1000 0 20
0.166667 0.203404 0.013244 200 197 1000 1007 1000 1000 0 20
0.166667 0.190929 0.013451 200 185 1000 989 1000 1000 0 20
0.166667 0.187686 0.012806 200 202 1000 1043 1000 1000 0 20
0.166667 0.199641 0.013239 200 193 1000 994 1000 1000 0 20
0.166667 0.215899 0.013700 200 221 1000 973 1000 1000 0 20
0.166667 0.159959 0.011732 200 173 1000 1138 1000 1000 0 20
0.166667 0.212175 0.013534 200 218 1000 980 1000 1000 0 20
0.166667 0.197580 0.013008 200 197 1000 1031 1000 1000 0 20
0.166667 0.205459 0.013306 200 220 1000 1011 1000 1000 0 20
0.166667 0.214980 0.013570 200 211 1000 975 1000 1000 0 20
0.166667 0.200302 0.013134 200 199 1000 1031 1000 1000 0 20
0.166667 0.190093 0.012767 200 205 1000 1048 1000 1000 0 20
0.166667 0.183650 0.012937 200 195 1000 1003 1000 1000 0 20
0.166667 0.212154 0.013353 200 211 1000 989 1000 1000 0 20
0.166667 0.201423 0.012957 200 207 1000 1061 1000 1000 0 20
0.166667 0.194154 0.013259 200 182 1000 965 1000 1000 0 20
0.166667 0.182112 0.013097 200 186 1000 1019 1000 1000 0 20
0.166667 0.215290 0.013424 200 225 1000 1007 1000 1000 0 20
0.166667 0.205202 0.013549 200 184 1000 961 1000 1000 0 20
0.166667 0.223848 0.013779 200 228 1000 964 1000 1000 0 20
0.166667 0.220276 0.013792 200 217 1000 959 1000 1000 0 20
0.166667 0.192799 0.013297 200 182 1000 970 1000 1000 0 20
0.166667 0.204318 0.013259 200 212 1000 1011 1000 1000 0 20
0.166667 0.220597 0.013733 200 217 1000 1003 1000 1000 0 20
0.166667 0.214976 0.013536 200 215 1000 1004 1000 1000 0 20
0.166667 0.188036 0.013203 200 179 1000 1007 1000 1000 0 20
0.166667 0.196209 0.013468 200 186 1000 957 1000 1000 0 20
0.166667 0.193569 0.012855 200 193 1000 1021 1000 1000 0 20
0.166667 0.187250 0.013520 200 178 1000 971 1000 1000 0 20
0.166667 0.200578 0.013234 200 201 1000 1019 1000 1000 0 20
0.166667 0.198268 0.013210 200 195 1000 1013 1000 1000 0 20
0.166667 0.186520 0.013364 200 180 1000 955 1000 1000 0 20
0.166667 0.194280 0.013131 200 190 1000 1003 1000 1000 0 20
0.166667 0.180713 0.012716 200 182 1000 1060 1000 1000 0 20
0.166667 0.202613 0.013400 200 221 1000 993 1000 1000 0 20
0.166667 0.197740 0.013556 200 189 1000 963 1000 1000 0 20
0.166667 0.202423 0.013129 200 210 1000 1001 1000 1000 0 20
0.166667 0.197818 0.013474 200 200 1000 1005 1000 1000 0 20
0.166667 0.168924 0.012902 200 163 1000 980 1000 1000 0 20
0.166667 0.181488 0.013248 200 206 1000 997 1000 1000 0 20
0.166667 0.203678 0.013735 200 195 1000 961 1000 1000 0 20
0.166667 0.181065 0.012692 200 186 1000 1038 1000 1000 0 20
0.166667 0.195888 0.013070 200 191 1000 1005 1000 1000 0 20
0.166667 0.223343 0.013395 200 229 1000 1044 1000 1000 0 20
0.166667 0.193959 0.012903 200 216 1000 1044 1000 1000 0 20
0.166667 0.204004 0.013353 200 193 1000 991 1000 1000 0 20
0.166667 0.233410 0.013916 200 228 1000 986 1000 1000 0 20
0.166667 0.212752 0.013490 200 210 1000 1003 1000 1000 0 20
0.166667 0.184223 0.012672 200 184 1000 1020 1000 1000 0 20
0.166667 0.216260 0.013597 200 215 1000 1005 1000 1000 0 20
0.166667 0.214367 0.013457 200 219 1000 1006 1000 1000 0 20
0.166667 0.202786 0.013261 200 204 1000 983 1000 1000 0 20
0.166667 0.205455 0.013079 200 222 1000 1065 1000 1000 0 20
0.166667 0.214065 0.013719 200 205 1000 967 1000 1000 0 20
0.166667 0.202687 0.013370 200 196 1000 977 1000 1000 0 20
0.166667 0.204846 0.012875 200 216 1000 1039 1000 1000 0 20
0.166667 0.182798 0.012973 200 173 1000 990 1000 1000 0 20
0.166667 0.205697 0.014038 200 183 1000 910 1000 1000 0 20
0.166667 0.216524 0.013218 200 224 1000 1026 1000 1000 0 20
0.166667 0.221897 0.013448 200 221 1000 1008 1000 1000 0 20
0.166667 0.222601 0.013622 200 223 1000 1021 1000 1000 0 20
0.166667 0.212950 0.013650 200 219 1000 1021 1000 1000 0 20
0.166667 0.218405 0.013840 200 217 1000 957 1000 1000 0 20
0.166667 0.207918 0.013368 200 212 1000 1012 1000 1000 0 20
0.166667 0.223719 0.013850 200 220 1000 965 1000 1000 0 20
0.166667 0.198301 0.013468 200 189 1000 961 1000 1000 0 20
0.166667 0.204461 0.013440 200 199 1000 997 1000 1000 0 20
0.166667 0.188235 0.013005 200 196 1000 995 1000 1000 0 20
0.166667 0.192636 0.013080 200 202 1000 996 1000 1000 0 20
0.166667 0.212174 0.013446 200 221 1000 997 1000 1000 0 20
0.166667 0.202200 0.013022 200 208 1000 1016 1000 1000 0 20
0.166667 0.190708 0.012734 200 197 1000 1030 1000 1000 0 20
0.166667 0.176849 0.012826 200 187 1000 998 1000 1000 0 20
0.166667 0.184653 0.013215 200 182 1000 971 1000 1000 0 20
0.166667 0.209695 0.013627 200 202 1000 980 1000 1000 0 20
0.166667 0.198061 0.013277 200 199 1000 1009 1000 1000 0 20
0.166667 0.186433 0.013295 200 196 1000 1003 1000 1000 0 20
0.166667 0.221218 0.013495 200 225 1000 1020 1000 1000 0 20
0.166667 0.212241 0.013401 200 213 1000 990 1000 1000 0 20
0.166667 0.212876 0.013770 200 195 1000 947 1000 1000 0 20
0.166667 0.187755 0.013010 200 185 1000 1004 1000 1000 0 20
0.166667 0.202528 0.013506 200 195 1000 1000 1000 1000 0 20
0.166667 0.191681 0.013046 200 192 1000 1011 1000 1000 0 20
0.166667 0.199074 0.013200 200 199 1000 992 1000 1000 0 20
0.166667 0.199996 0.013370 200 205 1000 1004 1000 1000 0 20
0.166667 0.212441 0.013529 200 209 1000 984 1000 1000 0 20
0.166667 0.211059 0.013627 200 214 1000 988 1000 1000 0 20
0.166667 0.221393 0.013611 200 216 1000 964 1000 1000 0 20
0.166667 0.223522 0.013729 200 222 1000 970 1000 1000 0 20
0.166667 0.217256 0.013679 200 213 1000 971 1000 1000 0 20
0.166667 0.206057 0.013309 200 209 1000 986 1000 1000 0 20
0.166667 0.203841 0.013083 200 209 1000 1009 1000 1000 0 20
0.166667 0.165646 0.012563 200 166 1000 1033 1000 1000 0 20
0.166667 0.192239 0.013228 200 197 1000 991 1000 1000 0 20
0.166667 0.216979 0.013646 200 209 1000 989 1000 1000 0 20
0.166667 0.208667 0.013342 200 215 1000 969 1000 1000 0 20
0.166667 0.199010 0.013564 200 204 1000 972 1000 1000 0 20
0.166667 0.217983 0.013478 200 210 1000 1010 1000 1000 0 20
0.166667 0.185866 0.012715 200 196 1000 1034 1000 1000 0 20
0.166667 0.215607 0.013815 200 215 1000 962 1000 1000 0 20
0.166667 0.194170 0.013146 200 197 1000 991 1000 1000 0 20
0.166667 0.212435 0.013324 200 224 1000 995 1000 1000 0 20
0.166667 0.207084 0.013558 200 206 1000 975 1000 1000 0 20
0.166667 0.194229 0.013074 200 214 1000 1009 1000 1000 0 20
0.166667 0.193405 0.013122 200 193 1000 1010 1000 1000 0 20
0.166667 0.189324 0.012654 200 203 1000 1061 1000 1000 0 20
0.166667 0.201167 0.012967 200 208 1000 1015 1000 1000 0 20
0.166667 0.187951 0.013087 200 192 1000 1008 1000 1000 0 20
0.166667 0.219059 0.013828 200 201 1000 963 1000 1000 0 20
0.166667 0.183244 0.012830 200 186 1000 1016 1000 1000 0 20
0.166667 0.187934 0.012971 200 182 1000 1024 1000 1000 0 20
0.166667 0.203172 0.013204 200 207 1000 1022 1000 1000 0 20
0.166667 0.220425 0.013568 200 221 1000 982 1000 1000 0 20
0.166667 0.201954 0.013722 200 187 1000 942 1000 1000 0 20
0.166667 0.211765 0.013847 200 202 1000 971 1000 1000 0 20
0.166667 0.191201 0.013146 200 187 1000 1003 1000 1000 0 20
0.166667 0.190377 0.013231 200 184 1000 976 1000 1000 0 20
0.166667 0.214685 0.013829 200 200 1000 953 1000 1000 0 20
0.166667 0.201559 0.013452 200 198 1000 996 1000 1000 0 20
0.166667 0.207103 0.013189 200 222 1000 1029 1000 1000 0 20
0.166667 0.178924 0.012710 200 182 1000 1000 1000 1000 0 20
0.166667 0.198216 0.013271 200 204 1000 992 1000 1000 0 20
0.166667 0.217355 0.013723 200 211 1000 982 1000 1000 0 20
0.166667 0.199048 0.013638 200 197 1000 957 1000 1000 0 20
0.166667 0.204271 0.013064 200 225 1000 1045 1000 1000 0 20
0.166667 0.193451 0.013381 200 194 1000 984 1000 1000 0 20
0.166667 0.188062 0.012979 200 186 1000 1008 1000 1000 0 20
0.166667 0.202170 0.013593 200 183 1000 971 1000 1000 0 20
0.166667 0.191834 0.013362 200 178 1000 964 1000 1000 0 20
0.166667 0.199857 0.014015 200 191 1000 934 1000 1000 0 20
0.166667 0.194929 0.013060 200 194 1000 1021 1000 1000 0 20
0.166667 0.198654 0.013216 200 196 1000 987 1000 1000 0 20
0.166667 0.183282 0.012952 200 186 1000 1020 1000 1000 0 20
0.166667 0.189044 0.013221 200 197 1000 976 1000 1000 0 20
0.166667 0.195259 0.013061 200 183 1000 1019 1000 1000 0 20
0.166667 0.179571 0.012465 200 186 1000 1066 1000 1000 0 20
0.166667 0.210644 0.013609 200 209 1000 954 1000 1000 0 20
0.166667 0.217145 0.013264 200 229 1000 1028 1000 1000 0 20
0.166667 0.188968 0.013000 200 191 1000 1013 1000 1000 0 20
0.166667 0.198620 0.013608 200 175 1000 939 1000 1000 0 20
0.166667 0.210602 0.013579 200 194 1000 979 1000 1000 0 20
0.166667 0.188044 0.012896 200 197 1000 1012 1000 1000 0 20
0.166667 0.186313 0.012919 200 191 1000 1018 1000 1000 0 20
0.166667 0.200816 0.013604 200 209 1000 975 1000 1000 0 20
0.166667 0.194611 0.013360 200 188 1000 977 1000 1000 0 20
0.166667 0.195239 0.013192 200 202 1000 1016 1000 1000 0 20
0.166667 0.210072 0.013342 200 209 1000 1019 1000 1000 0 20
0.166667 0.188215 0.012955 200 189 1000 1030 1000 1000 0 20
0.166667 0.194691 0.013040 200 205 1000 1014 1000 1000 0 20
0.166667 0.188098 0.013048 200 184 1000 1011 1000 1000 0 20
0.166667 0.197252 0.013544 200 192 1000 965 1000 1000 0 20
0.166667 0.227431 0.014055 200 226 1000 941 1000 1000 0 20
0.166667 0.211095 0.013966 200 215 1000 992 1000 1000 0 20
0.166667 0.211708 0.013318 200 215 1000 1025 1000 1000 0 20
0.166667 0.197538 0.013249 200 197 1000 981 1000 1000 0 20
0.166667 0.170179 0.012610 200 160 1000 1026 1000 1000 0 20
0.166667 0.204771 0.013742 200 191 1000 949 1000 1000 0 20
0.166667 0.189659 0.012931 200 205 1000 1020 1000 1000 0 20
0.166667 0.193518 0.013293 200 193 1000 965 1000 1000 0 20
0.166667 0.188400 0.013018 200 198 1000 1005 1000 1000 0 20
0.166667 0.212525 0.013573 200 207 1000 978 1000 1000 0 20
0.166667 0.173988 0.012457 200 181 1000 1035 1000 1000 0 20
0.166667 0.202297 0.013358 200 209 1000 991 1000 1000 0 20
0.166667 0.201094 0.013256 200 203 1000 1028 1000 1000 0 20
0.166667 0.194912 0.012908 200 210 1000 1009 1000 1000 0 20
0.166667 0.196091 0.013220 200 194 1000 1016 1000 1000 0 20
0.166667 0.211453 0.013607 200 213 1000 974 1000 1000 0 20
0.166667 0.208538 0.013251 200 215 1000 1072 1000 1000 0 20
0.166667 0.165659 0.012343 200 183 1000 1050 1000 1000 0 20
0.166667 0.194073 0.013356 200 199 1000 994 1000 1000 0 20
0.166667 0.213042 0.013406 200 213 1000 995 1000 1000 0 20
0.166667 0.199605 0.013378 200 200 1000 974 1000 1000 0 20
0.166667 0.199074 0.013330 200 191 1000 989 1000 1000 0 20
0.166667 0.192761 0.013265 200 193 1000 972 1000 1000 0 20
0.166667 0.194923 0.013210 200 193 1000 1018 1000 1000 0 20
0.166667 0.197089 0.013213 200 209 1000 1026 1000 1000 0 20
0.166667 0.210991 0.013762 200 205 1000 962 1000 1000 0 20
0.166667 0.184942 0.013113 200 187 1000 991 1000 1000 0 20
0.166667 0.212122 0.013693 200 210 1000 966 1000 1000 0 20
0.166667 0.208301 0.013579 200 213 1000 974 1000 1000 0 20
0.166667 0.190908 0.013309 200 197 1000 975 1000 1000 0 20
0.166667 0.208906 0.013748 200 200 1000 980 1000 1000 0 20
0.166667 0.222996 0.013522 200 226 1000 992 1000 1000 0 20
0.166667 0.202494 0.013725 200 187 1000 934 1000 1000 0 20
0.166667 0.218909 0.013159 200 226 1000 1060 1000 1000 0 20
0.166667 0.203409 0.013500 200 208 1000 986 1000 1000 0 20
0.166667 0.211119 0.013410 200 211 1000 989 1000 1000 0 20
0.166667 0.197250 0.013007 200 207 1000 1012 1000 1000 0 20
0.166667 0.197258 0.012909 200 199 1000 1048 1000 1000 0 20
0.166667 0.188470 0.013045 200 188 1000 977 1000 1000 0 20
0.166667 0.195634 0.013430 200 196 1000 977 1000 1000 0 20
0.166667 0.203904 0.013466 200 212 1000 998 1000 1000 0 20
0.166667 0.195177 0.013027 200 189 1000 1020 1000 1000 0 20
0.166667 0.214082 0.013371 200 222 1000 1000 1000 1000 0 20
0.166667 0.189271 0.013396 200 177 1000 931 1000 1000 0 20
0.166667 0.191490 0.013024 200 203 1000 1018 1000 1000 0 20
0.166667 0.202764 0.013090 200 205 1000 1023 1000 1000 0 20
0.166667 0.205283 0.013486 200 203 1000 979 1000 1000 0 20
0.166667 0.205133 0.013788 200 197 1000 931 1000 1000 0 20
0.166667 0.190193 0.013276 200 181 1000 980 1000 1000 0 20
0.166667 0.227100 0.013890 200 228 1000 991 1000 1000 0 20
0.166667 0.192623 0.013143 200 202 1000 979 1000 1000 0 20
0.166667 0.206177 0.013060 200 204 1000 1032 1000 1000 0 20
0.166667 0.193783 0.012892 200 196 1000 1040 1000 1000 0 20
0.166667 0.207479 0.013494 200 200 1000 1001 1000 1000 0 20
0.166667 0.204251 0.013237 200 204 1000 1003 1000 1000 0 20
0.166667 0.183045 0.012958 200 186 1000 1025 1000 1000 0 20
0.166667 0.184766 0.013285 200 176 1000 954 1000 1000 0 20
0.166667 0.192958 0.013038 200 199 1000 997 1000 1000 0 20
0.166667 0.220271 0.013701 200 219 1000 984 1000 1000 0 20
0.166667 0.193268 0.012672 200 201 1000 1047 1000 1000 0 20
0.166667 0.208030 0.013355 200 207 1000 1016 1000 1000 0 20
0.166667 0.205321 0.013446 200 198 1000 1003 1000 1000 0 20
0.166667 0.194341 0.013288 200 201 1000 998 1000 1000 0 20
0.166667 0.192012 0.013175 200 184 1000 1025 1000 1000 0 20
0.166667 0.197945 0.013331 200 201 1000 998 1000 1000 0 20
0.166667 0.186782 0.012863 200 187 1000 1040 1000 1000 0 20
0.166667 0.207993 0.013474 200 206 1000 985 1000 1000 0 20
0.166667 0.208289 0.013296 200 205 1000 1021 1000 1000 0 20
0.166667 0.179860 0.012601 200 191 1000 1039 1000 1000 0 20
0.166667 0.183866 0.013273 200 182 1000 991 1000 1000 0 20
0.166667 0.192339 0.013169 200 191 1000 976 1000 1000 0 20
0.166667 0.205986 0.013349 200 210 1000 1027 1000 1000 0 20
0.166667 0.174371 0.012577 200 187 1000 1053 1000 1000 0 20
0.166667 0.198512 0.012953 200 212 1000 1045 1000 1000 0 20
0.166667 0.186731 0.013081 200 176 1000 1013 1000 1000 0 20
0.166667 0.216122 0.013583 200 213 1000 976 1000 1000 0 20
0.166667 0.197279 0.013363 200 195 1000 963 1000 1000 0 20
0.166667 0.211299 0.013432 200 211 1000 988 1000 1000 0 20
0.166667 0.186500 0.013266 200 191 1000 973 1000 1000 0 20
0.166667 0.190434 0.012713 200 200 1000 1035 1000 1000 0 20
0.166667 0.222157 0.014050 200 213 1000 951 1000 1000 0 20
0.166667 0.185017 0.012682 200 192 1000 1063 1000 1000 0 20
0.166667 0.199832 0.013295 200 206 1000 1002 1000 1000 0 20
0.166667 0.198247 0.013400 200 202 1000 969 1000 1000 0 20
0.166667 0.214358 0.013634 200 202 1000 968 1000 1000 0 20
0.166667 0.210725 0.014164 200 195 1000 921 1000 1000 0 20
0.166667 0.187216 0.013065 200 170 1000 1016 1000 1000 0 20
0.166667 0.186766 0.012905 200 198 1000 1009 1000 1000 0 20
0.166667 0.189417 0.012981 200 198 1000 995 1000 1000 0 20
0.166667 0.190062 0.013738 200 174 1000 925 1000 1000 0 20
0.166667 0.198788 0.013410 200 202 1000 1010 1000 1000 0 20
0.166667 0.206583 0.013494 200 199 1000 1004 1000 1000 0 20
0.166667 0.193689 0.013128 200 197 1000 986 1000 1000 0 20
0.166667 0.205696 0.013282 200 199 1000 1001 1000 1000 0 20
0.166667 0.214250 0.013565 200 211 1000 1020 1000 1000 0 20
0.166667 0.226691 0.013837 200 224 1000 960 1000 1000 0 20
0.166667 0.204498 0.013266 200 214 1000 1001 1000 1000 0 20
0.166667 0.186588 0.012767 200 205 1000 1052 1000 1000 0 20
0.166667 0.194118 0.013286 200 192 1000 974 1000 1000 0 20
0.166667 0.187145 0.012844 200 196 1000 1035 1000 1000 0 20
0.166667 0.202075 0.013407 200 200 1000 1002 1000 1000 0 20
0.166667 0.193177 0.013041 200 187 1000 1001 1000 1000 0 20
0.166667 0.205626 0.013433 200 198 1000 987 1000 1000 0 20
0.166667 0.188773 0.013020 200 196 1000 1017 1000 1000 0 20
0.166667 0.213157 0.013331 200 212 1000 1013 1000 1000 0 20
0.166667 0.220444 0.013786 200 230 1000 986 1000 1000 0 20
0.166667 0.202767 0.013145 200 217 1000 999 1000 1000 0 20
0.166667 0.170418 0.012859 200 168 1000 988 1000 1000 0 20
0.166667 0.204306 0.013871 200 194 1000 963 1000 1000 0 20
0.166667 0.196487 0.013482 200 198 1000 975 1000 1000 0 20
0.166667 0.183741 0.012750 200 184 1000 1024 1000 1000 0 20
0.166667 0.209527 0.013250 200 223 1000 1011 1000 1000 0 20
0.166667 0.196260 0.013067 200 196 1000 986 1000 1000 0 20
0.166667 0.187485 0.013232 200 192 1000 1001 1000 1000 0 20
0.166667 0.165031 0.012336 200 172 1000 1065 1000 1000 0 20
0.166667 0.195607 0.012985 200 197 1000 1025 1000 1000 0 20
0.166667 0.232150 0.013975 200 227 1000 948 1000 1000 0 20
0.166667 0.197929 0.013047 200 215 1000 1031 1000 1000 0 20
0.166667 0.199467 0.013049 200 205 1000 1032 1000 1000 0 20
0.166667 0.191924 0.013038 200 190 1000 1015 1000 1000 0 20
0.166667 0.214483 0.013444 200 228 1000 975 1000 1000 0 20
0.166667 0.228779 0.013915 200 213 1000 977 1000 1000 0 20
0.166667 0.181520 0.012968 200 189 1000 1035 1000 1000 0 20
0.166667 0.180776 0.012701 200 187 1000 1021 1000 1000 0 20
0.166667 0.224980 0.013685 200 222 1000 1002 1000 1000 0 20
0.166667 0.201829 0.013491 200 202 1000 996 1000 1000 0 20
0.166667 0.190055 0.013168 200 184 1000 981 1000 1000 0 20
0.166667 0.200529 0.013419 200 198 1000 960 1000 1000 0 20
0.166667 0.218439 0.013591 200 218 1000 991 1000 1000 0 20
0.166667 0.184657 0.013052 200 192 1000 1017 1000 1000 0 20
0.166667 0.188734 0.013204 200 192 1000 1011 1000 1000 0 20
0.166667 0.209438 0.013171 200 224 1000 1024 1000 1000 0 20
0.166667 0.207346 0.013513 200 207 1000 991 1000 1000 0 20
0.166667 0.192048 0.012959 200 187 1000 1005 1000 1000 0 20
0.166667 0.175894 0.012611 200 184 1000 1035 1000 1000 0 20
0.166667 0.190143 0.013092 200 185 1000 991 1000 1000 0 20
0.166667 0.206019 0.013541 200 206 1000 1007 1000 1000 0 20
0.166667 0.198590 0.013176 200 198 1000 1012 1000 1000 0 20
0.166667 0.218470 0.013425 200 221 1000 1001 1000 1000 0 20
0.166667 0.213974 0.013763 200 200 1000 959 1000 1000 0 20
0.166667 0.201320 0.013392 200 198 1000 982 1000 1000 0 20
0.166667 0.191777 0.013189 200 189 1000 996 1000 1000 0 20
0.166667 0.196809 0.013280 200 199 1000 1008 1000 1000 0 20
0.166667 0.189128 0.013260 200 211 1000 1042 1000 1000 0 20
0.166667 0.182626 0.013108 200 170 1000 979 1000 1000 0 20
0.166667 0.207205 0.013507 200 209 1000 1002 1000 1000 0 20
0.166667 0.189474 0.013550 200 180 1000 957 1000 1000 0 20
0.166667 0.185034 0.013185 200 187 1000 980 1000 1000 0 20
0.166667 0.211135 0.013187 200 230 1000 1027 1000 1000 0 20
0.166667 0.206104 0.013510 200 204 1000 967 1000 1000 0 20
0.166667 0.217827 0.013502 200 208 1000 1027 1000 1000 0 20
0.166667 0.216160 0.013793 200 210 1000 975 1000 1000 0 20
0.166667 0.202627 0.013401 200 205 1000 984 1000 1000 0 20
0.166667 0.200578 0.012775 200 227 1000 1078 1000 1000 0 20
0.166667 0.185536 0.012944 200 186 1000 1059 1000 1000 0 20
0.166667 0.186302 0.013135 200 184 1000 1016 1000 1000 0 20
0.166667 0.199532 0.013242 200 210 1000 988 1000 1000 0 20
0.166667 0.212466 0.013747 200 203 1000 985 1000 1000 0 20
0.166667 0.171508 0.012771 200 174 1000 1004 1000 1000 0 20
0.166667 0.216302 0.014147 200 214 1000 929 1000 1000 0 20
0.166667 0.195937 0.013161 200 192 1000 1022 1000 1000 0 20
0.166667 0.203255 0.013144 200 220 1000 1026 1000 1000 0 20
0.166667 0.166155 0.012513 200 165 1000 1056 1000 1000 0 20
0.166667 0.185417 0.013153 200 191 1000 1008 1000 1000 0 20
0.166667 0.185691 0.012787 200 204 1000 1057 1000 1000 0 20
0.166667 0.206321 0.013498 200 204 1000 990 1000 1000 0 20
0.166667 0.190949 0.012872 200 195 1000 1032 1000 1000 0 20
0.166667 0.227597 0.013831 200 209 1000 967 1000 1000 0 20
0.166667 0.202130 0.013299 200 203 1000 996 1000 1000 0 20
0.166667 0.191842 0.013187 200 188 1000 973 1000 1000 0 20
0.166667 0.183026 0.012656 200 193 1000 1008 1000 1000 0 20
0.166667 0.205044 0.013216 200 216 1000 998 1000 1000 0 20
0.166667 0.224890 0.014084 200 218 1000 953 1000 1000 0 20
0.166667 0.206299 0.012755 200 231 1000 1078 1000 1000 0 20
0.166667 0.224537 0.013787 200 213 1000 974 1000 1000 0 20
0.166667 0.205020 0.013679 200 195 1000 950 1000 1000 0 20
0.166667 0.187458 0.012744 200 196 1000 1027 1000 1000 0 20
0.166667 0.219917 0.013808 200 212 1000 971 1000 1000 0 20
0.166667 0.196802 0.012857 200 216 1000 1062 1000 1000 0 20
0.166667 0.184323 0.013045 200 186 1000 995 1000 1000 0 20
0.166667 0.204527 0.013656 200 206 1000 967 1000 1000 0 20
0.166667 0.203447 0.013289 200 199 1000 1017 1000 1000 0 20
0.166667 0.206240 0.013417 200 207 1000 985 1000 1000 0 20
0.166667 0.210279 0.013891 200 206 1000 973 1000 1000 0 20
0.166667 0.183053 0.012718 200 188 1000 1053 1000 1000 0 20
0.166667 0.188900 0.012836 200 194 1000 1015 1000 1000 0 20
0.166667 0.202379 0.013343 200 194 1000 992 1000 1000 0 20
0.166667 0.213701 0.013475 200 211 1000 998 1000 1000 0 20
0.166667 0.197753 0.013344 200 192 1000 984 1000 1000 0 20
0.166667 0.182973 0.012833 200 179 1000 1010 1000 1000 0 20
0.166667 0.217940 0.013713 200 222 1000 1017 1000 1000 0 20
0.166667 0.211967 0.013490 200 210 1000 990 1000 1000 0 20
0.166667 0.219378 0.013384 200 227 1000 1041 1000 1000 0 20
0.166667 0.196079 0.013133 200 189 1000 1027 1000 1000 0 20
0.166667 0.202549 0.013500 200 197 1000 994 1000 1000 0 20
0.166667 0.196671 0.013009 200 206 1000 1009 1000 1000 0 20
0.166667 0.191743 0.013089 200 189 1000 997 1000 1000 0 20
0.166667 0.215251 0.013496 200 203 1000 986 1000 1000 0 20
0.166667 0.207855 0.013368 200 220 1000 993 1000 1000 0 20
0.166667 0.215898 0.013612 200 205 1000 980 1000 1000 0 20
0.166667 0.203231 0.013433 200 209 1000 1026 1000 1000 0 20
0.166667 0.194576 0.013046 200 194 1000 1015 1000 1000 0 20
0.166667 0.193220 0.013420 200 179 1000 981 1000 1000 0 20
0.166667 0.207946 0.013211 200 216 1000 1024 1000 1000 0 20
0.166667 0.190005 0.012981 200 204 1000 1027 1000 1000 0 20
0.166667 0.213954 0.013420 200 210 1000 999 1000 1000 0 20
0.166667 0.195228 0.013294 200 202 1000 988 1000 1000 0 20
0.166667 0.213290 0.013356 200 203 1000 1015 1000 1000 0 20
0.166667 0.202712 0.013538 200 202 1000 978 1000 1000 0 20
0.166667 0.210960 0.013482 200 204 1000 973 1000 1000 0 20
0.166667 0.197968 0.012958 200 203 1000 1043 1000 1000 0 20
0.166667 0.189357 0.013091 200 203 1000 1000 1000 1000 0 20
0.166667 0.197561 0.012982 200 210 1000 1006 1000 1000 0 20
0.166667 0.205031 0.013224 200 223 1000 1009 1000 1000 0 20
0.166667 0.200754 0.013560 200 202 1000 1006 1000 1000 0 20
0.166667 0.182183 0.012844 200 188 1000 1014 1000 1000 0 20
0.166667 0.206178 0.013405 200 216 1000 970 1000 1000 0 20
0.166667 0.220201 0.013453 200 222 1000 1004 1000 1000 0 20
0.166667 0.185331 0.012937 200 184 1000 1019 1000 1000 0 20
0.166667 0.171585 0.012412 200 183 1000 1044 1000 1000 0 20
0.166667 0.207185 0.013385 200 203 1000 982 1000 1000 0 20
0.166667 0.214852 0.013893 200 200 1000 950 1000 1000 0 20
0.166667 0.209558 0.013432 200 207 1000 986 1000 1000 0 20
0.166667 0.197895 0.013547 200 203 1000 958 1000 1000 0 20
0.166667 0.184075 0.012845 200 191 1000 1032 1000 1000 0 20
0.166667 0.195164 0.013242 200 188 1000 988 1000 1000 0 20
0.166667 0.184717 0.012504 200 194 1000 1065 1000 1000 0 20
0.166667 0.181795 0.013056 200 177 1000 1007 1000 1000 0 20
0.166667 0.186630 0.012875 200 177 1000 1013 1000 1000 0 20
0.166667 0.173204 0.012695 200 180 1000 990 1000 1000 0 20
0.166667 0.188449 0.012829 200 190 1000 1042 1000 1000 0 20
0.166667 0.189523 0.012755 200 189 1000 1017 1000 1000 0 20
0.166667 0.183701 0.012733 200 181 1000 1012 1000 1000 0 20
0.166667 0.210113 0.013508 200 214 1000 993 1000 1000 0 20
0.166667 0.184975 0.012805 200 188 1000 1046 1000 1000 0 20
0.166667 0.191466 0.012913 200 200 1000 1012 1000 1000 0 20
0.166667 0.197953 0.013237 200 196 1000 1023 1000 1000 0 20
0.166667 0.210619 0.013435 200 211 1000 988 1000 1000 0 20
0.166667 0.184794 0.012772 200 196 1000 1037 1000 1000 0 20
0.166667 0.188971 0.013234 200 189 1000 989 1000 1000 0 20
0.166667 0.224368 0.013617 200 210 1000 1010 1000 1000 0 20
0.166667 0.188982 0.013139 200 198 1000 990 1000 1000 0 20
0.166667 0.216652 0.013624 200 212 1000 986 1000 1000 0 20
0.166667 0.199413 0.013270 200 201 1000 1005 1000 1000 0 20
0.166667 0.237370 0.014181 200 222 1000 959 1000 1000 0 20
0.166667 0.197334 0.013521 200 186 1000 950 1000 1000 0 20
0.166667 0.206893 0.013376 200 207 1000 1000 1000 1000 0 20
0.166667 0.191572 0.013059 200 192 1000 1005 1000 1000 0 20
0.166667 0.207244 0.013632 200 197 1000 977 1000 1000 0 20
0.166667 0.209480 0.013372 200 210 1000 995 1000 1000 0 20
0.166667 0.191186 0.012936 200 202 1000 1030 1000 1000 0 20
0.166667 0.202081 0.013486 200 202 1000 968 1000 1000 0 20
0.166667 0.183280 0.012754 200 182 1000 1043 1000 1000 0 20
0.166667 0.202904 0.013225 200 205 1000 1003 1000 1000 0 20
0.166667 0.207971 0.013060 200 224 1000 1037 1000 1000 0 20
0.166667 0.180683 0.012775 200 193 1000 1029 1000 1000 0 20
0.166667 0.195456 0.013388 200 196 1000 996 1000 1000 0 20
0.166667 0.210050 0.013881 200 199 1000 926 1000 1000 0 20
0.166667 0.176038 0.012434 200 195 1000 1061 1000 1000 0 20
0.166667 0.187699 0.013126 200 184 1000 994 1000 1000 0 20
0.166667 0.192265 0.013078 200 196 1000 1014 1000 1000 0 20
0.166667 0.204316 0.013609 200 190 1000 942 1000 1000 0 20
0.166667 0.203512 0.013295 200 206 1000 1017 1000 1000 0 20
0.166667 0.197006 0.013467 200 190 1000 956 1000 1000 0 20
0.166667 0.194442 0.012768 200 205 1000 1038 1000 1000 0 20
0.166667 0.206595 0.013935 200 200 1000 973 1000 1000 0 20
0.166667 0.188831 0.012948 200 200 1000 1044 1000 1000 0 20
0.166667 0.168322 0.012776 200 174 1000 994 1000 1000 0 20
0.166667 0.209314 0.013603 200 202 1000 971 1000 1000 0 20
0.166667 0.205568 0.013382 200 201 1000 986 1000 1000 0 20
0.166667 0.167669 0.012509 200 173 1000 1049 1000 1000 0 20
0.166667 0.201763 0.013720 200 182 1000 926 1000 1000 0 20
0.166667 0.198436 0.012968 200 204 1000 1046 1000 1000 0 20
0.166667 0.198546 0.012971 200 215 1000 1033 1000 1000 0 20
0.166667 0.199658 0.013328 200 198 1000 986 1000 1000 0 20
0.166667 0.195919 0.013072 200 203 1000 1006 1000 1000 0 20
0.166667 0.200650 0.013217 200 208 1000 1008 1000 1000 0 20
0.166667 0.212065 0.013923 200 194 1000 956 1000 1000 0 20
0.166667 0.185698 0.013162 200 184 1000 985 1000 1000 0 20
0.166667 0.215810 0.013695 200 219 1000 986 1000 1000 0 20
0.166667 0.175951 0.012709 200 181 1000 1023 1000 1000 0 20
0.166667 0.195140 0.013436 200 196 1000 953 1000 1000 0 20
0.166667 0.209563 0.013598 200 200 1000 955 1000 1000 0 20
0.166667 0.237792 0.014259 200 236 1000 922 1000 1000 0 20
0.166667 0.202984 0.013229 200 194 1000 995 1000 1000 0 20
0.166667 0.186111 0.012741 200 187 1000 1030 1000 1000 0 20
0.166667 0.220317 0.013889 200 216 1000 960 1000 1000 0 20
0.166667 0.212349 0.013449 200 205 1000 985 1000 1000 0 20
0.166667 0.207041 0.013471 200 203 1000 993 1000 1000 0 20
0.166667 0.200043 0.013235 200 196 1000 983 1000 1000 0 20
0.166667 0.206812 0.012796 200 215 1000 1080 1000 1000 0 20
0.166667 0.204872 0.013881 200 191 1000 933 1000 1000 0 20
0.166667 0.202154 0.013411 200 200 1000 955 1000 1000 0 20
0.166667 0.202184 0.013757 200 202 1000 934 1000 1000 0 20
0.166667 0.189578 0.013361 200 171 1000 944 1000 1000 0 20
0.166667 0.193551 0.013713 200 181 1000 946 1000 1000 0 20
0.166667 0.197903 0.013320 200 196 1000 991 1000 1000 0 20
0.166667 0.183679 0.012956 200 176 1000 1011 1000 1000 0 20
0.166667 0.200075 0.013258 200 207 1000 1027 1000 1000 0 20
0.166667 0.205482 0.013469 200 205 1000 1004 1000 1000 0 20
0.166667 0.178140 0.012807 200 189 1000 1032 1000 1000 0 20
0.166667 0.200399 0.013109 200 212 1000 1025 1000 1000 0 20
0.166667 0.190713 0.013123 200 182 1000 985 1000 1000 0 20
0.166667 0.193088 0.013102 200 194 1000 990 1000 1000 0 20
0.166667 0.178978 0.012927 200 190 1000 1014 1000 1000 0 20
0.166667 0.186347 0.013097 200 193 1000 1024 1000 1000 0 20
0.166667 0.216469 0.013436 200 210 1000 983 1000 1000 0 20
0.166667 0.183253 0.012954 200 195 1000 1027 1000 1000 0 20
0.166667 0.198848 0.013161 200 196 1000 1022 1000 1000 0 20
0.166667 0.228299 0.013779 200 222 1000 980 1000 1000 0 20
0.166667 0.192007 0.013173 200 205 1000 989 1000 1000 0 20
0.166667 0.198655 0.013156 200 206 1000 994 1000 1000 0 20
0.166667 0.224348 0.013676 200 232 1000 969 1000 1000 0 20
0.166667 0.193375 0.013167 200 194 1000 997 1000 1000 0 20
0.166667 0.214286 0.013449 200 213 1000 991 1000 1000 0 20
0.166667 0.188779 0.013335 200 191 1000 991 1000 1000 0 20
0.166667 0.182011 0.012800 200 181 1000 997 1000 1000 0 20
0.166667 0.187296 0.012912 200 192 1000 1034 1000 1000 0 20
0.166667 0.225465 0.013936 200 221 1000 948 1000 1000 0 20
0.166667 0.219348 0.013251 200 210 1000 1004 1000 1000 0 20
0.166667 0.220576 0.013566 200 222 1000 1008 1000 1000 0 20
0.166667 0.197132 0.013448 200 187 1000 984 1000 1000 0 20
0.166667 0.193605 0.013139 200 187 1000 995 1000 1000 0 20
0.166667 0.211425 0.013499 200 222 1000 1005 1000 1000 0 20
0.166667 0.204572 0.013270 200 192 1000 1006 1000 1000 0 20
0.166667 0.214211 0.013293 200 225 1000 1034 1000 1000 0 20
0.166667 0.199767 0.013221 200 210 1000 1003 1000 1000 0 20
0.166667 0.187414 0.012993 200 195 1000 1012 1000 1000 0 20
0.166667 0.184995 0.013211 200 187 1000 969 1000 1000 0 20
0.166667 0.203184 0.013319 200 202 1000 1005 1000 1000 0 20
0.166667 0.208120 0.013250 200 224 1000 1022 1000 1000 0 20
0.166667 0.201376 0.012894 200 212 1000 1039 1000 1000 0 20
0.166667 0.218546 0.013424 200 224 1000 1029 1000 1000 0 20
0.166667 0.168262 0.012221 200 175 1000 1068 1000 1000 0 20
0.166667 0.202439 0.013403 200 191 1000 983 1000 1000 0 20
0.166667 0.194347 0.013217 200 192 1000 997 1000 1000 0 20
0.166667 0.231004 0.014006 200 226 1000 937 1000 1000 0 20
0.166667 0.197303 0.013649 200 187 1000 951 1000 1000 0 20
0.166667 0.201723 0.013123 200 212 1000 1025 1000 1000 0 20
0.166667 0.195995 0.013291 200 201 1000 995 1000 1000 0 20
0.166667 0.168346 0.012824 200 160 1000 987 1000 1000 0 20
0.166667 0.207463 0.013357 200 203 1000 999 1000 1000 0 20
0.166667 0.190082 0.013167 200 189 1000 997 1000 1000 0 20
0.166667 0.206654 0.013302 200 215 1000 1010 1000 1000 0 20
0.166667 0.203985 0.012931 200 218 1000 1032 1000 1000 0 20
0.166667 0.212702 0.013543 200 214 1000 1006 1000 1000 0 20
0.166667 0.215597 0.013412 200 216 1000 1023 1000 1000 0 20
0.166667 0.199199 0.013330 200 203 1000 983 1000 1000 0 20
0.166667 0.201166 0.013277 200 195 1000 1009 1000 1000 0 20
0.166667 0.206216 0.013351 200 203 1000 998 1000 1000 0 20
0.166667 0.188533 0.013183 200 185 1000 986 1000 1000 0 20
0.166667 0.194211 0.013212 200 204 1000 1021 1000 1000 0 20
0.166667 0.187983 0.012587 200 207 1000 1054 1000 1000 0 20
0.166667 0.205276 0.013400 200 210 1000 1018 1000 1000 0 20
0.166667 0.174060 0.012836 200 175 1000 1011 1000 1000 0 20
0.166667 0.201987 0.013255 200 207 1000 1019 1000 1000 0 20
0.166667 0.196706 0.013169 200 185 1000 1020 1000 1000 0 20
0.166667 0.196033 0.013281 200 190 1000 1018 1000 1000 0 20
0.166667 0.195397 0.013117 200 184 1000 1002 1000 1000 0 20
0.166667 0.196646 0.012917 200 196 1000 1034 1000 1000 0 20
0.166667 0.188014 0.013216 200 188 1000 989 1000 1000 0 20
0.166667 0.203354 0.013363 200 214 1000 1002 1000 1000 0 20
0.166667 0.192149 0.013199 200 186 1000 987 1000 1000 0 20
0.166667 0.203121 0.013736 200 196 1000 961 1000 1000 0 20
0.166667 0.191018 0.013100 200 194 1000 1004 1000 1000 0 20
0.166667 0.199007 0.013663 200 193 1000 976 1000 1000 0 20
0.166667 0.200170 0.013458 200 193 1000 969 1000 1000 0 20
0.166667 0.199406 0.013168 200 203 1000 1011 1000 1000 0 20
0.166667 0.208667 0.013282 200 216 1000 994 1000 1000 0 20
0.166667 0.196899 0.013392 200 201 1000 990 1000 1000 0 20
0.166667 0.208797 0.013735 200 202 1000 944 1000 1000 0 20
0.166667 0.197822 0.013259 200 192 1000 1018 1000 1000 0 20
0.166667 0.169474 0.012454 200 183 1000 1041 1000 1000 0 20
0.166667 0.193905 0.013347 200 193 1000 999 1000 1000 0 20
0.166667 0.182660 0.012849 200 192 1000 1040 1000 1000 0 20
0.166667 0.193966 0.013206 200 200 1000 990 1000 1000 0 20
0.166667 0.198020 0.013415 200 195 1000 991 1000 1000 0 20
0.166667 0.204407 0.013756 200 190 1000 987 1000 1000 0 20
0.166667 0.208679 0.013772 200 205 1000 935 1000 1000 0 20
0.166667 0.206194 0.013310 200 215 1000 986 1000 1000 0 20
0.166667 0.193167 0.013325 200 186 1000 980 1000 1000 0 20
0.166667 0.190153 0.012817 200 196 1000 1020 1000 1000 0 20
0.166667 0.163106 0.012437 200 162 1000 1010 1000 1000 0 20
0.166667 0.183880 0.012746 200 191 1000 1024 1000 1000 0 20
0.166667 0.183433 0.012854 200 195 1000 1043 1000 1000 0 20
0.166667 0.205944 0.013318 200 206 1000 988 1000 1000 0 20
0.166667 0.202346 0.013348 200 207 1000 1004 1000 1000 0 20
0.166667 0.200066 0.013231 200 204 1000 985 1000 1000 0 20
0.166667 0.195115 0.012834 200 203 1000 1027 1000 1000 0 20
0.166667 0.212486 0.013530 200 219 1000 1013 1000 1000 0 20
0.166667 0.212720 0.013652 200 202 1000 954 1000 1000 0 20
0.166667 0.191298 0.012959 200 195 1000 1004 1000 1000 0 20
0.166667 0.184980 0.013219 200 192 1000 994 1000 1000 0 20
0.166667 0.201210 0.013556 200 202 1000 949 1000 1000 0 20
0.166667 0.191834 0.013490 200 188 1000 944 1000 1000 0 20
0.166667 0.200835 0.013653 200 198 1000 959 1000 1000 0 20
0.166667 0.167388 0.012317 200 174 1000 1016 1000 1000 0 20
0.166667 0.224485 0.013836 200 219 1000 984 1000 1000 0 20
0.166667 0.193806 0.013264 200 195 1000 960 1000 1000 0 20
0.166667 0.187960 0.012826 200 196 1000 1012 1000 1000 0 20
0.166667 0.219404 0.013288 200 229 1000 1002 1000 1000 0 20
0.166667 0.184228 0.013235 200 178 1000 968 1000 1000 0 20
0.166667 0.195689 0.013061 200 209 1000 1017 1000 1000 0 20
0.166667 0.188461 0.012992 200 194 1000 1039 1000 1000 0 20
0.166667 0.207568 0.013430 200 207 1000 1001 1000 1000 0 20
0.166667 0.230587 0.013584 200 232 1000 1002 1000 1000 0 20
0.166667 0.173369 0.012464 200 188 1000 1040 1000 1000 0 20
0.166667 0.198929 0.013266 200 200 1000 988 1000 1000 0 20
0.166667 0.198315 0.013061 200 201 1000 1038 1000 1000 0 20
0.166667 0.207724 0.013333 200 214 1000 1040 1000 1000 0 20
0.166667 0.196218 0.013613 200 186 1000 962 1000 1000 0 20
0.166667 0.176872 0.012747 200 176 1000 1003 1000 1000 0 20
0.166667 0.190185 0.013242 200 184 1000 961 1000 1000 0 20
0.166667 0.212059 0.013810 200 211 1000 955 1000 1000 0 20
0.166667 0.196071 0.013047 200 197 1000 1030 1000 1000 0 20
0.166667 0.187524 0.012945 200 190 1000 993 1000 1000 0 20
0.166667 0.182890 0.013372 200 188 1000 983 1000 1000 0 20
0.166667 0.189336 0.013270 200 193 1000 1004 1000 1000 0 20
0.166667 0.221955 0.013639 200 216 1000 983 1000 1000 0 20
0.166667 0.190979 0.012852 200 199 1000 1045 1000 1000 0 20
0.166667 0.212057 0.013569 200 209 1000 979 1000 1000 0 20
0.166667 0.215173 0.013871 200 213 1000 953 1000 1000 0 20
0.166667 0.186526 0.012697 200 184 1000 1040 1000 1000 0 20
0.166667 0.173649 0.012984 200 183 1000 1000 1000 1000 0 20
0.166667 0.195772 0.013312 200 207 1000 1012 1000 1000 0 20
0.166667 0.188914 0.013446 200 187 1000 924 1000 1000 0 20
0.166667 0.191633 0.013302 200 203 1000 990 1000 1000 0 20
0.166667 0.188078 0.012783 200 187 1000 1033 1000 1000 0 20
0.166667 0.206054 0.013145 200 200 1000 1015 1000 1000 0 20
0.166667 0.211785 0.013286 200 204 1000 995 1000 1000 0 20
0.166667 0.203088 0.013321 200 212 1000 1022 1000 1000 0 20
0.166667 0.181273 0.012640 200 186 1000 1026 1000 1000 0 20
0.166667 0.212298 0.013640 200 223 1000 988 1000 1000 0 20
0.166667 0.195281 0.012959 200 219 1000 1045 1000 1000 0 20
0.166667 0.191988 0.012941 200 203 1000 1036 1000 1000 0 20
0.166667 0.211862 0.013743 200 214 1000 975 1000 1000 0 20
0.166667 0.202369 0.013324 200 200 1000 987 1000 1000 0 20
0.166667 0.210858 0.013382 200 209 1000 981 1000 1000 0 20
0.166667 0.230277 0.013958 200 218 1000 934 1000 1000 0 20
0.166667 0.205259 0.013198 200 215 1000 1018 1000 1000 0 20
0.166667 0.188924 0.013028 200 192 1000 999 1000 1000 0 20
0.166667 0.194390 0.013113 200 202 1000 1001 1000 1000 0 20
0.166667 0.202986 0.013527 200 209 1000 984 1000 1000 0 20
0.166667 0.211134 0.012988 200 228 1000 1041 1000 1000 0 20
0.166667 0.185892 0.012929 200 179 1000 1045 1000 1000 0 20
0.166667 0.188002 0.012565 200 190 1000 1056 1000 1000 0 20
0.166667 0.237905 0.014099 200 226 1000 955 1000 1000 0 20
0.166667 0.206078 0.013280 200 205 1000 997 1000 1000 0 20
0.166667 0.221020 0.014011 200 196 1000 980 1000 1000 0 20
0.166667 0.218403 0.013794 200 227 1000 957 1000 1000 0 20
0.166667 0.185144 0.012928 200 189 1000 1026 1000 1000 0 20
0.166667 0.165488 0.012822 200 182 1000 996 1000 1000 0 20
0.166667 0.226405 0.013602 200 229 1000 988 1000 1000 0 20
0.166667 0.198417 0.013229 200 207 1000 998 1000 1000 0 20
0.166667 0.185450 0.013312 200 184 1000 957 1000 1000 0 20
0.166667 0.186233 0.013002 200 190 1000 989 1000 1000 0 20
0.166667 0.208207 0.013297 200 210 1000 988 1000 1000 0 20
0.166667 0.196960 0.012901 200 201 1000 1032 1000 1000 0 20
0.166667 0.202233 0.013198 200 214 1000 1034 1000 1000 0 20
0.166667 0.185924 0.012850 200 189 1000 1049 1000 1000 0 20
0.166667 0.207740 0.013104 200 206 1000 1024 1000 1000 0 20
0.166667 0.206950 0.013615 200 192 1000 955 1000 1000 0 20
0.166667 0.226659 0.013780 200 229 1000 984 1000 1000 0 20
0.166667 0.206745 0.013516 200 205 1000 972 1000 1000 0 20
0.166667 0.220758 0.013638 200 218 1000 960 1000 1000 0 20
0.166667 0.199502 0.013351 200 210 1000 990 1000 1000 0 20
0.166667 0.205522 0.013203 200 211 1000 1037 1000 1000 0 20
0.166667 0.187561 0.013235 200 192 1000 996 1000 1000 0 20
0.166667 0.209078 0.013585 200 212 1000 992 1000 1000 0 20
0.166667 0.179517 0.012420 200 193 1000 1054 1000 1000 0 20
0.166667 0.201696 0.013229 200 212 1000 991 1000 1000 0 20
0.166667 0.195563 0.013369 200 192 1000 985 1000 1000 0 20
0.166667 0.192737 0.013086 200 197 1000 1029 1000 1000 0 20
0.166667 0.189525 0.013016 200 194 1000 1009 1000 1000 0 20
0.166667 0.200152 0.013233 200 199 1000 1018 1000 1000 0 20
0.166667 0.210985 0.013969 200 197 1000 955 1000 1000 0 20
0.166667 0.193082 0.013533 200 183 1000 966 1000 1000 0 20
0.166667 0.205745 0.013703 200 208 1000 976 1000 1000 0 20
0.166667 0.216234 0.013722 200 203 1000 973 1000 1000 0 20
0.166667 0.214711 0.013883 200 206 1000 979 1000 1000 0 20
0.166667 0.203513 0.013829 200 189 1000 933 1000 1000 0 20
0.166667 0.222428 0.013943 200 222 1000 957 1000 1000 0 20
0.166667 0.202445 0.013450 200 198 1000 1006 1000 1000 0 20
0.166667 0.173193 0.012376 200 188 1000 1060 1000 1000 0 20
0.166667 0.220765 0.013511 200 225 1000 985 1000 1000 0 20
0.166667 0.196361 0.013021 200 193 1000 992 1000 1000 0 20
0.166667 0.206886 0.013652 200 204 1000 967 1000 1000 0 20
0.166667 0.205303 0.013578 200 202 1000 941 1000 1000 0 20
0.166667 0.202707 0.013154 200 205 1000 1044 1000 1000 0 20
0.166667 0.193439 0.013378 200 199 1000 977 1000 1000 0 20
0.166667 0.215035 0.013470 200 210 1000 981 1000 1000 0 20
0.166667 0.176190 0.012825 200 179 1000 1022 1000 1000 0 20
0.166667 0.195609 0.013433 200 186 1000 967 1000 1000 0 20
0.166667 0.194125 0.013426 200 197 1000 996 1000 1000 0 20
0.166667 0.206100 0.013602 200 208 1000 961 1000 1000 0 20
0.166667 0.222365 0.013657 200 232 1000 984 1000 1000 0 20
0.166667 0.231643 0.014173 200 230 1000 943 1000 1000 0 20
0.166667 0.211278 0.013118 200 220 1000 1045 1000 1000 0 20
0.166667 0.211051 0.013632 200 216 1000 981 1000 1000 0 20
0.166667 0.209533 0.013148 200 228 1000 1041 1000 1000 0 20
0.166667 0.175937 0.012547 200 189 1000 1045 1000 1000 0 20
0.166667 0.193678 0.013337 200 196 1000 947 1000 1000 0 20
0.166667 0.220183 0.013747 200 214 1000 966 1000 1000 0 20
0.166667 0.191707 0.013245 200 188 1000 998 1000 1000 0 20
0.166667 0.215200 0.013947 200 205 1000 940 1000 1000 0 20
0.166667 0.184748 0.012979 200 183 1000 973 1000 1000 0 20
0.166667 0.197959 0.013059 200 209 1000 1042 1000 1000 0 20
0.166667 0.184206 0.013100 200 182 1000 961 1000 1000 0 20
0.166667 0.197569 0.013233 200 207 1000 1019 1000 1000 0 20
0.166667 0.204026 0.013250 200 213 1000 1005 1000 1000 0 20
0.166667 0.221312 0.013990 200 202 1000 938 1000 1000 0 20
0.166667 0.212651 0.013771 200 212 1000 963 1000 1000 0 20
0.166667 0.200823 0.013441 200 192 1000 970 1000 1000 0 20
0.166667 0.194183 0.013074 200 209 1000 990 1000 1000 0 20
0.166667 0.193114 0.012849 200 202 1000 1025 1000 1000 0 20
0.166667 0.200896 0.013349 200 203 1000 1011 1000 1000 0 20
0.166667 0.208836 0.013596 200 210 1000 967 1000 1000 0 20
0.166667 0.195644 0.013286 200 203 1000 1004 1000 1000 0 20
0.166667 0.208211 0.013530 200 197 1000 984 1000 1000 0 20
0.166667 0.200250 0.013054 200 202 1000 1018 1000 1000 0 20
0.166667 0.213255 0.013755 200 203 1000 960 1000 1000 0 20
0.166667 0.162064 0.013040 200 170 1000 953 1000 1000 0 20
0.166667 0.189480 0.013446 200 190 1000 961 1000 1000 0 20
0.166667 0.211348 0.013455 200 217 1000 1001 1000 1000 0 20
0.166667 0.184769 0.013029 200 190 1000 1040 1000 1000 0 20
0.166667 0.188540 0.012968 200 193 1000 1001 1000 1000 0 20
0.166667 0.190047 0.013261 200 177 1000 999 1000 1000 0 20
0.166667 0.205660 0.013190 200 208 1000 1007 1000 1000 0 20
0.166667 0.184742 0.013028 200 194 1000 1003 1000 1000 0 20
0.166667 0.194525 0.013281 200 195 1000 995 1000 1000 0 20
0.166667 0.208861 0.013378 200 216 1000 1002 1000 1000 0 20
0.166667 0.191687 0.013283 200 182 1000 972 1000 1000 0 20
0.166667 0.229361 0.013864 200 229 1000 971 1000 1000 0 20
0.166667 0.197196 0.012607 200 207 1000 1078 1000 1000 0 20
0.166667 0.206723 0.013715 200 201 1000 958 1000 1000 0 20
0.166667 0.198099 0.012935 200 208 1000 1050 1000 1000 0 20
0.166667 0.199030 0.013222 200 202 1000 1017 1000 1000 0 20
0.166667 0.206310 0.013193 200 211 1000 1022 1000 1000 0 20
0.166667 0.191619 0.012801 200 203 1000 1031 1000 1000 0 20
0.166667 0.237199 0.014314 200 223 1000 939 1000 1000 0 20
0.166667 0.213768 0.013495 200 218 1000 997 1000 1000 0 20
0.166667 0.216868 0.013689 200 230 1000 986 1000 1000 0 20
0.166667 0.195092 0.013389 200 199 1000 976 1000 1000 0 20
0.166667 0.198362 0.013268 200 201 1000 1015 1000 1000 0 20
0.166667 0.205311 0.013618 200 192 1000 957 1000 1000 0 20
0.166667 0.203554 0.013577 200 198 1000 955 1000 1000 0 20
0.166667 0.202862 0.013577 200 188 1000 969 1000 1000 0 20
0.166667 0.197123 0.013250 200 195 1000 1009 1000 1000 0 20
0.166667 0.179874 0.012875 200 171 1000 1010 1000 1000 0 20
0.166667 0.213836 0.013404 200 212 1000 1001 1000 1000 0 20
0.166667 0.210399 0.013433 200 208 1000 988 1000 1000 0 20
0.166667 0.212578 0.013350 200 215 1000 1002 1000 1000 0 20
0.166667 0.208828 0.013396 200 206 1000 986 1000 1000 0 20
0.166667 0.203363 0.013536 200 200 1000 947 1000 1000 0 20
0.166667 0.215082 0.013531 200 206 1000 983 1000 1000 0 20
0.166667 0.186803 0.013213 200 182 1000 965 1000 1000 0 20
0.166667 0.187329 0.013058 200 178 1000 996 1000 1000 0 20
0.166667 0.201216 0.013596 200 199 1000 976 1000 1000 0 20
0.166667 0.195760 0.012952 200 195 1000 1027 1000 1000 0 20
0.166667 0.193278 0.013205 200 193 1000 986 1000 1000 0 20
0.166667 0.197543 0.013183 200 199 1000 1001 1000 1000 0 20
0.166667 0.184502 0.012861 200 195 1000 1012 1000 1000 0 20
0.166667 0.189959 0.013368 200 188 1000 1014 1000 1000 0 20
0.166667 0.229457 0.013966 200 219 1000 984 1000 1000 0 20
0.166667 0.204853 0.013477 200 209 1000 974 1000 1000 0 20
0.166667 0.239684 0.014514 200 227 1000 918 1000 1000 0 20
0.166667 0.202643 0.013423 200 194 1000 967 1000 1000 0 20
0.166667 0.199110 0.013493 200 206 1000 991 1000 1000 0 20
0.166667 0.205316 0.012890 200 212 1000 1053 1000 1000 0 20
0.166667 0.210281 0.013443 200 209 1000 968 1000 1000 0 20
0.166667 0.201053 0.013814 200 184 1000 951 1000 1000 0 20
0.166667 0.179559 0.012839 200 196 1000 1041 1000 1000 0 20
0.166667 0.183385 0.013297 200 169 1000 974 1000 1000 0 20
0.166667 0.218631 0.013565 200 227 1000 1014 1000 1000 0 20
0.166667 0.202680 0.013335 200 207 1000 982 1000 1000 0 20
0.166667 0.204469 0.013964 200 192 1000 928 1000 1000 0 20
0.166667 0.180088 0.013201 200 180 1000 965 1000 1000 0 20
0.166667 0.179971 0.012835 200 184 1000 1042 1000 1000 0 20
0.166667 0.203629 0.013039 200 206 1000 1031 1000 1000 0 20
0.166667 0.193354 0.012940 200 199 1000 1053 1000 1000 0 20
0.166667 0.226137 0.013677 200 217 1000 973 1000 1000 0 20
0.166667 0.215835 0.013533 200 204 1000 975 1000 1000 0 20
0.166667 0.185114 0.012810 200 203 1000 1030 1000 1000 0 20
0.166667 0.191122 0.012981 200 197 1000 1008 1000 1000 0 20
0.166667 0.180540 0.012761 200 181 1000 1050 1000 1000 0 20
0.166667 0.175937 0.012225 200 178 1000 1096 1000 1000 0 20
0.166667 0.215359 0.013718 200 198 1000 976 1000 1000 0 20
0.166667 0.217770 0.013755 200 217 1000 964 1000 1000 0 20
0.166667 0.188884 0.013202 200 182 1000 979 1000 1000 0 20
0.166667 0.191331 0.012716 200 200 1000 1070 1000 1000 0 20
0.166667 0.192267 0.012830 200 208 1000 1021 1000 1000 0 20
0.166667 0.209880 0.013232 200 216 1000 1033 1000 1000 0 20
0.166667 0.200760 0.013265 200 195 1000 1004 1000 1000 0 20
0.166667 0.209733 0.013750 200 205 1000 950 1000 1000 0 20
0.166667 0.189762 0.012787 200 202 1000 1047 1000 1000 0 20
0.166667 0.192795 0.013002 200 181 1000 1014 1000 1000 0 20
0.166667 0.210442 0.013792 200 196 1000 956 1000 1000 0 20
0.166667 0.201464 0.013212 200 204 1000 1026 1000 1000 0 20
0.166667 0.186697 0.012725 200 189 1000 1021 1000 1000 0 20
0.166667 0.205574 0.013332 200 202 1000 991 1000 1000 0 20
0.166667 0.189335 0.013307 200 186 1000 970 1000 1000 0 20
0.166667 0.173688 0.012958 200 168 1000 964 1000 1000 0 20
0.166667 0.214887 0.013442 200 216 1000 1004 1000 1000 0 20
0.166667 0.209229 0.013138 200 216 1000 1031 1000 1000 0 20
0.166667 0.220934 0.014094 200 207 1000 931 1000 1000 0 20
0.166667 0.225945 0.013996 200 229 1000 968 1000 1000 0 20
0.166667 0.200793 0.013792 200 181 1000 913 1000 1000 0 20
0.166667 0.226080 0.014006 200 211 1000 950 1000 1000 0 20
0.166667 0.198705 0.013129 200 206 1000 1021 1000 1000 0 20
0.166667 0.198869 0.013255 200 208 1000 1009 1000 1000 0 20
0.166667 0.182148 0.012703 200 168 1000 1022 1000 1000 0 20
0.166667 0.193136 0.012878 200 206 1000 1012 1000 1000 0 20
0.166667 0.228944 0.013992 200 211 1000 944 1000 1000 0 20
0.166667 0.209587 0.013547 200 217 1000 981 1000 1000 0 20
