0.166667 0.175797 0.011911 200 217 1000 1035 2 1000 1000 0 5
0.166667 0.201503 0.012532 200 223 1000 976 2 1000 1000 0 5
0.166667 0.172997 0.011863 200 208 1000 1040 2 1000 1000 0 5
0.166667 0.171717 0.011976 200 188 1000 994 2 1000 1000 0 5
0.166667 0.175135 0.012036 200 210 1000 1006 2 1000 1000 0 5
0.166667 0.177845 0.012183 200 212 1000 1008 2 1000 1000 0 5
0.166667 0.170121 0.011898 200 179 1000 1000 2 1000 1000 0 5
0.166667 0.172728 0.011944 200 216 1000 1025 2 1000 1000 0 5
0.166667 0.195175 0.012527 200 222 1000 991 2 1000 1000 0 5
0.166667 0.184909 0.012358 200 208 1000 1007 2 1000 1000 0 5
0.166667 0.164845 0.011820 200 205 1000 1054 2 1000 1000 0 5
0.166667 0.171202 0.012250 200 194 1000 984 2 1000 1000 0 5
0.166667 0.176443 0.012410 200 216 1000 983 2 1000 1000 0 5
0.166667 0.176807 0.011881 200 201 1000 1022 2 1000 1000 0 5
0.166667 0.189496 0.012055 200 221 1000 1047 2 1000 1000 0 5
0.166667 0.160629 0.012343 200 165 1000 948 2 1000 1000 0 5
0.166667 0.162069 0.011752 200 191 1000 1029 2 1000 1000 0 5
0.166667 0.178376 0.011958 200 218 1000 1053 2 1000 1000 0 5
0.166667 0.177875 0.012440 200 197 1000 959 2 1000 1000 0 5
0.166667 0.164947 0.011834 200 189 1000 1023 2 1000 1000 0 5
0.166667 0.168887 0.012153 200 189 1000 982 2 1000 1000 0 5
0.166667 0.171269 0.011897 200 203 1000 1036 2 1000 1000 0 5
0.166667 0.178916 0.012217 200 204 1000 1017 2 1000 1000 0 5
0.166667 0.185648 0.012215 200 219 1000 1026 2 1000 1000 0 5
0.166667 0.194340 0.012310 200 212 1000 985 2 1000 1000 0 5
0.166667 0.172375 0.011948 200 188 1000 1011 2 1000 1000 0 5
0.166667 0.184332 0.012337 200 208 1000 959 2 1000 1000 0 5
0.166667 0.181934 0.012043 200 208 1000 1017 2 1000 1000 0 5
0.166667 0.189635 0.012359 200 220 1000 998 2 1000 1000 0 5
0.166667 0.181664 0.012255 200 202 1000 1015 2 1000 1000 0 5
0.166667 0.176148 0.012597 200 203 1000 962 2 1000 1000 0 5
0.166667 0.182517 0.012239 200 204 1000 998 2 1000 1000 0 5
0.166667 0.159421 0.011572 200 180 1000 1008 2 1000 1000 0 5
0.166667 0.159770 0.011502 200 189 1000 1063 2 1000 1000 0 5
0.166667 0.183042 0.012600 200 196 1000 937 2 1000 1000 0 5
0.166667 0.195378 0.012658 200 211 1000 962 2 1000 1000 0 5
0.166667 0.162592 0.012386 200 178 1000 945 2 1000 1000 0 5
0.166667 0.166006 0.012117 200 194 1000 978 2 1000 1000 0 5
0.166667 0.173415 0.012034 200 199 1000 1020 2 1000 1000 0 5
0.166667 0.178496 0.012200 200 219 1000 1009 2 1000 1000 0 5
0.166667 0.180013 0.012526 200 206 1000 966 2 1000 1000 0 5
0.166667 0.164534 0.011676 200 195 1000 1040 2 1000 1000 0 5
0.166667 0.165797 0.011662 200 191 1000 1045 2 1000 1000 0 5
0.166667 0.181029 0.012246 200 195 1000 964 2 1000 1000 0 5
0.166667 0.204306 0.012948 200 215 1000 947 2 1000 1000 0 5
0.166667 0.173742 0.012300 200 199 1000 984 2 1000 1000 0 5
0.166667 0.166148 0.012143 200 191 1000 977 2 1000 1000 0 5
0.166667 0.177620 0.012195 200 208 1000 979 2 1000 1000 0 5
0.166667 0.186984 0.012698 200 210 1000 947 2 1000 1000 0 5
0.166667 0.167030 0.011812 200 193 1000 1014 2 1000 1000 0 5
0.166667 0.193818 0.012379 200 210 1000 1019 2 1000 1000 0 5
0.166667 0.178421 0.011930 200 206 1000 1033 2 1000 1000 0 5
0.166667 0.137475 0.011157 200 175 1000 1069 2 1000 1000 0 5
0.166667 0.210907 0.012524 200 231 1000 1002 2 1000 1000 0 5
0.166667 0.170685 0.011755 200 198 1000 1011 2 1000 1000 0 5
0.166667 0.181808 0.012371 200 198 1000 962 2 1000 1000 0 5
0.166667 0.179434 0.012011 200 198 1000 1020 2 1000 1000 0 5
0.166667 0.164840 0.011681 200 204 1000 1024 2 1000 1000 0 5
0.166667 0.193029 0.012882 200 212 1000 930 2 1000 1000 0 5
0.166667 0.185504 0.012411 200 193 1000 977 2 1000 1000 0 5
0.166667 0.170096 0.012093 200 196 1000 975 2 1000 1000 0 5
0.166667 0.193666 0.012345 200 218 1000 998 2 1000 1000 0 5
0.166667 0.186993 0.012023 200 213 1000 1042 2 1000 1000 0 5
0.166667 0.186806 0.012080 200 202 1000 1014 2 1000 1000 0 5
0.166667 0.172150 0.011749 200 202 1000 1026 2 1000 1000 0 5
0.166667 0.173318 0.012433 200 205 1000 971 2 1000 1000 0 5
0.166667 0.189241 0.012539 200 205 1000 961 2 1000 1000 0 5
0.166667 0.199738 0.012723 200 210 1000 982 2 1000 1000 0 5
0.166667 0.149714 0.011271 200 177 1000 1029 2 1000 1000 0 5
0.166667 0.174725 0.012071 200 195 1000 993 2 1000 1000 0 5
0.166667 0.191630 0.012288 200 205 1000 1016 2 1000 1000 0 5
0.166667 0.184654 0.012530 200 204 1000 939 2 1000 1000 0 5
0.166667 0.165059 0.011828 200 189 1000 1000 2 1000 1000 0 5
0.166667 0.187091 0.012190 200 203 1000 1012 2 1000 1000 0 5
0.166667 0.201685 0.012351 200 233 1000 993 2 1000 1000 0 5
0.166667 0.168164 0.011669 200 193 1000 1026 2 1000 1000 0 5
0.166667 0.176216 0.012256 200 188 1000 970 2 1000 1000 0 5
0.166667 0.213644 0.013271 200 231 1000 933 2 1000 1000 0 5
0.166667 0.171039 0.011883 200 197 1000 992 2 1000 1000 0 5
0.166667 0.171416 0.012223 200 193 1000 982 2 1000 1000 0 5
0.166667 0.161629 0.011855 200 193 1000 1018 2 1000 1000 0 5
0.166667 0.188965 0.012786 200 216 1000 950 2 1000 1000 0 5
0.166667 0.184197 0.012608 200 203 1000 946 2 1000 1000 0 5
0.166667 0.174807 0.011857 200 206 1000 1027 2 1000 1000 0 5
0.166667 0.183875 0.012296 200 219 1000 1004 2 1000 1000 0 5
0.166667 0.189750 0.012410 200 199 1000 1016 2 1000 1000 0 5
0.166667 0.177926 0.012219 200 200 1000 984 2 1000 1000 0 5
0.166667 0.153817 0.011688 200 176 1000 993 2 1000 1000 0 5
0.166667 0.186367 0.012030 200 220 1000 1045 2 1000 1000 0 5
0.166667 0.212543 0.012812 200 231 1000 978 2 1000 1000 0 5
0.166667 0.172343 0.011761 200 203 1000 1024 2 1000 1000 0 5
0.166667 0.167581 0.011497 200 204 1000 1059 2 1000 1000 0 5
0.166667 0.165005 0.011599 200 193 1000 1039 2 1000 1000 0 5
0.166667 0.189857 0.012583 200 206 1000 953 2 1000 1000 0 5
0.166667 0.170229 0.012054 200 185 1000 997 2 1000 1000 0 5
0.166667 0.161257 0.011747 200 203 1000 1034 2 1000 1000 0 5
0.166667 0.197398 0.012448 200 214 1000 965 2 1000 1000 0 5
0.166667 0.172644 0.012200 200 199 1000 973 2 1000 1000 0 5
0.166667 0.184924 0.012491 200 196 1000 957 2 1000 1000 0 5
0.166667 0.196265 0.012223 200 227 1000 1048 2 1000 1000 0 5
0.166667 0.175567 0.012245 200 204 1000 978 2 1000 1000 0 5
0.166667 0.174848 0.011739 200 208 1000 1030 2 1000 1000 0 5
0.166667 0.187299 0.012710 200 206 1000 936 2 1000 1000 0 5
0.166667 0.164250 0.011879 200 186 1000 1020 2 1000 1000 0 5
0.166667 0.174758 0.012029 200 193 1000 999 2 1000 1000 0 5
0.166667 0.164270 0.011774 200 192 1000 1020 2 1000 1000 0 5
0.166667 0.168691 0.011569 200 202 1000 1032 2 1000 1000 0 5
0.166667 0.189646 0.012551 200 215 1000 984 2 1000 1000 0 5
0.166667 0.153290 0.011730 200 189 1000 1014 2 1000 1000 0 5
0.166667 0.178226 0.012740 200 204 1000 956 2 1000 1000 0 5
0.166667 0.157920 0.011824 200 186 1000 1016 2 1000 1000 0 5
0.166667 0.141808 0.011568 200 166 1000 1020 2 1000 1000 0 5
0.166667 0.164349 0.012148 200 185 1000 966 2 1000 1000 0 5
0.166667 0.177834 0.012239 200 210 1000 989 2 1000 1000 0 5
0.166667 0.198293 0.012690 200 216 1000 953 2 1000 1000 0 5
0.166667 0.180933 0.012338 200 203 1000 965 2 1000 1000 0 5
0.166667 0.159490 0.011761 200 187 1000 1046 2 1000 1000 0 5
0.166667 0.163838 0.011759 200 186 1000 1029 2 1000 1000 0 5
0.166667 0.170102 0.012008 200 207 1000 992 2 1000 1000 0 5
0.166667 0.170084 0.011579 200 193 1000 1066 2 1000 1000 0 5
0.166667 0.179406 0.012476 200 195 1000 968 2 1000 1000 0 5
0.166667 0.205683 0.012917 200 214 1000 929 2 1000 1000 0 5
0.166667 0.149001 0.011562 200 174 1000 1015 2 1000 1000 0 5
0.166667 0.175881 0.012006 200 201 1000 1035 2 1000 1000 0 5
0.166667 0.174460 0.011893 200 210 1000 1026 2 1000 1000 0 5
0.166667 0.167536 0.011954 200 195 1000 1012 2 1000 1000 0 5
0.166667 0.167959 0.011899 200 199 1000 1030 2 1000 1000 0 5
0.166667 0.175945 0.012256 200 205 1000 973 2 1000 1000 0 5
0.166667 0.171710 0.011866 200 189 1000 1028 2 1000 1000 0 5
0.166667 0.187706 0.012197 200 207 1000 982 2 1000 1000 0 5
0.166667 0.157054 0.012016 200 175 1000 987 2 1000 1000 0 5
0.166667 0.179024 0.012100 200 210 1000 1019 2 1000 1000 0 5
0.166667 0.181048 0.012074 200 209 1000 1021 2 1000 1000 0 5
0.166667 0.172535 0.011665 200 196 1000 1037 2 1000 1000 0 5
0.166667 0.188039 0.012218 200 199 1000 1007 2 1000 1000 0 5
0.166667 0.171817 0.012316 200 189 1000 974 2 1000 1000 0 5
0.166667 0.164949 0.012026 200 201 1000 1023 2 1000 1000 0 5
0.166667 0.170581 0.011736 200 201 1000 1038 2 1000 1000 0 5
0.166667 0.161295 0.011841 200 197 1000 1028 2 1000 1000 0 5
0.166667 0.167429 0.011865 200 188 1000 1014 2 1000 1000 0 5
0.166667 0.162234 0.012034 200 187 1000 1035 2 1000 1000 0 5
0.166667 0.171666 0.011858 200 202 1000 1020 2 1000 1000 0 5
0.166667 0.170300 0.012033 200 186 1000 999 2 1000 1000 0 5
0.166667 0.172741 0.012393 200 200 1000 971 2 1000 1000 0 5
0.166667 0.172388 0.012482 200 204 1000 984 2 1000 1000 0 5
0.166667 0.158997 0.011650 200 198 1000 1014 2 1000 1000 0 5
0.166667 0.194484 0.012529 200 215 1000 967 2 1000 1000 0 5
0.166667 0.192265 0.012402 200 229 1000 998 2 1000 1000 0 5
0.166667 0.167194 0.012012 200 194 1000 982 2 1000 1000 0 5
0.166667 0.159898 0.011944 200 205 1000 1032 2 1000 1000 0 5
0.166667 0.182095 0.012506 200 205 1000 949 2 1000 1000 0 5
0.166667 0.177376 0.011662 200 215 1000 1086 2 1000 1000 0 5
0.166667 0.185846 0.012454 200 192 1000 963 2 1000 1000 0 5
0.166667 0.179861 0.012135 200 216 1000 1012 2 1000 1000 0 5
0.166667 0.172731 0.012239 200 202 1000 980 2 1000 1000 0 5
0.166667 0.169603 0.011652 200 213 1000 1043 2 1000 1000 0 5
0.166667 0.169461 0.011976 200 205 1000 1003 2 1000 1000 0 5
0.166667 0.180471 0.012391 200 214 1000 1018 2 1000 1000 0 5
0.166667 0.166780 0.011785 200 193 1000 1012 2 1000 1000 0 5
0.166667 0.177184 0.011863 200 204 1000 1029 2 1000 1000 0 5
0.166667 0.188648 0.012213 200 218 1000 1016 2 1000 1000 0 5
0.166667 0.173573 0.011980 200 195 1000 1026 2 1000 1000 0 5
0.166667 0.167314 0.012088 200 191 1000 989 2 1000 1000 0 5
0.166667 0.177358 0.012587 200 194 1000 948 2 1000 1000 0 5
0.166667 0.179421 0.012490 200 205 1000 968 2 1000 1000 0 5
0.166667 0.188131 0.012688 200 205 1000 926 2 1000 1000 0 5
0.166667 0.177913 0.012245 200 205 1000 989 2 1000 1000 0 5
0.166667 0.179904 0.012388 200 199 1000 992 2 1000 1000 0 5
0.166667 0.156480 0.011690 200 188 1000 1043 2 1000 1000 0 5
0.166667 0.154937 0.011920 200 181 1000 1006 2 1000 1000 0 5
0.166667 0.170031 0.011889 200 195 1000 1030 2 1000 1000 0 5
0.166667 0.164068 0.011880 200 190 1000 1008 2 1000 1000 0 5
0.166667 0.152413 0.011593 200 184 1000 1022 2 1000 1000 0 5
0.166667 0.177634 0.011677 200 215 1000 1046 2 1000 1000 0 5
0.166667 0.165372 0.011939 200 189 1000 1013 2 1000 1000 0 5
0.166667 0.171661 0.012523 200 210 1000 975 2 1000 1000 0 5
0.166667 0.183324 0.012350 200 219 1000 1010 2 1000 1000 0 5
0.166667 0.166723 0.012323 200 178 1000 972 2 1000 1000 0 5
0.166667 0.176064 0.011957 200 205 1000 1010 2 1000 1000 0 5
0.166667 0.162479 0.012072 200 189 1000 995 2 1000 1000 0 5
0.166667 0.170116 0.011941 200 183 1000 1009 2 1000 1000 0 5
0.166667 0.169471 0.011878 200 214 1000 1024 2 1000 1000 0 5
0.166667 0.179319 0.012170 200 216 1000 998 2 1000 1000 0 5
0.166667 0.193918 0.012265 200 221 1000 999 2 1000 1000 0 5
0.166667 0.195835 0.012424 200 221 1000 1009 2 1000 1000 0 5
0.166667 0.171511 0.011958 200 193 1000 984 2 1000 1000 0 5
0.166667 0.153230 0.011746 200 189 1000 986 2 1000 1000 0 5
0.166667 0.171346 0.012262 200 208 1000 989 2 1000 1000 0 5
0.166667 0.170895 0.011966 200 202 1000 1006 2 1000 1000 0 5
0.166667 0.175796 0.012702 200 180 1000 963 2 1000 1000 0 5
0.166667 0.159743 0.011655 200 207 1000 1054 2 1000 1000 0 5
0.166667 0.147242 0.011494 200 180 1000 1037 2 1000 1000 0 5
0.166667 0.173701 0.011902 200 192 1000 1014 2 1000 1000 0 5
0.166667 0.152925 0.011516 200 186 1000 1011 2 1000 1000 0 5
0.166667 0.177772 0.012192 200 194 1000 992 2 1000 1000 0 5
0.166667 0.180490 0.012030 200 214 1000 1020 2 1000 1000 0 5
0.166667 0.159361 0.011922 200 181 1000 995 2 1000 1000 0 5
0.166667 0.191137 0.012091 200 213 1000 1007 2 1000 1000 0 5
0.166667 0.179715 0.012072 200 212 1000 1016 2 1000 1000 0 5
0.166667 0.169727 0.011891 200 209 1000 1020 2 1000 1000 0 5
0.166667 0.170048 0.011844 200 194 1000 1012 2 1000 1000 0 5
0.166667 0.156163 0.011700 200 186 1000 1010 2 1000 1000 0 5
0.166667 0.171734 0.012215 200 206 1000 978 2 1000 1000 0 5
0.166667 0.174502 0.011861 200 203 1000 1003 2 1000 1000 0 5
0.166667 0.171945 0.012253 200 193 1000 1002 2 1000 1000 0 5
0.166667 0.172750 0.012313 200 203 1000 976 2 1000 1000 0 5
0.166667 0.181368 0.012111 200 207 1000 1023 2 1000 1000 0 5
0.166667 0.161930 0.011661 200 192 1000 1017 2 1000 1000 0 5
0.166667 0.186279 0.011982 200 215 1000 1047 2 1000 1000 0 5
0.166667 0.159536 0.011629 200 192 1000 1009 2 1000 1000 0 5
0.166667 0.169328 0.012258 200 194 1000 962 2 1000 1000 0 5
0.166667 0.167602 0.012183 200 178 1000 963 2 1000 1000 0 5
0.166667 0.163015 0.012107 200 186 1000 1001 2 1000 1000 0 5
0.166667 0.197360 0.012307 200 237 1000 1004 2 1000 1000 0 5
0.166667 0.177422 0.012091 200 183 1000 986 2 1000 1000 0 5
0.166667 0.170116 0.012216 200 177 1000 958 2 1000 1000 0 5
0.166667 0.171446 0.012005 200 212 1000 1004 2 1000 1000 0 5
0.166667 0.174493 0.012185 200 203 1000 961 2 1000 1000 0 5
0.166667 0.174718 0.011895 200 190 1000 1052 2 1000 1000 0 5
0.166667 0.177159 0.012539 200 174 1000 953 2 1000 1000 0 5
0.166667 0.173495 0.012434 200 202 1000 958 2 1000 1000 0 5
0.166667 0.182675 0.012016 200 205 1000 1044 2 1000 1000 0 5
0.166667 0.175696 0.012041 200 204 1000 1001 2 1000 1000 0 5
0.166667 0.166203 0.012071 200 203 1000 1016 2 1000 1000 0 5
0.166667 0.147282 0.011048 200 181 1000 1073 2 1000 1000 0 5
0.166667 0.168614 0.011709 200 200 1000 1023 2 1000 1000 0 5
0.166667 0.192980 0.012362 200 206 1000 975 2 1000 1000 0 5
0.166667 0.182882 0.012193 200 209 1000 995 2 1000 1000 0 5
0.166667 0.195260 0.012572 200 213 1000 972 2 1000 1000 0 5
0.166667 0.177651 0.012140 200 201 1000 1003 2 1000 1000 0 5
0.166667 0.203119 0.012161 200 235 1000 1043 2 1000 1000 0 5
0.166667 0.171561 0.012662 200 180 1000 923 2 1000 1000 0 5
0.166667 0.182823 0.012345 200 212 1000 974 2 1000 1000 0 5
0.166667 0.158159 0.011494 200 187 1000 1017 2 1000 1000 0 5
0.166667 0.177701 0.012267 200 192 1000 972 2 1000 1000 0 5
0.166667 0.164354 0.012041 200 191 1000 983 2 1000 1000 0 5
0.166667 0.173920 0.012035 200 210 1000 1012 2 1000 1000 0 5
0.166667 0.193476 0.012005 200 230 1000 1058 2 1000 1000 0 5
0.166667 0.164948 0.012050 200 199 1000 994 2 1000 1000 0 5
0.166667 0.176763 0.012353 200 202 1000 966 2 1000 1000 0 5
0.166667 0.187869 0.012375 200 217 1000 1008 2 1000 1000 0 5
0.166667 0.146952 0.011253 200 172 1000 1036 2 1000 1000 0 5
0.166667 0.183227 0.012273 200 201 1000 985 2 1000 1000 0 5
0.166667 0.177193 0.011801 200 207 1000 1024 2 1000 1000 0 5
0.166667 0.154343 0.011559 200 183 1000 1023 2 1000 1000 0 5
0.166667 0.167500 0.011458 200 207 1000 1058 2 1000 1000 0 5
0.166667 0.149367 0.011427 200 177 1000 1015 2 1000 1000 0 5
0.166667 0.168601 0.012221 200 182 1000 960 2 1000 1000 0 5
0.166667 0.162130 0.011770 200 186 1000 1014 2 1000 1000 0 5
0.166667 0.178160 0.012242 200 193 1000 990 2 1000 1000 0 5
0.166667 0.177928 0.012534 200 189 1000 937 2 1000 1000 0 5
0.166667 0.167482 0.012038 200 187 1000 989 2 1000 1000 0 5
0.166667 0.176733 0.012354 200 206 1000 1006 2 1000 1000 0 5
0.166667 0.185128 0.012249 200 202 1000 999 2 1000 1000 0 5
0.166667 0.186135 0.012352 200 195 1000 983 2 1000 1000 0 5
0.166667 0.161642 0.012073 200 171 1000 979 2 1000 1000 0 5
0.166667 0.213128 0.013121 200 235 1000 935 2 1000 1000 0 5
0.166667 0.184128 0.012068 200 216 1000 1056 2 1000 1000 0 5
0.166667 0.171276 0.011969 200 205 1000 1049 2 1000 1000 0 5
0.166667 0.187046 0.012297 200 207 1000 1000 2 1000 1000 0 5
0.166667 0.167996 0.011896 200 182 1000 1003 2 1000 1000 0 5
0.166667 0.178140 0.012165 200 212 1000 1012 2 1000 1000 0 5
0.166667 0.164827 0.011672 200 202 1000 1032 2 1000 1000 0 5
0.166667 0.191299 0.012533 200 201 1000 987 2 1000 1000 0 5
0.166667 0.163649 0.012267 200 185 1000 984 2 1000 1000 0 5
0.166667 0.171920 0.012160 200 202 1000 1002 2 1000 1000 0 5
0.166667 0.168113 0.011882 200 199 1000 1029 2 1000 1000 0 5
0.166667 0.168355 0.012123 200 193 1000 1004 2 1000 1000 0 5
0.166667 0.168262 0.011870 200 197 1000 982 2 1000 1000 0 5
0.166667 0.196501 0.012485 200 216 1000 984 2 1000 1000 0 5
0.166667 0.163871 0.012097 200 190 1000 977 2 1000 1000 0 5
0.166667 0.190084 0.012516 200 210 1000 1010 2 1000 1000 0 5
0.166667 0.194822 0.012338 200 224 1000 994 2 1000 1000 0 5
0.166667 0.185643 0.012357 200 205 1000 992 2 1000 1000 0 5
0.166667 0.156591 0.012247 200 187 1000 965 2 1000 1000 0 5
0.166667 0.155911 0.011582 200 184 1000 1021 2 1000 1000 0 5
0.166667 0.184763 0.012413 200 218 1000 985 2 1000 1000 0 5
0.166667 0.160440 0.011676 200 191 1000 1050 2 1000 1000 0 5
0.166667 0.169682 0.011772 200 193 1000 1021 2 1000 1000 0 5
0.166667 0.204105 0.012790 200 213 1000 953 2 1000 1000 0 5
0.166667 0.138552 0.011284 200 158 1000 981 2 1000 1000 0 5
0.166667 0.160160 0.012165 200 181 1000 962 2 1000 1000 0 5
0.166667 0.179534 0.012266 200 196 1000 1007 2 1000 1000 0 5
0.166667 0.175629 0.012053 200 193 1000 978 2 1000 1000 0 5
0.166667 0.174428 0.012105 200 203 1000 1011 2 1000 1000 0 5
0.166667 0.166753 0.011708 200 188 1000 1012 2 1000 1000 0 5
0.166667 0.155199 0.011567 200 188 1000 1059 2 1000 1000 0 5
0.166667 0.166159 0.011756 200 197 1000 1046 2 1000 1000 0 5
0.166667 0.179250 0.012643 200 207 1000 950 2 1000 1000 0 5
0.166667 0.161885 0.011647 200 180 1000 1004 2 1000 1000 0 5
0.166667 0.184455 0.011985 200 222 1000 1024 2 1000 1000 0 5
0.166667 0.201801 0.012815 200 226 1000 925 2 1000 1000 0 5
0.166667 0.174146 0.011921 200 201 1000 1013 2 1000 1000 0 5
0.166667 0.167945 0.011784 200 191 1000 1039 2 1000 1000 0 5
0.166667 0.148306 0.011495 200 165 1000 993 2 1000 1000 0 5
0.166667 0.201162 0.012725 200 209 1000 963 2 1000 1000 0 5
0.166667 0.176969 0.012244 200 195 1000 984 2 1000 1000 0 5
0.166667 0.205669 0.012755 200 219 1000 976 2 1000 1000 0 5
0.166667 0.206003 0.012746 200 222 1000 990 2 1000 1000 0 5
0.166667 0.179776 0.012170 200 203 1000 996 2 1000 1000 0 5
0.166667 0.183426 0.012465 200 204 1000 958 2 1000 1000 0 5
0.166667 0.175878 0.012449 200 204 1000 976 2 1000 1000 0 5
0.166667 0.189314 0.012068 200 216 1000 1035 2 1000 1000 0 5
0.166667 0.189646 0.012715 200 209 1000 956 2 1000 1000 0 5
0.166667 0.187656 0.012509 200 216 1000 987 2 1000 1000 0 5
0.166667 0.174594 0.011918 200 192 1000 1017 2 1000 1000 0 5
0.166667 0.169772 0.011953 200 200 1000 1015 2 1000 1000 0 5
0.166667 0.169026 0.012136 200 188 1000 1007 2 1000 1000 0 5
0.166667 0.168569 0.011824 200 196 1000 1010 2 1000 1000 0 5
0.166667 0.163754 0.012161 200 181 1000 978 2 1000 1000 0 5
0.166667 0.184839 0.012466 200 215 1000 956 2 1000 1000 0 5
0.166667 0.176784 0.011702 200 215 1000 1062 2 1000 1000 0 5
0.166667 0.193068 0.012412 200 221 1000 971 2 1000 1000 0 5
0.166667 0.170497 0.012245 200 201 1000 978 2 1000 1000 0 5
0.166667 0.154332 0.011816 200 186 1000 991 2 1000 1000 0 5
0.166667 0.163532 0.011767 200 188 1000 1018 2 1000 1000 0 5
0.166667 0.178730 0.012282 200 204 1000 997 2 1000 1000 0 5
0.166667 0.161540 0.012162 200 173 1000 948 2 1000 1000 0 5
0.166667 0.152433 0.011441 200 181 1000 1046 2 1000 1000 0 5
0.166667 0.178960 0.012536 200 189 1000 977 2 1000 1000 0 5
0.166667 0.170258 0.012140 200 207 1000 1015 2 1000 1000 0 5
0.166667 0.167781 0.011817 200 192 1000 1027 2 1000 1000 0 5
0.166667 0.191089 0.012499 200 216 1000 1008 2 1000 1000 0 5
0.166667 0.170940 0.011501 200 210 1000 1060 2 1000 1000 0 5
0.166667 0.163267 0.011618 200 187 1000 1053 2 1000 1000 0 5
0.166667 0.179117 0.012014 200 202 1000 1031 2 1000 1000 0 5
0.166667 0.172002 0.012099 200 204 1000 1028 2 1000 1000 0 5
0.166667 0.167068 0.011555 200 199 1000 1025 2 1000 1000 0 5
0.166667 0.180297 0.012083 200 190 1000 984 2 1000 1000 0 5
0.166667 0.159865 0.012029 200 190 1000 986 2 1000 1000 0 5
0.166667 0.162675 0.011573 200 204 1000 1065 2 1000 1000 0 5
0.166667 0.181413 0.012356 200 204 1000 977 2 1000 1000 0 5
0.166667 0.167912 0.011887 200 209 1000 1022 2 1000 1000 0 5
0.166667 0.176338 0.011985 200 202 1000 1033 2 1000 1000 0 5
0.166667 0.160905 0.011849 200 187 1000 984 2 1000 1000 0 5
0.166667 0.168050 0.011908 200 201 1000 1043 2 1000 1000 0 5
0.166667 0.182785 0.012647 200 209 1000 967 2 1000 1000 0 5
0.166667 0.173245 0.012233 200 189 1000 953 2 1000 1000 0 5
0.166667 0.190825 0.012446 200 220 1000 991 2 1000 1000 0 5
0.166667 0.205970 0.012546 200 233 1000 1005 2 1000 1000 0 5
0.166667 0.193269 0.012689 200 209 1000 944 2 1000 1000 0 5
0.166667 0.149144 0.011364 200 182 1000 1046 2 1000 1000 0 5
0.166667 0.160163 0.011541 200 181 1000 1041 2 1000 1000 0 5
0.166667 0.185638 0.012640 200 211 1000 979 2 1000 1000 0 5
0.166667 0.174200 0.012080 200 201 1000 1008 2 1000 1000 0 5
0.166667 0.186957 0.012539 200 217 1000 994 2 1000 1000 0 5
0.166667 0.169104 0.011511 200 192 1000 1028 2 1000 1000 0 5
0.166667 0.187321 0.012394 200 204 1000 981 2 1000 1000 0 5
0.166667 0.189994 0.012370 200 215 1000 977 2 1000 1000 0 5
0.166667 0.197330 0.012642 200 219 1000 976 2 1000 1000 0 5
0.166667 0.172465 0.011891 200 208 1000 1020 2 1000 1000 0 5
0.166667 0.177318 0.012195 200 197 1000 998 2 1000 1000 0 5
0.166667 0.194982 0.012765 200 204 1000 980 2 1000 1000 0 5
0.166667 0.165957 0.011880 200 190 1000 1017 2 1000 1000 0 5
0.166667 0.168977 0.011932 200 191 1000 1029 2 1000 1000 0 5
0.166667 0.211228 0.012988 200 223 1000 920 2 1000 1000 0 5
0.166667 0.168936 0.012247 200 174 1000 952 2 1000 1000 0 5
0.166667 0.197252 0.012192 200 224 1000 1039 2 1000 1000 0 5
0.166667 0.159228 0.011758 200 187 1000 1016 2 1000 1000 0 5
0.166667 0.178798 0.012128 200 186 1000 995 2 1000 1000 0 5
0.166667 0.179419 0.012261 200 206 1000 1001 2 1000 1000 0 5
0.166667 0.155459 0.011618 200 174 1000 989 2 1000 1000 0 5
0.166667 0.186266 0.012605 200 203 1000 986 2 1000 1000 0 5
0.166667 0.182229 0.012338 200 194 1000 962 2 1000 1000 0 5
0.166667 0.176327 0.012213 200 192 1000 955 2 1000 1000 0 5
0.166667 0.195284 0.012602 200 222 1000 960 2 1000 1000 0 5
0.166667 0.168221 0.012150 200 184 1000 975 2 1000 1000 0 5
0.166667 0.182603 0.012167 200 195 1000 988 2 1000 1000 0 5
0.166667 0.183463 0.012197 200 199 1000 997 2 1000 1000 0 5
0.166667 0.182654 0.012376 200 206 1000 988 2 1000 1000 0 5
0.166667 0.187666 0.012052 200 215 1000 1035 2 1000 1000 0 5
0.166667 0.178911 0.012282 200 194 1000 965 2 1000 1000 0 5
0.166667 0.163930 0.011691 200 191 1000 1023 2 1000 1000 0 5
0.166667 0.184210 0.012072 200 211 1000 1038 2 1000 1000 0 5
0.166667 0.173636 0.011959 200 199 1000 1009 2 1000 1000 0 5
0.166667 0.173190 0.012349 200 204 1000 977 2 1000 1000 0 5
0.166667 0.170425 0.012187 200 188 1000 992 2 1000 1000 0 5
0.166667 0.169416 0.011870 200 190 1000 1018 2 1000 1000 0 5
0.166667 0.156861 0.011380 200 186 1000 1029 2 1000 1000 0 5
0.166667 0.169056 0.012171 200 178 1000 970 2 1000 1000 0 5
0.166667 0.159320 0.011983 200 176 1000 960 2 1000 1000 0 5
0.166667 0.165066 0.012002 200 187 1000 983 2 1000 1000 0 5
0.166667 0.196452 0.012368 200 239 1000 1015 2 1000 1000 0 5
0.166667 0.197374 0.012776 200 213 1000 949 2 1000 1000 0 5
0.166667 0.165575 0.012146 200 188 1000 960 2 1000 1000 0 5
0.166667 0.167570 0.012411 200 177 1000 939 2 1000 1000 0 5
0.166667 0.151192 0.011234 200 182 1000 1057 2 1000 1000 0 5
0.166667 0.159917 0.012189 200 179 1000 998 2 1000 1000 0 5
0.166667 0.180902 0.012088 200 214 1000 1023 2 1000 1000 0 5
0.166667 0.165114 0.011776 200 188 1000 1007 2 1000 1000 0 5
0.166667 0.187287 0.012301 200 200 1000 979 2 1000 1000 0 5
0.166667 0.190294 0.012528 200 207 1000 988 2 1000 1000 0 5
0.166667 0.179557 0.011807 200 210 1000 1071 2 1000 1000 0 5
0.166667 0.172757 0.012133 200 190 1000 989 2 1000 1000 0 5
0.166667 0.171598 0.012407 200 180 1000 978 2 1000 1000 0 5
0.166667 0.183892 0.012201 200 213 1000 1019 2 1000 1000 0 5
0.166667 0.196728 0.012258 200 232 1000 1023 2 1000 1000 0 5
0.166667 0.160391 0.011723 200 194 1000 1019 2 1000 1000 0 5
0.166667 0.191880 0.012703 200 210 1000 977 2 1000 1000 0 5
0.166667 0.168489 0.011914 200 186 1000 1000 2 1000 1000 0 5
0.166667 0.193153 0.012514 200 213 1000 970 2 1000 1000 0 5
0.166667 0.194526 0.012438 200 212 1000 982 2 1000 1000 0 5
0.166667 0.184951 0.012854 200 190 1000 903 2 1000 1000 0 5
0.166667 0.167824 0.012184 200 194 1000 988 2 1000 1000 0 5
0.166667 0.163041 0.011739 200 198 1000 1041 2 1000 1000 0 5
0.166667 0.160630 0.012075 200 200 1000 995 2 1000 1000 0 5
0.166667 0.187604 0.012681 200 199 1000 951 2 1000 1000 0 5
0.166667 0.179910 0.012177 200 189 1000 1011 2 1000 1000 0 5
0.166667 0.156864 0.011817 200 175 1000 994 2 1000 1000 0 5
0.166667 0.173198 0.012131 200 193 1000 969 2 1000 1000 0 5
0.166667 0.179505 0.012130 200 210 1000 1002 2 1000 1000 0 5
0.166667 0.174460 0.012404 200 195 1000 997 2 1000 1000 0 5
0.166667 0.175425 0.012169 200 200 1000 970 2 1000 1000 0 5
0.166667 0.192557 0.012148 200 221 1000 1035 2 1000 1000 0 5
0.166667 0.185703 0.012281 200 214 1000 978 2 1000 1000 0 5
0.166667 0.194465 0.012702 200 206 1000 973 2 1000 1000 0 5
0.166667 0.185642 0.012435 200 218 1000 1005 2 1000 1000 0 5
0.166667 0.191855 0.012291 200 225 1000 991 2 1000 1000 0 5
0.166667 0.175841 0.012462 200 189 1000 938 2 1000 1000 0 5
0.166667 0.182076 0.011842 200 213 1000 1059 2 1000 1000 0 5
0.166667 0.190152 0.012415 200 218 1000 1005 2 1000 1000 0 5
0.166667 0.149910 0.011630 200 171 1000 996 2 1000 1000 0 5
0.166667 0.148830 0.011562 200 173 1000 983 2 1000 1000 0 5
0.166667 0.204296 0.012495 200 218 1000 976 2 1000 1000 0 5
0.166667 0.171032 0.011893 200 202 1000 1014 2 1000 1000 0 5
0.166667 0.167845 0.011951 200 191 1000 1022 2 1000 1000 0 5
0.166667 0.174071 0.011940 200 199 1000 1021 2 1000 1000 0 5
0.166667 0.175580 0.012639 200 196 1000 928 2 1000 1000 0 5
0.166667 0.188216 0.012734 200 203 1000 936 2 1000 1000 0 5
0.166667 0.177566 0.012349 200 197 1000 981 2 1000 1000 0 5
0.166667 0.172559 0.012326 200 199 1000 990 2 1000 1000 0 5
0.166667 0.194155 0.012521 200 223 1000 970 2 1000 1000 0 5
0.166667 0.182879 0.012126 200 212 1000 1001 2 1000 1000 0 5
0.166667 0.161370 0.011682 200 180 1000 991 2 1000 1000 0 5
0.166667 0.180961 0.012280 200 207 1000 991 2 1000 1000 0 5
0.166667 0.166559 0.011808 200 206 1000 1041 2 1000 1000 0 5
0.166667 0.185863 0.012312 200 215 1000 1010 2 1000 1000 0 5
0.166667 0.181064 0.012151 200 215 1000 1000 2 1000 1000 0 5
0.166667 0.162011 0.011883 200 186 1000 1026 2 1000 1000 0 5
0.166667 0.174087 0.011629 200 211 1000 1081 2 1000 1000 0 5
0.166667 0.158584 0.011903 200 197 1000 984 2 1000 1000 0 5
0.166667 0.169256 0.011706 200 204 1000 1035 2 1000 1000 0 5
0.166667 0.179633 0.012093 200 188 1000 999 2 1000 1000 0 5
0.166667 0.174881 0.012121 200 207 1000 982 2 1000 1000 0 5
0.166667 0.187072 0.012612 200 209 1000 963 2 1000 1000 0 5
0.166667 0.170447 0.012323 200 194 1000 960 2 1000 1000 0 5
0.166667 0.199793 0.012852 200 225 1000 967 2 1000 1000 0 5
0.166667 0.167530 0.011715 200 180 1000 1036 2 1000 1000 0 5
0.166667 0.194932 0.012421 200 214 1000 1010 2 1000 1000 0 5
0.166667 0.178351 0.012151 200 202 1000 1015 2 1000 1000 0 5
0.166667 0.183410 0.012503 200 208 1000 960 2 1000 1000 0 5
0.166667 0.196478 0.012420 200 210 1000 992 2 1000 1000 0 5
0.166667 0.179377 0.012558 200 205 1000 957 2 1000 1000 0 5
0.166667 0.170373 0.012213 200 192 1000 991 2 1000 1000 0 5
0.166667 0.163901 0.011440 200 192 1000 1065 2 1000 1000 0 5
0.166667 0.167707 0.011976 200 197 1000 1005 2 1000 1000 0 5
0.166667 0.177311 0.012142 200 208 1000 1003 2 1000 1000 0 5
0.166667 0.177406 0.012146 200 196 1000 991 2 1000 1000 0 5
0.166667 0.183917 0.011961 200 209 1000 1013 2 1000 1000 0 5
0.166667 0.165702 0.012307 200 181 1000 955 2 1000 1000 0 5
0.166667 0.183759 0.012398 200 197 1000 938 2 1000 1000 0 5
0.166667 0.171115 0.011812 200 200 1000 1009 2 1000 1000 0 5
0.166667 0.173151 0.012337 200 204 1000 986 2 1000 1000 0 5
0.166667 0.174691 0.011935 200 206 1000 1025 2 1000 1000 0 5
0.166667 0.163326 0.011641 200 206 1000 1054 2 1000 1000 0 5
0.166667 0.181755 0.011899 200 224 1000 1027 2 1000 1000 0 5
0.166667 0.183300 0.012366 200 207 1000 974 2 1000 1000 0 5
0.166667 0.163999 0.012220 200 179 1000 965 2 1000 1000 0 5
0.166667 0.164218 0.012338 200 176 1000 964 2 1000 1000 0 5
0.166667 0.172446 0.012328 200 201 1000 952 2 1000 1000 0 5
0.166667 0.168749 0.011944 200 181 1000 986 2 1000 1000 0 5
0.166667 0.164777 0.012537 200 191 1000 941 2 1000 1000 0 5
0.166667 0.158860 0.011809 200 174 1000 1021 2 1000 1000 0 5
0.166667 0.159637 0.012232 200 192 1000 974 2 1000 1000 0 5
0.166667 0.168020 0.011770 200 194 1000 1040 2 1000 1000 0 5
0.166667 0.152639 0.011539 200 166 1000 1043 2 1000 1000 0 5
0.166667 0.158394 0.011630 200 178 1000 1003 2 1000 1000 0 5
0.166667 0.159461 0.012001 200 182 1000 961 2 1000 1000 0 5
0.166667 0.162904 0.011470 200 206 1000 1074 2 1000 1000 0 5
0.166667 0.178743 0.012572 200 179 1000 938 2 1000 1000 0 5
0.166667 0.179101 0.012542 200 188 1000 953 2 1000 1000 0 5
0.166667 0.160599 0.011932 200 183 1000 1010 2 1000 1000 0 5
0.166667 0.161513 0.011844 200 187 1000 1011 2 1000 1000 0 5
0.166667 0.171296 0.011903 200 180 1000 1014 2 1000 1000 0 5
0.166667 0.168139 0.011902 200 188 1000 997 2 1000 1000 0 5
0.166667 0.185558 0.012340 200 196 1000 977 2 1000 1000 0 5
0.166667 0.174232 0.012445 200 194 1000 977 2 1000 1000 0 5
0.166667 0.162466 0.012211 200 205 1000 994 2 1000 1000 0 5
0.166667 0.175407 0.012169 200 196 1000 983 2 1000 1000 0 5
0.166667 0.186213 0.012466 200 220 1000 956 2 1000 1000 0 5
0.166667 0.185759 0.012389 200 215 1000 991 2 1000 1000 0 5
0.166667 0.176178 0.012170 200 200 1000 970 2 1000 1000 0 5
0.166667 0.170188 0.011618 200 210 1000 1013 2 1000 1000 0 5
0.166667 0.185392 0.012405 200 209 1000 989 2 1000 1000 0 5
0.166667 0.167263 0.012174 200 178 1000 969 2 1000 1000 0 5
0.166667 0.180056 0.012185 200 189 1000 990 2 1000 1000 0 5
0.166667 0.168300 0.012446 200 189 1000 954 2 1000 1000 0 5
0.166667 0.167636 0.011877 200 197 1000 1022 2 1000 1000 0 5
0.166667 0.153487 0.011746 200 177 1000 1018 2 1000 1000 0 5
0.166667 0.163879 0.011868 200 209 1000 1051 2 1000 1000 0 5
0.166667 0.196428 0.012765 200 224 1000 963 2 1000 1000 0 5
0.166667 0.190016 0.012613 200 213 1000 983 2 1000 1000 0 5
0.166667 0.167225 0.012040 200 195 1000 995 2 1000 1000 0 5
0.166667 0.185895 0.012191 200 211 1000 998 2 1000 1000 0 5
0.166667 0.181131 0.012038 200 217 1000 1015 2 1000 1000 0 5
0.166667 0.163674 0.011706 200 197 1000 1015 2 1000 1000 0 5
0.166667 0.159850 0.011999 200 183 1000 988 2 1000 1000 0 5
0.166667 0.182455 0.012105 200 203 1000 998 2 1000 1000 0 5
0.166667 0.186249 0.012565 200 190 1000 967 2 1000 1000 0 5
0.166667 0.183548 0.012599 200 216 1000 961 2 1000 1000 0 5
0.166667 0.159691 0.011725 200 186 1000 1010 2 1000 1000 0 5
0.166667 0.175883 0.012249 200 187 1000 970 2 1000 1000 0 5
0.166667 0.171230 0.011857 200 203 1000 1008 2 1000 1000 0 5
0.166667 0.159345 0.011433 200 194 1000 1072 2 1000 1000 0 5
0.166667 0.188482 0.012148 200 209 1000 1030 2 1000 1000 0 5
0.166667 0.157243 0.012017 200 168 1000 967 2 1000 1000 0 5
0.166667 0.159827 0.011566 200 181 1000 1033 2 1000 1000 0 5
0.166667 0.189686 0.012272 200 217 1000 1019 2 1000 1000 0 5
0.166667 0.182919 0.012447 200 204 1000 965 2 1000 1000 0 5
0.166667 0.178477 0.011767 200 209 1000 1052 2 1000 1000 0 5
0.166667 0.190644 0.012480 200 214 1000 984 2 1000 1000 0 5
0.166667 0.149752 0.011697 200 195 1000 1022 2 1000 1000 0 5
0.166667 0.170175 0.012061 200 193 1000 983 2 1000 1000 0 5
0.166667 0.188712 0.012331 200 201 1000 1005 2 1000 1000 0 5
0.166667 0.189289 0.012505 200 203 1000 970 2 1000 1000 0 5
0.166667 0.186972 0.012506 200 217 1000 979 2 1000 1000 0 5
0.166667 0.194253 0.012620 200 213 1000 942 2 1000 1000 0 5
0.166667 0.177763 0.011980 200 207 1000 1013 2 1000 1000 0 5
0.166667 0.185777 0.012021 200 212 1000 1014 2 1000 1000 0 5
0.166667 0.193987 0.012543 200 213 1000 973 2 1000 1000 0 5
0.166667 0.181846 0.012119 200 199 1000 991 2 1000 1000 0 5
0.166667 0.161747 0.011842 200 182 1000 1015 2 1000 1000 0 5
0.166667 0.169372 0.011979 200 195 1000 994 2 1000 1000 0 5
0.166667 0.178045 0.012141 200 199 1000 990 2 1000 1000 0 5
0.166667 0.189254 0.012484 200 205 1000 976 2 1000 1000 0 5
0.166667 0.184251 0.012434 200 207 1000 965 2 1000 1000 0 5
0.166667 0.182342 0.011919 200 216 1000 1026 2 1000 1000 0 5
0.166667 0.165594 0.011966 200 194 1000 1001 2 1000 1000 0 5
0.166667 0.173489 0.012046 200 188 1000 992 2 1000 1000 0 5
0.166667 0.173565 0.012495 200 185 1000 951 2 1000 1000 0 5
0.166667 0.185134 0.012345 200 200 1000 989 2 1000 1000 0 5
0.166667 0.175846 0.011697 200 201 1000 1059 2 1000 1000 0 5
0.166667 0.138216 0.011497 200 171 1000 1043 2 1000 1000 0 5
0.166667 0.199548 0.013031 200 228 1000 955 2 1000 1000 0 5
0.166667 0.180600 0.012429 200 199 1000 948 2 1000 1000 0 5
0.166667 0.179409 0.012504 200 198 1000 947 2 1000 1000 0 5
0.166667 0.197255 0.012085 200 231 1000 1043 2 1000 1000 0 5
0.166667 0.177164 0.011858 200 212 1000 1014 2 1000 1000 0 5
0.166667 0.190636 0.012552 200 209 1000 972 2 1000 1000 0 5
0.166667 0.175175 0.012071 200 202 1000 1006 2 1000 1000 0 5
0.166667 0.167349 0.012169 200 201 1000 984 2 1000 1000 0 5
0.166667 0.151041 0.011661 200 169 1000 978 2 1000 1000 0 5
0.166667 0.171187 0.011783 200 197 1000 1022 2 1000 1000 0 5
0.166667 0.193351 0.012479 200 207 1000 976 2 1000 1000 0 5
0.166667 0.168063 0.011876 200 193 1000 1021 2 1000 1000 0 5
0.166667 0.165296 0.012118 200 194 1000 975 2 1000 1000 0 5
0.166667 0.181702 0.012082 200 207 1000 1024 2 1000 1000 0 5
0.166667 0.182959 0.012085 200 206 1000 1027 2 1000 1000 0 5
0.166667 0.159144 0.011554 200 189 1000 1052 2 1000 1000 0 5
0.166667 0.169939 0.012025 200 187 1000 988 2 1000 1000 0 5
0.166667 0.175890 0.012278 200 198 1000 1017 2 1000 1000 0 5
0.166667 0.188944 0.012037 200 227 1000 1052 2 1000 1000 0 5
0.166667 0.171052 0.012079 200 183 1000 993 2 1000 1000 0 5
0.166667 0.163909 0.011768 200 204 1000 1064 2 1000 1000 0 5
0.166667 0.173813 0.012365 200 183 1000 958 2 1000 1000 0 5
0.166667 0.162738 0.012068 200 177 1000 982 2 1000 1000 0 5
0.166667 0.165512 0.011897 200 191 1000 992 2 1000 1000 0 5
0.166667 0.186043 0.012306 200 198 1000 957 2 1000 1000 0 5
0.166667 0.148358 0.011518 200 184 1000 1065 2 1000 1000 0 5
0.166667 0.151088 0.011751 200 190 1000 1030 2 1000 1000 0 5
0.166667 0.173925 0.012003 200 209 1000 1031 2 1000 1000 0 5
0.166667 0.179438 0.011907 200 216 1000 1043 2 1000 1000 0 5
0.166667 0.158603 0.011556 200 173 1000 1033 2 1000 1000 0 5
0.166667 0.202073 0.012568 200 220 1000 971 2 1000 1000 0 5
0.166667 0.202073 0.012631 200 222 1000 986 2 1000 1000 0 5
0.166667 0.181140 0.012234 200 212 1000 1002 2 1000 1000 0 5
0.166667 0.168114 0.011958 200 195 1000 1033 2 1000 1000 0 5
0.166667 0.160029 0.011699 200 193 1000 1018 2 1000 1000 0 5
0.166667 0.176243 0.012105 200 187 1000 987 2 1000 1000 0 5
0.166667 0.167030 0.012442 200 164 1000 946 2 1000 1000 0 5
0.166667 0.153797 0.011633 200 193 1000 1041 2 1000 1000 0 5
0.166667 0.158323 0.011786 200 197 1000 1024 2 1000 1000 0 5
0.166667 0.175078 0.011868 200 205 1000 1024 2 1000 1000 0 5
0.166667 0.171724 0.012056 200 196 1000 1026 2 1000 1000 0 5
0.166667 0.171320 0.011729 200 200 1000 1024 2 1000 1000 0 5
0.166667 0.166771 0.012102 200 196 1000 976 2 1000 1000 0 5
0.166667 0.179280 0.012194 200 220 1000 992 2 1000 1000 0 5
0.166667 0.209640 0.012971 200 216 1000 950 2 1000 1000 0 5
0.166667 0.163951 0.011984 200 180 1000 1011 2 1000 1000 0 5
0.166667 0.158519 0.011400 200 198 1000 1082 2 1000 1000 0 5
0.166667 0.156890 0.011444 200 182 1000 1033 2 1000 1000 0 5
0.166667 0.169231 0.011874 200 196 1000 1004 2 1000 1000 0 5
0.166667 0.196018 0.012287 200 223 1000 993 2 1000 1000 0 5
0.166667 0.156363 0.011762 200 188 1000 1016 2 1000 1000 0 5
0.166667 0.166794 0.011765 200 190 1000 1009 2 1000 1000 0 5
0.166667 0.193733 0.012557 200 214 1000 979 2 1000 1000 0 5
0.166667 0.193615 0.012436 200 223 1000 1007 2 1000 1000 0 5
0.166667 0.200929 0.012771 200 226 1000 952 2 1000 1000 0 5
0.166667 0.160432 0.012169 200 187 1000 979 2 1000 1000 0 5
0.166667 0.173894 0.012186 200 184 1000 975 2 1000 1000 0 5
0.166667 0.182997 0.012087 200 213 1000 1018 2 1000 1000 0 5
0.166667 0.193690 0.012975 200 210 1000 918 2 1000 1000 0 5
0.166667 0.178432 0.012432 200 204 1000 959 2 1000 1000 0 5
0.166667 0.167717 0.011602 200 201 1000 1049 2 1000 1000 0 5
0.166667 0.163766 0.012081 200 194 1000 994 2 1000 1000 0 5
0.166667 0.179161 0.012486 200 201 1000 965 2 1000 1000 0 5
0.166667 0.167562 0.011648 200 211 1000 1053 2 1000 1000 0 5
0.166667 0.149924 0.011121 200 180 1000 1057 2 1000 1000 0 5
0.166667 0.165100 0.011983 200 193 1000 1005 2 1000 1000 0 5
0.166667 0.153412 0.011494 200 189 1000 1068 2 1000 1000 0 5
0.166667 0.171889 0.012029 200 203 1000 1025 2 1000 1000 0 5
0.166667 0.170388 0.012246 200 185 1000 983 2 1000 1000 0 5
0.166667 0.179118 0.011814 200 210 1000 1025 2 1000 1000 0 5
0.166667 0.153476 0.011943 200 171 1000 991 2 1000 1000 0 5
0.166667 0.178722 0.012208 200 199 1000 982 2 1000 1000 0 5
0.166667 0.180554 0.012324 200 203 1000 977 2 1000 1000 0 5
0.166667 0.183982 0.012275 200 199 1000 979 2 1000 1000 0 5
0.166667 0.177754 0.012204 200 201 1000 1028 2 1000 1000 0 5
0.166667 0.187611 0.012161 200 215 1000 1005 2 1000 1000 0 5
0.166667 0.179468 0.012729 200 195 1000 940 2 1000 1000 0 5
0.166667 0.181334 0.012250 200 202 1000 994 2 1000 1000 0 5
0.166667 0.181056 0.012040 200 194 1000 1014 2 1000 1000 0 5
0.166667 0.170852 0.011942 200 200 1000 991 2 1000 1000 0 5
0.166667 0.178919 0.012433 200 188 1000 976 2 1000 1000 0 5
0.166667 0.181584 0.012496 200 203 1000 1003 2 1000 1000 0 5
0.166667 0.180027 0.012220 200 211 1000 1019 2 1000 1000 0 5
0.166667 0.176044 0.012021 200 208 1000 1022 2 1000 1000 0 5
0.166667 0.164328 0.012140 200 182 1000 974 2 1000 1000 0 5
0.166667 0.158402 0.011869 200 174 1000 989 2 1000 1000 0 5
0.166667 0.173803 0.011959 200 215 1000 1048 2 1000 1000 0 5
0.166667 0.148579 0.011510 200 182 1000 1028 2 1000 1000 0 5
0.166667 0.172292 0.012259 200 203 1000 997 2 1000 1000 0 5
0.166667 0.174135 0.012189 200 198 1000 988 2 1000 1000 0 5
0.166667 0.180360 0.012358 200 192 1000 969 2 1000 1000 0 5
0.166667 0.173830 0.011925 200 197 1000 1029 2 1000 1000 0 5
0.166667 0.195734 0.012680 200 228 1000 969 2 1000 1000 0 5
0.166667 0.179330 0.012473 200 207 1000 958 2 1000 1000 0 5
0.166667 0.176545 0.011784 200 197 1000 1035 2 1000 1000 0 5
0.166667 0.164029 0.011836 200 186 1000 1011 2 1000 1000 0 5
0.166667 0.185036 0.012254 200 199 1000 987 2 1000 1000 0 5
0.166667 0.176698 0.012053 200 205 1000 1014 2 1000 1000 0 5
0.166667 0.157630 0.012002 200 193 1000 1014 2 1000 1000 0 5
0.166667 0.187176 0.012226 200 212 1000 1034 2 1000 1000 0 5
0.166667 0.152566 0.011885 200 179 1000 1001 2 1000 1000 0 5
0.166667 0.190873 0.012347 200 218 1000 1017 2 1000 1000 0 5
0.166667 0.181480 0.012504 200 208 1000 995 2 1000 1000 0 5
0.166667 0.190432 0.012582 200 206 1000 978 2 1000 1000 0 5
0.166667 0.172503 0.012066 200 197 1000 983 2 1000 1000 0 5
0.166667 0.180931 0.012001 200 223 1000 1037 2 1000 1000 0 5
0.166667 0.178950 0.011977 200 214 1000 1006 2 1000 1000 0 5
0.166667 0.179402 0.012210 200 208 1000 1016 2 1000 1000 0 5
0.166667 0.170297 0.011807 200 203 1000 1034 2 1000 1000 0 5
0.166667 0.197875 0.012162 200 230 1000 1050 2 1000 1000 0 5
0.166667 0.151943 0.011469 200 179 1000 1018 2 1000 1000 0 5
0.166667 0.168179 0.011764 200 199 1000 1050 2 1000 1000 0 5
0.166667 0.158764 0.011498 200 203 1000 1032 2 1000 1000 0 5
0.166667 0.171732 0.012060 200 200 1000 986 2 1000 1000 0 5
0.166667 0.187933 0.012043 200 217 1000 1000 2 1000 1000 0 5
0.166667 0.162945 0.011619 200 194 1000 1051 2 1000 1000 0 5
0.166667 0.175551 0.012125 200 200 1000 1016 2 1000 1000 0 5
0.166667 0.166613 0.011983 200 186 1000 990 2 1000 1000 0 5
0.166667 0.161094 0.011590 200 185 1000 1027 2 1000 1000 0 5
0.166667 0.160280 0.011754 200 181 1000 1007 2 1000 1000 0 5
0.166667 0.165609 0.011952 200 199 1000 991 2 1000 1000 0 5
0.166667 0.182577 0.012581 200 196 1000 976 2 1000 1000 0 5
0.166667 0.156186 0.011902 200 181 1000 1007 2 1000 1000 0 5
0.166667 0.182742 0.012442 200 213 1000 1019 2 1000 1000 0 5
0.166667 0.197924 0.012706 200 214 1000 979 2 1000 1000 0 5
0.166667 0.170586 0.012489 200 191 1000 947 2 1000 1000 0 5
0.166667 0.169618 0.012265 200 193 1000 980 2 1000 1000 0 5
0.166667 0.191936 0.012435 200 215 1000 965 2 1000 1000 0 5
0.166667 0.165450 0.011780 200 193 1000 1021 2 1000 1000 0 5
0.166667 0.174300 0.012048 200 200 1000 988 2 1000 1000 0 5
0.166667 0.186525 0.012449 200 211 1000 968 2 1000 1000 0 5
0.166667 0.167875 0.012160 200 198 1000 985 2 1000 1000 0 5
0.166667 0.174324 0.012314 200 188 1000 958 2 1000 1000 0 5
0.166667 0.181936 0.011858 200 211 1000 1056 2 1000 1000 0 5
0.166667 0.182467 0.012268 200 206 1000 987 2 1000 1000 0 5
0.166667 0.174769 0.012284 200 202 1000 978 2 1000 1000 0 5
0.166667 0.170790 0.012291 200 196 1000 997 2 1000 1000 0 5
0.166667 0.179255 0.011897 200 203 1000 1017 2 1000 1000 0 5
0.166667 0.198176 0.012979 200 217 1000 949 2 1000 1000 0 5
0.166667 0.179732 0.012105 200 200 1000 1019 2 1000 1000 0 5
0.166667 0.189600 0.012186 200 208 1000 996 2 1000 1000 0 5
0.166667 0.173912 0.011915 200 189 1000 997 2 1000 1000 0 5
0.166667 0.155067 0.011771 200 166 1000 994 2 1000 1000 0 5
0.166667 0.178526 0.012811 200 199 1000 957 2 1000 1000 0 5
0.166667 0.173928 0.012123 200 200 1000 987 2 1000 1000 0 5
0.166667 0.183456 0.012388 200 203 1000 993 2 1000 1000 0 5
0.166667 0.165271 0.011513 200 183 1000 1057 2 1000 1000 0 5
0.166667 0.199383 0.012073 200 260 1000 1068 2 1000 1000 0 5
0.166667 0.175875 0.011645 200 202 1000 1046 2 1000 1000 0 5
0.166667 0.147406 0.011492 200 180 1000 1038 2 1000 1000 0 5
0.166667 0.166935 0.012124 200 181 1000 982 2 1000 1000 0 5
0.166667 0.170437 0.012354 200 197 1000 966 2 1000 1000 0 5
0.166667 0.159519 0.011541 200 179 1000 1019 2 1000 1000 0 5
0.166667 0.160776 0.011999 200 191 1000 986 2 1000 1000 0 5
0.166667 0.163527 0.011441 200 195 1000 1055 2 1000 1000 0 5
0.166667 0.180031 0.012072 200 220 1000 1004 2 1000 1000 0 5
0.166667 0.184885 0.012330 200 209 1000 986 2 1000 1000 0 5
0.166667 0.166732 0.011907 200 184 1000 1035 2 1000 1000 0 5
0.166667 0.173734 0.012334 200 180 1000 991 2 1000 1000 0 5
0.166667 0.185903 0.012644 200 195 1000 951 2 1000 1000 0 5
0.166667 0.169836 0.012145 200 184 1000 986 2 1000 1000 0 5
0.166667 0.145264 0.011466 200 173 1000 1037 2 1000 1000 0 5
0.166667 0.158989 0.012061 200 180 1000 973 2 1000 1000 0 5
0.166667 0.188901 0.012470 200 221 1000 1008 2 1000 1000 0 5
0.166667 0.177973 0.012025 200 215 1000 1004 2 1000 1000 0 5
0.166667 0.207770 0.012780 200 243 1000 979 2 1000 1000 0 5
0.166667 0.172242 0.011702 200 212 1000 1041 2 1000 1000 0 5
0.166667 0.162766 0.011903 200 187 1000 1008 2 1000 1000 0 5
0.166667 0.156294 0.011552 200 189 1000 1047 2 1000 1000 0 5
0.166667 0.157254 0.011850 200 177 1000 1008 2 1000 1000 0 5
0.166667 0.180576 0.012199 200 212 1000 1000 2 1000 1000 0 5
0.166667 0.162553 0.011623 200 192 1000 1034 2 1000 1000 0 5
0.166667 0.189330 0.012317 200 216 1000 1022 2 1000 1000 0 5
0.166667 0.144100 0.011537 200 190 1000 1036 2 1000 1000 0 5
0.166667 0.164110 0.011899 200 177 1000 1012 2 1000 1000 0 5
0.166667 0.206881 0.012525 200 236 1000 1011 2 1000 1000 0 5
0.166667 0.164360 0.012051 200 193 1000 1001 2 1000 1000 0 5
0.166667 0.185942 0.012063 200 217 1000 1016 2 1000 1000 0 5
0.166667 0.198479 0.012311 200 224 1000 1022 2 1000 1000 0 5
0.166667 0.171347 0.011991 200 202 1000 1025 2 1000 1000 0 5
0.166667 0.163021 0.011911 200 202 1000 1005 2 1000 1000 0 5
0.166667 0.166293 0.011617 200 203 1000 1061 2 1000 1000 0 5
0.166667 0.169121 0.012022 200 195 1000 997 2 1000 1000 0 5
0.166667 0.160377 0.011482 200 188 1000 1066 2 1000 1000 0 5
0.166667 0.196497 0.012856 200 226 1000 951 2 1000 1000 0 5
0.166667 0.187975 0.012420 200 217 1000 986 2 1000 1000 0 5
0.166667 0.168937 0.012013 200 194 1000 994 2 1000 1000 0 5
0.166667 0.172022 0.011870 200 189 1000 1010 2 1000 1000 0 5
0.166667 0.167293 0.011909 200 183 1000 991 2 1000 1000 0 5
0.166667 0.186920 0.012503 200 200 1000 967 2 1000 1000 0 5
0.166667 0.168717 0.011783 200 199 1000 1016 2 1000 1000 0 5
0.166667 0.170256 0.011986 200 185 1000 992 2 1000 1000 0 5
0.166667 0.184785 0.012081 200 217 1000 1022 2 1000 1000 0 5
0.166667 0.172704 0.012115 200 189 1000 997 2 1000 1000 0 5
0.166667 0.175158 0.012143 200 180 1000 970 2 1000 1000 0 5
0.166667 0.159614 0.012027 200 199 1000 1003 2 1000 1000 0 5
0.166667 0.192488 0.012403 200 215 1000 993 2 1000 1000 0 5
0.166667 0.168844 0.011686 200 199 1000 1062 2 1000 1000 0 5
0.166667 0.166784 0.011669 200 187 1000 1045 2 1000 1000 0 5
0.166667 0.185894 0.012389 200 220 1000 998 2 1000 1000 0 5
0.166667 0.174628 0.011908 200 204 1000 1025 2 1000 1000 0 5
0.166667 0.187281 0.012603 200 207 1000 968 2 1000 1000 0 5
0.166667 0.172554 0.011977 200 203 1000 997 2 1000 1000 0 5
0.166667 0.151362 0.011610 200 175 1000 1013 2 1000 1000 0 5
0.166667 0.165326 0.012035 200 175 1000 980 2 1000 1000 0 5
0.166667 0.172644 0.011798 200 211 1000 1047 2 1000 1000 0 5
0.166667 0.200012 0.012298 200 214 1000 1014 2 1000 1000 0 5
0.166667 0.158078 0.012307 200 195 1000 982 2 1000 1000 0 5
0.166667 0.197747 0.012396 200 227 1000 1018 2 1000 1000 0 5
0.166667 0.173831 0.012001 200 205 1000 1002 2 1000 1000 0 5
0.166667 0.176082 0.012470 200 190 1000 948 2 1000 1000 0 5
0.166667 0.176215 0.012068 200 203 1000 1008 2 1000 1000 0 5
0.166667 0.169570 0.012072 200 183 1000 960 2 1000 1000 0 5
0.166667 0.166777 0.011906 200 185 1000 1018 2 1000 1000 0 5
0.166667 0.216970 0.013058 200 232 1000 928 2 1000 1000 0 5
0.166667 0.180788 0.012326 200 204 1000 971 2 1000 1000 0 5
0.166667 0.169039 0.012566 200 200 1000 989 2 1000 1000 0 5
0.166667 0.159404 0.011174 200 191 1000 1107 2 1000 1000 0 5
0.166667 0.178186 0.012232 200 197 1000 985 2 1000 1000 0 5
0.166667 0.175935 0.012028 200 217 1000 1008 2 1000 1000 0 5
0.166667 0.169497 0.012198 200 183 1000 977 2 1000 1000 0 5
0.166667 0.191125 0.012427 200 207 1000 1009 2 1000 1000 0 5
0.166667 0.179338 0.012550 200 196 1000 955 2 1000 1000 0 5
0.166667 0.169945 0.012192 200 196 1000 977 2 1000 1000 0 5
0.166667 0.167042 0.011984 200 187 1000 1029 2 1000 1000 0 5
0.166667 0.179787 0.012208 200 198 1000 979 2 1000 1000 0 5
0.166667 0.183231 0.011968 200 207 1000 1021 2 1000 1000 0 5
0.166667 0.184443 0.012060 200 209 1000 1006 2 1000 1000 0 5
0.166667 0.172770 0.011767 200 195 1000 1068 2 1000 1000 0 5
0.166667 0.199377 0.012512 200 221 1000 1009 2 1000 1000 0 5
0.166667 0.172819 0.012054 200 203 1000 987 2 1000 1000 0 5
0.166667 0.188162 0.012429 200 195 1000 947 2 1000 1000 0 5
0.166667 0.169829 0.012090 200 199 1000 1023 2 1000 1000 0 5
0.166667 0.168186 0.012362 200 202 1000 978 2 1000 1000 0 5
0.166667 0.170791 0.012018 200 190 1000 997 2 1000 1000 0 5
0.166667 0.161581 0.011807 200 196 1000 1028 2 1000 1000 0 5
0.166667 0.180692 0.012186 200 214 1000 993 2 1000 1000 0 5
0.166667 0.175265 0.012113 200 195 1000 1029 2 1000 1000 0 5
0.166667 0.176099 0.012305 200 200 1000 994 2 1000 1000 0 5
0.166667 0.170687 0.011859 200 212 1000 1037 2 1000 1000 0 5
0.166667 0.187251 0.012369 200 215 1000 988 2 1000 1000 0 5
0.166667 0.170286 0.011702 200 196 1000 1055 2 1000 1000 0 5
0.166667 0.166582 0.011590 200 193 1000 1045 2 1000 1000 0 5
0.166667 0.183331 0.012488 200 208 1000 996 2 1000 1000 0 5
0.166667 0.166315 0.012156 200 197 1000 983 2 1000 1000 0 5
0.166667 0.170343 0.011680 200 187 1000 1031 2 1000 1000 0 5
0.166667 0.182220 0.012403 200 212 1000 1001 2 1000 1000 0 5
0.166667 0.181955 0.012163 200 206 1000 1001 2 1000 1000 0 5
0.166667 0.154281 0.011599 200 187 1000 1005 2 1000 1000 0 5
0.166667 0.170256 0.011880 200 211 1000 1033 2 1000 1000 0 5
0.166667 0.207641 0.012736 200 233 1000 991 2 1000 1000 0 5
0.166667 0.171540 0.011938 200 206 1000 1014 2 1000 1000 0 5
0.166667 0.178982 0.012233 200 207 1000 985 2 1000 1000 0 5
0.166667 0.172876 0.012069 200 192 1000 991 2 1000 1000 0 5
0.166667 0.173944 0.011974 200 200 1000 1014 2 1000 1000 0 5
0.166667 0.191112 0.012068 200 230 1000 1033 2 1000 1000 0 5
0.166667 0.159442 0.011573 200 187 1000 1025 2 1000 1000 0 5
0.166667 0.188470 0.012518 200 220 1000 965 2 1000 1000 0 5
0.166667 0.162778 0.012065 200 189 1000 982 2 1000 1000 0 5
0.166667 0.178387 0.012293 200 191 1000 980 2 1000 1000 0 5
0.166667 0.183280 0.012092 200 212 1000 1015 2 1000 1000 0 5
0.166667 0.179342 0.012162 200 204 1000 979 2 1000 1000 0 5
0.166667 0.185961 0.012392 200 204 1000 982 2 1000 1000 0 5
0.166667 0.172504 0.012165 200 191 1000 997 2 1000 1000 0 5
0.166667 0.183732 0.012281 200 194 1000 963 2 1000 1000 0 5
0.166667 0.191269 0.012573 200 212 1000 970 2 1000 1000 0 5
0.166667 0.149132 0.011666 200 169 1000 991 2 1000 1000 0 5
0.166667 0.149643 0.011328 200 177 1000 1030 2 1000 1000 0 5
0.166667 0.170240 0.011814 200 203 1000 1054 2 1000 1000 0 5
0.166667 0.176660 0.012102 200 203 1000 1016 2 1000 1000 0 5
0.166667 0.185189 0.012440 200 214 1000 965 2 1000 1000 0 5
0.166667 0.163516 0.012085 200 181 1000 985 2 1000 1000 0 5
0.166667 0.177881 0.011931 200 215 1000 1067 2 1000 1000 0 5
0.166667 0.169867 0.012128 200 178 1000 990 2 1000 1000 0 5
0.166667 0.152033 0.011733 200 170 1000 995 2 1000 1000 0 5
0.166667 0.176174 0.012262 200 205 1000 960 2 1000 1000 0 5
0.166667 0.164946 0.012095 200 198 1000 1006 2 1000 1000 0 5
0.166667 0.156826 0.011925 200 183 1000 983 2 1000 1000 0 5
0.166667 0.176517 0.011721 200 204 1000 1064 2 1000 1000 0 5
0.166667 0.186697 0.012055 200 218 1000 1008 2 1000 1000 0 5
0.166667 0.181218 0.012338 200 208 1000 1000 2 1000 1000 0 5
0.166667 0.190129 0.012195 200 227 1000 997 2 1000 1000 0 5
0.166667 0.188055 0.012181 200 215 1000 1017 2 1000 1000 0 5
0.166667 0.176699 0.011970 200 203 1000 1026 2 1000 1000 0 5
0.166667 0.172172 0.011895 200 192 1000 999 2 1000 1000 0 5
0.166667 0.162951 0.011879 200 186 1000 1003 2 1000 1000 0 5
0.166667 0.182481 0.012034 200 217 1000 1019 2 1000 1000 0 5
0.166667 0.171688 0.012254 200 186 1000 976 2 1000 1000 0 5
0.166667 0.153795 0.011410 200 203 1000 1062 2 1000 1000 0 5
0.166667 0.175362 0.011924 200 215 1000 1025 2 1000 1000 0 5
0.166667 0.193882 0.012591 200 207 1000 964 2 1000 1000 0 5
0.166667 0.176450 0.012416 200 191 1000 987 2 1000 1000 0 5
0.166667 0.169601 0.012450 200 200 1000 975 2 1000 1000 0 5
0.166667 0.168892 0.012578 200 183 1000 972 2 1000 1000 0 5
0.166667 0.175635 0.012121 200 211 1000 999 2 1000 1000 0 5
0.166667 0.184075 0.011996 200 221 1000 1037 2 1000 1000 0 5
0.166667 0.186321 0.012065 200 200 1000 1014 2 1000 1000 0 5
0.166667 0.164551 0.011820 200 185 1000 992 2 1000 1000 0 5
0.166667 0.161103 0.012180 200 198 1000 990 2 1000 1000 0 5
0.166667 0.180561 0.012037 200 204 1000 1025 2 1000 1000 0 5
0.166667 0.176616 0.012512 200 200 1000 940 2 1000 1000 0 5
0.166667 0.189756 0.012127 200 234 1000 1045 2 1000 1000 0 5
0.166667 0.156741 0.011415 200 179 1000 1023 2 1000 1000 0 5
0.166667 0.183129 0.011942 200 225 1000 1040 2 1000 1000 0 5
0.166667 0.156151 0.011496 200 198 1000 1049 2 1000 1000 0 5
0.166667 0.180458 0.011880 200 214 1000 1065 2 1000 1000 0 5
0.166667 0.184288 0.012259 200 209 1000 972 2 1000 1000 0 5
0.166667 0.167270 0.011649 200 201 1000 1041 2 1000 1000 0 5
0.166667 0.165081 0.012315 200 178 1000 957 2 1000 1000 0 5
0.166667 0.177364 0.011873 200 202 1000 1012 2 1000 1000 0 5
0.166667 0.175447 0.012139 200 202 1000 995 2 1000 1000 0 5
0.166667 0.172357 0.011868 200 194 1000 1044 2 1000 1000 0 5
0.166667 0.156351 0.011957 200 186 1000 977 2 1000 1000 0 5
0.166667 0.201738 0.012544 200 229 1000 975 2 1000 1000 0 5
0.166667 0.194943 0.012565 200 223 1000 985 2 1000 1000 0 5
0.166667 0.167827 0.012048 200 183 1000 1001 2 1000 1000 0 5
0.166667 0.181015 0.012188 200 210 1000 1028 2 1000 1000 0 5
0.166667 0.170652 0.012139 200 197 1000 989 2 1000 1000 0 5
0.166667 0.189407 0.012453 200 219 1000 1021 2 1000 1000 0 5
0.166667 0.175294 0.011994 200 201 1000 1012 2 1000 1000 0 5
0.166667 0.151424 0.012132 200 168 1000 937 2 1000 1000 0 5
0.166667 0.158748 0.011759 200 184 1000 1005 2 1000 1000 0 5
0.166667 0.179725 0.012001 200 203 1000 1012 2 1000 1000 0 5
0.166667 0.172604 0.012034 200 183 1000 994 2 1000 1000 0 5
0.166667 0.172374 0.012234 200 190 1000 982 2 1000 1000 0 5
0.166667 0.180559 0.012064 200 207 1000 1018 2 1000 1000 0 5
0.166667 0.204033 0.012380 200 249 1000 1021 2 1000 1000 0 5
0.166667 0.180499 0.011786 200 216 1000 1021 2 1000 1000 0 5
0.166667 0.178623 0.012151 200 199 1000 1015 2 1000 1000 0 5
0.166667 0.170476 0.012130 200 200 1000 967 2 1000 1000 0 5
0.166667 0.167186 0.011835 200 182 1000 1004 2 1000 1000 0 5
0.166667 0.172995 0.012375 200 198 1000 978 2 1000 1000 0 5
0.166667 0.175319 0.011834 200 200 1000 1004 2 1000 1000 0 5
0.166667 0.173351 0.012023 200 209 1000 1036 2 1000 1000 0 5
0.166667 0.188556 0.012230 200 201 1000 1018 2 1000 1000 0 5
0.166667 0.173282 0.012238 200 195 1000 992 2 1000 1000 0 5
0.166667 0.163476 0.011955 200 186 1000 1036 2 1000 1000 0 5
0.166667 0.195491 0.012425 200 230 1000 1005 2 1000 1000 0 5
0.166667 0.199484 0.012613 200 216 1000 984 2 1000 1000 0 5
0.166667 0.200604 0.012418 200 242 1000 1014 2 1000 1000 0 5
0.166667 0.182599 0.012387 200 202 1000 971 2 1000 1000 0 5
0.166667 0.191416 0.012030 200 226 1000 1037 2 1000 1000 0 5
0.166667 0.176110 0.012150 200 196 1000 1003 2 1000 1000 0 5
0.166667 0.183528 0.012048 200 193 1000 1015 2 1000 1000 0 5
0.166667 0.178034 0.012621 200 197 1000 977 2 1000 1000 0 5
0.166667 0.192604 0.012249 200 222 1000 1027 2 1000 1000 0 5
0.166667 0.176395 0.012206 200 216 1000 1026 2 1000 1000 0 5
0.166667 0.166309 0.011873 200 195 1000 1033 2 1000 1000 0 5
0.166667 0.176102 0.011907 200 208 1000 1046 2 1000 1000 0 5
0.166667 0.153382 0.011699 200 181 1000 993 2 1000 1000 0 5
0.166667 0.183451 0.012505 200 200 1000 985 2 1000 1000 0 5
0.166667 0.164691 0.011941 200 196 1000 1001 2 1000 1000 0 5
0.166667 0.172494 0.012106 200 198 1000 1003 2 1000 1000 0 5
0.166667 0.194011 0.012518 200 235 1000 975 2 1000 1000 0 5
0.166667 0.174689 0.012149 200 197 1000 977 2 1000 1000 0 5
0.166667 0.170018 0.011718 200 206 1000 1057 2 1000 1000 0 5
0.166667 0.178632 0.012475 200 216 1000 984 2 1000 1000 0 5
0.166667 0.159012 0.011357 200 182 1000 1063 2 1000 1000 0 5
0.166667 0.197974 0.012196 200 227 1000 1020 2 1000 1000 0 5
0.166667 0.197508 0.012499 200 234 1000 1005 2 1000 1000 0 5
0.166667 0.191673 0.012147 200 232 1000 1031 2 1000 1000 0 5
0.166667 0.172628 0.011771 200 212 1000 1068 2 1000 1000 0 5
0.166667 0.172806 0.011650 200 204 1000 1054 2 1000 1000 0 5
0.166667 0.177395 0.011818 200 205 1000 1026 2 1000 1000 0 5
0.166667 0.185590 0.012691 200 195 1000 928 2 1000 1000 0 5
0.166667 0.161926 0.011656 200 200 1000 1024 2 1000 1000 0 5
0.166667 0.164169 0.011792 200 193 1000 997 2 1000 1000 0 5
0.166667 0.164522 0.011983 200 188 1000 1004 2 1000 1000 0 5
0.166667 0.187376 0.012625 200 215 1000 967 2 1000 1000 0 5
0.166667 0.157385 0.011648 200 177 1000 1036 2 1000 1000 0 5
0.166667 0.184015 0.011853 200 219 1000 1031 2 1000 1000 0 5
0.166667 0.161326 0.011767 200 183 1000 997 2 1000 1000 0 5
0.166667 0.165856 0.011878 200 195 1000 1027 2 1000 1000 0 5
0.166667 0.194662 0.012684 200 210 1000 972 2 1000 1000 0 5
0.166667 0.169218 0.012047 200 187 1000 961 2 1000 1000 0 5
0.166667 0.184232 0.012540 200 210 1000 969 2 1000 1000 0 5
0.166667 0.175678 0.012186 200 213 1000 1008 2 1000 1000 0 5
0.166667 0.175970 0.011893 200 199 1000 1018 2 1000 1000 0 5
0.166667 0.177191 0.011857 200 214 1000 1027 2 1000 1000 0 5
0.166667 0.142001 0.011490 200 175 1000 1036 2 1000 1000 0 5
0.166667 0.190403 0.012307 200 211 1000 1011 2 1000 1000 0 5
0.166667 0.172607 0.012183 200 204 1000 966 2 1000 1000 0 5
0.166667 0.169892 0.011978 200 200 1000 1034 2 1000 1000 0 5
0.166667 0.162428 0.011566 200 192 1000 1040 2 1000 1000 0 5
0.166667 0.178927 0.012139 200 209 1000 1025 2 1000 1000 0 5
0.166667 0.187373 0.012659 200 218 1000 983 2 1000 1000 0 5
0.166667 0.150591 0.011407 200 182 1000 1035 2 1000 1000 0 5
0.166667 0.153834 0.011457 200 176 1000 1037 2 1000 1000 0 5
0.166667 0.186543 0.011955 200 212 1000 1022 2 1000 1000 0 5
0.166667 0.176947 0.011769 200 198 1000 1054 2 1000 1000 0 5
0.166667 0.176578 0.011877 200 202 1000 1037 2 1000 1000 0 5
0.166667 0.183556 0.012329 200 206 1000 1013 2 1000 1000 0 5
0.166667 0.190502 0.012386 200 214 1000 991 2 1000 1000 0 5
0.166667 0.164211 0.011767 200 181 1000 1012 2 1000 1000 0 5
0.166667 0.187561 0.012201 200 228 1000 1012 2 1000 1000 0 5
0.166667 0.174537 0.012145 200 211 1000 1009 2 1000 1000 0 5
0.166667 0.188040 0.012797 200 200 1000 952 2 1000 1000 0 5
0.166667 0.184362 0.012652 200 197 1000 949 2 1000 1000 0 5
0.166667 0.167148 0.011912 200 210 1000 1033 2 1000 1000 0 5
0.166667 0.157405 0.012150 200 191 1000 985 2 1000 1000 0 5
0.166667 0.181503 0.012121 200 209 1000 994 2 1000 1000 0 5
0.166667 0.171979 0.012208 200 187 1000 955 2 1000 1000 0 5
0.166667 0.171690 0.012208 200 176 1000 970 2 1000 1000 0 5
0.166667 0.172919 0.011790 200 205 1000 1044 2 1000 1000 0 5
0.166667 0.186117 0.012361 200 211 1000 970 2 1000 1000 0 5
0.166667 0.206853 0.012786 200 230 1000 1002 2 1000 1000 0 5
0.166667 0.162625 0.011834 200 179 1000 994 2 1000 1000 0 5
0.166667 0.160016 0.011902 200 188 1000 988 2 1000 1000 0 5
0.166667 0.185588 0.012305 200 203 1000 982 2 1000 1000 0 5
0.166667 0.185951 0.012359 200 210 1000 994 2 1000 1000 0 5
0.166667 0.174145 0.011929 200 221 1000 1030 2 1000 1000 0 5
0.166667 0.174371 0.011950 200 198 1000 1033 2 1000 1000 0 5
0.166667 0.194517 0.012282 200 217 1000 1000 2 1000 1000 0 5
0.166667 0.185050 0.012593 200 202 1000 969 2 1000 1000 0 5
0.166667 0.175684 0.012258 200 188 1000 990 2 1000 1000 0 5
0.166667 0.174526 0.012347 200 195 1000 976 2 1000 1000 0 5
0.166667 0.189786 0.012472 200 213 1000 964 2 1000 1000 0 5
0.166667 0.174285 0.012254 200 196 1000 964 2 1000 1000 0 5
0.166667 0.199706 0.012841 200 233 1000 975 2 1000 1000 0 5
0.166667 0.188883 0.012532 200 219 1000 998 2 1000 1000 0 5
0.166667 0.180000 0.012455 200 190 1000 967 2 1000 1000 0 5
0.166667 0.182362 0.012471 200 212 1000 989 2 1000 1000 0 5
0.166667 0.166790 0.011399 200 206 1000 1100 2 1000 1000 0 5
0.166667 0.170743 0.012070 200 181 1000 974 2 1000 1000 0 5
0.166667 0.196463 0.012627 200 213 1000 965 2 1000 1000 0 5
0.166667 0.187732 0.012564 200 202 1000 950 2 1000 1000 0 5
0.166667 0.183810 0.012159 200 198 1000 993 2 1000 1000 0 5
0.166667 0.168367 0.012138 200 197 1000 1031 2 1000 1000 0 5
0.166667 0.185733 0.011735 200 222 1000 1074 2 1000 1000 0 5
0.166667 0.183604 0.012128 200 213 1000 1017 2 1000 1000 0 5
0.166667 0.200385 0.013058 200 209 1000 959 2 1000 1000 0 5
0.166667 0.169037 0.011610 200 209 1000 1057 2 1000 1000 0 5
0.166667 0.193607 0.012815 200 199 1000 942 2 1000 1000 0 5
0.166667 0.183906 0.011880 200 220 1000 1063 2 1000 1000 0 5
0.166667 0.160230 0.011991 200 178 1000 983 2 1000 1000 0 5
0.166667 0.171757 0.011943 200 205 1000 1044 2 1000 1000 0 5
0.166667 0.156208 0.011676 200 168 1000 1022 2 1000 1000 0 5
0.166667 0.168925 0.011723 200 178 1000 989 2 1000 1000 0 5
0.166667 0.167045 0.011967 200 205 1000 1032 2 1000 1000 0 5
0.166667 0.158914 0.011894 200 169 1000 949 2 1000 1000 0 5
0.166667 0.163128 0.011835 200 200 1000 1020 2 1000 1000 0 5
0.166667 0.158920 0.011913 200 193 1000 1021 2 1000 1000 0 5
0.166667 0.177603 0.012003 200 194 1000 988 2 1000 1000 0 5
0.166667 0.180946 0.012272 200 200 1000 990 2 1000 1000 0 5
0.166667 0.173950 0.012462 200 199 1000 972 2 1000 1000 0 5
0.166667 0.179902 0.012225 200 195 1000 980 2 1000 1000 0 5
0.166667 0.190034 0.012172 200 211 1000 1002 2 1000 1000 0 5
0.166667 0.191904 0.012500 200 216 1000 993 2 1000 1000 0 5
0.166667 0.158680 0.012113 200 189 1000 971 2 1000 1000 0 5
0.166667 0.172827 0.012298 200 199 1000 1028 2 1000 1000 0 5
0.166667 0.193642 0.012218 200 231 1000 1051 2 1000 1000 0 5
0.166667 0.170612 0.012136 200 201 1000 998 2 1000 1000 0 5
0.166667 0.167552 0.012362 200 183 1000 961 2 1000 1000 0 5
0.166667 0.207315 0.012930 200 214 1000 956 2 1000 1000 0 5
0.166667 0.185585 0.012385 200 210 1000 998 2 1000 1000 0 5
0.166667 0.166777 0.012027 200 177 1000 996 2 1000 1000 0 5
0.166667 0.188334 0.012367 200 212 1000 999 2 1000 1000 0 5
