0.166667 0.170680 0.011773 200 193 1000 1033 1000 1000 0 3
0.166667 0.168793 0.011888 200 195 1000 1034 1000 1000 0 3
0.166667 0.189371 0.012238 200 204 1000 969 1000 1000 0 3
0.166667 0.170976 0.011536 200 198 1000 1034 1000 1000 0 3
0.166667 0.154094 0.011678 200 192 1000 994 1000 1000 0 3
0.166667 0.183061 0.011962 200 208 1000 1000 1000 1000 0 3
0.166667 0.151478 0.011430 200 201 1000 1054 1000 1000 0 3
0.166667 0.171766 0.011680 200 199 1000 1027 1000 1000 0 3
0.166667 0.177430 0.012104 200 220 1000 1022 1000 1000 0 3
0.166667 0.158677 0.011482 200 191 1000 1035 1000 1000 0 3
0.166667 0.172141 0.012178 200 199 1000 970 1000 1000 0 3
0.166667 0.180995 0.012212 200 215 1000 995 1000 1000 0 3
0.166667 0.165636 0.011740 200 192 1000 1007 1000 1000 0 3
0.166667 0.169861 0.012108 200 197 1000 988 1000 1000 0 3
0.166667 0.136976 0.010962 200 174 1000 1073 1000 1000 0 3
0.166667 0.181155 0.012206 200 210 1000 964 1000 1000 0 3
0.166667 0.177072 0.012274 200 203 1000 962 1000 1000 0 3
0.166667 0.160570 0.011785 200 198 1000 1022 1000 1000 0 3
0.166667 0.187753 0.012290 200 226 1000 958 1000 1000 0 3
0.166667 0.177552 0.012056 200 208 1000 985 1000 1000 0 3
0.166667 0.174684 0.011924 200 222 1000 1004 1000 1000 0 3
0.166667 0.146686 0.011413 200 170 1000 989 1000 1000 0 3
0.166667 0.174803 0.011768 200 192 1000 1019 1000 1000 0 3
0.166667 0.186457 0.012266 200 201 1000 985 1000 1000 0 3
0.166667 0.155724 0.011724 200 196 1000 1013 1000 1000 0 3
0.166667 0.174855 0.012131 200 202 1000 972 1000 1000 0 3
0.166667 0.157896 0.011286 200 190 1000 1044 1000 1000 0 3
0.166667 0.168328 0.011652 200 202 1000 1016 1000 1000 0 3
0.166667 0.161626 0.011965 200 184 1000 974 1000 1000 0 3
0.166667 0.157772 0.012114 200 179 1000 960 1000 1000 0 3
0.166667 0.166899 0.011674 200 198 1000 1038 1000 1000 0 3
0.166667 0.161239 0.011422 200 194 1000 1051 1000 1000 0 3
0.166667 0.169217 0.012197 200 218 1000 963 1000 1000 0 3
0.166667 0.180103 0.011969 200 208 1000 1008 1000 1000 0 3
0.166667 0.179736 0.011973 200 206 1000 987 1000 1000 0 3
0.166667 0.178462 0.011820 200 208 1000 1006 1000 1000 0 3
0.166667 0.143953 0.010877 200 176 1000 1050 1000 1000 0 3
0.166667 0.168950 0.011873 200 191 1000 1009 1000 1000 0 3
0.166667 0.151727 0.011646 200 200 1000 1020 1000 1000 0 3
0.166667 0.154298 0.012096 200 188 1000 959 1000 1000 0 3
0.166667 0.169964 0.011963 200 190 1000 989 1000 1000 0 3
0.166667 0.184858 0.012379 200 204 1000 958 1000 1000 0 3
0.166667 0.180149 0.012168 200 206 1000 977 1000 1000 0 3
0.166667 0.167700 0.011816 200 199 1000 1041 1000 1000 0 3
0.166667 0.176682 0.011902 200 211 1000 1006 1000 1000 0 3
0.166667 0.175764 0.011570 200 209 1000 1037 1000 1000 0 3
0.166667 0.147006 0.011421 200 179 1000 1021 1000 1000 0 3
0.166667 0.171289 0.011874 200 202 1000 1025 1000 1000 0 3
0.166667 0.172799 0.011648 200 216 1000 1035 1000 1000 0 3
0.166667 0.149887 0.011487 200 207 1000 1056 1000 1000 0 3
0.166667 0.183742 0.012290 200 209 1000 944 1000 1000 0 3
0.166667 0.151873 0.011823 200 182 1000 977 1000 1000 0 3
0.166667 0.170434 0.011913 200 195 1000 970 1000 1000 0 3
0.166667 0.154920 0.011569 200 189 1000 1044 1000 1000 0 3
0.166667 0.164356 0.011666 200 184 1000 989 1000 1000 0 3
0.166667 0.184915 0.012316 200 210 1000 949 1000 1000 0 3
0.166667 0.175990 0.012349 200 197 1000 956 1000 1000 0 3
0.166667 0.175848 0.012081 200 181 1000 961 1000 1000 0 3
0.166667 0.178485 0.011728 200 205 1000 1038 1000 1000 0 3
0.166667 0.158158 0.012016 200 185 1000 955 1000 1000 0 3
0.166667 0.166112 0.011614 200 204 1000 1033 1000 1000 0 3
0.166667 0.167881 0.011825 200 192 1000 1023 1000 1000 0 3
0.166667 0.155883 0.011500 200 194 1000 1017 1000 1000 0 3
0.166667 0.153240 0.011153 200 186 1000 1081 1000 1000 0 3
0.166667 0.144124 0.011226 200 176 1000 1055 1000 1000 0 3
0.166667 0.184039 0.011684 200 205 1000 1054 1000 1000 0 3
0.166667 0.176697 0.012159 200 196 1000 986 1000 1000 0 3
0.166667 0.149216 0.011543 200 188 1000 992 1000 1000 0 3
0.166667 0.153063 0.011542 200 177 1000 965 1000 1000 0 3
0.166667 0.173864 0.012052 200 196 1000 1018 1000 1000 0 3
0.166667 0.154110 0.011746 200 190 1000 987 1000 1000 0 3
0.166667 0.165342 0.011731 200 196 1000 1020 1000 1000 0 3
0.166667 0.168833 0.011950 200 198 1000 999 1000 1000 0 3
0.166667 0.177719 0.012065 200 206 1000 992 1000 1000 0 3
0.166667 0.178173 0.011886 200 217 1000 1019 1000 1000 0 3
0.166667 0.186074 0.012485 200 230 1000 992 1000 1000 0 3
0.166667 0.149834 0.011437 200 196 1000 1042 1000 1000 0 3
0.166667 0.206991 0.012700 200 237 1000 949 1000 1000 0 3
0.166667 0.181238 0.012040 200 208 1000 1019 1000 1000 0 3
0.166667 0.170854 0.011969 200 202 1000 998 1000 1000 0 3
0.166667 0.162763 0.011593 200 192 1000 1040 1000 1000 0 3
0.166667 0.175921 0.012544 200 210 1000 967 1000 1000 0 3
0.166667 0.191219 0.012337 200 224 1000 991 1000 1000 0 3
0.166667 0.154472 0.011414 200 184 1000 1022 1000 1000 0 3
0.166667 0.171087 0.011712 200 206 1000 1034 1000 1000 0 3
0.166667 0.176963 0.011881 200 216 1000 1008 1000 1000 0 3
0.166667 0.160134 0.011555 200 187 1000 1034 1000 1000 0 3
0.166667 0.178885 0.011886 200 208 1000 1008 1000 1000 0 3
0.166667 0.180151 0.012089 200 208 1000 1019 1000 1000 0 3
0.166667 0.152984 0.011833 200 182 1000 971 1000 1000 0 3
0.166667 0.167482 0.011543 200 210 1000 1021 1000 1000 0 3
0.166667 0.157126 0.011807 200 189 1000 984 1000 1000 0 3
0.166667 0.168292 0.011762 200 197 1000 986 1000 1000 0 3
0.166667 0.146621 0.011085 200 188 1000 1074 1000 1000 0 3
0.166667 0.185176 0.012288 200 212 1000 993 1000 1000 0 3
0.166667 0.176691 0.012105 200 208 1000 981 1000 1000 0 3
0.166667 0.159952 0.011665 200 188 1000 1001 1000 1000 0 3
0.166667 0.185404 0.012170 200 200 1000 978 1000 1000 0 3
0.166667 0.177277 0.012268 200 201 1000 975 1000 1000 0 3
0.166667 0.170663 0.011845 200 189 1000 997 1000 1000 0 3
0.166667 0.168612 0.011610 200 207 1000 1025 1000 1000 0 3
0.166667 0.174673 0.011939 200 207 1000 1006 1000 1000 0 3
0.166667 0.166982 0.011667 200 194 1000 1024 1000 1000 0 3
0.166667 0.156833 0.011884 200 187 1000 984 1000 1000 0 3
0.166667 0.169533 0.011571 200 196 1000 1044 1000 1000 0 3
0.166667 0.189859 0.011947 200 227 1000 1011 1000 1000 0 3
0.166667 0.162620 0.011767 200 199 1000 994 1000 1000 0 3
0.166667 0.168523 0.012356 200 195 1000 939 1000 1000 0 3
0.166667 0.165657 0.011550 200 206 1000 1039 1000 1000 0 3
0.166667 0.157106 0.011916 200 191 1000 1020 1000 1000 0 3
0.166667 0.173349 0.011884 200 201 1000 1032 1000 1000 0 3
0.166667 0.160116 0.011794 200 189 1000 976 1000 1000 0 3
0.166667 0.177843 0.012106 200 204 1000 1002 1000 1000 0 3
0.166667 0.155484 0.010996 200 184 1000 1114 1000 1000 0 3
0.166667 0.144426 0.011494 200 171 1000 969 1000 1000 0 3
0.166667 0.155341 0.011594 200 182 1000 1023 1000 1000 0 3
0.166667 0.167884 0.012008 200 191 1000 961 1000 1000 0 3
0.166667 0.170957 0.011979 200 220 1000 1029 1000 1000 0 3
0.166667 0.176392 0.012432 200 187 1000 943 1000 1000 0 3
0.166667 0.176660 0.012045 200 205 1000 980 1000 1000 0 3
0.166667 0.193018 0.012491 200 216 1000 975 1000 1000 0 3
0.166667 0.159673 0.011899 200 180 1000 990 1000 1000 0 3
0.166667 0.176328 0.012461 200 197 1000 937 1000 1000 0 3
0.166667 0.166132 0.011651 200 189 1000 993 1000 1000 0 3
0.166667 0.173071 0.011803 200 211 1000 1038 1000 1000 0 3
0.166667 0.194871 0.012230 200 227 1000 986 1000 1000 0 3
0.166667 0.167152 0.011988 200 195 1000 986 1000 1000 0 3
0.166667 0.154418 0.011386 200 189 1000 1042 1000 1000 0 3
0.166667 0.175815 0.012220 200 208 1000 958 1000 1000 0 3
0.166667 0.153537 0.011875 200 186 1000 1002 1000 1000 0 3
0.166667 0.211118 0.012815 200 228 1000 977 1000 1000 0 3
0.166667 0.180946 0.011769 200 219 1000 1042 1000 1000 0 3
0.166667 0.179083 0.012328 200 192 1000 955 1000 1000 0 3
0.166667 0.156680 0.011692 200 176 1000 968 1000 1000 0 3
0.166667 0.140721 0.010628 200 179 1000 1118 1000 1000 0 3
0.166667 0.157823 0.011648 200 190 1000 1008 1000 1000 0 3
0.166667 0.166207 0.011762 200 202 1000 1009 1000 1000 0 3
0.166667 0.171178 0.012043 200 210 1000 982 1000 1000 0 3
0.166667 0.186659 0.012348 200 223 1000 968 1000 1000 0 3
0.166667 0.136068 0.011090 200 156 1000 1037 1000 1000 0 3
0.166667 0.195203 0.012326 200 222 1000 966 1000 1000 0 3
0.166667 0.172762 0.011970 200 210 1000 999 1000 1000 0 3
0.166667 0.170681 0.012084 200 203 1000 972 1000 1000 0 3
0.166667 0.177476 0.011892 200 214 1000 1004 1000 1000 0 3
0.166667 0.178357 0.012217 200 207 1000 967 1000 1000 0 3
0.166667 0.164041 0.012000 200 194 1000 1004 1000 1000 0 3
0.166667 0.178344 0.011927 200 223 1000 1018 1000 1000 0 3
0.166667 0.166252 0.011830 200 204 1000 1016 1000 1000 0 3
0.166667 0.180854 0.011957 200 198 1000 1017 1000 1000 0 3
0.166667 0.166554 0.011548 200 199 1000 1035 1000 1000 0 3
0.166667 0.162377 0.011523 200 197 1000 1070 1000 1000 0 3
0.166667 0.153020 0.011702 200 164 1000 973 1000 1000 0 3
0.166667 0.179257 0.012414 200 181 1000 941 1000 1000 0 3
0.166667 0.179175 0.012455 200 212 1000 955 1000 1000 0 3
0.166667 0.178970 0.011961 200 214 1000 993 1000 1000 0 3
0.166667 0.167533 0.012120 200 190 1000 991 1000 1000 0 3
0.166667 0.178375 0.012134 200 191 1000 988 1000 1000 0 3
0.166667 0.162826 0.011779 200 191 1000 1003 1000 1000 0 3
0.166667 0.172749 0.011649 200 213 1000 1047 1000 1000 0 3
0.166667 0.164192 0.011600 200 204 1000 1049 1000 1000 0 3
0.166667 0.159198 0.011529 200 182 1000 1021 1000 1000 0 3
0.166667 0.179220 0.012235 200 212 1000 978 1000 1000 0 3
0.166667 0.156993 0.011673 200 186 1000 999 1000 1000 0 3
0.166667 0.172961 0.011755 200 215 1000 1040 1000 1000 0 3
0.166667 0.170449 0.011611 200 203 1000 1015 1000 1000 0 3
0.166667 0.177364 0.012127 200 201 1000 997 1000 1000 0 3
0.166667 0.157899 0.012038 200 190 1000 979 1000 1000 0 3
0.166667 0.172880 0.011746 200 206 1000 1006 1000 1000 0 3
0.166667 0.166481 0.011696 200 187 1000 1004 1000 1000 0 3
0.166667 0.180962 0.012366 200 201 1000 958 1000 1000 0 3
0.166667 0.165286 0.011726 200 202 1000 1032 1000 1000 0 3
0.166667 0.208765 0.012828 200 246 1000 963 1000 1000 0 3
0.166667 0.160228 0.011901 200 214 1000 1009 1000 1000 0 3
0.166667 0.179830 0.011791 200 215 1000 1067 1000 1000 0 3
0.166667 0.168756 0.012214 200 195 1000 982 1000 1000 0 3
0.166667 0.157130 0.011983 200 189 1000 981 1000 1000 0 3
0.166667 0.186224 0.012146 200 218 1000 996 1000 1000 0 3
0.166667 0.174510 0.011863 200 210 1000 1027 1000 1000 0 3
0.166667 0.165611 0.011989 200 186 1000 970 1000 1000 0 3
0.166667 0.141619 0.011206 200 172 1000 1028 1000 1000 0 3
0.166667 0.177311 0.011730 200 232 1000 1065 1000 1000 0 3
0.166667 0.173144 0.012072 200 206 1000 992 1000 1000 0 3
0.166667 0.174722 0.012059 200 211 1000 1008 1000 1000 0 3
0.166667 0.147207 0.011364 200 202 1000 1043 1000 1000 0 3
0.166667 0.167070 0.011996 200 176 1000 970 1000 1000 0 3
0.166667 0.164740 0.011822 200 197 1000 996 1000 1000 0 3
0.166667 0.181682 0.012211 200 205 1000 969 1000 1000 0 3
0.166667 0.175301 0.011991 200 192 1000 1002 1000 1000 0 3
0.166667 0.164186 0.012184 200 183 1000 927 1000 1000 0 3
0.166667 0.178862 0.012292 200 199 1000 960 1000 1000 0 3
0.166667 0.174317 0.011789 200 215 1000 1040 1000 1000 0 3
0.166667 0.187104 0.011974 200 212 1000 1043 1000 1000 0 3
0.166667 0.161906 0.011349 200 195 1000 1057 1000 1000 0 3
0.166667 0.166026 0.011627 200 203 1000 1029 1000 1000 0 3
0.166667 0.161711 0.011433 200 187 1000 1038 1000 1000 0 3
0.166667 0.181451 0.012347 200 202 1000 982 1000 1000 0 3
0.166667 0.172953 0.012068 200 204 1000 1010 1000 1000 0 3
0.166667 0.185896 0.012319 200 211 1000 968 1000 1000 0 3
0.166667 0.188997 0.012657 200 204 1000 956 1000 1000 0 3
0.166667 0.158562 0.011736 200 195 1000 1017 1000 1000 0 3
0.166667 0.183428 0.012343 200 195 1000 963 1000 1000 0 3
0.166667 0.170586 0.011474 200 186 1000 1071 1000 1000 0 3
0.166667 0.199954 0.012574 200 224 1000 979 1000 1000 0 3
0.166667 0.167129 0.012097 200 181 1000 988 1000 1000 0 3
0.166667 0.194474 0.012584 200 217 1000 973 1000 1000 0 3
0.166667 0.179963 0.011923 200 218 1000 1024 1000 1000 0 3
0.166667 0.158206 0.011607 200 183 1000 996 1000 1000 0 3
0.166667 0.168077 0.012266 200 192 1000 953 1000 1000 0 3
0.166667 0.161611 0.011381 200 193 1000 1045 1000 1000 0 3
0.166667 0.168934 0.012229 200 200 1000 970 1000 1000 0 3
0.166667 0.159149 0.011106 200 196 1000 1084 1000 1000 0 3
0.166667 0.182086 0.011943 200 204 1000 1017 1000 1000 0 3
0.166667 0.188313 0.012510 200 214 1000 972 1000 1000 0 3
0.166667 0.195519 0.012489 200 221 1000 991 1000 1000 0 3
0.166667 0.210306 0.012865 200 211 1000 934 1000 1000 0 3
0.166667 0.174663 0.011939 200 203 1000 1027 1000 1000 0 3
0.166667 0.161255 0.011975 200 182 1000 971 1000 1000 0 3
0.166667 0.171984 0.011816 200 207 1000 1020 1000 1000 0 3
0.166667 0.156623 0.011636 200 185 1000 1012 1000 1000 0 3
0.166667 0.180691 0.011796 200 207 1000 1009 1000 1000 0 3
0.166667 0.183317 0.012379 200 210 1000 1003 1000 1000 0 3
0.166667 0.156966 0.011889 200 180 1000 962 1000 1000 0 3
0.166667 0.179013 0.012131 200 196 1000 984 1000 1000 0 3
0.166667 0.175971 0.012186 200 189 1000 962 1000 1000 0 3
0.166667 0.170757 0.012019 200 202 1000 995 1000 1000 0 3
0.166667 0.155973 0.011721 200 187 1000 985 1000 1000 0 3
0.166667 0.155097 0.011768 200 194 1000 1017 1000 1000 0 3
0.166667 0.162501 0.011505 200 194 1000 1032 1000 1000 0 3
0.166667 0.187127 0.011914 200 222 1000 1017 1000 1000 0 3
0.166667 0.154444 0.011377 200 183 1000 1024 1000 1000 0 3
0.166667 0.156725 0.011451 200 191 1000 1051 1000 1000 0 3
0.166667 0.172509 0.012082 200 205 1000 995 1000 1000 0 3
0.166667 0.174800 0.012303 200 196 1000 953 1000 1000 0 3
0.166667 0.160906 0.011352 200 201 1000 1050 1000 1000 0 3
0.166667 0.176041 0.011931 200 211 1000 1001 1000 1000 0 3
0.166667 0.155618 0.011735 200 182 1000 1019 1000 1000 0 3
0.166667 0.172777 0.012033 200 195 1000 960 1000 1000 0 3
0.166667 0.172935 0.011766 200 214 1000 1026 1000 1000 0 3
0.166667 0.175327 0.012119 200 216 1000 988 1000 1000 0 3
0.166667 0.197509 0.012678 200 221 1000 948 1000 1000 0 3
0.166667 0.171718 0.011530 200 202 1000 1049 1000 1000 0 3
0.166667 0.158861 0.011534 200 183 1000 1025 1000 1000 0 3
0.166667 0.175092 0.012084 200 204 1000 995 1000 1000 0 3
0.166667 0.152857 0.011758 200 187 1000 1013 1000 1000 0 3
0.166667 0.182490 0.012011 200 214 1000 1000 1000 1000 0 3
0.166667 0.165424 0.011918 200 192 1000 996 1000 1000 0 3
0.166667 0.170194 0.011670 200 200 1000 1035 1000 1000 0 3
0.166667 0.171237 0.011845 200 194 1000 991 1000 1000 0 3
0.166667 0.168712 0.012028 200 200 1000 980 1000 1000 0 3
0.166667 0.174805 0.011869 200 208 1000 999 1000 1000 0 3
0.166667 0.170611 0.012153 200 199 1000 963 1000 1000 0 3
0.166667 0.171264 0.011962 200 211 1000 991 1000 1000 0 3
0.166667 0.187215 0.012344 200 214 1000 975 1000 1000 0 3
0.166667 0.181545 0.012423 200 198 1000 964 1000 1000 0 3
0.166667 0.168576 0.011914 200 208 1000 1006 1000 1000 0 3
0.166667 0.175993 0.011967 200 201 1000 1009 1000 1000 0 3
0.166667 0.159189 0.011463 200 173 1000 1004 1000 1000 0 3
0.166667 0.174251 0.011922 200 204 1000 969 1000 1000 0 3
0.166667 0.186706 0.012242 200 226 1000 978 1000 1000 0 3
0.166667 0.175082 0.011923 200 194 1000 994 1000 1000 0 3
0.166667 0.166931 0.011876 200 190 1000 986 1000 1000 0 3
0.166667 0.167833 0.011758 200 199 1000 1008 1000 1000 0 3
0.166667 0.177933 0.011725 200 223 1000 1030 1000 1000 0 3
0.166667 0.171060 0.011955 200 194 1000 991 1000 1000 0 3
0.166667 0.171411 0.012166 200 199 1000 978 1000 1000 0 3
0.166667 0.156568 0.011403 200 183 1000 1046 1000 1000 0 3
0.166667 0.175063 0.011613 200 212 1000 1044 1000 1000 0 3
0.166667 0.172107 0.011736 200 210 1000 1016 1000 1000 0 3
0.166667 0.167556 0.012079 200 195 1000 980 1000 1000 0 3
0.166667 0.165424 0.011940 200 193 1000 992 1000 1000 0 3
0.166667 0.175412 0.011908 200 192 1000 1011 1000 1000 0 3
0.166667 0.169599 0.011967 200 210 1000 1031 1000 1000 0 3
0.166667 0.173588 0.011852 200 211 1000 1014 1000 1000 0 3
0.166667 0.189878 0.012692 200 200 1000 941 1000 1000 0 3
0.166667 0.138690 0.011116 200 197 1000 1039 1000 1000 0 3
0.166667 0.155601 0.011873 200 177 1000 1002 1000 1000 0 3
0.166667 0.174602 0.012151 200 191 1000 967 1000 1000 0 3
0.166667 0.162384 0.011713 200 208 1000 1060 1000 1000 0 3
0.166667 0.180283 0.012242 200 205 1000 985 1000 1000 0 3
0.166667 0.161883 0.011676 200 188 1000 1022 1000 1000 0 3
0.166667 0.167847 0.012201 200 187 1000 953 1000 1000 0 3
0.166667 0.175059 0.011631 200 216 1000 1046 1000 1000 0 3
0.166667 0.186231 0.012131 200 220 1000 990 1000 1000 0 3
0.166667 0.173225 0.011725 200 214 1000 1040 1000 1000 0 3
0.166667 0.161098 0.011567 200 195 1000 1034 1000 1000 0 3
0.166667 0.152029 0.011970 200 190 1000 997 1000 1000 0 3
0.166667 0.177179 0.012138 200 228 1000 1014 1000 1000 0 3
0.166667 0.153387 0.011246 200 183 1000 1049 1000 1000 0 3
0.166667 0.182295 0.011834 200 225 1000 1064 1000 1000 0 3
0.166667 0.155903 0.011716 200 176 1000 990 1000 1000 0 3
0.166667 0.188312 0.012387 200 221 1000 962 1000 1000 0 3
0.166667 0.190003 0.012100 200 227 1000 1012 1000 1000 0 3
0.166667 0.161003 0.011483 200 194 1000 1058 1000 1000 0 3
0.166667 0.170248 0.011601 200 201 1000 1080 1000 1000 0 3
0.166667 0.157157 0.011882 200 193 1000 997 1000 1000 0 3
0.166667 0.157965 0.011272 200 207 1000 1071 1000 1000 0 3
0.166667 0.170849 0.011714 200 190 1000 1032 1000 1000 0 3
0.166667 0.168861 0.011626 200 197 1000 1017 1000 1000 0 3
0.166667 0.198668 0.012765 200 209 1000 948 1000 1000 0 3
0.166667 0.193649 0.012300 200 235 1000 1023 1000 1000 0 3
0.166667 0.192543 0.012305 200 220 1000 1001 1000 1000 0 3
0.166667 0.160085 0.011582 200 168 1000 1015 1000 1000 0 3
0.166667 0.170762 0.011704 200 208 1000 1014 1000 1000 0 3
0.166667 0.171526 0.011644 200 205 1000 1026 1000 1000 0 3
0.166667 0.155635 0.011797 200 191 1000 1001 1000 1000 0 3
0.166667 0.154439 0.011728 200 178 1000 994 1000 1000 0 3
0.166667 0.178720 0.012199 200 208 1000 960 1000 1000 0 3
0.166667 0.168687 0.011820 200 200 1000 1016 1000 1000 0 3
0.166667 0.151193 0.011581 200 181 1000 1028 1000 1000 0 3
0.166667 0.167799 0.011675 200 198 1000 1017 1000 1000 0 3
0.166667 0.166195 0.012039 200 190 1000 974 1000 1000 0 3
0.166667 0.167658 0.011634 200 200 1000 1045 1000 1000 0 3
0.166667 0.198427 0.012751 200 221 1000 932 1000 1000 0 3
0.166667 0.149764 0.011675 200 181 1000 980 1000 1000 0 3
0.166667 0.166904 0.011921 200 188 1000 950 1000 1000 0 3
0.166667 0.171434 0.012017 200 197 1000 992 1000 1000 0 3
0.166667 0.183008 0.012425 200 195 1000 973 1000 1000 0 3
0.166667 0.162855 0.011731 200 185 1000 985 1000 1000 0 3
0.166667 0.184578 0.012516 200 208 1000 940 1000 1000 0 3
0.166667 0.161498 0.011499 200 194 1000 1032 1000 1000 0 3
0.166667 0.154543 0.011284 200 191 1000 1044 1000 1000 0 3
0.166667 0.162592 0.011846 200 191 1000 995 1000 1000 0 3
0.166667 0.172763 0.011592 200 208 1000 1010 1000 1000 0 3
0.166667 0.182841 0.011772 200 230 1000 1058 1000 1000 0 3
0.166667 0.165390 0.011998 200 204 1000 1016 1000 1000 0 3
0.166667 0.159932 0.011529 200 207 1000 1036 1000 1000 0 3
0.166667 0.170348 0.011992 200 188 1000 955 1000 1000 0 3
0.166667 0.162578 0.011439 200 201 1000 1062 1000 1000 0 3
0.166667 0.176309 0.012039 200 224 1000 1010 1000 1000 0 3
0.166667 0.159951 0.011833 200 189 1000 971 1000 1000 0 3
0.166667 0.191213 0.012685 200 204 1000 965 1000 1000 0 3
0.166667 0.170989 0.011758 200 211 1000 1024 1000 1000 0 3
0.166667 0.148520 0.011704 200 181 1000 980 1000 1000 0 3
0.166667 0.177736 0.012013 200 213 1000 1008 1000 1000 0 3
0.166667 0.170334 0.011891 200 194 1000 998 1000 1000 0 3
0.166667 0.173192 0.011686 200 204 1000 1033 1000 1000 0 3
0.166667 0.160762 0.011843 200 198 1000 1019 1000 1000 0 3
0.166667 0.188538 0.012521 200 210 1000 924 1000 1000 0 3
0.166667 0.178055 0.012182 200 193 1000 954 1000 1000 0 3
0.166667 0.180841 0.012266 200 200 1000 987 1000 1000 0 3
0.166667 0.170631 0.011667 200 208 1000 1042 1000 1000 0 3
0.166667 0.144711 0.011474 200 187 1000 1042 1000 1000 0 3
0.166667 0.166639 0.011552 200 197 1000 1017 1000 1000 0 3
0.166667 0.184603 0.012077 200 224 1000 1003 1000 1000 0 3
0.166667 0.170394 0.012159 200 183 1000 957 1000 1000 0 3
0.166667 0.181847 0.012182 200 211 1000 987 1000 1000 0 3
0.166667 0.146930 0.011186 200 189 1000 1052 1000 1000 0 3
0.166667 0.172830 0.011862 200 214 1000 1038 1000 1000 0 3
0.166667 0.170097 0.011817 200 200 1000 983 1000 1000 0 3
0.166667 0.161357 0.011968 200 184 1000 968 1000 1000 0 3
0.166667 0.167804 0.011746 200 200 1000 1024 1000 1000 0 3
0.166667 0.170476 0.011771 200 177 1000 998 1000 1000 0 3
0.166667 0.168149 0.011725 200 211 1000 1027 1000 1000 0 3
0.166667 0.149415 0.011449 200 179 1000 993 1000 1000 0 3
0.166667 0.174150 0.011839 200 216 1000 1032 1000 1000 0 3
0.166667 0.173267 0.011658 200 222 1000 1058 1000 1000 0 3
0.166667 0.174126 0.012126 200 199 1000 965 1000 1000 0 3
0.166667 0.171084 0.011888 200 200 1000 969 1000 1000 0 3
0.166667 0.153282 0.011431 200 187 1000 1021 1000 1000 0 3
0.166667 0.157705 0.011559 200 195 1000 1028 1000 1000 0 3
0.166667 0.168524 0.011967 200 192 1000 994 1000 1000 0 3
0.166667 0.169014 0.011853 200 195 1000 997 1000 1000 0 3
0.166667 0.164397 0.012273 200 193 1000 971 1000 1000 0 3
0.166667 0.160425 0.011605 200 192 1000 1039 1000 1000 0 3
0.166667 0.167639 0.011965 200 204 1000 1016 1000 1000 0 3
0.166667 0.166278 0.012064 200 178 1000 951 1000 1000 0 3
0.166667 0.175279 0.011858 200 206 1000 1043 1000 1000 0 3
0.166667 0.188983 0.012181 200 210 1000 991 1000 1000 0 3
0.166667 0.166884 0.011868 200 195 1000 1027 1000 1000 0 3
0.166667 0.181539 0.012201 200 223 1000 996 1000 1000 0 3
0.166667 0.174254 0.011889 200 195 1000 978 1000 1000 0 3
0.166667 0.184359 0.012107 200 219 1000 1032 1000 1000 0 3
0.166667 0.177121 0.011979 200 205 1000 1000 1000 1000 0 3
0.166667 0.159625 0.011572 200 204 1000 1034 1000 1000 0 3
0.166667 0.162424 0.011514 200 193 1000 1033 1000 1000 0 3
0.166667 0.164439 0.011942 200 207 1000 996 1000 1000 0 3
0.166667 0.186845 0.012046 200 207 1000 995 1000 1000 0 3
0.166667 0.163098 0.011524 200 189 1000 1017 1000 1000 0 3
0.166667 0.147308 0.011500 200 184 1000 1018 1000 1000 0 3
0.166667 0.176834 0.012162 200 203 1000 981 1000 1000 0 3
0.166667 0.191263 0.012413 200 229 1000 960 1000 1000 0 3
0.166667 0.160409 0.011904 200 186 1000 1000 1000 1000 0 3
0.166667 0.159211 0.011691 200 174 1000 994 1000 1000 0 3
0.166667 0.150015 0.011332 200 172 1000 984 1000 1000 0 3
0.166667 0.145123 0.011381 200 159 1000 1028 1000 1000 0 3
0.166667 0.158445 0.011622 200 193 1000 1021 1000 1000 0 3
0.166667 0.152852 0.011251 200 189 1000 1065 1000 1000 0 3
0.166667 0.173977 0.011864 200 205 1000 1016 1000 1000 0 3
0.166667 0.169879 0.011907 200 190 1000 991 1000 1000 0 3
0.166667 0.166928 0.012551 200 199 1000 940 1000 1000 0 3
0.166667 0.156029 0.011680 200 197 1000 1031 1000 1000 0 3
0.166667 0.182034 0.012259 200 225 1000 1026 1000 1000 0 3
0.166667 0.170867 0.011857 200 205 1000 1002 1000 1000 0 3
0.166667 0.161121 0.011712 200 188 1000 1007 1000 1000 0 3
0.166667 0.169069 0.011491 200 202 1000 1064 1000 1000 0 3
0.166667 0.185122 0.012335 200 210 1000 965 1000 1000 0 3
0.166667 0.161374 0.011803 200 191 1000 995 1000 1000 0 3
0.166667 0.179474 0.012020 200 207 1000 1000 1000 1000 0 3
0.166667 0.180095 0.012358 200 203 1000 962 1000 1000 0 3
0.166667 0.154354 0.011229 200 195 1000 1067 1000 1000 0 3
0.166667 0.188834 0.012535 200 210 1000 958 1000 1000 0 3
0.166667 0.177784 0.011851 200 199 1000 1006 1000 1000 0 3
0.166667 0.171569 0.011789 200 211 1000 1019 1000 1000 0 3
0.166667 0.172668 0.012354 200 199 1000 957 1000 1000 0 3
0.166667 0.170817 0.011790 200 198 1000 972 1000 1000 0 3
0.166667 0.170952 0.011794 200 212 1000 1022 1000 1000 0 3
0.166667 0.163354 0.011814 200 202 1000 1007 1000 1000 0 3
0.166667 0.155447 0.011514 200 205 1000 1049 1000 1000 0 3
0.166667 0.177775 0.012189 200 201 1000 976 1000 1000 0 3
0.166667 0.169074 0.012251 200 202 1000 999 1000 1000 0 3
0.166667 0.190469 0.012238 200 223 1000 991 1000 1000 0 3
0.166667 0.170419 0.011972 200 185 1000 943 1000 1000 0 3
0.166667 0.161145 0.011500 200 199 1000 1028 1000 1000 0 3
0.166667 0.186874 0.012425 200 223 1000 991 1000 1000 0 3
0.166667 0.168272 0.011713 200 217 1000 1044 1000 1000 0 3
0.166667 0.153663 0.011495 200 187 1000 1010 1000 1000 0 3
0.166667 0.169994 0.011889 200 197 1000 995 1000 1000 0 3
0.166667 0.175047 0.012275 200 203 1000 995 1000 1000 0 3
0.166667 0.173357 0.011938 200 210 1000 1005 1000 1000 0 3
0.166667 0.149174 0.011753 200 171 1000 980 1000 1000 0 3
0.166667 0.163247 0.012063 200 190 1000 986 1000 1000 0 3
0.166667 0.184009 0.012211 200 215 1000 977 1000 1000 0 3
0.166667 0.152206 0.011408 200 188 1000 1023 1000 1000 0 3
0.166667 0.145998 0.011546 200 173 1000 1010 1000 1000 0 3
0.166667 0.155615 0.011774 200 182 1000 982 1000 1000 0 3
0.166667 0.160348 0.011449 200 206 1000 1040 1000 1000 0 3
0.166667 0.171591 0.012072 200 201 1000 984 1000 1000 0 3
0.166667 0.161739 0.012166 200 191 1000 944 1000 1000 0 3
0.166667 0.168116 0.011546 200 212 1000 1059 1000 1000 0 3
0.166667 0.165857 0.011683 200 188 1000 1007 1000 1000 0 3
0.166667 0.169018 0.011977 200 196 1000 993 1000 1000 0 3
0.166667 0.167629 0.012103 200 199 1000 1018 1000 1000 0 3
0.166667 0.204155 0.012400 200 244 1000 998 1000 1000 0 3
0.166667 0.192747 0.012063 200 225 1000 1030 1000 1000 0 3
0.166667 0.171490 0.011777 200 198 1000 1022 1000 1000 0 3
0.166667 0.172807 0.012163 200 214 1000 1004 1000 1000 0 3
0.166667 0.183511 0.012231 200 204 1000 978 1000 1000 0 3
0.166667 0.181067 0.012354 200 210 1000 968 1000 1000 0 3
0.166667 0.188256 0.011947 200 226 1000 1027 1000 1000 0 3
0.166667 0.158572 0.011619 200 169 1000 981 1000 1000 0 3
0.166667 0.193623 0.012676 200 216 1000 954 1000 1000 0 3
0.166667 0.155043 0.011430 200 190 1000 1034 1000 1000 0 3
0.166667 0.155423 0.011680 200 175 1000 1010 1000 1000 0 3
0.166667 0.175505 0.011522 200 203 1000 1069 1000 1000 0 3
0.166667 0.154614 0.011733 200 187 1000 989 1000 1000 0 3
0.166667 0.161258 0.012282 200 192 1000 950 1000 1000 0 3
0.166667 0.177493 0.012305 200 196 1000 960 1000 1000 0 3
0.166667 0.181158 0.012374 200 211 1000 962 1000 1000 0 3
0.166667 0.160014 0.011982 200 186 1000 978 1000 1000 0 3
0.166667 0.175169 0.012313 200 214 1000 961 1000 1000 0 3
0.166667 0.167027 0.011916 200 197 1000 994 1000 1000 0 3
0.166667 0.162344 0.011851 200 182 1000 984 1000 1000 0 3
0.166667 0.156522 0.011445 200 178 1000 1038 1000 1000 0 3
0.166667 0.170106 0.011762 200 191 1000 1028 1000 1000 0 3
0.166667 0.183041 0.012149 200 222 1000 1032 1000 1000 0 3
0.166667 0.179156 0.012477 200 191 1000 913 1000 1000 0 3
0.166667 0.158799 0.011375 200 197 1000 1034 1000 1000 0 3
0.166667 0.169208 0.011686 200 205 1000 1012 1000 1000 0 3
0.166667 0.149226 0.011746 200 181 1000 990 1000 1000 0 3
0.166667 0.172982 0.011946 200 195 1000 978 1000 1000 0 3
0.166667 0.188708 0.012234 200 226 1000 998 1000 1000 0 3
0.166667 0.194346 0.012558 200 225 1000 959 1000 1000 0 3
0.166667 0.164576 0.011497 200 196 1000 1042 1000 1000 0 3
0.166667 0.177024 0.012073 200 201 1000 974 1000 1000 0 3
0.166667 0.147237 0.011255 200 177 1000 1054 1000 1000 0 3
0.166667 0.148240 0.011552 200 193 1000 1025 1000 1000 0 3
0.166667 0.158105 0.011690 200 183 1000 1002 1000 1000 0 3
0.166667 0.179185 0.012368 200 205 1000 958 1000 1000 0 3
0.166667 0.150188 0.011696 200 186 1000 997 1000 1000 0 3
0.166667 0.175620 0.012222 200 202 1000 970 1000 1000 0 3
0.166667 0.171916 0.012035 200 195 1000 991 1000 1000 0 3
0.166667 0.169361 0.012046 200 197 1000 998 1000 1000 0 3
0.166667 0.160630 0.012106 200 198 1000 987 1000 1000 0 3
0.166667 0.155006 0.011355 200 185 1000 1034 1000 1000 0 3
0.166667 0.179259 0.012175 200 202 1000 1005 1000 1000 0 3
0.166667 0.144694 0.011357 200 186 1000 1025 1000 1000 0 3
0.166667 0.162334 0.011637 200 194 1000 1011 1000 1000 0 3
0.166667 0.174027 0.011835 200 196 1000 997 1000 1000 0 3
0.166667 0.160188 0.012182 200 192 1000 970 1000 1000 0 3
0.166667 0.158635 0.011664 200 189 1000 1015 1000 1000 0 3
0.166667 0.174018 0.011921 200 189 1000 1001 1000 1000 0 3
0.166667 0.153067 0.011452 200 218 1000 1070 1000 1000 0 3
0.166667 0.150805 0.011762 200 175 1000 1004 1000 1000 0 3
0.166667 0.191239 0.012553 200 226 1000 971 1000 1000 0 3
0.166667 0.187759 0.012153 200 213 1000 1010 1000 1000 0 3
0.166667 0.163922 0.011945 200 179 1000 978 1000 1000 0 3
0.166667 0.166698 0.011628 200 195 1000 1036 1000 1000 0 3
0.166667 0.198622 0.012818 200 227 1000 937 1000 1000 0 3
0.166667 0.186093 0.012128 200 214 1000 1009 1000 1000 0 3
0.166667 0.140908 0.011260 200 166 1000 992 1000 1000 0 3
0.166667 0.198679 0.012249 200 215 1000 992 1000 1000 0 3
0.166667 0.185311 0.012056 200 212 1000 999 1000 1000 0 3
0.166667 0.157065 0.011643 200 181 1000 987 1000 1000 0 3
0.166667 0.160115 0.011559 200 193 1000 1016 1000 1000 0 3
0.166667 0.175749 0.011735 200 212 1000 1027 1000 1000 0 3
0.166667 0.158629 0.011961 200 190 1000 975 1000 1000 0 3
0.166667 0.188621 0.012226 200 221 1000 993 1000 1000 0 3
0.166667 0.156478 0.011395 200 190 1000 1020 1000 1000 0 3
0.166667 0.149058 0.011489 200 188 1000 1021 1000 1000 0 3
0.166667 0.173203 0.012343 200 197 1000 978 1000 1000 0 3
0.166667 0.191043 0.012407 200 216 1000 970 1000 1000 0 3
0.166667 0.164459 0.011586 200 198 1000 1012 1000 1000 0 3
0.166667 0.184594 0.011972 200 220 1000 1005 1000 1000 0 3
0.166667 0.178701 0.012107 200 208 1000 975 1000 1000 0 3
0.166667 0.159488 0.011832 200 197 1000 990 1000 1000 0 3
0.166667 0.171838 0.012229 200 200 1000 989 1000 1000 0 3
0.166667 0.161950 0.011614 200 191 1000 1040 1000 1000 0 3
0.166667 0.164338 0.011882 200 194 1000 987 1000 1000 0 3
0.166667 0.192137 0.012524 200 231 1000 975 1000 1000 0 3
0.166667 0.160680 0.011498 200 196 1000 1024 1000 1000 0 3
0.166667 0.167828 0.011978 200 199 1000 1021 1000 1000 0 3
0.166667 0.180364 0.011915 200 211 1000 1021 1000 1000 0 3
0.166667 0.169342 0.011673 200 205 1000 1024 1000 1000 0 3
0.166667 0.177018 0.012082 200 199 1000 974 1000 1000 0 3
0.166667 0.196382 0.012833 200 218 1000 935 1000 1000 0 3
0.166667 0.172171 0.011953 200 190 1000 973 1000 1000 0 3
0.166667 0.179001 0.011893 200 205 1000 1018 1000 1000 0 3
0.166667 0.160935 0.011735 200 201 1000 1042 1000 1000 0 3
0.166667 0.181931 0.012464 200 204 1000 958 1000 1000 0 3
0.166667 0.180255 0.012193 200 205 1000 951 1000 1000 0 3
0.166667 0.189136 0.012564 200 207 1000 975 1000 1000 0 3
0.166667 0.177129 0.012233 200 201 1000 947 1000 1000 0 3
0.166667 0.161452 0.011670 200 207 1000 1047 1000 1000 0 3
0.166667 0.135363 0.011100 200 162 1000 1030 1000 1000 0 3
0.166667 0.145947 0.011451 200 185 1000 1017 1000 1000 0 3
0.166667 0.175578 0.011906 200 189 1000 979 1000 1000 0 3
0.166667 0.166910 0.011878 200 186 1000 970 1000 1000 0 3
0.166667 0.162045 0.012117 200 184 1000 966 1000 1000 0 3
0.166667 0.173427 0.011864 200 197 1000 1013 1000 1000 0 3
0.166667 0.158229 0.011832 200 197 1000 1008 1000 1000 0 3
0.166667 0.176643 0.012125 200 209 1000 976 1000 1000 0 3
0.166667 0.181922 0.012417 200 209 1000 960 1000 1000 0 3
0.166667 0.165747 0.011694 200 204 1000 1053 1000 1000 0 3
0.166667 0.182157 0.012074 200 208 1000 1010 1000 1000 0 3
0.166667 0.175492 0.012089 200 204 1000 992 1000 1000 0 3
0.166667 0.164996 0.011554 200 196 1000 1006 1000 1000 0 3
0.166667 0.197500 0.012609 200 225 1000 950 1000 1000 0 3
0.166667 0.169246 0.011655 200 206 1000 1056 1000 1000 0 3
0.166667 0.184037 0.012150 200 206 1000 996 1000 1000 0 3
0.166667 0.202013 0.012496 200 226 1000 974 1000 1000 0 3
0.166667 0.179545 0.012227 200 197 1000 963 1000 1000 0 3
0.166667 0.161177 0.011808 200 177 1000 996 1000 1000 0 3
0.166667 0.149836 0.011827 200 169 1000 954 1000 1000 0 3
0.166667 0.177320 0.012092 200 200 1000 997 1000 1000 0 3
0.166667 0.163699 0.011752 200 197 1000 1009 1000 1000 0 3
0.166667 0.162552 0.011877 200 185 1000 959 1000 1000 0 3
0.166667 0.175268 0.012131 200 218 1000 989 1000 1000 0 3
0.166667 0.163964 0.012000 200 178 1000 974 1000 1000 0 3
0.166667 0.167570 0.012164 200 199 1000 972 1000 1000 0 3
0.166667 0.177047 0.012359 200 199 1000 958 1000 1000 0 3
0.166667 0.161872 0.011853 200 193 1000 990 1000 1000 0 3
0.166667 0.184141 0.012086 200 234 1000 1022 1000 1000 0 3
0.166667 0.187560 0.012072 200 216 1000 1005 1000 1000 0 3
0.166667 0.203155 0.012459 200 244 1000 992 1000 1000 0 3
0.166667 0.174714 0.012126 200 204 1000 955 1000 1000 0 3
0.166667 0.187250 0.012377 200 211 1000 963 1000 1000 0 3
0.166667 0.165325 0.012193 200 194 1000 968 1000 1000 0 3
0.166667 0.175885 0.012122 200 212 1000 985 1000 1000 0 3
0.166667 0.178830 0.012102 200 221 1000 1004 1000 1000 0 3
0.166667 0.177785 0.012083 200 208 1000 1007 1000 1000 0 3
0.166667 0.147629 0.011237 200 168 1000 1004 1000 1000 0 3
0.166667 0.198913 0.012159 200 238 1000 1031 1000 1000 0 3
0.166667 0.165199 0.011597 200 201 1000 1023 1000 1000 0 3
0.166667 0.181051 0.012202 200 195 1000 972 1000 1000 0 3
0.166667 0.167005 0.012136 200 195 1000 995 1000 1000 0 3
0.166667 0.186019 0.012458 200 225 1000 969 1000 1000 0 3
0.166667 0.148397 0.011964 200 174 1000 963 1000 1000 0 3
0.166667 0.190812 0.012797 200 211 1000 921 1000 1000 0 3
0.166667 0.180319 0.012174 200 217 1000 999 1000 1000 0 3
0.166667 0.146612 0.011299 200 183 1000 1062 1000 1000 0 3
0.166667 0.150887 0.011045 200 192 1000 1078 1000 1000 0 3
0.166667 0.165971 0.012184 200 196 1000 956 1000 1000 0 3
0.166667 0.165212 0.011811 200 199 1000 997 1000 1000 0 3
0.166667 0.192914 0.012414 200 227 1000 974 1000 1000 0 3
0.166667 0.168877 0.012183 200 206 1000 988 1000 1000 0 3
0.166667 0.177684 0.011904 200 188 1000 1003 1000 1000 0 3
0.166667 0.162855 0.011994 200 180 1000 961 1000 1000 0 3
0.166667 0.157482 0.011570 200 195 1000 1042 1000 1000 0 3
0.166667 0.171369 0.011886 200 204 1000 980 1000 1000 0 3
0.166667 0.168276 0.012189 200 198 1000 939 1000 1000 0 3
0.166667 0.155660 0.011959 200 176 1000 974 1000 1000 0 3
0.166667 0.168950 0.012198 200 196 1000 957 1000 1000 0 3
0.166667 0.169755 0.011504 200 195 1000 1056 1000 1000 0 3
0.166667 0.185369 0.011876 200 221 1000 1021 1000 1000 0 3
0.166667 0.155726 0.011523 200 186 1000 1035 1000 1000 0 3
0.166667 0.172395 0.011945 200 212 1000 1009 1000 1000 0 3
0.166667 0.170858 0.011976 200 205 1000 1010 1000 1000 0 3
0.166667 0.154753 0.011779 200 201 1000 1022 1000 1000 0 3
0.166667 0.185163 0.012591 200 209 1000 954 1000 1000 0 3
0.166667 0.175884 0.012202 200 203 1000 972 1000 1000 0 3
0.166667 0.163233 0.011426 200 201 1000 1042 1000 1000 0 3
0.166667 0.181581 0.012183 200 211 1000 998 1000 1000 0 3
0.166667 0.170130 0.011579 200 208 1000 1050 1000 1000 0 3
0.166667 0.168073 0.011713 200 202 1000 1004 1000 1000 0 3
0.166667 0.165106 0.011834 200 193 1000 1016 1000 1000 0 3
0.166667 0.183935 0.012356 200 205 1000 982 1000 1000 0 3
0.166667 0.143791 0.011224 200 181 1000 1038 1000 1000 0 3
0.166667 0.176606 0.012173 200 196 1000 988 1000 1000 0 3
0.166667 0.164813 0.011694 200 206 1000 1023 1000 1000 0 3
0.166667 0.181165 0.012203 200 204 1000 991 1000 1000 0 3
0.166667 0.162653 0.012101 200 192 1000 967 1000 1000 0 3
0.166667 0.168424 0.011820 200 199 1000 1015 1000 1000 0 3
0.166667 0.176009 0.012562 200 212 1000 940 1000 1000 0 3
0.166667 0.156367 0.011362 200 180 1000 1042 1000 1000 0 3
0.166667 0.169905 0.011795 200 197 1000 987 1000 1000 0 3
0.166667 0.185500 0.012592 200 220 1000 939 1000 1000 0 3
0.166667 0.179245 0.012295 200 214 1000 967 1000 1000 0 3
0.166667 0.154745 0.011709 200 166 1000 975 1000 1000 0 3
0.166667 0.153255 0.011755 200 166 1000 967 1000 1000 0 3
0.166667 0.164908 0.011944 200 184 1000 986 1000 1000 0 3
0.166667 0.178390 0.012054 200 202 1000 1002 1000 1000 0 3
0.166667 0.163569 0.011573 200 194 1000 1012 1000 1000 0 3
0.166667 0.179144 0.012235 200 216 1000 996 1000 1000 0 3
0.166667 0.146327 0.011536 200 171 1000 1007 1000 1000 0 3
0.166667 0.184759 0.012207 200 197 1000 967 1000 1000 0 3
0.166667 0.191400 0.012334 200 227 1000 983 1000 1000 0 3
0.166667 0.165344 0.012135 200 199 1000 969 1000 1000 0 3
0.166667 0.169118 0.012160 200 190 1000 989 1000 1000 0 3
0.166667 0.184570 0.011991 200 231 1000 1014 1000 1000 0 3
0.166667 0.170399 0.011962 200 201 1000 1001 1000 1000 0 3
0.166667 0.188242 0.012168 200 214 1000 982 1000 1000 0 3
0.166667 0.194459 0.012381 200 222 1000 979 1000 1000 0 3
0.166667 0.169978 0.011926 200 204 1000 998 1000 1000 0 3
0.166667 0.148699 0.011169 200 199 1000 1081 1000 1000 0 3
0.166667 0.179037 0.012170 200 203 1000 1001 1000 1000 0 3
0.166667 0.167776 0.011812 200 208 1000 1011 1000 1000 0 3
0.166667 0.172331 0.012054 200 202 1000 970 1000 1000 0 3
0.166667 0.157779 0.011505 200 198 1000 1017 1000 1000 0 3
0.166667 0.187333 0.012286 200 221 1000 985 1000 1000 0 3
0.166667 0.190437 0.012534 200 222 1000 973 1000 1000 0 3
0.166667 0.142363 0.011686 200 174 1000 1008 1000 1000 0 3
0.166667 0.179165 0.011998 200 202 1000 980 1000 1000 0 3
0.166667 0.168218 0.011793 200 200 1000 1026 1000 1000 0 3
0.166667 0.191689 0.012536 200 226 1000 963 1000 1000 0 3
0.166667 0.174518 0.011509 200 215 1000 1050 1000 1000 0 3
0.166667 0.150763 0.011651 200 182 1000 981 1000 1000 0 3
0.166667 0.162875 0.011479 200 208 1000 1016 1000 1000 0 3
0.166667 0.162811 0.011579 200 195 1000 1033 1000 1000 0 3
0.166667 0.183657 0.011792 200 218 1000 1048 1000 1000 0 3
0.166667 0.160804 0.011763 200 184 1000 984 1000 1000 0 3
0.166667 0.185071 0.012267 200 200 1000 998 1000 1000 0 3
0.166667 0.180533 0.012081 200 211 1000 996 1000 1000 0 3
0.166667 0.159977 0.011704 200 191 1000 980 1000 1000 0 3
0.166667 0.152109 0.011416 200 183 1000 1035 1000 1000 0 3
0.166667 0.177414 0.012099 200 216 1000 1031 1000 1000 0 3
0.166667 0.182158 0.012411 200 201 1000 965 1000 1000 0 3
0.166667 0.182230 0.012107 200 228 1000 1022 1000 1000 0 3
0.166667 0.165835 0.011846 200 191 1000 972 1000 1000 0 3
0.166667 0.171218 0.011936 200 206 1000 1006 1000 1000 0 3
0.166667 0.181439 0.011841 200 214 1000 1013 1000 1000 0 3
0.166667 0.174377 0.012432 200 197 1000 974 1000 1000 0 3
0.166667 0.169714 0.011799 200 197 1000 1018 1000 1000 0 3
0.166667 0.157843 0.011533 200 181 1000 1015 1000 1000 0 3
0.166667 0.171588 0.011903 200 199 1000 1024 1000 1000 0 3
0.166667 0.165776 0.011526 200 192 1000 1024 1000 1000 0 3
0.166667 0.169006 0.011809 200 195 1000 998 1000 1000 0 3
0.166667 0.166944 0.011748 200 188 1000 1014 1000 1000 0 3
0.166667 0.180328 0.012165 200 207 1000 1007 1000 1000 0 3
0.166667 0.187087 0.012321 200 220 1000 998 1000 1000 0 3
0.166667 0.159180 0.011295 200 195 1000 1040 1000 1000 0 3
0.166667 0.178862 0.012215 200 218 1000 980 1000 1000 0 3
0.166667 0.167313 0.011786 200 206 1000 1015 1000 1000 0 3
0.166667 0.168208 0.011757 200 198 1000 1016 1000 1000 0 3
0.166667 0.186793 0.012445 200 204 1000 987 1000 1000 0 3
0.166667 0.198292 0.012254 200 231 1000 1009 1000 1000 0 3
0.166667 0.154035 0.010964 200 180 1000 1094 1000 1000 0 3
0.166667 0.151293 0.011502 200 185 1000 1008 1000 1000 0 3
0.166667 0.170578 0.012002 200 185 1000 976 1000 1000 0 3
0.166667 0.171225 0.012140 200 193 1000 963 1000 1000 0 3
0.166667 0.161911 0.011534 200 188 1000 1001 1000 1000 0 3
0.166667 0.148198 0.011426 200 186 1000 1001 1000 1000 0 3
0.166667 0.147224 0.011094 200 189 1000 1069 1000 1000 0 3
0.166667 0.185344 0.012426 200 207 1000 986 1000 1000 0 3
0.166667 0.163268 0.012120 200 188 1000 959 1000 1000 0 3
0.166667 0.178506 0.012185 200 199 1000 980 1000 1000 0 3
0.166667 0.179695 0.012424 200 211 1000 946 1000 1000 0 3
0.166667 0.190332 0.012733 200 210 1000 929 1000 1000 0 3
0.166667 0.167104 0.012309 200 180 1000 929 1000 1000 0 3
0.166667 0.169419 0.011578 200 188 1000 1033 1000 1000 0 3
0.166667 0.157889 0.011427 200 192 1000 1047 1000 1000 0 3
0.166667 0.162049 0.011684 200 208 1000 1006 1000 1000 0 3
0.166667 0.143492 0.011595 200 184 1000 1018 1000 1000 0 3
0.166667 0.193363 0.012835 200 221 1000 931 1000 1000 0 3
0.166667 0.178924 0.012132 200 202 1000 968 1000 1000 0 3
0.166667 0.181169 0.012000 200 212 1000 1002 1000 1000 0 3
0.166667 0.171181 0.011955 200 207 1000 1045 1000 1000 0 3
0.166667 0.156151 0.011463 200 189 1000 1040 1000 1000 0 3
0.166667 0.180139 0.011685 200 215 1000 1074 1000 1000 0 3
0.166667 0.154139 0.011239 200 185 1000 1062 1000 1000 0 3
0.166667 0.174269 0.012326 200 198 1000 946 1000 1000 0 3
0.166667 0.170143 0.012099 200 205 1000 971 1000 1000 0 3
0.166667 0.174565 0.012106 200 195 1000 977 1000 1000 0 3
0.166667 0.169121 0.011802 200 204 1000 1016 1000 1000 0 3
0.166667 0.189254 0.012171 200 213 1000 983 1000 1000 0 3
0.166667 0.169237 0.011892 200 205 1000 1014 1000 1000 0 3
0.166667 0.170226 0.012480 200 189 1000 946 1000 1000 0 3
0.166667 0.165284 0.011447 200 195 1000 1037 1000 1000 0 3
0.166667 0.160650 0.011750 200 186 1000 993 1000 1000 0 3
0.166667 0.180724 0.012308 200 194 1000 967 1000 1000 0 3
0.166667 0.171943 0.011926 200 190 1000 990 1000 1000 0 3
0.166667 0.169789 0.011741 200 207 1000 998 1000 1000 0 3
0.166667 0.179202 0.012166 200 201 1000 975 1000 1000 0 3
0.166667 0.171358 0.012117 200 196 1000 981 1000 1000 0 3
0.166667 0.178489 0.012342 200 211 1000 961 1000 1000 0 3
0.166667 0.170845 0.011413 200 220 1000 1075 1000 1000 0 3
0.166667 0.156778 0.011773 200 186 1000 1002 1000 1000 0 3
0.166667 0.176819 0.012163 200 199 1000 972 1000 1000 0 3
0.166667 0.158819 0.011492 200 202 1000 1060 1000 1000 0 3
0.166667 0.172161 0.012025 200 213 1000 1015 1000 1000 0 3
0.166667 0.178170 0.012119 200 202 1000 987 1000 1000 0 3
0.166667 0.163344 0.012171 200 174 1000 919 1000 1000 0 3
0.166667 0.178880 0.012577 200 194 1000 939 1000 1000 0 3
0.166667 0.156684 0.010929 200 200 1000 1100 1000 1000 0 3
0.166667 0.150709 0.011637 200 171 1000 983 1000 1000 0 3
0.166667 0.172832 0.012419 200 193 1000 922 1000 1000 0 3
0.166667 0.167936 0.011884 200 187 1000 1017 1000 1000 0 3
0.166667 0.172089 0.011709 200 188 1000 1002 1000 1000 0 3
0.166667 0.176264 0.012234 200 207 1000 986 1000 1000 0 3
0.166667 0.162784 0.012085 200 188 1000 946 1000 1000 0 3
0.166667 0.168512 0.011943 200 190 1000 987 1000 1000 0 3
0.166667 0.183379 0.012074 200 209 1000 1001 1000 1000 0 3
0.166667 0.182194 0.011861 200 213 1000 1019 1000 1000 0 3
0.166667 0.176177 0.011957 200 207 1000 1028 1000 1000 0 3
0.166667 0.178386 0.011789 200 213 1000 1021 1000 1000 0 3
0.166667 0.179453 0.012077 200 194 1000 989 1000 1000 0 3
0.166667 0.184095 0.012037 200 219 1000 998 1000 1000 0 3
0.166667 0.147823 0.011499 200 181 1000 1009 1000 1000 0 3
0.166667 0.158791 0.011409 200 194 1000 1038 1000 1000 0 3
0.166667 0.146639 0.011007 200 179 1000 1056 1000 1000 0 3
0.166667 0.168713 0.011966 200 190 1000 1005 1000 1000 0 3
0.166667 0.158916 0.011754 200 186 1000 990 1000 1000 0 3
0.166667 0.179115 0.012030 200 204 1000 1017 1000 1000 0 3
0.166667 0.168837 0.012206 200 200 1000 985 1000 1000 0 3
0.166667 0.135985 0.010841 200 170 1000 1078 1000 1000 0 3
0.166667 0.160035 0.011702 200 189 1000 1006 1000 1000 0 3
0.166667 0.187979 0.012256 200 208 1000 979 1000 1000 0 3
0.166667 0.142435 0.011273 200 174 1000 1028 1000 1000 0 3
0.166667 0.172219 0.011739 200 207 1000 1013 1000 1000 0 3
0.166667 0.160376 0.011681 200 191 1000 1024 1000 1000 0 3
0.166667 0.173208 0.012047 200 201 1000 999 1000 1000 0 3
0.166667 0.173035 0.011832 200 203 1000 989 1000 1000 0 3
0.166667 0.153373 0.011578 200 198 1000 1018 1000 1000 0 3
0.166667 0.153087 0.011146 200 192 1000 1067 1000 1000 0 3
0.166667 0.190984 0.012136 200 225 1000 1012 1000 1000 0 3
0.166667 0.157824 0.011756 200 177 1000 964 1000 1000 0 3
0.166667 0.146948 0.011492 200 179 1000 1012 1000 1000 0 3
0.166667 0.149640 0.011275 200 186 1000 1033 1000 1000 0 3
0.166667 0.173575 0.011538 200 217 1000 1058 1000 1000 0 3
0.166667 0.161165 0.011830 200 194 1000 979 1000 1000 0 3
0.166667 0.158785 0.011615 200 187 1000 1027 1000 1000 0 3
0.166667 0.196022 0.012536 200 229 1000 959 1000 1000 0 3
0.166667 0.176861 0.012574 200 205 1000 958 1000 1000 0 3
0.166667 0.164415 0.011954 200 186 1000 968 1000 1000 0 3
0.166667 0.174586 0.012062 200 209 1000 981 1000 1000 0 3
0.166667 0.165196 0.011722 200 210 1000 1033 1000 1000 0 3
0.166667 0.178714 0.011861 200 216 1000 1013 1000 1000 0 3
0.166667 0.168276 0.012070 200 197 1000 975 1000 1000 0 3
0.166667 0.174892 0.011465 200 205 1000 1051 1000 1000 0 3
0.166667 0.177281 0.012480 200 205 1000 941 1000 1000 0 3
0.166667 0.165171 0.011958 200 188 1000 970 1000 1000 0 3
0.166667 0.176067 0.012058 200 192 1000 1001 1000 1000 0 3
0.166667 0.164281 0.011638 200 191 1000 1014 1000 1000 0 3
0.166667 0.162587 0.011303 200 196 1000 1080 1000 1000 0 3
0.166667 0.145945 0.011280 200 181 1000 1033 1000 1000 0 3
0.166667 0.171109 0.012126 200 200 1000 991 1000 1000 0 3
0.166667 0.167627 0.011813 200 207 1000 993 1000 1000 0 3
0.166667 0.174515 0.011907 200 213 1000 1007 1000 1000 0 3
0.166667 0.174901 0.011706 200 213 1000 1058 1000 1000 0 3
0.166667 0.138648 0.011086 200 172 1000 1039 1000 1000 0 3
0.166667 0.165258 0.011842 200 188 1000 978 1000 1000 0 3
0.166667 0.147678 0.011205 200 182 1000 1049 1000 1000 0 3
0.166667 0.174553 0.012256 200 195 1000 949 1000 1000 0 3
0.166667 0.177806 0.012149 200 195 1000 994 1000 1000 0 3
0.166667 0.181839 0.012234 200 199 1000 945 1000 1000 0 3
0.166667 0.160968 0.011467 200 180 1000 1025 1000 1000 0 3
0.166667 0.170347 0.011972 200 200 1000 974 1000 1000 0 3
0.166667 0.177628 0.012280 200 206 1000 990 1000 1000 0 3
0.166667 0.170723 0.011485 200 198 1000 1054 1000 1000 0 3
0.166667 0.152787 0.011428 200 189 1000 1028 1000 1000 0 3
0.166667 0.173370 0.011694 200 200 1000 1027 1000 1000 0 3
0.166667 0.172113 0.011905 200 211 1000 1001 1000 1000 0 3
0.166667 0.152511 0.011432 200 188 1000 1028 1000 1000 0 3
0.166667 0.152498 0.011704 200 173 1000 990 1000 1000 0 3
0.166667 0.189960 0.012605 200 212 1000 939 1000 1000 0 3
0.166667 0.167949 0.011920 200 196 1000 992 1000 1000 0 3
0.166667 0.180861 0.012075 200 194 1000 999 1000 1000 0 3
0.166667 0.153913 0.011760 200 176 1000 992 1000 1000 0 3
0.166667 0.175465 0.011962 200 198 1000 1017 1000 1000 0 3
0.166667 0.159675 0.011779 200 183 1000 983 1000 1000 0 3
0.166667 0.182948 0.012334 200 212 1000 985 1000 1000 0 3
0.166667 0.171548 0.011900 200 207 1000 1039 1000 1000 0 3
0.166667 0.187414 0.012442 200 211 1000 958 1000 1000 0 3
0.166667 0.177236 0.012087 200 220 1000 1012 1000 1000 0 3
0.166667 0.167105 0.012406 200 199 1000 951 1000 1000 0 3
0.166667 0.165495 0.011656 200 198 1000 1034 1000 1000 0 3
0.166667 0.176236 0.011874 200 207 1000 980 1000 1000 0 3
0.166667 0.171358 0.011796 200 188 1000 997 1000 1000 0 3
0.166667 0.181236 0.012118 200 218 1000 995 1000 1000 0 3
0.166667 0.177670 0.012140 200 216 1000 970 1000 1000 0 3
0.166667 0.177923 0.012221 200 188 1000 972 1000 1000 0 3
0.166667 0.172095 0.012318 200 200 1000 980 1000 1000 0 3
0.166667 0.162824 0.011759 200 201 1000 1003 1000 1000 0 3
0.166667 0.172934 0.012007 200 199 1000 986 1000 1000 0 3
0.166667 0.178659 0.012206 200 208 1000 980 1000 1000 0 3
0.166667 0.146367 0.011397 200 186 1000 1024 1000 1000 0 3
0.166667 0.175731 0.012469 200 205 1000 958 1000 1000 0 3
0.166667 0.161887 0.011903 200 191 1000 966 1000 1000 0 3
0.166667 0.184713 0.012236 200 216 1000 972 1000 1000 0 3
0.166667 0.187712 0.012061 200 221 1000 1016 1000 1000 0 3
0.166667 0.172518 0.011778 200 213 1000 1010 1000 1000 0 3
0.166667 0.157873 0.011938 200 172 1000 965 1000 1000 0 3
0.166667 0.178788 0.012370 200 209 1000 977 1000 1000 0 3
0.166667 0.170405 0.012158 200 209 1000 988 1000 1000 0 3
0.166667 0.156827 0.011569 200 194 1000 1005 1000 1000 0 3
0.166667 0.170374 0.011747 200 208 1000 1019 1000 1000 0 3
0.166667 0.187442 0.012237 200 232 1000 996 1000 1000 0 3
0.166667 0.173802 0.012342 200 202 1000 965 1000 1000 0 3
0.166667 0.171890 0.012195 200 193 1000 951 1000 1000 0 3
0.166667 0.161407 0.011722 200 193 1000 1004 1000 1000 0 3
0.166667 0.165365 0.011746 200 201 1000 1018 1000 1000 0 3
0.166667 0.186096 0.011888 200 217 1000 1054 1000 1000 0 3
0.166667 0.168580 0.011750 200 193 1000 1001 1000 1000 0 3
0.166667 0.146960 0.011435 200 172 1000 1016 1000 1000 0 3
0.166667 0.149655 0.011408 200 162 1000 985 1000 1000 0 3
0.166667 0.167354 0.012211 200 198 1000 971 1000 1000 0 3
0.166667 0.171679 0.012214 200 201 1000 1008 1000 1000 0 3
0.166667 0.159478 0.011845 200 195 1000 985 1000 1000 0 3
0.166667 0.177752 0.012034 200 219 1000 1002 1000 1000 0 3
0.166667 0.165943 0.012339 200 198 1000 962 1000 1000 0 3
0.166667 0.178531 0.012273 200 203 1000 973 1000 1000 0 3
0.166667 0.165797 0.011808 200 196 1000 1035 1000 1000 0 3
0.166667 0.175140 0.012079 200 205 1000 1007 1000 1000 0 3
0.166667 0.174538 0.011828 200 199 1000 1045 1000 1000 0 3
0.166667 0.150509 0.011209 200 174 1000 1015 1000 1000 0 3
0.166667 0.181950 0.012193 200 213 1000 1016 1000 1000 0 3
0.166667 0.181963 0.011904 200 214 1000 1045 1000 1000 0 3
0.166667 0.170261 0.012102 200 201 1000 1002 1000 1000 0 3
0.166667 0.165817 0.011832 200 180 1000 974 1000 1000 0 3
0.166667 0.142259 0.011826 200 168 1000 960 1000 1000 0 3
0.166667 0.163387 0.012286 200 186 1000 950 1000 1000 0 3
0.166667 0.168175 0.011622 200 207 1000 1040 1000 1000 0 3
0.166667 0.170479 0.011706 200 206 1000 1051 1000 1000 0 3
0.166667 0.178301 0.012045 200 215 1000 994 1000 1000 0 3
0.166667 0.159835 0.011692 200 179 1000 974 1000 1000 0 3
0.166667 0.155588 0.011817 200 191 1000 1009 1000 1000 0 3
0.166667 0.161220 0.011841 200 181 1000 999 1000 1000 0 3
0.166667 0.174594 0.011485 200 211 1000 1069 1000 1000 0 3
0.166667 0.165071 0.011738 200 192 1000 999 1000 1000 0 3
0.166667 0.165529 0.011623 200 199 1000 1011 1000 1000 0 3
0.166667 0.166782 0.012073 200 201 1000 981 1000 1000 0 3
0.166667 0.177697 0.012033 200 197 1000 993 1000 1000 0 3
0.166667 0.163195 0.011447 200 192 1000 1008 1000 1000 0 3
0.166667 0.159543 0.011332 200 204 1000 1025 1000 1000 0 3
0.166667 0.158527 0.011725 200 188 1000 994 1000 1000 0 3
0.166667 0.166778 0.012325 200 177 1000 933 1000 1000 0 3
0.166667 0.151312 0.011470 200 183 1000 1016 1000 1000 0 3
0.166667 0.163690 0.011804 200 199 1000 990 1000 1000 0 3
0.166667 0.187052 0.012096 200 211 1000 990 1000 1000 0 3
0.166667 0.170760 0.012347 200 199 1000 933 1000 1000 0 3
0.166667 0.158327 0.011841 200 188 1000 990 1000 1000 0 3
0.166667 0.173083 0.012285 200 196 1000 947 1000 1000 0 3
0.166667 0.168491 0.011392 200 201 1000 1045 1000 1000 0 3
0.166667 0.171525 0.011605 200 193 1000 1021 1000 1000 0 3
0.166667 0.176728 0.012122 200 204 1000 990 1000 1000 0 3
0.166667 0.171297 0.011865 200 201 1000 1021 1000 1000 0 3
0.166667 0.183710 0.011836 200 214 1000 1053 1000 1000 0 3
0.166667 0.162931 0.011799 200 205 1000 1016 1000 1000 0 3
0.166667 0.164239 0.011705 200 191 1000 994 1000 1000 0 3
0.166667 0.171359 0.012008 200 204 1000 990 1000 1000 0 3
0.166667 0.182263 0.012293 200 193 1000 976 1000 1000 0 3
0.166667 0.161933 0.011668 200 184 1000 995 1000 1000 0 3
0.166667 0.167613 0.012025 200 189 1000 996 1000 1000 0 3
0.166667 0.178157 0.012259 200 198 1000 956 1000 1000 0 3
0.166667 0.161436 0.011765 200 171 1000 974 1000 1000 0 3
0.166667 0.171079 0.011611 200 186 1000 1008 1000 1000 0 3
0.166667 0.162177 0.011448 200 205 1000 1027 1000 1000 0 3
0.166667 0.164774 0.011846 200 201 1000 1025 1000 1000 0 3
0.166667 0.185936 0.012118 200 215 1000 981 1000 1000 0 3
0.166667 0.175069 0.011871 200 203 1000 1025 1000 1000 0 3
0.166667 0.195737 0.012539 200 228 1000 955 1000 1000 0 3
0.166667 0.162444 0.011824 200 182 1000 976 1000 1000 0 3
0.166667 0.174625 0.011738 200 202 1000 998 1000 1000 0 3
0.166667 0.171149 0.012275 200 201 1000 988 1000 1000 0 3
0.166667 0.174310 0.011588 200 210 1000 1026 1000 1000 0 3
0.166667 0.187478 0.012030 200 230 1000 1009 1000 1000 0 3
0.166667 0.180041 0.012087 200 202 1000 978 1000 1000 0 3
0.166667 0.187896 0.012247 200 214 1000 986 1000 1000 0 3
0.166667 0.138695 0.011305 200 182 1000 1042 1000 1000 0 3
0.166667 0.167348 0.012008 200 191 1000 978 1000 1000 0 3
0.166667 0.186325 0.012079 200 214 1000 1019 1000 1000 0 3
0.166667 0.187417 0.012331 200 212 1000 962 1000 1000 0 3
0.166667 0.178208 0.012446 200 213 1000 974 1000 1000 0 3
0.166667 0.156726 0.011536 200 186 1000 1027 1000 1000 0 3
0.166667 0.164961 0.011636 200 194 1000 1039 1000 1000 0 3
0.166667 0.173846 0.011671 200 203 1000 1010 1000 1000 0 3
0.166667 0.177661 0.011794 200 201 1000 1036 1000 1000 0 3
0.166667 0.187084 0.012420 200 214 1000 963 1000 1000 0 3
0.166667 0.175223 0.011810 200 214 1000 1024 1000 1000 0 3
0.166667 0.170642 0.011672 200 205 1000 1032 1000 1000 0 3
0.166667 0.181145 0.012114 200 200 1000 971 1000 1000 0 3
0.166667 0.179413 0.011841 200 218 1000 1019 1000 1000 0 3
0.166667 0.158395 0.011578 200 196 1000 1018 1000 1000 0 3
0.166667 0.193399 0.012345 200 225 1000 971 1000 1000 0 3
0.166667 0.157251 0.011584 200 174 1000 1005 1000 1000 0 3
0.166667 0.171210 0.012165 200 208 1000 985 1000 1000 0 3
0.166667 0.168069 0.012098 200 204 1000 980 1000 1000 0 3
0.166667 0.198009 0.013073 200 226 1000 914 1000 1000 0 3
0.166667 0.187184 0.012384 200 212 1000 975 1000 1000 0 3
0.166667 0.170349 0.012011 200 201 1000 1010 1000 1000 0 3
0.166667 0.180378 0.011915 200 208 1000 1005 1000 1000 0 3
0.166667 0.166251 0.012182 200 199 1000 978 1000 1000 0 3
0.166667 0.177090 0.012263 200 189 1000 957 1000 1000 0 3
0.166667 0.157022 0.011598 200 188 1000 1025 1000 1000 0 3
0.166667 0.194998 0.012456 200 229 1000 969 1000 1000 0 3
0.166667 0.193096 0.012337 200 233 1000 999 1000 1000 0 3
0.166667 0.162451 0.012098 200 190 1000 947 1000 1000 0 3
0.166667 0.168753 0.011781 200 208 1000 1020 1000 1000 0 3
0.166667 0.153666 0.011442 200 196 1000 1021 1000 1000 0 3
0.166667 0.185053 0.012188 200 217 1000 1009 1000 1000 0 3
0.166667 0.159455 0.011663 200 197 1000 1000 1000 1000 0 3
0.166667 0.166593 0.011793 200 194 1000 987 1000 1000 0 3
0.166667 0.187943 0.012241 200 220 1000 985 1000 1000 0 3
0.166667 0.146798 0.011375 200 182 1000 1036 1000 1000 0 3
0.166667 0.202405 0.012727 200 231 1000 948 1000 1000 0 3
0.166667 0.169366 0.012092 200 189 1000 953 1000 1000 0 3
0.166667 0.190579 0.012173 200 236 1000 994 1000 1000 0 3
0.166667 0.167367 0.012034 200 197 1000 992 1000 1000 0 3
0.166667 0.157163 0.011576 200 191 1000 1035 1000 1000 0 3
0.166667 0.172806 0.011859 200 201 1000 1028 1000 1000 0 3
0.166667 0.173310 0.012094 200 212 1000 991 1000 1000 0 3
0.166667 0.170552 0.011651 200 212 1000 1032 1000 1000 0 3
0.166667 0.162875 0.011880 200 199 1000 1005 1000 1000 0 3
0.166667 0.146131 0.011350 200 175 1000 1010 1000 1000 0 3
0.166667 0.163898 0.011587 200 201 1000 1049 1000 1000 0 3
0.166667 0.184593 0.012255 200 207 1000 973 1000 1000 0 3
0.166667 0.169023 0.012235 200 195 1000 957 1000 1000 0 3
0.166667 0.174456 0.012014 200 202 1000 985 1000 1000 0 3
0.166667 0.159629 0.011736 200 181 1000 984 1000 1000 0 3
0.166667 0.204783 0.012608 200 227 1000 979 1000 1000 0 3
0.166667 0.147704 0.011566 200 179 1000 1009 1000 1000 0 3
0.166667 0.154077 0.011434 200 195 1000 1041 1000 1000 0 3
0.166667 0.162488 0.011699 200 192 1000 1014 1000 1000 0 3
0.166667 0.171124 0.012842 200 177 1000 905 1000 1000 0 3
0.166667 0.166952 0.012161 200 192 1000 963 1000 1000 0 3
0.166667 0.182834 0.011956 200 212 1000 1002 1000 1000 0 3
0.166667 0.155689 0.011165 200 204 1000 1097 1000 1000 0 3
0.166667 0.178616 0.012006 200 216 1000 997 1000 1000 0 3
0.166667 0.161691 0.011519 200 189 1000 1026 1000 1000 0 3
0.166667 0.175700 0.012020 200 193 1000 969 1000 1000 0 3
0.166667 0.179669 0.012123 200 203 1000 971 1000 1000 0 3
0.166667 0.148287 0.011209 200 169 1000 1010 1000 1000 0 3
0.166667 0.180680 0.011939 200 204 1000 997 1000 1000 0 3
0.166667 0.193362 0.012312 200 203 1000 974 1000 1000 0 3
0.166667 0.168983 0.012166 200 201 1000 971 1000 1000 0 3
0.166667 0.174897 0.011766 200 205 1000 1023 1000 1000 0 3
0.166667 0.165969 0.011991 200 188 1000 994 1000 1000 0 3
0.166667 0.132094 0.011028 200 177 1000 1049 1000 1000 0 3
0.166667 0.172944 0.012506 200 205 1000 960 1000 1000 0 3
0.166667 0.176801 0.011870 200 209 1000 1037 1000 1000 0 3
0.166667 0.167457 0.011947 200 188 1000 961 1000 1000 0 3
0.166667 0.169983 0.012320 200 187 1000 929 1000 1000 0 3
0.166667 0.187805 0.012497 200 218 1000 964 1000 1000 0 3
0.166667 0.173648 0.012363 200 203 1000 960 1000 1000 0 3
0.166667 0.156127 0.011338 200 199 1000 1046 1000 1000 0 3
0.166667 0.163894 0.011584 200 207 1000 1013 1000 1000 0 3
0.166667 0.164957 0.011557 200 192 1000 1012 1000 1000 0 3
0.166667 0.175774 0.012163 200 206 1000 985 1000 1000 0 3
0.166667 0.158684 0.011823 200 180 1000 978 1000 1000 0 3
0.166667 0.156111 0.011729 200 201 1000 1015 1000 1000 0 3
0.166667 0.172431 0.012132 200 203 1000 976 1000 1000 0 3
0.166667 0.160831 0.011753 200 190 1000 1026 1000 1000 0 3
0.166667 0.171512 0.011794 200 212 1000 1021 1000 1000 0 3
0.166667 0.160340 0.011817 200 179 1000 988 1000 1000 0 3
0.166667 0.163895 0.011737 200 183 1000 983 1000 1000 0 3
0.166667 0.172113 0.012220 200 194 1000 957 1000 1000 0 3
0.166667 0.147186 0.011423 200 178 1000 1004 1000 1000 0 3
0.166667 0.163298 0.011936 200 196 1000 984 1000 1000 0 3
0.166667 0.174170 0.011974 200 211 1000 996 1000 1000 0 3
0.166667 0.178131 0.011971 200 220 1000 1040 1000 1000 0 3
0.166667 0.176466 0.012036 200 191 1000 981 1000 1000 0 3
0.166667 0.153841 0.011581 200 184 1000 1012 1000 1000 0 3
0.166667 0.193943 0.012536 200 226 1000 966 1000 1000 0 3
0.166667 0.177722 0.012116 200 196 1000 972 1000 1000 0 3
0.166667 0.167286 0.011821 200 204 1000 1009 1000 1000 0 3
0.166667 0.168190 0.011922 200 199 1000 989 1000 1000 0 3
0.166667 0.164567 0.011866 200 204 1000 1026 1000 1000 0 3
0.166667 0.171200 0.011820 200 205 1000 1022 1000 1000 0 3
0.166667 0.160079 0.011566 200 190 1000 1056 1000 1000 0 3
0.166667 0.166432 0.011657 200 186 1000 1024 1000 1000 0 3
0.166667 0.159607 0.011570 200 197 1000 1024 1000 1000 0 3
0.166667 0.179788 0.012136 200 220 1000 991 1000 1000 0 3
0.166667 0.186914 0.012680 200 212 1000 937 1000 1000 0 3
0.166667 0.159456 0.011253 200 211 1000 1065 1000 1000 0 3
0.166667 0.165646 0.011929 200 189 1000 982 1000 1000 0 3
0.166667 0.163580 0.011429 200 198 1000 1051 1000 1000 0 3
0.166667 0.180955 0.011812 200 230 1000 1044 1000 1000 0 3
0.166667 0.165834 0.011912 200 194 1000 973 1000 1000 0 3
0.166667 0.176786 0.012240 200 206 1000 950 1000 1000 0 3
0.166667 0.167005 0.011987 200 192 1000 985 1000 1000 0 3
0.166667 0.163904 0.011435 200 195 1000 1061 1000 1000 0 3
