0.166667 0.160381 0.011806 200 201 1000 1003 2 1000 1000 0 3
0.166667 0.176824 0.011779 200 203 1000 1032 2 1000 1000 0 3
0.166667 0.167389 0.011806 200 181 1000 994 2 1000 1000 0 3
0.166667 0.160319 0.011888 200 206 1000 994 2 1000 1000 0 3
0.166667 0.204304 0.012561 200 237 1000 976 2 1000 1000 0 3
0.166667 0.176489 0.011947 200 205 1000 1002 2 1000 1000 0 3
0.166667 0.162776 0.012151 200 199 1000 976 2 1000 1000 0 3
0.166667 0.182542 0.012142 200 212 1000 1002 2 1000 1000 0 3
0.166667 0.166477 0.011904 200 200 1000 1007 2 1000 1000 0 3
0.166667 0.173122 0.012043 200 201 1000 991 2 1000 1000 0 3
0.166667 0.178070 0.011826 200 216 1000 1013 2 1000 1000 0 3
0.166667 0.162439 0.011448 200 204 1000 1057 2 1000 1000 0 3
0.166667 0.167084 0.011602 200 205 1000 1025 2 1000 1000 0 3
0.166667 0.165284 0.011790 200 191 1000 987 2 1000 1000 0 3
0.166667 0.174701 0.012009 200 188 1000 990 2 1000 1000 0 3
0.166667 0.173196 0.011916 200 203 1000 1020 2 1000 1000 0 3
0.166667 0.148425 0.011541 200 180 1000 989 2 1000 1000 0 3
0.166667 0.167727 0.011494 200 204 1000 1030 2 1000 1000 0 3
0.166667 0.170129 0.011795 200 215 1000 1042 2 1000 1000 0 3
0.166667 0.182396 0.012359 200 202 1000 961 2 1000 1000 0 3
0.166667 0.155759 0.011603 200 188 1000 995 2 1000 1000 0 3
0.166667 0.160361 0.011881 200 182 1000 974 2 1000 1000 0 3
0.166667 0.167170 0.012184 200 202 1000 946 2 1000 1000 0 3
0.166667 0.190503 0.012117 200 209 1000 1023 2 1000 1000 0 3
0.166667 0.172118 0.012151 200 207 1000 970 2 1000 1000 0 3
0.166667 0.160801 0.011943 200 201 1000 975 2 1000 1000 0 3
0.166667 0.175968 0.011981 200 218 1000 1006 2 1000 1000 0 3
0.166667 0.155432 0.011425 200 176 1000 997 2 1000 1000 0 3
0.166667 0.172601 0.011889 200 212 1000 1012 2 1000 1000 0 3
0.166667 0.174377 0.012200 200 205 1000 994 2 1000 1000 0 3
0.166667 0.183441 0.012272 200 220 1000 985 2 1000 1000 0 3
0.166667 0.179141 0.011791 200 222 1000 1054 2 1000 1000 0 3
0.166667 0.171779 0.012308 200 205 1000 957 2 1000 1000 0 3
0.166667 0.151750 0.011658 200 194 1000 1016 2 1000 1000 0 3
0.166667 0.141299 0.011394 200 171 1000 979 2 1000 1000 0 3
0.166667 0.171594 0.011967 200 201 1000 1012 2 1000 1000 0 3
0.166667 0.160041 0.011635 200 190 1000 1038 2 1000 1000 0 3
0.166667 0.174269 0.011775 200 212 1000 1042 2 1000 1000 0 3
0.166667 0.184597 0.012217 200 214 1000 983 2 1000 1000 0 3
0.166667 0.181054 0.012075 200 201 1000 987 2 1000 1000 0 3
0.166667 0.181357 0.012062 200 212 1000 993 2 1000 1000 0 3
0.166667 0.184298 0.012065 200 222 1000 1025 2 1000 1000 0 3
0.166667 0.167225 0.012228 200 202 1000 970 2 1000 1000 0 3
0.166667 0.166859 0.011891 200 193 1000 970 2 1000 1000 0 3
0.166667 0.168694 0.011911 200 195 1000 977 2 1000 1000 0 3
0.166667 0.144841 0.011590 200 185 1000 1006 2 1000 1000 0 3
0.166667 0.160685 0.011717 200 182 1000 995 2 1000 1000 0 3
0.166667 0.170510 0.011765 200 204 1000 1017 2 1000 1000 0 3
0.166667 0.150532 0.011472 200 178 1000 1005 2 1000 1000 0 3
0.166667 0.188794 0.012386 200 230 1000 989 2 1000 1000 0 3
0.166667 0.183787 0.012039 200 209 1000 1011 2 1000 1000 0 3
0.166667 0.185808 0.012358 200 222 1000 981 2 1000 1000 0 3
0.166667 0.169187 0.011622 200 190 1000 1041 2 1000 1000 0 3
0.166667 0.164704 0.011586 200 189 1000 1034 2 1000 1000 0 3
0.166667 0.175773 0.011786 200 208 1000 1041 2 1000 1000 0 3
0.166667 0.181065 0.011908 200 200 1000 1009 2 1000 1000 0 3
0.166667 0.172194 0.012065 200 197 1000 982 2 1000 1000 0 3
0.166667 0.170249 0.012400 200 187 1000 920 2 1000 1000 0 3
0.166667 0.170198 0.011698 200 202 1000 1008 2 1000 1000 0 3
0.166667 0.177915 0.011977 200 196 1000 986 2 1000 1000 0 3
0.166667 0.176520 0.012272 200 206 1000 976 2 1000 1000 0 3
0.166667 0.206837 0.012519 200 230 1000 979 2 1000 1000 0 3
0.166667 0.166998 0.011310 200 202 1000 1069 2 1000 1000 0 3
0.166667 0.176273 0.012319 200 198 1000 955 2 1000 1000 0 3
0.166667 0.156284 0.011459 200 190 1000 1030 2 1000 1000 0 3
0.166667 0.169249 0.011710 200 193 1000 1015 2 1000 1000 0 3
0.166667 0.151994 0.011312 200 189 1000 1028 2 1000 1000 0 3
0.166667 0.180132 0.012134 200 207 1000 980 2 1000 1000 0 3
0.166667 0.167486 0.011701 200 212 1000 1048 2 1000 1000 0 3
0.166667 0.186318 0.012642 200 231 1000 986 2 1000 1000 0 3
0.166667 0.157115 0.012148 200 195 1000 971 2 1000 1000 0 3
0.166667 0.169633 0.012239 200 188 1000 962 2 1000 1000 0 3
0.166667 0.179207 0.012042 200 203 1000 994 2 1000 1000 0 3
0.166667 0.170015 0.012106 200 190 1000 969 2 1000 1000 0 3
0.166667 0.161024 0.011719 200 186 1000 1014 2 1000 1000 0 3
0.166667 0.162955 0.012089 200 188 1000 988 2 1000 1000 0 3
0.166667 0.162590 0.011702 200 201 1000 1019 2 1000 1000 0 3
0.166667 0.145665 0.011329 200 160 1000 1026 2 1000 1000 0 3
0.166667 0.167463 0.012160 200 188 1000 975 2 1000 1000 0 3
0.166667 0.139064 0.011128 200 169 1000 1021 2 1000 1000 0 3
0.166667 0.177832 0.011929 200 196 1000 1009 2 1000 1000 0 3
0.166667 0.164222 0.011918 200 188 1000 953 2 1000 1000 0 3
0.166667 0.173125 0.012310 200 204 1000 981 2 1000 1000 0 3
0.166667 0.160563 0.011856 200 197 1000 990 2 1000 1000 0 3
0.166667 0.172084 0.011839 200 205 1000 988 2 1000 1000 0 3
0.166667 0.176156 0.012177 200 204 1000 971 2 1000 1000 0 3
0.166667 0.163157 0.011750 200 210 1000 1027 2 1000 1000 0 3
0.166667 0.176423 0.011720 200 212 1000 1037 2 1000 1000 0 3
0.166667 0.185334 0.012079 200 206 1000 997 2 1000 1000 0 3
0.166667 0.176877 0.011801 200 194 1000 1015 2 1000 1000 0 3
0.166667 0.153705 0.011750 200 189 1000 1024 2 1000 1000 0 3
0.166667 0.171254 0.011859 200 205 1000 996 2 1000 1000 0 3
0.166667 0.146578 0.011407 200 177 1000 997 2 1000 1000 0 3
0.166667 0.186434 0.012025 200 229 1000 1029 2 1000 1000 0 3
0.166667 0.174008 0.012126 200 201 1000 976 2 1000 1000 0 3
0.166667 0.148437 0.011443 200 179 1000 1027 2 1000 1000 0 3
0.166667 0.164270 0.011657 200 209 1000 1037 2 1000 1000 0 3
0.166667 0.160977 0.011772 200 176 1000 978 2 1000 1000 0 3
0.166667 0.176486 0.012125 200 194 1000 985 2 1000 1000 0 3
0.166667 0.178100 0.012283 200 201 1000 976 2 1000 1000 0 3
0.166667 0.169461 0.011838 200 196 1000 1034 2 1000 1000 0 3
0.166667 0.166756 0.011981 200 192 1000 973 2 1000 1000 0 3
0.166667 0.175105 0.012411 200 209 1000 980 2 1000 1000 0 3
0.166667 0.157747 0.011791 200 190 1000 974 2 1000 1000 0 3
0.166667 0.160851 0.011739 200 194 1000 1009 2 1000 1000 0 3
0.166667 0.158339 0.011817 200 194 1000 967 2 1000 1000 0 3
0.166667 0.164990 0.012176 200 195 1000 967 2 1000 1000 0 3
0.166667 0.172257 0.011949 200 222 1000 1014 2 1000 1000 0 3
0.166667 0.173918 0.011981 200 193 1000 1004 2 1000 1000 0 3
0.166667 0.197150 0.012621 200 213 1000 935 2 1000 1000 0 3
0.166667 0.137368 0.011122 200 179 1000 1052 2 1000 1000 0 3
0.166667 0.187960 0.012381 200 215 1000 949 2 1000 1000 0 3
0.166667 0.198660 0.012807 200 216 1000 932 2 1000 1000 0 3
0.166667 0.161733 0.011850 200 183 1000 974 2 1000 1000 0 3
0.166667 0.184694 0.012348 200 215 1000 974 2 1000 1000 0 3
0.166667 0.151449 0.011511 200 185 1000 1035 2 1000 1000 0 3
0.166667 0.202367 0.013023 200 208 1000 900 2 1000 1000 0 3
0.166667 0.178632 0.011787 200 216 1000 1041 2 1000 1000 0 3
0.166667 0.151416 0.011788 200 187 1000 978 2 1000 1000 0 3
0.166667 0.183339 0.011999 200 218 1000 1008 2 1000 1000 0 3
0.166667 0.180002 0.011966 200 206 1000 1006 2 1000 1000 0 3
0.166667 0.181607 0.012439 200 206 1000 963 2 1000 1000 0 3
0.166667 0.177015 0.012113 200 196 1000 966 2 1000 1000 0 3
0.166667 0.165504 0.011585 200 199 1000 1014 2 1000 1000 0 3
0.166667 0.164184 0.011736 200 200 1000 1011 2 1000 1000 0 3
0.166667 0.147871 0.011603 200 179 1000 999 2 1000 1000 0 3
0.166667 0.159009 0.011969 200 188 1000 958 2 1000 1000 0 3
0.166667 0.150203 0.011598 200 181 1000 1005 2 1000 1000 0 3
0.166667 0.188750 0.012350 200 206 1000 983 2 1000 1000 0 3
0.166667 0.173715 0.011906 200 213 1000 1029 2 1000 1000 0 3
0.166667 0.150810 0.011548 200 179 1000 1000 2 1000 1000 0 3
0.166667 0.154165 0.011643 200 178 1000 974 2 1000 1000 0 3
0.166667 0.170692 0.011787 200 201 1000 1025 2 1000 1000 0 3
0.166667 0.155867 0.011777 200 184 1000 978 2 1000 1000 0 3
0.166667 0.173512 0.012107 200 192 1000 998 2 1000 1000 0 3
0.166667 0.177723 0.012042 200 213 1000 1010 2 1000 1000 0 3
0.166667 0.161618 0.011840 200 189 1000 1018 2 1000 1000 0 3
0.166667 0.190459 0.012420 200 217 1000 972 2 1000 1000 0 3
0.166667 0.177760 0.012168 200 226 1000 1031 2 1000 1000 0 3
0.166667 0.170537 0.011715 200 203 1000 1011 2 1000 1000 0 3
0.166667 0.171657 0.011978 200 203 1000 997 2 1000 1000 0 3
0.166667 0.184220 0.012181 200 214 1000 1002 2 1000 1000 0 3
0.166667 0.195562 0.012688 200 219 1000 948 2 1000 1000 0 3
0.166667 0.160133 0.011700 200 199 1000 1025 2 1000 1000 0 3
0.166667 0.160306 0.011361 200 202 1000 1048 2 1000 1000 0 3
0.166667 0.162047 0.011328 200 203 1000 1050 2 1000 1000 0 3
0.166667 0.169986 0.011946 200 194 1000 985 2 1000 1000 0 3
0.166667 0.158067 0.011433 200 202 1000 1040 2 1000 1000 0 3
0.166667 0.171025 0.012107 200 212 1000 1024 2 1000 1000 0 3
0.166667 0.175145 0.012201 200 187 1000 996 2 1000 1000 0 3
0.166667 0.172456 0.012026 200 202 1000 984 2 1000 1000 0 3
0.166667 0.172494 0.012257 200 198 1000 986 2 1000 1000 0 3
0.166667 0.155704 0.011652 200 198 1000 1018 2 1000 1000 0 3
0.166667 0.190835 0.012562 200 207 1000 940 2 1000 1000 0 3
0.166667 0.156265 0.011610 200 190 1000 1007 2 1000 1000 0 3
0.166667 0.162650 0.011645 200 209 1000 1036 2 1000 1000 0 3
0.166667 0.170052 0.011860 200 203 1000 1029 2 1000 1000 0 3
0.166667 0.161636 0.011488 200 187 1000 1017 2 1000 1000 0 3
0.166667 0.175056 0.011914 200 192 1000 1010 2 1000 1000 0 3
0.166667 0.159031 0.011508 200 194 1000 1027 2 1000 1000 0 3
0.166667 0.162842 0.011953 200 213 1000 1036 2 1000 1000 0 3
0.166667 0.161058 0.011732 200 187 1000 1015 2 1000 1000 0 3
0.166667 0.165115 0.011828 200 179 1000 970 2 1000 1000 0 3
0.166667 0.169227 0.011751 200 214 1000 1030 2 1000 1000 0 3
0.166667 0.172403 0.011693 200 198 1000 1034 2 1000 1000 0 3
0.166667 0.154340 0.011776 200 176 1000 983 2 1000 1000 0 3
0.166667 0.148886 0.011487 200 183 1000 1023 2 1000 1000 0 3
0.166667 0.187712 0.012051 200 213 1000 1002 2 1000 1000 0 3
0.166667 0.154069 0.011476 200 192 1000 1028 2 1000 1000 0 3
0.166667 0.176545 0.012569 200 218 1000 973 2 1000 1000 0 3
0.166667 0.162103 0.012185 200 183 1000 956 2 1000 1000 0 3
0.166667 0.193357 0.012558 200 200 1000 941 2 1000 1000 0 3
0.166667 0.155970 0.011402 200 189 1000 1023 2 1000 1000 0 3
0.166667 0.150991 0.011935 200 166 1000 963 2 1000 1000 0 3
0.166667 0.146652 0.011442 200 198 1000 1033 2 1000 1000 0 3
0.166667 0.153949 0.011414 200 183 1000 997 2 1000 1000 0 3
0.166667 0.163419 0.011741 200 206 1000 1031 2 1000 1000 0 3
0.166667 0.175410 0.012012 200 203 1000 997 2 1000 1000 0 3
0.166667 0.180715 0.012376 200 200 1000 961 2 1000 1000 0 3
0.166667 0.168772 0.012067 200 194 1000 990 2 1000 1000 0 3
0.166667 0.153462 0.011250 200 193 1000 1050 2 1000 1000 0 3
0.166667 0.190932 0.012349 200 224 1000 978 2 1000 1000 0 3
0.166667 0.173849 0.012075 200 198 1000 977 2 1000 1000 0 3
0.166667 0.175661 0.012265 200 212 1000 970 2 1000 1000 0 3
0.166667 0.174523 0.011969 200 194 1000 980 2 1000 1000 0 3
0.166667 0.176201 0.011995 200 195 1000 982 2 1000 1000 0 3
0.166667 0.188250 0.012552 200 201 1000 953 2 1000 1000 0 3
0.166667 0.180152 0.012020 200 213 1000 1020 2 1000 1000 0 3
0.166667 0.162439 0.011644 200 182 1000 995 2 1000 1000 0 3
0.166667 0.162496 0.011947 200 195 1000 976 2 1000 1000 0 3
0.166667 0.151165 0.012015 200 168 1000 967 2 1000 1000 0 3
0.166667 0.146699 0.011312 200 191 1000 1056 2 1000 1000 0 3
0.166667 0.183385 0.012338 200 213 1000 987 2 1000 1000 0 3
0.166667 0.168564 0.012142 200 190 1000 965 2 1000 1000 0 3
0.166667 0.158213 0.011608 200 186 1000 994 2 1000 1000 0 3
0.166667 0.173091 0.011549 200 205 1000 1051 2 1000 1000 0 3
0.166667 0.167503 0.011542 200 190 1000 1042 2 1000 1000 0 3
0.166667 0.170339 0.012156 200 211 1000 1011 2 1000 1000 0 3
0.166667 0.153102 0.011644 200 201 1000 1014 2 1000 1000 0 3
0.166667 0.155895 0.011836 200 198 1000 1022 2 1000 1000 0 3
0.166667 0.173043 0.012002 200 198 1000 992 2 1000 1000 0 3
0.166667 0.162993 0.011935 200 198 1000 992 2 1000 1000 0 3
0.166667 0.161787 0.011555 200 201 1000 1029 2 1000 1000 0 3
0.166667 0.180158 0.012005 200 198 1000 1015 2 1000 1000 0 3
0.166667 0.185205 0.012368 200 214 1000 959 2 1000 1000 0 3
0.166667 0.159614 0.011469 200 191 1000 1046 2 1000 1000 0 3
0.166667 0.153544 0.011743 200 177 1000 993 2 1000 1000 0 3
0.166667 0.169839 0.011964 200 191 1000 979 2 1000 1000 0 3
0.166667 0.175416 0.012515 200 195 1000 963 2 1000 1000 0 3
0.166667 0.176537 0.011781 200 212 1000 1046 2 1000 1000 0 3
0.166667 0.176079 0.012405 200 209 1000 964 2 1000 1000 0 3
0.166667 0.183113 0.012461 200 203 1000 964 2 1000 1000 0 3
0.166667 0.150562 0.011538 200 197 1000 1049 2 1000 1000 0 3
0.166667 0.165189 0.011859 200 197 1000 1002 2 1000 1000 0 3
0.166667 0.174656 0.011999 200 206 1000 971 2 1000 1000 0 3
0.166667 0.168950 0.012095 200 207 1000 958 2 1000 1000 0 3
0.166667 0.171803 0.012038 200 210 1000 991 2 1000 1000 0 3
0.166667 0.177623 0.011701 200 218 1000 1036 2 1000 1000 0 3
0.166667 0.166161 0.012065 200 203 1000 997 2 1000 1000 0 3
0.166667 0.159739 0.012256 200 188 1000 944 2 1000 1000 0 3
0.166667 0.169546 0.011656 200 194 1000 1052 2 1000 1000 0 3
0.166667 0.165098 0.011992 200 195 1000 970 2 1000 1000 0 3
0.166667 0.160928 0.011951 200 201 1000 977 2 1000 1000 0 3
0.166667 0.171367 0.011890 200 210 1000 1020 2 1000 1000 0 3
0.166667 0.162332 0.011850 200 220 1000 1016 2 1000 1000 0 3
0.166667 0.162231 0.012198 200 193 1000 950 2 1000 1000 0 3
0.166667 0.182472 0.011451 200 246 1000 1104 2 1000 1000 0 3
0.166667 0.166840 0.011514 200 197 1000 1044 2 1000 1000 0 3
0.166667 0.166239 0.012287 200 207 1000 963 2 1000 1000 0 3
0.166667 0.159387 0.011667 200 197 1000 1010 2 1000 1000 0 3
0.166667 0.174882 0.011689 200 210 1000 1059 2 1000 1000 0 3
0.166667 0.151997 0.011363 200 168 1000 1014 2 1000 1000 0 3
0.166667 0.173887 0.011630 200 207 1000 1063 2 1000 1000 0 3
0.166667 0.182007 0.012300 200 202 1000 964 2 1000 1000 0 3
0.166667 0.171540 0.012087 200 196 1000 987 2 1000 1000 0 3
0.166667 0.158801 0.011717 200 175 1000 1023 2 1000 1000 0 3
0.166667 0.159218 0.011654 200 174 1000 1002 2 1000 1000 0 3
0.166667 0.167058 0.011961 200 192 1000 956 2 1000 1000 0 3
0.166667 0.188602 0.012438 200 224 1000 987 2 1000 1000 0 3
0.166667 0.166976 0.011874 200 211 1000 1025 2 1000 1000 0 3
0.166667 0.170317 0.011826 200 186 1000 986 2 1000 1000 0 3
0.166667 0.162852 0.011572 200 193 1000 1055 2 1000 1000 0 3
0.166667 0.159735 0.011440 200 197 1000 1054 2 1000 1000 0 3
0.166667 0.176990 0.011871 200 202 1000 1019 2 1000 1000 0 3
0.166667 0.161137 0.012108 200 197 1000 959 2 1000 1000 0 3
0.166667 0.157987 0.011566 200 191 1000 993 2 1000 1000 0 3
0.166667 0.196960 0.012742 200 226 1000 953 2 1000 1000 0 3
0.166667 0.169739 0.012042 200 178 1000 961 2 1000 1000 0 3
0.166667 0.172751 0.011953 200 217 1000 1016 2 1000 1000 0 3
0.166667 0.180504 0.011980 200 202 1000 986 2 1000 1000 0 3
0.166667 0.179557 0.012368 200 210 1000 951 2 1000 1000 0 3
0.166667 0.169938 0.012062 200 199 1000 1003 2 1000 1000 0 3
0.166667 0.157498 0.011626 200 184 1000 1010 2 1000 1000 0 3
0.166667 0.192910 0.012294 200 217 1000 1013 2 1000 1000 0 3
0.166667 0.157389 0.011743 200 192 1000 1006 2 1000 1000 0 3
0.166667 0.150768 0.011613 200 186 1000 985 2 1000 1000 0 3
0.166667 0.178768 0.012042 200 215 1000 985 2 1000 1000 0 3
0.166667 0.158212 0.011632 200 205 1000 1022 2 1000 1000 0 3
0.166667 0.180633 0.012326 200 204 1000 974 2 1000 1000 0 3
0.166667 0.188264 0.012545 200 212 1000 959 2 1000 1000 0 3
0.166667 0.170959 0.011984 200 212 1000 987 2 1000 1000 0 3
0.166667 0.161090 0.011760 200 189 1000 1010 2 1000 1000 0 3
0.166667 0.154398 0.011094 200 192 1000 1081 2 1000 1000 0 3
0.166667 0.145367 0.011843 200 175 1000 966 2 1000 1000 0 3
0.166667 0.189200 0.012637 200 216 1000 957 2 1000 1000 0 3
0.166667 0.150226 0.011547 200 174 1000 1004 2 1000 1000 0 3
0.166667 0.164967 0.011834 200 193 1000 993 2 1000 1000 0 3
0.166667 0.171090 0.012088 200 200 1000 1006 2 1000 1000 0 3
0.166667 0.184940 0.011957 200 206 1000 999 2 1000 1000 0 3
0.166667 0.163111 0.011635 200 192 1000 1029 2 1000 1000 0 3
0.166667 0.163455 0.011481 200 196 1000 1022 2 1000 1000 0 3
0.166667 0.179559 0.012123 200 203 1000 985 2 1000 1000 0 3
0.166667 0.174786 0.012054 200 204 1000 988 2 1000 1000 0 3
0.166667 0.177834 0.012421 200 207 1000 948 2 1000 1000 0 3
0.166667 0.168874 0.011847 200 196 1000 989 2 1000 1000 0 3
0.166667 0.203804 0.012644 200 235 1000 969 2 1000 1000 0 3
0.166667 0.188540 0.012058 200 217 1000 1016 2 1000 1000 0 3
0.166667 0.165402 0.011982 200 197 1000 986 2 1000 1000 0 3
0.166667 0.170101 0.011511 200 213 1000 1074 2 1000 1000 0 3
0.166667 0.167546 0.011637 200 202 1000 1022 2 1000 1000 0 3
0.166667 0.156999 0.011483 200 199 1000 1037 2 1000 1000 0 3
0.166667 0.148654 0.011333 200 189 1000 1060 2 1000 1000 0 3
0.166667 0.187979 0.012241 200 206 1000 954 2 1000 1000 0 3
0.166667 0.189804 0.012483 200 217 1000 944 2 1000 1000 0 3
0.166667 0.143601 0.011346 200 179 1000 1031 2 1000 1000 0 3
0.166667 0.159941 0.011915 200 197 1000 994 2 1000 1000 0 3
0.166667 0.169966 0.011844 200 193 1000 990 2 1000 1000 0 3
0.166667 0.156923 0.011421 200 197 1000 1058 2 1000 1000 0 3
0.166667 0.171161 0.011814 200 206 1000 1019 2 1000 1000 0 3
0.166667 0.171631 0.012019 200 203 1000 1007 2 1000 1000 0 3
0.166667 0.164267 0.011532 200 205 1000 1047 2 1000 1000 0 3
0.166667 0.172995 0.011750 200 216 1000 1029 2 1000 1000 0 3
0.166667 0.156322 0.011255 200 190 1000 1040 2 1000 1000 0 3
0.166667 0.180389 0.012065 200 215 1000 993 2 1000 1000 0 3
0.166667 0.178660 0.012326 200 203 1000 967 2 1000 1000 0 3
0.166667 0.148558 0.011300 200 183 1000 1008 2 1000 1000 0 3
0.166667 0.184384 0.011958 200 228 1000 1002 2 1000 1000 0 3
0.166667 0.147838 0.011433 200 177 1000 1015 2 1000 1000 0 3
0.166667 0.164618 0.011559 200 202 1000 1043 2 1000 1000 0 3
0.166667 0.167695 0.011485 200 200 1000 1045 2 1000 1000 0 3
0.166667 0.178015 0.011957 200 202 1000 1000 2 1000 1000 0 3
0.166667 0.153939 0.011654 200 190 1000 1004 2 1000 1000 0 3
0.166667 0.175794 0.012137 200 201 1000 992 2 1000 1000 0 3
0.166667 0.155161 0.011533 200 186 1000 1028 2 1000 1000 0 3
0.166667 0.191239 0.012227 200 220 1000 996 2 1000 1000 0 3
0.166667 0.168220 0.011993 200 194 1000 985 2 1000 1000 0 3
0.166667 0.158624 0.011416 200 204 1000 1040 2 1000 1000 0 3
0.166667 0.166167 0.011807 200 184 1000 995 2 1000 1000 0 3
0.166667 0.175069 0.012042 200 213 1000 1009 2 1000 1000 0 3
0.166667 0.184345 0.012189 200 202 1000 985 2 1000 1000 0 3
0.166667 0.171991 0.011959 200 200 1000 1014 2 1000 1000 0 3
0.166667 0.163739 0.011904 200 193 1000 984 2 1000 1000 0 3
0.166667 0.168847 0.011968 200 186 1000 993 2 1000 1000 0 3
0.166667 0.149309 0.011447 200 188 1000 1037 2 1000 1000 0 3
0.166667 0.156178 0.011391 200 199 1000 1024 2 1000 1000 0 3
0.166667 0.182979 0.011808 200 222 1000 1009 2 1000 1000 0 3
0.166667 0.170873 0.012197 200 193 1000 987 2 1000 1000 0 3
0.166667 0.159141 0.011489 200 184 1000 1027 2 1000 1000 0 3
0.166667 0.172314 0.012188 200 212 1000 975 2 1000 1000 0 3
0.166667 0.177567 0.011895 200 202 1000 988 2 1000 1000 0 3
0.166667 0.173149 0.012186 200 197 1000 949 2 1000 1000 0 3
0.166667 0.172528 0.011988 200 202 1000 989 2 1000 1000 0 3
0.166667 0.181378 0.011815 200 213 1000 1021 2 1000 1000 0 3
0.166667 0.165218 0.012175 200 189 1000 955 2 1000 1000 0 3
0.166667 0.164980 0.011698 200 196 1000 1014 2 1000 1000 0 3
0.166667 0.171397 0.011932 200 208 1000 1003 2 1000 1000 0 3
0.166667 0.166612 0.011832 200 201 1000 987 2 1000 1000 0 3
0.166667 0.155247 0.011400 200 197 1000 1019 2 1000 1000 0 3
0.166667 0.152412 0.011241 200 181 1000 1024 2 1000 1000 0 3
0.166667 0.205578 0.012370 200 232 1000 1012 2 1000 1000 0 3
0.166667 0.165947 0.011782 200 200 1000 1013 2 1000 1000 0 3
0.166667 0.162901 0.011743 200 215 1000 1030 2 1000 1000 0 3
0.166667 0.168118 0.012102 200 188 1000 968 2 1000 1000 0 3
0.166667 0.174741 0.011773 200 211 1000 1013 2 1000 1000 0 3
0.166667 0.176497 0.012122 200 200 1000 992 2 1000 1000 0 3
0.166667 0.179914 0.012355 200 203 1000 981 2 1000 1000 0 3
0.166667 0.175600 0.012009 200 203 1000 1004 2 1000 1000 0 3
0.166667 0.149867 0.011531 200 197 1000 1024 2 1000 1000 0 3
0.166667 0.176783 0.012348 200 197 1000 937 2 1000 1000 0 3
0.166667 0.171815 0.011860 200 195 1000 1006 2 1000 1000 0 3
0.166667 0.168238 0.012049 200 189 1000 972 2 1000 1000 0 3
0.166667 0.177514 0.011915 200 208 1000 999 2 1000 1000 0 3
0.166667 0.168528 0.011862 200 191 1000 995 2 1000 1000 0 3
0.166667 0.190092 0.011976 200 213 1000 1029 2 1000 1000 0 3
0.166667 0.178128 0.012130 200 210 1000 994 2 1000 1000 0 3
0.166667 0.155133 0.011453 200 186 1000 1033 2 1000 1000 0 3
0.166667 0.165595 0.011651 200 195 1000 1010 2 1000 1000 0 3
0.166667 0.187516 0.012097 200 221 1000 990 2 1000 1000 0 3
0.166667 0.154656 0.011617 200 176 1000 1019 2 1000 1000 0 3
0.166667 0.162575 0.011837 200 191 1000 997 2 1000 1000 0 3
0.166667 0.178795 0.011878 200 221 1000 1027 2 1000 1000 0 3
0.166667 0.158384 0.011794 200 183 1000 1000 2 1000 1000 0 3
0.166667 0.166467 0.011898 200 196 1000 1000 2 1000 1000 0 3
0.166667 0.160225 0.011725 200 198 1000 999 2 1000 1000 0 3
0.166667 0.190284 0.012639 200 210 1000 936 2 1000 1000 0 3
0.166667 0.170438 0.012228 200 193 1000 967 2 1000 1000 0 3
0.166667 0.163468 0.011376 200 199 1000 1061 2 1000 1000 0 3
0.166667 0.195438 0.012108 200 230 1000 1008 2 1000 1000 0 3
0.166667 0.173241 0.012292 200 202 1000 963 2 1000 1000 0 3
0.166667 0.176502 0.011703 200 197 1000 1018 2 1000 1000 0 3
0.166667 0.169726 0.012007 200 197 1000 1000 2 1000 1000 0 3
0.166667 0.181204 0.012117 200 219 1000 1008 2 1000 1000 0 3
0.166667 0.172648 0.011808 200 204 1000 1007 2 1000 1000 0 3
0.166667 0.162281 0.011737 200 191 1000 984 2 1000 1000 0 3
0.166667 0.154080 0.011224 200 183 1000 1039 2 1000 1000 0 3
0.166667 0.183472 0.012331 200 195 1000 953 2 1000 1000 0 3
0.166667 0.150128 0.011581 200 177 1000 1005 2 1000 1000 0 3
0.166667 0.155628 0.011343 200 195 1000 1023 2 1000 1000 0 3
0.166667 0.155634 0.011546 200 190 1000 1035 2 1000 1000 0 3
0.166667 0.161285 0.011866 200 189 1000 955 2 1000 1000 0 3
0.166667 0.162444 0.011874 200 187 1000 976 2 1000 1000 0 3
0.166667 0.178343 0.012055 200 222 1000 1007 2 1000 1000 0 3
0.166667 0.162182 0.012020 200 196 1000 986 2 1000 1000 0 3
0.166667 0.174420 0.011618 200 216 1000 1028 2 1000 1000 0 3
0.166667 0.163275 0.011757 200 189 1000 1012 2 1000 1000 0 3
0.166667 0.163413 0.012297 200 187 1000 952 2 1000 1000 0 3
0.166667 0.166839 0.012045 200 202 1000 988 2 1000 1000 0 3
0.166667 0.173388 0.012042 200 194 1000 997 2 1000 1000 0 3
0.166667 0.153475 0.011834 200 165 1000 947 2 1000 1000 0 3
0.166667 0.153531 0.011581 200 179 1000 1043 2 1000 1000 0 3
0.166667 0.174812 0.011915 200 202 1000 1017 2 1000 1000 0 3
0.166667 0.169803 0.011679 200 185 1000 1000 2 1000 1000 0 3
0.166667 0.169870 0.011886 200 198 1000 965 2 1000 1000 0 3
0.166667 0.161555 0.011696 200 194 1000 1018 2 1000 1000 0 3
0.166667 0.180770 0.011988 200 206 1000 997 2 1000 1000 0 3
0.166667 0.184975 0.012159 200 212 1000 991 2 1000 1000 0 3
0.166667 0.184448 0.012336 200 220 1000 969 2 1000 1000 0 3
0.166667 0.162345 0.011934 200 180 1000 984 2 1000 1000 0 3
0.166667 0.190554 0.012176 200 225 1000 994 2 1000 1000 0 3
0.166667 0.163414 0.011896 200 172 1000 991 2 1000 1000 0 3
0.166667 0.138388 0.011264 200 176 1000 1044 2 1000 1000 0 3
0.166667 0.149916 0.011288 200 189 1000 1035 2 1000 1000 0 3
0.166667 0.194545 0.013048 200 215 1000 904 2 1000 1000 0 3
0.166667 0.183119 0.012817 200 209 1000 914 2 1000 1000 0 3
0.166667 0.206999 0.012844 200 237 1000 933 2 1000 1000 0 3
0.166667 0.153717 0.011922 200 191 1000 952 2 1000 1000 0 3
0.166667 0.192160 0.012115 200 232 1000 1019 2 1000 1000 0 3
0.166667 0.179848 0.011683 200 225 1000 1036 2 1000 1000 0 3
0.166667 0.177247 0.012345 200 211 1000 966 2 1000 1000 0 3
0.166667 0.181155 0.011926 200 200 1000 999 2 1000 1000 0 3
0.166667 0.174291 0.011780 200 195 1000 1033 2 1000 1000 0 3
0.166667 0.178217 0.012262 200 202 1000 961 2 1000 1000 0 3
0.166667 0.170546 0.011964 200 198 1000 992 2 1000 1000 0 3
0.166667 0.158874 0.011408 200 201 1000 1052 2 1000 1000 0 3
0.166667 0.183679 0.012400 200 194 1000 930 2 1000 1000 0 3
0.166667 0.182024 0.012141 200 208 1000 980 2 1000 1000 0 3
0.166667 0.163006 0.012071 200 190 1000 978 2 1000 1000 0 3
0.166667 0.202822 0.012210 200 238 1000 1008 2 1000 1000 0 3
0.166667 0.155947 0.011663 200 165 1000 959 2 1000 1000 0 3
0.166667 0.170809 0.011915 200 210 1000 1032 2 1000 1000 0 3
0.166667 0.154373 0.011557 200 180 1000 1018 2 1000 1000 0 3
0.166667 0.175375 0.012263 200 205 1000 980 2 1000 1000 0 3
0.166667 0.175345 0.011769 200 205 1000 1042 2 1000 1000 0 3
0.166667 0.167403 0.011901 200 192 1000 987 2 1000 1000 0 3
0.166667 0.186836 0.012116 200 212 1000 987 2 1000 1000 0 3
0.166667 0.159387 0.011211 200 200 1000 1061 2 1000 1000 0 3
0.166667 0.163018 0.011989 200 196 1000 971 2 1000 1000 0 3
0.166667 0.192925 0.012492 200 211 1000 966 2 1000 1000 0 3
0.166667 0.177680 0.012215 200 202 1000 976 2 1000 1000 0 3
0.166667 0.174250 0.012028 200 188 1000 982 2 1000 1000 0 3
0.166667 0.163593 0.011750 200 185 1000 1004 2 1000 1000 0 3
0.166667 0.165399 0.012493 200 180 1000 929 2 1000 1000 0 3
0.166667 0.179062 0.012304 200 199 1000 984 2 1000 1000 0 3
0.166667 0.170476 0.012032 200 192 1000 1008 2 1000 1000 0 3
0.166667 0.167832 0.011760 200 192 1000 995 2 1000 1000 0 3
0.166667 0.196871 0.012459 200 228 1000 967 2 1000 1000 0 3
0.166667 0.178080 0.012129 200 210 1000 997 2 1000 1000 0 3
0.166667 0.171701 0.012414 200 195 1000 949 2 1000 1000 0 3
0.166667 0.159189 0.011868 200 196 1000 1003 2 1000 1000 0 3
0.166667 0.171021 0.011913 200 197 1000 997 2 1000 1000 0 3
0.166667 0.181046 0.011875 200 216 1000 1029 2 1000 1000 0 3
0.166667 0.199194 0.012777 200 217 1000 929 2 1000 1000 0 3
0.166667 0.167935 0.011995 200 202 1000 978 2 1000 1000 0 3
0.166667 0.171176 0.011684 200 220 1000 1048 2 1000 1000 0 3
0.166667 0.171778 0.012177 200 200 1000 973 2 1000 1000 0 3
0.166667 0.187159 0.012560 200 220 1000 969 2 1000 1000 0 3
0.166667 0.174058 0.012129 200 202 1000 989 2 1000 1000 0 3
0.166667 0.158370 0.011883 200 187 1000 1003 2 1000 1000 0 3
0.166667 0.173323 0.011859 200 206 1000 993 2 1000 1000 0 3
0.166667 0.173453 0.012100 200 195 1000 956 2 1000 1000 0 3
0.166667 0.198447 0.012349 200 232 1000 974 2 1000 1000 0 3
0.166667 0.161024 0.011900 200 179 1000 989 2 1000 1000 0 3
0.166667 0.166821 0.012149 200 194 1000 982 2 1000 1000 0 3
0.166667 0.181111 0.012059 200 214 1000 1007 2 1000 1000 0 3
0.166667 0.195857 0.012477 200 225 1000 963 2 1000 1000 0 3
0.166667 0.187444 0.012149 200 214 1000 1014 2 1000 1000 0 3
0.166667 0.150139 0.011108 200 175 1000 1047 2 1000 1000 0 3
0.166667 0.168160 0.011774 200 190 1000 997 2 1000 1000 0 3
0.166667 0.188435 0.012333 200 215 1000 985 2 1000 1000 0 3
0.166667 0.170526 0.011884 200 209 1000 987 2 1000 1000 0 3
0.166667 0.181174 0.012490 200 196 1000 962 2 1000 1000 0 3
0.166667 0.161900 0.011556 200 208 1000 1060 2 1000 1000 0 3
0.166667 0.162763 0.011872 200 189 1000 983 2 1000 1000 0 3
0.166667 0.175721 0.011842 200 207 1000 1005 2 1000 1000 0 3
0.166667 0.158757 0.011462 200 196 1000 1038 2 1000 1000 0 3
0.166667 0.161759 0.011489 200 203 1000 1040 2 1000 1000 0 3
0.166667 0.166673 0.011638 200 197 1000 1017 2 1000 1000 0 3
0.166667 0.165755 0.011664 200 201 1000 1022 2 1000 1000 0 3
0.166667 0.183327 0.012221 200 209 1000 1002 2 1000 1000 0 3
0.166667 0.186276 0.012372 200 212 1000 966 2 1000 1000 0 3
0.166667 0.167084 0.011939 200 195 1000 991 2 1000 1000 0 3
0.166667 0.175786 0.012169 200 221 1000 992 2 1000 1000 0 3
0.166667 0.184545 0.011935 200 231 1000 1046 2 1000 1000 0 3
0.166667 0.175235 0.011778 200 210 1000 1025 2 1000 1000 0 3
0.166667 0.171199 0.012024 200 192 1000 970 2 1000 1000 0 3
0.166667 0.164126 0.012108 200 198 1000 968 2 1000 1000 0 3
0.166667 0.165153 0.012042 200 197 1000 981 2 1000 1000 0 3
0.166667 0.156224 0.011680 200 197 1000 1010 2 1000 1000 0 3
0.166667 0.177830 0.011757 200 203 1000 1026 2 1000 1000 0 3
0.166667 0.172220 0.011997 200 190 1000 994 2 1000 1000 0 3
0.166667 0.193655 0.012539 200 208 1000 954 2 1000 1000 0 3
0.166667 0.165761 0.012107 200 191 1000 978 2 1000 1000 0 3
0.166667 0.169301 0.011951 200 197 1000 995 2 1000 1000 0 3
0.166667 0.176266 0.011897 200 214 1000 1011 2 1000 1000 0 3
0.166667 0.184908 0.012289 200 212 1000 988 2 1000 1000 0 3
0.166667 0.152085 0.011376 200 178 1000 1026 2 1000 1000 0 3
0.166667 0.169865 0.011762 200 189 1000 971 2 1000 1000 0 3
0.166667 0.174672 0.012116 200 218 1000 980 2 1000 1000 0 3
0.166667 0.169490 0.012211 200 189 1000 948 2 1000 1000 0 3
0.166667 0.174905 0.012031 200 197 1000 996 2 1000 1000 0 3
0.166667 0.177082 0.011722 200 211 1000 1026 2 1000 1000 0 3
0.166667 0.179732 0.012323 200 216 1000 1002 2 1000 1000 0 3
0.166667 0.200638 0.012357 200 231 1000 988 2 1000 1000 0 3
0.166667 0.162692 0.011781 200 197 1000 989 2 1000 1000 0 3
0.166667 0.168983 0.011897 200 192 1000 989 2 1000 1000 0 3
0.166667 0.146733 0.011296 200 201 1000 1082 2 1000 1000 0 3
0.166667 0.146023 0.011472 200 169 1000 1024 2 1000 1000 0 3
0.166667 0.174986 0.012144 200 200 1000 974 2 1000 1000 0 3
0.166667 0.186704 0.012784 200 207 1000 925 2 1000 1000 0 3
0.166667 0.171499 0.011864 200 208 1000 1014 2 1000 1000 0 3
0.166667 0.162478 0.011543 200 184 1000 1010 2 1000 1000 0 3
0.166667 0.169778 0.012129 200 204 1000 982 2 1000 1000 0 3
0.166667 0.160814 0.012118 200 187 1000 972 2 1000 1000 0 3
0.166667 0.173224 0.012245 200 198 1000 980 2 1000 1000 0 3
0.166667 0.200947 0.012702 200 225 1000 989 2 1000 1000 0 3
0.166667 0.162403 0.012060 200 182 1000 953 2 1000 1000 0 3
0.166667 0.170258 0.011993 200 190 1000 974 2 1000 1000 0 3
0.166667 0.170863 0.011611 200 194 1000 1030 2 1000 1000 0 3
0.166667 0.167315 0.012149 200 189 1000 970 2 1000 1000 0 3
0.166667 0.159355 0.011430 200 189 1000 1033 2 1000 1000 0 3
0.166667 0.170615 0.012178 200 204 1000 983 2 1000 1000 0 3
0.166667 0.148298 0.011604 200 177 1000 965 2 1000 1000 0 3
0.166667 0.170580 0.012291 200 203 1000 975 2 1000 1000 0 3
0.166667 0.176989 0.011870 200 216 1000 1041 2 1000 1000 0 3
0.166667 0.174070 0.012067 200 202 1000 992 2 1000 1000 0 3
0.166667 0.157644 0.011649 200 193 1000 1014 2 1000 1000 0 3
0.166667 0.153366 0.011371 200 182 1000 1029 2 1000 1000 0 3
0.166667 0.155096 0.011834 200 184 1000 974 2 1000 1000 0 3
0.166667 0.171521 0.012344 200 206 1000 961 2 1000 1000 0 3
0.166667 0.180613 0.012021 200 190 1000 999 2 1000 1000 0 3
0.166667 0.167070 0.011664 200 195 1000 994 2 1000 1000 0 3
0.166667 0.169775 0.011921 200 213 1000 1013 2 1000 1000 0 3
0.166667 0.162242 0.011736 200 182 1000 1002 2 1000 1000 0 3
0.166667 0.165048 0.011712 200 196 1000 1003 2 1000 1000 0 3
0.166667 0.158939 0.011602 200 203 1000 1049 2 1000 1000 0 3
0.166667 0.182818 0.012176 200 193 1000 967 2 1000 1000 0 3
0.166667 0.154322 0.011620 200 186 1000 1009 2 1000 1000 0 3
0.166667 0.180470 0.012077 200 219 1000 986 2 1000 1000 0 3
0.166667 0.170960 0.011585 200 213 1000 1032 2 1000 1000 0 3
0.166667 0.139706 0.011205 200 190 1000 1036 2 1000 1000 0 3
0.166667 0.177679 0.011866 200 207 1000 1026 2 1000 1000 0 3
0.166667 0.185529 0.012509 200 220 1000 976 2 1000 1000 0 3
0.166667 0.183537 0.012497 200 205 1000 936 2 1000 1000 0 3
0.166667 0.168624 0.012426 200 195 1000 937 2 1000 1000 0 3
0.166667 0.152234 0.011480 200 179 1000 1014 2 1000 1000 0 3
0.166667 0.145577 0.011618 200 165 1000 1004 2 1000 1000 0 3
0.166667 0.157784 0.011885 200 185 1000 978 2 1000 1000 0 3
0.166667 0.170034 0.011963 200 214 1000 1002 2 1000 1000 0 3
0.166667 0.167270 0.011756 200 186 1000 994 2 1000 1000 0 3
0.166667 0.156405 0.011471 200 194 1000 1020 2 1000 1000 0 3
0.166667 0.174098 0.012088 200 203 1000 1015 2 1000 1000 0 3
0.166667 0.179797 0.012527 200 207 1000 942 2 1000 1000 0 3
0.166667 0.165158 0.011584 200 195 1000 1041 2 1000 1000 0 3
0.166667 0.166563 0.011956 200 197 1000 986 2 1000 1000 0 3
0.166667 0.168484 0.012034 200 189 1000 987 2 1000 1000 0 3
0.166667 0.177512 0.011755 200 207 1000 1032 2 1000 1000 0 3
0.166667 0.169514 0.011723 200 198 1000 1010 2 1000 1000 0 3
0.166667 0.165984 0.011733 200 189 1000 1009 2 1000 1000 0 3
0.166667 0.169466 0.011912 200 204 1000 1005 2 1000 1000 0 3
0.166667 0.164305 0.011743 200 198 1000 1003 2 1000 1000 0 3
0.166667 0.159734 0.011674 200 196 1000 1005 2 1000 1000 0 3
0.166667 0.166327 0.011952 200 204 1000 997 2 1000 1000 0 3
0.166667 0.183832 0.012022 200 210 1000 1017 2 1000 1000 0 3
0.166667 0.169551 0.011723 200 197 1000 996 2 1000 1000 0 3
0.166667 0.160786 0.011934 200 189 1000 984 2 1000 1000 0 3
0.166667 0.134648 0.011263 200 164 1000 1027 2 1000 1000 0 3
0.166667 0.175964 0.011992 200 192 1000 1002 2 1000 1000 0 3
0.166667 0.167766 0.011833 200 196 1000 1023 2 1000 1000 0 3
0.166667 0.176784 0.011897 200 208 1000 1020 2 1000 1000 0 3
0.166667 0.146363 0.011475 200 164 1000 989 2 1000 1000 0 3
0.166667 0.177355 0.012032 200 207 1000 998 2 1000 1000 0 3
0.166667 0.170884 0.011585 200 206 1000 1059 2 1000 1000 0 3
0.166667 0.159875 0.011621 200 204 1000 1040 2 1000 1000 0 3
0.166667 0.162465 0.011747 200 191 1000 999 2 1000 1000 0 3
0.166667 0.179545 0.012289 200 200 1000 963 2 1000 1000 0 3
0.166667 0.142851 0.010939 200 179 1000 1064 2 1000 1000 0 3
0.166667 0.146942 0.010724 200 185 1000 1131 2 1000 1000 0 3
0.166667 0.158522 0.011296 200 195 1000 1074 2 1000 1000 0 3
0.166667 0.152636 0.011351 200 180 1000 1039 2 1000 1000 0 3
0.166667 0.157597 0.011655 200 196 1000 1026 2 1000 1000 0 3
0.166667 0.165566 0.011499 200 196 1000 1071 2 1000 1000 0 3
0.166667 0.162791 0.011897 200 201 1000 1015 2 1000 1000 0 3
0.166667 0.145385 0.011086 200 187 1000 1080 2 1000 1000 0 3
0.166667 0.183797 0.012118 200 221 1000 999 2 1000 1000 0 3
0.166667 0.185121 0.012014 200 226 1000 1021 2 1000 1000 0 3
0.166667 0.179751 0.011779 200 214 1000 1037 2 1000 1000 0 3
0.166667 0.180548 0.012209 200 207 1000 986 2 1000 1000 0 3
0.166667 0.172233 0.012240 200 212 1000 959 2 1000 1000 0 3
0.166667 0.152903 0.011633 200 183 1000 1004 2 1000 1000 0 3
0.166667 0.185910 0.012255 200 203 1000 970 2 1000 1000 0 3
0.166667 0.181927 0.012085 200 233 1000 1017 2 1000 1000 0 3
0.166667 0.166689 0.011702 200 202 1000 1052 2 1000 1000 0 3
0.166667 0.152758 0.011878 200 189 1000 989 2 1000 1000 0 3
0.166667 0.172300 0.011764 200 200 1000 1019 2 1000 1000 0 3
0.166667 0.145360 0.011789 200 186 1000 985 2 1000 1000 0 3
0.166667 0.162243 0.012164 200 188 1000 987 2 1000 1000 0 3
0.166667 0.170323 0.011901 200 197 1000 1022 2 1000 1000 0 3
0.166667 0.172423 0.011851 200 197 1000 1030 2 1000 1000 0 3
0.166667 0.188625 0.012342 200 232 1000 972 2 1000 1000 0 3
0.166667 0.165413 0.011901 200 198 1000 1026 2 1000 1000 0 3
0.166667 0.174014 0.012411 200 203 1000 974 2 1000 1000 0 3
0.166667 0.172531 0.011900 200 206 1000 997 2 1000 1000 0 3
0.166667 0.155013 0.011409 200 191 1000 1041 2 1000 1000 0 3
0.166667 0.176981 0.012201 200 204 1000 973 2 1000 1000 0 3
0.166667 0.165630 0.012356 200 184 1000 928 2 1000 1000 0 3
0.166667 0.162858 0.011382 200 204 1000 1056 2 1000 1000 0 3
0.166667 0.173930 0.011764 200 206 1000 1019 2 1000 1000 0 3
0.166667 0.175494 0.012189 200 208 1000 983 2 1000 1000 0 3
0.166667 0.150329 0.011124 200 209 1000 1069 2 1000 1000 0 3
0.166667 0.174296 0.011775 200 201 1000 1032 2 1000 1000 0 3
0.166667 0.174458 0.012033 200 197 1000 999 2 1000 1000 0 3
0.166667 0.164729 0.011703 200 194 1000 1006 2 1000 1000 0 3
0.166667 0.167917 0.012261 200 187 1000 960 2 1000 1000 0 3
0.166667 0.179025 0.011946 200 209 1000 1012 2 1000 1000 0 3
0.166667 0.194957 0.012454 200 227 1000 987 2 1000 1000 0 3
0.166667 0.188293 0.012379 200 199 1000 978 2 1000 1000 0 3
0.166667 0.200238 0.012338 200 225 1000 987 2 1000 1000 0 3
0.166667 0.151989 0.011627 200 176 1000 985 2 1000 1000 0 3
0.166667 0.169817 0.012172 200 202 1000 972 2 1000 1000 0 3
0.166667 0.184312 0.012318 200 198 1000 959 2 1000 1000 0 3
0.166667 0.194982 0.012322 200 235 1000 993 2 1000 1000 0 3
0.166667 0.175362 0.012109 200 191 1000 953 2 1000 1000 0 3
0.166667 0.157289 0.011225 200 186 1000 1044 2 1000 1000 0 3
0.166667 0.175165 0.011905 200 213 1000 1033 2 1000 1000 0 3
0.166667 0.154639 0.011457 200 192 1000 1039 2 1000 1000 0 3
0.166667 0.172804 0.012085 200 222 1000 1029 2 1000 1000 0 3
0.166667 0.157971 0.011790 200 182 1000 998 2 1000 1000 0 3
0.166667 0.177478 0.011979 200 202 1000 994 2 1000 1000 0 3
0.166667 0.147425 0.011509 200 173 1000 1017 2 1000 1000 0 3
0.166667 0.187607 0.011940 200 209 1000 1013 2 1000 1000 0 3
0.166667 0.161144 0.011789 200 186 1000 980 2 1000 1000 0 3
0.166667 0.162247 0.011407 200 203 1000 1021 2 1000 1000 0 3
0.166667 0.161971 0.011820 200 187 1000 980 2 1000 1000 0 3
0.166667 0.165493 0.011977 200 184 1000 1004 2 1000 1000 0 3
0.166667 0.154156 0.011442 200 172 1000 1025 2 1000 1000 0 3
0.166667 0.164848 0.012207 200 189 1000 955 2 1000 1000 0 3
0.166667 0.152999 0.011766 200 180 1000 970 2 1000 1000 0 3
0.166667 0.179510 0.012073 200 208 1000 996 2 1000 1000 0 3
0.166667 0.171199 0.012301 200 205 1000 982 2 1000 1000 0 3
0.166667 0.147753 0.011156 200 182 1000 1076 2 1000 1000 0 3
0.166667 0.163148 0.011547 200 192 1000 1041 2 1000 1000 0 3
0.166667 0.174016 0.012137 200 203 1000 970 2 1000 1000 0 3
0.166667 0.158855 0.011946 200 181 1000 950 2 1000 1000 0 3
0.166667 0.185531 0.012164 200 204 1000 972 2 1000 1000 0 3
0.166667 0.166407 0.011870 200 203 1000 987 2 1000 1000 0 3
0.166667 0.171259 0.012005 200 183 1000 990 2 1000 1000 0 3
0.166667 0.171105 0.012377 200 199 1000 940 2 1000 1000 0 3
0.166667 0.174207 0.011973 200 204 1000 1013 2 1000 1000 0 3
0.166667 0.189268 0.012504 200 206 1000 969 2 1000 1000 0 3
0.166667 0.169046 0.012138 200 192 1000 959 2 1000 1000 0 3
0.166667 0.165681 0.011660 200 199 1000 1002 2 1000 1000 0 3
0.166667 0.170422 0.011608 200 203 1000 1027 2 1000 1000 0 3
0.166667 0.183185 0.011955 200 243 1000 1050 2 1000 1000 0 3
0.166667 0.171981 0.011826 200 192 1000 985 2 1000 1000 0 3
0.166667 0.164774 0.011838 200 192 1000 1007 2 1000 1000 0 3
0.166667 0.186178 0.011869 200 219 1000 1031 2 1000 1000 0 3
0.166667 0.166335 0.011789 200 187 1000 1006 2 1000 1000 0 3
0.166667 0.178168 0.012253 200 206 1000 950 2 1000 1000 0 3
0.166667 0.167711 0.011530 200 200 1000 1033 2 1000 1000 0 3
0.166667 0.173455 0.011895 200 202 1000 989 2 1000 1000 0 3
0.166667 0.190067 0.012637 200 205 1000 921 2 1000 1000 0 3
0.166667 0.185638 0.012419 200 219 1000 982 2 1000 1000 0 3
0.166667 0.195004 0.012591 200 212 1000 940 2 1000 1000 0 3
0.166667 0.163339 0.012219 200 174 1000 943 2 1000 1000 0 3
0.166667 0.174308 0.011538 200 206 1000 1054 2 1000 1000 0 3
0.166667 0.153118 0.011499 200 180 1000 996 2 1000 1000 0 3
0.166667 0.146652 0.011930 200 178 1000 962 2 1000 1000 0 3
0.166667 0.157876 0.011501 200 196 1000 1011 2 1000 1000 0 3
0.166667 0.161886 0.011517 200 194 1000 1004 2 1000 1000 0 3
0.166667 0.173517 0.011680 200 195 1000 1027 2 1000 1000 0 3
0.166667 0.165933 0.011753 200 190 1000 1010 2 1000 1000 0 3
0.166667 0.158443 0.011601 200 190 1000 1022 2 1000 1000 0 3
0.166667 0.167774 0.011843 200 195 1000 1000 2 1000 1000 0 3
0.166667 0.173027 0.011747 200 211 1000 1048 2 1000 1000 0 3
0.166667 0.181727 0.012283 200 210 1000 994 2 1000 1000 0 3
0.166667 0.183127 0.012048 200 210 1000 1010 2 1000 1000 0 3
0.166667 0.162092 0.011857 200 181 1000 1006 2 1000 1000 0 3
0.166667 0.168483 0.011596 200 197 1000 1031 2 1000 1000 0 3
0.166667 0.178138 0.011888 200 221 1000 1037 2 1000 1000 0 3
0.166667 0.165562 0.011912 200 178 1000 977 2 1000 1000 0 3
0.166667 0.167672 0.012094 200 192 1000 1021 2 1000 1000 0 3
0.166667 0.153557 0.011829 200 175 1000 974 2 1000 1000 0 3
0.166667 0.166498 0.011848 200 217 1000 1034 2 1000 1000 0 3
0.166667 0.169653 0.011741 200 199 1000 982 2 1000 1000 0 3
0.166667 0.157535 0.011731 200 169 1000 964 2 1000 1000 0 3
0.166667 0.172759 0.012184 200 209 1000 977 2 1000 1000 0 3
0.166667 0.175697 0.012027 200 209 1000 1012 2 1000 1000 0 3
0.166667 0.169235 0.011731 200 180 1000 998 2 1000 1000 0 3
0.166667 0.163887 0.011369 200 213 1000 1073 2 1000 1000 0 3
0.166667 0.161406 0.011579 200 199 1000 1045 2 1000 1000 0 3
0.166667 0.190250 0.012410 200 227 1000 1012 2 1000 1000 0 3
0.166667 0.177761 0.012050 200 193 1000 980 2 1000 1000 0 3
0.166667 0.187398 0.012211 200 215 1000 970 2 1000 1000 0 3
0.166667 0.183063 0.012267 200 198 1000 973 2 1000 1000 0 3
0.166667 0.184516 0.012307 200 199 1000 975 2 1000 1000 0 3
0.166667 0.185931 0.012288 200 209 1000 975 2 1000 1000 0 3
0.166667 0.162876 0.011636 200 185 1000 1019 2 1000 1000 0 3
0.166667 0.168252 0.012185 200 190 1000 991 2 1000 1000 0 3
0.166667 0.160772 0.011753 200 197 1000 1005 2 1000 1000 0 3
0.166667 0.182734 0.012188 200 208 1000 978 2 1000 1000 0 3
0.166667 0.181338 0.012518 200 219 1000 972 2 1000 1000 0 3
0.166667 0.185644 0.012406 200 207 1000 974 2 1000 1000 0 3
0.166667 0.166750 0.011928 200 196 1000 997 2 1000 1000 0 3
0.166667 0.167604 0.011607 200 221 1000 1044 2 1000 1000 0 3
0.166667 0.191864 0.012259 200 220 1000 997 2 1000 1000 0 3
0.166667 0.150329 0.011856 200 172 1000 944 2 1000 1000 0 3
0.166667 0.164200 0.011820 200 188 1000 981 2 1000 1000 0 3
0.166667 0.163753 0.011633 200 202 1000 1009 2 1000 1000 0 3
0.166667 0.190115 0.012466 200 215 1000 967 2 1000 1000 0 3
0.166667 0.163910 0.011593 200 206 1000 1048 2 1000 1000 0 3
0.166667 0.174447 0.011948 200 211 1000 994 2 1000 1000 0 3
0.166667 0.168833 0.011886 200 192 1000 994 2 1000 1000 0 3
0.166667 0.148821 0.011079 200 196 1000 1077 2 1000 1000 0 3
0.166667 0.161674 0.012063 200 199 1000 978 2 1000 1000 0 3
0.166667 0.166768 0.011646 200 198 1000 1035 2 1000 1000 0 3
0.166667 0.167523 0.011513 200 218 1000 1073 2 1000 1000 0 3
0.166667 0.175614 0.011878 200 214 1000 1054 2 1000 1000 0 3
0.166667 0.157500 0.011541 200 189 1000 1004 2 1000 1000 0 3
0.166667 0.161316 0.011325 200 197 1000 1054 2 1000 1000 0 3
0.166667 0.153040 0.011216 200 200 1000 1075 2 1000 1000 0 3
0.166667 0.149775 0.011614 200 173 1000 977 2 1000 1000 0 3
0.166667 0.161600 0.011924 200 203 1000 984 2 1000 1000 0 3
0.166667 0.173131 0.012291 200 193 1000 968 2 1000 1000 0 3
0.166667 0.180142 0.012024 200 201 1000 967 2 1000 1000 0 3
0.166667 0.197156 0.012202 200 232 1000 996 2 1000 1000 0 3
0.166667 0.158410 0.011124 200 200 1000 1071 2 1000 1000 0 3
0.166667 0.155968 0.011516 200 191 1000 1031 2 1000 1000 0 3
0.166667 0.165363 0.011937 200 197 1000 1016 2 1000 1000 0 3
0.166667 0.167562 0.011946 200 198 1000 990 2 1000 1000 0 3
0.166667 0.168100 0.012280 200 195 1000 935 2 1000 1000 0 3
0.166667 0.180435 0.012362 200 217 1000 978 2 1000 1000 0 3
0.166667 0.160897 0.011680 200 199 1000 1028 2 1000 1000 0 3
0.166667 0.178986 0.012376 200 224 1000 993 2 1000 1000 0 3
0.166667 0.172984 0.011723 200 208 1000 1029 2 1000 1000 0 3
0.166667 0.156483 0.011273 200 188 1000 1037 2 1000 1000 0 3
0.166667 0.160139 0.011577 200 205 1000 1028 2 1000 1000 0 3
0.166667 0.162368 0.012130 200 186 1000 982 2 1000 1000 0 3
0.166667 0.184661 0.011905 200 221 1000 1035 2 1000 1000 0 3
0.166667 0.173718 0.011962 200 207 1000 988 2 1000 1000 0 3
0.166667 0.170401 0.011915 200 194 1000 1018 2 1000 1000 0 3
0.166667 0.180120 0.012521 200 211 1000 944 2 1000 1000 0 3
0.166667 0.180898 0.011907 200 220 1000 1043 2 1000 1000 0 3
0.166667 0.185061 0.012816 200 204 1000 942 2 1000 1000 0 3
0.166667 0.181119 0.011956 200 203 1000 999 2 1000 1000 0 3
0.166667 0.162856 0.011607 200 194 1000 998 2 1000 1000 0 3
0.166667 0.181903 0.012526 200 213 1000 957 2 1000 1000 0 3
0.166667 0.177741 0.012283 200 205 1000 971 2 1000 1000 0 3
0.166667 0.164225 0.011839 200 191 1000 1002 2 1000 1000 0 3
0.166667 0.164974 0.011491 200 195 1000 1017 2 1000 1000 0 3
0.166667 0.192902 0.012267 200 232 1000 1002 2 1000 1000 0 3
0.166667 0.161416 0.011872 200 199 1000 1006 2 1000 1000 0 3
0.166667 0.172771 0.011876 200 201 1000 1036 2 1000 1000 0 3
0.166667 0.171412 0.012010 200 201 1000 983 2 1000 1000 0 3
0.166667 0.163927 0.011453 200 182 1000 1034 2 1000 1000 0 3
0.166667 0.206181 0.012613 200 226 1000 946 2 1000 1000 0 3
0.166667 0.195046 0.012288 200 224 1000 991 2 1000 1000 0 3
0.166667 0.170386 0.011904 200 191 1000 1004 2 1000 1000 0 3
0.166667 0.180238 0.012299 200 205 1000 967 2 1000 1000 0 3
0.166667 0.169236 0.011733 200 188 1000 979 2 1000 1000 0 3
0.166667 0.182045 0.011957 200 220 1000 1014 2 1000 1000 0 3
0.166667 0.184167 0.011929 200 229 1000 1028 2 1000 1000 0 3
0.166667 0.155679 0.011611 200 190 1000 1017 2 1000 1000 0 3
0.166667 0.170285 0.011925 200 200 1000 996 2 1000 1000 0 3
0.166667 0.182284 0.012119 200 203 1000 995 2 1000 1000 0 3
0.166667 0.185472 0.012258 200 216 1000 984 2 1000 1000 0 3
0.166667 0.167624 0.012057 200 197 1000 975 2 1000 1000 0 3
0.166667 0.162852 0.011741 200 177 1000 1002 2 1000 1000 0 3
0.166667 0.173268 0.011789 200 210 1000 1032 2 1000 1000 0 3
0.166667 0.167684 0.011770 200 192 1000 1002 2 1000 1000 0 3
0.166667 0.204278 0.012170 200 228 1000 1039 2 1000 1000 0 3
0.166667 0.175015 0.012193 200 214 1000 978 2 1000 1000 0 3
0.166667 0.168155 0.011808 200 199 1000 1027 2 1000 1000 0 3
0.166667 0.171549 0.012196 200 203 1000 999 2 1000 1000 0 3
0.166667 0.181579 0.012201 200 213 1000 961 2 1000 1000 0 3
0.166667 0.187008 0.012508 200 198 1000 963 2 1000 1000 0 3
0.166667 0.156412 0.011943 200 180 1000 969 2 1000 1000 0 3
0.166667 0.169044 0.012273 200 205 1000 947 2 1000 1000 0 3
0.166667 0.158353 0.011479 200 189 1000 1054 2 1000 1000 0 3
0.166667 0.152470 0.011554 200 196 1000 1007 2 1000 1000 0 3
0.166667 0.168062 0.012014 200 192 1000 965 2 1000 1000 0 3
0.166667 0.188512 0.012081 200 223 1000 1030 2 1000 1000 0 3
0.166667 0.167677 0.012066 200 195 1000 983 2 1000 1000 0 3
0.166667 0.171591 0.011975 200 190 1000 979 2 1000 1000 0 3
0.166667 0.174166 0.011723 200 202 1000 988 2 1000 1000 0 3
0.166667 0.189362 0.012126 200 212 1000 1010 2 1000 1000 0 3
0.166667 0.166580 0.012061 200 185 1000 1001 2 1000 1000 0 3
0.166667 0.136201 0.010998 200 161 1000 1021 2 1000 1000 0 3
0.166667 0.177271 0.011719 200 211 1000 1029 2 1000 1000 0 3
0.166667 0.168167 0.011479 200 221 1000 1058 2 1000 1000 0 3
0.166667 0.156679 0.011860 200 178 1000 992 2 1000 1000 0 3
0.166667 0.169222 0.011807 200 194 1000 1008 2 1000 1000 0 3
0.166667 0.175807 0.012220 200 199 1000 967 2 1000 1000 0 3
0.166667 0.154873 0.011323 200 179 1000 1038 2 1000 1000 0 3
0.166667 0.170655 0.011902 200 193 1000 1026 2 1000 1000 0 3
0.166667 0.164347 0.011523 200 197 1000 1040 2 1000 1000 0 3
0.166667 0.176085 0.011644 200 214 1000 1045 2 1000 1000 0 3
0.166667 0.149828 0.011524 200 185 1000 1011 2 1000 1000 0 3
0.166667 0.164614 0.011754 200 198 1000 1006 2 1000 1000 0 3
0.166667 0.171575 0.011916 200 190 1000 984 2 1000 1000 0 3
0.166667 0.159598 0.011642 200 187 1000 1007 2 1000 1000 0 3
0.166667 0.153588 0.011297 200 186 1000 1026 2 1000 1000 0 3
0.166667 0.171954 0.011756 200 182 1000 1001 2 1000 1000 0 3
0.166667 0.182387 0.012070 200 211 1000 1007 2 1000 1000 0 3
0.166667 0.160056 0.011488 200 198 1000 1027 2 1000 1000 0 3
0.166667 0.183201 0.011969 200 218 1000 1027 2 1000 1000 0 3
0.166667 0.158142 0.011653 200 185 1000 1008 2 1000 1000 0 3
0.166667 0.169498 0.011751 200 180 1000 986 2 1000 1000 0 3
0.166667 0.179021 0.012270 200 205 1000 973 2 1000 1000 0 3
0.166667 0.151537 0.011485 200 180 1000 1019 2 1000 1000 0 3
0.166667 0.171233 0.011757 200 211 1000 1024 2 1000 1000 0 3
0.166667 0.171988 0.012050 200 223 1000 1045 2 1000 1000 0 3
0.166667 0.168505 0.012005 200 193 1000 976 2 1000 1000 0 3
0.166667 0.166756 0.011728 200 209 1000 1047 2 1000 1000 0 3
0.166667 0.170761 0.012072 200 195 1000 991 2 1000 1000 0 3
0.166667 0.166839 0.012245 200 190 1000 955 2 1000 1000 0 3
0.166667 0.193287 0.012413 200 232 1000 995 2 1000 1000 0 3
0.166667 0.167930 0.011908 200 197 1000 1008 2 1000 1000 0 3
0.166667 0.176692 0.011738 200 204 1000 1015 2 1000 1000 0 3
0.166667 0.182368 0.011992 200 210 1000 1015 2 1000 1000 0 3
0.166667 0.173312 0.012183 200 185 1000 978 2 1000 1000 0 3
0.166667 0.187766 0.011943 200 224 1000 1019 2 1000 1000 0 3
0.166667 0.197159 0.013096 200 212 1000 882 2 1000 1000 0 3
0.166667 0.173264 0.012493 200 187 1000 930 2 1000 1000 0 3
0.166667 0.150014 0.011305 200 172 1000 1009 2 1000 1000 0 3
0.166667 0.139028 0.011347 200 168 1000 1027 2 1000 1000 0 3
0.166667 0.159767 0.011612 200 190 1000 1003 2 1000 1000 0 3
0.166667 0.160368 0.011702 200 195 1000 1000 2 1000 1000 0 3
0.166667 0.143633 0.011282 200 173 1000 1028 2 1000 1000 0 3
0.166667 0.168925 0.011888 200 187 1000 976 2 1000 1000 0 3
0.166667 0.187546 0.012378 200 222 1000 968 2 1000 1000 0 3
0.166667 0.148811 0.011297 200 195 1000 1050 2 1000 1000 0 3
0.166667 0.179153 0.011709 200 230 1000 1075 2 1000 1000 0 3
0.166667 0.164182 0.011686 200 191 1000 985 2 1000 1000 0 3
0.166667 0.167152 0.011875 200 201 1000 999 2 1000 1000 0 3
0.166667 0.176814 0.011893 200 209 1000 1030 2 1000 1000 0 3
0.166667 0.180143 0.012337 200 208 1000 931 2 1000 1000 0 3
0.166667 0.149960 0.011341 200 185 1000 1022 2 1000 1000 0 3
0.166667 0.193882 0.012332 200 240 1000 1031 2 1000 1000 0 3
0.166667 0.178934 0.011878 200 222 1000 1020 2 1000 1000 0 3
0.166667 0.158803 0.011861 200 196 1000 993 2 1000 1000 0 3
0.166667 0.163352 0.011785 200 200 1000 1045 2 1000 1000 0 3
0.166667 0.170039 0.011869 200 196 1000 985 2 1000 1000 0 3
0.166667 0.169455 0.011695 200 199 1000 1021 2 1000 1000 0 3
0.166667 0.180392 0.011943 200 224 1000 1037 2 1000 1000 0 3
0.166667 0.158538 0.011667 200 194 1000 1024 2 1000 1000 0 3
0.166667 0.149717 0.011245 200 176 1000 1012 2 1000 1000 0 3
0.166667 0.167562 0.012351 200 178 1000 929 2 1000 1000 0 3
0.166667 0.152178 0.011206 200 177 1000 1012 2 1000 1000 0 3
0.166667 0.148394 0.011506 200 171 1000 1001 2 1000 1000 0 3
0.166667 0.176286 0.012502 200 194 1000 941 2 1000 1000 0 3
0.166667 0.169734 0.011844 200 202 1000 1025 2 1000 1000 0 3
0.166667 0.176427 0.012076 200 209 1000 1020 2 1000 1000 0 3
0.166667 0.168850 0.012209 200 197 1000 973 2 1000 1000 0 3
0.166667 0.188391 0.012560 200 220 1000 956 2 1000 1000 0 3
0.166667 0.202115 0.012289 200 224 1000 995 2 1000 1000 0 3
0.166667 0.175446 0.011938 200 202 1000 1023 2 1000 1000 0 3
0.166667 0.182162 0.012037 200 214 1000 1006 2 1000 1000 0 3
0.166667 0.165373 0.011725 200 195 1000 1002 2 1000 1000 0 3
0.166667 0.187684 0.012285 200 215 1000 983 2 1000 1000 0 3
0.166667 0.190796 0.012248 200 220 1000 978 2 1000 1000 0 3
0.166667 0.175440 0.011892 200 222 1000 1017 2 1000 1000 0 3
0.166667 0.163187 0.011868 200 191 1000 986 2 1000 1000 0 3
0.166667 0.160360 0.011862 200 190 1000 988 2 1000 1000 0 3
0.166667 0.147472 0.011454 200 183 1000 1036 2 1000 1000 0 3
0.166667 0.187874 0.012578 200 221 1000 971 2 1000 1000 0 3
0.166667 0.173108 0.012301 200 197 1000 977 2 1000 1000 0 3
0.166667 0.160115 0.012433 200 189 1000 947 2 1000 1000 0 3
0.166667 0.167774 0.012025 200 203 1000 993 2 1000 1000 0 3
0.166667 0.157787 0.011426 200 208 1000 1045 2 1000 1000 0 3
0.166667 0.186801 0.012296 200 216 1000 977 2 1000 1000 0 3
0.166667 0.167994 0.011913 200 205 1000 1005 2 1000 1000 0 3
0.166667 0.182142 0.012155 200 204 1000 974 2 1000 1000 0 3
0.166667 0.167440 0.012028 200 192 1000 950 2 1000 1000 0 3
0.166667 0.176366 0.011994 200 206 1000 1021 2 1000 1000 0 3
0.166667 0.165456 0.011775 200 175 1000 1004 2 1000 1000 0 3
0.166667 0.165170 0.011583 200 204 1000 1040 2 1000 1000 0 3
0.166667 0.160889 0.011774 200 185 1000 983 2 1000 1000 0 3
0.166667 0.173759 0.012017 200 200 1000 974 2 1000 1000 0 3
0.166667 0.166555 0.011826 200 181 1000 982 2 1000 1000 0 3
0.166667 0.185707 0.012274 200 219 1000 984 2 1000 1000 0 3
0.166667 0.159199 0.011884 200 189 1000 971 2 1000 1000 0 3
0.166667 0.172223 0.012104 200 218 1000 1011 2 1000 1000 0 3
0.166667 0.150701 0.011614 200 183 1000 977 2 1000 1000 0 3
0.166667 0.166035 0.011726 200 194 1000 1021 2 1000 1000 0 3
0.166667 0.186049 0.012103 200 209 1000 1014 2 1000 1000 0 3
0.166667 0.191405 0.012319 200 231 1000 982 2 1000 1000 0 3
0.166667 0.166202 0.011939 200 192 1000 984 2 1000 1000 0 3
0.166667 0.176411 0.012188 200 205 1000 988 2 1000 1000 0 3
0.166667 0.163634 0.011822 200 195 1000 971 2 1000 1000 0 3
0.166667 0.181424 0.011810 200 224 1000 1029 2 1000 1000 0 3
0.166667 0.161763 0.011419 200 199 1000 1040 2 1000 1000 0 3
0.166667 0.149270 0.011153 200 181 1000 1037 2 1000 1000 0 3
0.166667 0.175110 0.011665 200 194 1000 1072 2 1000 1000 0 3
0.166667 0.187635 0.012149 200 200 1000 987 2 1000 1000 0 3
0.166667 0.164621 0.011986 200 185 1000 962 2 1000 1000 0 3
0.166667 0.133786 0.011017 200 157 1000 1036 2 1000 1000 0 3
0.166667 0.159321 0.011918 200 195 1000 1013 2 1000 1000 0 3
0.166667 0.187898 0.012649 200 211 1000 959 2 1000 1000 0 3
0.166667 0.134683 0.011565 200 167 1000 977 2 1000 1000 0 3
0.166667 0.156686 0.011521 200 216 1000 1054 2 1000 1000 0 3
0.166667 0.169322 0.011932 200 204 1000 1008 2 1000 1000 0 3
0.166667 0.169222 0.012156 200 217 1000 1015 2 1000 1000 0 3
0.166667 0.158229 0.011501 200 186 1000 1027 2 1000 1000 0 3
0.166667 0.199258 0.012515 200 232 1000 985 2 1000 1000 0 3
0.166667 0.164784 0.011864 200 209 1000 992 2 1000 1000 0 3
0.166667 0.173018 0.011788 200 199 1000 1023 2 1000 1000 0 3
0.166667 0.141851 0.010946 200 181 1000 1071 2 1000 1000 0 3
0.166667 0.197402 0.012747 200 233 1000 941 2 1000 1000 0 3
0.166667 0.167296 0.011849 200 206 1000 999 2 1000 1000 0 3
0.166667 0.157390 0.011615 200 185 1000 1001 2 1000 1000 0 3
0.166667 0.165152 0.011696 200 200 1000 1000 2 1000 1000 0 3
0.166667 0.165172 0.011927 200 194 1000 993 2 1000 1000 0 3
0.166667 0.173875 0.011824 200 201 1000 1038 2 1000 1000 0 3
0.166667 0.175481 0.011821 200 209 1000 1022 2 1000 1000 0 3
0.166667 0.170701 0.011836 200 199 1000 1004 2 1000 1000 0 3
0.166667 0.201027 0.012484 200 210 1000 965 2 1000 1000 0 3
0.166667 0.188016 0.011895 200 230 1000 1026 2 1000 1000 0 3
0.166667 0.181475 0.012495 200 217 1000 988 2 1000 1000 0 3
0.166667 0.165504 0.012052 200 208 1000 1021 2 1000 1000 0 3
0.166667 0.162691 0.011688 200 198 1000 1031 2 1000 1000 0 3
0.166667 0.148630 0.011686 200 173 1000 987 2 1000 1000 0 3
0.166667 0.186050 0.012405 200 210 1000 953 2 1000 1000 0 3
0.166667 0.174295 0.011903 200 194 1000 984 2 1000 1000 0 3
0.166667 0.160912 0.011708 200 196 1000 983 2 1000 1000 0 3
0.166667 0.175463 0.011897 200 197 1000 995 2 1000 1000 0 3
0.166667 0.145740 0.011135 200 170 1000 1018 2 1000 1000 0 3
0.166667 0.177607 0.011898 200 207 1000 993 2 1000 1000 0 3
0.166667 0.150489 0.011123 200 180 1000 1053 2 1000 1000 0 3
0.166667 0.152150 0.011428 200 190 1000 1046 2 1000 1000 0 3
0.166667 0.182184 0.012189 200 210 1000 987 2 1000 1000 0 3
0.166667 0.153664 0.011330 200 183 1000 1025 2 1000 1000 0 3
0.166667 0.170495 0.011796 200 216 1000 1030 2 1000 1000 0 3
0.166667 0.195238 0.012272 200 240 1000 999 2 1000 1000 0 3
0.166667 0.163406 0.011858 200 205 1000 982 2 1000 1000 0 3
0.166667 0.173731 0.011796 200 201 1000 1019 2 1000 1000 0 3
0.166667 0.161972 0.011790 200 203 1000 1015 2 1000 1000 0 3
0.166667 0.172441 0.011892 200 200 1000 994 2 1000 1000 0 3
0.166667 0.172414 0.012108 200 200 1000 1000 2 1000 1000 0 3
0.166667 0.179692 0.012098 200 218 1000 1028 2 1000 1000 0 3
0.166667 0.143706 0.010966 200 173 1000 1079 2 1000 1000 0 3
0.166667 0.164552 0.011477 200 192 1000 1005 2 1000 1000 0 3
0.166667 0.163912 0.012253 200 192 1000 945 2 1000 1000 0 3
0.166667 0.196970 0.012264 200 226 1000 965 2 1000 1000 0 3
0.166667 0.172904 0.012306 200 195 1000 987 2 1000 1000 0 3
0.166667 0.161284 0.012348 200 179 1000 932 2 1000 1000 0 3
0.166667 0.180925 0.011917 200 206 1000 1002 2 1000 1000 0 3
0.166667 0.180172 0.012211 200 214 1000 971 2 1000 1000 0 3
0.166667 0.176694 0.012494 200 198 1000 963 2 1000 1000 0 3
0.166667 0.154512 0.011893 200 189 1000 1009 2 1000 1000 0 3
0.166667 0.170244 0.011982 200 200 1000 1000 2 1000 1000 0 3
0.166667 0.160050 0.011782 200 176 1000 993 2 1000 1000 0 3
0.166667 0.167653 0.011983 200 181 1000 997 2 1000 1000 0 3
0.166667 0.160276 0.011353 200 211 1000 1082 2 1000 1000 0 3
0.166667 0.176976 0.011977 200 206 1000 994 2 1000 1000 0 3
0.166667 0.179012 0.012144 200 208 1000 972 2 1000 1000 0 3
0.166667 0.182432 0.012702 200 199 1000 930 2 1000 1000 0 3
0.166667 0.170237 0.012113 200 196 1000 981 2 1000 1000 0 3
0.166667 0.183434 0.012328 200 234 1000 1017 2 1000 1000 0 3
0.166667 0.164618 0.011791 200 196 1000 992 2 1000 1000 0 3
0.166667 0.166803 0.011848 200 204 1000 1012 2 1000 1000 0 3
0.166667 0.183568 0.012280 200 211 1000 988 2 1000 1000 0 3
0.166667 0.175455 0.012479 200 192 1000 926 2 1000 1000 0 3
0.166667 0.184456 0.012235 200 206 1000 977 2 1000 1000 0 3
0.166667 0.160888 0.011396 200 205 1000 1065 2 1000 1000 0 3
0.166667 0.160272 0.011846 200 200 1000 1005 2 1000 1000 0 3
0.166667 0.169829 0.012218 200 200 1000 983 2 1000 1000 0 3
0.166667 0.170519 0.011655 200 195 1000 1023 2 1000 1000 0 3
0.166667 0.160121 0.012224 200 206 1000 990 2 1000 1000 0 3
0.166667 0.156306 0.011613 200 194 1000 1014 2 1000 1000 0 3
0.166667 0.181712 0.012145 200 209 1000 1001 2 1000 1000 0 3
0.166667 0.188093 0.012222 200 217 1000 985 2 1000 1000 0 3
0.166667 0.161692 0.011340 200 185 1000 1045 2 1000 1000 0 3
0.166667 0.192908 0.012372 200 221 1000 982 2 1000 1000 0 3
0.166667 0.164660 0.011818 200 206 1000 1024 2 1000 1000 0 3
0.166667 0.161862 0.012374 200 189 1000 957 2 1000 1000 0 3
0.166667 0.175921 0.012158 200 212 1000 999 2 1000 1000 0 3
0.166667 0.179278 0.012305 200 193 1000 941 2 1000 1000 0 3
0.166667 0.184053 0.012175 200 220 1000 1013 2 1000 1000 0 3
0.166667 0.183121 0.012048 200 211 1000 1022 2 1000 1000 0 3
0.166667 0.158545 0.011940 200 175 1000 961 2 1000 1000 0 3
0.166667 0.172289 0.012511 200 204 1000 968 2 1000 1000 0 3
0.166667 0.173102 0.012215 200 201 1000 965 2 1000 1000 0 3
0.166667 0.176053 0.012048 200 197 1000 972 2 1000 1000 0 3
0.166667 0.181935 0.012345 200 212 1000 969 2 1000 1000 0 3
0.166667 0.154794 0.011434 200 184 1000 1064 2 1000 1000 0 3
0.166667 0.176519 0.012077 200 203 1000 1018 2 1000 1000 0 3
0.166667 0.152034 0.011415 200 195 1000 1072 2 1000 1000 0 3
0.166667 0.164607 0.011952 200 200 1000 999 2 1000 1000 0 3
0.166667 0.175172 0.012027 200 209 1000 1005 2 1000 1000 0 3
0.166667 0.175980 0.012012 200 199 1000 995 2 1000 1000 0 3
0.166667 0.167596 0.011592 200 210 1000 1051 2 1000 1000 0 3
0.166667 0.182546 0.012414 200 204 1000 968 2 1000 1000 0 3
0.166667 0.180792 0.012490 200 196 1000 946 2 1000 1000 0 3
0.166667 0.138917 0.011789 200 154 1000 944 2 1000 1000 0 3
0.166667 0.161042 0.011994 200 190 1000 972 2 1000 1000 0 3
0.166667 0.163273 0.011720 200 184 1000 970 2 1000 1000 0 3
0.166667 0.168376 0.011646 200 205 1000 1039 2 1000 1000 0 3
0.166667 0.168004 0.011878 200 201 1000 1019 2 1000 1000 0 3
0.166667 0.170080 0.011718 200 214 1000 1027 2 1000 1000 0 3
0.166667 0.159621 0.011404 200 204 1000 1073 2 1000 1000 0 3
0.166667 0.185117 0.012052 200 207 1000 1012 2 1000 1000 0 3
0.166667 0.187177 0.012266 200 212 1000 976 2 1000 1000 0 3
0.166667 0.171165 0.011783 200 214 1000 1029 2 1000 1000 0 3
0.166667 0.169216 0.012113 200 199 1000 981 2 1000 1000 0 3
0.166667 0.175857 0.012072 200 206 1000 1004 2 1000 1000 0 3
0.166667 0.192720 0.012649 200 227 1000 963 2 1000 1000 0 3
0.166667 0.167580 0.011602 200 188 1000 1046 2 1000 1000 0 3
0.166667 0.207269 0.012715 200 223 1000 963 2 1000 1000 0 3
0.166667 0.174139 0.011836 200 214 1000 1041 2 1000 1000 0 3
0.166667 0.167543 0.012092 200 178 1000 919 2 1000 1000 0 3
0.166667 0.156839 0.011547 200 185 1000 997 2 1000 1000 0 3
0.166667 0.157255 0.011767 200 188 1000 1009 2 1000 1000 0 3
0.166667 0.174348 0.012286 200 195 1000 972 2 1000 1000 0 3
0.166667 0.190350 0.012320 200 225 1000 997 2 1000 1000 0 3
0.166667 0.158757 0.011395 200 203 1000 1044 2 1000 1000 0 3
0.166667 0.153001 0.012043 200 182 1000 942 2 1000 1000 0 3
0.166667 0.193387 0.012395 200 217 1000 978 2 1000 1000 0 3
0.166667 0.188646 0.012323 200 227 1000 1002 2 1000 1000 0 3
0.166667 0.176117 0.012052 200 204 1000 985 2 1000 1000 0 3
0.166667 0.163832 0.011823 200 187 1000 969 2 1000 1000 0 3
