0.166667 0.169464 0.011530 200 1000 2000 2000 10 5
0.166667 0.172026 0.011882 200 1000 2000 2000 10 5
0.166667 0.175622 0.011756 200 1000 2000 2000 10 5
0.166667 0.165305 0.012128 200 1000 2000 2000 10 5
0.166667 0.143641 0.011182 200 1000 2000 2000 10 5
0.166667 0.183051 0.012518 200 1000 2000 2000 10 5
0.166667 0.183001 0.012162 200 1000 2000 2000 10 5
0.166667 0.180074 0.012165 200 1000 2000 2000 10 5
0.166667 0.163137 0.012023 200 1000 2000 2000 10 5
0.166667 0.164532 0.012131 200 1000 2000 2000 10 5
