0.166667 0.202322 0.045807 20 25 100 98 1 1000 1000 1000 5
0.166667 0.134386 0.043571 20 19 100 101 1 1000 1000 1000 5
0.166667 0.158209 0.045981 20 17 100 93 1 1000 1000 1000 5
0.166667 0.177986 0.044086 20 24 100 113 1 1000 1000 1000 5
0.166667 0.206713 0.045379 20 29 100 104 1 1000 1000 1000 5
0.166667 0.143328 0.045164 20 19 100 98 1 1000 1000 1000 5
0.166667 0.120966 0.039471 20 16 100 106 1 1000 1000 1000 5
0.166667 0.213309 0.046358 20 29 100 99 1 1000 1000 1000 5
0.166667 0.256425 0.048771 20 26 100 110 1 1000 1000 1000 5
0.166667 0.112055 0.040613 20 23 100 104 1 1000 1000 1000 5
0.166667 0.156094 0.046470 20 20 100 88 1 1000 1000 1000 5
0.166667 nan nan 20 16 100 81 1 1000 1000 1000 5
0.166667 0.171336 0.046285 20 17 100 101 1 1000 1000 1000 5
0.166667 0.097791 0.042440 20 15 100 96 1 1000 1000 1000 5
0.166667 0.134164 0.045332 20 13 100 91 1 1000 1000 1000 5
0.166667 0.203270 0.046295 20 24 100 102 1 1000 1000 1000 5
0.166667 nan nan 20 24 100 109 1 1000 1000 1000 5
0.166667 nan nan 20 21 100 107 1 1000 1000 1000 5
0.166667 nan nan 20 26 100 92 1 1000 1000 1000 5
0.166667 0.188964 0.046600 20 19 100 109 1 1000 1000 1000 5
0.166667 0.187749 0.047721 20 24 100 94 1 1000 1000 1000 5
0.166667 nan nan 20 22 100 115 1 1000 1000 1000 5
0.166667 nan nan 20 28 100 116 1 1000 1000 1000 5
0.166667 0.161103 0.046370 20 24 100 92 1 1000 1000 1000 5
0.166667 nan nan 20 15 100 103 1 1000 1000 1000 5
0.166667 0.115102 0.039940 20 13 100 105 1 1000 1000 1000 5
0.166667 0.122546 0.039065 20 14 100 110 1 1000 1000 1000 5
0.166667 0.127264 0.044836 20 18 100 93 1 1000 1000 1000 5
0.166667 nan nan 20 17 100 102 1 1000 1000 1000 5
0.166667 nan nan 20 18 100 98 1 1000 1000 1000 5
0.166667 0.133175 0.042731 20 15 100 106 1 1000 1000 1000 5
0.166667 nan nan 20 20 100 107 1 1000 1000 1000 5
0.166667 0.189360 0.050682 20 27 100 87 1 1000 1000 1000 5
0.166667 0.205765 0.049150 20 21 100 87 1 1000 1000 1000 5
0.166667 nan nan 20 21 100 117 1 1000 1000 1000 5
0.166667 0.108437 0.039539 20 11 100 113 1 1000 1000 1000 5
0.166667 0.202281 0.047282 20 13 100 104 1 1000 1000 1000 5
0.166667 nan nan 20 19 100 93 1 1000 1000 1000 5
0.166667 nan nan 20 15 100 84 1 1000 1000 1000 5
0.166667 nan nan 20 24 100 98 1 1000 1000 1000 5
0.166667 0.178822 0.051567 20 19 100 78 1 1000 1000 1000 5
0.166667 0.142167 0.040229 20 19 100 108 1 1000 1000 1000 5
0.166667 0.155970 0.043378 20 17 100 103 1 1000 1000 1000 5
0.166667 0.183182 0.042900 20 20 100 110 1 1000 1000 1000 5
0.166667 0.235944 0.047955 20 30 100 103 1 1000 1000 1000 5
0.166667 0.171642 0.047116 20 17 100 95 1 1000 1000 1000 5
0.166667 0.236918 0.045722 20 30 100 105 1 1000 1000 1000 5
0.166667 0.123828 0.039399 20 16 100 104 1 1000 1000 1000 5
0.166667 0.117201 0.040051 20 16 100 100 1 1000 1000 1000 5
0.166667 nan nan 20 18 100 84 1 1000 1000 1000 5
0.166667 0.120751 0.043162 20 18 100 100 1 1000 1000 1000 5
0.166667 0.199485 0.045042 20 27 100 103 1 1000 1000 1000 5
0.166667 0.178660 0.042006 20 21 100 126 1 1000 1000 1000 5
0.166667 0.263295 0.055446 20 25 100 85 1 1000 1000 1000 5
0.166667 0.120918 0.041231 20 15 100 94 1 1000 1000 1000 5
0.166667 0.107800 0.041412 20 19 100 116 1 1000 1000 1000 5
0.166667 0.131458 0.042832 20 14 100 104 1 1000 1000 1000 5
0.166667 0.183696 0.043384 20 27 100 119 1 1000 1000 1000 5
0.166667 0.213340 0.042714 20 28 100 114 1 1000 1000 1000 5
0.166667 0.190939 0.047071 20 20 100 101 1 1000 1000 1000 5
0.166667 nan nan 20 28 100 103 1 1000 1000 1000 5
0.166667 nan nan 20 28 100 83 1 1000 1000 1000 5
0.166667 0.165094 0.045079 20 23 100 94 1 1000 1000 1000 5
0.166667 0.145852 0.044182 20 15 100 96 1 1000 1000 1000 5
0.166667 0.184917 0.046384 20 18 100 103 1 1000 1000 1000 5
0.166667 0.209587 0.046677 20 26 100 90 1 1000 1000 1000 5
0.166667 nan nan 20 14 100 110 1 1000 1000 1000 5
0.166667 nan nan 20 28 100 109 1 1000 1000 1000 5
0.166667 nan nan 20 21 100 99 1 1000 1000 1000 5
0.166667 0.095895 0.044025 20 12 100 96 1 1000 1000 1000 5
0.166667 0.233065 0.048460 20 24 100 93 1 1000 1000 1000 5
0.166667 0.132122 0.041290 20 16 100 105 1 1000 1000 1000 5
0.166667 nan nan 20 23 100 106 1 1000 1000 1000 5
0.166667 0.162165 0.043733 20 24 100 106 1 1000 1000 1000 5
0.166667 0.094359 0.042614 20 12 100 92 1 1000 1000 1000 5
0.166667 0.173079 0.047593 20 23 100 91 1 1000 1000 1000 5
0.166667 0.197229 0.054497 20 17 100 77 1 1000 1000 1000 5
0.166667 0.094698 0.039098 20 16 100 106 1 1000 1000 1000 5
0.166667 0.119672 0.043157 20 18 100 97 1 1000 1000 1000 5
0.166667 nan nan 20 19 100 99 1 1000 1000 1000 5
0.166667 nan nan 20 28 100 114 1 1000 1000 1000 5
0.166667 0.264485 0.052296 20 19 100 89 1 1000 1000 1000 5
0.166667 0.162967 0.045226 20 18 100 89 1 1000 1000 1000 5
0.166667 0.178181 0.042563 20 24 100 106 1 1000 1000 1000 5
0.166667 0.205097 0.045115 20 28 100 101 1 1000 1000 1000 5
0.166667 0.193822 0.048133 20 19 100 98 1 1000 1000 1000 5
0.166667 0.102927 0.037809 20 17 100 105 1 1000 1000 1000 5
0.166667 0.136802 0.044051 20 12 100 92 1 1000 1000 1000 5
0.166667 0.138973 0.044308 20 18 100 95 1 1000 1000 1000 5
0.166667 nan nan 20 15 100 90 1 1000 1000 1000 5
0.166667 0.213348 0.045139 20 27 100 110 1 1000 1000 1000 5
0.166667 0.171552 0.041916 20 29 100 111 1 1000 1000 1000 5
0.166667 0.149614 0.041393 20 15 100 117 1 1000 1000 1000 5
0.166667 0.226330 0.047179 20 25 100 95 1 1000 1000 1000 5
0.166667 0.179360 0.046115 20 16 100 93 1 1000 1000 1000 5
0.166667 0.068018 0.034434 20 20 100 114 1 1000 1000 1000 5
0.166667 0.194664 0.042327 20 23 100 112 1 1000 1000 1000 5
0.166667 0.191927 0.049034 20 21 100 77 1 1000 1000 1000 5
0.166667 nan nan 20 24 100 95 1 1000 1000 1000 5
0.166667 nan nan 20 24 100 89 1 1000 1000 1000 5
0.166667 0.178144 0.044905 20 20 100 96 1 1000 1000 1000 5
0.166667 0.142309 0.042245 20 15 100 98 1 1000 1000 1000 5
0.166667 0.136875 0.043539 20 16 100 100 1 1000 1000 1000 5
0.166667 0.132322 0.040671 20 12 100 112 1 1000 1000 1000 5
0.166667 0.112218 0.040631 20 14 100 105 1 1000 1000 1000 5
0.166667 nan nan 20 22 100 92 1 1000 1000 1000 5
0.166667 0.154988 0.043113 20 21 100 93 1 1000 1000 1000 5
0.166667 0.215732 0.048193 20 25 100 96 1 1000 1000 1000 5
0.166667 0.287399 0.053237 20 27 100 99 1 1000 1000 1000 5
0.166667 nan nan 20 22 100 92 1 1000 1000 1000 5
0.166667 0.122407 0.044027 20 18 100 101 1 1000 1000 1000 5
0.166667 0.144557 0.045412 20 15 100 100 1 1000 1000 1000 5
0.166667 0.207809 0.044121 20 22 100 113 1 1000 1000 1000 5
0.166667 0.090697 0.037974 20 11 100 105 1 1000 1000 1000 5
0.166667 0.128202 0.042201 20 18 100 108 1 1000 1000 1000 5
0.166667 0.160684 0.041986 20 21 100 104 1 1000 1000 1000 5
0.166667 0.157275 0.042276 20 19 100 105 1 1000 1000 1000 5
0.166667 0.132324 0.041822 20 20 100 107 1 1000 1000 1000 5
0.166667 0.113272 0.037693 20 24 100 114 1 1000 1000 1000 5
0.166667 nan nan 20 21 100 108 1 1000 1000 1000 5
0.166667 0.117847 0.039030 20 16 100 110 1 1000 1000 1000 5
0.166667 0.066599 0.034720 20 14 100 109 1 1000 1000 1000 5
0.166667 0.114064 0.039612 20 15 100 94 1 1000 1000 1000 5
0.166667 0.239572 0.048644 20 31 100 93 1 1000 1000 1000 5
0.166667 0.158249 0.042883 20 22 100 104 1 1000 1000 1000 5
0.166667 0.193267 0.046929 20 21 100 104 1 1000 1000 1000 5
0.166667 0.163845 0.048201 20 19 100 98 1 1000 1000 1000 5
0.166667 0.174055 0.044447 20 20 100 103 1 1000 1000 1000 5
0.166667 nan nan 20 25 100 106 1 1000 1000 1000 5
0.166667 0.241709 0.047529 20 24 100 99 1 1000 1000 1000 5
0.166667 0.175608 0.049379 20 16 100 91 1 1000 1000 1000 5
0.166667 nan nan 20 22 100 92 1 1000 1000 1000 5
0.166667 0.222296 0.048144 20 26 100 98 1 1000 1000 1000 5
0.166667 0.208863 0.048346 20 24 100 91 1 1000 1000 1000 5
0.166667 0.176532 0.045135 20 26 100 103 1 1000 1000 1000 5
0.166667 nan nan 20 19 100 94 1 1000 1000 1000 5
0.166667 nan nan 20 32 100 93 1 1000 1000 1000 5
0.166667 0.150417 0.046264 20 18 100 96 1 1000 1000 1000 5
0.166667 0.104444 0.043250 20 18 100 95 1 1000 1000 1000 5
0.166667 0.121739 0.045343 20 16 100 92 1 1000 1000 1000 5
0.166667 0.264888 0.051944 20 33 100 85 1 1000 1000 1000 5
0.166667 0.159125 0.042703 20 19 100 107 1 1000 1000 1000 5
0.166667 0.171850 0.043921 20 19 100 100 1 1000 1000 1000 5
0.166667 0.145751 0.051827 20 13 100 77 1 1000 1000 1000 5
0.166667 nan nan 20 18 100 100 1 1000 1000 1000 5
0.166667 0.195237 0.048279 20 20 100 95 1 1000 1000 1000 5
0.166667 0.146133 0.041782 20 18 100 100 1 1000 1000 1000 5
0.166667 0.167377 0.044713 20 21 100 102 1 1000 1000 1000 5
0.166667 0.217528 0.044901 20 25 100 105 1 1000 1000 1000 5
0.166667 0.191359 0.042589 20 26 100 113 1 1000 1000 1000 5
0.166667 0.190455 0.047305 20 24 100 100 1 1000 1000 1000 5
0.166667 0.176463 0.046880 20 17 100 96 1 1000 1000 1000 5
0.166667 0.212103 0.047494 20 20 100 106 1 1000 1000 1000 5
0.166667 0.105744 0.039678 20 17 100 103 1 1000 1000 1000 5
0.166667 nan nan 20 22 100 104 1 1000 1000 1000 5
0.166667 0.122627 0.040398 20 18 100 105 1 1000 1000 1000 5
0.166667 nan nan 20 25 100 98 1 1000 1000 1000 5
0.166667 0.202849 0.047457 20 21 100 102 1 1000 1000 1000 5
0.166667 0.239581 0.052292 20 32 100 81 1 1000 1000 1000 5
0.166667 0.144651 0.044600 20 20 100 97 1 1000 1000 1000 5
0.166667 nan nan 20 22 100 93 1 1000 1000 1000 5
0.166667 0.126462 0.042122 20 13 100 103 1 1000 1000 1000 5
0.166667 0.154843 0.042023 20 19 100 105 1 1000 1000 1000 5
0.166667 nan nan 20 31 100 104 1 1000 1000 1000 5
0.166667 0.213398 0.053983 20 19 100 85 1 1000 1000 1000 5
0.166667 0.181553 0.045235 20 20 100 103 1 1000 1000 1000 5
0.166667 0.156196 0.043187 20 17 100 108 1 1000 1000 1000 5
0.166667 0.260820 0.056681 20 25 100 76 1 1000 1000 1000 5
0.166667 0.108546 0.038630 20 14 100 119 1 1000 1000 1000 5
0.166667 0.137380 0.043822 20 13 100 93 1 1000 1000 1000 5
0.166667 0.120489 0.039097 20 14 100 112 1 1000 1000 1000 5
0.166667 0.230860 0.051099 20 24 100 91 1 1000 1000 1000 5
0.166667 0.163780 0.044481 20 19 100 108 1 1000 1000 1000 5
0.166667 0.086237 0.045115 20 14 100 84 1 1000 1000 1000 5
0.166667 nan nan 20 15 100 83 1 1000 1000 1000 5
0.166667 0.179819 0.045886 20 15 100 95 1 1000 1000 1000 5
0.166667 0.181587 0.045171 20 21 100 105 1 1000 1000 1000 5
0.166667 nan nan 20 13 100 110 1 1000 1000 1000 5
0.166667 0.213164 0.045643 20 24 100 102 1 1000 1000 1000 5
0.166667 0.123607 0.042119 20 14 100 106 1 1000 1000 1000 5
0.166667 0.153160 0.043499 20 21 100 101 1 1000 1000 1000 5
0.166667 0.128671 0.043472 20 19 100 96 1 1000 1000 1000 5
0.166667 0.165823 0.045901 20 20 100 93 1 1000 1000 1000 5
0.166667 0.216028 0.049267 20 23 100 92 1 1000 1000 1000 5
0.166667 nan nan 20 21 100 117 1 1000 1000 1000 5
0.166667 0.110493 0.039174 20 16 100 115 1 1000 1000 1000 5
0.166667 0.161939 0.047754 20 20 100 97 1 1000 1000 1000 5
0.166667 0.126627 0.043865 20 15 100 89 1 1000 1000 1000 5
0.166667 0.216904 0.052259 20 21 100 78 1 1000 1000 1000 5
0.166667 0.186998 0.044166 20 29 100 117 1 1000 1000 1000 5
0.166667 0.113401 0.040026 20 20 100 99 1 1000 1000 1000 5
0.166667 0.200240 0.050870 20 24 100 84 1 1000 1000 1000 5
0.166667 nan nan 20 26 100 99 1 1000 1000 1000 5
0.166667 0.136624 0.041352 20 15 100 116 1 1000 1000 1000 5
0.166667 0.148669 0.044552 20 20 100 91 1 1000 1000 1000 5
0.166667 0.156396 0.042887 20 20 100 105 1 1000 1000 1000 5
0.166667 0.148131 0.044552 20 13 100 98 1 1000 1000 1000 5
0.166667 0.082857 0.040604 20 18 100 91 1 1000 1000 1000 5
0.166667 0.146251 0.044852 20 17 100 101 1 1000 1000 1000 5
0.166667 0.208663 0.046451 20 26 100 99 1 1000 1000 1000 5
0.166667 0.141857 0.045115 20 16 100 105 1 1000 1000 1000 5
0.166667 0.132349 0.040169 20 18 100 113 1 1000 1000 1000 5
0.166667 0.218792 0.048283 20 26 100 91 1 1000 1000 1000 5
0.166667 nan nan 20 18 100 106 1 1000 1000 1000 5
0.166667 0.208873 0.050786 20 28 100 86 1 1000 1000 1000 5
0.166667 0.114160 0.047150 20 17 100 84 1 1000 1000 1000 5
0.166667 0.149171 0.043352 20 26 100 105 1 1000 1000 1000 5
0.166667 0.206694 0.052064 20 17 100 92 1 1000 1000 1000 5
0.166667 0.198148 0.047113 20 26 100 92 1 1000 1000 1000 5
0.166667 0.205125 0.045721 20 20 100 100 1 1000 1000 1000 5
0.166667 0.182383 0.045250 20 19 100 104 1 1000 1000 1000 5
0.166667 0.235884 0.052859 20 25 100 79 1 1000 1000 1000 5
0.166667 0.141457 0.045321 20 15 100 87 1 1000 1000 1000 5
0.166667 0.212667 0.050200 20 20 100 89 1 1000 1000 1000 5
0.166667 0.142080 0.039387 20 23 100 118 1 1000 1000 1000 5
0.166667 0.179364 0.050304 20 20 100 91 1 1000 1000 1000 5
0.166667 0.101382 0.037706 20 19 100 102 1 1000 1000 1000 5
0.166667 0.075080 0.033023 20 18 100 128 1 1000 1000 1000 5
0.166667 0.190875 0.045377 20 17 100 102 1 1000 1000 1000 5
0.166667 nan nan 20 24 100 95 1 1000 1000 1000 5
0.166667 nan nan 20 25 100 92 1 1000 1000 1000 5
0.166667 0.217698 0.049016 20 22 100 96 1 1000 1000 1000 5
0.166667 0.142655 0.042992 20 17 100 105 1 1000 1000 1000 5
0.166667 0.173568 0.043133 20 25 100 108 1 1000 1000 1000 5
0.166667 0.232565 0.048920 20 27 100 90 1 1000 1000 1000 5
0.166667 0.125721 0.040349 20 19 100 100 1 1000 1000 1000 5
0.166667 0.100419 0.037594 20 18 100 108 1 1000 1000 1000 5
0.166667 0.151320 0.043350 20 18 100 108 1 1000 1000 1000 5
0.166667 0.151920 0.043162 20 28 100 95 1 1000 1000 1000 5
0.166667 0.208768 0.049677 20 17 100 94 1 1000 1000 1000 5
0.166667 0.190165 0.047083 20 23 100 100 1 1000 1000 1000 5
0.166667 0.167490 0.044348 20 15 100 108 1 1000 1000 1000 5
0.166667 0.211087 0.050039 20 20 100 93 1 1000 1000 1000 5
0.166667 0.207603 0.046438 20 25 100 102 1 1000 1000 1000 5
0.166667 0.120145 0.039913 20 20 100 106 1 1000 1000 1000 5
0.166667 0.202342 0.047892 20 24 100 93 1 1000 1000 1000 5
0.166667 0.129104 0.040410 20 18 100 112 1 1000 1000 1000 5
0.166667 0.236461 0.048538 20 17 100 104 1 1000 1000 1000 5
0.166667 0.185481 0.051160 20 19 100 80 1 1000 1000 1000 5
0.166667 0.133009 0.044530 20 17 100 96 1 1000 1000 1000 5
0.166667 0.185792 0.046104 20 21 100 99 1 1000 1000 1000 5
0.166667 0.150113 0.042120 20 17 100 101 1 1000 1000 1000 5
0.166667 0.146309 0.043516 20 16 100 107 1 1000 1000 1000 5
0.166667 0.208448 0.045962 20 22 100 101 1 1000 1000 1000 5
0.166667 0.157363 0.047132 20 19 100 88 1 1000 1000 1000 5
0.166667 nan nan 20 27 100 94 1 1000 1000 1000 5
0.166667 0.260721 0.050115 20 26 100 95 1 1000 1000 1000 5
0.166667 0.245552 0.051667 20 21 100 86 1 1000 1000 1000 5
0.166667 0.136305 0.042138 20 11 100 114 1 1000 1000 1000 5
0.166667 nan nan 20 16 100 86 1 1000 1000 1000 5
0.166667 0.231370 0.043756 20 27 100 113 1 1000 1000 1000 5
0.166667 0.197317 0.043757 20 21 100 109 1 1000 1000 1000 5
0.166667 0.196331 0.045991 20 25 100 93 1 1000 1000 1000 5
0.166667 nan nan 20 22 100 94 1 1000 1000 1000 5
0.166667 0.164501 0.045195 20 18 100 95 1 1000 1000 1000 5
0.166667 nan nan 20 14 100 83 1 1000 1000 1000 5
0.166667 0.139561 0.042985 20 16 100 114 1 1000 1000 1000 5
0.166667 0.245606 0.052069 20 18 100 83 1 1000 1000 1000 5
0.166667 0.083968 0.041135 20 12 100 98 1 1000 1000 1000 5
0.166667 0.208353 0.047133 20 21 100 105 1 1000 1000 1000 5
0.166667 0.187377 0.047514 20 24 100 92 1 1000 1000 1000 5
0.166667 0.192972 0.047136 20 26 100 95 1 1000 1000 1000 5
0.166667 0.082289 0.036917 20 15 100 103 1 1000 1000 1000 5
0.166667 0.130648 0.040833 20 16 100 115 1 1000 1000 1000 5
0.166667 0.214407 0.050233 20 22 100 91 1 1000 1000 1000 5
0.166667 0.165646 0.044652 20 18 100 90 1 1000 1000 1000 5
0.166667 0.144141 0.041404 20 16 100 111 1 1000 1000 1000 5
0.166667 0.228371 0.048846 20 23 100 99 1 1000 1000 1000 5
0.166667 0.200171 0.047654 20 23 100 87 1 1000 1000 1000 5
0.166667 0.158202 0.042242 20 20 100 100 1 1000 1000 1000 5
0.166667 0.148357 0.043819 20 22 100 92 1 1000 1000 1000 5
0.166667 0.085182 0.040342 20 12 100 98 1 1000 1000 1000 5
0.166667 0.168397 0.045790 20 16 100 95 1 1000 1000 1000 5
0.166667 0.204969 0.045674 20 21 100 100 1 1000 1000 1000 5
0.166667 0.121195 0.039378 20 18 100 114 1 1000 1000 1000 5
0.166667 0.102419 0.035735 20 13 100 124 1 1000 1000 1000 5
0.166667 0.239924 0.044745 20 25 100 109 1 1000 1000 1000 5
0.166667 0.131331 0.041321 20 19 100 99 1 1000 1000 1000 5
0.166667 0.152272 0.041015 20 17 100 110 1 1000 1000 1000 5
0.166667 0.090389 0.042883 20 15 100 78 1 1000 1000 1000 5
0.166667 0.161619 0.045958 20 22 100 88 1 1000 1000 1000 5
0.166667 0.195339 0.043535 20 38 100 107 1 1000 1000 1000 5
0.166667 0.126466 0.039809 20 16 100 110 1 1000 1000 1000 5
0.166667 0.178099 0.042752 20 29 100 107 1 1000 1000 1000 5
0.166667 0.130609 0.043535 20 14 100 101 1 1000 1000 1000 5
0.166667 0.216281 0.048613 20 20 100 96 1 1000 1000 1000 5
0.166667 0.129920 0.040558 20 16 100 110 1 1000 1000 1000 5
0.166667 0.137210 0.044852 20 19 100 99 1 1000 1000 1000 5
0.166667 nan nan 20 26 100 103 1 1000 1000 1000 5
0.166667 0.186851 0.046058 20 19 100 96 1 1000 1000 1000 5
0.166667 0.174143 0.045427 20 20 100 94 1 1000 1000 1000 5
0.166667 0.143436 0.049066 20 11 100 89 1 1000 1000 1000 5
0.166667 0.188130 0.049261 20 23 100 88 1 1000 1000 1000 5
0.166667 nan nan 20 21 100 103 1 1000 1000 1000 5
0.166667 0.100937 0.041427 20 18 100 109 1 1000 1000 1000 5
0.166667 0.114613 0.039267 20 18 100 113 1 1000 1000 1000 5
0.166667 0.170360 0.042605 20 20 100 118 1 1000 1000 1000 5
0.166667 nan nan 20 14 100 121 1 1000 1000 1000 5
0.166667 0.111167 0.041548 20 20 100 101 1 1000 1000 1000 5
0.166667 0.220893 0.051148 20 24 100 88 1 1000 1000 1000 5
0.166667 0.166720 0.043661 20 18 100 100 1 1000 1000 1000 5
0.166667 nan nan 20 18 100 99 1 1000 1000 1000 5
0.166667 0.151621 0.041675 20 23 100 111 1 1000 1000 1000 5
0.166667 nan nan 20 18 100 107 1 1000 1000 1000 5
0.166667 0.182873 0.043579 20 24 100 94 1 1000 1000 1000 5
0.166667 0.224887 0.045658 20 30 100 102 1 1000 1000 1000 5
0.166667 nan nan 20 18 100 99 1 1000 1000 1000 5
0.166667 0.257462 0.048120 20 30 100 94 1 1000 1000 1000 5
0.166667 0.221054 0.045901 20 25 100 105 1 1000 1000 1000 5
0.166667 0.183973 0.049785 20 20 100 83 1 1000 1000 1000 5
0.166667 nan nan 20 15 100 107 1 1000 1000 1000 5
0.166667 0.215295 0.050254 20 23 100 89 1 1000 1000 1000 5
0.166667 0.208298 0.041931 20 34 100 121 1 1000 1000 1000 5
0.166667 0.085263 0.036461 20 11 100 106 1 1000 1000 1000 5
0.166667 0.153702 0.042103 20 22 100 103 1 1000 1000 1000 5
0.166667 0.160615 0.050238 20 15 100 77 1 1000 1000 1000 5
0.166667 nan nan 20 17 100 102 1 1000 1000 1000 5
0.166667 0.187345 0.050459 20 17 100 98 1 1000 1000 1000 5
0.166667 0.250981 0.050776 20 23 100 92 1 1000 1000 1000 5
0.166667 0.196169 0.046024 20 20 100 100 1 1000 1000 1000 5
0.166667 0.231818 0.046288 20 21 100 108 1 1000 1000 1000 5
0.166667 nan nan 20 19 100 89 1 1000 1000 1000 5
0.166667 0.143031 0.044366 20 18 100 101 1 1000 1000 1000 5
0.166667 0.097773 0.039639 20 12 100 102 1 1000 1000 1000 5
0.166667 0.206970 0.044855 20 23 100 103 1 1000 1000 1000 5
0.166667 0.147139 0.040799 20 20 100 107 1 1000 1000 1000 5
0.166667 0.158741 0.048447 20 19 100 91 1 1000 1000 1000 5
0.166667 0.174376 0.048974 20 16 100 93 1 1000 1000 1000 5
0.166667 0.224763 0.046738 20 28 100 103 1 1000 1000 1000 5
0.166667 0.199451 0.052245 20 19 100 86 1 1000 1000 1000 5
0.166667 0.169614 0.043694 20 19 100 101 1 1000 1000 1000 5
0.166667 nan nan 20 23 100 107 1 1000 1000 1000 5
0.166667 0.180484 0.048347 20 16 100 94 1 1000 1000 1000 5
0.166667 0.105376 0.038754 20 15 100 116 1 1000 1000 1000 5
0.166667 0.220292 0.048765 20 25 100 94 1 1000 1000 1000 5
0.166667 0.123969 0.039232 20 19 100 109 1 1000 1000 1000 5
0.166667 0.169077 0.044850 20 25 100 98 1 1000 1000 1000 5
0.166667 0.122532 0.042790 20 20 100 101 1 1000 1000 1000 5
0.166667 0.194934 0.043367 20 23 100 111 1 1000 1000 1000 5
0.166667 0.165484 0.048709 20 17 100 86 1 1000 1000 1000 5
0.166667 0.152984 0.047213 20 21 100 91 1 1000 1000 1000 5
0.166667 0.130499 0.038993 20 22 100 122 1 1000 1000 1000 5
0.166667 nan nan 20 22 100 103 1 1000 1000 1000 5
0.166667 0.193219 0.054531 20 19 100 68 1 1000 1000 1000 5
0.166667 0.205171 0.045321 20 22 100 106 1 1000 1000 1000 5
0.166667 0.229123 0.050631 20 21 100 88 1 1000 1000 1000 5
0.166667 0.255074 0.052019 20 25 100 85 1 1000 1000 1000 5
0.166667 0.158479 0.043934 20 19 100 100 1 1000 1000 1000 5
0.166667 0.169480 0.046567 20 24 100 97 1 1000 1000 1000 5
0.166667 0.152465 0.042114 20 23 100 107 1 1000 1000 1000 5
0.166667 0.203073 0.044741 20 19 100 112 1 1000 1000 1000 5
0.166667 0.124492 0.038039 20 19 100 117 1 1000 1000 1000 5
0.166667 0.118808 0.041485 20 16 100 95 1 1000 1000 1000 5
0.166667 0.172810 0.042954 20 20 100 110 1 1000 1000 1000 5
0.166667 0.177500 0.046426 20 23 100 99 1 1000 1000 1000 5
0.166667 0.196600 0.047690 20 20 100 99 1 1000 1000 1000 5
0.166667 0.159605 0.049434 20 17 100 93 1 1000 1000 1000 5
0.166667 0.153582 0.044959 20 25 100 103 1 1000 1000 1000 5
0.166667 0.253583 0.050481 20 20 100 86 1 1000 1000 1000 5
0.166667 nan nan 20 22 100 112 1 1000 1000 1000 5
0.166667 0.120220 0.047560 20 14 100 82 1 1000 1000 1000 5
0.166667 0.168592 0.043719 20 23 100 101 1 1000 1000 1000 5
0.166667 0.261500 0.048066 20 26 100 103 1 1000 1000 1000 5
0.166667 0.132414 0.042603 20 16 100 101 1 1000 1000 1000 5
0.166667 0.168510 0.044616 20 16 100 107 1 1000 1000 1000 5
0.166667 0.132397 0.042794 20 20 100 96 1 1000 1000 1000 5
0.166667 0.188022 0.044502 20 25 100 103 1 1000 1000 1000 5
0.166667 0.168066 0.047642 20 21 100 98 1 1000 1000 1000 5
0.166667 0.064867 0.031463 20 13 100 121 1 1000 1000 1000 5
0.166667 nan nan 20 17 100 97 1 1000 1000 1000 5
0.166667 0.146397 0.044342 20 21 100 103 1 1000 1000 1000 5
0.166667 0.116420 0.040085 20 12 100 120 1 1000 1000 1000 5
0.166667 nan nan 20 16 100 102 1 1000 1000 1000 5
0.166667 0.214453 0.049353 20 21 100 93 1 1000 1000 1000 5
0.166667 0.129823 0.041398 20 15 100 116 1 1000 1000 1000 5
0.166667 0.213224 0.046786 20 23 100 99 1 1000 1000 1000 5
0.166667 0.129963 0.042228 20 17 100 102 1 1000 1000 1000 5
0.166667 nan nan 20 19 100 106 1 1000 1000 1000 5
0.166667 0.113768 0.039305 20 15 100 106 1 1000 1000 1000 5
0.166667 0.213939 0.044409 20 29 100 107 1 1000 1000 1000 5
0.166667 0.173162 0.046698 20 18 100 96 1 1000 1000 1000 5
0.166667 nan nan 20 21 100 97 1 1000 1000 1000 5
0.166667 0.129986 0.041549 20 20 100 106 1 1000 1000 1000 5
0.166667 0.108524 0.038771 20 18 100 109 1 1000 1000 1000 5
0.166667 0.222427 0.048307 20 24 100 94 1 1000 1000 1000 5
0.166667 0.152222 0.048143 20 15 100 95 1 1000 1000 1000 5
0.166667 nan nan 20 26 100 110 1 1000 1000 1000 5
0.166667 0.111309 0.042511 20 7 100 98 1 1000 1000 1000 5
0.166667 0.092125 0.037736 20 13 100 96 1 1000 1000 1000 5
0.166667 0.153317 0.042649 20 19 100 110 1 1000 1000 1000 5
0.166667 0.191989 0.045435 20 29 100 108 1 1000 1000 1000 5
0.166667 0.221073 0.046190 20 20 100 100 1 1000 1000 1000 5
0.166667 0.174990 0.045410 20 24 100 101 1 1000 1000 1000 5
0.166667 nan nan 20 23 100 95 1 1000 1000 1000 5
0.166667 0.098612 0.040287 20 9 100 111 1 1000 1000 1000 5
0.166667 0.144907 0.046318 20 19 100 93 1 1000 1000 1000 5
0.166667 0.118742 0.036134 20 17 100 125 1 1000 1000 1000 5
0.166667 0.191557 0.046503 20 21 100 96 1 1000 1000 1000 5
0.166667 0.197057 0.049601 20 23 100 93 1 1000 1000 1000 5
0.166667 0.161940 0.043441 20 23 100 101 1 1000 1000 1000 5
0.166667 0.156309 0.047028 20 18 100 85 1 1000 1000 1000 5
0.166667 0.165661 0.044927 20 19 100 104 1 1000 1000 1000 5
0.166667 0.137067 0.044280 20 18 100 102 1 1000 1000 1000 5
0.166667 0.167185 0.042715 20 21 100 101 1 1000 1000 1000 5
0.166667 0.145852 0.045990 20 13 100 81 1 1000 1000 1000 5
0.166667 0.171571 0.045168 20 21 100 94 1 1000 1000 1000 5
0.166667 0.147067 0.041302 20 17 100 110 1 1000 1000 1000 5
0.166667 0.157085 0.044389 20 20 100 104 1 1000 1000 1000 5
0.166667 0.170900 0.043598 20 23 100 105 1 1000 1000 1000 5
0.166667 0.220783 0.053921 20 21 100 83 1 1000 1000 1000 5
0.166667 0.155208 0.046292 20 19 100 93 1 1000 1000 1000 5
0.166667 0.272058 0.048198 20 36 100 98 1 1000 1000 1000 5
0.166667 0.189509 0.045548 20 27 100 98 1 1000 1000 1000 5
0.166667 0.138849 0.048285 20 17 100 84 1 1000 1000 1000 5
0.166667 0.209626 0.044808 20 25 100 107 1 1000 1000 1000 5
0.166667 0.224387 0.049088 20 24 100 91 1 1000 1000 1000 5
0.166667 nan nan 20 15 100 100 1 1000 1000 1000 5
0.166667 0.097255 0.041344 20 15 100 111 1 1000 1000 1000 5
0.166667 0.176533 0.042794 20 20 100 98 1 1000 1000 1000 5
0.166667 nan nan 20 23 100 114 1 1000 1000 1000 5
0.166667 0.172332 0.047551 20 27 100 79 1 1000 1000 1000 5
0.166667 0.186434 0.045217 20 17 100 111 1 1000 1000 1000 5
0.166667 0.100513 0.037795 20 12 100 111 1 1000 1000 1000 5
0.166667 0.218528 0.047062 20 27 100 107 1 1000 1000 1000 5
0.166667 0.201186 0.047459 20 26 100 94 1 1000 1000 1000 5
0.166667 0.133971 0.039459 20 18 100 119 1 1000 1000 1000 5
0.166667 0.208339 0.052625 20 21 100 75 1 1000 1000 1000 5
0.166667 0.131406 0.044651 20 19 100 104 1 1000 1000 1000 5
0.166667 0.102149 0.041177 20 15 100 102 1 1000 1000 1000 5
0.166667 0.057224 0.032994 20 14 100 104 1 1000 1000 1000 5
0.166667 0.184692 0.045405 20 21 100 101 1 1000 1000 1000 5
0.166667 0.161445 0.042792 20 26 100 100 1 1000 1000 1000 5
0.166667 0.196773 0.048388 20 18 100 92 1 1000 1000 1000 5
0.166667 0.090736 0.039519 20 19 100 98 1 1000 1000 1000 5
0.166667 0.145477 0.043444 20 21 100 102 1 1000 1000 1000 5
0.166667 nan nan 20 19 100 95 1 1000 1000 1000 5
0.166667 0.092235 0.040377 20 14 100 92 1 1000 1000 1000 5
0.166667 0.188753 0.047749 20 19 100 92 1 1000 1000 1000 5
0.166667 0.219998 0.048128 20 22 100 97 1 1000 1000 1000 5
0.166667 0.141462 0.046171 20 18 100 88 1 1000 1000 1000 5
0.166667 0.188946 0.046145 20 25 100 94 1 1000 1000 1000 5
0.166667 0.189478 0.043943 20 27 100 109 1 1000 1000 1000 5
0.166667 0.156967 0.045375 20 18 100 96 1 1000 1000 1000 5
0.166667 0.193151 0.046428 20 28 100 97 1 1000 1000 1000 5
0.166667 0.169645 0.047536 20 14 100 88 1 1000 1000 1000 5
0.166667 0.184490 0.044929 20 22 100 103 1 1000 1000 1000 5
0.166667 0.122176 0.040261 20 21 100 121 1 1000 1000 1000 5
0.166667 nan nan 20 17 100 86 1 1000 1000 1000 5
0.166667 0.166547 0.043852 20 18 100 94 1 1000 1000 1000 5
0.166667 0.219776 0.049303 20 23 100 91 1 1000 1000 1000 5
0.166667 0.237091 0.046818 20 30 100 101 1 1000 1000 1000 5
0.166667 0.144219 0.047732 20 17 100 79 1 1000 1000 1000 5
0.166667 0.138766 0.044914 20 17 100 100 1 1000 1000 1000 5
0.166667 0.135192 0.042947 20 18 100 95 1 1000 1000 1000 5
0.166667 0.179245 0.046578 20 23 100 98 1 1000 1000 1000 5
0.166667 0.151716 0.043391 20 18 100 100 1 1000 1000 1000 5
0.166667 0.254458 0.048336 20 27 100 89 1 1000 1000 1000 5
0.166667 nan nan 20 16 100 95 1 1000 1000 1000 5
0.166667 0.171545 0.045598 20 20 100 102 1 1000 1000 1000 5
0.166667 0.230472 0.048298 20 27 100 93 1 1000 1000 1000 5
0.166667 0.114219 0.042487 20 15 100 99 1 1000 1000 1000 5
0.166667 0.158916 0.044704 20 21 100 99 1 1000 1000 1000 5
0.166667 0.173236 0.042893 20 27 100 118 1 1000 1000 1000 5
0.166667 0.214789 0.048500 20 26 100 100 1 1000 1000 1000 5
0.166667 0.141079 0.042443 20 15 100 107 1 1000 1000 1000 5
0.166667 0.130511 0.041496 20 10 100 121 1 1000 1000 1000 5
0.166667 0.136212 0.046413 20 19 100 98 1 1000 1000 1000 5
0.166667 0.100661 0.039305 20 12 100 100 1 1000 1000 1000 5
0.166667 0.110431 0.036931 20 25 100 119 1 1000 1000 1000 5
0.166667 0.076776 0.035007 20 16 100 121 1 1000 1000 1000 5
0.166667 nan nan 20 20 100 92 1 1000 1000 1000 5
0.166667 nan nan 20 23 100 109 1 1000 1000 1000 5
0.166667 0.198184 0.045248 20 13 100 109 1 1000 1000 1000 5
0.166667 0.183902 0.042649 20 18 100 110 1 1000 1000 1000 5
0.166667 nan nan 20 26 100 118 1 1000 1000 1000 5
0.166667 0.107668 0.039687 20 16 100 116 1 1000 1000 1000 5
0.166667 0.156119 0.047368 20 20 100 99 1 1000 1000 1000 5
0.166667 0.096276 0.040480 20 15 100 87 1 1000 1000 1000 5
0.166667 0.219891 0.048156 20 24 100 102 1 1000 1000 1000 5
0.166667 0.150822 0.042548 20 21 100 103 1 1000 1000 1000 5
0.166667 0.128841 0.044162 20 13 100 88 1 1000 1000 1000 5
0.166667 0.221522 0.049892 20 24 100 89 1 1000 1000 1000 5
0.166667 0.198606 0.046155 20 25 100 102 1 1000 1000 1000 5
0.166667 0.186168 0.047533 20 18 100 87 1 1000 1000 1000 5
0.166667 0.201506 0.046513 20 28 100 99 1 1000 1000 1000 5
0.166667 nan nan 20 20 100 116 1 1000 1000 1000 5
0.166667 0.127588 0.041540 20 17 100 100 1 1000 1000 1000 5
0.166667 0.139076 0.039996 20 18 100 118 1 1000 1000 1000 5
0.166667 0.180257 0.046158 20 22 100 103 1 1000 1000 1000 5
0.166667 nan nan 20 13 100 86 1 1000 1000 1000 5
0.166667 0.168404 0.049521 20 20 100 79 1 1000 1000 1000 5
0.166667 0.275699 0.045665 20 28 100 111 1 1000 1000 1000 5
0.166667 nan nan 20 20 100 91 1 1000 1000 1000 5
0.166667 0.176685 0.045960 20 18 100 104 1 1000 1000 1000 5
0.166667 0.217233 0.049895 20 18 100 95 1 1000 1000 1000 5
0.166667 0.205573 0.047340 20 27 100 99 1 1000 1000 1000 5
0.166667 0.176525 0.046012 20 18 100 93 1 1000 1000 1000 5
0.166667 nan nan 20 19 100 88 1 1000 1000 1000 5
0.166667 0.210214 0.047856 20 22 100 94 1 1000 1000 1000 5
0.166667 nan nan 20 18 100 91 1 1000 1000 1000 5
0.166667 0.130752 0.043145 20 12 100 103 1 1000 1000 1000 5
0.166667 0.249214 0.051985 20 19 100 93 1 1000 1000 1000 5
0.166667 0.195236 0.048286 20 17 100 102 1 1000 1000 1000 5
0.166667 nan nan 20 17 100 93 1 1000 1000 1000 5
0.166667 0.115659 0.040740 20 20 100 110 1 1000 1000 1000 5
0.166667 0.133212 0.041366 20 17 100 109 1 1000 1000 1000 5
0.166667 0.062341 0.032576 20 12 100 101 1 1000 1000 1000 5
0.166667 0.212011 0.045873 20 23 100 101 1 1000 1000 1000 5
0.166667 0.169398 0.043146 20 25 100 104 1 1000 1000 1000 5
0.166667 0.198513 0.047671 20 19 100 94 1 1000 1000 1000 5
0.166667 0.225312 0.048181 20 21 100 94 1 1000 1000 1000 5
0.166667 0.093704 0.041616 20 14 100 96 1 1000 1000 1000 5
0.166667 0.139627 0.044644 20 16 100 101 1 1000 1000 1000 5
0.166667 0.215095 0.048404 20 21 100 97 1 1000 1000 1000 5
0.166667 0.107264 0.041451 20 11 100 104 1 1000 1000 1000 5
0.166667 0.219721 0.050449 20 22 100 87 1 1000 1000 1000 5
0.166667 nan nan 20 21 100 110 1 1000 1000 1000 5
0.166667 0.039823 0.034296 20 10 100 102 1 1000 1000 1000 5
0.166667 0.223588 0.046148 20 27 100 99 1 1000 1000 1000 5
0.166667 nan nan 20 21 100 91 1 1000 1000 1000 5
0.166667 nan nan 20 21 100 88 1 1000 1000 1000 5
0.166667 0.157653 0.040980 20 18 100 114 1 1000 1000 1000 5
0.166667 nan nan 20 21 100 102 1 1000 1000 1000 5
0.166667 0.157045 0.046089 20 15 100 95 1 1000 1000 1000 5
0.166667 0.148876 0.046841 20 18 100 81 1 1000 1000 1000 5
0.166667 0.143832 0.042421 20 15 100 111 1 1000 1000 1000 5
0.166667 nan nan 20 10 100 101 1 1000 1000 1000 5
0.166667 nan nan 20 19 100 99 1 1000 1000 1000 5
0.166667 nan nan 20 21 100 100 1 1000 1000 1000 5
0.166667 0.189988 0.044812 20 25 100 101 1 1000 1000 1000 5
0.166667 0.189159 0.045657 20 25 100 107 1 1000 1000 1000 5
0.166667 0.140860 0.041641 20 22 100 106 1 1000 1000 1000 5
0.166667 nan nan 20 15 100 101 1 1000 1000 1000 5
0.166667 0.117202 0.039990 20 18 100 117 1 1000 1000 1000 5
0.166667 0.169552 0.043138 20 24 100 109 1 1000 1000 1000 5
0.166667 0.246609 0.051909 20 24 100 87 1 1000 1000 1000 5
0.166667 nan nan 20 16 100 110 1 1000 1000 1000 5
0.166667 0.143037 0.043794 20 18 100 104 1 1000 1000 1000 5
0.166667 0.171334 0.046195 20 14 100 101 1 1000 1000 1000 5
0.166667 nan nan 20 28 100 120 1 1000 1000 1000 5
0.166667 0.132184 0.046601 20 16 100 88 1 1000 1000 1000 5
0.166667 0.125472 0.040964 20 19 100 101 1 1000 1000 1000 5
0.166667 0.153371 0.046045 20 20 100 87 1 1000 1000 1000 5
0.166667 0.135452 0.042287 20 15 100 98 1 1000 1000 1000 5
0.166667 0.149239 0.042462 20 21 100 103 1 1000 1000 1000 5
0.166667 0.222528 0.050520 20 21 100 93 1 1000 1000 1000 5
0.166667 0.150428 0.046556 20 19 100 92 1 1000 1000 1000 5
0.166667 0.125409 0.046919 20 15 100 85 1 1000 1000 1000 5
0.166667 nan nan 20 24 100 102 1 1000 1000 1000 5
0.166667 0.197337 0.048807 20 16 100 98 1 1000 1000 1000 5
0.166667 0.179575 0.046730 20 23 100 93 1 1000 1000 1000 5
0.166667 0.216597 0.047526 20 23 100 93 1 1000 1000 1000 5
0.166667 0.157201 0.044903 20 20 100 95 1 1000 1000 1000 5
0.166667 0.121137 0.043650 20 16 100 101 1 1000 1000 1000 5
0.166667 0.146752 0.045377 20 18 100 95 1 1000 1000 1000 5
0.166667 0.142087 0.043579 20 15 100 104 1 1000 1000 1000 5
0.166667 nan nan 20 16 100 90 1 1000 1000 1000 5
0.166667 0.062069 0.035951 20 7 100 98 1 1000 1000 1000 5
0.166667 0.147791 0.041982 20 25 100 103 1 1000 1000 1000 5
0.166667 0.173805 0.043920 20 25 100 107 1 1000 1000 1000 5
0.166667 0.236557 0.048732 20 20 100 100 1 1000 1000 1000 5
0.166667 0.185582 0.048992 20 19 100 86 1 1000 1000 1000 5
0.166667 nan nan 20 17 100 97 1 1000 1000 1000 5
0.166667 0.189722 0.046391 20 20 100 93 1 1000 1000 1000 5
0.166667 0.182211 0.048621 20 23 100 95 1 1000 1000 1000 5
0.166667 0.164831 0.043072 20 19 100 113 1 1000 1000 1000 5
0.166667 0.220677 0.049932 20 21 100 87 1 1000 1000 1000 5
0.166667 0.217820 0.044785 20 34 100 101 1 1000 1000 1000 5
0.166667 0.230133 0.050299 20 20 100 103 1 1000 1000 1000 5
0.166667 0.124768 0.038748 20 25 100 118 1 1000 1000 1000 5
0.166667 0.222926 0.050066 20 26 100 94 1 1000 1000 1000 5
0.166667 0.141013 0.043980 20 23 100 99 1 1000 1000 1000 5
0.166667 0.160798 0.042367 20 22 100 104 1 1000 1000 1000 5
0.166667 nan nan 20 19 100 110 1 1000 1000 1000 5
0.166667 0.162180 0.045156 20 19 100 99 1 1000 1000 1000 5
0.166667 0.116368 0.039787 20 17 100 108 1 1000 1000 1000 5
0.166667 0.097715 0.039396 20 16 100 107 1 1000 1000 1000 5
0.166667 0.175135 0.044622 20 21 100 100 1 1000 1000 1000 5
0.166667 0.173650 0.045813 20 21 100 95 1 1000 1000 1000 5
0.166667 0.153471 0.044332 20 18 100 90 1 1000 1000 1000 5
0.166667 0.153544 0.044442 20 21 100 102 1 1000 1000 1000 5
0.166667 0.209821 0.047633 20 19 100 95 1 1000 1000 1000 5
0.166667 0.177333 0.046465 20 16 100 103 1 1000 1000 1000 5
0.166667 0.177499 0.044873 20 24 100 91 1 1000 1000 1000 5
0.166667 0.216761 0.048056 20 27 100 88 1 1000 1000 1000 5
0.166667 0.117093 0.043482 20 20 100 100 1 1000 1000 1000 5
0.166667 0.168455 0.044900 20 19 100 107 1 1000 1000 1000 5
0.166667 0.163364 0.042333 20 25 100 103 1 1000 1000 1000 5
0.166667 0.095731 0.037005 20 17 100 116 1 1000 1000 1000 5
0.166667 0.135847 0.040499 20 18 100 114 1 1000 1000 1000 5
0.166667 0.184226 0.048431 20 23 100 89 1 1000 1000 1000 5
0.166667 0.169902 0.050161 20 17 100 79 1 1000 1000 1000 5
0.166667 0.137057 0.046041 20 15 100 86 1 1000 1000 1000 5
0.166667 0.137695 0.042626 20 15 100 93 1 1000 1000 1000 5
0.166667 0.125702 0.044783 20 16 100 92 1 1000 1000 1000 5
0.166667 0.214708 0.046697 20 21 100 102 1 1000 1000 1000 5
0.166667 nan nan 20 24 100 101 1 1000 1000 1000 5
0.166667 0.095278 0.043167 20 11 100 94 1 1000 1000 1000 5
0.166667 0.082036 0.038859 20 20 100 96 1 1000 1000 1000 5
0.166667 nan nan 20 16 100 92 1 1000 1000 1000 5
0.166667 0.207305 0.046500 20 24 100 106 1 1000 1000 1000 5
0.166667 nan nan 20 24 100 116 1 1000 1000 1000 5
0.166667 0.196007 0.048339 20 23 100 86 1 1000 1000 1000 5
0.166667 0.184275 0.042004 20 25 100 116 1 1000 1000 1000 5
0.166667 0.131851 0.042319 20 21 100 98 1 1000 1000 1000 5
0.166667 0.178737 0.047939 20 23 100 89 1 1000 1000 1000 5
0.166667 0.127304 0.045672 20 17 100 91 1 1000 1000 1000 5
0.166667 0.173017 0.043596 20 19 100 106 1 1000 1000 1000 5
0.166667 0.178503 0.045943 20 21 100 94 1 1000 1000 1000 5
0.166667 nan nan 20 20 100 100 1 1000 1000 1000 5
0.166667 0.272399 0.051424 20 26 100 88 1 1000 1000 1000 5
0.166667 0.165683 0.043213 20 22 100 100 1 1000 1000 1000 5
0.166667 0.176507 0.046644 20 15 100 97 1 1000 1000 1000 5
0.166667 nan nan 20 24 100 104 1 1000 1000 1000 5
0.166667 0.127073 0.042698 20 15 100 95 1 1000 1000 1000 5
0.166667 0.127052 0.043426 20 18 100 90 1 1000 1000 1000 5
0.166667 0.173877 0.045284 20 24 100 103 1 1000 1000 1000 5
0.166667 0.186682 0.049863 20 19 100 91 1 1000 1000 1000 5
0.166667 nan nan 20 30 100 100 1 1000 1000 1000 5
0.166667 0.112395 0.038330 20 10 100 109 1 1000 1000 1000 5
0.166667 0.162234 0.050073 20 17 100 86 1 1000 1000 1000 5
0.166667 nan nan 20 23 100 97 1 1000 1000 1000 5
0.166667 0.267147 0.049661 20 24 100 98 1 1000 1000 1000 5
0.166667 0.149056 0.043297 20 20 100 101 1 1000 1000 1000 5
0.166667 nan nan 20 24 100 98 1 1000 1000 1000 5
0.166667 0.213440 0.048321 20 20 100 95 1 1000 1000 1000 5
0.166667 0.154602 0.044077 20 17 100 103 1 1000 1000 1000 5
0.166667 0.194615 0.048503 20 21 100 94 1 1000 1000 1000 5
0.166667 0.139005 0.045083 20 19 100 97 1 1000 1000 1000 5
0.166667 nan nan 20 21 100 107 1 1000 1000 1000 5
0.166667 0.081300 0.037001 20 9 100 99 1 1000 1000 1000 5
0.166667 0.153100 0.040181 20 22 100 113 1 1000 1000 1000 5
0.166667 0.175935 0.045719 20 26 100 97 1 1000 1000 1000 5
0.166667 0.145562 0.040833 20 20 100 109 1 1000 1000 1000 5
0.166667 0.170473 0.049925 20 18 100 90 1 1000 1000 1000 5
0.166667 0.099958 0.039096 20 13 100 104 1 1000 1000 1000 5
0.166667 0.133358 0.041544 20 16 100 104 1 1000 1000 1000 5
0.166667 0.120988 0.039058 20 14 100 111 1 1000 1000 1000 5
0.166667 0.170514 0.045322 20 17 100 97 1 1000 1000 1000 5
0.166667 0.180334 0.046755 20 22 100 92 1 1000 1000 1000 5
0.166667 0.180570 0.046435 20 20 100 89 1 1000 1000 1000 5
0.166667 0.083227 0.036547 20 11 100 112 1 1000 1000 1000 5
0.166667 0.098672 0.042143 20 15 100 98 1 1000 1000 1000 5
0.166667 nan nan 20 24 100 106 1 1000 1000 1000 5
0.166667 0.109580 0.039873 20 13 100 102 1 1000 1000 1000 5
0.166667 0.198130 0.047255 20 23 100 99 1 1000 1000 1000 5
0.166667 0.055558 0.036034 20 14 100 101 1 1000 1000 1000 5
0.166667 0.133624 0.042407 20 22 100 99 1 1000 1000 1000 5
0.166667 0.180395 0.045980 20 23 100 103 1 1000 1000 1000 5
0.166667 nan nan 20 22 100 90 1 1000 1000 1000 5
0.166667 0.174764 0.041415 20 18 100 117 1 1000 1000 1000 5
0.166667 nan nan 20 20 100 84 1 1000 1000 1000 5
0.166667 0.185419 0.045319 20 26 100 96 1 1000 1000 1000 5
0.166667 0.087195 0.036976 20 15 100 102 1 1000 1000 1000 5
0.166667 0.112723 0.043642 20 20 100 90 1 1000 1000 1000 5
0.166667 nan nan 20 18 100 118 1 1000 1000 1000 5
0.166667 nan nan 20 20 100 91 1 1000 1000 1000 5
0.166667 0.125527 0.038104 20 19 100 116 1 1000 1000 1000 5
0.166667 0.216604 0.047932 20 21 100 100 1 1000 1000 1000 5
0.166667 0.132241 0.039328 20 23 100 117 1 1000 1000 1000 5
0.166667 0.233585 0.046807 20 28 100 106 1 1000 1000 1000 5
0.166667 0.098345 0.039274 20 14 100 101 1 1000 1000 1000 5
0.166667 0.129110 0.037409 20 21 100 120 1 1000 1000 1000 5
0.166667 nan nan 20 16 100 107 1 1000 1000 1000 5
0.166667 0.116594 0.037404 20 21 100 119 1 1000 1000 1000 5
0.166667 0.204105 0.050503 20 15 100 97 1 1000 1000 1000 5
0.166667 0.203409 0.045639 20 24 100 108 1 1000 1000 1000 5
0.166667 0.159114 0.041621 20 22 100 110 1 1000 1000 1000 5
0.166667 0.124539 0.041968 20 21 100 94 1 1000 1000 1000 5
0.166667 0.146473 0.040015 20 22 100 116 1 1000 1000 1000 5
0.166667 0.189769 0.043088 20 25 100 118 1 1000 1000 1000 5
0.166667 0.094575 0.039459 20 14 100 104 1 1000 1000 1000 5
0.166667 0.123984 0.039330 20 24 100 115 1 1000 1000 1000 5
0.166667 0.205990 0.044040 20 24 100 113 1 1000 1000 1000 5
0.166667 0.150047 0.046006 20 17 100 84 1 1000 1000 1000 5
0.166667 0.168515 0.043180 20 22 100 105 1 1000 1000 1000 5
0.166667 0.293594 0.055646 20 24 100 80 1 1000 1000 1000 5
0.166667 0.211599 0.048164 20 22 100 103 1 1000 1000 1000 5
0.166667 0.151320 0.044343 20 19 100 99 1 1000 1000 1000 5
0.166667 nan nan 20 24 100 116 1 1000 1000 1000 5
0.166667 nan nan 20 16 100 100 1 1000 1000 1000 5
0.166667 0.135811 0.041254 20 18 100 108 1 1000 1000 1000 5
0.166667 0.156460 0.045130 20 19 100 101 1 1000 1000 1000 5
0.166667 nan nan 20 19 100 98 1 1000 1000 1000 5
0.166667 0.207213 0.048479 20 30 100 91 1 1000 1000 1000 5
0.166667 0.182857 0.043355 20 26 100 106 1 1000 1000 1000 5
0.166667 nan nan 20 18 100 104 1 1000 1000 1000 5
0.166667 0.231998 0.046156 20 28 100 105 1 1000 1000 1000 5
0.166667 0.203555 0.050114 20 21 100 96 1 1000 1000 1000 5
0.166667 0.179012 0.042161 20 23 100 112 1 1000 1000 1000 5
0.166667 0.141140 0.041894 20 21 100 110 1 1000 1000 1000 5
0.166667 0.186634 0.044759 20 25 100 103 1 1000 1000 1000 5
0.166667 0.065534 0.035807 20 20 100 112 1 1000 1000 1000 5
0.166667 0.147365 0.046889 20 16 100 91 1 1000 1000 1000 5
0.166667 0.137367 0.040383 20 24 100 105 1 1000 1000 1000 5
0.166667 0.158836 0.045243 20 19 100 101 1 1000 1000 1000 5
0.166667 0.158017 0.043394 20 17 100 96 1 1000 1000 1000 5
0.166667 0.165933 0.046363 20 16 100 94 1 1000 1000 1000 5
0.166667 0.176133 0.046073 20 24 100 98 1 1000 1000 1000 5
0.166667 nan nan 20 19 100 100 1 1000 1000 1000 5
0.166667 0.188527 0.046370 20 17 100 103 1 1000 1000 1000 5
0.166667 0.136846 0.040606 20 21 100 108 1 1000 1000 1000 5
0.166667 0.227514 0.048839 20 19 100 97 1 1000 1000 1000 5
0.166667 0.157183 0.047346 20 20 100 90 1 1000 1000 1000 5
0.166667 0.267050 0.051042 20 27 100 86 1 1000 1000 1000 5
0.166667 0.114075 0.041971 20 14 100 105 1 1000 1000 1000 5
0.166667 0.152220 0.041279 20 11 100 118 1 1000 1000 1000 5
0.166667 0.147425 0.046853 20 17 100 93 1 1000 1000 1000 5
0.166667 0.131909 0.040909 20 13 100 109 1 1000 1000 1000 5
0.166667 nan nan 20 24 100 82 1 1000 1000 1000 5
0.166667 0.213373 0.048856 20 24 100 94 1 1000 1000 1000 5
0.166667 0.095348 0.038324 20 13 100 105 1 1000 1000 1000 5
0.166667 nan nan 20 17 100 91 1 1000 1000 1000 5
0.166667 0.251102 0.053070 20 22 100 87 1 1000 1000 1000 5
0.166667 0.146508 0.043776 20 17 100 100 1 1000 1000 1000 5
0.166667 0.191140 0.046567 20 19 100 96 1 1000 1000 1000 5
0.166667 0.059969 0.038390 20 10 100 86 1 1000 1000 1000 5
0.166667 0.122716 0.044452 20 18 100 97 1 1000 1000 1000 5
0.166667 0.206768 0.049741 20 23 100 83 1 1000 1000 1000 5
0.166667 0.229908 0.049992 20 20 100 86 1 1000 1000 1000 5
0.166667 0.159665 0.044437 20 19 100 100 1 1000 1000 1000 5
0.166667 0.131209 0.039809 20 18 100 111 1 1000 1000 1000 5
0.166667 0.155007 0.047715 20 22 100 93 1 1000 1000 1000 5
0.166667 0.183999 0.045839 20 22 100 108 1 1000 1000 1000 5
0.166667 0.131233 0.044342 20 18 100 101 1 1000 1000 1000 5
0.166667 0.205494 0.045677 20 27 100 94 1 1000 1000 1000 5
0.166667 0.168349 0.045059 20 25 100 97 1 1000 1000 1000 5
0.166667 0.107835 0.038095 20 13 100 104 1 1000 1000 1000 5
0.166667 nan nan 20 20 100 98 1 1000 1000 1000 5
0.166667 0.224972 0.047607 20 19 100 108 1 1000 1000 1000 5
0.166667 0.226737 0.049250 20 25 100 88 1 1000 1000 1000 5
0.166667 nan nan 20 11 100 110 1 1000 1000 1000 5
0.166667 0.160179 0.046284 20 17 100 91 1 1000 1000 1000 5
0.166667 0.189159 0.044015 20 24 100 111 1 1000 1000 1000 5
0.166667 0.217090 0.048067 20 23 100 102 1 1000 1000 1000 5
0.166667 0.158427 0.045210 20 17 100 103 1 1000 1000 1000 5
0.166667 nan nan 20 23 100 97 1 1000 1000 1000 5
0.166667 0.181121 0.043961 20 27 100 110 1 1000 1000 1000 5
0.166667 nan nan 20 19 100 109 1 1000 1000 1000 5
0.166667 nan nan 20 19 100 88 1 1000 1000 1000 5
0.166667 0.167158 0.042647 20 18 100 106 1 1000 1000 1000 5
0.166667 0.116405 0.043881 20 16 100 91 1 1000 1000 1000 5
0.166667 0.110894 0.040621 20 22 100 103 1 1000 1000 1000 5
0.166667 0.149362 0.042889 20 15 100 100 1 1000 1000 1000 5
0.166667 0.240294 0.046679 20 23 100 105 1 1000 1000 1000 5
0.166667 0.176932 0.045019 20 20 100 95 1 1000 1000 1000 5
0.166667 0.126301 0.040545 20 20 100 96 1 1000 1000 1000 5
0.166667 nan nan 20 20 100 102 1 1000 1000 1000 5
0.166667 0.126916 0.041926 20 13 100 98 1 1000 1000 1000 5
0.166667 0.090054 0.039705 20 11 100 97 1 1000 1000 1000 5
0.166667 0.140199 0.039272 20 22 100 120 1 1000 1000 1000 5
0.166667 nan nan 20 27 100 101 1 1000 1000 1000 5
0.166667 0.110205 0.041579 20 19 100 92 1 1000 1000 1000 5
0.166667 0.157222 0.044509 20 21 100 97 1 1000 1000 1000 5
0.166667 0.177616 0.044829 20 19 100 113 1 1000 1000 1000 5
0.166667 0.127232 0.040831 20 13 100 106 1 1000 1000 1000 5
0.166667 nan nan 20 25 100 113 1 1000 1000 1000 5
0.166667 nan nan 20 21 100 106 1 1000 1000 1000 5
0.166667 0.156542 0.044464 20 22 100 94 1 1000 1000 1000 5
0.166667 0.229759 0.045137 20 31 100 102 1 1000 1000 1000 5
0.166667 nan nan 20 17 100 95 1 1000 1000 1000 5
0.166667 0.182521 0.048377 20 22 100 84 1 1000 1000 1000 5
0.166667 0.231696 0.049670 20 22 100 101 1 1000 1000 1000 5
0.166667 nan nan 20 17 100 86 1 1000 1000 1000 5
0.166667 0.144883 0.042975 20 19 100 98 1 1000 1000 1000 5
0.166667 0.145819 0.043451 20 25 100 108 1 1000 1000 1000 5
0.166667 0.195748 0.046549 20 21 100 93 1 1000 1000 1000 5
0.166667 nan nan 20 26 100 87 1 1000 1000 1000 5
0.166667 0.171191 0.049342 20 21 100 72 1 1000 1000 1000 5
0.166667 0.223863 0.051345 20 27 100 85 1 1000 1000 1000 5
0.166667 0.168727 0.044577 20 19 100 102 1 1000 1000 1000 5
0.166667 0.111744 0.038428 20 24 100 111 1 1000 1000 1000 5
0.166667 0.188443 0.045875 20 21 100 97 1 1000 1000 1000 5
0.166667 0.140338 0.041679 20 17 100 105 1 1000 1000 1000 5
0.166667 0.147669 0.045732 20 21 100 103 1 1000 1000 1000 5
0.166667 0.246201 0.052119 20 21 100 84 1 1000 1000 1000 5
0.166667 nan nan 20 24 100 118 1 1000 1000 1000 5
0.166667 0.189733 0.046663 20 21 100 94 1 1000 1000 1000 5
0.166667 0.257935 0.052431 20 27 100 90 1 1000 1000 1000 5
0.166667 0.115622 0.038862 20 16 100 97 1 1000 1000 1000 5
0.166667 0.135909 0.042967 20 19 100 105 1 1000 1000 1000 5
0.166667 0.106431 0.041245 20 17 100 111 1 1000 1000 1000 5
0.166667 0.138265 0.044441 20 14 100 97 1 1000 1000 1000 5
0.166667 0.096966 0.040085 20 17 100 108 1 1000 1000 1000 5
0.166667 0.179155 0.046759 20 26 100 93 1 1000 1000 1000 5
0.166667 0.129833 0.040934 20 16 100 108 1 1000 1000 1000 5
0.166667 0.117311 0.039540 20 20 100 115 1 1000 1000 1000 5
0.166667 0.230669 0.045317 20 28 100 106 1 1000 1000 1000 5
0.166667 0.176630 0.048981 20 21 100 81 1 1000 1000 1000 5
0.166667 nan nan 20 24 100 105 1 1000 1000 1000 5
0.166667 0.202717 0.046271 20 22 100 106 1 1000 1000 1000 5
0.166667 0.125432 0.043247 20 24 100 96 1 1000 1000 1000 5
0.166667 0.224918 0.049933 20 22 100 93 1 1000 1000 1000 5
0.166667 0.106753 0.040258 20 14 100 101 1 1000 1000 1000 5
0.166667 0.088010 0.037441 20 14 100 105 1 1000 1000 1000 5
0.166667 0.137286 0.045024 20 19 100 96 1 1000 1000 1000 5
0.166667 0.153820 0.043307 20 21 100 102 1 1000 1000 1000 5
0.166667 0.271918 0.049524 20 30 100 94 1 1000 1000 1000 5
0.166667 0.093008 0.040024 20 20 100 97 1 1000 1000 1000 5
0.166667 0.133239 0.040955 20 21 100 107 1 1000 1000 1000 5
0.166667 0.180083 0.048868 20 24 100 87 1 1000 1000 1000 5
0.166667 0.131898 0.043260 20 18 100 92 1 1000 1000 1000 5
0.166667 0.135858 0.042092 20 18 100 102 1 1000 1000 1000 5
0.166667 0.114309 0.040461 20 16 100 103 1 1000 1000 1000 5
0.166667 0.136003 0.043046 20 18 100 99 1 1000 1000 1000 5
0.166667 0.129974 0.038900 20 19 100 114 1 1000 1000 1000 5
0.166667 0.186006 0.043870 20 26 100 110 1 1000 1000 1000 5
0.166667 0.218057 0.054414 20 22 100 74 1 1000 1000 1000 5
0.166667 nan nan 20 26 100 103 1 1000 1000 1000 5
0.166667 0.240870 0.048046 20 24 100 98 1 1000 1000 1000 5
0.166667 0.097556 0.041744 20 16 100 104 1 1000 1000 1000 5
0.166667 0.152344 0.042848 20 17 100 109 1 1000 1000 1000 5
0.166667 0.200383 0.048778 20 25 100 84 1 1000 1000 1000 5
0.166667 0.130293 0.039892 20 21 100 111 1 1000 1000 1000 5
0.166667 0.273373 0.048811 20 27 100 92 1 1000 1000 1000 5
0.166667 nan nan 20 17 100 92 1 1000 1000 1000 5
0.166667 0.142144 0.042269 20 22 100 107 1 1000 1000 1000 5
0.166667 0.184451 0.048170 20 19 100 92 1 1000 1000 1000 5
0.166667 nan nan 20 21 100 81 1 1000 1000 1000 5
0.166667 0.203721 0.048326 20 21 100 93 1 1000 1000 1000 5
0.166667 0.137767 0.042350 20 13 100 107 1 1000 1000 1000 5
0.166667 0.196856 0.052214 20 21 100 87 1 1000 1000 1000 5
0.166667 0.241283 0.050736 20 26 100 86 1 1000 1000 1000 5
0.166667 0.179141 0.050361 20 20 100 92 1 1000 1000 1000 5
0.166667 0.143609 0.041248 20 22 100 108 1 1000 1000 1000 5
0.166667 0.192684 0.047925 20 25 100 94 1 1000 1000 1000 5
0.166667 0.208637 0.046507 20 23 100 101 1 1000 1000 1000 5
0.166667 0.203702 0.045363 20 27 100 102 1 1000 1000 1000 5
0.166667 nan nan 20 29 100 92 1 1000 1000 1000 5
0.166667 0.138453 0.047485 20 14 100 83 1 1000 1000 1000 5
0.166667 0.124844 0.041155 20 23 100 99 1 1000 1000 1000 5
0.166667 0.154258 0.045445 20 19 100 94 1 1000 1000 1000 5
0.166667 0.157796 0.044988 20 14 100 103 1 1000 1000 1000 5
0.166667 nan nan 20 20 100 92 1 1000 1000 1000 5
0.166667 0.100702 0.039153 20 12 100 108 1 1000 1000 1000 5
0.166667 0.199712 0.050414 20 18 100 89 1 1000 1000 1000 5
0.166667 0.163223 0.044734 20 16 100 101 1 1000 1000 1000 5
0.166667 0.181865 0.046564 20 27 100 95 1 1000 1000 1000 5
0.166667 0.174249 0.046562 20 26 100 101 1 1000 1000 1000 5
0.166667 nan nan 20 34 100 85 1 1000 1000 1000 5
0.166667 nan nan 20 21 100 101 1 1000 1000 1000 5
0.166667 0.174554 0.047941 20 21 100 94 1 1000 1000 1000 5
0.166667 0.175091 0.045048 20 24 100 98 1 1000 1000 1000 5
0.166667 nan nan 20 21 100 105 1 1000 1000 1000 5
0.166667 0.141545 0.043328 20 15 100 93 1 1000 1000 1000 5
0.166667 0.191874 0.047235 20 16 100 104 1 1000 1000 1000 5
0.166667 0.165808 0.045766 20 16 100 100 1 1000 1000 1000 5
0.166667 0.170354 0.043043 20 21 100 109 1 1000 1000 1000 5
0.166667 0.168857 0.047997 20 25 100 88 1 1000 1000 1000 5
0.166667 0.129157 0.038759 20 22 100 115 1 1000 1000 1000 5
0.166667 nan nan 20 31 100 92 1 1000 1000 1000 5
0.166667 0.132236 0.040510 20 19 100 112 1 1000 1000 1000 5
0.166667 0.185997 0.045426 20 29 100 104 1 1000 1000 1000 5
0.166667 nan nan 20 22 100 109 1 1000 1000 1000 5
0.166667 0.194570 0.047241 20 24 100 100 1 1000 1000 1000 5
0.166667 0.143921 0.041433 20 19 100 115 1 1000 1000 1000 5
0.166667 0.140388 0.045937 20 14 100 81 1 1000 1000 1000 5
0.166667 0.189065 0.047543 20 19 100 92 1 1000 1000 1000 5
0.166667 0.144587 0.042747 20 18 100 101 1 1000 1000 1000 5
0.166667 0.186398 0.047080 20 19 100 104 1 1000 1000 1000 5
0.166667 nan nan 20 19 100 100 1 1000 1000 1000 5
0.166667 0.201711 0.050254 20 19 100 94 1 1000 1000 1000 5
0.166667 0.103463 0.039135 20 20 100 103 1 1000 1000 1000 5
0.166667 0.127894 0.042183 20 20 100 107 1 1000 1000 1000 5
0.166667 0.132188 0.043625 20 17 100 94 1 1000 1000 1000 5
0.166667 0.162581 0.043804 20 23 100 97 1 1000 1000 1000 5
0.166667 0.154190 0.039961 20 23 100 119 1 1000 1000 1000 5
0.166667 0.115378 0.047648 20 17 100 90 1 1000 1000 1000 5
0.166667 0.136354 0.047677 20 17 100 88 1 1000 1000 1000 5
0.166667 0.138398 0.043608 20 13 100 97 1 1000 1000 1000 5
0.166667 nan nan 20 16 100 90 1 1000 1000 1000 5
0.166667 0.163387 0.044364 20 16 100 106 1 1000 1000 1000 5
0.166667 0.089103 0.042185 20 14 100 86 1 1000 1000 1000 5
0.166667 0.235580 0.049131 20 22 100 89 1 1000 1000 1000 5
0.166667 nan nan 20 23 100 91 1 1000 1000 1000 5
0.166667 0.170661 0.046843 20 17 100 105 1 1000 1000 1000 5
0.166667 0.180458 0.050942 20 15 100 92 1 1000 1000 1000 5
0.166667 0.184517 0.050883 20 13 100 86 1 1000 1000 1000 5
0.166667 0.131025 0.042677 20 17 100 105 1 1000 1000 1000 5
0.166667 nan nan 20 22 100 127 1 1000 1000 1000 5
0.166667 0.192234 0.047695 20 22 100 103 1 1000 1000 1000 5
0.166667 0.118225 0.043548 20 18 100 101 1 1000 1000 1000 5
0.166667 0.098755 0.034843 20 16 100 125 1 1000 1000 1000 5
0.166667 0.242806 0.049069 20 26 100 94 1 1000 1000 1000 5
0.166667 nan nan 20 22 100 97 1 1000 1000 1000 5
0.166667 0.206083 0.045245 20 19 100 98 1 1000 1000 1000 5
0.166667 0.103542 0.043360 20 17 100 96 1 1000 1000 1000 5
0.166667 0.187887 0.046098 20 23 100 94 1 1000 1000 1000 5
0.166667 0.165196 0.046144 20 19 100 103 1 1000 1000 1000 5
0.166667 0.166702 0.043083 20 21 100 115 1 1000 1000 1000 5
0.166667 0.119683 0.041338 20 14 100 110 1 1000 1000 1000 5
0.166667 0.111472 0.039233 20 16 100 113 1 1000 1000 1000 5
0.166667 nan nan 20 18 100 110 1 1000 1000 1000 5
0.166667 0.150206 0.041762 20 19 100 110 1 1000 1000 1000 5
0.166667 0.201731 0.048947 20 22 100 89 1 1000 1000 1000 5
0.166667 nan nan 20 17 100 109 1 1000 1000 1000 5
0.166667 nan nan 20 20 100 104 1 1000 1000 1000 5
0.166667 0.202873 0.051806 20 24 100 78 1 1000 1000 1000 5
0.166667 nan nan 20 19 100 103 1 1000 1000 1000 5
0.166667 0.191025 0.055441 20 11 100 74 1 1000 1000 1000 5
0.166667 0.074585 0.036727 20 12 100 107 1 1000 1000 1000 5
0.166667 nan nan 20 22 100 84 1 1000 1000 1000 5
0.166667 0.153501 0.045789 20 12 100 106 1 1000 1000 1000 5
0.166667 0.150859 0.042869 20 19 100 100 1 1000 1000 1000 5
0.166667 0.113093 0.038359 20 17 100 119 1 1000 1000 1000 5
0.166667 nan nan 20 17 100 114 1 1000 1000 1000 5
0.166667 0.151550 0.040123 20 22 100 108 1 1000 1000 1000 5
0.166667 0.136543 0.041138 20 21 100 100 1 1000 1000 1000 5
0.166667 0.174135 0.045126 20 19 100 98 1 1000 1000 1000 5
0.166667 0.133033 0.040714 20 22 100 110 1 1000 1000 1000 5
0.166667 0.192030 0.045683 20 19 100 110 1 1000 1000 1000 5
0.166667 0.111999 0.042043 20 18 100 96 1 1000 1000 1000 5
0.166667 0.162286 0.047085 20 21 100 89 1 1000 1000 1000 5
0.166667 0.195094 0.045111 20 22 100 108 1 1000 1000 1000 5
0.166667 0.185452 0.047917 20 18 100 91 1 1000 1000 1000 5
0.166667 0.083178 0.034277 20 18 100 113 1 1000 1000 1000 5
0.166667 0.199119 0.053539 20 22 100 78 1 1000 1000 1000 5
0.166667 0.157664 0.043693 20 20 100 96 1 1000 1000 1000 5
0.166667 0.084228 0.038499 20 13 100 108 1 1000 1000 1000 5
0.166667 0.250900 0.048800 20 28 100 99 1 1000 1000 1000 5
0.166667 0.200594 0.050869 20 22 100 93 1 1000 1000 1000 5
0.166667 0.159305 0.047208 20 13 100 99 1 1000 1000 1000 5
0.166667 nan nan 20 26 100 101 1 1000 1000 1000 5
0.166667 0.210955 0.044937 20 31 100 110 1 1000 1000 1000 5
0.166667 0.127716 0.042399 20 13 100 97 1 1000 1000 1000 5
0.166667 nan nan 20 17 100 87 1 1000 1000 1000 5
0.166667 0.167568 0.045734 20 17 100 102 1 1000 1000 1000 5
0.166667 0.268036 0.048486 20 31 100 99 1 1000 1000 1000 5
0.166667 0.149289 0.044074 20 18 100 98 1 1000 1000 1000 5
0.166667 0.182613 0.044873 20 27 100 104 1 1000 1000 1000 5
0.166667 0.178544 0.045939 20 23 100 97 1 1000 1000 1000 5
0.166667 0.169219 0.050426 20 23 100 88 1 1000 1000 1000 5
0.166667 0.190399 0.044832 20 17 100 106 1 1000 1000 1000 5
0.166667 0.162098 0.044570 20 21 100 98 1 1000 1000 1000 5
0.166667 nan nan 20 23 100 100 1 1000 1000 1000 5
0.166667 0.186412 0.043288 20 14 100 117 1 1000 1000 1000 5
0.166667 0.156391 0.041791 20 19 100 109 1 1000 1000 1000 5
0.166667 nan nan 20 25 100 108 1 1000 1000 1000 5
0.166667 nan nan 20 24 100 103 1 1000 1000 1000 5
0.166667 0.200722 0.047069 20 21 100 93 1 1000 1000 1000 5
0.166667 nan nan 20 17 100 98 1 1000 1000 1000 5
0.166667 0.174499 0.041770 20 16 100 126 1 1000 1000 1000 5
0.166667 nan nan 20 31 100 110 1 1000 1000 1000 5
0.166667 0.119956 0.040343 20 17 100 109 1 1000 1000 1000 5
0.166667 0.146333 0.044439 20 20 100 95 1 1000 1000 1000 5
0.166667 0.207360 0.043102 20 22 100 117 1 1000 1000 1000 5
0.166667 nan nan 20 24 100 120 1 1000 1000 1000 5
0.166667 0.198236 0.047060 20 19 100 103 1 1000 1000 1000 5
0.166667 0.211517 0.045155 20 22 100 103 1 1000 1000 1000 5
0.166667 0.111247 0.045579 20 13 100 83 1 1000 1000 1000 5
0.166667 0.228791 0.046922 20 23 100 99 1 1000 1000 1000 5
0.166667 0.126617 0.040908 20 19 100 102 1 1000 1000 1000 5
0.166667 0.219033 0.046844 20 22 100 97 1 1000 1000 1000 5
0.166667 nan nan 20 26 100 105 1 1000 1000 1000 5
0.166667 0.202661 0.045516 20 31 100 99 1 1000 1000 1000 5
0.166667 0.093874 0.038843 20 18 100 109 1 1000 1000 1000 5
0.166667 0.061860 0.035310 20 16 100 101 1 1000 1000 1000 5
0.166667 0.118370 0.040608 20 16 100 121 1 1000 1000 1000 5
0.166667 nan nan 20 16 100 96 1 1000 1000 1000 5
0.166667 0.127317 0.039152 20 19 100 120 1 1000 1000 1000 5
0.166667 0.178882 0.047558 20 19 100 91 1 1000 1000 1000 5
0.166667 0.189593 0.045950 20 28 100 101 1 1000 1000 1000 5
0.166667 0.216734 0.052774 20 17 100 80 1 1000 1000 1000 5
0.166667 0.156788 0.042088 20 19 100 112 1 1000 1000 1000 5
0.166667 0.209197 0.046731 20 26 100 96 1 1000 1000 1000 5
0.166667 0.200795 0.049635 20 20 100 87 1 1000 1000 1000 5
0.166667 0.067096 0.038687 20 14 100 102 1 1000 1000 1000 5
0.166667 0.216418 0.049368 20 23 100 86 1 1000 1000 1000 5
0.166667 nan nan 20 18 100 100 1 1000 1000 1000 5
0.166667 0.178898 0.044891 20 23 100 98 1 1000 1000 1000 5
0.166667 nan nan 20 25 100 98 1 1000 1000 1000 5
0.166667 0.108421 0.043709 20 12 100 98 1 1000 1000 1000 5
0.166667 0.152903 0.042782 20 26 100 101 1 1000 1000 1000 5
0.166667 0.121705 0.038474 20 20 100 114 1 1000 1000 1000 5
0.166667 nan nan 20 23 100 96 1 1000 1000 1000 5
0.166667 0.166590 0.047692 20 16 100 88 1 1000 1000 1000 5
0.166667 nan nan 20 10 100 111 1 1000 1000 1000 5
0.166667 0.160773 0.046557 20 19 100 94 1 1000 1000 1000 5
0.166667 0.145625 0.045330 20 17 100 90 1 1000 1000 1000 5
0.166667 0.165039 0.040267 20 25 100 119 1 1000 1000 1000 5
0.166667 0.201975 0.046854 20 22 100 104 1 1000 1000 1000 5
0.166667 0.228205 0.048237 20 24 100 84 1 1000 1000 1000 5
0.166667 0.118511 0.041288 20 19 100 102 1 1000 1000 1000 5
0.166667 0.205050 0.043671 20 22 100 107 1 1000 1000 1000 5
0.166667 nan nan 20 20 100 115 1 1000 1000 1000 5
0.166667 0.201799 0.046719 20 17 100 107 1 1000 1000 1000 5
0.166667 nan nan 20 24 100 92 1 1000 1000 1000 5
0.166667 nan nan 20 19 100 97 1 1000 1000 1000 5
0.166667 0.124565 0.042754 20 17 100 96 1 1000 1000 1000 5
0.166667 nan nan 20 23 100 98 1 1000 1000 1000 5
0.166667 0.157089 0.045337 20 23 100 91 1 1000 1000 1000 5
0.166667 0.171088 0.046267 20 19 100 96 1 1000 1000 1000 5
0.166667 0.132569 0.038039 20 22 100 123 1 1000 1000 1000 5
0.166667 0.145428 0.044003 20 17 100 92 1 1000 1000 1000 5
0.166667 0.167948 0.044653 20 18 100 96 1 1000 1000 1000 5
0.166667 0.171841 0.043216 20 29 100 109 1 1000 1000 1000 5
0.166667 0.195365 0.048189 20 22 100 95 1 1000 1000 1000 5
0.166667 0.209553 0.047526 20 22 100 90 1 1000 1000 1000 5
0.166667 0.153697 0.045676 20 19 100 100 1 1000 1000 1000 5
0.166667 0.173080 0.043659 20 27 100 115 1 1000 1000 1000 5
