0.166667 0.172453 0.012191 200 192 1000 988 1000 1000 100 5
0.166667 0.184448 0.012379 200 218 1000 1016 1000 1000 100 5
0.166667 0.180139 0.012214 200 200 1000 1050 1000 1000 100 5
0.166667 0.175776 0.012238 200 195 1000 982 1000 1000 100 5
0.166667 0.190967 0.012918 200 219 1000 955 1000 1000 100 5
0.166667 0.155942 0.011775 200 170 1000 1007 1000 1000 100 5
0.166667 0.182528 0.012421 200 196 1000 1003 1000 1000 100 5
0.166667 0.182497 0.012239 200 202 1000 980 1000 1000 100 5
0.166667 0.200543 0.012528 200 225 1000 1000 1000 1000 100 5
0.166667 0.153122 0.011830 200 185 1000 1035 1000 1000 100 5
0.166667 0.176648 0.012124 200 207 1000 997 1000 1000 100 5
0.166667 0.156458 0.011265 200 196 1000 1100 1000 1000 100 5
0.166667 0.169671 0.012351 200 185 1000 945 1000 1000 100 5
0.166667 0.182575 0.012473 200 198 1000 963 1000 1000 100 5
0.166667 0.185718 0.012389 200 221 1000 978 1000 1000 100 5
0.166667 0.160550 0.012062 200 196 1000 996 1000 1000 100 5
0.166667 0.172131 0.012173 200 186 1000 986 1000 1000 100 5
0.166667 0.165895 0.011765 200 198 1000 1038 1000 1000 100 5
0.166667 0.194464 0.012717 200 220 1000 959 1000 1000 100 5
0.166667 0.198562 0.012438 200 232 1000 1013 1000 1000 100 5
0.166667 0.163448 0.012204 200 189 1000 963 1000 1000 100 5
0.166667 0.174800 0.012114 200 204 1000 1007 1000 1000 100 5
0.166667 0.152825 0.011300 200 182 1000 1052 1000 1000 100 5
0.166667 0.183853 0.012373 200 202 1000 970 1000 1000 100 5
0.166667 0.166275 0.011596 200 198 1000 1043 1000 1000 100 5
0.166667 0.185552 0.012313 200 216 1000 1022 1000 1000 100 5
0.166667 0.176532 0.012562 200 187 1000 958 1000 1000 100 5
0.166667 0.168754 0.011802 200 183 1000 1006 1000 1000 100 5
0.166667 0.161710 0.011869 200 200 1000 1022 1000 1000 100 5
0.166667 0.181792 0.012522 200 223 1000 995 1000 1000 100 5
0.166667 0.187483 0.012587 200 207 1000 965 1000 1000 100 5
0.166667 0.159451 0.011894 200 180 1000 1001 1000 1000 100 5
0.166667 0.169826 0.012075 200 187 1000 983 1000 1000 100 5
0.166667 0.168729 0.012338 200 202 1000 966 1000 1000 100 5
0.166667 0.166053 0.012329 200 192 1000 998 1000 1000 100 5
0.166667 0.182710 0.012565 200 199 1000 960 1000 1000 100 5
0.166667 0.172915 0.012202 200 203 1000 1002 1000 1000 100 5
0.166667 0.190647 0.012202 200 215 1000 1005 1000 1000 100 5
0.166667 0.166317 0.011760 200 213 1000 1036 1000 1000 100 5
0.166667 0.171707 0.011797 200 210 1000 1037 1000 1000 100 5
0.166667 0.177401 0.011994 200 218 1000 1040 1000 1000 100 5
0.166667 0.177774 0.012204 200 217 1000 998 1000 1000 100 5
0.166667 0.211616 0.013025 200 234 1000 955 1000 1000 100 5
0.166667 0.188671 0.012526 200 216 1000 960 1000 1000 100 5
0.166667 0.157473 0.011756 200 174 1000 992 1000 1000 100 5
0.166667 0.171083 0.011903 200 200 1000 1010 1000 1000 100 5
0.166667 0.153261 0.011897 200 172 1000 1003 1000 1000 100 5
0.166667 0.169163 0.012277 200 205 1000 1004 1000 1000 100 5
0.166667 0.159401 0.011974 200 207 1000 1048 1000 1000 100 5
0.166667 0.172058 0.012282 200 193 1000 1000 1000 1000 100 5
0.166667 0.155511 0.012179 200 178 1000 981 1000 1000 100 5
0.166667 0.176785 0.012774 200 190 1000 920 1000 1000 100 5
0.166667 0.172616 0.011853 200 192 1000 1033 1000 1000 100 5
0.166667 0.167660 0.011752 200 189 1000 1015 1000 1000 100 5
0.166667 0.210482 0.013002 200 228 1000 952 1000 1000 100 5
0.166667 0.172994 0.011817 200 204 1000 1044 1000 1000 100 5
0.166667 0.184894 0.012127 200 220 1000 1028 1000 1000 100 5
0.166667 0.155871 0.012228 200 174 1000 967 1000 1000 100 5
0.166667 0.167897 0.012193 200 204 1000 986 1000 1000 100 5
0.166667 0.175922 0.012256 200 196 1000 964 1000 1000 100 5
0.166667 0.177477 0.012383 200 186 1000 959 1000 1000 100 5
0.166667 0.172106 0.012428 200 205 1000 977 1000 1000 100 5
0.166667 0.185006 0.012704 200 199 1000 935 1000 1000 100 5
0.166667 0.160800 0.011759 200 196 1000 1027 1000 1000 100 5
0.166667 0.180221 0.012217 200 209 1000 1011 1000 1000 100 5
0.166667 0.183274 0.012186 200 224 1000 1034 1000 1000 100 5
0.166667 0.180668 0.012282 200 208 1000 983 1000 1000 100 5
0.166667 0.161869 0.011868 200 194 1000 1036 1000 1000 100 5
0.166667 0.134609 0.011383 200 167 1000 1024 1000 1000 100 5
0.166667 0.178372 0.012547 200 205 1000 965 1000 1000 100 5
0.166667 0.182190 0.012349 200 214 1000 984 1000 1000 100 5
0.166667 0.180650 0.012272 200 199 1000 971 1000 1000 100 5
0.166667 0.171610 0.012068 200 198 1000 1009 1000 1000 100 5
0.166667 0.179714 0.012399 200 204 1000 975 1000 1000 100 5
0.166667 0.157972 0.011581 200 189 1000 1053 1000 1000 100 5
0.166667 0.177526 0.012210 200 200 1000 1019 1000 1000 100 5
0.166667 0.177758 0.012247 200 199 1000 1014 1000 1000 100 5
0.166667 0.165810 0.011723 200 201 1000 1045 1000 1000 100 5
0.166667 0.178129 0.012246 200 208 1000 993 1000 1000 100 5
0.166667 0.170535 0.011830 200 200 1000 1015 1000 1000 100 5
0.166667 0.144470 0.011122 200 185 1000 1092 1000 1000 100 5
0.166667 0.141095 0.011073 200 184 1000 1083 1000 1000 100 5
0.166667 0.170763 0.012262 200 199 1000 972 1000 1000 100 5
0.166667 0.167123 0.012245 200 185 1000 960 1000 1000 100 5
0.166667 0.176819 0.011857 200 209 1000 1021 1000 1000 100 5
0.166667 0.190407 0.012592 200 221 1000 978 1000 1000 100 5
0.166667 0.168946 0.011895 200 200 1000 1019 1000 1000 100 5
0.166667 0.192836 0.012867 200 215 1000 947 1000 1000 100 5
0.166667 0.165454 0.011935 200 187 1000 1012 1000 1000 100 5
0.166667 0.169513 0.012126 200 194 1000 997 1000 1000 100 5
0.166667 0.167194 0.011673 200 206 1000 1074 1000 1000 100 5
0.166667 0.184084 0.012101 200 214 1000 1036 1000 1000 100 5
0.166667 0.169133 0.011923 200 190 1000 1021 1000 1000 100 5
0.166667 0.173411 0.012159 200 204 1000 998 1000 1000 100 5
0.166667 0.181863 0.012284 200 197 1000 1015 1000 1000 100 5
0.166667 0.181389 0.012494 200 207 1000 974 1000 1000 100 5
0.166667 0.166496 0.012234 200 190 1000 978 1000 1000 100 5
0.166667 0.175764 0.012542 200 197 1000 960 1000 1000 100 5
0.166667 0.174752 0.012072 200 201 1000 1004 1000 1000 100 5
0.166667 0.157729 0.012019 200 184 1000 983 1000 1000 100 5
0.166667 0.202238 0.012676 200 231 1000 994 1000 1000 100 5
0.166667 0.173545 0.012043 200 193 1000 997 1000 1000 100 5
0.166667 0.158701 0.011889 200 184 1000 998 1000 1000 100 5
0.166667 0.163662 0.011920 200 186 1000 996 1000 1000 100 5
0.166667 0.169501 0.011940 200 199 1000 1012 1000 1000 100 5
0.166667 0.175944 0.012460 200 192 1000 959 1000 1000 100 5
0.166667 0.170506 0.011912 200 201 1000 1030 1000 1000 100 5
0.166667 0.186823 0.012277 200 224 1000 994 1000 1000 100 5
0.166667 0.177780 0.012167 200 206 1000 982 1000 1000 100 5
0.166667 0.173217 0.011844 200 201 1000 1028 1000 1000 100 5
0.166667 0.157046 0.011543 200 184 1000 1027 1000 1000 100 5
0.166667 0.189305 0.012456 200 220 1000 990 1000 1000 100 5
0.166667 0.183536 0.012341 200 211 1000 997 1000 1000 100 5
0.166667 0.172633 0.012375 200 199 1000 963 1000 1000 100 5
0.166667 0.186679 0.012292 200 227 1000 1041 1000 1000 100 5
0.166667 0.162858 0.012030 200 195 1000 1020 1000 1000 100 5
0.166667 0.175752 0.012385 200 192 1000 965 1000 1000 100 5
0.166667 0.170816 0.012285 200 219 1000 982 1000 1000 100 5
0.166667 0.168529 0.011716 200 193 1000 1033 1000 1000 100 5
0.166667 0.179990 0.012398 200 197 1000 975 1000 1000 100 5
0.166667 0.153467 0.011921 200 182 1000 996 1000 1000 100 5
0.166667 0.179199 0.011694 200 223 1000 1063 1000 1000 100 5
0.166667 0.185627 0.012196 200 209 1000 1009 1000 1000 100 5
0.166667 0.169893 0.011960 200 199 1000 1014 1000 1000 100 5
0.166667 0.156568 0.012113 200 185 1000 988 1000 1000 100 5
0.166667 0.189248 0.012465 200 209 1000 987 1000 1000 100 5
0.166667 0.166458 0.011880 200 199 1000 1023 1000 1000 100 5
0.166667 0.161269 0.011818 200 208 1000 1069 1000 1000 100 5
0.166667 0.166337 0.011818 200 183 1000 1020 1000 1000 100 5
0.166667 0.170794 0.011987 200 196 1000 995 1000 1000 100 5
0.166667 0.179229 0.012408 200 198 1000 979 1000 1000 100 5
0.166667 0.159969 0.011784 200 179 1000 998 1000 1000 100 5
0.166667 0.185822 0.012374 200 212 1000 998 1000 1000 100 5
0.166667 0.175321 0.012261 200 201 1000 1010 1000 1000 100 5
0.166667 0.164942 0.011892 200 190 1000 1002 1000 1000 100 5
0.166667 0.170049 0.011600 200 199 1000 1063 1000 1000 100 5
0.166667 0.163524 0.011694 200 202 1000 1028 1000 1000 100 5
0.166667 0.189570 0.012715 200 232 1000 970 1000 1000 100 5
0.166667 0.189624 0.012138 200 232 1000 1026 1000 1000 100 5
0.166667 0.177418 0.012256 200 204 1000 994 1000 1000 100 5
0.166667 0.160013 0.011555 200 193 1000 1070 1000 1000 100 5
0.166667 0.202579 0.012925 200 218 1000 947 1000 1000 100 5
0.166667 0.176309 0.012403 200 188 1000 979 1000 1000 100 5
0.166667 0.148209 0.011124 200 167 1000 1069 1000 1000 100 5
0.166667 0.190510 0.012224 200 218 1000 1030 1000 1000 100 5
0.166667 0.160973 0.011678 200 172 1000 998 1000 1000 100 5
0.166667 0.160630 0.011688 200 197 1000 1042 1000 1000 100 5
0.166667 0.177958 0.012226 200 206 1000 989 1000 1000 100 5
0.166667 0.190547 0.012192 200 206 1000 1008 1000 1000 100 5
0.166667 0.147341 0.011307 200 182 1000 1073 1000 1000 100 5
0.166667 0.171727 0.011958 200 210 1000 1045 1000 1000 100 5
0.166667 0.187331 0.012270 200 212 1000 1021 1000 1000 100 5
0.166667 0.168880 0.011945 200 190 1000 1008 1000 1000 100 5
0.166667 0.163068 0.012042 200 176 1000 1000 1000 1000 100 5
0.166667 0.155865 0.011738 200 180 1000 997 1000 1000 100 5
0.166667 0.165328 0.012078 200 191 1000 1008 1000 1000 100 5
0.166667 0.175917 0.012201 200 203 1000 988 1000 1000 100 5
0.166667 0.168054 0.012079 200 192 1000 1003 1000 1000 100 5
0.166667 0.177958 0.012087 200 202 1000 992 1000 1000 100 5
0.166667 0.160023 0.011815 200 188 1000 1018 1000 1000 100 5
0.166667 0.174963 0.012205 200 200 1000 987 1000 1000 100 5
0.166667 0.149177 0.011403 200 175 1000 1025 1000 1000 100 5
0.166667 0.173606 0.012000 200 204 1000 1007 1000 1000 100 5
0.166667 0.166225 0.011767 200 190 1000 1015 1000 1000 100 5
0.166667 0.194189 0.012427 200 230 1000 1010 1000 1000 100 5
0.166667 0.186361 0.012408 200 218 1000 971 1000 1000 100 5
0.166667 0.168274 0.012379 200 202 1000 963 1000 1000 100 5
0.166667 0.199883 0.012636 200 231 1000 957 1000 1000 100 5
0.166667 0.161809 0.012112 200 191 1000 972 1000 1000 100 5
0.166667 0.174399 0.012020 200 196 1000 1021 1000 1000 100 5
0.166667 0.205926 0.012917 200 222 1000 946 1000 1000 100 5
0.166667 0.179939 0.011871 200 215 1000 1027 1000 1000 100 5
0.166667 0.161867 0.012250 200 200 1000 992 1000 1000 100 5
0.166667 0.186323 0.012325 200 223 1000 1008 1000 1000 100 5
0.166667 0.169803 0.012445 200 195 1000 972 1000 1000 100 5
0.166667 0.174960 0.012023 200 202 1000 1006 1000 1000 100 5
0.166667 0.170052 0.011782 200 193 1000 1042 1000 1000 100 5
0.166667 0.172426 0.012070 200 208 1000 1017 1000 1000 100 5
0.166667 0.184653 0.012730 200 195 1000 922 1000 1000 100 5
0.166667 0.154402 0.011543 200 182 1000 1037 1000 1000 100 5
0.166667 0.199570 0.012503 200 232 1000 1002 1000 1000 100 5
0.166667 0.180923 0.012147 200 211 1000 1046 1000 1000 100 5
0.166667 0.158419 0.012101 200 189 1000 984 1000 1000 100 5
0.166667 0.158960 0.011728 200 171 1000 1019 1000 1000 100 5
0.166667 0.186863 0.012001 200 221 1000 1039 1000 1000 100 5
0.166667 0.180909 0.012528 200 202 1000 972 1000 1000 100 5
0.166667 0.171881 0.011932 200 199 1000 1011 1000 1000 100 5
0.166667 0.177249 0.012087 200 206 1000 1008 1000 1000 100 5
0.166667 0.159225 0.011684 200 203 1000 1070 1000 1000 100 5
0.166667 0.174021 0.012206 200 200 1000 988 1000 1000 100 5
0.166667 0.157802 0.011761 200 200 1000 1042 1000 1000 100 5
0.166667 0.183044 0.011911 200 204 1000 1049 1000 1000 100 5
0.166667 0.170048 0.012258 200 190 1000 972 1000 1000 100 5
0.166667 0.153743 0.011468 200 193 1000 1058 1000 1000 100 5
0.166667 0.176024 0.012140 200 219 1000 1029 1000 1000 100 5
0.166667 0.177045 0.012171 200 206 1000 988 1000 1000 100 5
0.166667 0.192148 0.012345 200 216 1000 982 1000 1000 100 5
0.166667 0.165956 0.011927 200 184 1000 1017 1000 1000 100 5
0.166667 0.181399 0.012804 200 207 1000 939 1000 1000 100 5
0.166667 0.197749 0.012441 200 227 1000 984 1000 1000 100 5
0.166667 0.160846 0.011738 200 196 1000 1030 1000 1000 100 5
0.166667 0.156099 0.011940 200 190 1000 986 1000 1000 100 5
0.166667 0.182090 0.012489 200 204 1000 942 1000 1000 100 5
0.166667 0.185375 0.012147 200 207 1000 1010 1000 1000 100 5
0.166667 0.159106 0.012213 200 184 1000 961 1000 1000 100 5
0.166667 0.171628 0.012114 200 202 1000 1004 1000 1000 100 5
0.166667 0.168712 0.011781 200 202 1000 1030 1000 1000 100 5
0.166667 0.158827 0.011472 200 181 1000 1041 1000 1000 100 5
0.166667 0.177245 0.012403 200 198 1000 976 1000 1000 100 5
0.166667 0.184096 0.012368 200 198 1000 971 1000 1000 100 5
0.166667 0.160269 0.011969 200 194 1000 1013 1000 1000 100 5
0.166667 0.183700 0.012249 200 216 1000 1026 1000 1000 100 5
0.166667 0.189346 0.012308 200 214 1000 992 1000 1000 100 5
0.166667 0.173533 0.012107 200 202 1000 1010 1000 1000 100 5
0.166667 0.150354 0.011554 200 185 1000 1070 1000 1000 100 5
0.166667 0.177274 0.012179 200 212 1000 1002 1000 1000 100 5
0.166667 0.159203 0.011642 200 186 1000 1016 1000 1000 100 5
0.166667 0.192140 0.012636 200 222 1000 970 1000 1000 100 5
0.166667 0.163297 0.012058 200 183 1000 982 1000 1000 100 5
0.166667 0.196650 0.012681 200 221 1000 960 1000 1000 100 5
0.166667 0.172419 0.011934 200 194 1000 1001 1000 1000 100 5
0.166667 0.175740 0.012094 200 194 1000 1008 1000 1000 100 5
0.166667 0.188935 0.012228 200 229 1000 1015 1000 1000 100 5
0.166667 0.178261 0.012052 200 201 1000 998 1000 1000 100 5
0.166667 0.174726 0.012320 200 210 1000 988 1000 1000 100 5
0.166667 0.183762 0.012185 200 221 1000 1017 1000 1000 100 5
0.166667 0.175792 0.012203 200 190 1000 970 1000 1000 100 5
0.166667 0.192340 0.012465 200 202 1000 969 1000 1000 100 5
0.166667 0.176326 0.012016 200 205 1000 1013 1000 1000 100 5
0.166667 0.173279 0.012324 200 181 1000 981 1000 1000 100 5
0.166667 0.187735 0.012186 200 231 1000 1002 1000 1000 100 5
0.166667 0.155281 0.011331 200 202 1000 1068 1000 1000 100 5
0.166667 0.178526 0.012267 200 208 1000 994 1000 1000 100 5
0.166667 0.170436 0.011898 200 194 1000 1008 1000 1000 100 5
0.166667 0.163236 0.011739 200 197 1000 1017 1000 1000 100 5
0.166667 0.160989 0.011938 200 181 1000 973 1000 1000 100 5
0.166667 0.157349 0.012235 200 182 1000 969 1000 1000 100 5
0.166667 0.179814 0.012518 200 197 1000 962 1000 1000 100 5
0.166667 0.203473 0.012770 200 215 1000 937 1000 1000 100 5
0.166667 0.180267 0.012146 200 195 1000 1014 1000 1000 100 5
0.166667 0.173338 0.012116 200 204 1000 986 1000 1000 100 5
0.166667 0.179287 0.012191 200 203 1000 1009 1000 1000 100 5
0.166667 0.173515 0.012063 200 198 1000 1005 1000 1000 100 5
0.166667 0.185907 0.012385 200 221 1000 994 1000 1000 100 5
0.166667 0.163018 0.011638 200 199 1000 1064 1000 1000 100 5
0.166667 0.174853 0.012342 200 184 1000 968 1000 1000 100 5
0.166667 0.183964 0.012470 200 204 1000 975 1000 1000 100 5
0.166667 0.166032 0.011739 200 204 1000 1056 1000 1000 100 5
0.166667 0.167600 0.012067 200 207 1000 1012 1000 1000 100 5
0.166667 0.154680 0.011802 200 179 1000 995 1000 1000 100 5
0.166667 0.163665 0.011841 200 193 1000 995 1000 1000 100 5
0.166667 0.164722 0.011730 200 192 1000 1029 1000 1000 100 5
0.166667 0.160661 0.011725 200 183 1000 1039 1000 1000 100 5
0.166667 0.165054 0.011824 200 194 1000 1026 1000 1000 100 5
0.166667 0.180430 0.012439 200 205 1000 976 1000 1000 100 5
0.166667 0.169797 0.011816 200 225 1000 1051 1000 1000 100 5
0.166667 0.147653 0.011517 200 180 1000 1009 1000 1000 100 5
0.166667 0.166319 0.011958 200 199 1000 1010 1000 1000 100 5
0.166667 0.191803 0.012630 200 197 1000 937 1000 1000 100 5
0.166667 0.156285 0.012027 200 186 1000 969 1000 1000 100 5
0.166667 0.166244 0.011571 200 193 1000 1036 1000 1000 100 5
0.166667 0.160969 0.011988 200 186 1000 997 1000 1000 100 5
0.166667 0.171823 0.012233 200 188 1000 996 1000 1000 100 5
0.166667 0.165329 0.012139 200 178 1000 958 1000 1000 100 5
0.166667 0.158903 0.011735 200 195 1000 1059 1000 1000 100 5
0.166667 0.177329 0.012643 200 192 1000 940 1000 1000 100 5
0.166667 0.176135 0.011951 200 190 1000 1031 1000 1000 100 5
0.166667 0.179980 0.012145 200 204 1000 998 1000 1000 100 5
0.166667 0.179554 0.012712 200 185 1000 925 1000 1000 100 5
0.166667 0.166270 0.011919 200 199 1000 1008 1000 1000 100 5
0.166667 0.179854 0.011672 200 207 1000 1063 1000 1000 100 5
0.166667 0.163111 0.012051 200 173 1000 994 1000 1000 100 5
0.166667 0.169182 0.012216 200 178 1000 998 1000 1000 100 5
0.166667 0.180902 0.012142 200 227 1000 1051 1000 1000 100 5
0.166667 0.175257 0.012117 200 196 1000 990 1000 1000 100 5
0.166667 0.172567 0.012123 200 186 1000 976 1000 1000 100 5
0.166667 0.186132 0.012380 200 211 1000 1020 1000 1000 100 5
0.166667 0.177453 0.012228 200 200 1000 993 1000 1000 100 5
0.166667 0.158614 0.012102 200 182 1000 991 1000 1000 100 5
0.166667 0.172917 0.012376 200 189 1000 977 1000 1000 100 5
0.166667 0.171146 0.012107 200 180 1000 988 1000 1000 100 5
0.166667 0.179358 0.012285 200 195 1000 981 1000 1000 100 5
0.166667 0.181599 0.012317 200 210 1000 1014 1000 1000 100 5
0.166667 0.166224 0.011374 200 209 1000 1084 1000 1000 100 5
0.166667 0.171115 0.011991 200 191 1000 998 1000 1000 100 5
0.166667 0.165395 0.011818 200 185 1000 1045 1000 1000 100 5
0.166667 0.191783 0.012437 200 213 1000 992 1000 1000 100 5
0.166667 0.166704 0.011961 200 197 1000 989 1000 1000 100 5
0.166667 0.173659 0.012503 200 193 1000 945 1000 1000 100 5
0.166667 0.188888 0.012179 200 215 1000 1011 1000 1000 100 5
0.166667 0.189433 0.012621 200 207 1000 950 1000 1000 100 5
0.166667 0.173193 0.012306 200 185 1000 956 1000 1000 100 5
0.166667 0.177392 0.012012 200 210 1000 1016 1000 1000 100 5
0.166667 0.156754 0.011822 200 189 1000 1041 1000 1000 100 5
0.166667 0.170923 0.012041 200 188 1000 1004 1000 1000 100 5
0.166667 0.155631 0.011741 200 178 1000 1015 1000 1000 100 5
0.166667 0.182027 0.012143 200 207 1000 999 1000 1000 100 5
0.166667 0.172721 0.012011 200 202 1000 1043 1000 1000 100 5
0.166667 0.188795 0.012553 200 214 1000 994 1000 1000 100 5
0.166667 0.177517 0.012657 200 213 1000 955 1000 1000 100 5
0.166667 0.174432 0.011899 200 212 1000 1041 1000 1000 100 5
0.166667 0.160032 0.011807 200 185 1000 1011 1000 1000 100 5
0.166667 0.179722 0.011916 200 212 1000 1036 1000 1000 100 5
0.166667 0.178475 0.012023 200 208 1000 1025 1000 1000 100 5
0.166667 0.180139 0.012200 200 203 1000 1023 1000 1000 100 5
0.166667 0.165462 0.012481 200 177 1000 939 1000 1000 100 5
0.166667 0.160114 0.012435 200 180 1000 946 1000 1000 100 5
0.166667 0.172518 0.012263 200 205 1000 1009 1000 1000 100 5
0.166667 0.179796 0.012207 200 188 1000 993 1000 1000 100 5
0.166667 0.184741 0.012587 200 195 1000 979 1000 1000 100 5
0.166667 0.176478 0.012548 200 210 1000 959 1000 1000 100 5
0.166667 0.156053 0.011713 200 190 1000 1030 1000 1000 100 5
0.166667 0.164401 0.011883 200 194 1000 1021 1000 1000 100 5
0.166667 0.171996 0.011857 200 208 1000 1048 1000 1000 100 5
0.166667 0.169315 0.012289 200 193 1000 1013 1000 1000 100 5
0.166667 0.186021 0.012470 200 203 1000 1002 1000 1000 100 5
0.166667 0.161107 0.011748 200 195 1000 1008 1000 1000 100 5
0.166667 0.151670 0.011256 200 184 1000 1070 1000 1000 100 5
0.166667 0.183157 0.012137 200 203 1000 1018 1000 1000 100 5
0.166667 0.188531 0.012764 200 221 1000 939 1000 1000 100 5
0.166667 0.159718 0.011914 200 189 1000 997 1000 1000 100 5
0.166667 0.168272 0.012411 200 185 1000 964 1000 1000 100 5
0.166667 0.185223 0.012373 200 209 1000 1005 1000 1000 100 5
0.166667 0.178034 0.012299 200 194 1000 984 1000 1000 100 5
0.166667 0.189789 0.012585 200 218 1000 991 1000 1000 100 5
0.166667 0.197513 0.012479 200 241 1000 1005 1000 1000 100 5
0.166667 0.185554 0.012730 200 218 1000 988 1000 1000 100 5
0.166667 0.186734 0.012138 200 197 1000 1002 1000 1000 100 5
0.166667 0.168446 0.012000 200 201 1000 1029 1000 1000 100 5
0.166667 0.165314 0.012014 200 203 1000 994 1000 1000 100 5
0.166667 0.172381 0.012744 200 189 1000 937 1000 1000 100 5
0.166667 0.184442 0.011918 200 206 1000 1046 1000 1000 100 5
0.166667 0.177180 0.012240 200 197 1000 980 1000 1000 100 5
0.166667 0.139945 0.011601 200 163 1000 976 1000 1000 100 5
0.166667 0.192195 0.012658 200 226 1000 974 1000 1000 100 5
0.166667 0.161531 0.011896 200 180 1000 1018 1000 1000 100 5
0.166667 0.191960 0.012370 200 213 1000 1001 1000 1000 100 5
0.166667 0.183877 0.012305 200 214 1000 1016 1000 1000 100 5
0.166667 0.163587 0.011932 200 180 1000 988 1000 1000 100 5
0.166667 0.178723 0.012179 200 197 1000 996 1000 1000 100 5
0.166667 0.139330 0.011018 200 174 1000 1049 1000 1000 100 5
0.166667 0.180220 0.012227 200 189 1000 998 1000 1000 100 5
0.166667 0.202679 0.012944 200 218 1000 948 1000 1000 100 5
0.166667 0.163220 0.012097 200 195 1000 1004 1000 1000 100 5
0.166667 0.166281 0.011495 200 188 1000 1066 1000 1000 100 5
0.166667 0.181159 0.012147 200 225 1000 1017 1000 1000 100 5
0.166667 0.141763 0.011404 200 164 1000 1001 1000 1000 100 5
0.166667 0.174742 0.011972 200 205 1000 1031 1000 1000 100 5
0.166667 0.178732 0.012187 200 207 1000 1018 1000 1000 100 5
0.166667 0.170409 0.011547 200 204 1000 1072 1000 1000 100 5
0.166667 0.174163 0.012123 200 201 1000 982 1000 1000 100 5
0.166667 0.162317 0.011992 200 189 1000 997 1000 1000 100 5
0.166667 0.169938 0.011912 200 202 1000 1023 1000 1000 100 5
0.166667 0.193884 0.012420 200 227 1000 1001 1000 1000 100 5
0.166667 0.160048 0.011999 200 179 1000 966 1000 1000 100 5
0.166667 0.183120 0.012629 200 197 1000 960 1000 1000 100 5
0.166667 0.194050 0.012519 200 239 1000 978 1000 1000 100 5
0.166667 0.171518 0.012252 200 201 1000 981 1000 1000 100 5
0.166667 0.163247 0.011991 200 187 1000 999 1000 1000 100 5
0.166667 0.160852 0.011843 200 180 1000 992 1000 1000 100 5
0.166667 0.157476 0.011889 200 193 1000 1005 1000 1000 100 5
0.166667 0.164830 0.011859 200 201 1000 1030 1000 1000 100 5
0.166667 0.162784 0.012164 200 197 1000 987 1000 1000 100 5
0.166667 0.162763 0.011970 200 189 1000 1004 1000 1000 100 5
0.166667 0.176947 0.012339 200 185 1000 945 1000 1000 100 5
0.166667 0.164616 0.011896 200 203 1000 1031 1000 1000 100 5
0.166667 0.170148 0.011916 200 218 1000 1024 1000 1000 100 5
0.166667 0.166861 0.011624 200 202 1000 1045 1000 1000 100 5
0.166667 0.165838 0.011898 200 201 1000 1004 1000 1000 100 5
0.166667 0.165914 0.012140 200 205 1000 1004 1000 1000 100 5
0.166667 0.169836 0.012183 200 191 1000 994 1000 1000 100 5
0.166667 0.168267 0.011897 200 200 1000 1028 1000 1000 100 5
0.166667 0.164266 0.012127 200 188 1000 973 1000 1000 100 5
0.166667 0.193772 0.012548 200 213 1000 972 1000 1000 100 5
0.166667 0.176159 0.012267 200 205 1000 1004 1000 1000 100 5
0.166667 0.191763 0.012569 200 216 1000 978 1000 1000 100 5
0.166667 0.141452 0.011342 200 170 1000 1026 1000 1000 100 5
0.166667 0.149423 0.011366 200 184 1000 1061 1000 1000 100 5
0.166667 0.178558 0.012099 200 221 1000 1014 1000 1000 100 5
0.166667 0.170890 0.011974 200 199 1000 1024 1000 1000 100 5
0.166667 0.173228 0.011931 200 205 1000 1012 1000 1000 100 5
0.166667 0.182592 0.012461 200 202 1000 971 1000 1000 100 5
0.166667 0.164467 0.011974 200 179 1000 1000 1000 1000 100 5
0.166667 0.165143 0.012016 200 182 1000 982 1000 1000 100 5
0.166667 0.185389 0.012420 200 197 1000 984 1000 1000 100 5
0.166667 0.170834 0.012151 200 195 1000 1005 1000 1000 100 5
0.166667 0.162935 0.012244 200 184 1000 948 1000 1000 100 5
0.166667 0.162950 0.011975 200 178 1000 1008 1000 1000 100 5
0.166667 0.173190 0.012117 200 198 1000 1016 1000 1000 100 5
0.166667 0.163072 0.011707 200 200 1000 1046 1000 1000 100 5
0.166667 0.173406 0.012454 200 194 1000 967 1000 1000 100 5
0.166667 0.191422 0.012524 200 218 1000 984 1000 1000 100 5
0.166667 0.144410 0.011682 200 184 1000 1026 1000 1000 100 5
0.166667 0.157639 0.011554 200 187 1000 1065 1000 1000 100 5
0.166667 0.174705 0.012179 200 199 1000 992 1000 1000 100 5
0.166667 0.174558 0.011708 200 196 1000 1031 1000 1000 100 5
0.166667 0.159257 0.011076 200 202 1000 1117 1000 1000 100 5
0.166667 0.164782 0.011912 200 199 1000 1013 1000 1000 100 5
0.166667 0.176817 0.012622 200 208 1000 962 1000 1000 100 5
0.166667 0.179917 0.012228 200 194 1000 1006 1000 1000 100 5
0.166667 0.154825 0.011872 200 185 1000 1011 1000 1000 100 5
0.166667 0.187002 0.012359 200 209 1000 977 1000 1000 100 5
0.166667 0.196159 0.012936 200 219 1000 926 1000 1000 100 5
0.166667 0.183535 0.012265 200 204 1000 995 1000 1000 100 5
0.166667 0.165271 0.012314 200 178 1000 963 1000 1000 100 5
0.166667 0.162864 0.012580 200 181 1000 929 1000 1000 100 5
0.166667 0.171530 0.012066 200 202 1000 978 1000 1000 100 5
0.166667 0.170306 0.011840 200 199 1000 1071 1000 1000 100 5
0.166667 0.169521 0.012024 200 201 1000 988 1000 1000 100 5
0.166667 0.169044 0.012174 200 179 1000 978 1000 1000 100 5
0.166667 0.165276 0.011838 200 185 1000 998 1000 1000 100 5
0.166667 0.162020 0.011790 200 185 1000 1043 1000 1000 100 5
0.166667 0.204777 0.012792 200 232 1000 964 1000 1000 100 5
0.166667 0.175676 0.011789 200 208 1000 1042 1000 1000 100 5
0.166667 0.170963 0.012427 200 200 1000 947 1000 1000 100 5
0.166667 0.171058 0.012129 200 203 1000 1008 1000 1000 100 5
0.166667 0.151950 0.011112 200 173 1000 1058 1000 1000 100 5
0.166667 0.180961 0.012321 200 213 1000 994 1000 1000 100 5
0.166667 0.194615 0.012644 200 215 1000 957 1000 1000 100 5
0.166667 0.196103 0.012218 200 226 1000 1033 1000 1000 100 5
0.166667 0.167202 0.012110 200 201 1000 1010 1000 1000 100 5
0.166667 0.159078 0.011575 200 193 1000 1068 1000 1000 100 5
0.166667 0.162995 0.012103 200 191 1000 1008 1000 1000 100 5
0.166667 0.146775 0.011395 200 183 1000 1038 1000 1000 100 5
0.166667 0.182071 0.011963 200 204 1000 1024 1000 1000 100 5
0.166667 0.173479 0.012153 200 206 1000 1020 1000 1000 100 5
0.166667 0.181225 0.012160 200 208 1000 990 1000 1000 100 5
0.166667 0.171972 0.011928 200 183 1000 963 1000 1000 100 5
0.166667 0.173276 0.012511 200 205 1000 980 1000 1000 100 5
0.166667 0.168226 0.011893 200 210 1000 1038 1000 1000 100 5
0.166667 0.171546 0.012284 200 193 1000 966 1000 1000 100 5
0.166667 0.174196 0.012127 200 204 1000 1006 1000 1000 100 5
0.166667 0.189132 0.012595 200 209 1000 983 1000 1000 100 5
0.166667 0.170328 0.011619 200 207 1000 1042 1000 1000 100 5
0.166667 0.181761 0.012376 200 193 1000 977 1000 1000 100 5
0.166667 0.162966 0.011874 200 205 1000 1028 1000 1000 100 5
0.166667 0.146737 0.011715 200 179 1000 1005 1000 1000 100 5
0.166667 0.184117 0.012191 200 207 1000 1007 1000 1000 100 5
0.166667 0.162926 0.012001 200 173 1000 999 1000 1000 100 5
0.166667 0.164696 0.012232 200 193 1000 970 1000 1000 100 5
0.166667 0.161413 0.011884 200 182 1000 1006 1000 1000 100 5
0.166667 0.161028 0.011813 200 191 1000 1015 1000 1000 100 5
0.166667 0.176511 0.012242 200 206 1000 987 1000 1000 100 5
0.166667 0.176000 0.012279 200 196 1000 956 1000 1000 100 5
0.166667 0.159716 0.011833 200 190 1000 1014 1000 1000 100 5
0.166667 0.173396 0.012499 200 188 1000 949 1000 1000 100 5
0.166667 0.178084 0.012169 200 191 1000 970 1000 1000 100 5
0.166667 0.167044 0.011753 200 191 1000 1039 1000 1000 100 5
0.166667 0.188603 0.012596 200 194 1000 959 1000 1000 100 5
0.166667 0.172833 0.012304 200 195 1000 950 1000 1000 100 5
0.166667 0.183201 0.012596 200 211 1000 978 1000 1000 100 5
0.166667 0.173731 0.012217 200 187 1000 970 1000 1000 100 5
0.166667 0.168056 0.012110 200 201 1000 1009 1000 1000 100 5
0.166667 0.160042 0.011926 200 190 1000 1004 1000 1000 100 5
0.166667 0.184487 0.012240 200 196 1000 1000 1000 1000 100 5
0.166667 0.155421 0.011988 200 181 1000 1001 1000 1000 100 5
0.166667 0.170875 0.012403 200 196 1000 958 1000 1000 100 5
0.166667 0.185104 0.012634 200 215 1000 963 1000 1000 100 5
0.166667 0.163083 0.012159 200 179 1000 1007 1000 1000 100 5
0.166667 0.167698 0.012113 200 188 1000 999 1000 1000 100 5
0.166667 0.148071 0.011926 200 168 1000 992 1000 1000 100 5
0.166667 0.173141 0.011941 200 189 1000 1002 1000 1000 100 5
0.166667 0.147208 0.011082 200 187 1000 1093 1000 1000 100 5
0.166667 0.174753 0.011967 200 211 1000 1059 1000 1000 100 5
0.166667 0.171942 0.012161 200 208 1000 994 1000 1000 100 5
0.166667 0.161586 0.011982 200 180 1000 992 1000 1000 100 5
0.166667 0.179167 0.012412 200 188 1000 942 1000 1000 100 5
0.166667 0.191772 0.012621 200 225 1000 991 1000 1000 100 5
0.166667 0.190746 0.012346 200 222 1000 991 1000 1000 100 5
0.166667 0.178042 0.012098 200 205 1000 995 1000 1000 100 5
0.166667 0.163185 0.011747 200 193 1000 1030 1000 1000 100 5
0.166667 0.193719 0.012517 200 232 1000 985 1000 1000 100 5
0.166667 0.193197 0.012350 200 230 1000 1026 1000 1000 100 5
0.166667 0.192461 0.012534 200 206 1000 968 1000 1000 100 5
0.166667 0.184863 0.012534 200 207 1000 970 1000 1000 100 5
0.166667 0.165248 0.011784 200 190 1000 1027 1000 1000 100 5
0.166667 0.152437 0.011481 200 192 1000 1037 1000 1000 100 5
0.166667 0.182014 0.012132 200 213 1000 1020 1000 1000 100 5
0.166667 0.175763 0.012131 200 206 1000 1017 1000 1000 100 5
0.166667 0.177909 0.012037 200 196 1000 1009 1000 1000 100 5
0.166667 0.160805 0.011566 200 196 1000 1055 1000 1000 100 5
0.166667 0.195860 0.012570 200 221 1000 986 1000 1000 100 5
0.166667 0.183572 0.012429 200 204 1000 986 1000 1000 100 5
0.166667 0.176381 0.012428 200 203 1000 974 1000 1000 100 5
0.166667 0.166374 0.012099 200 201 1000 1008 1000 1000 100 5
0.166667 0.195933 0.012580 200 229 1000 979 1000 1000 100 5
0.166667 0.158446 0.011861 200 190 1000 999 1000 1000 100 5
0.166667 0.194264 0.012479 200 213 1000 990 1000 1000 100 5
0.166667 0.152391 0.011643 200 174 1000 978 1000 1000 100 5
0.166667 0.158306 0.011635 200 186 1000 1031 1000 1000 100 5
0.166667 0.199111 0.012855 200 226 1000 959 1000 1000 100 5
0.166667 0.183674 0.012137 200 218 1000 1017 1000 1000 100 5
0.166667 0.179661 0.012405 200 201 1000 1000 1000 1000 100 5
0.166667 0.163976 0.012152 200 200 1000 981 1000 1000 100 5
0.166667 0.169291 0.011963 200 210 1000 1006 1000 1000 100 5
0.166667 0.189266 0.012403 200 208 1000 996 1000 1000 100 5
0.166667 0.151025 0.011688 200 171 1000 1018 1000 1000 100 5
0.166667 0.180282 0.012608 200 207 1000 971 1000 1000 100 5
0.166667 0.179679 0.012303 200 197 1000 985 1000 1000 100 5
0.166667 0.187760 0.012275 200 197 1000 977 1000 1000 100 5
0.166667 0.193794 0.012306 200 219 1000 1000 1000 1000 100 5
0.166667 0.183561 0.012194 200 215 1000 999 1000 1000 100 5
0.166667 0.168348 0.011622 200 193 1000 1042 1000 1000 100 5
0.166667 0.178349 0.012300 200 212 1000 1005 1000 1000 100 5
0.166667 0.194499 0.012531 200 223 1000 991 1000 1000 100 5
0.166667 0.180342 0.012093 200 201 1000 1016 1000 1000 100 5
0.166667 0.187717 0.012423 200 209 1000 1005 1000 1000 100 5
0.166667 0.165509 0.011968 200 195 1000 1002 1000 1000 100 5
0.166667 0.175717 0.012044 200 196 1000 1017 1000 1000 100 5
0.166667 0.178654 0.012118 200 198 1000 992 1000 1000 100 5
0.166667 0.176930 0.012583 200 208 1000 996 1000 1000 100 5
0.166667 0.153504 0.011773 200 190 1000 1018 1000 1000 100 5
0.166667 0.175620 0.012261 200 199 1000 1011 1000 1000 100 5
0.166667 0.167688 0.012133 200 212 1000 993 1000 1000 100 5
0.166667 0.191763 0.012377 200 224 1000 1031 1000 1000 100 5
0.166667 0.165083 0.012047 200 193 1000 977 1000 1000 100 5
0.166667 0.158275 0.011647 200 193 1000 1052 1000 1000 100 5
0.166667 0.158976 0.012217 200 179 1000 991 1000 1000 100 5
0.166667 0.149615 0.012012 200 169 1000 976 1000 1000 100 5
0.166667 0.174409 0.012101 200 197 1000 994 1000 1000 100 5
0.166667 0.190064 0.012423 200 205 1000 971 1000 1000 100 5
0.166667 0.188896 0.012695 200 204 1000 934 1000 1000 100 5
0.166667 0.182211 0.012538 200 205 1000 985 1000 1000 100 5
0.166667 0.179681 0.012290 200 197 1000 1019 1000 1000 100 5
0.166667 0.166092 0.012238 200 191 1000 961 1000 1000 100 5
0.166667 0.177100 0.012334 200 202 1000 986 1000 1000 100 5
0.166667 0.159928 0.011786 200 177 1000 1021 1000 1000 100 5
0.166667 0.176629 0.012119 200 204 1000 1008 1000 1000 100 5
0.166667 0.183056 0.011982 200 217 1000 1037 1000 1000 100 5
0.166667 0.170744 0.012030 200 218 1000 1033 1000 1000 100 5
0.166667 0.165627 0.011965 200 187 1000 1007 1000 1000 100 5
0.166667 0.164375 0.012179 200 192 1000 986 1000 1000 100 5
0.166667 0.178824 0.012695 200 212 1000 967 1000 1000 100 5
0.166667 0.161404 0.011604 200 190 1000 1072 1000 1000 100 5
0.166667 0.173192 0.012529 200 191 1000 962 1000 1000 100 5
0.166667 0.179074 0.012210 200 208 1000 994 1000 1000 100 5
0.166667 0.175780 0.012172 200 207 1000 987 1000 1000 100 5
0.166667 0.191080 0.012338 200 221 1000 999 1000 1000 100 5
0.166667 0.159671 0.011850 200 181 1000 1011 1000 1000 100 5
0.166667 0.176528 0.012149 200 208 1000 992 1000 1000 100 5
0.166667 0.152129 0.011330 200 185 1000 1029 1000 1000 100 5
0.166667 0.177376 0.012236 200 206 1000 995 1000 1000 100 5
0.166667 0.194537 0.012414 200 228 1000 979 1000 1000 100 5
0.166667 0.163461 0.011686 200 198 1000 1018 1000 1000 100 5
0.166667 0.222301 0.013044 200 231 1000 932 1000 1000 100 5
0.166667 0.188548 0.012531 200 222 1000 1011 1000 1000 100 5
0.166667 0.173651 0.011939 200 191 1000 1004 1000 1000 100 5
0.166667 0.155095 0.011748 200 178 1000 981 1000 1000 100 5
0.166667 0.174381 0.012202 200 187 1000 995 1000 1000 100 5
0.166667 0.195029 0.012726 200 218 1000 953 1000 1000 100 5
0.166667 0.168914 0.012542 200 185 1000 939 1000 1000 100 5
0.166667 0.169300 0.012074 200 203 1000 991 1000 1000 100 5
0.166667 0.202528 0.012777 200 228 1000 981 1000 1000 100 5
0.166667 0.154413 0.011564 200 194 1000 1065 1000 1000 100 5
0.166667 0.167101 0.012131 200 189 1000 988 1000 1000 100 5
0.166667 0.175526 0.012192 200 213 1000 1006 1000 1000 100 5
0.166667 0.159865 0.012224 200 210 1000 989 1000 1000 100 5
0.166667 0.157298 0.011765 200 194 1000 1005 1000 1000 100 5
0.166667 0.189146 0.012686 200 223 1000 970 1000 1000 100 5
0.166667 0.164747 0.011680 200 190 1000 1035 1000 1000 100 5
0.166667 0.164985 0.011577 200 187 1000 1048 1000 1000 100 5
0.166667 0.158795 0.011907 200 183 1000 989 1000 1000 100 5
0.166667 0.159914 0.011988 200 181 1000 975 1000 1000 100 5
0.166667 0.190868 0.012890 200 203 1000 953 1000 1000 100 5
0.166667 0.172101 0.012090 200 193 1000 998 1000 1000 100 5
0.166667 0.169174 0.012265 200 203 1000 1019 1000 1000 100 5
0.166667 0.149962 0.011662 200 180 1000 1008 1000 1000 100 5
0.166667 0.171639 0.011927 200 189 1000 1025 1000 1000 100 5
0.166667 0.173213 0.011812 200 199 1000 1029 1000 1000 100 5
0.166667 0.166043 0.011548 200 206 1000 1108 1000 1000 100 5
0.166667 0.166920 0.012331 200 194 1000 968 1000 1000 100 5
0.166667 0.156404 0.011990 200 184 1000 967 1000 1000 100 5
0.166667 0.199759 0.012863 200 221 1000 959 1000 1000 100 5
0.166667 0.180547 0.012051 200 212 1000 1034 1000 1000 100 5
0.166667 0.161110 0.012161 200 183 1000 969 1000 1000 100 5
0.166667 0.183517 0.012307 200 211 1000 1019 1000 1000 100 5
0.166667 0.179829 0.012227 200 210 1000 1008 1000 1000 100 5
0.166667 0.172932 0.012320 200 189 1000 960 1000 1000 100 5
0.166667 0.182561 0.012128 200 211 1000 1008 1000 1000 100 5
0.166667 0.172372 0.011828 200 207 1000 1051 1000 1000 100 5
0.166667 0.196944 0.012452 200 209 1000 976 1000 1000 100 5
0.166667 0.188496 0.012515 200 219 1000 998 1000 1000 100 5
0.166667 0.156254 0.011963 200 189 1000 1008 1000 1000 100 5
0.166667 0.193237 0.012381 200 232 1000 1041 1000 1000 100 5
0.166667 0.178032 0.012507 200 199 1000 983 1000 1000 100 5
0.166667 0.168751 0.012221 200 199 1000 960 1000 1000 100 5
0.166667 0.168824 0.012281 200 187 1000 964 1000 1000 100 5
0.166667 0.172717 0.012217 200 209 1000 985 1000 1000 100 5
0.166667 0.173216 0.012152 200 197 1000 999 1000 1000 100 5
0.166667 0.201892 0.012736 200 217 1000 976 1000 1000 100 5
0.166667 0.186780 0.012230 200 212 1000 1038 1000 1000 100 5
0.166667 0.160261 0.011868 200 186 1000 1022 1000 1000 100 5
0.166667 0.168294 0.011787 200 203 1000 1017 1000 1000 100 5
0.166667 0.202393 0.012407 200 233 1000 1024 1000 1000 100 5
0.166667 0.171903 0.011970 200 211 1000 1033 1000 1000 100 5
0.166667 0.177576 0.012255 200 194 1000 965 1000 1000 100 5
0.166667 0.157234 0.012387 200 175 1000 945 1000 1000 100 5
0.166667 0.164636 0.011692 200 189 1000 1043 1000 1000 100 5
0.166667 0.175783 0.012188 200 196 1000 981 1000 1000 100 5
0.166667 0.176412 0.012442 200 198 1000 950 1000 1000 100 5
0.166667 0.165356 0.012180 200 194 1000 993 1000 1000 100 5
0.166667 0.184232 0.012377 200 197 1000 987 1000 1000 100 5
0.166667 0.181822 0.012319 200 204 1000 991 1000 1000 100 5
0.166667 0.157866 0.011754 200 190 1000 1023 1000 1000 100 5
0.166667 0.179676 0.012563 200 200 1000 964 1000 1000 100 5
0.166667 0.178366 0.012567 200 191 1000 931 1000 1000 100 5
0.166667 0.173558 0.012112 200 211 1000 1015 1000 1000 100 5
0.166667 0.166581 0.012039 200 185 1000 1000 1000 1000 100 5
0.166667 0.185975 0.012280 200 208 1000 1001 1000 1000 100 5
0.166667 0.191296 0.012387 200 224 1000 991 1000 1000 100 5
0.166667 0.181569 0.012354 200 210 1000 1003 1000 1000 100 5
0.166667 0.180049 0.012220 200 206 1000 1016 1000 1000 100 5
0.166667 0.183368 0.012012 200 215 1000 1039 1000 1000 100 5
0.166667 0.177394 0.012064 200 210 1000 999 1000 1000 100 5
0.166667 0.177610 0.012698 200 191 1000 929 1000 1000 100 5
0.166667 0.181210 0.012281 200 202 1000 986 1000 1000 100 5
0.166667 0.191044 0.012805 200 220 1000 969 1000 1000 100 5
0.166667 0.177441 0.012455 200 196 1000 961 1000 1000 100 5
0.166667 0.177092 0.012765 200 195 1000 948 1000 1000 100 5
0.166667 0.196979 0.012401 200 228 1000 1011 1000 1000 100 5
0.166667 0.192893 0.012483 200 241 1000 1003 1000 1000 100 5
0.166667 0.173799 0.012789 200 198 1000 942 1000 1000 100 5
0.166667 0.183400 0.012515 200 213 1000 973 1000 1000 100 5
0.166667 0.167452 0.012019 200 194 1000 981 1000 1000 100 5
0.166667 0.155264 0.011802 200 179 1000 1012 1000 1000 100 5
0.166667 0.183505 0.012565 200 214 1000 964 1000 1000 100 5
0.166667 0.148770 0.011809 200 167 1000 979 1000 1000 100 5
0.166667 0.158675 0.012017 200 200 1000 1019 1000 1000 100 5
0.166667 0.193702 0.012806 200 215 1000 952 1000 1000 100 5
0.166667 0.170176 0.012224 200 195 1000 955 1000 1000 100 5
0.166667 0.162099 0.011648 200 185 1000 1018 1000 1000 100 5
0.166667 0.164086 0.012038 200 195 1000 979 1000 1000 100 5
0.166667 0.191995 0.012438 200 213 1000 996 1000 1000 100 5
0.166667 0.155957 0.011950 200 174 1000 980 1000 1000 100 5
0.166667 0.166469 0.012105 200 208 1000 990 1000 1000 100 5
0.166667 0.181003 0.012189 200 210 1000 1008 1000 1000 100 5
0.166667 0.183310 0.012146 200 220 1000 1013 1000 1000 100 5
0.166667 0.174717 0.012155 200 197 1000 968 1000 1000 100 5
0.166667 0.184250 0.012146 200 205 1000 1019 1000 1000 100 5
0.166667 0.154400 0.011554 200 190 1000 1036 1000 1000 100 5
0.166667 0.184663 0.012200 200 210 1000 1042 1000 1000 100 5
0.166667 0.195305 0.012281 200 231 1000 1015 1000 1000 100 5
0.166667 0.174163 0.011959 200 204 1000 1014 1000 1000 100 5
0.166667 0.180309 0.012255 200 197 1000 1001 1000 1000 100 5
0.166667 0.197694 0.012710 200 228 1000 961 1000 1000 100 5
0.166667 0.178957 0.012327 200 201 1000 999 1000 1000 100 5
0.166667 0.183215 0.012202 200 223 1000 1016 1000 1000 100 5
0.166667 0.141932 0.011358 200 168 1000 1015 1000 1000 100 5
0.166667 0.178853 0.012465 200 209 1000 995 1000 1000 100 5
0.166667 0.168421 0.011825 200 201 1000 1009 1000 1000 100 5
0.166667 0.167681 0.011994 200 183 1000 990 1000 1000 100 5
0.166667 0.189260 0.012370 200 221 1000 1027 1000 1000 100 5
0.166667 0.162839 0.011754 200 195 1000 1047 1000 1000 100 5
0.166667 0.190636 0.012309 200 223 1000 998 1000 1000 100 5
0.166667 0.166750 0.012356 200 187 1000 955 1000 1000 100 5
0.166667 0.176453 0.012342 200 206 1000 969 1000 1000 100 5
0.166667 0.172987 0.012237 200 192 1000 980 1000 1000 100 5
0.166667 0.176280 0.012215 200 211 1000 1020 1000 1000 100 5
0.166667 0.184345 0.013029 200 209 1000 918 1000 1000 100 5
0.166667 0.180895 0.012520 200 203 1000 962 1000 1000 100 5
0.166667 0.163220 0.011752 200 192 1000 1017 1000 1000 100 5
0.166667 0.196822 0.012420 200 224 1000 995 1000 1000 100 5
0.166667 0.161742 0.011874 200 189 1000 999 1000 1000 100 5
0.166667 0.178680 0.011902 200 213 1000 1056 1000 1000 100 5
0.166667 0.168286 0.012079 200 186 1000 999 1000 1000 100 5
0.166667 0.178767 0.012386 200 203 1000 978 1000 1000 100 5
0.166667 0.157739 0.011952 200 183 1000 990 1000 1000 100 5
0.166667 0.174190 0.012459 200 196 1000 964 1000 1000 100 5
0.166667 0.165935 0.012196 200 189 1000 969 1000 1000 100 5
0.166667 0.175291 0.012121 200 211 1000 1030 1000 1000 100 5
0.166667 0.169228 0.012504 200 183 1000 940 1000 1000 100 5
0.166667 0.162570 0.011892 200 193 1000 1003 1000 1000 100 5
0.166667 0.156408 0.012074 200 170 1000 987 1000 1000 100 5
0.166667 0.185544 0.012425 200 222 1000 1002 1000 1000 100 5
0.166667 0.183733 0.012172 200 214 1000 1005 1000 1000 100 5
0.166667 0.176599 0.011760 200 212 1000 1047 1000 1000 100 5
0.166667 0.170605 0.011754 200 198 1000 1050 1000 1000 100 5
0.166667 0.169104 0.011790 200 187 1000 1019 1000 1000 100 5
0.166667 0.187252 0.012495 200 204 1000 955 1000 1000 100 5
0.166667 0.199123 0.012381 200 215 1000 1007 1000 1000 100 5
0.166667 0.171771 0.011999 200 211 1000 1005 1000 1000 100 5
0.166667 0.191430 0.012353 200 221 1000 1010 1000 1000 100 5
0.166667 0.178451 0.012388 200 202 1000 1004 1000 1000 100 5
0.166667 0.173317 0.011990 200 198 1000 1013 1000 1000 100 5
0.166667 0.191077 0.012740 200 204 1000 947 1000 1000 100 5
0.166667 0.179918 0.012303 200 218 1000 1010 1000 1000 100 5
0.166667 0.183571 0.012308 200 214 1000 977 1000 1000 100 5
0.166667 0.175463 0.012362 200 202 1000 995 1000 1000 100 5
0.166667 0.175364 0.011937 200 208 1000 1011 1000 1000 100 5
0.166667 0.176025 0.012010 200 205 1000 1027 1000 1000 100 5
0.166667 0.171398 0.011866 200 204 1000 1051 1000 1000 100 5
0.166667 0.172763 0.012082 200 200 1000 1017 1000 1000 100 5
0.166667 0.169707 0.012173 200 200 1000 989 1000 1000 100 5
0.166667 0.184960 0.012288 200 213 1000 990 1000 1000 100 5
0.166667 0.177433 0.012763 200 192 1000 936 1000 1000 100 5
0.166667 0.174360 0.012253 200 188 1000 965 1000 1000 100 5
0.166667 0.191758 0.012472 200 227 1000 1000 1000 1000 100 5
0.166667 0.144791 0.011721 200 171 1000 993 1000 1000 100 5
0.166667 0.180529 0.012315 200 203 1000 975 1000 1000 100 5
0.166667 0.162084 0.011569 200 188 1000 1033 1000 1000 100 5
0.166667 0.159400 0.011776 200 170 1000 987 1000 1000 100 5
0.166667 0.188306 0.012538 200 202 1000 948 1000 1000 100 5
0.166667 0.173678 0.011947 200 207 1000 1015 1000 1000 100 5
0.166667 0.166031 0.011930 200 192 1000 983 1000 1000 100 5
0.166667 0.188069 0.012354 200 219 1000 988 1000 1000 100 5
0.166667 0.170983 0.012340 200 199 1000 964 1000 1000 100 5
0.166667 0.180884 0.012582 200 203 1000 944 1000 1000 100 5
0.166667 0.175702 0.012375 200 200 1000 965 1000 1000 100 5
0.166667 0.193074 0.012713 200 229 1000 954 1000 1000 100 5
0.166667 0.165468 0.011694 200 199 1000 1042 1000 1000 100 5
0.166667 0.177372 0.012093 200 205 1000 988 1000 1000 100 5
0.166667 0.164124 0.012000 200 190 1000 1000 1000 1000 100 5
0.166667 0.181799 0.012322 200 208 1000 975 1000 1000 100 5
0.166667 0.165039 0.011819 200 195 1000 1019 1000 1000 100 5
0.166667 0.178515 0.011993 200 210 1000 1029 1000 1000 100 5
0.166667 0.156120 0.011625 200 175 1000 1024 1000 1000 100 5
0.166667 0.185695 0.012434 200 224 1000 1019 1000 1000 100 5
0.166667 0.192146 0.012162 200 232 1000 1029 1000 1000 100 5
0.166667 0.163076 0.012400 200 187 1000 962 1000 1000 100 5
0.166667 0.182159 0.012361 200 195 1000 940 1000 1000 100 5
0.166667 0.177776 0.011859 200 212 1000 1046 1000 1000 100 5
0.166667 0.188036 0.012553 200 201 1000 972 1000 1000 100 5
0.166667 0.180006 0.012175 200 205 1000 999 1000 1000 100 5
0.166667 0.177621 0.012446 200 187 1000 950 1000 1000 100 5
0.166667 0.144363 0.011688 200 169 1000 1009 1000 1000 100 5
0.166667 0.172840 0.012042 200 202 1000 1004 1000 1000 100 5
0.166667 0.178948 0.012114 200 188 1000 1026 1000 1000 100 5
0.166667 0.168662 0.012076 200 182 1000 988 1000 1000 100 5
0.166667 0.186710 0.012485 200 217 1000 979 1000 1000 100 5
0.166667 0.176363 0.012051 200 192 1000 1001 1000 1000 100 5
0.166667 0.173581 0.011740 200 202 1000 1072 1000 1000 100 5
0.166667 0.169874 0.012157 200 204 1000 1012 1000 1000 100 5
0.166667 0.181216 0.012442 200 201 1000 966 1000 1000 100 5
0.166667 0.167581 0.012026 200 192 1000 1013 1000 1000 100 5
0.166667 0.195365 0.012595 200 234 1000 982 1000 1000 100 5
0.166667 0.173525 0.012340 200 192 1000 971 1000 1000 100 5
0.166667 0.172121 0.012086 200 189 1000 1007 1000 1000 100 5
0.166667 0.187870 0.012220 200 214 1000 990 1000 1000 100 5
0.166667 0.148776 0.011298 200 177 1000 1071 1000 1000 100 5
0.166667 0.185007 0.012460 200 214 1000 988 1000 1000 100 5
0.166667 0.175266 0.012430 200 189 1000 978 1000 1000 100 5
0.166667 0.182655 0.012436 200 200 1000 974 1000 1000 100 5
0.166667 0.176779 0.012584 200 216 1000 962 1000 1000 100 5
0.166667 0.163054 0.012033 200 197 1000 1023 1000 1000 100 5
0.166667 0.173468 0.012480 200 197 1000 943 1000 1000 100 5
0.166667 0.182982 0.012277 200 208 1000 1022 1000 1000 100 5
0.166667 0.172319 0.011916 200 201 1000 1031 1000 1000 100 5
0.166667 0.167252 0.012182 200 177 1000 974 1000 1000 100 5
0.166667 0.186450 0.012594 200 205 1000 975 1000 1000 100 5
0.166667 0.168176 0.012067 200 190 1000 995 1000 1000 100 5
0.166667 0.180097 0.012473 200 203 1000 987 1000 1000 100 5
0.166667 0.155581 0.011756 200 177 1000 991 1000 1000 100 5
0.166667 0.179275 0.012282 200 206 1000 1002 1000 1000 100 5
0.166667 0.159790 0.011593 200 198 1000 1044 1000 1000 100 5
0.166667 0.174356 0.011955 200 204 1000 1030 1000 1000 100 5
0.166667 0.188821 0.012090 200 225 1000 1043 1000 1000 100 5
0.166667 0.179454 0.012009 200 210 1000 1025 1000 1000 100 5
0.166667 0.173930 0.012253 200 217 1000 991 1000 1000 100 5
0.166667 0.151458 0.011842 200 178 1000 983 1000 1000 100 5
0.166667 0.200902 0.012425 200 226 1000 996 1000 1000 100 5
0.166667 0.177386 0.012141 200 207 1000 1021 1000 1000 100 5
0.166667 0.178632 0.012542 200 194 1000 976 1000 1000 100 5
0.166667 0.172785 0.012245 200 197 1000 1005 1000 1000 100 5
0.166667 0.201213 0.012675 200 236 1000 978 1000 1000 100 5
0.166667 0.180384 0.011754 200 212 1000 1065 1000 1000 100 5
0.166667 0.152522 0.011498 200 181 1000 1018 1000 1000 100 5
0.166667 0.182606 0.012213 200 208 1000 985 1000 1000 100 5
0.166667 0.180792 0.012628 200 205 1000 947 1000 1000 100 5
0.166667 0.205509 0.012837 200 216 1000 955 1000 1000 100 5
0.166667 0.170468 0.011903 200 195 1000 1009 1000 1000 100 5
0.166667 0.158550 0.011793 200 190 1000 1019 1000 1000 100 5
0.166667 0.163651 0.011857 200 205 1000 1005 1000 1000 100 5
0.166667 0.192857 0.012499 200 221 1000 993 1000 1000 100 5
0.166667 0.170595 0.012548 200 181 1000 959 1000 1000 100 5
0.166667 0.164423 0.012036 200 194 1000 986 1000 1000 100 5
0.166667 0.205535 0.013280 200 215 1000 923 1000 1000 100 5
0.166667 0.187603 0.012815 200 201 1000 941 1000 1000 100 5
0.166667 0.195964 0.012675 200 233 1000 972 1000 1000 100 5
0.166667 0.165053 0.011973 200 193 1000 1013 1000 1000 100 5
0.166667 0.185110 0.012037 200 210 1000 1009 1000 1000 100 5
0.166667 0.165048 0.011620 200 199 1000 1035 1000 1000 100 5
0.166667 0.170811 0.012067 200 204 1000 1030 1000 1000 100 5
0.166667 0.160203 0.011922 200 177 1000 990 1000 1000 100 5
0.166667 0.162824 0.012137 200 183 1000 962 1000 1000 100 5
0.166667 0.176038 0.012364 200 194 1000 985 1000 1000 100 5
0.166667 0.172934 0.013008 200 183 1000 880 1000 1000 100 5
0.166667 0.171543 0.012087 200 200 1000 1028 1000 1000 100 5
0.166667 0.180575 0.012270 200 196 1000 997 1000 1000 100 5
0.166667 0.178898 0.012210 200 223 1000 1024 1000 1000 100 5
0.166667 0.172677 0.012222 200 187 1000 975 1000 1000 100 5
0.166667 0.169536 0.011801 200 208 1000 1036 1000 1000 100 5
0.166667 0.184447 0.012204 200 209 1000 1009 1000 1000 100 5
0.166667 0.187958 0.012278 200 225 1000 1017 1000 1000 100 5
0.166667 0.190671 0.012506 200 222 1000 987 1000 1000 100 5
0.166667 0.177867 0.012456 200 205 1000 959 1000 1000 100 5
0.166667 0.187799 0.012387 200 211 1000 991 1000 1000 100 5
0.166667 0.198814 0.012672 200 223 1000 961 1000 1000 100 5
0.166667 0.167641 0.012212 200 189 1000 972 1000 1000 100 5
0.166667 0.164170 0.011880 200 188 1000 1024 1000 1000 100 5
0.166667 0.186964 0.012812 200 208 1000 948 1000 1000 100 5
0.166667 0.168061 0.012056 200 200 1000 1004 1000 1000 100 5
0.166667 0.170810 0.011961 200 206 1000 1020 1000 1000 100 5
0.166667 0.185094 0.012269 200 211 1000 989 1000 1000 100 5
0.166667 0.160563 0.012055 200 185 1000 1006 1000 1000 100 5
0.166667 0.185031 0.012587 200 216 1000 971 1000 1000 100 5
0.166667 0.191598 0.012719 200 206 1000 989 1000 1000 100 5
0.166667 0.172853 0.012173 200 196 1000 983 1000 1000 100 5
0.166667 0.160088 0.011716 200 191 1000 1040 1000 1000 100 5
0.166667 0.165479 0.012370 200 191 1000 966 1000 1000 100 5
0.166667 0.174593 0.012172 200 214 1000 999 1000 1000 100 5
0.166667 0.170129 0.012125 200 199 1000 1025 1000 1000 100 5
0.166667 0.160344 0.011852 200 188 1000 1002 1000 1000 100 5
0.166667 0.189132 0.012264 200 217 1000 1005 1000 1000 100 5
0.166667 0.188430 0.012218 200 217 1000 1030 1000 1000 100 5
0.166667 0.169541 0.012054 200 197 1000 995 1000 1000 100 5
0.166667 0.170433 0.012629 200 181 1000 917 1000 1000 100 5
0.166667 0.176480 0.012219 200 207 1000 1002 1000 1000 100 5
0.166667 0.142181 0.011325 200 182 1000 1020 1000 1000 100 5
0.166667 0.186754 0.012324 200 202 1000 989 1000 1000 100 5
0.166667 0.190650 0.012013 200 233 1000 1069 1000 1000 100 5
0.166667 0.156501 0.011746 200 176 1000 1001 1000 1000 100 5
0.166667 0.172607 0.012013 200 208 1000 1034 1000 1000 100 5
0.166667 0.193008 0.012772 200 207 1000 940 1000 1000 100 5
0.166667 0.176612 0.012526 200 202 1000 953 1000 1000 100 5
0.166667 0.189111 0.012785 200 197 1000 922 1000 1000 100 5
0.166667 0.159274 0.011724 200 189 1000 999 1000 1000 100 5
0.166667 0.176642 0.011918 200 208 1000 996 1000 1000 100 5
0.166667 0.169738 0.012220 200 196 1000 965 1000 1000 100 5
0.166667 0.202528 0.013162 200 210 1000 934 1000 1000 100 5
0.166667 0.193642 0.012743 200 216 1000 937 1000 1000 100 5
0.166667 0.168373 0.011850 200 204 1000 1036 1000 1000 100 5
0.166667 0.179000 0.012365 200 205 1000 999 1000 1000 100 5
0.166667 0.156059 0.012224 200 186 1000 978 1000 1000 100 5
0.166667 0.162511 0.011649 200 193 1000 1029 1000 1000 100 5
0.166667 0.166547 0.011912 200 200 1000 1003 1000 1000 100 5
0.166667 0.199491 0.012506 200 224 1000 985 1000 1000 100 5
0.166667 0.185575 0.012396 200 204 1000 976 1000 1000 100 5
0.166667 0.183524 0.012306 200 216 1000 1021 1000 1000 100 5
0.166667 0.162484 0.011644 200 203 1000 1038 1000 1000 100 5
0.166667 0.189211 0.012372 200 204 1000 982 1000 1000 100 5
0.166667 0.167438 0.011827 200 186 1000 995 1000 1000 100 5
0.166667 0.141750 0.011455 200 172 1000 1028 1000 1000 100 5
0.166667 0.174720 0.012021 200 197 1000 998 1000 1000 100 5
0.166667 0.197676 0.012788 200 206 1000 965 1000 1000 100 5
0.166667 0.191140 0.012692 200 214 1000 997 1000 1000 100 5
0.166667 0.186587 0.012110 200 215 1000 1043 1000 1000 100 5
0.166667 0.171396 0.012642 200 197 1000 951 1000 1000 100 5
0.166667 0.163031 0.011641 200 203 1000 1051 1000 1000 100 5
0.166667 0.175484 0.011582 200 217 1000 1094 1000 1000 100 5
0.166667 0.179710 0.012545 200 191 1000 980 1000 1000 100 5
0.166667 0.182465 0.011994 200 220 1000 1027 1000 1000 100 5
0.166667 0.185289 0.012731 200 203 1000 955 1000 1000 100 5
0.166667 0.161942 0.011816 200 186 1000 1011 1000 1000 100 5
0.166667 0.185254 0.012462 200 212 1000 995 1000 1000 100 5
0.166667 0.207429 0.013185 200 221 1000 903 1000 1000 100 5
0.166667 0.167282 0.012326 200 204 1000 1003 1000 1000 100 5
0.166667 0.177126 0.011571 200 211 1000 1087 1000 1000 100 5
0.166667 0.158831 0.011814 200 195 1000 1049 1000 1000 100 5
0.166667 0.182337 0.012013 200 203 1000 1012 1000 1000 100 5
0.166667 0.178897 0.012044 200 211 1000 1020 1000 1000 100 5
0.166667 0.176343 0.012470 200 199 1000 960 1000 1000 100 5
0.166667 0.173645 0.012252 200 206 1000 999 1000 1000 100 5
0.166667 0.179334 0.012793 200 191 1000 910 1000 1000 100 5
0.166667 0.188136 0.012494 200 205 1000 977 1000 1000 100 5
0.166667 0.152376 0.011715 200 180 1000 1025 1000 1000 100 5
0.166667 0.162379 0.011867 200 186 1000 1024 1000 1000 100 5
0.166667 0.176875 0.012201 200 209 1000 999 1000 1000 100 5
0.166667 0.166808 0.011754 200 194 1000 1044 1000 1000 100 5
0.166667 0.161389 0.012027 200 191 1000 1033 1000 1000 100 5
0.166667 0.168401 0.011869 200 196 1000 1020 1000 1000 100 5
0.166667 0.153022 0.011583 200 171 1000 1009 1000 1000 100 5
0.166667 0.170594 0.012278 200 187 1000 973 1000 1000 100 5
0.166667 0.177402 0.012100 200 191 1000 978 1000 1000 100 5
0.166667 0.160813 0.011952 200 194 1000 1019 1000 1000 100 5
0.166667 0.169905 0.012870 200 187 1000 910 1000 1000 100 5
0.166667 0.156570 0.011964 200 182 1000 973 1000 1000 100 5
0.166667 0.171970 0.012126 200 195 1000 989 1000 1000 100 5
0.166667 0.174413 0.012109 200 214 1000 999 1000 1000 100 5
0.166667 0.184312 0.012338 200 209 1000 999 1000 1000 100 5
0.166667 0.169475 0.012095 200 185 1000 1002 1000 1000 100 5
0.166667 0.185103 0.012118 200 208 1000 999 1000 1000 100 5
0.166667 0.159979 0.012021 200 198 1000 994 1000 1000 100 5
0.166667 0.172978 0.012017 200 191 1000 993 1000 1000 100 5
0.166667 0.154431 0.011460 200 190 1000 1056 1000 1000 100 5
0.166667 0.177857 0.012276 200 213 1000 1007 1000 1000 100 5
0.166667 0.153774 0.011624 200 185 1000 1029 1000 1000 100 5
0.166667 0.181824 0.012361 200 226 1000 1023 1000 1000 100 5
0.166667 0.195602 0.012736 200 229 1000 969 1000 1000 100 5
0.166667 0.189641 0.012252 200 231 1000 1023 1000 1000 100 5
0.166667 0.187367 0.012977 200 213 1000 950 1000 1000 100 5
0.166667 0.164815 0.011797 200 191 1000 1035 1000 1000 100 5
0.166667 0.163945 0.011844 200 192 1000 1017 1000 1000 100 5
0.166667 0.190595 0.012553 200 219 1000 977 1000 1000 100 5
0.166667 0.173295 0.012089 200 187 1000 986 1000 1000 100 5
0.166667 0.160714 0.011960 200 191 1000 985 1000 1000 100 5
0.166667 0.158591 0.011677 200 182 1000 1017 1000 1000 100 5
0.166667 0.170015 0.011784 200 202 1000 1036 1000 1000 100 5
0.166667 0.170469 0.012164 200 197 1000 1008 1000 1000 100 5
0.166667 0.158926 0.012305 200 191 1000 955 1000 1000 100 5
0.166667 0.188755 0.012342 200 222 1000 999 1000 1000 100 5
0.166667 0.168706 0.011723 200 197 1000 1040 1000 1000 100 5
0.166667 0.174541 0.011661 200 214 1000 1047 1000 1000 100 5
0.166667 0.176476 0.012194 200 200 1000 1003 1000 1000 100 5
0.166667 0.180139 0.012289 200 204 1000 993 1000 1000 100 5
0.166667 0.166283 0.011992 200 193 1000 1005 1000 1000 100 5
0.166667 0.184702 0.012379 200 200 1000 966 1000 1000 100 5
0.166667 0.173615 0.011867 200 208 1000 1021 1000 1000 100 5
0.166667 0.174991 0.012832 200 184 1000 927 1000 1000 100 5
0.166667 0.158226 0.011754 200 180 1000 1019 1000 1000 100 5
0.166667 0.170956 0.012004 200 194 1000 988 1000 1000 100 5
0.166667 0.166784 0.011616 200 192 1000 1035 1000 1000 100 5
0.166667 0.177721 0.012645 200 204 1000 966 1000 1000 100 5
0.166667 0.158605 0.011643 200 187 1000 1048 1000 1000 100 5
0.166667 0.169697 0.011950 200 180 1000 1000 1000 1000 100 5
0.166667 0.179473 0.012671 200 196 1000 965 1000 1000 100 5
0.166667 0.152440 0.011566 200 190 1000 1039 1000 1000 100 5
0.166667 0.196136 0.012684 200 206 1000 948 1000 1000 100 5
0.166667 0.186121 0.012286 200 212 1000 995 1000 1000 100 5
0.166667 0.192232 0.012304 200 219 1000 1005 1000 1000 100 5
0.166667 0.170125 0.011842 200 195 1000 1038 1000 1000 100 5
0.166667 0.156324 0.011947 200 182 1000 1004 1000 1000 100 5
0.166667 0.179061 0.012382 200 208 1000 977 1000 1000 100 5
0.166667 0.188733 0.012700 200 214 1000 977 1000 1000 100 5
0.166667 0.193145 0.012383 200 227 1000 995 1000 1000 100 5
0.166667 0.191542 0.012629 200 212 1000 984 1000 1000 100 5
0.166667 0.188033 0.012390 200 217 1000 975 1000 1000 100 5
0.166667 0.167455 0.012119 200 200 1000 1005 1000 1000 100 5
0.166667 0.199537 0.012523 200 228 1000 998 1000 1000 100 5
0.166667 0.169671 0.012294 200 188 1000 977 1000 1000 100 5
0.166667 0.158356 0.011900 200 192 1000 1009 1000 1000 100 5
0.166667 0.175102 0.012158 200 202 1000 1018 1000 1000 100 5
0.166667 0.165732 0.011586 200 201 1000 1061 1000 1000 100 5
0.166667 0.163753 0.011980 200 182 1000 1023 1000 1000 100 5
0.166667 0.178425 0.012133 200 213 1000 1014 1000 1000 100 5
0.166667 0.189006 0.012078 200 239 1000 1047 1000 1000 100 5
0.166667 0.182396 0.012796 200 184 1000 936 1000 1000 100 5
0.166667 0.191893 0.012527 200 210 1000 956 1000 1000 100 5
0.166667 0.167710 0.011918 200 207 1000 1000 1000 1000 100 5
0.166667 0.195138 0.012709 200 216 1000 950 1000 1000 100 5
0.166667 0.183068 0.012279 200 213 1000 1017 1000 1000 100 5
0.166667 0.176224 0.012059 200 203 1000 1002 1000 1000 100 5
0.166667 0.193530 0.012904 200 213 1000 945 1000 1000 100 5
0.166667 0.175696 0.012068 200 203 1000 1017 1000 1000 100 5
0.166667 0.168857 0.011667 200 192 1000 1028 1000 1000 100 5
0.166667 0.175484 0.012403 200 198 1000 979 1000 1000 100 5
0.166667 0.198577 0.012622 200 244 1000 1019 1000 1000 100 5
0.166667 0.168192 0.012411 200 184 1000 934 1000 1000 100 5
0.166667 0.188262 0.012498 200 223 1000 1000 1000 1000 100 5
0.166667 0.180959 0.012367 200 205 1000 953 1000 1000 100 5
0.166667 0.192422 0.012635 200 224 1000 972 1000 1000 100 5
0.166667 0.179630 0.012355 200 207 1000 985 1000 1000 100 5
0.166667 0.187668 0.012382 200 205 1000 1004 1000 1000 100 5
0.166667 0.174109 0.012728 200 204 1000 932 1000 1000 100 5
0.166667 0.173349 0.012031 200 189 1000 1018 1000 1000 100 5
0.166667 0.160765 0.011756 200 171 1000 1012 1000 1000 100 5
0.166667 0.178737 0.012443 200 203 1000 953 1000 1000 100 5
0.166667 0.169246 0.012039 200 190 1000 998 1000 1000 100 5
0.166667 0.171956 0.011994 200 207 1000 1016 1000 1000 100 5
0.166667 0.146485 0.011767 200 187 1000 985 1000 1000 100 5
0.166667 0.164319 0.012179 200 182 1000 958 1000 1000 100 5
0.166667 0.180119 0.012060 200 211 1000 999 1000 1000 100 5
0.166667 0.174306 0.012469 200 206 1000 969 1000 1000 100 5
0.166667 0.162937 0.012004 200 196 1000 1017 1000 1000 100 5
0.166667 0.168735 0.012222 200 187 1000 980 1000 1000 100 5
0.166667 0.191514 0.012648 200 232 1000 993 1000 1000 100 5
0.166667 0.177340 0.012475 200 207 1000 961 1000 1000 100 5
0.166667 0.176450 0.012414 200 204 1000 963 1000 1000 100 5
0.166667 0.187635 0.012652 200 216 1000 975 1000 1000 100 5
0.166667 0.177197 0.012064 200 198 1000 995 1000 1000 100 5
0.166667 0.176427 0.012228 200 215 1000 1008 1000 1000 100 5
0.166667 0.168497 0.011985 200 189 1000 1028 1000 1000 100 5
0.166667 0.162307 0.011491 200 199 1000 1063 1000 1000 100 5
0.166667 0.165416 0.011830 200 168 1000 1001 1000 1000 100 5
0.166667 0.149263 0.011604 200 188 1000 1019 1000 1000 100 5
0.166667 0.169513 0.012099 200 197 1000 999 1000 1000 100 5
0.166667 0.167428 0.011876 200 197 1000 1012 1000 1000 100 5
0.166667 0.178428 0.012611 200 197 1000 942 1000 1000 100 5
0.166667 0.149555 0.011777 200 175 1000 1007 1000 1000 100 5
0.166667 0.160978 0.011841 200 195 1000 1020 1000 1000 100 5
0.166667 0.152282 0.011653 200 188 1000 1046 1000 1000 100 5
0.166667 0.198635 0.012772 200 222 1000 947 1000 1000 100 5
0.166667 0.165030 0.012034 200 192 1000 985 1000 1000 100 5
0.166667 0.165094 0.011744 200 196 1000 1036 1000 1000 100 5
0.166667 0.177370 0.012656 200 201 1000 976 1000 1000 100 5
0.166667 0.175650 0.012058 200 200 1000 981 1000 1000 100 5
0.166667 0.169166 0.011816 200 202 1000 1023 1000 1000 100 5
0.166667 0.157797 0.011703 200 199 1000 1023 1000 1000 100 5
0.166667 0.170912 0.012178 200 193 1000 976 1000 1000 100 5
0.166667 0.176015 0.012025 200 195 1000 1021 1000 1000 100 5
0.166667 0.161703 0.012116 200 180 1000 967 1000 1000 100 5
0.166667 0.178943 0.012105 200 208 1000 1006 1000 1000 100 5
0.166667 0.186732 0.012790 200 190 1000 923 1000 1000 100 5
0.166667 0.149043 0.011317 200 194 1000 1084 1000 1000 100 5
0.166667 0.206950 0.012975 200 231 1000 950 1000 1000 100 5
0.166667 0.171610 0.011992 200 207 1000 1004 1000 1000 100 5
0.166667 0.186243 0.012218 200 225 1000 1003 1000 1000 100 5
0.166667 0.152499 0.011242 200 180 1000 1051 1000 1000 100 5
0.166667 0.192280 0.012552 200 211 1000 991 1000 1000 100 5
0.166667 0.177934 0.012226 200 199 1000 1007 1000 1000 100 5
0.166667 0.178162 0.012206 200 202 1000 1006 1000 1000 100 5
