0.166667 0.164785 0.011712 200 195 1000 986 10000 10000 0 5
0.166667 0.175626 0.011769 200 215 1000 1004 10000 10000 0 5
0.166667 0.185424 0.012217 200 224 1000 970 10000 10000 0 5
0.166667 0.166985 0.011512 200 202 1000 1023 10000 10000 0 5
0.166667 0.139873 0.011267 200 166 1000 995 10000 10000 0 5
0.166667 0.169222 0.011667 200 208 1000 1004 10000 10000 0 5
0.166667 0.151629 0.011173 200 191 1000 1033 10000 10000 0 5
0.166667 0.182615 0.011812 200 209 1000 1005 10000 10000 0 5
0.166667 0.145896 0.010918 200 190 1000 1053 10000 10000 0 5
0.166667 0.185622 0.012185 200 206 1000 955 10000 10000 0 5
0.166667 0.165613 0.011781 200 193 1000 980 10000 10000 0 5
0.166667 0.163682 0.011313 200 197 1000 1034 10000 10000 0 5
0.166667 0.144878 0.010887 200 184 1000 1041 10000 10000 0 5
0.166667 0.175997 0.012067 200 209 1000 956 10000 10000 0 5
0.166667 0.180524 0.011999 200 208 1000 972 10000 10000 0 5
0.166667 0.153304 0.011432 200 185 1000 996 10000 10000 0 5
0.166667 0.151770 0.011389 200 188 1000 999 10000 10000 0 5
0.166667 0.187144 0.012278 200 216 1000 942 10000 10000 0 5
0.166667 0.153346 0.011327 200 184 1000 1016 10000 10000 0 5
0.166667 0.173782 0.011925 200 216 1000 967 10000 10000 0 5
0.166667 0.152585 0.011300 200 183 1000 1007 10000 10000 0 5
0.166667 0.187549 0.012069 200 229 1000 983 10000 10000 0 5
0.166667 0.155737 0.011633 200 176 1000 977 10000 10000 0 5
0.166667 0.156156 0.011326 200 185 1000 1020 10000 10000 0 5
0.166667 0.197044 0.012485 200 232 1000 946 10000 10000 0 5
0.166667 0.160485 0.011679 200 200 1000 990 10000 10000 0 5
0.166667 0.197274 0.012743 200 217 1000 925 10000 10000 0 5
0.166667 0.145069 0.011150 200 186 1000 1019 10000 10000 0 5
0.166667 0.176367 0.011720 200 218 1000 1020 10000 10000 0 5
0.166667 0.160699 0.011574 200 192 1000 994 10000 10000 0 5
0.166667 0.166458 0.011363 200 212 1000 1034 10000 10000 0 5
0.166667 0.160133 0.011271 200 195 1000 1066 10000 10000 0 5
0.166667 0.169997 0.012276 200 196 1000 925 10000 10000 0 5
0.166667 0.159918 0.011319 200 189 1000 1041 10000 10000 0 5
0.166667 0.175446 0.012019 200 206 1000 959 10000 10000 0 5
0.166667 0.163743 0.011386 200 205 1000 1039 10000 10000 0 5
0.166667 0.170608 0.012010 200 195 1000 954 10000 10000 0 5
0.166667 0.159833 0.011506 200 189 1000 986 10000 10000 0 5
0.166667 0.169542 0.011559 200 201 1000 1015 10000 10000 0 5
0.166667 0.172563 0.011847 200 204 1000 975 10000 10000 0 5
0.166667 0.152632 0.011558 200 170 1000 989 10000 10000 0 5
0.166667 0.186375 0.012096 200 210 1000 970 10000 10000 0 5
0.166667 0.163863 0.011607 200 207 1000 1007 10000 10000 0 5
0.166667 0.155834 0.011057 200 197 1000 1048 10000 10000 0 5
0.166667 0.168075 0.011949 200 195 1000 956 10000 10000 0 5
0.166667 0.154062 0.011316 200 187 1000 1026 10000 10000 0 5
0.166667 0.166319 0.011602 200 198 1000 1000 10000 10000 0 5
0.166667 0.180222 0.011565 200 229 1000 1041 10000 10000 0 5
0.166667 0.170647 0.011678 200 214 1000 1008 10000 10000 0 5
0.166667 0.178130 0.012203 200 203 1000 953 10000 10000 0 5
0.166667 0.173144 0.011631 200 209 1000 1023 10000 10000 0 5
0.166667 0.179354 0.011822 200 217 1000 1006 10000 10000 0 5
0.166667 0.179775 0.012019 200 208 1000 967 10000 10000 0 5
0.166667 0.168178 0.011634 200 204 1000 1000 10000 10000 0 5
0.166667 0.149013 0.011103 200 184 1000 1009 10000 10000 0 5
0.166667 0.191183 0.012210 200 224 1000 977 10000 10000 0 5
0.166667 0.158066 0.011191 200 197 1000 1043 10000 10000 0 5
0.166667 0.167563 0.011530 200 206 1000 1025 10000 10000 0 5
0.166667 0.179276 0.012095 200 207 1000 956 10000 10000 0 5
0.166667 0.163191 0.011637 200 201 1000 1007 10000 10000 0 5
0.166667 0.153689 0.011045 200 192 1000 1043 10000 10000 0 5
0.166667 0.158028 0.011615 200 187 1000 968 10000 10000 0 5
0.166667 0.155785 0.011516 200 179 1000 994 10000 10000 0 5
0.166667 0.148284 0.010826 200 201 1000 1064 10000 10000 0 5
0.166667 0.176705 0.012054 200 208 1000 962 10000 10000 0 5
0.166667 0.164026 0.011444 200 210 1000 1016 10000 10000 0 5
0.166667 0.178976 0.012175 200 204 1000 954 10000 10000 0 5
0.166667 0.173421 0.011658 200 212 1000 1024 10000 10000 0 5
0.166667 0.177147 0.012106 200 192 1000 952 10000 10000 0 5
0.166667 0.169273 0.011643 200 217 1000 994 10000 10000 0 5
0.166667 0.175812 0.011802 200 216 1000 1003 10000 10000 0 5
0.166667 0.163331 0.011521 200 202 1000 1010 10000 10000 0 5
0.166667 0.182714 0.012268 200 214 1000 939 10000 10000 0 5
0.166667 0.174023 0.011858 200 207 1000 985 10000 10000 0 5
0.166667 0.161904 0.011402 200 187 1000 1062 10000 10000 0 5
0.166667 0.173049 0.012065 200 205 1000 936 10000 10000 0 5
0.166667 0.161577 0.011622 200 192 1000 1010 10000 10000 0 5
0.166667 0.167881 0.011976 200 207 1000 960 10000 10000 0 5
0.166667 0.165190 0.011667 200 196 1000 976 10000 10000 0 5
0.166667 0.153862 0.011257 200 193 1000 1023 10000 10000 0 5
0.166667 0.171434 0.011764 200 204 1000 999 10000 10000 0 5
0.166667 0.155272 0.011497 200 185 1000 1002 10000 10000 0 5
0.166667 0.164245 0.011580 200 194 1000 1006 10000 10000 0 5
0.166667 0.181129 0.011848 200 221 1000 1014 10000 10000 0 5
0.166667 0.169378 0.011894 200 204 1000 975 10000 10000 0 5
0.166667 0.154239 0.011091 200 189 1000 1030 10000 10000 0 5
0.166667 0.166409 0.011729 200 197 1000 989 10000 10000 0 5
0.166667 0.165155 0.011783 200 185 1000 979 10000 10000 0 5
0.166667 0.176838 0.011822 200 199 1000 1014 10000 10000 0 5
0.166667 0.153401 0.011243 200 195 1000 1030 10000 10000 0 5
0.166667 0.180831 0.011936 200 219 1000 986 10000 10000 0 5
0.166667 0.160922 0.011528 200 193 1000 1015 10000 10000 0 5
0.166667 0.163760 0.011577 200 190 1000 1011 10000 10000 0 5
0.166667 0.167807 0.011452 200 200 1000 1017 10000 10000 0 5
0.166667 0.171304 0.011871 200 205 1000 977 10000 10000 0 5
0.166667 0.164362 0.011641 200 196 1000 991 10000 10000 0 5
0.166667 0.173158 0.011727 200 223 1000 1005 10000 10000 0 5
0.166667 0.150839 0.011031 200 200 1000 1067 10000 10000 0 5
0.166667 0.169708 0.011540 200 213 1000 1011 10000 10000 0 5
0.166667 0.158824 0.011485 200 187 1000 1014 10000 10000 0 5
0.166667 0.148249 0.011060 200 184 1000 1043 10000 10000 0 5
0.166667 0.158194 0.011604 200 186 1000 962 10000 10000 0 5
0.166667 0.166213 0.011673 200 195 1000 999 10000 10000 0 5
0.166667 0.158526 0.011601 200 187 1000 995 10000 10000 0 5
0.166667 0.159179 0.011294 200 188 1000 1041 10000 10000 0 5
0.166667 0.166390 0.011675 200 210 1000 988 10000 10000 0 5
0.166667 0.143998 0.011021 200 179 1000 1044 10000 10000 0 5
0.166667 0.170629 0.011496 200 211 1000 1012 10000 10000 0 5
0.166667 0.179142 0.011614 200 218 1000 1029 10000 10000 0 5
0.166667 0.168628 0.011694 200 199 1000 995 10000 10000 0 5
0.166667 0.153574 0.011296 200 189 1000 1023 10000 10000 0 5
0.166667 0.170842 0.011918 200 193 1000 952 10000 10000 0 5
0.166667 0.174645 0.011606 200 217 1000 1022 10000 10000 0 5
0.166667 0.173307 0.011623 200 203 1000 1018 10000 10000 0 5
0.166667 0.165314 0.011537 200 195 1000 1021 10000 10000 0 5
0.166667 0.187569 0.012029 200 225 1000 1002 10000 10000 0 5
0.166667 0.158153 0.011190 200 197 1000 1041 10000 10000 0 5
0.166667 0.160168 0.011332 200 191 1000 1023 10000 10000 0 5
0.166667 0.169955 0.011840 200 195 1000 976 10000 10000 0 5
0.166667 0.159642 0.011491 200 184 1000 998 10000 10000 0 5
0.166667 0.166936 0.011701 200 200 1000 990 10000 10000 0 5
0.166667 0.164379 0.011406 200 208 1000 1004 10000 10000 0 5
0.166667 0.169932 0.011726 200 215 1000 979 10000 10000 0 5
0.166667 0.189489 0.012063 200 216 1000 996 10000 10000 0 5
0.166667 0.172558 0.011845 200 202 1000 986 10000 10000 0 5
0.166667 0.175122 0.011835 200 211 1000 979 10000 10000 0 5
0.166667 0.174713 0.011999 200 204 1000 964 10000 10000 0 5
0.166667 0.177555 0.012455 200 188 1000 902 10000 10000 0 5
0.166667 0.180318 0.011888 200 220 1000 983 10000 10000 0 5
0.166667 0.164259 0.011647 200 188 1000 986 10000 10000 0 5
0.166667 0.156129 0.011487 200 195 1000 1002 10000 10000 0 5
0.166667 0.162672 0.011670 200 204 1000 972 10000 10000 0 5
0.166667 0.159738 0.011451 200 193 1000 1013 10000 10000 0 5
0.166667 0.180953 0.012107 200 206 1000 987 10000 10000 0 5
0.166667 0.166020 0.011742 200 194 1000 976 10000 10000 0 5
0.166667 0.186198 0.012350 200 227 1000 958 10000 10000 0 5
0.166667 0.161538 0.011334 200 196 1000 1030 10000 10000 0 5
0.166667 0.174382 0.011953 200 206 1000 969 10000 10000 0 5
0.166667 0.184423 0.012038 200 214 1000 973 10000 10000 0 5
0.166667 0.151621 0.011459 200 182 1000 981 10000 10000 0 5
0.166667 0.176792 0.011905 200 210 1000 970 10000 10000 0 5
0.166667 0.150790 0.011319 200 175 1000 1006 10000 10000 0 5
0.166667 0.174081 0.012162 200 203 1000 948 10000 10000 0 5
0.166667 0.158793 0.011420 200 192 1000 1020 10000 10000 0 5
0.166667 0.175875 0.011861 200 209 1000 994 10000 10000 0 5
0.166667 0.177775 0.011980 200 209 1000 956 10000 10000 0 5
0.166667 0.184415 0.012386 200 216 1000 938 10000 10000 0 5
0.166667 0.181004 0.011973 200 226 1000 1006 10000 10000 0 5
0.166667 0.160593 0.011375 200 203 1000 1023 10000 10000 0 5
0.166667 0.178549 0.011846 200 222 1000 984 10000 10000 0 5
0.166667 0.166459 0.011555 200 203 1000 1024 10000 10000 0 5
0.166667 0.160951 0.011712 200 195 1000 961 10000 10000 0 5
0.166667 0.176050 0.012000 200 201 1000 950 10000 10000 0 5
0.166667 0.157268 0.011494 200 207 1000 993 10000 10000 0 5
0.166667 0.161738 0.011310 200 196 1000 1033 10000 10000 0 5
0.166667 0.178704 0.011875 200 225 1000 992 10000 10000 0 5
0.166667 0.148470 0.011089 200 182 1000 1050 10000 10000 0 5
0.166667 0.128508 0.010750 200 156 1000 1015 10000 10000 0 5
0.166667 0.155511 0.011426 200 191 1000 1003 10000 10000 0 5
0.166667 0.183304 0.011830 200 231 1000 1018 10000 10000 0 5
0.166667 0.153544 0.011318 200 190 1000 1029 10000 10000 0 5
0.166667 0.186607 0.012217 200 215 1000 966 10000 10000 0 5
0.166667 0.151205 0.011301 200 182 1000 1008 10000 10000 0 5
0.166667 0.178167 0.011907 200 217 1000 990 10000 10000 0 5
0.166667 0.172610 0.011896 200 193 1000 969 10000 10000 0 5
0.166667 0.149376 0.011496 200 180 1000 970 10000 10000 0 5
0.166667 0.173241 0.011497 200 208 1000 1043 10000 10000 0 5
0.166667 0.170977 0.012032 200 197 1000 964 10000 10000 0 5
0.166667 0.163109 0.011370 200 196 1000 1032 10000 10000 0 5
0.166667 0.173818 0.011850 200 207 1000 1012 10000 10000 0 5
0.166667 0.193404 0.012350 200 213 1000 953 10000 10000 0 5
0.166667 0.157504 0.011375 200 185 1000 1003 10000 10000 0 5
0.166667 0.152768 0.011158 200 185 1000 1030 10000 10000 0 5
0.166667 0.155936 0.011227 200 189 1000 1026 10000 10000 0 5
0.166667 0.165734 0.011847 200 207 1000 985 10000 10000 0 5
0.166667 0.168767 0.011568 200 212 1000 1019 10000 10000 0 5
0.166667 0.165137 0.011755 200 191 1000 1007 10000 10000 0 5
0.166667 0.167781 0.011342 200 208 1000 1049 10000 10000 0 5
0.166667 0.161876 0.011851 200 207 1000 958 10000 10000 0 5
0.166667 0.168233 0.011541 200 204 1000 1012 10000 10000 0 5
0.166667 0.179166 0.011687 200 211 1000 1024 10000 10000 0 5
0.166667 0.176344 0.011944 200 215 1000 966 10000 10000 0 5
0.166667 0.171247 0.011757 200 207 1000 1000 10000 10000 0 5
0.166667 0.159809 0.011481 200 189 1000 1000 10000 10000 0 5
0.166667 0.165606 0.011795 200 206 1000 983 10000 10000 0 5
0.166667 0.160182 0.011427 200 201 1000 1001 10000 10000 0 5
0.166667 0.160779 0.011397 200 201 1000 1027 10000 10000 0 5
0.166667 0.166126 0.011761 200 196 1000 990 10000 10000 0 5
0.166667 0.156270 0.011258 200 193 1000 1044 10000 10000 0 5
0.166667 0.189820 0.011935 200 234 1000 1019 10000 10000 0 5
0.166667 0.158817 0.011816 200 176 1000 946 10000 10000 0 5
0.166667 0.160318 0.011347 200 202 1000 998 10000 10000 0 5
0.166667 0.178938 0.012011 200 212 1000 960 10000 10000 0 5
0.166667 0.169108 0.011861 200 199 1000 995 10000 10000 0 5
0.166667 0.164261 0.011625 200 206 1000 1016 10000 10000 0 5
0.166667 0.167101 0.011402 200 201 1000 1029 10000 10000 0 5
0.166667 0.167737 0.011640 200 198 1000 995 10000 10000 0 5
0.166667 0.162660 0.011418 200 200 1000 1033 10000 10000 0 5
0.166667 0.167726 0.011900 200 187 1000 962 10000 10000 0 5
0.166667 0.175874 0.011936 200 200 1000 991 10000 10000 0 5
0.166667 0.176676 0.012021 200 210 1000 968 10000 10000 0 5
0.166667 0.171339 0.011263 200 221 1000 1088 10000 10000 0 5
0.166667 0.155493 0.011358 200 188 1000 1043 10000 10000 0 5
0.166667 0.156257 0.011319 200 190 1000 1017 10000 10000 0 5
0.166667 0.143029 0.010710 200 168 1000 1065 10000 10000 0 5
0.166667 0.161693 0.011296 200 205 1000 1053 10000 10000 0 5
0.166667 0.152114 0.011586 200 175 1000 963 10000 10000 0 5
0.166667 0.191181 0.012162 200 235 1000 973 10000 10000 0 5
0.166667 0.167107 0.011590 200 209 1000 1026 10000 10000 0 5
0.166667 0.168068 0.011553 200 207 1000 1025 10000 10000 0 5
0.166667 0.186198 0.011773 200 230 1000 1031 10000 10000 0 5
0.166667 0.161095 0.011344 200 201 1000 1035 10000 10000 0 5
0.166667 0.162310 0.011714 200 191 1000 960 10000 10000 0 5
0.166667 0.164048 0.011373 200 201 1000 1039 10000 10000 0 5
0.166667 0.165999 0.011409 200 207 1000 1028 10000 10000 0 5
0.166667 0.179918 0.011988 200 214 1000 978 10000 10000 0 5
0.166667 0.162253 0.011468 200 191 1000 1033 10000 10000 0 5
0.166667 0.157100 0.011220 200 193 1000 1043 10000 10000 0 5
0.166667 0.170036 0.011750 200 199 1000 981 10000 10000 0 5
0.166667 0.167659 0.011684 200 202 1000 1002 10000 10000 0 5
0.166667 0.170281 0.011611 200 207 1000 1023 10000 10000 0 5
0.166667 0.203085 0.012398 200 239 1000 970 10000 10000 0 5
0.166667 0.159762 0.011478 200 205 1000 1016 10000 10000 0 5
0.166667 0.175149 0.011479 200 223 1000 1031 10000 10000 0 5
0.166667 0.156533 0.011390 200 185 1000 996 10000 10000 0 5
0.166667 0.169065 0.011518 200 204 1000 1021 10000 10000 0 5
0.166667 0.173041 0.011309 200 219 1000 1077 10000 10000 0 5
0.166667 0.186344 0.011866 200 225 1000 1021 10000 10000 0 5
0.166667 0.155829 0.011598 200 181 1000 974 10000 10000 0 5
0.166667 0.144643 0.011198 200 180 1000 1004 10000 10000 0 5
0.166667 0.170107 0.012013 200 190 1000 966 10000 10000 0 5
0.166667 0.145161 0.011130 200 179 1000 1002 10000 10000 0 5
0.166667 0.159331 0.011394 200 188 1000 1004 10000 10000 0 5
0.166667 0.180965 0.012208 200 209 1000 953 10000 10000 0 5
0.166667 0.164620 0.011620 200 197 1000 985 10000 10000 0 5
0.166667 0.176364 0.011626 200 215 1000 1015 10000 10000 0 5
0.166667 0.152547 0.011403 200 184 1000 992 10000 10000 0 5
0.166667 0.172299 0.012268 200 189 1000 933 10000 10000 0 5
0.166667 0.182519 0.011881 200 221 1000 1019 10000 10000 0 5
0.166667 0.166091 0.011828 200 199 1000 971 10000 10000 0 5
0.166667 0.194911 0.012082 200 235 1000 1020 10000 10000 0 5
0.166667 0.161075 0.011703 200 187 1000 970 10000 10000 0 5
0.166667 0.166548 0.011453 200 208 1000 1021 10000 10000 0 5
0.166667 0.196239 0.012362 200 234 1000 971 10000 10000 0 5
0.166667 0.163216 0.011733 200 197 1000 992 10000 10000 0 5
0.166667 0.172742 0.011708 200 203 1000 1006 10000 10000 0 5
0.166667 0.157103 0.011573 200 185 1000 991 10000 10000 0 5
0.166667 0.163124 0.011824 200 180 1000 954 10000 10000 0 5
0.166667 0.180339 0.012012 200 218 1000 979 10000 10000 0 5
0.166667 0.155468 0.011407 200 191 1000 1012 10000 10000 0 5
0.166667 0.162955 0.011472 200 190 1000 1008 10000 10000 0 5
0.166667 0.180704 0.011961 200 219 1000 989 10000 10000 0 5
0.166667 0.169956 0.011677 200 205 1000 1001 10000 10000 0 5
0.166667 0.161369 0.011627 200 190 1000 992 10000 10000 0 5
0.166667 0.168967 0.011980 200 200 1000 979 10000 10000 0 5
0.166667 0.160300 0.011372 200 185 1000 1021 10000 10000 0 5
0.166667 0.172616 0.011720 200 206 1000 998 10000 10000 0 5
0.166667 0.174428 0.011869 200 204 1000 988 10000 10000 0 5
0.166667 0.162296 0.011812 200 187 1000 975 10000 10000 0 5
0.166667 0.169115 0.011491 200 213 1000 1038 10000 10000 0 5
0.166667 0.187076 0.012361 200 209 1000 931 10000 10000 0 5
0.166667 0.174771 0.012344 200 193 1000 913 10000 10000 0 5
0.166667 0.165931 0.011521 200 198 1000 1011 10000 10000 0 5
0.166667 0.176369 0.011791 200 200 1000 996 10000 10000 0 5
0.166667 0.149870 0.011371 200 182 1000 1004 10000 10000 0 5
0.166667 0.153208 0.011400 200 184 1000 1012 10000 10000 0 5
0.166667 0.172739 0.011719 200 209 1000 1030 10000 10000 0 5
0.166667 0.168440 0.011457 200 209 1000 1038 10000 10000 0 5
0.166667 0.179920 0.011524 200 225 1000 1040 10000 10000 0 5
0.166667 0.179464 0.011675 200 215 1000 1031 10000 10000 0 5
0.166667 0.165299 0.011762 200 192 1000 983 10000 10000 0 5
0.166667 0.170606 0.011715 200 207 1000 977 10000 10000 0 5
0.166667 0.177125 0.011960 200 207 1000 998 10000 10000 0 5
0.166667 0.163714 0.011403 200 214 1000 1045 10000 10000 0 5
0.166667 0.141360 0.010936 200 184 1000 1039 10000 10000 0 5
0.166667 0.165827 0.011483 200 212 1000 1032 10000 10000 0 5
0.166667 0.178323 0.012085 200 202 1000 966 10000 10000 0 5
0.166667 0.178092 0.011973 200 217 1000 990 10000 10000 0 5
0.166667 0.186464 0.012206 200 224 1000 962 10000 10000 0 5
0.166667 0.154465 0.011388 200 176 1000 986 10000 10000 0 5
0.166667 0.169284 0.011512 200 205 1000 1021 10000 10000 0 5
0.166667 0.153311 0.011489 200 176 1000 966 10000 10000 0 5
0.166667 0.149151 0.010977 200 188 1000 1044 10000 10000 0 5
0.166667 0.147802 0.011101 200 182 1000 1002 10000 10000 0 5
0.166667 0.165154 0.011859 200 199 1000 966 10000 10000 0 5
0.166667 0.155707 0.011253 200 194 1000 1019 10000 10000 0 5
0.166667 0.161525 0.011467 200 196 1000 1022 10000 10000 0 5
0.166667 0.165128 0.012012 200 182 1000 958 10000 10000 0 5
0.166667 0.169416 0.011549 200 214 1000 1036 10000 10000 0 5
0.166667 0.167650 0.011725 200 206 1000 1004 10000 10000 0 5
0.166667 0.166924 0.011782 200 185 1000 990 10000 10000 0 5
0.166667 0.156221 0.011470 200 183 1000 1015 10000 10000 0 5
0.166667 0.190657 0.012005 200 246 1000 1013 10000 10000 0 5
0.166667 0.135858 0.010756 200 175 1000 1056 10000 10000 0 5
0.166667 0.161899 0.011414 200 192 1000 1002 10000 10000 0 5
0.166667 0.170346 0.011772 200 194 1000 981 10000 10000 0 5
0.166667 0.160997 0.011545 200 198 1000 987 10000 10000 0 5
0.166667 0.163644 0.011839 200 198 1000 961 10000 10000 0 5
0.166667 0.174691 0.011903 200 202 1000 960 10000 10000 0 5
0.166667 0.183618 0.011656 200 232 1000 1015 10000 10000 0 5
0.166667 0.158767 0.011366 200 196 1000 1023 10000 10000 0 5
0.166667 0.180387 0.011782 200 228 1000 1028 10000 10000 0 5
0.166667 0.155924 0.011293 200 185 1000 1014 10000 10000 0 5
0.166667 0.157631 0.011531 200 191 1000 1000 10000 10000 0 5
0.166667 0.171462 0.011976 200 196 1000 934 10000 10000 0 5
0.166667 0.155791 0.011613 200 191 1000 951 10000 10000 0 5
0.166667 0.168320 0.011677 200 199 1000 976 10000 10000 0 5
0.166667 0.160731 0.011738 200 181 1000 974 10000 10000 0 5
0.166667 0.163457 0.011404 200 211 1000 1035 10000 10000 0 5
0.166667 0.154872 0.011451 200 197 1000 1004 10000 10000 0 5
0.166667 0.173210 0.011607 200 209 1000 1027 10000 10000 0 5
0.166667 0.176887 0.012029 200 206 1000 969 10000 10000 0 5
0.166667 0.152586 0.011184 200 191 1000 1043 10000 10000 0 5
0.166667 0.188466 0.012124 200 223 1000 983 10000 10000 0 5
0.166667 0.169404 0.011649 200 199 1000 1004 10000 10000 0 5
0.166667 0.172809 0.011636 200 202 1000 1033 10000 10000 0 5
0.166667 0.140965 0.010924 200 178 1000 1031 10000 10000 0 5
0.166667 0.194187 0.012462 200 214 1000 933 10000 10000 0 5
0.166667 0.171783 0.011748 200 206 1000 999 10000 10000 0 5
0.166667 0.150986 0.011333 200 184 1000 993 10000 10000 0 5
0.166667 0.170417 0.011676 200 194 1000 998 10000 10000 0 5
0.166667 0.174341 0.011556 200 214 1000 1039 10000 10000 0 5
0.166667 0.161906 0.011657 200 188 1000 987 10000 10000 0 5
0.166667 0.165506 0.011509 200 210 1000 1035 10000 10000 0 5
0.166667 0.160056 0.011485 200 202 1000 1031 10000 10000 0 5
0.166667 0.165092 0.011636 200 211 1000 986 10000 10000 0 5
0.166667 0.181928 0.012097 200 205 1000 956 10000 10000 0 5
0.166667 0.172496 0.011538 200 222 1000 1020 10000 10000 0 5
0.166667 0.162742 0.011783 200 188 1000 957 10000 10000 0 5
0.166667 0.156802 0.011522 200 183 1000 996 10000 10000 0 5
0.166667 0.161904 0.011498 200 204 1000 991 10000 10000 0 5
0.166667 0.162892 0.011531 200 206 1000 1005 10000 10000 0 5
0.166667 0.169048 0.011555 200 210 1000 1014 10000 10000 0 5
0.166667 0.171506 0.011647 200 208 1000 1021 10000 10000 0 5
0.166667 0.150387 0.011381 200 180 1000 996 10000 10000 0 5
0.166667 0.180254 0.012225 200 210 1000 967 10000 10000 0 5
0.166667 0.161290 0.011316 200 197 1000 1027 10000 10000 0 5
0.166667 0.171324 0.011643 200 198 1000 1024 10000 10000 0 5
0.166667 0.165113 0.011601 200 195 1000 992 10000 10000 0 5
0.166667 0.165630 0.011736 200 199 1000 992 10000 10000 0 5
0.166667 0.170212 0.011932 200 200 1000 951 10000 10000 0 5
0.166667 0.179242 0.012120 200 214 1000 960 10000 10000 0 5
0.166667 0.170857 0.011809 200 205 1000 1004 10000 10000 0 5
0.166667 0.192262 0.011880 200 239 1000 1029 10000 10000 0 5
0.166667 0.176788 0.011838 200 208 1000 985 10000 10000 0 5
0.166667 0.182484 0.012104 200 217 1000 970 10000 10000 0 5
0.166667 0.165260 0.011499 200 197 1000 1013 10000 10000 0 5
0.166667 0.162725 0.011588 200 193 1000 999 10000 10000 0 5
0.166667 0.163573 0.011453 200 207 1000 1029 10000 10000 0 5
0.166667 0.165688 0.011897 200 190 1000 973 10000 10000 0 5
0.166667 0.174064 0.011834 200 210 1000 982 10000 10000 0 5
0.166667 0.140105 0.011041 200 169 1000 1021 10000 10000 0 5
0.166667 0.185607 0.011942 200 221 1000 1012 10000 10000 0 5
0.166667 0.178020 0.011979 200 208 1000 984 10000 10000 0 5
0.166667 0.195382 0.012191 200 239 1000 977 10000 10000 0 5
0.166667 0.143923 0.011227 200 168 1000 996 10000 10000 0 5
0.166667 0.162305 0.011597 200 189 1000 999 10000 10000 0 5
0.166667 0.175195 0.011820 200 213 1000 1003 10000 10000 0 5
0.166667 0.159168 0.011853 200 184 1000 964 10000 10000 0 5
0.166667 0.171826 0.011668 200 210 1000 1039 10000 10000 0 5
0.166667 0.159796 0.011468 200 192 1000 1006 10000 10000 0 5
0.166667 0.163768 0.011332 200 211 1000 1047 10000 10000 0 5
0.166667 0.171585 0.011842 200 202 1000 993 10000 10000 0 5
0.166667 0.175490 0.012299 200 198 1000 911 10000 10000 0 5
0.166667 0.163119 0.011583 200 184 1000 995 10000 10000 0 5
0.166667 0.171658 0.011896 200 200 1000 969 10000 10000 0 5
0.166667 0.187618 0.012214 200 229 1000 949 10000 10000 0 5
0.166667 0.170498 0.011880 200 209 1000 981 10000 10000 0 5
0.166667 0.172662 0.011898 200 203 1000 971 10000 10000 0 5
0.166667 0.160721 0.011631 200 199 1000 991 10000 10000 0 5
0.166667 0.187057 0.012146 200 224 1000 962 10000 10000 0 5
0.166667 0.180948 0.012162 200 207 1000 940 10000 10000 0 5
0.166667 0.190478 0.011975 200 240 1000 996 10000 10000 0 5
0.166667 0.157141 0.011600 200 184 1000 962 10000 10000 0 5
0.166667 0.179329 0.011702 200 213 1000 1011 10000 10000 0 5
0.166667 0.181390 0.012236 200 205 1000 930 10000 10000 0 5
0.166667 0.172595 0.011354 200 227 1000 1046 10000 10000 0 5
0.166667 0.161601 0.011456 200 194 1000 1020 10000 10000 0 5
0.166667 0.165629 0.011340 200 205 1000 1032 10000 10000 0 5
0.166667 0.145230 0.011185 200 178 1000 1016 10000 10000 0 5
0.166667 0.150614 0.011020 200 193 1000 1061 10000 10000 0 5
0.166667 0.166526 0.011819 200 194 1000 983 10000 10000 0 5
0.166667 0.149513 0.011340 200 181 1000 990 10000 10000 0 5
0.166667 0.166120 0.011925 200 186 1000 960 10000 10000 0 5
0.166667 0.175670 0.011968 200 198 1000 985 10000 10000 0 5
0.166667 0.132817 0.011092 200 162 1000 972 10000 10000 0 5
0.166667 0.160004 0.011538 200 183 1000 995 10000 10000 0 5
0.166667 0.144932 0.010915 200 185 1000 1046 10000 10000 0 5
0.166667 0.195597 0.012165 200 232 1000 985 10000 10000 0 5
0.166667 0.169832 0.011542 200 209 1000 1013 10000 10000 0 5
0.166667 0.137266 0.010745 200 179 1000 1058 10000 10000 0 5
0.166667 0.169369 0.011591 200 203 1000 1002 10000 10000 0 5
0.166667 0.153668 0.011121 200 196 1000 1049 10000 10000 0 5
0.166667 0.154675 0.011305 200 179 1000 1021 10000 10000 0 5
0.166667 0.157437 0.011423 200 188 1000 1012 10000 10000 0 5
0.166667 0.165555 0.012102 200 189 1000 941 10000 10000 0 5
0.166667 0.178248 0.011950 200 211 1000 974 10000 10000 0 5
0.166667 0.180162 0.011850 200 215 1000 996 10000 10000 0 5
0.166667 0.162463 0.011686 200 189 1000 971 10000 10000 0 5
0.166667 0.179790 0.011949 200 214 1000 998 10000 10000 0 5
0.166667 0.181163 0.012013 200 222 1000 970 10000 10000 0 5
0.166667 0.172861 0.011764 200 212 1000 989 10000 10000 0 5
0.166667 0.160072 0.011444 200 202 1000 1016 10000 10000 0 5
0.166667 0.168731 0.011639 200 196 1000 1010 10000 10000 0 5
0.166667 0.155097 0.011133 200 198 1000 1050 10000 10000 0 5
0.166667 0.186437 0.012204 200 217 1000 983 10000 10000 0 5
0.166667 0.160728 0.011417 200 204 1000 1022 10000 10000 0 5
0.166667 0.162605 0.011529 200 199 1000 1010 10000 10000 0 5
0.166667 0.177884 0.011745 200 224 1000 1000 10000 10000 0 5
0.166667 0.148882 0.011097 200 194 1000 1032 10000 10000 0 5
0.166667 0.173358 0.012002 200 218 1000 960 10000 10000 0 5
0.166667 0.134989 0.011062 200 159 1000 986 10000 10000 0 5
0.166667 0.176353 0.011719 200 213 1000 1002 10000 10000 0 5
0.166667 0.157491 0.011583 200 190 1000 980 10000 10000 0 5
0.166667 0.172675 0.012119 200 197 1000 945 10000 10000 0 5
0.166667 0.170265 0.011392 200 216 1000 1061 10000 10000 0 5
0.166667 0.180801 0.012031 200 227 1000 980 10000 10000 0 5
0.166667 0.165358 0.011632 200 191 1000 997 10000 10000 0 5
0.166667 0.161909 0.011540 200 203 1000 1014 10000 10000 0 5
0.166667 0.166687 0.011539 200 214 1000 1009 10000 10000 0 5
0.166667 0.172169 0.011556 200 219 1000 1024 10000 10000 0 5
0.166667 0.186870 0.011800 200 228 1000 1028 10000 10000 0 5
0.166667 0.187578 0.012428 200 213 1000 941 10000 10000 0 5
0.166667 0.173158 0.011981 200 202 1000 941 10000 10000 0 5
0.166667 0.169278 0.011711 200 209 1000 990 10000 10000 0 5
0.166667 0.173892 0.011781 200 215 1000 991 10000 10000 0 5
0.166667 0.154650 0.011412 200 182 1000 1002 10000 10000 0 5
0.166667 0.184821 0.011944 200 219 1000 973 10000 10000 0 5
0.166667 0.170763 0.011752 200 194 1000 987 10000 10000 0 5
0.166667 0.177416 0.012068 200 207 1000 984 10000 10000 0 5
0.166667 0.172006 0.012042 200 193 1000 957 10000 10000 0 5
0.166667 0.187148 0.012048 200 223 1000 972 10000 10000 0 5
0.166667 0.176260 0.011996 200 204 1000 986 10000 10000 0 5
0.166667 0.171701 0.011588 200 214 1000 1023 10000 10000 0 5
0.166667 0.173599 0.011940 200 202 1000 965 10000 10000 0 5
0.166667 0.175562 0.011838 200 203 1000 981 10000 10000 0 5
0.166667 0.167149 0.011743 200 192 1000 999 10000 10000 0 5
0.166667 0.147033 0.010809 200 198 1000 1085 10000 10000 0 5
0.166667 0.166308 0.011462 200 202 1000 1025 10000 10000 0 5
0.166667 0.164645 0.011594 200 204 1000 1016 10000 10000 0 5
0.166667 0.172563 0.011925 200 203 1000 957 10000 10000 0 5
0.166667 0.154559 0.011654 200 181 1000 947 10000 10000 0 5
0.166667 0.149565 0.011387 200 186 1000 1000 10000 10000 0 5
0.166667 0.131750 0.010792 200 165 1000 1026 10000 10000 0 5
0.166667 0.173888 0.011550 200 216 1000 1023 10000 10000 0 5
0.166667 0.164563 0.011485 200 199 1000 1013 10000 10000 0 5
0.166667 0.183964 0.011846 200 233 1000 999 10000 10000 0 5
0.166667 0.166227 0.011727 200 203 1000 1001 10000 10000 0 5
0.166667 0.178717 0.011692 200 226 1000 1024 10000 10000 0 5
0.166667 0.172536 0.011608 200 212 1000 1030 10000 10000 0 5
0.166667 0.173896 0.011757 200 220 1000 997 10000 10000 0 5
0.166667 0.166006 0.011422 200 210 1000 1041 10000 10000 0 5
0.166667 0.163662 0.011370 200 204 1000 1038 10000 10000 0 5
0.166667 0.151296 0.011076 200 193 1000 1045 10000 10000 0 5
0.166667 0.172570 0.012058 200 211 1000 962 10000 10000 0 5
0.166667 0.172449 0.011689 200 205 1000 1005 10000 10000 0 5
0.166667 0.181896 0.012009 200 211 1000 984 10000 10000 0 5
0.166667 0.157982 0.011331 200 201 1000 1013 10000 10000 0 5
0.166667 0.176721 0.011989 200 204 1000 985 10000 10000 0 5
0.166667 0.193391 0.012544 200 210 1000 923 10000 10000 0 5
0.166667 0.158525 0.011376 200 186 1000 1029 10000 10000 0 5
0.166667 0.168362 0.011391 200 224 1000 1044 10000 10000 0 5
0.166667 0.164578 0.011763 200 192 1000 978 10000 10000 0 5
0.166667 0.151162 0.011311 200 189 1000 1033 10000 10000 0 5
0.166667 0.155366 0.011649 200 185 1000 966 10000 10000 0 5
0.166667 0.173154 0.011728 200 219 1000 1001 10000 10000 0 5
0.166667 0.173619 0.011869 200 206 1000 964 10000 10000 0 5
0.166667 0.157869 0.011539 200 177 1000 994 10000 10000 0 5
0.166667 0.180055 0.011731 200 225 1000 1015 10000 10000 0 5
0.166667 0.169121 0.011907 200 197 1000 954 10000 10000 0 5
0.166667 0.180406 0.012050 200 215 1000 968 10000 10000 0 5
0.166667 0.172219 0.011842 200 197 1000 981 10000 10000 0 5
0.166667 0.151859 0.011359 200 171 1000 976 10000 10000 0 5
0.166667 0.171179 0.011751 200 205 1000 995 10000 10000 0 5
0.166667 0.177958 0.012019 200 215 1000 966 10000 10000 0 5
0.166667 0.171830 0.011497 200 226 1000 1038 10000 10000 0 5
0.166667 0.167125 0.011558 200 199 1000 1000 10000 10000 0 5
0.166667 0.164353 0.011254 200 207 1000 1061 10000 10000 0 5
0.166667 0.148877 0.011058 200 186 1000 1049 10000 10000 0 5
0.166667 0.172507 0.011859 200 193 1000 988 10000 10000 0 5
0.166667 0.187387 0.012331 200 221 1000 955 10000 10000 0 5
0.166667 0.171300 0.011810 200 208 1000 995 10000 10000 0 5
0.166667 0.168064 0.011844 200 194 1000 976 10000 10000 0 5
0.166667 0.169758 0.011946 200 190 1000 964 10000 10000 0 5
0.166667 0.160361 0.011645 200 187 1000 977 10000 10000 0 5
0.166667 0.181732 0.012153 200 218 1000 959 10000 10000 0 5
0.166667 0.172697 0.011569 200 212 1000 1035 10000 10000 0 5
0.166667 0.166877 0.011342 200 208 1000 1044 10000 10000 0 5
0.166667 0.157814 0.011449 200 195 1000 988 10000 10000 0 5
0.166667 0.182781 0.012044 200 221 1000 985 10000 10000 0 5
0.166667 0.160115 0.011449 200 201 1000 1015 10000 10000 0 5
0.166667 0.164592 0.011559 200 192 1000 1007 10000 10000 0 5
0.166667 0.172636 0.011859 200 203 1000 969 10000 10000 0 5
0.166667 0.148005 0.011179 200 174 1000 1014 10000 10000 0 5
0.166667 0.163742 0.011339 200 198 1000 1049 10000 10000 0 5
0.166667 0.171070 0.011865 200 197 1000 986 10000 10000 0 5
0.166667 0.171670 0.011641 200 204 1000 1023 10000 10000 0 5
0.166667 0.169728 0.011917 200 205 1000 969 10000 10000 0 5
0.166667 0.170249 0.011482 200 214 1000 1020 10000 10000 0 5
0.166667 0.189997 0.012549 200 208 1000 932 10000 10000 0 5
0.166667 0.165385 0.011404 200 205 1000 1020 10000 10000 0 5
0.166667 0.175321 0.011521 200 223 1000 1035 10000 10000 0 5
0.166667 0.190025 0.012275 200 226 1000 961 10000 10000 0 5
0.166667 0.151583 0.011197 200 187 1000 1030 10000 10000 0 5
0.166667 0.161281 0.011401 200 198 1000 1035 10000 10000 0 5
0.166667 0.178533 0.011968 200 215 1000 978 10000 10000 0 5
0.166667 0.147354 0.011347 200 172 1000 965 10000 10000 0 5
0.166667 0.165746 0.011401 200 208 1000 1062 10000 10000 0 5
0.166667 0.159501 0.011670 200 191 1000 973 10000 10000 0 5
0.166667 0.160345 0.011685 200 195 1000 975 10000 10000 0 5
0.166667 0.171637 0.011599 200 214 1000 1033 10000 10000 0 5
0.166667 0.170377 0.011445 200 200 1000 1024 10000 10000 0 5
0.166667 0.154437 0.011543 200 186 1000 986 10000 10000 0 5
0.166667 0.174148 0.011906 200 207 1000 983 10000 10000 0 5
0.166667 0.154709 0.011417 200 186 1000 1005 10000 10000 0 5
0.166667 0.172992 0.011791 200 194 1000 1014 10000 10000 0 5
0.166667 0.168257 0.011543 200 212 1000 1015 10000 10000 0 5
0.166667 0.166540 0.011628 200 202 1000 1022 10000 10000 0 5
0.166667 0.166937 0.011336 200 201 1000 1025 10000 10000 0 5
0.166667 0.143091 0.011042 200 171 1000 1023 10000 10000 0 5
0.166667 0.158526 0.011586 200 184 1000 979 10000 10000 0 5
0.166667 0.176974 0.011968 200 210 1000 966 10000 10000 0 5
0.166667 0.147505 0.011267 200 185 1000 1011 10000 10000 0 5
0.166667 0.167000 0.011887 200 189 1000 970 10000 10000 0 5
0.166667 0.172021 0.011683 200 203 1000 1005 10000 10000 0 5
0.166667 0.153657 0.011356 200 187 1000 1007 10000 10000 0 5
0.166667 0.164879 0.011445 200 199 1000 1021 10000 10000 0 5
0.166667 0.176398 0.011973 200 224 1000 970 10000 10000 0 5
0.166667 0.166246 0.011719 200 198 1000 994 10000 10000 0 5
0.166667 0.166714 0.011380 200 207 1000 1024 10000 10000 0 5
0.166667 0.171248 0.011537 200 217 1000 1033 10000 10000 0 5
0.166667 0.171773 0.011500 200 216 1000 1031 10000 10000 0 5
0.166667 0.157193 0.011421 200 194 1000 1027 10000 10000 0 5
0.166667 0.168097 0.011716 200 201 1000 982 10000 10000 0 5
0.166667 0.205598 0.012529 200 231 1000 946 10000 10000 0 5
0.166667 0.161647 0.011649 200 196 1000 996 10000 10000 0 5
0.166667 0.154054 0.011268 200 189 1000 1001 10000 10000 0 5
0.166667 0.158236 0.011186 200 200 1000 1064 10000 10000 0 5
0.166667 0.165792 0.011906 200 193 1000 964 10000 10000 0 5
0.166667 0.150304 0.011056 200 182 1000 1042 10000 10000 0 5
0.166667 0.178486 0.012005 200 209 1000 971 10000 10000 0 5
0.166667 0.166140 0.011974 200 186 1000 951 10000 10000 0 5
0.166667 0.148191 0.010904 200 182 1000 1052 10000 10000 0 5
0.166667 0.155975 0.011489 200 191 1000 1007 10000 10000 0 5
0.166667 0.181563 0.012273 200 197 1000 935 10000 10000 0 5
0.166667 0.150180 0.011220 200 185 1000 993 10000 10000 0 5
0.166667 0.143748 0.011241 200 168 1000 988 10000 10000 0 5
0.166667 0.165282 0.011744 200 203 1000 969 10000 10000 0 5
0.166667 0.163830 0.011223 200 204 1000 1056 10000 10000 0 5
0.166667 0.171848 0.012003 200 207 1000 962 10000 10000 0 5
0.166667 0.154550 0.011228 200 196 1000 1016 10000 10000 0 5
0.166667 0.180116 0.011856 200 219 1000 988 10000 10000 0 5
0.166667 0.178688 0.012033 200 210 1000 971 10000 10000 0 5
0.166667 0.168307 0.011469 200 209 1000 1038 10000 10000 0 5
0.166667 0.169549 0.011808 200 194 1000 979 10000 10000 0 5
0.166667 0.190050 0.012096 200 224 1000 990 10000 10000 0 5
0.166667 0.154821 0.011260 200 188 1000 1032 10000 10000 0 5
0.166667 0.174691 0.011708 200 220 1000 1024 10000 10000 0 5
0.166667 0.176282 0.011772 200 212 1000 1013 10000 10000 0 5
0.166667 0.155566 0.011038 200 197 1000 1078 10000 10000 0 5
0.166667 0.151427 0.011350 200 181 1000 1005 10000 10000 0 5
0.166667 0.152032 0.011184 200 193 1000 1033 10000 10000 0 5
0.166667 0.167422 0.011651 200 200 1000 998 10000 10000 0 5
0.166667 0.168385 0.011711 200 203 1000 1000 10000 10000 0 5
0.166667 0.156874 0.011379 200 196 1000 1021 10000 10000 0 5
0.166667 0.146630 0.011042 200 189 1000 1025 10000 10000 0 5
0.166667 0.159340 0.011728 200 196 1000 962 10000 10000 0 5
0.166667 0.188662 0.012240 200 217 1000 962 10000 10000 0 5
0.166667 0.173200 0.011693 200 210 1000 1005 10000 10000 0 5
0.166667 0.180107 0.011755 200 210 1000 1002 10000 10000 0 5
0.166667 0.159417 0.011092 200 199 1000 1058 10000 10000 0 5
0.166667 0.182448 0.012036 200 205 1000 992 10000 10000 0 5
0.166667 0.174257 0.011810 200 205 1000 1010 10000 10000 0 5
0.166667 0.178281 0.011774 200 225 1000 1017 10000 10000 0 5
0.166667 0.165912 0.011999 200 183 1000 950 10000 10000 0 5
0.166667 0.176301 0.011660 200 221 1000 1022 10000 10000 0 5
0.166667 0.167790 0.011232 200 219 1000 1056 10000 10000 0 5
0.166667 0.158769 0.011575 200 182 1000 977 10000 10000 0 5
0.166667 0.172795 0.011801 200 203 1000 989 10000 10000 0 5
0.166667 0.161910 0.011926 200 188 1000 959 10000 10000 0 5
0.166667 0.152714 0.011230 200 187 1000 1010 10000 10000 0 5
0.166667 0.165380 0.011748 200 194 1000 976 10000 10000 0 5
0.166667 0.145212 0.010953 200 187 1000 1040 10000 10000 0 5
0.166667 0.154924 0.011188 200 197 1000 1041 10000 10000 0 5
0.166667 0.171913 0.011771 200 202 1000 1002 10000 10000 0 5
0.166667 0.172487 0.011899 200 207 1000 974 10000 10000 0 5
0.166667 0.182537 0.012087 200 227 1000 972 10000 10000 0 5
0.166667 0.156453 0.011168 200 191 1000 1065 10000 10000 0 5
0.166667 0.183919 0.011784 200 219 1000 1019 10000 10000 0 5
0.166667 0.179175 0.011991 200 214 1000 989 10000 10000 0 5
0.166667 0.179024 0.011671 200 225 1000 1046 10000 10000 0 5
0.166667 0.175542 0.011906 200 207 1000 983 10000 10000 0 5
0.166667 0.160506 0.011477 200 192 1000 998 10000 10000 0 5
0.166667 0.183098 0.012050 200 228 1000 961 10000 10000 0 5
0.166667 0.173469 0.011607 200 206 1000 1029 10000 10000 0 5
0.166667 0.150346 0.011475 200 190 1000 967 10000 10000 0 5
0.166667 0.152263 0.011013 200 195 1000 1053 10000 10000 0 5
0.166667 0.150635 0.011568 200 179 1000 973 10000 10000 0 5
0.166667 0.189197 0.012065 200 237 1000 986 10000 10000 0 5
0.166667 0.172436 0.011734 200 213 1000 1025 10000 10000 0 5
0.166667 0.147357 0.011223 200 178 1000 1009 10000 10000 0 5
0.166667 0.173452 0.011756 200 204 1000 1017 10000 10000 0 5
0.166667 0.195825 0.012109 200 234 1000 989 10000 10000 0 5
0.166667 0.166910 0.011782 200 205 1000 981 10000 10000 0 5
0.166667 0.166076 0.011669 200 200 1000 984 10000 10000 0 5
0.166667 0.169261 0.011675 200 209 1000 1000 10000 10000 0 5
0.166667 0.185411 0.012013 200 223 1000 980 10000 10000 0 5
0.166667 0.167191 0.011467 200 205 1000 1036 10000 10000 0 5
0.166667 0.163056 0.011556 200 196 1000 1017 10000 10000 0 5
0.166667 0.158960 0.011212 200 193 1000 1033 10000 10000 0 5
0.166667 0.165256 0.011567 200 201 1000 1002 10000 10000 0 5
0.166667 0.185851 0.012024 200 224 1000 972 10000 10000 0 5
0.166667 0.156799 0.011339 200 187 1000 1018 10000 10000 0 5
0.166667 0.172228 0.011989 200 196 1000 961 10000 10000 0 5
0.166667 0.167173 0.011649 200 192 1000 993 10000 10000 0 5
0.166667 0.161211 0.011385 200 212 1000 1033 10000 10000 0 5
0.166667 0.170863 0.011870 200 208 1000 982 10000 10000 0 5
0.166667 0.147820 0.011336 200 169 1000 1001 10000 10000 0 5
0.166667 0.161320 0.011562 200 186 1000 981 10000 10000 0 5
0.166667 0.163383 0.011747 200 187 1000 974 10000 10000 0 5
0.166667 0.192934 0.011930 200 229 1000 1010 10000 10000 0 5
0.166667 0.151142 0.011514 200 168 1000 970 10000 10000 0 5
0.166667 0.164439 0.011601 200 207 1000 986 10000 10000 0 5
0.166667 0.164567 0.011594 200 199 1000 987 10000 10000 0 5
0.166667 0.175074 0.011716 200 216 1000 1023 10000 10000 0 5
0.166667 0.175911 0.012312 200 196 1000 951 10000 10000 0 5
0.166667 0.165748 0.011702 200 201 1000 1000 10000 10000 0 5
0.166667 0.180644 0.012054 200 211 1000 979 10000 10000 0 5
0.166667 0.141283 0.011274 200 184 1000 987 10000 10000 0 5
0.166667 0.177535 0.011763 200 214 1000 1013 10000 10000 0 5
0.166667 0.167206 0.011651 200 201 1000 991 10000 10000 0 5
0.166667 0.158774 0.011693 200 182 1000 984 10000 10000 0 5
0.166667 0.171029 0.011506 200 208 1000 1025 10000 10000 0 5
0.166667 0.173804 0.011925 200 209 1000 970 10000 10000 0 5
0.166667 0.175005 0.011706 200 220 1000 999 10000 10000 0 5
0.166667 0.186972 0.012239 200 213 1000 964 10000 10000 0 5
0.166667 0.164503 0.011721 200 197 1000 964 10000 10000 0 5
0.166667 0.184818 0.012139 200 216 1000 960 10000 10000 0 5
0.166667 0.177588 0.012130 200 199 1000 955 10000 10000 0 5
0.166667 0.148245 0.010954 200 188 1000 1044 10000 10000 0 5
0.166667 0.176238 0.012066 200 207 1000 937 10000 10000 0 5
0.166667 0.154922 0.011669 200 181 1000 967 10000 10000 0 5
0.166667 0.156120 0.011423 200 183 1000 992 10000 10000 0 5
0.166667 0.162699 0.011776 200 195 1000 963 10000 10000 0 5
0.166667 0.164797 0.011674 200 199 1000 992 10000 10000 0 5
0.166667 0.169286 0.011887 200 203 1000 953 10000 10000 0 5
0.166667 0.181721 0.011994 200 207 1000 1002 10000 10000 0 5
0.166667 0.186408 0.012286 200 209 1000 961 10000 10000 0 5
0.166667 0.166883 0.011604 200 201 1000 992 10000 10000 0 5
0.166667 0.159031 0.011265 200 203 1000 1043 10000 10000 0 5
0.166667 0.162639 0.011811 200 188 1000 963 10000 10000 0 5
0.166667 0.175970 0.011817 200 212 1000 990 10000 10000 0 5
0.166667 0.179830 0.011940 200 217 1000 988 10000 10000 0 5
0.166667 0.178674 0.011883 200 222 1000 998 10000 10000 0 5
0.166667 0.175258 0.011643 200 215 1000 1017 10000 10000 0 5
0.166667 0.163581 0.011271 200 204 1000 1032 10000 10000 0 5
0.166667 0.182962 0.012084 200 216 1000 976 10000 10000 0 5
0.166667 0.168271 0.011754 200 197 1000 987 10000 10000 0 5
0.166667 0.164338 0.011431 200 190 1000 1029 10000 10000 0 5
0.166667 0.162134 0.011464 200 198 1000 999 10000 10000 0 5
0.166667 0.166322 0.011583 200 202 1000 996 10000 10000 0 5
0.166667 0.158281 0.011335 200 191 1000 1035 10000 10000 0 5
0.166667 0.163684 0.011554 200 202 1000 1007 10000 10000 0 5
0.166667 0.163135 0.011513 200 195 1000 993 10000 10000 0 5
0.166667 0.166162 0.011661 200 204 1000 983 10000 10000 0 5
0.166667 0.169505 0.011952 200 193 1000 952 10000 10000 0 5
0.166667 0.152662 0.011438 200 195 1000 1004 10000 10000 0 5
0.166667 0.161231 0.011546 200 187 1000 978 10000 10000 0 5
0.166667 0.187757 0.012513 200 208 1000 929 10000 10000 0 5
0.166667 0.175529 0.011805 200 201 1000 992 10000 10000 0 5
0.166667 0.156681 0.011430 200 195 1000 977 10000 10000 0 5
0.166667 0.160111 0.010993 200 204 1000 1094 10000 10000 0 5
0.166667 0.155721 0.011257 200 190 1000 1045 10000 10000 0 5
0.166667 0.172536 0.011965 200 209 1000 955 10000 10000 0 5
0.166667 0.178491 0.011888 200 202 1000 998 10000 10000 0 5
0.166667 0.164636 0.011350 200 203 1000 1057 10000 10000 0 5
0.166667 0.175024 0.011886 200 212 1000 981 10000 10000 0 5
0.166667 0.153520 0.011369 200 180 1000 1001 10000 10000 0 5
0.166667 0.177381 0.011924 200 207 1000 986 10000 10000 0 5
0.166667 0.163245 0.011606 200 190 1000 990 10000 10000 0 5
0.166667 0.137044 0.010684 200 174 1000 1058 10000 10000 0 5
0.166667 0.153104 0.011143 200 193 1000 1043 10000 10000 0 5
0.166667 0.170001 0.011973 200 193 1000 948 10000 10000 0 5
0.166667 0.166645 0.011508 200 197 1000 1023 10000 10000 0 5
0.166667 0.170931 0.011906 200 198 1000 972 10000 10000 0 5
0.166667 0.171906 0.011596 200 218 1000 1010 10000 10000 0 5
0.166667 0.163040 0.011630 200 201 1000 988 10000 10000 0 5
0.166667 0.186275 0.011975 200 223 1000 998 10000 10000 0 5
0.166667 0.161776 0.011225 200 218 1000 1050 10000 10000 0 5
0.166667 0.161626 0.011690 200 192 1000 988 10000 10000 0 5
0.166667 0.182054 0.011727 200 230 1000 1015 10000 10000 0 5
0.166667 0.150171 0.011477 200 182 1000 966 10000 10000 0 5
0.166667 0.172364 0.011731 200 206 1000 1004 10000 10000 0 5
0.166667 0.167703 0.011638 200 203 1000 1024 10000 10000 0 5
0.166667 0.152374 0.011309 200 185 1000 1008 10000 10000 0 5
0.166667 0.182505 0.011888 200 232 1000 997 10000 10000 0 5
0.166667 0.172577 0.011871 200 197 1000 977 10000 10000 0 5
0.166667 0.148136 0.010946 200 193 1000 1044 10000 10000 0 5
0.166667 0.164746 0.011916 200 185 1000 939 10000 10000 0 5
0.166667 0.162972 0.011530 200 187 1000 1028 10000 10000 0 5
0.166667 0.166407 0.012176 200 190 1000 942 10000 10000 0 5
0.166667 0.190071 0.012291 200 227 1000 950 10000 10000 0 5
0.166667 0.183343 0.012311 200 213 1000 948 10000 10000 0 5
0.166667 0.164050 0.011812 200 195 1000 968 10000 10000 0 5
0.166667 0.166350 0.011565 200 199 1000 1002 10000 10000 0 5
0.166667 0.176060 0.011860 200 202 1000 976 10000 10000 0 5
0.166667 0.151072 0.010911 200 193 1000 1064 10000 10000 0 5
0.166667 0.164802 0.011510 200 207 1000 991 10000 10000 0 5
0.166667 0.170467 0.012000 200 184 1000 949 10000 10000 0 5
0.166667 0.171323 0.012040 200 190 1000 961 10000 10000 0 5
0.166667 0.152854 0.011350 200 187 1000 1008 10000 10000 0 5
0.166667 0.175428 0.012047 200 199 1000 946 10000 10000 0 5
0.166667 0.165746 0.011602 200 209 1000 1000 10000 10000 0 5
0.166667 0.167536 0.011823 200 199 1000 965 10000 10000 0 5
0.166667 0.183191 0.012049 200 218 1000 969 10000 10000 0 5
0.166667 0.176173 0.011809 200 211 1000 976 10000 10000 0 5
0.166667 0.170523 0.011527 200 214 1000 1023 10000 10000 0 5
0.166667 0.168378 0.011906 200 195 1000 972 10000 10000 0 5
0.166667 0.164834 0.011914 200 184 1000 984 10000 10000 0 5
0.166667 0.161942 0.011522 200 193 1000 998 10000 10000 0 5
0.166667 0.179112 0.011942 200 213 1000 977 10000 10000 0 5
0.166667 0.168297 0.011664 200 197 1000 986 10000 10000 0 5
0.166667 0.153105 0.011260 200 183 1000 1027 10000 10000 0 5
0.166667 0.162622 0.011423 200 202 1000 1011 10000 10000 0 5
0.166667 0.152453 0.011373 200 186 1000 1005 10000 10000 0 5
0.166667 0.167183 0.011624 200 208 1000 1011 10000 10000 0 5
0.166667 0.152148 0.011674 200 174 1000 968 10000 10000 0 5
0.166667 0.153522 0.011155 200 187 1000 1024 10000 10000 0 5
0.166667 0.162389 0.011385 200 206 1000 1033 10000 10000 0 5
0.166667 0.163376 0.011541 200 210 1000 1019 10000 10000 0 5
0.166667 0.152742 0.011369 200 199 1000 1022 10000 10000 0 5
0.166667 0.162762 0.011739 200 207 1000 959 10000 10000 0 5
0.166667 0.164138 0.011357 200 219 1000 1042 10000 10000 0 5
0.166667 0.159073 0.011294 200 198 1000 1035 10000 10000 0 5
0.166667 0.166407 0.011949 200 187 1000 950 10000 10000 0 5
0.166667 0.183406 0.012119 200 205 1000 970 10000 10000 0 5
0.166667 0.179498 0.012001 200 217 1000 973 10000 10000 0 5
0.166667 0.173353 0.011997 200 211 1000 972 10000 10000 0 5
0.166667 0.193364 0.012444 200 218 1000 941 10000 10000 0 5
0.166667 0.160848 0.011672 200 189 1000 981 10000 10000 0 5
0.166667 0.163760 0.011557 200 198 1000 1005 10000 10000 0 5
0.166667 0.165424 0.011728 200 191 1000 974 10000 10000 0 5
0.166667 0.147821 0.011436 200 167 1000 988 10000 10000 0 5
0.166667 0.152007 0.011307 200 181 1000 1003 10000 10000 0 5
0.166667 0.161237 0.011553 200 187 1000 987 10000 10000 0 5
0.166667 0.176850 0.011813 200 214 1000 983 10000 10000 0 5
0.166667 0.146360 0.010994 200 175 1000 1038 10000 10000 0 5
0.166667 0.203980 0.012471 200 243 1000 962 10000 10000 0 5
0.166667 0.168607 0.011941 200 186 1000 963 10000 10000 0 5
0.166667 0.158822 0.011517 200 188 1000 1002 10000 10000 0 5
0.166667 0.181478 0.012109 200 204 1000 965 10000 10000 0 5
0.166667 0.182620 0.011944 200 225 1000 970 10000 10000 0 5
0.166667 0.160542 0.011359 200 202 1000 1037 10000 10000 0 5
0.166667 0.166237 0.011625 200 194 1000 1002 10000 10000 0 5
0.166667 0.173361 0.011947 200 211 1000 967 10000 10000 0 5
0.166667 0.160331 0.011610 200 189 1000 986 10000 10000 0 5
0.166667 0.164554 0.011733 200 199 1000 977 10000 10000 0 5
0.166667 0.169398 0.011648 200 198 1000 995 10000 10000 0 5
0.166667 0.161090 0.011822 200 186 1000 969 10000 10000 0 5
0.166667 0.184533 0.012326 200 213 1000 957 10000 10000 0 5
0.166667 0.173667 0.011490 200 208 1000 1052 10000 10000 0 5
0.166667 0.173406 0.011903 200 200 1000 973 10000 10000 0 5
0.166667 0.191894 0.012134 200 228 1000 969 10000 10000 0 5
0.166667 0.133858 0.010949 200 175 1000 1018 10000 10000 0 5
0.166667 0.157380 0.011475 200 190 1000 990 10000 10000 0 5
0.166667 0.181173 0.011941 200 226 1000 993 10000 10000 0 5
0.166667 0.176498 0.011782 200 210 1000 990 10000 10000 0 5
0.166667 0.184630 0.011718 200 223 1000 1037 10000 10000 0 5
0.166667 0.143455 0.010999 200 185 1000 1023 10000 10000 0 5
0.166667 0.153558 0.011539 200 175 1000 1000 10000 10000 0 5
0.166667 0.169480 0.011236 200 215 1000 1061 10000 10000 0 5
0.166667 0.145169 0.011149 200 176 1000 1005 10000 10000 0 5
0.166667 0.171027 0.011766 200 204 1000 984 10000 10000 0 5
0.166667 0.175655 0.011738 200 211 1000 1002 10000 10000 0 5
0.166667 0.147605 0.010915 200 176 1000 1055 10000 10000 0 5
0.166667 0.175298 0.011777 200 210 1000 987 10000 10000 0 5
0.166667 0.169629 0.011632 200 204 1000 1005 10000 10000 0 5
0.166667 0.155062 0.011415 200 192 1000 1013 10000 10000 0 5
0.166667 0.192728 0.012149 200 234 1000 971 10000 10000 0 5
0.166667 0.154244 0.011303 200 187 1000 1023 10000 10000 0 5
0.166667 0.149826 0.011147 200 177 1000 1039 10000 10000 0 5
0.166667 0.176350 0.011728 200 208 1000 1002 10000 10000 0 5
0.166667 0.163390 0.011535 200 186 1000 995 10000 10000 0 5
0.166667 0.180324 0.012249 200 202 1000 945 10000 10000 0 5
0.166667 0.166365 0.011898 200 192 1000 969 10000 10000 0 5
0.166667 0.170380 0.011609 200 197 1000 1030 10000 10000 0 5
0.166667 0.167329 0.011582 200 203 1000 996 10000 10000 0 5
0.166667 0.163435 0.011647 200 197 1000 984 10000 10000 0 5
0.166667 0.163334 0.011560 200 209 1000 996 10000 10000 0 5
0.166667 0.167978 0.011610 200 203 1000 1003 10000 10000 0 5
0.166667 0.165017 0.011334 200 198 1000 1029 10000 10000 0 5
0.166667 0.161295 0.011380 200 200 1000 1015 10000 10000 0 5
0.166667 0.181196 0.012053 200 218 1000 966 10000 10000 0 5
0.166667 0.182535 0.012082 200 210 1000 971 10000 10000 0 5
0.166667 0.170383 0.011443 200 212 1000 1017 10000 10000 0 5
0.166667 0.168991 0.011982 200 195 1000 977 10000 10000 0 5
0.166667 0.167204 0.011856 200 202 1000 964 10000 10000 0 5
0.166667 0.182460 0.012047 200 213 1000 972 10000 10000 0 5
0.166667 0.162490 0.011395 200 201 1000 1034 10000 10000 0 5
0.166667 0.148012 0.011501 200 177 1000 947 10000 10000 0 5
0.166667 0.148935 0.011175 200 180 1000 1049 10000 10000 0 5
0.166667 0.166288 0.011460 200 199 1000 1030 10000 10000 0 5
0.166667 0.185298 0.012130 200 217 1000 986 10000 10000 0 5
0.166667 0.161128 0.011667 200 191 1000 994 10000 10000 0 5
0.166667 0.151819 0.011273 200 174 1000 1027 10000 10000 0 5
0.166667 0.163792 0.011543 200 190 1000 1010 10000 10000 0 5
0.166667 0.178192 0.011735 200 210 1000 1017 10000 10000 0 5
0.166667 0.149076 0.011138 200 181 1000 1028 10000 10000 0 5
0.166667 0.153745 0.010944 200 206 1000 1081 10000 10000 0 5
0.166667 0.180125 0.011990 200 215 1000 977 10000 10000 0 5
0.166667 0.180836 0.012282 200 200 1000 944 10000 10000 0 5
0.166667 0.156258 0.011166 200 197 1000 1052 10000 10000 0 5
0.166667 0.140326 0.011049 200 178 1000 1007 10000 10000 0 5
0.166667 0.177220 0.011868 200 210 1000 1011 10000 10000 0 5
0.166667 0.190991 0.011975 200 242 1000 1018 10000 10000 0 5
0.166667 0.177531 0.011614 200 206 1000 1047 10000 10000 0 5
0.166667 0.160236 0.011632 200 202 1000 984 10000 10000 0 5
0.166667 0.184333 0.012320 200 217 1000 940 10000 10000 0 5
0.166667 0.167767 0.011847 200 211 1000 973 10000 10000 0 5
0.166667 0.156508 0.011324 200 189 1000 1013 10000 10000 0 5
0.166667 0.165444 0.011406 200 208 1000 1032 10000 10000 0 5
0.166667 0.163859 0.011407 200 198 1000 1024 10000 10000 0 5
0.166667 0.173311 0.011698 200 206 1000 1004 10000 10000 0 5
0.166667 0.172975 0.011593 200 204 1000 1015 10000 10000 0 5
0.166667 0.159365 0.011519 200 185 1000 995 10000 10000 0 5
0.166667 0.175112 0.011975 200 198 1000 972 10000 10000 0 5
0.166667 0.138013 0.010789 200 171 1000 1042 10000 10000 0 5
0.166667 0.180637 0.011904 200 210 1000 996 10000 10000 0 5
0.166667 0.180804 0.012283 200 206 1000 956 10000 10000 0 5
0.166667 0.186592 0.012017 200 219 1000 1026 10000 10000 0 5
0.166667 0.175846 0.012030 200 213 1000 957 10000 10000 0 5
0.166667 0.166353 0.011653 200 208 1000 986 10000 10000 0 5
0.166667 0.172041 0.011942 200 207 1000 973 10000 10000 0 5
0.166667 0.164529 0.011491 200 205 1000 1023 10000 10000 0 5
0.166667 0.166117 0.011725 200 192 1000 985 10000 10000 0 5
0.166667 0.165390 0.011418 200 203 1000 1032 10000 10000 0 5
0.166667 0.160673 0.011565 200 193 1000 985 10000 10000 0 5
0.166667 0.156466 0.011525 200 202 1000 1020 10000 10000 0 5
0.166667 0.158669 0.011389 200 202 1000 1023 10000 10000 0 5
0.166667 0.164982 0.011819 200 191 1000 978 10000 10000 0 5
0.166667 0.169477 0.011818 200 198 1000 989 10000 10000 0 5
0.166667 0.197924 0.012202 200 233 1000 993 10000 10000 0 5
0.166667 0.151829 0.011065 200 193 1000 1056 10000 10000 0 5
0.166667 0.157573 0.011245 200 202 1000 1028 10000 10000 0 5
0.166667 0.186696 0.012127 200 228 1000 985 10000 10000 0 5
0.166667 0.168021 0.011535 200 200 1000 1033 10000 10000 0 5
0.166667 0.163961 0.011522 200 199 1000 992 10000 10000 0 5
0.166667 0.159813 0.011370 200 185 1000 1001 10000 10000 0 5
0.166667 0.159099 0.011295 200 204 1000 1030 10000 10000 0 5
0.166667 0.159767 0.011455 200 189 1000 1014 10000 10000 0 5
0.166667 0.155596 0.011136 200 197 1000 1035 10000 10000 0 5
0.166667 0.159690 0.011421 200 195 1000 1003 10000 10000 0 5
0.166667 0.170891 0.011675 200 214 1000 1011 10000 10000 0 5
0.166667 0.169720 0.011748 200 202 1000 988 10000 10000 0 5
0.166667 0.170516 0.011582 200 211 1000 1005 10000 10000 0 5
0.166667 0.177415 0.011962 200 215 1000 966 10000 10000 0 5
0.166667 0.142916 0.011317 200 163 1000 955 10000 10000 0 5
0.166667 0.159350 0.011226 200 195 1000 1037 10000 10000 0 5
0.166667 0.141282 0.011105 200 171 1000 989 10000 10000 0 5
0.166667 0.165881 0.011632 200 203 1000 982 10000 10000 0 5
0.166667 0.158498 0.011212 200 195 1000 1052 10000 10000 0 5
0.166667 0.165510 0.011707 200 201 1000 1000 10000 10000 0 5
0.166667 0.193199 0.012176 200 231 1000 981 10000 10000 0 5
0.166667 0.175431 0.011784 200 218 1000 999 10000 10000 0 5
0.166667 0.160045 0.011494 200 200 1000 988 10000 10000 0 5
0.166667 0.179226 0.011852 200 219 1000 994 10000 10000 0 5
0.166667 0.147665 0.011234 200 171 1000 996 10000 10000 0 5
0.166667 0.148891 0.011367 200 176 1000 992 10000 10000 0 5
0.166667 0.180203 0.011761 200 214 1000 1022 10000 10000 0 5
0.166667 0.153225 0.011360 200 186 1000 1000 10000 10000 0 5
0.166667 0.155414 0.011409 200 189 1000 1018 10000 10000 0 5
0.166667 0.161622 0.011742 200 199 1000 982 10000 10000 0 5
0.166667 0.157737 0.011314 200 187 1000 1041 10000 10000 0 5
0.166667 0.180869 0.012050 200 205 1000 998 10000 10000 0 5
0.166667 0.169567 0.011540 200 220 1000 1022 10000 10000 0 5
0.166667 0.161642 0.011655 200 181 1000 988 10000 10000 0 5
0.166667 0.160107 0.011457 200 199 1000 984 10000 10000 0 5
0.166667 0.150778 0.011629 200 171 1000 958 10000 10000 0 5
0.166667 0.160098 0.011426 200 191 1000 1012 10000 10000 0 5
0.166667 0.170391 0.011788 200 203 1000 987 10000 10000 0 5
0.166667 0.188225 0.012305 200 226 1000 958 10000 10000 0 5
0.166667 0.176589 0.011866 200 209 1000 978 10000 10000 0 5
0.166667 0.164712 0.011661 200 198 1000 985 10000 10000 0 5
0.166667 0.164458 0.011514 200 205 1000 1006 10000 10000 0 5
0.166667 0.171634 0.011466 200 216 1000 1047 10000 10000 0 5
0.166667 0.167859 0.011437 200 217 1000 1048 10000 10000 0 5
0.166667 0.186752 0.012095 200 215 1000 958 10000 10000 0 5
0.166667 0.152557 0.011258 200 192 1000 1015 10000 10000 0 5
0.166667 0.164734 0.011620 200 197 1000 1006 10000 10000 0 5
0.166667 0.191454 0.012270 200 227 1000 948 10000 10000 0 5
0.166667 0.160248 0.011241 200 200 1000 1029 10000 10000 0 5
0.166667 0.179163 0.011787 200 220 1000 994 10000 10000 0 5
0.166667 0.137809 0.010917 200 159 1000 1017 10000 10000 0 5
0.166667 0.164829 0.012044 200 185 1000 947 10000 10000 0 5
0.166667 0.148731 0.011205 200 169 1000 1006 10000 10000 0 5
0.166667 0.139588 0.011169 200 179 1000 1007 10000 10000 0 5
0.166667 0.173132 0.011697 200 202 1000 1002 10000 10000 0 5
0.166667 0.145929 0.010898 200 184 1000 1031 10000 10000 0 5
0.166667 0.165962 0.011638 200 198 1000 993 10000 10000 0 5
0.166667 0.156334 0.011427 200 190 1000 1014 10000 10000 0 5
0.166667 0.168426 0.011414 200 204 1000 1024 10000 10000 0 5
0.166667 0.169768 0.012092 200 188 1000 942 10000 10000 0 5
0.166667 0.153071 0.011242 200 191 1000 1029 10000 10000 0 5
0.166667 0.157745 0.011442 200 184 1000 1001 10000 10000 0 5
0.166667 0.174672 0.011710 200 205 1000 1005 10000 10000 0 5
0.166667 0.167182 0.011338 200 217 1000 1045 10000 10000 0 5
0.166667 0.185837 0.011896 200 236 1000 992 10000 10000 0 5
0.166667 0.162206 0.011788 200 190 1000 969 10000 10000 0 5
0.166667 0.172026 0.011834 200 208 1000 990 10000 10000 0 5
0.166667 0.166294 0.011563 200 198 1000 1023 10000 10000 0 5
0.166667 0.189423 0.012144 200 217 1000 997 10000 10000 0 5
0.166667 0.152372 0.011249 200 196 1000 1020 10000 10000 0 5
0.166667 0.186112 0.011889 200 223 1000 1006 10000 10000 0 5
0.166667 0.152288 0.011279 200 186 1000 996 10000 10000 0 5
0.166667 0.155827 0.011436 200 193 1000 1010 10000 10000 0 5
0.166667 0.155018 0.011620 200 185 1000 974 10000 10000 0 5
0.166667 0.163385 0.011571 200 195 1000 1009 10000 10000 0 5
0.166667 0.177362 0.012093 200 202 1000 953 10000 10000 0 5
0.166667 0.169815 0.011905 200 207 1000 967 10000 10000 0 5
0.166667 0.180941 0.011992 200 203 1000 971 10000 10000 0 5
0.166667 0.185492 0.012082 200 220 1000 970 10000 10000 0 5
0.166667 0.161001 0.011200 200 206 1000 1055 10000 10000 0 5
0.166667 0.170450 0.011862 200 190 1000 961 10000 10000 0 5
0.166667 0.163171 0.011476 200 198 1000 1004 10000 10000 0 5
0.166667 0.170546 0.011390 200 212 1000 1045 10000 10000 0 5
0.166667 0.166342 0.011510 200 216 1000 1031 10000 10000 0 5
0.166667 0.135895 0.011177 200 155 1000 989 10000 10000 0 5
0.166667 0.172593 0.011558 200 213 1000 1033 10000 10000 0 5
0.166667 0.169336 0.011861 200 194 1000 976 10000 10000 0 5
0.166667 0.151196 0.011260 200 174 1000 1001 10000 10000 0 5
0.166667 0.164781 0.011557 200 205 1000 1000 10000 10000 0 5
0.166667 0.162697 0.011753 200 192 1000 974 10000 10000 0 5
0.166667 0.171327 0.011670 200 195 1000 1023 10000 10000 0 5
0.166667 0.174805 0.011761 200 207 1000 1012 10000 10000 0 5
0.166667 0.167669 0.011883 200 198 1000 987 10000 10000 0 5
0.166667 0.176287 0.011538 200 219 1000 1041 10000 10000 0 5
0.166667 0.179895 0.012026 200 213 1000 950 10000 10000 0 5
0.166667 0.157164 0.011276 200 194 1000 1022 10000 10000 0 5
0.166667 0.141266 0.011182 200 169 1000 991 10000 10000 0 5
0.166667 0.168519 0.011953 200 191 1000 965 10000 10000 0 5
0.166667 0.182861 0.011992 200 216 1000 984 10000 10000 0 5
0.166667 0.169990 0.011713 200 197 1000 996 10000 10000 0 5
0.166667 0.164436 0.011664 200 198 1000 997 10000 10000 0 5
0.166667 0.155694 0.011341 200 186 1000 1019 10000 10000 0 5
0.166667 0.173935 0.011627 200 205 1000 1020 10000 10000 0 5
0.166667 0.179310 0.011871 200 217 1000 1000 10000 10000 0 5
0.166667 0.152315 0.011206 200 174 1000 998 10000 10000 0 5
0.166667 0.175886 0.011831 200 210 1000 994 10000 10000 0 5
0.166667 0.149040 0.011244 200 178 1000 1006 10000 10000 0 5
0.166667 0.165814 0.011268 200 206 1000 1067 10000 10000 0 5
0.166667 0.172115 0.011740 200 206 1000 991 10000 10000 0 5
0.166667 0.172998 0.011895 200 206 1000 949 10000 10000 0 5
0.166667 0.162522 0.011656 200 196 1000 979 10000 10000 0 5
0.166667 0.157638 0.011111 200 199 1000 1047 10000 10000 0 5
0.166667 0.162485 0.011369 200 197 1000 1026 10000 10000 0 5
0.166667 0.166891 0.011550 200 197 1000 1014 10000 10000 0 5
0.166667 0.164969 0.011541 200 208 1000 1005 10000 10000 0 5
0.166667 0.138610 0.011325 200 155 1000 951 10000 10000 0 5
0.166667 0.168304 0.011846 200 196 1000 973 10000 10000 0 5
0.166667 0.176359 0.011868 200 205 1000 999 10000 10000 0 5
0.166667 0.159064 0.011250 200 200 1000 1037 10000 10000 0 5
0.166667 0.178422 0.011872 200 213 1000 981 10000 10000 0 5
0.166667 0.145183 0.011432 200 176 1000 956 10000 10000 0 5
0.166667 0.164414 0.011661 200 195 1000 979 10000 10000 0 5
0.166667 0.171316 0.011631 200 197 1000 999 10000 10000 0 5
0.166667 0.166229 0.012051 200 204 1000 948 10000 10000 0 5
0.166667 0.166361 0.011751 200 199 1000 983 10000 10000 0 5
0.166667 0.173826 0.011916 200 214 1000 985 10000 10000 0 5
0.166667 0.161510 0.011691 200 191 1000 974 10000 10000 0 5
0.166667 0.172902 0.012318 200 190 1000 925 10000 10000 0 5
0.166667 0.156396 0.011391 200 186 1000 1010 10000 10000 0 5
0.166667 0.159971 0.011608 200 202 1000 1000 10000 10000 0 5
0.166667 0.192300 0.012137 200 225 1000 1000 10000 10000 0 5
0.166667 0.162278 0.011236 200 200 1000 1039 10000 10000 0 5
0.166667 0.168541 0.011386 200 210 1000 1045 10000 10000 0 5
0.166667 0.174408 0.011869 200 211 1000 978 10000 10000 0 5
0.166667 0.170999 0.011775 200 211 1000 1014 10000 10000 0 5
0.166667 0.156096 0.011439 200 194 1000 1004 10000 10000 0 5
0.166667 0.151345 0.011154 200 194 1000 1037 10000 10000 0 5
0.166667 0.153207 0.011309 200 180 1000 1025 10000 10000 0 5
0.166667 0.163013 0.011564 200 195 1000 1012 10000 10000 0 5
0.166667 0.172597 0.011648 200 208 1000 995 10000 10000 0 5
0.166667 0.166143 0.011638 200 202 1000 991 10000 10000 0 5
0.166667 0.176075 0.011792 200 212 1000 1004 10000 10000 0 5
0.166667 0.166520 0.011727 200 187 1000 986 10000 10000 0 5
0.166667 0.155906 0.011575 200 181 1000 968 10000 10000 0 5
0.166667 0.172472 0.011786 200 216 1000 982 10000 10000 0 5
0.166667 0.164122 0.011561 200 195 1000 1002 10000 10000 0 5
0.166667 0.164908 0.011629 200 191 1000 978 10000 10000 0 5
0.166667 0.167335 0.011882 200 201 1000 964 10000 10000 0 5
0.166667 0.160471 0.011334 200 193 1000 1015 10000 10000 0 5
0.166667 0.183516 0.012079 200 208 1000 1000 10000 10000 0 5
0.166667 0.154544 0.011346 200 188 1000 1006 10000 10000 0 5
0.166667 0.156826 0.011474 200 187 1000 989 10000 10000 0 5
0.166667 0.164191 0.011582 200 195 1000 996 10000 10000 0 5
0.166667 0.165752 0.011628 200 197 1000 990 10000 10000 0 5
0.166667 0.174247 0.011880 200 204 1000 982 10000 10000 0 5
0.166667 0.166796 0.011690 200 207 1000 990 10000 10000 0 5
0.166667 0.175554 0.011891 200 212 1000 997 10000 10000 0 5
0.166667 0.158160 0.011509 200 202 1000 1012 10000 10000 0 5
