0.166667 0.181515 0.012368 200 206 1000 908 2 1000 1000 0 5
0.166667 0.183488 0.012161 200 223 1000 933 2 1000 1000 0 5
0.166667 0.161710 0.011701 200 183 1000 950 2 1000 1000 0 5
0.166667 0.159800 0.011317 200 194 1000 1010 2 1000 1000 0 5
0.166667 0.153300 0.011220 200 190 1000 1015 2 1000 1000 0 5
0.166667 0.202807 0.012291 200 236 1000 976 2 1000 1000 0 5
0.166667 0.153769 0.011055 200 199 1000 1028 2 1000 1000 0 5
0.166667 0.167778 0.011311 200 215 1000 1034 2 1000 1000 0 5
0.166667 0.164856 0.011454 200 210 1000 1025 2 1000 1000 0 5
0.166667 0.167658 0.011612 200 210 1000 985 2 1000 1000 0 5
0.166667 0.172470 0.011820 200 193 1000 978 2 1000 1000 0 5
0.166667 0.159943 0.011431 200 183 1000 999 2 1000 1000 0 5
0.166667 0.165496 0.011627 200 198 1000 975 2 1000 1000 0 5
0.166667 0.160817 0.011303 200 198 1000 1041 2 1000 1000 0 5
0.166667 0.157878 0.011408 200 184 1000 987 2 1000 1000 0 5
0.166667 0.173592 0.011521 200 213 1000 1021 2 1000 1000 0 5
0.166667 0.172987 0.011851 200 205 1000 963 2 1000 1000 0 5
0.166667 0.167218 0.011526 200 206 1000 1010 2 1000 1000 0 5
0.166667 0.166265 0.011555 200 200 1000 1001 2 1000 1000 0 5
0.166667 0.173493 0.011697 200 210 1000 991 2 1000 1000 0 5
0.166667 0.160203 0.011452 200 196 1000 999 2 1000 1000 0 5
0.166667 0.160136 0.011274 200 191 1000 1024 2 1000 1000 0 5
0.166667 0.165302 0.011245 200 212 1000 1041 2 1000 1000 0 5
0.166667 0.150010 0.011109 200 198 1000 1018 2 1000 1000 0 5
0.166667 0.185817 0.011921 200 218 1000 986 2 1000 1000 0 5
0.166667 0.183958 0.011817 200 222 1000 994 2 1000 1000 0 5
0.166667 0.172304 0.011828 200 203 1000 966 2 1000 1000 0 5
0.166667 0.164432 0.011566 200 200 1000 986 2 1000 1000 0 5
0.166667 0.176408 0.011597 200 218 1000 1039 2 1000 1000 0 5
0.166667 0.171655 0.011677 200 217 1000 987 2 1000 1000 0 5
0.166667 0.156192 0.011300 200 196 1000 1006 2 1000 1000 0 5
0.166667 0.166724 0.011341 200 207 1000 1027 2 1000 1000 0 5
0.166667 0.196394 0.012000 200 247 1000 984 2 1000 1000 0 5
0.166667 0.154348 0.011117 200 186 1000 1025 2 1000 1000 0 5
0.166667 0.160448 0.011456 200 201 1000 992 2 1000 1000 0 5
0.166667 0.198854 0.012255 200 238 1000 982 2 1000 1000 0 5
0.166667 0.171614 0.011726 200 200 1000 980 2 1000 1000 0 5
0.166667 0.150428 0.011022 200 187 1000 1033 2 1000 1000 0 5
0.166667 0.182294 0.012012 200 208 1000 974 2 1000 1000 0 5
0.166667 0.164713 0.011548 200 192 1000 977 2 1000 1000 0 5
0.166667 0.171664 0.011551 200 217 1000 1013 2 1000 1000 0 5
0.166667 0.168592 0.011359 200 208 1000 1020 2 1000 1000 0 5
0.166667 0.166517 0.011501 200 188 1000 1001 2 1000 1000 0 5
0.166667 0.157162 0.011252 200 187 1000 1031 2 1000 1000 0 5
0.166667 0.183579 0.012234 200 207 1000 934 2 1000 1000 0 5
0.166667 0.172826 0.011860 200 205 1000 959 2 1000 1000 0 5
0.166667 0.181814 0.012148 200 202 1000 944 2 1000 1000 0 5
0.166667 0.170987 0.011791 200 199 1000 961 2 1000 1000 0 5
0.166667 0.173511 0.011727 200 208 1000 988 2 1000 1000 0 5
0.166667 0.158512 0.011638 200 184 1000 977 2 1000 1000 0 5
0.166667 0.170741 0.011682 200 205 1000 983 2 1000 1000 0 5
0.166667 0.156778 0.011313 200 192 1000 991 2 1000 1000 0 5
0.166667 0.171055 0.011799 200 199 1000 981 2 1000 1000 0 5
0.166667 0.168895 0.011421 200 203 1000 1019 2 1000 1000 0 5
0.166667 0.154461 0.011322 200 181 1000 978 2 1000 1000 0 5
0.166667 0.170417 0.011868 200 194 1000 946 2 1000 1000 0 5
0.166667 0.166408 0.011687 200 196 1000 983 2 1000 1000 0 5
0.166667 0.168774 0.011513 200 210 1000 1015 2 1000 1000 0 5
0.166667 0.168544 0.011481 200 204 1000 1008 2 1000 1000 0 5
0.166667 0.169554 0.011680 200 199 1000 984 2 1000 1000 0 5
0.166667 0.172326 0.011506 200 216 1000 1028 2 1000 1000 0 5
0.166667 0.158350 0.011215 200 197 1000 1028 2 1000 1000 0 5
0.166667 0.168227 0.011541 200 202 1000 1031 2 1000 1000 0 5
0.166667 0.157725 0.011142 200 193 1000 1047 2 1000 1000 0 5
0.166667 0.174369 0.011543 200 214 1000 1028 2 1000 1000 0 5
0.166667 0.177959 0.011754 200 216 1000 993 2 1000 1000 0 5
0.166667 0.164322 0.011438 200 195 1000 1023 2 1000 1000 0 5
0.166667 0.165528 0.011338 200 207 1000 1035 2 1000 1000 0 5
0.166667 0.170755 0.011730 200 201 1000 993 2 1000 1000 0 5
0.166667 0.168728 0.011777 200 199 1000 958 2 1000 1000 0 5
0.166667 0.165009 0.011770 200 188 1000 955 2 1000 1000 0 5
0.166667 0.172271 0.011693 200 212 1000 986 2 1000 1000 0 5
0.166667 0.157134 0.011346 200 185 1000 1012 2 1000 1000 0 5
0.166667 0.167015 0.011597 200 199 1000 985 2 1000 1000 0 5
0.166667 0.147315 0.011245 200 178 1000 996 2 1000 1000 0 5
0.166667 0.164842 0.011592 200 195 1000 984 2 1000 1000 0 5
0.166667 0.175245 0.011648 200 209 1000 1014 2 1000 1000 0 5
0.166667 0.184087 0.012141 200 213 1000 941 2 1000 1000 0 5
0.166667 0.162001 0.011163 200 210 1000 1044 2 1000 1000 0 5
0.166667 0.165197 0.011527 200 197 1000 1001 2 1000 1000 0 5
0.166667 0.168920 0.011464 200 203 1000 1025 2 1000 1000 0 5
0.166667 0.163462 0.011097 200 224 1000 1057 2 1000 1000 0 5
0.166667 0.148998 0.011196 200 176 1000 989 2 1000 1000 0 5
0.166667 0.158508 0.011199 200 197 1000 1026 2 1000 1000 0 5
0.166667 0.160716 0.011279 200 197 1000 1035 2 1000 1000 0 5
0.166667 0.163311 0.011592 200 191 1000 990 2 1000 1000 0 5
0.166667 0.158121 0.011329 200 189 1000 1009 2 1000 1000 0 5
0.166667 0.168753 0.011573 200 194 1000 1016 2 1000 1000 0 5
0.166667 0.165765 0.011242 200 204 1000 1043 2 1000 1000 0 5
0.166667 0.164390 0.011645 200 182 1000 991 2 1000 1000 0 5
0.166667 0.140092 0.010661 200 177 1000 1066 2 1000 1000 0 5
0.166667 0.157335 0.011252 200 187 1000 1020 2 1000 1000 0 5
0.166667 0.161037 0.011329 200 199 1000 1026 2 1000 1000 0 5
0.166667 0.172232 0.011944 200 201 1000 943 2 1000 1000 0 5
0.166667 0.164475 0.011615 200 195 1000 959 2 1000 1000 0 5
0.166667 0.149464 0.011147 200 184 1000 1006 2 1000 1000 0 5
0.166667 0.157880 0.011097 200 206 1000 1044 2 1000 1000 0 5
0.166667 0.188729 0.011980 200 221 1000 986 2 1000 1000 0 5
0.166667 0.166538 0.011464 200 204 1000 1010 2 1000 1000 0 5
0.166667 0.151947 0.010781 200 195 1000 1082 2 1000 1000 0 5
0.166667 0.164202 0.011801 200 176 1000 952 2 1000 1000 0 5
0.166667 0.159897 0.011457 200 185 1000 988 2 1000 1000 0 5
0.166667 0.179336 0.012317 200 199 1000 924 2 1000 1000 0 5
0.166667 0.176581 0.012104 200 199 1000 932 2 1000 1000 0 5
0.166667 0.180212 0.011773 200 217 1000 980 2 1000 1000 0 5
0.166667 0.173489 0.011845 200 210 1000 975 2 1000 1000 0 5
0.166667 0.175692 0.011711 200 220 1000 989 2 1000 1000 0 5
0.166667 0.164783 0.011548 200 197 1000 993 2 1000 1000 0 5
0.166667 0.154719 0.011569 200 181 1000 969 2 1000 1000 0 5
0.166667 0.155923 0.011514 200 181 1000 985 2 1000 1000 0 5
0.166667 0.168900 0.011242 200 227 1000 1060 2 1000 1000 0 5
0.166667 0.151227 0.010933 200 200 1000 1062 2 1000 1000 0 5
0.166667 0.157632 0.011335 200 194 1000 1004 2 1000 1000 0 5
0.166667 0.169922 0.011378 200 211 1000 1039 2 1000 1000 0 5
0.166667 0.156563 0.011240 200 196 1000 1001 2 1000 1000 0 5
0.166667 0.174502 0.011595 200 205 1000 1030 2 1000 1000 0 5
0.166667 0.181407 0.011821 200 224 1000 985 2 1000 1000 0 5
0.166667 0.160759 0.011038 200 204 1000 1073 2 1000 1000 0 5
0.166667 0.172168 0.011686 200 203 1000 978 2 1000 1000 0 5
0.166667 0.182912 0.011659 200 225 1000 1017 2 1000 1000 0 5
0.166667 0.159558 0.011334 200 187 1000 1008 2 1000 1000 0 5
0.166667 0.188940 0.012318 200 213 1000 926 2 1000 1000 0 5
0.166667 0.167153 0.011861 200 193 1000 936 2 1000 1000 0 5
0.166667 0.161188 0.011441 200 193 1000 985 2 1000 1000 0 5
0.166667 0.178493 0.011745 200 205 1000 1005 2 1000 1000 0 5
0.166667 0.168144 0.011801 200 187 1000 961 2 1000 1000 0 5
0.166667 0.154631 0.011161 200 185 1000 1036 2 1000 1000 0 5
0.166667 0.171366 0.011742 200 208 1000 984 2 1000 1000 0 5
0.166667 0.173110 0.011671 200 204 1000 999 2 1000 1000 0 5
0.166667 0.182149 0.011756 200 213 1000 1023 2 1000 1000 0 5
0.166667 0.170372 0.011926 200 198 1000 956 2 1000 1000 0 5
0.166667 0.168465 0.011490 200 212 1000 1013 2 1000 1000 0 5
0.166667 0.146579 0.011063 200 168 1000 1003 2 1000 1000 0 5
0.166667 0.152695 0.011059 200 185 1000 1023 2 1000 1000 0 5
0.166667 0.165003 0.011196 200 205 1000 1048 2 1000 1000 0 5
0.166667 0.150136 0.011257 200 184 1000 983 2 1000 1000 0 5
0.166667 0.170623 0.011697 200 208 1000 997 2 1000 1000 0 5
0.166667 0.167527 0.011511 200 210 1000 1020 2 1000 1000 0 5
0.166667 0.158459 0.011333 200 190 1000 1001 2 1000 1000 0 5
0.166667 0.158987 0.011499 200 183 1000 999 2 1000 1000 0 5
0.166667 0.155689 0.011086 200 194 1000 1032 2 1000 1000 0 5
0.166667 0.153824 0.011044 200 196 1000 1039 2 1000 1000 0 5
0.166667 0.165727 0.011561 200 206 1000 1003 2 1000 1000 0 5
0.166667 0.166845 0.011734 200 189 1000 977 2 1000 1000 0 5
0.166667 0.171242 0.011783 200 198 1000 970 2 1000 1000 0 5
0.166667 0.183041 0.011806 200 228 1000 982 2 1000 1000 0 5
0.166667 0.184745 0.011726 200 222 1000 1025 2 1000 1000 0 5
0.166667 0.164314 0.011563 200 194 1000 985 2 1000 1000 0 5
0.166667 0.174570 0.011711 200 213 1000 1000 2 1000 1000 0 5
0.166667 0.190955 0.012311 200 215 1000 938 2 1000 1000 0 5
0.166667 0.152495 0.011225 200 180 1000 1019 2 1000 1000 0 5
0.166667 0.142018 0.010617 200 181 1000 1090 2 1000 1000 0 5
0.166667 0.159744 0.011259 200 201 1000 1033 2 1000 1000 0 5
0.166667 0.158382 0.011320 200 196 1000 1013 2 1000 1000 0 5
0.166667 0.178363 0.011914 200 215 1000 978 2 1000 1000 0 5
0.166667 0.166243 0.011311 200 208 1000 1016 2 1000 1000 0 5
0.166667 0.151265 0.011110 200 183 1000 1031 2 1000 1000 0 5
0.166667 0.147431 0.010901 200 192 1000 1048 2 1000 1000 0 5
0.166667 0.165558 0.011717 200 185 1000 961 2 1000 1000 0 5
0.166667 0.168308 0.011500 200 205 1000 1013 2 1000 1000 0 5
0.166667 0.150219 0.011137 200 176 1000 1009 2 1000 1000 0 5
0.166667 0.169512 0.011570 200 206 1000 994 2 1000 1000 0 5
0.166667 0.144833 0.011091 200 172 1000 996 2 1000 1000 0 5
0.166667 0.182482 0.011933 200 215 1000 989 2 1000 1000 0 5
0.166667 0.171341 0.011706 200 212 1000 980 2 1000 1000 0 5
0.166667 0.176555 0.011907 200 205 1000 956 2 1000 1000 0 5
0.166667 0.154502 0.011450 200 184 1000 980 2 1000 1000 0 5
0.166667 0.173407 0.011755 200 203 1000 986 2 1000 1000 0 5
0.166667 0.143335 0.010941 200 174 1000 1026 2 1000 1000 0 5
0.166667 0.180675 0.011692 200 216 1000 1002 2 1000 1000 0 5
0.166667 0.169191 0.011272 200 209 1000 1059 2 1000 1000 0 5
0.166667 0.181018 0.012002 200 207 1000 964 2 1000 1000 0 5
0.166667 0.164394 0.011408 200 200 1000 1016 2 1000 1000 0 5
0.166667 0.160707 0.011651 200 199 1000 953 2 1000 1000 0 5
0.166667 0.150215 0.011205 200 186 1000 1014 2 1000 1000 0 5
0.166667 0.169185 0.011723 200 196 1000 992 2 1000 1000 0 5
0.166667 0.169010 0.011521 200 205 1000 1001 2 1000 1000 0 5
0.166667 0.184950 0.011886 200 223 1000 1006 2 1000 1000 0 5
0.166667 0.174866 0.011644 200 215 1000 1011 2 1000 1000 0 5
0.166667 0.159654 0.011350 200 191 1000 1017 2 1000 1000 0 5
0.166667 0.181085 0.011928 200 213 1000 986 2 1000 1000 0 5
0.166667 0.171989 0.012006 200 188 1000 953 2 1000 1000 0 5
0.166667 0.152936 0.011096 200 188 1000 1043 2 1000 1000 0 5
0.166667 0.171752 0.011589 200 209 1000 1004 2 1000 1000 0 5
0.166667 0.185550 0.012126 200 221 1000 967 2 1000 1000 0 5
0.166667 0.172617 0.011825 200 204 1000 974 2 1000 1000 0 5
0.166667 0.192309 0.012241 200 222 1000 971 2 1000 1000 0 5
0.166667 0.154448 0.011356 200 182 1000 991 2 1000 1000 0 5
0.166667 0.162657 0.011581 200 200 1000 973 2 1000 1000 0 5
0.166667 0.172588 0.011628 200 215 1000 1019 2 1000 1000 0 5
0.166667 0.174358 0.011578 200 207 1000 1008 2 1000 1000 0 5
0.166667 0.173182 0.011519 200 214 1000 1004 2 1000 1000 0 5
0.166667 0.184740 0.012214 200 219 1000 930 2 1000 1000 0 5
0.166667 0.165135 0.011476 200 201 1000 1022 2 1000 1000 0 5
0.166667 0.195699 0.011987 200 244 1000 984 2 1000 1000 0 5
0.166667 0.157993 0.011253 200 192 1000 1030 2 1000 1000 0 5
0.166667 0.157574 0.011424 200 180 1000 998 2 1000 1000 0 5
0.166667 0.164899 0.011404 200 204 1000 1016 2 1000 1000 0 5
0.166667 0.153681 0.011329 200 184 1000 999 2 1000 1000 0 5
0.166667 0.165167 0.011571 200 190 1000 1006 2 1000 1000 0 5
0.166667 0.143687 0.011014 200 172 1000 1011 2 1000 1000 0 5
0.166667 0.187885 0.012115 200 227 1000 956 2 1000 1000 0 5
0.166667 0.168560 0.011224 200 218 1000 1068 2 1000 1000 0 5
0.166667 0.168063 0.011671 200 200 1000 980 2 1000 1000 0 5
0.166667 0.174855 0.011556 200 215 1000 1018 2 1000 1000 0 5
0.166667 0.176905 0.011559 200 216 1000 1021 2 1000 1000 0 5
0.166667 0.164748 0.011647 200 193 1000 967 2 1000 1000 0 5
0.166667 0.165390 0.011342 200 197 1000 1024 2 1000 1000 0 5
0.166667 0.178142 0.012058 200 210 1000 952 2 1000 1000 0 5
0.166667 0.171018 0.011653 200 198 1000 1012 2 1000 1000 0 5
0.166667 0.159654 0.011428 200 194 1000 1000 2 1000 1000 0 5
0.166667 0.154016 0.011186 200 189 1000 1022 2 1000 1000 0 5
0.166667 0.170108 0.011591 200 212 1000 1015 2 1000 1000 0 5
0.166667 0.170516 0.011754 200 199 1000 977 2 1000 1000 0 5
0.166667 0.171289 0.011778 200 191 1000 990 2 1000 1000 0 5
0.166667 0.164233 0.011130 200 212 1000 1065 2 1000 1000 0 5
0.166667 0.167087 0.011558 200 208 1000 1010 2 1000 1000 0 5
0.166667 0.160191 0.011203 200 198 1000 1023 2 1000 1000 0 5
0.166667 0.140820 0.010722 200 175 1000 1052 2 1000 1000 0 5
0.166667 0.174323 0.011944 200 202 1000 959 2 1000 1000 0 5
0.166667 0.147383 0.011327 200 166 1000 979 2 1000 1000 0 5
0.166667 0.153962 0.011211 200 193 1000 1006 2 1000 1000 0 5
0.166667 0.154282 0.011192 200 189 1000 1006 2 1000 1000 0 5
0.166667 0.181782 0.011855 200 223 1000 973 2 1000 1000 0 5
0.166667 0.169451 0.011722 200 200 1000 985 2 1000 1000 0 5
0.166667 0.175650 0.011940 200 206 1000 974 2 1000 1000 0 5
0.166667 0.150830 0.011129 200 187 1000 1011 2 1000 1000 0 5
0.166667 0.166752 0.011719 200 195 1000 973 2 1000 1000 0 5
0.166667 0.177380 0.012166 200 208 1000 928 2 1000 1000 0 5
0.166667 0.153280 0.011035 200 195 1000 1026 2 1000 1000 0 5
0.166667 0.162330 0.011610 200 195 1000 974 2 1000 1000 0 5
0.166667 0.166707 0.011721 200 192 1000 989 2 1000 1000 0 5
0.166667 0.176401 0.011915 200 205 1000 967 2 1000 1000 0 5
0.166667 0.164344 0.011327 200 204 1000 1038 2 1000 1000 0 5
0.166667 0.155333 0.011215 200 188 1000 1009 2 1000 1000 0 5
0.166667 0.180524 0.011772 200 227 1000 992 2 1000 1000 0 5
0.166667 0.170775 0.011361 200 210 1000 1033 2 1000 1000 0 5
0.166667 0.174483 0.011486 200 215 1000 1042 2 1000 1000 0 5
0.166667 0.157882 0.011391 200 191 1000 1009 2 1000 1000 0 5
0.166667 0.151238 0.011122 200 190 1000 1020 2 1000 1000 0 5
0.166667 0.168494 0.011561 200 205 1000 1006 2 1000 1000 0 5
0.166667 0.163465 0.011250 200 209 1000 1053 2 1000 1000 0 5
0.166667 0.174663 0.011774 200 214 1000 983 2 1000 1000 0 5
0.166667 0.170702 0.011608 200 201 1000 1011 2 1000 1000 0 5
0.166667 0.170644 0.011568 200 205 1000 1016 2 1000 1000 0 5
0.166667 0.178699 0.012018 200 205 1000 955 2 1000 1000 0 5
0.166667 0.171799 0.011911 200 191 1000 963 2 1000 1000 0 5
0.166667 0.158140 0.011257 200 185 1000 1034 2 1000 1000 0 5
0.166667 0.178086 0.011806 200 211 1000 991 2 1000 1000 0 5
0.166667 0.179574 0.011791 200 207 1000 1004 2 1000 1000 0 5
0.166667 0.168430 0.011453 200 202 1000 1030 2 1000 1000 0 5
0.166667 0.141249 0.010766 200 176 1000 1039 2 1000 1000 0 5
0.166667 0.172822 0.011593 200 212 1000 1026 2 1000 1000 0 5
0.166667 0.179078 0.011675 200 223 1000 1020 2 1000 1000 0 5
0.166667 0.182865 0.011670 200 228 1000 1022 2 1000 1000 0 5
0.166667 0.158321 0.011429 200 190 1000 1002 2 1000 1000 0 5
0.166667 0.158969 0.011248 200 193 1000 1016 2 1000 1000 0 5
0.166667 0.174191 0.011408 200 220 1000 1060 2 1000 1000 0 5
0.166667 0.146765 0.011043 200 182 1000 1003 2 1000 1000 0 5
0.166667 0.162329 0.011479 200 187 1000 1003 2 1000 1000 0 5
0.166667 0.173644 0.012109 200 198 1000 934 2 1000 1000 0 5
0.166667 0.150816 0.011094 200 191 1000 1020 2 1000 1000 0 5
0.166667 0.148256 0.011169 200 184 1000 1005 2 1000 1000 0 5
0.166667 0.159430 0.011864 200 190 1000 947 2 1000 1000 0 5
0.166667 0.166541 0.011502 200 204 1000 1000 2 1000 1000 0 5
0.166667 0.170188 0.011859 200 193 1000 963 2 1000 1000 0 5
0.166667 0.142401 0.010562 200 185 1000 1116 2 1000 1000 0 5
0.166667 0.176657 0.011579 200 219 1000 1014 2 1000 1000 0 5
0.166667 0.155040 0.011520 200 176 1000 970 2 1000 1000 0 5
0.166667 0.170317 0.011665 200 202 1000 987 2 1000 1000 0 5
0.166667 0.186321 0.012008 200 223 1000 985 2 1000 1000 0 5
0.166667 0.156861 0.011229 200 195 1000 1007 2 1000 1000 0 5
0.166667 0.174034 0.011559 200 220 1000 1004 2 1000 1000 0 5
0.166667 0.150870 0.011186 200 181 1000 1010 2 1000 1000 0 5
0.166667 0.174073 0.011967 200 206 1000 943 2 1000 1000 0 5
0.166667 0.198386 0.012248 200 244 1000 966 2 1000 1000 0 5
0.166667 0.180342 0.011860 200 205 1000 989 2 1000 1000 0 5
0.166667 0.157950 0.011536 200 186 1000 984 2 1000 1000 0 5
0.166667 0.184264 0.011811 200 219 1000 995 2 1000 1000 0 5
0.166667 0.169413 0.011713 200 202 1000 979 2 1000 1000 0 5
0.166667 0.147446 0.010958 200 191 1000 1040 2 1000 1000 0 5
0.166667 0.172881 0.011712 200 206 1000 983 2 1000 1000 0 5
0.166667 0.181414 0.011890 200 207 1000 995 2 1000 1000 0 5
0.166667 0.161481 0.011306 200 198 1000 1022 2 1000 1000 0 5
0.166667 0.178408 0.011657 200 220 1000 1010 2 1000 1000 0 5
0.166667 0.166389 0.011481 200 191 1000 1011 2 1000 1000 0 5
0.166667 0.163241 0.011845 200 190 1000 939 2 1000 1000 0 5
0.166667 0.157880 0.011166 200 193 1000 1034 2 1000 1000 0 5
0.166667 0.169836 0.011692 200 200 1000 1000 2 1000 1000 0 5
0.166667 0.178978 0.011810 200 218 1000 983 2 1000 1000 0 5
0.166667 0.152168 0.011302 200 178 1000 985 2 1000 1000 0 5
0.166667 0.165521 0.011571 200 188 1000 1004 2 1000 1000 0 5
0.166667 0.170812 0.011750 200 203 1000 980 2 1000 1000 0 5
0.166667 0.176564 0.011610 200 217 1000 1015 2 1000 1000 0 5
0.166667 0.163305 0.011428 200 201 1000 1006 2 1000 1000 0 5
0.166667 0.156006 0.011337 200 183 1000 1010 2 1000 1000 0 5
0.166667 0.178428 0.011701 200 213 1000 986 2 1000 1000 0 5
0.166667 0.161185 0.011620 200 186 1000 968 2 1000 1000 0 5
0.166667 0.164270 0.011569 200 199 1000 984 2 1000 1000 0 5
0.166667 0.161677 0.011557 200 191 1000 995 2 1000 1000 0 5
0.166667 0.163669 0.011303 200 208 1000 1024 2 1000 1000 0 5
0.166667 0.176678 0.011526 200 221 1000 1021 2 1000 1000 0 5
0.166667 0.208581 0.012979 200 226 1000 880 2 1000 1000 0 5
0.166667 0.164978 0.011370 200 204 1000 1030 2 1000 1000 0 5
0.166667 0.167718 0.011527 200 206 1000 991 2 1000 1000 0 5
0.166667 0.166980 0.011773 200 195 1000 964 2 1000 1000 0 5
0.166667 0.172471 0.011601 200 208 1000 1010 2 1000 1000 0 5
0.166667 0.164539 0.011419 200 199 1000 1024 2 1000 1000 0 5
0.166667 0.159237 0.011192 200 197 1000 1033 2 1000 1000 0 5
0.166667 0.172953 0.011825 200 198 1000 976 2 1000 1000 0 5
0.166667 0.169716 0.011607 200 212 1000 1008 2 1000 1000 0 5
0.166667 0.162558 0.011183 200 199 1000 1051 2 1000 1000 0 5
0.166667 0.169026 0.011652 200 206 1000 973 2 1000 1000 0 5
0.166667 0.180433 0.011721 200 223 1000 1006 2 1000 1000 0 5
0.166667 0.153209 0.011685 200 175 1000 955 2 1000 1000 0 5
0.166667 0.168309 0.011327 200 217 1000 1049 2 1000 1000 0 5
0.166667 0.160804 0.011535 200 186 1000 970 2 1000 1000 0 5
0.166667 0.166554 0.011658 200 197 1000 984 2 1000 1000 0 5
0.166667 0.158989 0.011390 200 191 1000 1004 2 1000 1000 0 5
0.166667 0.171684 0.011759 200 195 1000 991 2 1000 1000 0 5
0.166667 0.154635 0.011412 200 182 1000 994 2 1000 1000 0 5
0.166667 0.157138 0.011487 200 186 1000 969 2 1000 1000 0 5
0.166667 0.165346 0.011850 200 189 1000 938 2 1000 1000 0 5
0.166667 0.160629 0.011243 200 189 1000 1045 2 1000 1000 0 5
0.166667 0.187106 0.012016 200 219 1000 980 2 1000 1000 0 5
0.166667 0.172577 0.011495 200 208 1000 1017 2 1000 1000 0 5
0.166667 0.167252 0.011850 200 192 1000 955 2 1000 1000 0 5
0.166667 0.167154 0.011912 200 189 1000 945 2 1000 1000 0 5
0.166667 0.165799 0.011833 200 197 1000 969 2 1000 1000 0 5
0.166667 0.157881 0.011454 200 184 1000 1001 2 1000 1000 0 5
0.166667 0.186980 0.012219 200 216 1000 949 2 1000 1000 0 5
0.166667 0.169467 0.011844 200 199 1000 957 2 1000 1000 0 5
0.166667 0.154133 0.011240 200 176 1000 1008 2 1000 1000 0 5
0.166667 0.169918 0.011574 200 213 1000 1009 2 1000 1000 0 5
0.166667 0.166722 0.011472 200 195 1000 1024 2 1000 1000 0 5
0.166667 0.174681 0.011652 200 213 1000 998 2 1000 1000 0 5
0.166667 0.169880 0.011627 200 207 1000 989 2 1000 1000 0 5
0.166667 0.175924 0.011671 200 218 1000 996 2 1000 1000 0 5
0.166667 0.161819 0.011432 200 205 1000 1006 2 1000 1000 0 5
0.166667 0.161133 0.011165 200 206 1000 1055 2 1000 1000 0 5
0.166667 0.144967 0.010959 200 184 1000 1017 2 1000 1000 0 5
0.166667 0.176202 0.011828 200 209 1000 985 2 1000 1000 0 5
0.166667 0.169186 0.011467 200 201 1000 1023 2 1000 1000 0 5
0.166667 0.154957 0.011331 200 179 1000 1005 2 1000 1000 0 5
0.166667 0.177909 0.011775 200 210 1000 994 2 1000 1000 0 5
0.166667 0.153288 0.011305 200 180 1000 996 2 1000 1000 0 5
0.166667 0.169015 0.011371 200 210 1000 1033 2 1000 1000 0 5
0.166667 0.175741 0.011902 200 199 1000 980 2 1000 1000 0 5
0.166667 0.163293 0.011518 200 200 1000 992 2 1000 1000 0 5
0.166667 0.148484 0.011397 200 170 1000 968 2 1000 1000 0 5
0.166667 0.165426 0.011590 200 199 1000 991 2 1000 1000 0 5
0.166667 0.161120 0.011717 200 189 1000 958 2 1000 1000 0 5
0.166667 0.179954 0.011946 200 212 1000 974 2 1000 1000 0 5
0.166667 0.144569 0.010965 200 181 1000 1032 2 1000 1000 0 5
0.166667 0.179841 0.011928 200 203 1000 975 2 1000 1000 0 5
0.166667 0.154490 0.011258 200 181 1000 1024 2 1000 1000 0 5
0.166667 0.167365 0.011538 200 198 1000 1022 2 1000 1000 0 5
0.166667 0.157421 0.011118 200 204 1000 1032 2 1000 1000 0 5
0.166667 0.165675 0.011376 200 200 1000 1035 2 1000 1000 0 5
0.166667 0.157175 0.011132 200 197 1000 1057 2 1000 1000 0 5
0.166667 0.160836 0.011718 200 190 1000 965 2 1000 1000 0 5
0.166667 0.150311 0.011016 200 187 1000 1029 2 1000 1000 0 5
0.166667 0.153736 0.011347 200 177 1000 990 2 1000 1000 0 5
0.166667 0.167807 0.011441 200 210 1000 1017 2 1000 1000 0 5
0.166667 0.153472 0.011218 200 190 1000 1009 2 1000 1000 0 5
0.166667 0.189148 0.011938 200 224 1000 1008 2 1000 1000 0 5
0.166667 0.174195 0.011619 200 205 1000 1002 2 1000 1000 0 5
0.166667 0.155252 0.011098 200 189 1000 1033 2 1000 1000 0 5
0.166667 0.172684 0.011915 200 195 1000 941 2 1000 1000 0 5
0.166667 0.163501 0.011534 200 202 1000 979 2 1000 1000 0 5
0.166667 0.169633 0.011534 200 203 1000 1004 2 1000 1000 0 5
0.166667 0.166790 0.011468 200 198 1000 1030 2 1000 1000 0 5
0.166667 0.149201 0.011161 200 174 1000 1006 2 1000 1000 0 5
0.166667 0.174507 0.011816 200 204 1000 971 2 1000 1000 0 5
0.166667 0.167822 0.011259 200 207 1000 1040 2 1000 1000 0 5
0.166667 0.161460 0.011383 200 186 1000 1005 2 1000 1000 0 5
0.166667 0.197790 0.012133 200 242 1000 985 2 1000 1000 0 5
0.166667 0.159106 0.011218 200 196 1000 1034 2 1000 1000 0 5
0.166667 0.158450 0.011601 200 188 1000 970 2 1000 1000 0 5
0.166667 0.175865 0.011620 200 215 1000 1006 2 1000 1000 0 5
0.166667 0.172296 0.011712 200 205 1000 1005 2 1000 1000 0 5
0.166667 0.145933 0.010935 200 185 1000 1037 2 1000 1000 0 5
0.166667 0.163970 0.011311 200 197 1000 1028 2 1000 1000 0 5
0.166667 0.186071 0.011864 200 224 1000 985 2 1000 1000 0 5
0.166667 0.166279 0.011477 200 207 1000 1005 2 1000 1000 0 5
0.166667 0.171640 0.011756 200 200 1000 976 2 1000 1000 0 5
0.166667 0.172737 0.011788 200 205 1000 981 2 1000 1000 0 5
0.166667 0.151625 0.010813 200 195 1000 1072 2 1000 1000 0 5
0.166667 0.162965 0.011427 200 194 1000 1012 2 1000 1000 0 5
0.166667 0.171978 0.011614 200 203 1000 1015 2 1000 1000 0 5
0.166667 0.175099 0.011752 200 203 1000 992 2 1000 1000 0 5
0.166667 0.166741 0.011600 200 203 1000 999 2 1000 1000 0 5
0.166667 0.168412 0.011667 200 198 1000 984 2 1000 1000 0 5
0.166667 0.164619 0.011598 200 194 1000 981 2 1000 1000 0 5
0.166667 0.179989 0.011821 200 219 1000 993 2 1000 1000 0 5
0.166667 0.172040 0.011629 200 214 1000 1002 2 1000 1000 0 5
0.166667 0.175047 0.011772 200 209 1000 975 2 1000 1000 0 5
0.166667 0.163641 0.011477 200 199 1000 997 2 1000 1000 0 5
0.166667 0.167126 0.011461 200 204 1000 1012 2 1000 1000 0 5
0.166667 0.169519 0.011559 200 198 1000 1017 2 1000 1000 0 5
0.166667 0.160208 0.011496 200 195 1000 1001 2 1000 1000 0 5
0.166667 0.161351 0.011617 200 192 1000 972 2 1000 1000 0 5
0.166667 0.171162 0.011516 200 207 1000 1015 2 1000 1000 0 5
0.166667 0.168607 0.011755 200 207 1000 957 2 1000 1000 0 5
0.166667 0.172194 0.011536 200 222 1000 1029 2 1000 1000 0 5
0.166667 0.145380 0.010910 200 183 1000 1037 2 1000 1000 0 5
0.166667 0.166080 0.011438 200 205 1000 1024 2 1000 1000 0 5
0.166667 0.140297 0.010707 200 175 1000 1046 2 1000 1000 0 5
0.166667 0.180687 0.011885 200 216 1000 979 2 1000 1000 0 5
0.166667 0.163039 0.011471 200 194 1000 1004 2 1000 1000 0 5
0.166667 0.153517 0.011228 200 190 1000 1009 2 1000 1000 0 5
0.166667 0.165660 0.011466 200 199 1000 1012 2 1000 1000 0 5
0.166667 0.154884 0.011329 200 179 1000 979 2 1000 1000 0 5
0.166667 0.173598 0.011739 200 209 1000 987 2 1000 1000 0 5
0.166667 0.151617 0.011187 200 171 1000 1008 2 1000 1000 0 5
0.166667 0.152718 0.011146 200 184 1000 1020 2 1000 1000 0 5
0.166667 0.167398 0.011575 200 200 1000 1005 2 1000 1000 0 5
0.166667 0.176354 0.011575 200 209 1000 1038 2 1000 1000 0 5
0.166667 0.173697 0.011933 200 205 1000 959 2 1000 1000 0 5
0.166667 0.180796 0.011579 200 216 1000 1029 2 1000 1000 0 5
0.166667 0.173403 0.011469 200 211 1000 1036 2 1000 1000 0 5
0.166667 0.188154 0.011851 200 235 1000 1018 2 1000 1000 0 5
0.166667 0.148748 0.011454 200 174 1000 962 2 1000 1000 0 5
0.166667 0.183043 0.011963 200 212 1000 984 2 1000 1000 0 5
0.166667 0.157244 0.011209 200 187 1000 1027 2 1000 1000 0 5
0.166667 0.180829 0.011837 200 217 1000 978 2 1000 1000 0 5
0.166667 0.174292 0.011657 200 210 1000 996 2 1000 1000 0 5
0.166667 0.178975 0.011752 200 213 1000 1002 2 1000 1000 0 5
0.166667 0.148012 0.010899 200 178 1000 1057 2 1000 1000 0 5
0.166667 0.176561 0.011728 200 206 1000 1017 2 1000 1000 0 5
0.166667 0.171166 0.011572 200 214 1000 1008 2 1000 1000 0 5
0.166667 0.159001 0.011486 200 194 1000 976 2 1000 1000 0 5
0.166667 0.172831 0.011754 200 215 1000 994 2 1000 1000 0 5
0.166667 0.165757 0.011553 200 199 1000 1004 2 1000 1000 0 5
0.166667 0.166956 0.011500 200 208 1000 1018 2 1000 1000 0 5
0.166667 0.149422 0.010941 200 186 1000 1026 2 1000 1000 0 5
0.166667 0.162700 0.011609 200 193 1000 965 2 1000 1000 0 5
0.166667 0.156538 0.011282 200 185 1000 1003 2 1000 1000 0 5
0.166667 0.175858 0.011669 200 217 1000 1002 2 1000 1000 0 5
0.166667 0.175803 0.012124 200 191 1000 941 2 1000 1000 0 5
0.166667 0.155575 0.011404 200 192 1000 997 2 1000 1000 0 5
0.166667 0.153192 0.011447 200 181 1000 974 2 1000 1000 0 5
0.166667 0.171114 0.011562 200 199 1000 1019 2 1000 1000 0 5
0.166667 0.167195 0.011518 200 200 1000 997 2 1000 1000 0 5
0.166667 0.177304 0.011882 200 210 1000 968 2 1000 1000 0 5
0.166667 0.154481 0.011163 200 190 1000 1027 2 1000 1000 0 5
0.166667 0.161046 0.011426 200 194 1000 1017 2 1000 1000 0 5
0.166667 0.169233 0.011746 200 199 1000 985 2 1000 1000 0 5
0.166667 0.142108 0.010811 200 171 1000 1056 2 1000 1000 0 5
0.166667 0.169706 0.011453 200 201 1000 1024 2 1000 1000 0 5
0.166667 0.159773 0.011671 200 180 1000 940 2 1000 1000 0 5
0.166667 0.193660 0.012081 200 232 1000 973 2 1000 1000 0 5
0.166667 0.158621 0.011117 200 201 1000 1042 2 1000 1000 0 5
0.166667 0.183619 0.011641 200 234 1000 1038 2 1000 1000 0 5
0.166667 0.174074 0.011533 200 206 1000 1038 2 1000 1000 0 5
0.166667 0.195061 0.012013 200 238 1000 989 2 1000 1000 0 5
0.166667 0.178754 0.011819 200 212 1000 989 2 1000 1000 0 5
0.166667 0.165213 0.011379 200 198 1000 1007 2 1000 1000 0 5
0.166667 0.189898 0.011841 200 243 1000 1021 2 1000 1000 0 5
0.166667 0.156540 0.011496 200 189 1000 974 2 1000 1000 0 5
0.166667 0.157242 0.011174 200 196 1000 1040 2 1000 1000 0 5
0.166667 0.168788 0.011394 200 205 1000 1033 2 1000 1000 0 5
0.166667 0.158113 0.011230 200 184 1000 1027 2 1000 1000 0 5
0.166667 0.151762 0.010867 200 190 1000 1083 2 1000 1000 0 5
0.166667 0.163086 0.011349 200 210 1000 1018 2 1000 1000 0 5
0.166667 0.155797 0.011515 200 180 1000 983 2 1000 1000 0 5
0.166667 0.177909 0.011679 200 220 1000 1004 2 1000 1000 0 5
0.166667 0.160220 0.011307 200 200 1000 995 2 1000 1000 0 5
0.166667 0.176180 0.011807 200 208 1000 974 2 1000 1000 0 5
0.166667 0.182860 0.012540 200 205 1000 894 2 1000 1000 0 5
0.166667 0.168113 0.011685 200 198 1000 984 2 1000 1000 0 5
0.166667 0.157775 0.011064 200 199 1000 1058 2 1000 1000 0 5
0.166667 0.165906 0.011529 200 196 1000 1011 2 1000 1000 0 5
0.166667 0.180612 0.012101 200 210 1000 955 2 1000 1000 0 5
0.166667 0.155000 0.011074 200 197 1000 1052 2 1000 1000 0 5
0.166667 0.187233 0.012172 200 219 1000 953 2 1000 1000 0 5
0.166667 0.178649 0.012238 200 206 1000 931 2 1000 1000 0 5
0.166667 0.183110 0.012010 200 221 1000 970 2 1000 1000 0 5
0.166667 0.164246 0.011812 200 189 1000 943 2 1000 1000 0 5
0.166667 0.171682 0.011723 200 199 1000 982 2 1000 1000 0 5
0.166667 0.173728 0.011779 200 214 1000 999 2 1000 1000 0 5
0.166667 0.182020 0.011853 200 207 1000 993 2 1000 1000 0 5
0.166667 0.176465 0.011788 200 212 1000 963 2 1000 1000 0 5
0.166667 0.161645 0.011250 200 194 1000 1037 2 1000 1000 0 5
0.166667 0.181875 0.011699 200 228 1000 1011 2 1000 1000 0 5
0.166667 0.169648 0.011601 200 204 1000 1007 2 1000 1000 0 5
0.166667 0.168931 0.011601 200 201 1000 1003 2 1000 1000 0 5
0.166667 0.176949 0.011803 200 209 1000 974 2 1000 1000 0 5
0.166667 0.156834 0.011410 200 182 1000 1005 2 1000 1000 0 5
0.166667 0.157807 0.011483 200 187 1000 1000 2 1000 1000 0 5
0.166667 0.161782 0.011164 200 211 1000 1035 2 1000 1000 0 5
0.166667 0.164329 0.011617 200 197 1000 978 2 1000 1000 0 5
0.166667 0.184754 0.012128 200 212 1000 960 2 1000 1000 0 5
0.166667 0.165980 0.012054 200 182 1000 903 2 1000 1000 0 5
0.166667 0.161317 0.011208 200 207 1000 1019 2 1000 1000 0 5
0.166667 0.156869 0.011473 200 187 1000 963 2 1000 1000 0 5
0.166667 0.162877 0.011795 200 181 1000 974 2 1000 1000 0 5
0.166667 0.187926 0.011881 200 218 1000 1002 2 1000 1000 0 5
0.166667 0.166640 0.011195 200 211 1000 1064 2 1000 1000 0 5
0.166667 0.149089 0.011387 200 173 1000 990 2 1000 1000 0 5
0.166667 0.159722 0.011482 200 192 1000 997 2 1000 1000 0 5
0.166667 0.161567 0.011350 200 196 1000 1017 2 1000 1000 0 5
0.166667 0.168336 0.011433 200 213 1000 1010 2 1000 1000 0 5
0.166667 0.157822 0.011062 200 201 1000 1054 2 1000 1000 0 5
0.166667 0.152873 0.011053 200 197 1000 1040 2 1000 1000 0 5
0.166667 0.168999 0.011520 200 199 1000 1024 2 1000 1000 0 5
0.166667 0.161348 0.011417 200 194 1000 1001 2 1000 1000 0 5
0.166667 0.162960 0.011823 200 184 1000 953 2 1000 1000 0 5
0.166667 0.157131 0.010870 200 202 1000 1083 2 1000 1000 0 5
0.166667 0.162036 0.011138 200 198 1000 1057 2 1000 1000 0 5
0.166667 0.194958 0.012255 200 228 1000 957 2 1000 1000 0 5
0.166667 0.162402 0.011345 200 194 1000 1024 2 1000 1000 0 5
0.166667 0.150258 0.011103 200 188 1000 1017 2 1000 1000 0 5
0.166667 0.162053 0.011517 200 190 1000 1000 2 1000 1000 0 5
0.166667 0.165855 0.011392 200 207 1000 1011 2 1000 1000 0 5
0.166667 0.173173 0.011708 200 209 1000 996 2 1000 1000 0 5
0.166667 0.157394 0.011231 200 194 1000 1028 2 1000 1000 0 5
0.166667 0.156302 0.011169 200 197 1000 1052 2 1000 1000 0 5
0.166667 0.151589 0.011075 200 198 1000 1048 2 1000 1000 0 5
0.166667 0.149084 0.011019 200 190 1000 1023 2 1000 1000 0 5
0.166667 0.162145 0.011201 200 208 1000 1058 2 1000 1000 0 5
0.166667 0.164860 0.011389 200 198 1000 1025 2 1000 1000 0 5
0.166667 0.160968 0.011146 200 203 1000 1052 2 1000 1000 0 5
0.166667 0.166764 0.011656 200 199 1000 972 2 1000 1000 0 5
0.166667 0.164522 0.011673 200 193 1000 985 2 1000 1000 0 5
0.166667 0.144416 0.010894 200 181 1000 1032 2 1000 1000 0 5
0.166667 0.171630 0.011668 200 212 1000 1003 2 1000 1000 0 5
0.166667 0.166994 0.011335 200 213 1000 1029 2 1000 1000 0 5
0.166667 0.172200 0.011741 200 198 1000 996 2 1000 1000 0 5
0.166667 0.153434 0.011250 200 187 1000 996 2 1000 1000 0 5
0.166667 0.188026 0.012402 200 206 1000 928 2 1000 1000 0 5
0.166667 0.170118 0.011677 200 201 1000 988 2 1000 1000 0 5
0.166667 0.155638 0.011242 200 189 1000 995 2 1000 1000 0 5
0.166667 0.185416 0.011921 200 225 1000 983 2 1000 1000 0 5
0.166667 0.178498 0.011638 200 219 1000 1022 2 1000 1000 0 5
0.166667 0.190620 0.011698 200 238 1000 1038 2 1000 1000 0 5
0.166667 0.155049 0.010955 200 196 1000 1056 2 1000 1000 0 5
0.166667 0.158819 0.011662 200 183 1000 965 2 1000 1000 0 5
0.166667 0.141759 0.010842 200 186 1000 1035 2 1000 1000 0 5
0.166667 0.170952 0.011938 200 192 1000 954 2 1000 1000 0 5
0.166667 0.175737 0.012129 200 191 1000 934 2 1000 1000 0 5
0.166667 0.162098 0.011463 200 200 1000 983 2 1000 1000 0 5
0.166667 0.150779 0.010910 200 194 1000 1057 2 1000 1000 0 5
0.166667 0.179791 0.012156 200 198 1000 958 2 1000 1000 0 5
0.166667 0.184088 0.012027 200 217 1000 958 2 1000 1000 0 5
0.166667 0.169812 0.011577 200 198 1000 1016 2 1000 1000 0 5
0.166667 0.170911 0.011762 200 195 1000 977 2 1000 1000 0 5
0.166667 0.176994 0.011791 200 205 1000 979 2 1000 1000 0 5
0.166667 0.152167 0.011259 200 182 1000 1000 2 1000 1000 0 5
0.166667 0.166118 0.011785 200 190 1000 956 2 1000 1000 0 5
0.166667 0.163394 0.011356 200 201 1000 1019 2 1000 1000 0 5
0.166667 0.172661 0.011438 200 224 1000 1015 2 1000 1000 0 5
0.166667 0.175396 0.011550 200 213 1000 1028 2 1000 1000 0 5
0.166667 0.155521 0.011393 200 190 1000 982 2 1000 1000 0 5
0.166667 0.165520 0.011417 200 200 1000 1019 2 1000 1000 0 5
0.166667 0.165109 0.011518 200 209 1000 978 2 1000 1000 0 5
0.166667 0.174617 0.011866 200 201 1000 959 2 1000 1000 0 5
0.166667 0.172656 0.011513 200 201 1000 1019 2 1000 1000 0 5
0.166667 0.167125 0.011595 200 198 1000 992 2 1000 1000 0 5
0.166667 0.165531 0.011685 200 188 1000 959 2 1000 1000 0 5
0.166667 0.152555 0.011281 200 184 1000 981 2 1000 1000 0 5
0.166667 0.156624 0.011331 200 191 1000 997 2 1000 1000 0 5
0.166667 0.157032 0.011261 200 200 1000 1013 2 1000 1000 0 5
0.166667 0.156297 0.011171 200 193 1000 1039 2 1000 1000 0 5
0.166667 0.176222 0.011920 200 212 1000 972 2 1000 1000 0 5
0.166667 0.165240 0.011444 200 196 1000 1003 2 1000 1000 0 5
0.166667 0.183793 0.012080 200 207 1000 968 2 1000 1000 0 5
0.166667 0.175751 0.011945 200 204 1000 966 2 1000 1000 0 5
0.166667 0.149922 0.011156 200 185 1000 1013 2 1000 1000 0 5
0.166667 0.169435 0.011515 200 206 1000 1005 2 1000 1000 0 5
0.166667 0.183861 0.011778 200 223 1000 1012 2 1000 1000 0 5
0.166667 0.176213 0.012020 200 202 1000 954 2 1000 1000 0 5
0.166667 0.165433 0.011695 200 197 1000 977 2 1000 1000 0 5
0.166667 0.147719 0.011163 200 176 1000 1012 2 1000 1000 0 5
0.166667 0.171570 0.011463 200 212 1000 1025 2 1000 1000 0 5
0.166667 0.150153 0.010944 200 180 1000 1056 2 1000 1000 0 5
0.166667 0.165956 0.011584 200 196 1000 1020 2 1000 1000 0 5
0.166667 0.180579 0.011868 200 212 1000 988 2 1000 1000 0 5
0.166667 0.171163 0.011292 200 211 1000 1051 2 1000 1000 0 5
0.166667 0.148767 0.011392 200 172 1000 968 2 1000 1000 0 5
0.166667 0.161317 0.011618 200 186 1000 992 2 1000 1000 0 5
0.166667 0.177952 0.011626 200 222 1000 1002 2 1000 1000 0 5
0.166667 0.164260 0.011570 200 194 1000 993 2 1000 1000 0 5
0.166667 0.164746 0.011425 200 200 1000 1006 2 1000 1000 0 5
0.166667 0.177042 0.011531 200 226 1000 1020 2 1000 1000 0 5
0.166667 0.157542 0.011118 200 198 1000 1024 2 1000 1000 0 5
0.166667 0.148768 0.011204 200 185 1000 1010 2 1000 1000 0 5
0.166667 0.172428 0.011534 200 213 1000 1018 2 1000 1000 0 5
0.166667 0.169215 0.012034 200 188 1000 923 2 1000 1000 0 5
0.166667 0.162256 0.011201 200 200 1000 1033 2 1000 1000 0 5
0.166667 0.156153 0.011391 200 185 1000 1000 2 1000 1000 0 5
0.166667 0.162865 0.011621 200 189 1000 975 2 1000 1000 0 5
0.166667 0.167553 0.011559 200 204 1000 991 2 1000 1000 0 5
0.166667 0.148499 0.010789 200 192 1000 1079 2 1000 1000 0 5
0.166667 0.164012 0.011760 200 198 1000 963 2 1000 1000 0 5
0.166667 0.172975 0.011688 200 206 1000 1005 2 1000 1000 0 5
0.166667 0.157562 0.010978 200 208 1000 1062 2 1000 1000 0 5
0.166667 0.161669 0.011191 200 206 1000 1049 2 1000 1000 0 5
0.166667 0.164806 0.011631 200 197 1000 992 2 1000 1000 0 5
0.166667 0.177607 0.011968 200 202 1000 970 2 1000 1000 0 5
0.166667 0.175487 0.012036 200 198 1000 941 2 1000 1000 0 5
0.166667 0.171954 0.011853 200 197 1000 978 2 1000 1000 0 5
0.166667 0.167298 0.011672 200 205 1000 975 2 1000 1000 0 5
0.166667 0.140703 0.010670 200 180 1000 1041 2 1000 1000 0 5
0.166667 0.173759 0.011658 200 205 1000 998 2 1000 1000 0 5
0.166667 0.163024 0.011379 200 199 1000 1022 2 1000 1000 0 5
0.166667 0.158714 0.011544 200 186 1000 973 2 1000 1000 0 5
0.166667 0.173696 0.011905 200 209 1000 944 2 1000 1000 0 5
0.166667 0.155912 0.011432 200 184 1000 976 2 1000 1000 0 5
0.166667 0.161191 0.011445 200 191 1000 996 2 1000 1000 0 5
0.166667 0.169182 0.011719 200 195 1000 992 2 1000 1000 0 5
0.166667 0.170218 0.011678 200 197 1000 982 2 1000 1000 0 5
0.166667 0.172379 0.011600 200 209 1000 998 2 1000 1000 0 5
0.166667 0.148038 0.011224 200 179 1000 995 2 1000 1000 0 5
0.166667 0.163949 0.011274 200 206 1000 1045 2 1000 1000 0 5
0.166667 0.156043 0.011061 200 191 1000 1058 2 1000 1000 0 5
0.166667 0.158967 0.011675 200 184 1000 960 2 1000 1000 0 5
0.166667 0.178526 0.011742 200 227 1000 986 2 1000 1000 0 5
0.166667 0.181049 0.011818 200 219 1000 991 2 1000 1000 0 5
0.166667 0.153032 0.011244 200 191 1000 1032 2 1000 1000 0 5
0.166667 0.162355 0.011330 200 212 1000 993 2 1000 1000 0 5
0.166667 0.170512 0.011222 200 228 1000 1050 2 1000 1000 0 5
0.166667 0.173535 0.011885 200 199 1000 955 2 1000 1000 0 5
0.166667 0.157023 0.011309 200 189 1000 989 2 1000 1000 0 5
0.166667 0.175815 0.011615 200 210 1000 1009 2 1000 1000 0 5
0.166667 0.158860 0.011586 200 181 1000 952 2 1000 1000 0 5
0.166667 0.171532 0.011703 200 209 1000 992 2 1000 1000 0 5
0.166667 0.158009 0.011268 200 189 1000 1026 2 1000 1000 0 5
0.166667 0.172233 0.011835 200 201 1000 983 2 1000 1000 0 5
0.166667 0.173537 0.011808 200 199 1000 977 2 1000 1000 0 5
0.166667 0.156306 0.011150 200 199 1000 1041 2 1000 1000 0 5
0.166667 0.174134 0.011902 200 196 1000 963 2 1000 1000 0 5
0.166667 0.153499 0.011445 200 179 1000 978 2 1000 1000 0 5
0.166667 0.172743 0.011760 200 200 1000 978 2 1000 1000 0 5
0.166667 0.177412 0.011732 200 214 1000 1011 2 1000 1000 0 5
0.166667 0.171303 0.011539 200 203 1000 1003 2 1000 1000 0 5
0.166667 0.145529 0.011198 200 173 1000 984 2 1000 1000 0 5
0.166667 0.166687 0.011828 200 198 1000 958 2 1000 1000 0 5
0.166667 0.175873 0.011663 200 219 1000 988 2 1000 1000 0 5
0.166667 0.139933 0.011007 200 167 1000 994 2 1000 1000 0 5
0.166667 0.156855 0.011368 200 176 1000 1002 2 1000 1000 0 5
0.166667 0.168359 0.011615 200 196 1000 984 2 1000 1000 0 5
0.166667 0.185151 0.011728 200 219 1000 1031 2 1000 1000 0 5
0.166667 0.172283 0.011737 200 209 1000 996 2 1000 1000 0 5
0.166667 0.159990 0.011289 200 194 1000 1029 2 1000 1000 0 5
0.166667 0.154072 0.011292 200 178 1000 1013 2 1000 1000 0 5
0.166667 0.159621 0.011268 200 184 1000 1038 2 1000 1000 0 5
0.166667 0.174343 0.011769 200 201 1000 987 2 1000 1000 0 5
0.166667 0.166309 0.011468 200 207 1000 1007 2 1000 1000 0 5
0.166667 0.158047 0.011084 200 200 1000 1051 2 1000 1000 0 5
0.166667 0.168621 0.011352 200 211 1000 1041 2 1000 1000 0 5
0.166667 0.186854 0.012064 200 218 1000 968 2 1000 1000 0 5
0.166667 0.163150 0.011424 200 202 1000 1014 2 1000 1000 0 5
0.166667 0.157246 0.011223 200 191 1000 1013 2 1000 1000 0 5
0.166667 0.175343 0.011519 200 215 1000 1024 2 1000 1000 0 5
0.166667 0.197550 0.012171 200 222 1000 987 2 1000 1000 0 5
0.166667 0.147411 0.011029 200 170 1000 1016 2 1000 1000 0 5
0.166667 0.167723 0.011707 200 197 1000 964 2 1000 1000 0 5
0.166667 0.165680 0.011473 200 199 1000 1003 2 1000 1000 0 5
0.166667 0.165456 0.011359 200 201 1000 1021 2 1000 1000 0 5
0.166667 0.162075 0.011215 200 204 1000 1018 2 1000 1000 0 5
0.166667 0.180920 0.011602 200 233 1000 1018 2 1000 1000 0 5
0.166667 0.181044 0.011708 200 221 1000 1016 2 1000 1000 0 5
0.166667 0.174469 0.011837 200 206 1000 975 2 1000 1000 0 5
0.166667 0.154276 0.011113 200 186 1000 1026 2 1000 1000 0 5
0.166667 0.174537 0.011832 200 207 1000 970 2 1000 1000 0 5
0.166667 0.172894 0.011654 200 211 1000 990 2 1000 1000 0 5
0.166667 0.161872 0.011190 200 196 1000 1054 2 1000 1000 0 5
0.166667 0.169323 0.011668 200 198 1000 985 2 1000 1000 0 5
0.166667 0.165516 0.011742 200 192 1000 975 2 1000 1000 0 5
0.166667 0.170817 0.011717 200 202 1000 986 2 1000 1000 0 5
0.166667 0.178678 0.011740 200 216 1000 994 2 1000 1000 0 5
0.166667 0.150510 0.011424 200 165 1000 970 2 1000 1000 0 5
0.166667 0.158975 0.011354 200 194 1000 1002 2 1000 1000 0 5
0.166667 0.161102 0.011587 200 194 1000 981 2 1000 1000 0 5
0.166667 0.187061 0.012222 200 213 1000 957 2 1000 1000 0 5
0.166667 0.157686 0.011295 200 192 1000 1018 2 1000 1000 0 5
0.166667 0.160656 0.011313 200 204 1000 1037 2 1000 1000 0 5
0.166667 0.177415 0.011778 200 211 1000 992 2 1000 1000 0 5
0.166667 0.169886 0.011391 200 208 1000 1041 2 1000 1000 0 5
0.166667 0.175744 0.011894 200 214 1000 965 2 1000 1000 0 5
0.166667 0.160174 0.011352 200 191 1000 1008 2 1000 1000 0 5
0.166667 0.157490 0.011164 200 193 1000 1043 2 1000 1000 0 5
0.166667 0.160697 0.011477 200 190 1000 1001 2 1000 1000 0 5
0.166667 0.177101 0.011915 200 208 1000 974 2 1000 1000 0 5
0.166667 0.167809 0.011354 200 204 1000 1030 2 1000 1000 0 5
0.166667 0.162568 0.012010 200 190 1000 918 2 1000 1000 0 5
0.166667 0.159341 0.011563 200 183 1000 975 2 1000 1000 0 5
0.166667 0.157822 0.010993 200 198 1000 1073 2 1000 1000 0 5
0.166667 0.142967 0.011142 200 170 1000 1001 2 1000 1000 0 5
0.166667 0.172161 0.011744 200 206 1000 966 2 1000 1000 0 5
0.166667 0.167019 0.011904 200 190 1000 954 2 1000 1000 0 5
0.166667 0.172092 0.011767 200 205 1000 976 2 1000 1000 0 5
0.166667 0.168540 0.011440 200 209 1000 1035 2 1000 1000 0 5
0.166667 0.176340 0.011618 200 213 1000 1008 2 1000 1000 0 5
0.166667 0.156588 0.011309 200 190 1000 1015 2 1000 1000 0 5
0.166667 0.158851 0.011279 200 190 1000 1036 2 1000 1000 0 5
0.166667 0.124896 0.010364 200 156 1000 1051 2 1000 1000 0 5
0.166667 0.175264 0.012050 200 191 1000 940 2 1000 1000 0 5
0.166667 0.172864 0.011922 200 199 1000 955 2 1000 1000 0 5
0.166667 0.177018 0.011519 200 212 1000 1041 2 1000 1000 0 5
0.166667 0.164180 0.011608 200 205 1000 976 2 1000 1000 0 5
0.166667 0.132105 0.010598 200 171 1000 1019 2 1000 1000 0 5
0.166667 0.138711 0.010705 200 165 1000 1045 2 1000 1000 0 5
0.166667 0.160851 0.011187 200 201 1000 1046 2 1000 1000 0 5
0.166667 0.173528 0.011989 200 190 1000 953 2 1000 1000 0 5
0.166667 0.163963 0.011772 200 192 1000 957 2 1000 1000 0 5
0.166667 0.173930 0.011657 200 210 1000 1003 2 1000 1000 0 5
0.166667 0.165347 0.011464 200 197 1000 1022 2 1000 1000 0 5
0.166667 0.155838 0.011143 200 192 1000 1030 2 1000 1000 0 5
0.166667 0.172074 0.011598 200 205 1000 1008 2 1000 1000 0 5
0.166667 0.192758 0.012254 200 213 1000 963 2 1000 1000 0 5
0.166667 0.165321 0.011746 200 197 1000 970 2 1000 1000 0 5
0.166667 0.169811 0.011666 200 202 1000 997 2 1000 1000 0 5
0.166667 0.176955 0.012005 200 208 1000 961 2 1000 1000 0 5
0.166667 0.164863 0.011498 200 196 1000 1006 2 1000 1000 0 5
0.166667 0.161020 0.011431 200 200 1000 1014 2 1000 1000 0 5
0.166667 0.192400 0.012250 200 224 1000 966 2 1000 1000 0 5
0.166667 0.160157 0.011590 200 187 1000 983 2 1000 1000 0 5
0.166667 0.165667 0.011435 200 210 1000 1007 2 1000 1000 0 5
0.166667 0.173264 0.011680 200 209 1000 1002 2 1000 1000 0 5
0.166667 0.159869 0.011398 200 187 1000 1020 2 1000 1000 0 5
0.166667 0.149824 0.011270 200 178 1000 993 2 1000 1000 0 5
0.166667 0.185376 0.011935 200 227 1000 990 2 1000 1000 0 5
0.166667 0.188363 0.011759 200 230 1000 1034 2 1000 1000 0 5
0.166667 0.182977 0.012014 200 222 1000 970 2 1000 1000 0 5
0.166667 0.161676 0.011298 200 191 1000 1022 2 1000 1000 0 5
0.166667 0.146986 0.011023 200 180 1000 1030 2 1000 1000 0 5
0.166667 0.171822 0.011911 200 195 1000 962 2 1000 1000 0 5
0.166667 0.169432 0.011590 200 199 1000 1005 2 1000 1000 0 5
0.166667 0.176116 0.011833 200 205 1000 981 2 1000 1000 0 5
0.166667 0.166099 0.011313 200 219 1000 1037 2 1000 1000 0 5
0.166667 0.159845 0.011520 200 190 1000 998 2 1000 1000 0 5
0.166667 0.170614 0.011471 200 208 1000 1026 2 1000 1000 0 5
0.166667 0.158324 0.011397 200 191 1000 993 2 1000 1000 0 5
0.166667 0.191898 0.012127 200 221 1000 981 2 1000 1000 0 5
0.166667 0.170783 0.012105 200 190 1000 927 2 1000 1000 0 5
0.166667 0.195179 0.012411 200 225 1000 929 2 1000 1000 0 5
0.166667 0.165476 0.011505 200 198 1000 994 2 1000 1000 0 5
0.166667 0.161782 0.011250 200 204 1000 1031 2 1000 1000 0 5
0.166667 0.151534 0.011072 200 191 1000 1029 2 1000 1000 0 5
0.166667 0.181361 0.011913 200 218 1000 978 2 1000 1000 0 5
0.166667 0.154137 0.011107 200 196 1000 1031 2 1000 1000 0 5
0.166667 0.165025 0.011830 200 192 1000 961 2 1000 1000 0 5
0.166667 0.152517 0.011499 200 168 1000 985 2 1000 1000 0 5
0.166667 0.167066 0.011726 200 197 1000 969 2 1000 1000 0 5
0.166667 0.167442 0.011638 200 205 1000 995 2 1000 1000 0 5
0.166667 0.167812 0.011576 200 209 1000 985 2 1000 1000 0 5
0.166667 0.148160 0.011095 200 175 1000 1013 2 1000 1000 0 5
0.166667 0.166155 0.011663 200 193 1000 977 2 1000 1000 0 5
0.166667 0.181283 0.011953 200 213 1000 982 2 1000 1000 0 5
0.166667 0.193868 0.012237 200 229 1000 970 2 1000 1000 0 5
0.166667 0.162649 0.011352 200 205 1000 1027 2 1000 1000 0 5
0.166667 0.172184 0.011532 200 208 1000 1014 2 1000 1000 0 5
0.166667 0.166123 0.011368 200 203 1000 1035 2 1000 1000 0 5
0.166667 0.159014 0.011625 200 187 1000 968 2 1000 1000 0 5
0.166667 0.184508 0.011774 200 227 1000 999 2 1000 1000 0 5
0.166667 0.173937 0.011988 200 203 1000 948 2 1000 1000 0 5
0.166667 0.160916 0.011614 200 197 1000 969 2 1000 1000 0 5
0.166667 0.167304 0.011648 200 199 1000 979 2 1000 1000 0 5
0.166667 0.156092 0.011283 200 188 1000 1009 2 1000 1000 0 5
0.166667 0.172226 0.012092 200 189 1000 925 2 1000 1000 0 5
0.166667 0.173030 0.011856 200 199 1000 966 2 1000 1000 0 5
0.166667 0.171775 0.011465 200 214 1000 1024 2 1000 1000 0 5
0.166667 0.178049 0.012114 200 204 1000 932 2 1000 1000 0 5
0.166667 0.168504 0.011556 200 209 1000 1004 2 1000 1000 0 5
0.166667 0.153778 0.011368 200 183 1000 983 2 1000 1000 0 5
0.166667 0.172307 0.011612 200 211 1000 991 2 1000 1000 0 5
0.166667 0.171683 0.011492 200 210 1000 1007 2 1000 1000 0 5
0.166667 0.152403 0.010905 200 198 1000 1064 2 1000 1000 0 5
0.166667 0.163539 0.011269 200 202 1000 1042 2 1000 1000 0 5
0.166667 0.175873 0.011597 200 223 1000 1030 2 1000 1000 0 5
0.166667 0.161464 0.011380 200 192 1000 1016 2 1000 1000 0 5
0.166667 0.157156 0.011243 200 192 1000 1009 2 1000 1000 0 5
0.166667 0.158696 0.010924 200 199 1000 1078 2 1000 1000 0 5
0.166667 0.175105 0.011812 200 203 1000 979 2 1000 1000 0 5
0.166667 0.184368 0.012161 200 207 1000 947 2 1000 1000 0 5
0.166667 0.164336 0.011530 200 195 1000 996 2 1000 1000 0 5
0.166667 0.170396 0.011804 200 205 1000 963 2 1000 1000 0 5
0.166667 0.153619 0.011223 200 189 1000 992 2 1000 1000 0 5
0.166667 0.185220 0.011857 200 219 1000 1007 2 1000 1000 0 5
0.166667 0.168625 0.011379 200 220 1000 1026 2 1000 1000 0 5
0.166667 0.170975 0.012160 200 192 1000 900 2 1000 1000 0 5
0.166667 0.156384 0.011211 200 194 1000 1034 2 1000 1000 0 5
0.166667 0.146246 0.011114 200 177 1000 1002 2 1000 1000 0 5
0.166667 0.166568 0.011378 200 199 1000 1040 2 1000 1000 0 5
0.166667 0.184137 0.011929 200 222 1000 986 2 1000 1000 0 5
0.166667 0.170751 0.011998 200 197 1000 951 2 1000 1000 0 5
0.166667 0.165247 0.011542 200 200 1000 995 2 1000 1000 0 5
0.166667 0.165124 0.011702 200 190 1000 956 2 1000 1000 0 5
0.166667 0.171861 0.011610 200 214 1000 991 2 1000 1000 0 5
0.166667 0.157966 0.011489 200 187 1000 986 2 1000 1000 0 5
0.166667 0.155831 0.011163 200 193 1000 1041 2 1000 1000 0 5
0.166667 0.152540 0.011052 200 184 1000 1034 2 1000 1000 0 5
0.166667 0.177009 0.011747 200 211 1000 996 2 1000 1000 0 5
0.166667 0.171297 0.011892 200 195 1000 951 2 1000 1000 0 5
0.166667 0.167623 0.011457 200 200 1000 1023 2 1000 1000 0 5
0.166667 0.185320 0.012254 200 209 1000 948 2 1000 1000 0 5
0.166667 0.159275 0.011089 200 197 1000 1052 2 1000 1000 0 5
0.166667 0.154395 0.011154 200 187 1000 1030 2 1000 1000 0 5
0.166667 0.176027 0.011648 200 206 1000 1018 2 1000 1000 0 5
0.166667 0.182717 0.012154 200 203 1000 948 2 1000 1000 0 5
0.166667 0.168863 0.011862 200 192 1000 957 2 1000 1000 0 5
0.166667 0.174679 0.011876 200 202 1000 962 2 1000 1000 0 5
0.166667 0.162094 0.011442 200 201 1000 999 2 1000 1000 0 5
0.166667 0.161620 0.011561 200 195 1000 982 2 1000 1000 0 5
0.166667 0.165939 0.011751 200 194 1000 963 2 1000 1000 0 5
0.166667 0.180077 0.011643 200 220 1000 1024 2 1000 1000 0 5
0.166667 0.191067 0.012342 200 220 1000 940 2 1000 1000 0 5
0.166667 0.150625 0.011259 200 176 1000 984 2 1000 1000 0 5
0.166667 0.197726 0.012352 200 227 1000 949 2 1000 1000 0 5
0.166667 0.178699 0.012156 200 207 1000 935 2 1000 1000 0 5
0.166667 0.167710 0.011768 200 185 1000 960 2 1000 1000 0 5
0.166667 0.163071 0.011347 200 200 1000 1012 2 1000 1000 0 5
0.166667 0.161526 0.011297 200 191 1000 1016 2 1000 1000 0 5
0.166667 0.159083 0.011490 200 191 1000 970 2 1000 1000 0 5
0.166667 0.179999 0.011498 200 221 1000 1066 2 1000 1000 0 5
0.166667 0.173064 0.011790 200 205 1000 968 2 1000 1000 0 5
0.166667 0.173206 0.011635 200 209 1000 985 2 1000 1000 0 5
0.166667 0.167557 0.011494 200 204 1000 1008 2 1000 1000 0 5
0.166667 0.171656 0.011668 200 204 1000 987 2 1000 1000 0 5
0.166667 0.187273 0.011924 200 220 1000 984 2 1000 1000 0 5
0.166667 0.154892 0.011096 200 195 1000 1043 2 1000 1000 0 5
0.166667 0.175275 0.011856 200 198 1000 979 2 1000 1000 0 5
0.166667 0.159442 0.011361 200 189 1000 1011 2 1000 1000 0 5
0.166667 0.176388 0.012021 200 202 1000 967 2 1000 1000 0 5
0.166667 0.188395 0.011906 200 228 1000 995 2 1000 1000 0 5
0.166667 0.168885 0.011436 200 203 1000 1032 2 1000 1000 0 5
0.166667 0.168559 0.011799 200 193 1000 979 2 1000 1000 0 5
0.166667 0.187708 0.011841 200 226 1000 1022 2 1000 1000 0 5
0.166667 0.169520 0.011574 200 203 1000 995 2 1000 1000 0 5
0.166667 0.174426 0.011703 200 208 1000 1005 2 1000 1000 0 5
0.166667 0.147505 0.010651 200 190 1000 1103 2 1000 1000 0 5
0.166667 0.167776 0.011552 200 202 1000 998 2 1000 1000 0 5
0.166667 0.163185 0.011596 200 196 1000 977 2 1000 1000 0 5
0.166667 0.156553 0.011265 200 187 1000 1027 2 1000 1000 0 5
0.166667 0.171239 0.011401 200 216 1000 1035 2 1000 1000 0 5
0.166667 0.154260 0.011074 200 194 1000 1042 2 1000 1000 0 5
0.166667 0.145293 0.011052 200 177 1000 1000 2 1000 1000 0 5
0.166667 0.161653 0.011347 200 190 1000 1006 2 1000 1000 0 5
0.166667 0.178800 0.011671 200 225 1000 1016 2 1000 1000 0 5
0.166667 0.174958 0.011848 200 204 1000 972 2 1000 1000 0 5
0.166667 0.153356 0.011318 200 186 1000 990 2 1000 1000 0 5
0.166667 0.168782 0.011764 200 200 1000 980 2 1000 1000 0 5
0.166667 0.160750 0.011110 200 205 1000 1056 2 1000 1000 0 5
0.166667 0.172782 0.011635 200 205 1000 992 2 1000 1000 0 5
0.166667 0.171510 0.011876 200 202 1000 947 2 1000 1000 0 5
0.166667 0.155585 0.011484 200 182 1000 965 2 1000 1000 0 5
0.166667 0.168663 0.011642 200 202 1000 993 2 1000 1000 0 5
0.166667 0.168657 0.011266 200 208 1000 1047 2 1000 1000 0 5
0.166667 0.166956 0.011591 200 194 1000 983 2 1000 1000 0 5
0.166667 0.160468 0.011525 200 186 1000 974 2 1000 1000 0 5
0.166667 0.176844 0.011651 200 225 1000 994 2 1000 1000 0 5
0.166667 0.160746 0.011135 200 204 1000 1047 2 1000 1000 0 5
0.166667 0.171959 0.011747 200 208 1000 987 2 1000 1000 0 5
0.166667 0.172186 0.011787 200 207 1000 979 2 1000 1000 0 5
0.166667 0.153665 0.011090 200 179 1000 1026 2 1000 1000 0 5
0.166667 0.168421 0.011536 200 206 1000 1011 2 1000 1000 0 5
0.166667 0.177243 0.011673 200 216 1000 1016 2 1000 1000 0 5
0.166667 0.188152 0.012375 200 216 1000 926 2 1000 1000 0 5
0.166667 0.179096 0.011946 200 206 1000 982 2 1000 1000 0 5
0.166667 0.189388 0.011898 200 231 1000 990 2 1000 1000 0 5
0.166667 0.166848 0.011820 200 198 1000 962 2 1000 1000 0 5
0.166667 0.181730 0.011948 200 213 1000 976 2 1000 1000 0 5
0.166667 0.172796 0.011713 200 208 1000 992 2 1000 1000 0 5
0.166667 0.149021 0.010925 200 187 1000 1036 2 1000 1000 0 5
0.166667 0.163036 0.011076 200 204 1000 1080 2 1000 1000 0 5
0.166667 0.154908 0.011370 200 184 1000 1000 2 1000 1000 0 5
0.166667 0.185307 0.012029 200 214 1000 965 2 1000 1000 0 5
0.166667 0.170089 0.011548 200 203 1000 998 2 1000 1000 0 5
0.166667 0.165500 0.011593 200 200 1000 994 2 1000 1000 0 5
0.166667 0.162430 0.011674 200 187 1000 986 2 1000 1000 0 5
0.166667 0.166709 0.011434 200 208 1000 1008 2 1000 1000 0 5
0.166667 0.149087 0.011166 200 174 1000 1009 2 1000 1000 0 5
0.166667 0.174448 0.011743 200 204 1000 1002 2 1000 1000 0 5
0.166667 0.189848 0.012243 200 212 1000 951 2 1000 1000 0 5
0.166667 0.147602 0.011182 200 188 1000 997 2 1000 1000 0 5
0.166667 0.152715 0.011073 200 188 1000 1054 2 1000 1000 0 5
0.166667 0.149161 0.010972 200 185 1000 1034 2 1000 1000 0 5
0.166667 0.155252 0.011296 200 183 1000 994 2 1000 1000 0 5
0.166667 0.150894 0.010825 200 198 1000 1069 2 1000 1000 0 5
0.166667 0.176763 0.011346 200 239 1000 1069 2 1000 1000 0 5
0.166667 0.181276 0.011878 200 213 1000 983 2 1000 1000 0 5
0.166667 0.158207 0.011465 200 194 1000 985 2 1000 1000 0 5
0.166667 0.158351 0.011182 200 201 1000 1040 2 1000 1000 0 5
0.166667 0.176184 0.011681 200 220 1000 1005 2 1000 1000 0 5
0.166667 0.173556 0.011505 200 219 1000 1009 2 1000 1000 0 5
0.166667 0.154073 0.011263 200 181 1000 1011 2 1000 1000 0 5
0.166667 0.155397 0.011395 200 175 1000 994 2 1000 1000 0 5
0.166667 0.165586 0.011698 200 190 1000 974 2 1000 1000 0 5
0.166667 0.162135 0.011309 200 197 1000 1019 2 1000 1000 0 5
0.166667 0.172762 0.011735 200 209 1000 994 2 1000 1000 0 5
0.166667 0.171802 0.011914 200 203 1000 959 2 1000 1000 0 5
0.166667 0.174378 0.011493 200 219 1000 1032 2 1000 1000 0 5
0.166667 0.153474 0.011233 200 189 1000 1012 2 1000 1000 0 5
0.166667 0.156360 0.011376 200 185 1000 1005 2 1000 1000 0 5
0.166667 0.159319 0.011530 200 187 1000 981 2 1000 1000 0 5
0.166667 0.174919 0.011539 200 215 1000 1014 2 1000 1000 0 5
0.166667 0.161811 0.011258 200 208 1000 1027 2 1000 1000 0 5
0.166667 0.180137 0.011823 200 224 1000 973 2 1000 1000 0 5
0.166667 0.163080 0.011393 200 194 1000 1026 2 1000 1000 0 5
0.166667 0.158794 0.011293 200 198 1000 1017 2 1000 1000 0 5
0.166667 0.163916 0.011631 200 191 1000 972 2 1000 1000 0 5
0.166667 0.160053 0.011408 200 184 1000 996 2 1000 1000 0 5
0.166667 0.163749 0.011665 200 185 1000 980 2 1000 1000 0 5
0.166667 0.171482 0.011747 200 196 1000 980 2 1000 1000 0 5
0.166667 0.160387 0.011243 200 205 1000 1018 2 1000 1000 0 5
0.166667 0.179328 0.012281 200 203 1000 922 2 1000 1000 0 5
0.166667 0.159592 0.011503 200 188 1000 1009 2 1000 1000 0 5
0.166667 0.176779 0.011965 200 212 1000 940 2 1000 1000 0 5
0.166667 0.159481 0.011465 200 187 1000 981 2 1000 1000 0 5
0.166667 0.153263 0.010887 200 197 1000 1059 2 1000 1000 0 5
0.166667 0.178654 0.011555 200 218 1000 1027 2 1000 1000 0 5
0.166667 0.169327 0.011898 200 191 1000 946 2 1000 1000 0 5
0.166667 0.161510 0.011451 200 197 1000 995 2 1000 1000 0 5
0.166667 0.157846 0.011641 200 194 1000 953 2 1000 1000 0 5
0.166667 0.165988 0.011568 200 189 1000 999 2 1000 1000 0 5
0.166667 0.162036 0.011585 200 189 1000 998 2 1000 1000 0 5
0.166667 0.155510 0.011164 200 193 1000 1045 2 1000 1000 0 5
0.166667 0.173832 0.011890 200 206 1000 972 2 1000 1000 0 5
0.166667 0.162271 0.011417 200 202 1000 992 2 1000 1000 0 5
0.166667 0.180541 0.012062 200 204 1000 957 2 1000 1000 0 5
0.166667 0.155656 0.011448 200 176 1000 983 2 1000 1000 0 5
0.166667 0.182406 0.011901 200 208 1000 994 2 1000 1000 0 5
0.166667 0.156180 0.011333 200 197 1000 994 2 1000 1000 0 5
0.166667 0.149432 0.011257 200 181 1000 991 2 1000 1000 0 5
0.166667 0.162034 0.011275 200 203 1000 1019 2 1000 1000 0 5
0.166667 0.160681 0.011109 200 202 1000 1056 2 1000 1000 0 5
0.166667 0.182918 0.011701 200 220 1000 1023 2 1000 1000 0 5
0.166667 0.163774 0.011236 200 214 1000 1032 2 1000 1000 0 5
0.166667 0.142842 0.010760 200 180 1000 1092 2 1000 1000 0 5
0.166667 0.155900 0.011485 200 181 1000 981 2 1000 1000 0 5
0.166667 0.161271 0.011250 200 216 1000 1023 2 1000 1000 0 5
0.166667 0.172782 0.011686 200 213 1000 1006 2 1000 1000 0 5
0.166667 0.192224 0.012024 200 231 1000 993 2 1000 1000 0 5
0.166667 0.133131 0.010765 200 166 1000 1027 2 1000 1000 0 5
0.166667 0.173111 0.011535 200 210 1000 1024 2 1000 1000 0 5
0.166667 0.164173 0.011480 200 197 1000 989 2 1000 1000 0 5
0.166667 0.178749 0.011605 200 220 1000 1041 2 1000 1000 0 5
0.166667 0.171852 0.011467 200 209 1000 1036 2 1000 1000 0 5
0.166667 0.178169 0.011538 200 220 1000 1044 2 1000 1000 0 5
0.166667 0.176326 0.011680 200 220 1000 989 2 1000 1000 0 5
0.166667 0.181375 0.011835 200 214 1000 989 2 1000 1000 0 5
0.166667 0.165244 0.011535 200 202 1000 995 2 1000 1000 0 5
0.166667 0.183408 0.012276 200 194 1000 948 2 1000 1000 0 5
0.166667 0.174265 0.011917 200 203 1000 956 2 1000 1000 0 5
0.166667 0.156906 0.011283 200 190 1000 1014 2 1000 1000 0 5
0.166667 0.165934 0.011600 200 194 1000 992 2 1000 1000 0 5
0.166667 0.183677 0.011687 200 223 1000 1027 2 1000 1000 0 5
0.166667 0.156821 0.011435 200 181 1000 988 2 1000 1000 0 5
0.166667 0.178046 0.011895 200 209 1000 973 2 1000 1000 0 5
0.166667 0.151836 0.011402 200 166 1000 976 2 1000 1000 0 5
0.166667 0.170372 0.011503 200 219 1000 1008 2 1000 1000 0 5
0.166667 0.173911 0.011466 200 217 1000 1034 2 1000 1000 0 5
0.166667 0.167343 0.012006 200 181 1000 933 2 1000 1000 0 5
0.166667 0.155606 0.011245 200 183 1000 1023 2 1000 1000 0 5
0.166667 0.158823 0.011435 200 193 1000 987 2 1000 1000 0 5
0.166667 0.172361 0.011412 200 216 1000 1031 2 1000 1000 0 5
0.166667 0.172413 0.011690 200 209 1000 994 2 1000 1000 0 5
0.166667 0.165528 0.011453 200 202 1000 999 2 1000 1000 0 5
0.166667 0.177791 0.011893 200 212 1000 973 2 1000 1000 0 5
0.166667 0.158351 0.011153 200 200 1000 1037 2 1000 1000 0 5
0.166667 0.161229 0.011356 200 203 1000 1025 2 1000 1000 0 5
0.166667 0.163593 0.011253 200 207 1000 1028 2 1000 1000 0 5
0.166667 0.176069 0.011796 200 201 1000 989 2 1000 1000 0 5
0.166667 0.153334 0.011191 200 190 1000 1027 2 1000 1000 0 5
0.166667 0.183971 0.012008 200 221 1000 960 2 1000 1000 0 5
0.166667 0.154480 0.011354 200 182 1000 996 2 1000 1000 0 5
0.166667 0.169939 0.011604 200 207 1000 990 2 1000 1000 0 5
0.166667 0.169099 0.011591 200 205 1000 991 2 1000 1000 0 5
0.166667 0.163211 0.011325 200 200 1000 1015 2 1000 1000 0 5
0.166667 0.175830 0.011519 200 215 1000 1019 2 1000 1000 0 5
0.166667 0.174814 0.011758 200 207 1000 993 2 1000 1000 0 5
0.166667 0.169889 0.011720 200 206 1000 971 2 1000 1000 0 5
0.166667 0.168568 0.011652 200 206 1000 985 2 1000 1000 0 5
0.166667 0.174598 0.011679 200 211 1000 1008 2 1000 1000 0 5
0.166667 0.177460 0.011726 200 208 1000 995 2 1000 1000 0 5
0.166667 0.178496 0.011682 200 226 1000 1002 2 1000 1000 0 5
0.166667 0.181207 0.011846 200 216 1000 978 2 1000 1000 0 5
0.166667 0.162252 0.011483 200 196 1000 996 2 1000 1000 0 5
0.166667 0.183600 0.011892 200 219 1000 980 2 1000 1000 0 5
0.166667 0.176093 0.011348 200 219 1000 1055 2 1000 1000 0 5
0.166667 0.161989 0.011109 200 207 1000 1070 2 1000 1000 0 5
0.166667 0.190464 0.012256 200 213 1000 963 2 1000 1000 0 5
0.166667 0.135968 0.010684 200 171 1000 1027 2 1000 1000 0 5
0.166667 0.149154 0.010984 200 179 1000 1023 2 1000 1000 0 5
0.166667 0.158572 0.011307 200 193 1000 1016 2 1000 1000 0 5
0.166667 0.146486 0.010807 200 177 1000 1063 2 1000 1000 0 5
0.166667 0.161534 0.011261 200 203 1000 1038 2 1000 1000 0 5
0.166667 0.168047 0.011588 200 202 1000 996 2 1000 1000 0 5
0.166667 0.164546 0.011487 200 202 1000 1004 2 1000 1000 0 5
0.166667 0.149542 0.011469 200 174 1000 953 2 1000 1000 0 5
0.166667 0.168801 0.011359 200 204 1000 1048 2 1000 1000 0 5
0.166667 0.171413 0.011787 200 206 1000 985 2 1000 1000 0 5
0.166667 0.159582 0.011319 200 192 1000 1009 2 1000 1000 0 5
0.166667 0.161365 0.011360 200 201 1000 1016 2 1000 1000 0 5
0.166667 0.167596 0.011590 200 198 1000 985 2 1000 1000 0 5
0.166667 0.167241 0.011634 200 201 1000 989 2 1000 1000 0 5
0.166667 0.177085 0.011544 200 222 1000 1035 2 1000 1000 0 5
0.166667 0.154914 0.011206 200 185 1000 1023 2 1000 1000 0 5
