0.166667 0.180574 0.011766 200 196 1000 999 1000 1000 0 2
0.166667 0.183370 0.011705 200 240 1000 1063 1000 1000 0 2
0.166667 0.170988 0.011977 200 206 1000 998 1000 1000 0 2
0.166667 0.170066 0.012148 200 196 1000 988 1000 1000 0 2
0.166667 0.165789 0.011720 200 197 1000 1003 1000 1000 0 2
0.166667 0.155665 0.011062 200 182 1000 1041 1000 1000 0 2
0.166667 0.173686 0.011729 200 213 1000 1000 1000 1000 0 2
0.166667 0.157340 0.011432 200 185 1000 1019 1000 1000 0 2
0.166667 0.169911 0.011872 200 202 1000 982 1000 1000 0 2
0.166667 0.155348 0.011960 200 172 1000 962 1000 1000 0 2
0.166667 0.173391 0.012149 200 211 1000 1000 1000 1000 0 2
0.166667 0.173461 0.011531 200 215 1000 1054 1000 1000 0 2
0.166667 0.154990 0.011675 200 189 1000 1004 1000 1000 0 2
0.166667 0.182072 0.012208 200 209 1000 988 1000 1000 0 2
0.166667 0.162894 0.011486 200 194 1000 1038 1000 1000 0 2
0.166667 0.165225 0.011824 200 198 1000 986 1000 1000 0 2
0.166667 0.163575 0.011891 200 192 1000 984 1000 1000 0 2
0.166667 0.163733 0.011858 200 199 1000 1000 1000 1000 0 2
0.166667 0.159617 0.011523 200 189 1000 1002 1000 1000 0 2
0.166667 0.159367 0.011195 200 194 1000 1031 1000 1000 0 2
0.166667 0.150884 0.011374 200 199 1000 1024 1000 1000 0 2
0.166667 0.182342 0.012395 200 205 1000 949 1000 1000 0 2
0.166667 0.165138 0.011899 200 187 1000 983 1000 1000 0 2
0.166667 0.154077 0.011305 200 198 1000 1029 1000 1000 0 2
0.166667 0.153393 0.011184 200 182 1000 1077 1000 1000 0 2
0.166667 0.158167 0.011389 200 206 1000 1052 1000 1000 0 2
0.166667 0.153730 0.011828 200 185 1000 973 1000 1000 0 2
0.166667 0.170396 0.011617 200 201 1000 1038 1000 1000 0 2
0.166667 0.166088 0.012043 200 198 1000 973 1000 1000 0 2
0.166667 0.160774 0.011562 200 180 1000 1003 1000 1000 0 2
0.166667 0.155243 0.011501 200 205 1000 1024 1000 1000 0 2
0.166667 0.171660 0.011993 200 196 1000 965 1000 1000 0 2
0.166667 0.163854 0.011801 200 204 1000 1009 1000 1000 0 2
0.166667 0.174134 0.012101 200 201 1000 972 1000 1000 0 2
0.166667 0.176683 0.011986 200 212 1000 992 1000 1000 0 2
0.166667 0.145500 0.011465 200 172 1000 992 1000 1000 0 2
0.166667 0.171957 0.011927 200 211 1000 999 1000 1000 0 2
0.166667 0.152025 0.011556 200 201 1000 1043 1000 1000 0 2
0.166667 0.167852 0.011955 200 193 1000 1013 1000 1000 0 2
0.166667 0.147786 0.011585 200 196 1000 1000 1000 1000 0 2
0.166667 0.173236 0.012199 200 198 1000 980 1000 1000 0 2
0.166667 0.180790 0.012375 200 208 1000 968 1000 1000 0 2
0.166667 0.170395 0.011637 200 215 1000 1031 1000 1000 0 2
0.166667 0.150966 0.011428 200 192 1000 1010 1000 1000 0 2
0.166667 0.131426 0.011539 200 162 1000 978 1000 1000 0 2
0.166667 0.181340 0.012032 200 221 1000 981 1000 1000 0 2
0.166667 0.142850 0.011401 200 169 1000 995 1000 1000 0 2
0.166667 0.161208 0.011530 200 188 1000 1000 1000 1000 0 2
0.166667 0.171367 0.011944 200 212 1000 989 1000 1000 0 2
0.166667 0.157672 0.011350 200 196 1000 1038 1000 1000 0 2
0.166667 0.171285 0.011805 200 197 1000 998 1000 1000 0 2
0.166667 0.151710 0.011744 200 179 1000 954 1000 1000 0 2
0.166667 0.166069 0.012128 200 195 1000 960 1000 1000 0 2
0.166667 0.182732 0.012034 200 213 1000 1007 1000 1000 0 2
0.166667 0.163988 0.011565 200 218 1000 1040 1000 1000 0 2
0.166667 0.198198 0.012280 200 220 1000 977 1000 1000 0 2
0.166667 0.176932 0.011817 200 218 1000 1033 1000 1000 0 2
0.166667 0.167421 0.011859 200 203 1000 1027 1000 1000 0 2
0.166667 0.164851 0.011822 200 196 1000 992 1000 1000 0 2
0.166667 0.166892 0.011588 200 207 1000 1003 1000 1000 0 2
0.166667 0.162928 0.011947 200 203 1000 1012 1000 1000 0 2
0.166667 0.174439 0.011416 200 223 1000 1088 1000 1000 0 2
0.166667 0.183848 0.012160 200 216 1000 999 1000 1000 0 2
0.166667 0.152415 0.011130 200 184 1000 1056 1000 1000 0 2
0.166667 0.178212 0.012071 200 202 1000 976 1000 1000 0 2
0.166667 0.148179 0.011224 200 179 1000 999 1000 1000 0 2
0.166667 0.159115 0.011370 200 189 1000 1023 1000 1000 0 2
0.166667 0.165673 0.012273 200 186 1000 926 1000 1000 0 2
0.166667 0.176090 0.012218 200 203 1000 965 1000 1000 0 2
0.166667 0.174342 0.011791 200 202 1000 1009 1000 1000 0 2
0.166667 0.167862 0.012179 200 200 1000 968 1000 1000 0 2
0.166667 0.146718 0.011566 200 182 1000 975 1000 1000 0 2
0.166667 0.146844 0.011500 200 180 1000 985 1000 1000 0 2
0.166667 0.159250 0.011520 200 202 1000 1022 1000 1000 0 2
0.166667 0.158746 0.011681 200 190 1000 1023 1000 1000 0 2
0.166667 0.156910 0.011434 200 202 1000 1042 1000 1000 0 2
0.166667 0.152404 0.011628 200 186 1000 996 1000 1000 0 2
0.166667 0.159965 0.011711 200 188 1000 979 1000 1000 0 2
0.166667 0.163335 0.011363 200 200 1000 1046 1000 1000 0 2
0.166667 0.162389 0.011887 200 208 1000 1018 1000 1000 0 2
0.166667 0.169223 0.011694 200 202 1000 1011 1000 1000 0 2
0.166667 0.172557 0.011859 200 207 1000 1022 1000 1000 0 2
0.166667 0.168978 0.011982 200 202 1000 968 1000 1000 0 2
0.166667 0.150509 0.011566 200 188 1000 987 1000 1000 0 2
0.166667 0.183376 0.012156 200 206 1000 974 1000 1000 0 2
0.166667 0.159381 0.011436 200 200 1000 1026 1000 1000 0 2
0.166667 0.154486 0.011558 200 187 1000 993 1000 1000 0 2
0.166667 0.172369 0.011928 200 208 1000 1011 1000 1000 0 2
0.166667 0.174884 0.011748 200 211 1000 1030 1000 1000 0 2
0.166667 0.178172 0.012308 200 208 1000 953 1000 1000 0 2
0.166667 0.159368 0.011749 200 180 1000 975 1000 1000 0 2
0.166667 0.169015 0.011844 200 216 1000 1007 1000 1000 0 2
0.166667 0.174627 0.012197 200 203 1000 996 1000 1000 0 2
0.166667 0.161853 0.011530 200 209 1000 1045 1000 1000 0 2
0.166667 0.154773 0.011538 200 190 1000 999 1000 1000 0 2
0.166667 0.168786 0.011844 200 213 1000 1017 1000 1000 0 2
0.166667 0.165496 0.011875 200 184 1000 990 1000 1000 0 2
0.166667 0.165112 0.011651 200 211 1000 1035 1000 1000 0 2
0.166667 0.171166 0.011794 200 196 1000 1008 1000 1000 0 2
0.166667 0.174226 0.011742 200 219 1000 1029 1000 1000 0 2
0.166667 0.163015 0.011428 200 209 1000 1037 1000 1000 0 2
0.166667 0.155824 0.011848 200 195 1000 975 1000 1000 0 2
0.166667 0.183401 0.012427 200 196 1000 947 1000 1000 0 2
0.166667 0.181295 0.012067 200 228 1000 997 1000 1000 0 2
0.166667 0.154433 0.011284 200 190 1000 1052 1000 1000 0 2
0.166667 0.162982 0.011842 200 197 1000 997 1000 1000 0 2
0.166667 0.152364 0.011789 200 188 1000 964 1000 1000 0 2
0.166667 0.166613 0.011786 200 212 1000 977 1000 1000 0 2
0.166667 0.148196 0.011552 200 192 1000 1027 1000 1000 0 2
0.166667 0.155502 0.011350 200 196 1000 1044 1000 1000 0 2
0.166667 0.161524 0.011607 200 188 1000 1023 1000 1000 0 2
0.166667 0.195009 0.012608 200 226 1000 949 1000 1000 0 2
0.166667 0.145751 0.010901 200 189 1000 1089 1000 1000 0 2
0.166667 0.162053 0.011993 200 190 1000 975 1000 1000 0 2
0.166667 0.163422 0.011833 200 195 1000 987 1000 1000 0 2
0.166667 0.160595 0.011679 200 192 1000 995 1000 1000 0 2
0.166667 0.177999 0.011893 200 205 1000 1002 1000 1000 0 2
0.166667 0.138855 0.011552 200 185 1000 987 1000 1000 0 2
0.166667 0.164354 0.011759 200 206 1000 1006 1000 1000 0 2
0.166667 0.161427 0.011700 200 190 1000 1033 1000 1000 0 2
0.166667 0.158642 0.011684 200 190 1000 977 1000 1000 0 2
0.166667 0.156441 0.011460 200 181 1000 1002 1000 1000 0 2
0.166667 0.173345 0.011604 200 210 1000 1047 1000 1000 0 2
0.166667 0.170155 0.011533 200 220 1000 1051 1000 1000 0 2
0.166667 0.155186 0.011401 200 184 1000 1035 1000 1000 0 2
0.166667 0.180788 0.012258 200 214 1000 980 1000 1000 0 2
0.166667 0.169645 0.011743 200 201 1000 1000 1000 1000 0 2
0.166667 0.173846 0.012135 200 198 1000 976 1000 1000 0 2
0.166667 0.182300 0.012142 200 238 1000 1003 1000 1000 0 2
0.166667 0.174742 0.011973 200 216 1000 1013 1000 1000 0 2
0.166667 0.166317 0.011709 200 204 1000 1019 1000 1000 0 2
0.166667 0.156023 0.011553 200 190 1000 1007 1000 1000 0 2
0.166667 0.139003 0.011165 200 181 1000 1039 1000 1000 0 2
0.166667 0.151494 0.011477 200 191 1000 1013 1000 1000 0 2
0.166667 0.170049 0.011818 200 198 1000 1011 1000 1000 0 2
0.166667 0.166845 0.011553 200 220 1000 1068 1000 1000 0 2
0.166667 0.156611 0.011377 200 189 1000 1061 1000 1000 0 2
0.166667 0.156658 0.011123 200 199 1000 1069 1000 1000 0 2
0.166667 0.172384 0.011790 200 213 1000 1028 1000 1000 0 2
0.166667 0.171233 0.012314 200 202 1000 957 1000 1000 0 2
0.166667 0.173177 0.012269 200 196 1000 939 1000 1000 0 2
0.166667 0.163952 0.012005 200 199 1000 967 1000 1000 0 2
0.166667 0.142144 0.011360 200 169 1000 983 1000 1000 0 2
0.166667 0.184410 0.011984 200 208 1000 982 1000 1000 0 2
0.166667 0.161206 0.011429 200 193 1000 1015 1000 1000 0 2
0.166667 0.154871 0.011588 200 192 1000 1030 1000 1000 0 2
0.166667 0.154182 0.011425 200 183 1000 1000 1000 1000 0 2
0.166667 0.152724 0.011682 200 203 1000 982 1000 1000 0 2
0.166667 0.145876 0.011720 200 172 1000 958 1000 1000 0 2
0.166667 0.171407 0.012031 200 212 1000 976 1000 1000 0 2
0.166667 0.157348 0.011301 200 200 1000 1053 1000 1000 0 2
0.166667 0.177148 0.012204 200 200 1000 972 1000 1000 0 2
0.166667 0.164298 0.011784 200 199 1000 1012 1000 1000 0 2
0.166667 0.172599 0.011883 200 188 1000 1001 1000 1000 0 2
0.166667 0.164550 0.011854 200 213 1000 1011 1000 1000 0 2
0.166667 0.172392 0.011645 200 223 1000 1044 1000 1000 0 2
0.166667 0.171882 0.011953 200 190 1000 968 1000 1000 0 2
0.166667 0.163984 0.011509 200 207 1000 1026 1000 1000 0 2
0.166667 0.170575 0.011812 200 202 1000 994 1000 1000 0 2
0.166667 0.167806 0.011894 200 215 1000 1011 1000 1000 0 2
0.166667 0.174283 0.011850 200 200 1000 962 1000 1000 0 2
0.166667 0.152884 0.011514 200 197 1000 1027 1000 1000 0 2
0.166667 0.144342 0.011133 200 174 1000 1061 1000 1000 0 2
0.166667 0.152755 0.011652 200 181 1000 966 1000 1000 0 2
0.166667 0.151704 0.011390 200 192 1000 985 1000 1000 0 2
0.166667 0.174007 0.012006 200 206 1000 997 1000 1000 0 2
0.166667 0.162802 0.011906 200 202 1000 988 1000 1000 0 2
0.166667 0.169787 0.012017 200 203 1000 986 1000 1000 0 2
0.166667 0.171731 0.012017 200 204 1000 991 1000 1000 0 2
0.166667 0.157498 0.011591 200 187 1000 995 1000 1000 0 2
0.166667 0.164046 0.011668 200 212 1000 1028 1000 1000 0 2
0.166667 0.164348 0.011528 200 209 1000 1032 1000 1000 0 2
0.166667 0.153422 0.011739 200 184 1000 972 1000 1000 0 2
0.166667 0.152500 0.011570 200 186 1000 1006 1000 1000 0 2
0.166667 0.189142 0.012443 200 216 1000 975 1000 1000 0 2
0.166667 0.149549 0.011832 200 171 1000 951 1000 1000 0 2
0.166667 0.163652 0.011634 200 215 1000 1017 1000 1000 0 2
0.166667 0.171794 0.011775 200 230 1000 1027 1000 1000 0 2
0.166667 0.179420 0.011682 200 210 1000 1034 1000 1000 0 2
0.166667 0.173669 0.012167 200 202 1000 977 1000 1000 0 2
0.166667 0.171153 0.012210 200 222 1000 996 1000 1000 0 2
0.166667 0.166688 0.011813 200 197 1000 992 1000 1000 0 2
0.166667 0.162381 0.012448 200 184 1000 943 1000 1000 0 2
0.166667 0.165777 0.011798 200 215 1000 1014 1000 1000 0 2
0.166667 0.171579 0.012289 200 217 1000 971 1000 1000 0 2
0.166667 0.183262 0.012140 200 214 1000 984 1000 1000 0 2
0.166667 0.146221 0.011644 200 192 1000 985 1000 1000 0 2
0.166667 0.180674 0.012271 200 224 1000 975 1000 1000 0 2
0.166667 0.142252 0.011566 200 176 1000 981 1000 1000 0 2
0.166667 0.160633 0.011560 200 196 1000 999 1000 1000 0 2
0.166667 0.172221 0.011971 200 207 1000 983 1000 1000 0 2
0.166667 0.158009 0.011829 200 176 1000 976 1000 1000 0 2
0.166667 0.179276 0.012042 200 219 1000 996 1000 1000 0 2
0.166667 0.167205 0.012154 200 183 1000 960 1000 1000 0 2
0.166667 0.163322 0.011430 200 200 1000 1050 1000 1000 0 2
0.166667 0.168352 0.012018 200 200 1000 978 1000 1000 0 2
0.166667 0.157452 0.011704 200 212 1000 997 1000 1000 0 2
0.166667 0.173512 0.012018 200 206 1000 972 1000 1000 0 2
0.166667 0.160257 0.011617 200 200 1000 1031 1000 1000 0 2
0.166667 0.164529 0.011881 200 184 1000 964 1000 1000 0 2
0.166667 0.149887 0.011627 200 181 1000 1001 1000 1000 0 2
0.166667 0.182914 0.011922 200 213 1000 1008 1000 1000 0 2
0.166667 0.160627 0.011636 200 195 1000 989 1000 1000 0 2
0.166667 0.175049 0.012378 200 183 1000 931 1000 1000 0 2
0.166667 0.154426 0.011579 200 187 1000 975 1000 1000 0 2
0.166667 0.145412 0.011380 200 175 1000 1000 1000 1000 0 2
0.166667 0.170988 0.011922 200 209 1000 1004 1000 1000 0 2
0.166667 0.162219 0.011707 200 207 1000 1027 1000 1000 0 2
0.166667 0.153907 0.011553 200 190 1000 1006 1000 1000 0 2
0.166667 0.168144 0.011430 200 204 1000 1052 1000 1000 0 2
0.166667 0.161395 0.011841 200 179 1000 995 1000 1000 0 2
0.166667 0.144668 0.011602 200 171 1000 962 1000 1000 0 2
0.166667 0.144787 0.011239 200 186 1000 1022 1000 1000 0 2
0.166667 0.175647 0.011937 200 231 1000 1018 1000 1000 0 2
0.166667 0.151614 0.011566 200 178 1000 984 1000 1000 0 2
0.166667 0.137359 0.011038 200 182 1000 1052 1000 1000 0 2
0.166667 0.187452 0.012086 200 222 1000 986 1000 1000 0 2
0.166667 0.140559 0.011421 200 169 1000 971 1000 1000 0 2
0.166667 0.173308 0.011878 200 214 1000 1032 1000 1000 0 2
0.166667 0.149185 0.011404 200 200 1000 1045 1000 1000 0 2
0.166667 0.154557 0.011841 200 177 1000 955 1000 1000 0 2
0.166667 0.157628 0.011663 200 194 1000 1004 1000 1000 0 2
0.166667 0.181279 0.011903 200 233 1000 1016 1000 1000 0 2
0.166667 0.178424 0.011823 200 217 1000 1020 1000 1000 0 2
0.166667 0.187589 0.012155 200 225 1000 1011 1000 1000 0 2
0.166667 0.174507 0.012088 200 188 1000 944 1000 1000 0 2
0.166667 0.163157 0.011346 200 201 1000 1071 1000 1000 0 2
0.166667 0.192391 0.012244 200 234 1000 986 1000 1000 0 2
0.166667 0.165308 0.011769 200 210 1000 995 1000 1000 0 2
0.166667 0.166249 0.011406 200 197 1000 1063 1000 1000 0 2
0.166667 0.161818 0.011513 200 189 1000 1046 1000 1000 0 2
0.166667 0.194506 0.012463 200 228 1000 965 1000 1000 0 2
0.166667 0.173974 0.012040 200 201 1000 976 1000 1000 0 2
0.166667 0.169706 0.011689 200 214 1000 1008 1000 1000 0 2
0.166667 0.163300 0.011803 200 201 1000 980 1000 1000 0 2
0.166667 0.169068 0.012127 200 198 1000 959 1000 1000 0 2
0.166667 0.160683 0.011730 200 191 1000 1000 1000 1000 0 2
0.166667 0.179252 0.011876 200 207 1000 980 1000 1000 0 2
0.166667 0.137417 0.011569 200 164 1000 984 1000 1000 0 2
0.166667 0.195161 0.012430 200 224 1000 982 1000 1000 0 2
0.166667 0.176097 0.011656 200 209 1000 1028 1000 1000 0 2
0.166667 0.165458 0.011694 200 193 1000 995 1000 1000 0 2
0.166667 0.146106 0.011406 200 183 1000 1005 1000 1000 0 2
0.166667 0.176330 0.011987 200 210 1000 982 1000 1000 0 2
0.166667 0.201541 0.012408 200 240 1000 983 1000 1000 0 2
0.166667 0.161798 0.011516 200 184 1000 1007 1000 1000 0 2
0.166667 0.158661 0.011449 200 197 1000 1046 1000 1000 0 2
0.166667 0.174253 0.011817 200 201 1000 1011 1000 1000 0 2
0.166667 0.161171 0.011481 200 213 1000 1051 1000 1000 0 2
0.166667 0.158682 0.011674 200 188 1000 1033 1000 1000 0 2
0.166667 0.142799 0.011570 200 160 1000 968 1000 1000 0 2
0.166667 0.175566 0.012011 200 202 1000 984 1000 1000 0 2
0.166667 0.154449 0.011417 200 192 1000 1022 1000 1000 0 2
0.166667 0.169023 0.011703 200 204 1000 1017 1000 1000 0 2
0.166667 0.168663 0.011860 200 214 1000 993 1000 1000 0 2
0.166667 0.167117 0.011652 200 204 1000 1030 1000 1000 0 2
0.166667 0.152062 0.011186 200 176 1000 1033 1000 1000 0 2
0.166667 0.182745 0.012267 200 208 1000 950 1000 1000 0 2
0.166667 0.163647 0.011621 200 200 1000 1018 1000 1000 0 2
0.166667 0.154935 0.011245 200 204 1000 1037 1000 1000 0 2
0.166667 0.164123 0.011790 200 205 1000 1001 1000 1000 0 2
0.166667 0.182349 0.012058 200 218 1000 980 1000 1000 0 2
0.166667 0.157290 0.011219 200 205 1000 1077 1000 1000 0 2
0.166667 0.148344 0.010958 200 185 1000 1046 1000 1000 0 2
0.166667 0.155801 0.011191 200 194 1000 1055 1000 1000 0 2
0.166667 0.172530 0.011677 200 202 1000 1022 1000 1000 0 2
0.166667 0.155333 0.011702 200 190 1000 1018 1000 1000 0 2
0.166667 0.187824 0.012302 200 210 1000 974 1000 1000 0 2
0.166667 0.192373 0.011963 200 231 1000 1010 1000 1000 0 2
0.166667 0.169307 0.011668 200 212 1000 1034 1000 1000 0 2
0.166667 0.166500 0.011642 200 200 1000 1022 1000 1000 0 2
0.166667 0.151908 0.011637 200 199 1000 1012 1000 1000 0 2
0.166667 0.166391 0.011863 200 193 1000 978 1000 1000 0 2
0.166667 0.184557 0.011980 200 221 1000 1015 1000 1000 0 2
0.166667 0.177697 0.012402 200 207 1000 959 1000 1000 0 2
0.166667 0.175944 0.011682 200 220 1000 1061 1000 1000 0 2
0.166667 0.158156 0.011906 200 203 1000 986 1000 1000 0 2
0.166667 0.163611 0.011765 200 189 1000 964 1000 1000 0 2
0.166667 0.159512 0.011573 200 188 1000 1045 1000 1000 0 2
0.166667 0.166350 0.012107 200 195 1000 975 1000 1000 0 2
0.166667 0.150842 0.011196 200 180 1000 1038 1000 1000 0 2
0.166667 0.178806 0.012185 200 212 1000 989 1000 1000 0 2
0.166667 0.160783 0.011404 200 189 1000 1047 1000 1000 0 2
0.166667 0.155219 0.011462 200 200 1000 1021 1000 1000 0 2
0.166667 0.177329 0.012312 200 205 1000 949 1000 1000 0 2
0.166667 0.159236 0.011564 200 182 1000 979 1000 1000 0 2
0.166667 0.170338 0.011726 200 193 1000 996 1000 1000 0 2
0.166667 0.186364 0.012019 200 211 1000 996 1000 1000 0 2
0.166667 0.157181 0.011770 200 192 1000 975 1000 1000 0 2
0.166667 0.176864 0.012265 200 212 1000 962 1000 1000 0 2
0.166667 0.152621 0.011385 200 168 1000 1037 1000 1000 0 2
0.166667 0.176235 0.012322 200 221 1000 978 1000 1000 0 2
0.166667 0.166350 0.011557 200 193 1000 1027 1000 1000 0 2
0.166667 0.159690 0.011555 200 187 1000 1029 1000 1000 0 2
0.166667 0.163190 0.011493 200 207 1000 1031 1000 1000 0 2
0.166667 0.130189 0.010882 200 161 1000 1065 1000 1000 0 2
0.166667 0.176155 0.011801 200 216 1000 1006 1000 1000 0 2
0.166667 0.171456 0.012237 200 203 1000 966 1000 1000 0 2
0.166667 0.177088 0.011563 200 209 1000 1044 1000 1000 0 2
0.166667 0.184533 0.012217 200 220 1000 955 1000 1000 0 2
0.166667 0.134568 0.010979 200 171 1000 1057 1000 1000 0 2
0.166667 0.142820 0.011528 200 187 1000 1010 1000 1000 0 2
0.166667 0.175805 0.012132 200 193 1000 955 1000 1000 0 2
0.166667 0.164135 0.011744 200 196 1000 1009 1000 1000 0 2
0.166667 0.171531 0.011981 200 199 1000 990 1000 1000 0 2
0.166667 0.165220 0.011408 200 208 1000 1030 1000 1000 0 2
0.166667 0.176707 0.012028 200 213 1000 1011 1000 1000 0 2
0.166667 0.197391 0.012505 200 237 1000 953 1000 1000 0 2
0.166667 0.180256 0.012450 200 209 1000 970 1000 1000 0 2
0.166667 0.149059 0.011427 200 179 1000 1028 1000 1000 0 2
0.166667 0.150475 0.011655 200 185 1000 974 1000 1000 0 2
0.166667 0.166392 0.011620 200 201 1000 1033 1000 1000 0 2
0.166667 0.179564 0.011825 200 205 1000 1011 1000 1000 0 2
0.166667 0.185733 0.011801 200 235 1000 1043 1000 1000 0 2
0.166667 0.186294 0.012248 200 219 1000 973 1000 1000 0 2
0.166667 0.151198 0.011687 200 182 1000 1000 1000 1000 0 2
0.166667 0.170624 0.011965 200 215 1000 985 1000 1000 0 2
0.166667 0.185342 0.012329 200 204 1000 958 1000 1000 0 2
0.166667 0.163503 0.011470 200 206 1000 1015 1000 1000 0 2
0.166667 0.167873 0.011865 200 204 1000 1004 1000 1000 0 2
0.166667 0.167905 0.012057 200 214 1000 1009 1000 1000 0 2
0.166667 0.176655 0.012284 200 207 1000 988 1000 1000 0 2
0.166667 0.158746 0.011600 200 189 1000 982 1000 1000 0 2
0.166667 0.160236 0.011585 200 196 1000 1035 1000 1000 0 2
0.166667 0.162910 0.011704 200 195 1000 1008 1000 1000 0 2
0.166667 0.172624 0.011888 200 205 1000 1006 1000 1000 0 2
0.166667 0.169039 0.011717 200 204 1000 1044 1000 1000 0 2
0.166667 0.152732 0.011243 200 201 1000 1079 1000 1000 0 2
0.166667 0.182397 0.012123 200 209 1000 987 1000 1000 0 2
0.166667 0.168449 0.012217 200 211 1000 956 1000 1000 0 2
0.166667 0.191800 0.012568 200 226 1000 969 1000 1000 0 2
0.166667 0.166389 0.011649 200 186 1000 985 1000 1000 0 2
0.166667 0.168421 0.011735 200 209 1000 1004 1000 1000 0 2
0.166667 0.171204 0.011931 200 202 1000 989 1000 1000 0 2
0.166667 0.198543 0.012454 200 234 1000 969 1000 1000 0 2
0.166667 0.148177 0.010972 200 191 1000 1088 1000 1000 0 2
0.166667 0.144800 0.011456 200 182 1000 1008 1000 1000 0 2
0.166667 0.187155 0.012521 200 217 1000 959 1000 1000 0 2
0.166667 0.170588 0.011661 200 221 1000 1028 1000 1000 0 2
0.166667 0.161954 0.011618 200 205 1000 990 1000 1000 0 2
0.166667 0.170858 0.011985 200 201 1000 987 1000 1000 0 2
0.166667 0.174181 0.012240 200 209 1000 975 1000 1000 0 2
0.166667 0.182061 0.012254 200 217 1000 979 1000 1000 0 2
0.166667 0.171472 0.012050 200 207 1000 962 1000 1000 0 2
0.166667 0.188958 0.012273 200 222 1000 995 1000 1000 0 2
0.166667 0.183743 0.012088 200 214 1000 987 1000 1000 0 2
0.166667 0.159065 0.012032 200 196 1000 959 1000 1000 0 2
0.166667 0.162100 0.011387 200 201 1000 1056 1000 1000 0 2
0.166667 0.176490 0.012266 200 198 1000 945 1000 1000 0 2
0.166667 0.176389 0.012084 200 194 1000 953 1000 1000 0 2
0.166667 0.173529 0.012134 200 208 1000 980 1000 1000 0 2
0.166667 0.158021 0.011490 200 198 1000 1019 1000 1000 0 2
0.166667 0.181185 0.012228 200 221 1000 967 1000 1000 0 2
0.166667 0.164371 0.011930 200 185 1000 950 1000 1000 0 2
0.166667 0.168583 0.012085 200 186 1000 965 1000 1000 0 2
0.166667 0.157943 0.011781 200 187 1000 991 1000 1000 0 2
0.166667 0.174384 0.011750 200 221 1000 1056 1000 1000 0 2
0.166667 0.164564 0.012153 200 190 1000 948 1000 1000 0 2
0.166667 0.153699 0.011555 200 182 1000 954 1000 1000 0 2
0.166667 0.161256 0.011332 200 190 1000 1041 1000 1000 0 2
0.166667 0.161158 0.011848 200 205 1000 987 1000 1000 0 2
0.166667 0.162046 0.011445 200 195 1000 1030 1000 1000 0 2
0.166667 0.192826 0.012166 200 230 1000 1021 1000 1000 0 2
0.166667 0.150563 0.011729 200 177 1000 969 1000 1000 0 2
0.166667 0.162069 0.011383 200 207 1000 1015 1000 1000 0 2
0.166667 0.165907 0.011860 200 190 1000 978 1000 1000 0 2
0.166667 0.185471 0.012190 200 220 1000 978 1000 1000 0 2
0.166667 0.163127 0.011835 200 208 1000 1008 1000 1000 0 2
0.166667 0.175071 0.011760 200 198 1000 992 1000 1000 0 2
0.166667 0.170750 0.011530 200 214 1000 1058 1000 1000 0 2
0.166667 0.160445 0.011765 200 195 1000 1005 1000 1000 0 2
0.166667 0.166902 0.012194 200 190 1000 961 1000 1000 0 2
0.166667 0.166624 0.011671 200 219 1000 1007 1000 1000 0 2
0.166667 0.190698 0.012283 200 217 1000 960 1000 1000 0 2
0.166667 0.168678 0.012257 200 203 1000 965 1000 1000 0 2
0.166667 0.184191 0.012036 200 215 1000 1010 1000 1000 0 2
0.166667 0.169803 0.012100 200 209 1000 972 1000 1000 0 2
0.166667 0.168349 0.011579 200 205 1000 1044 1000 1000 0 2
0.166667 0.199018 0.012440 200 237 1000 969 1000 1000 0 2
0.166667 0.163195 0.011431 200 197 1000 1064 1000 1000 0 2
0.166667 0.168109 0.011719 200 195 1000 989 1000 1000 0 2
0.166667 0.153918 0.011644 200 190 1000 1009 1000 1000 0 2
0.166667 0.176849 0.012266 200 202 1000 967 1000 1000 0 2
0.166667 0.179661 0.012132 200 205 1000 972 1000 1000 0 2
0.166667 0.141471 0.011361 200 181 1000 1022 1000 1000 0 2
0.166667 0.199055 0.012444 200 228 1000 981 1000 1000 0 2
0.166667 0.166785 0.011375 200 209 1000 1049 1000 1000 0 2
0.166667 0.174645 0.012506 200 197 1000 941 1000 1000 0 2
0.166667 0.168283 0.011785 200 205 1000 1001 1000 1000 0 2
0.166667 0.145605 0.011601 200 181 1000 974 1000 1000 0 2
0.166667 0.151518 0.011286 200 201 1000 1017 1000 1000 0 2
0.166667 0.177844 0.012570 200 201 1000 931 1000 1000 0 2
0.166667 0.171039 0.011955 200 204 1000 978 1000 1000 0 2
0.166667 0.168348 0.011639 200 196 1000 1030 1000 1000 0 2
0.166667 0.181605 0.012346 200 193 1000 936 1000 1000 0 2
0.166667 0.139527 0.011039 200 178 1000 1044 1000 1000 0 2
0.166667 0.184591 0.012481 200 215 1000 939 1000 1000 0 2
0.166667 0.164080 0.011793 200 202 1000 997 1000 1000 0 2
0.166667 0.154788 0.011293 200 195 1000 1026 1000 1000 0 2
0.166667 0.177598 0.012516 200 207 1000 923 1000 1000 0 2
0.166667 0.165619 0.012014 200 199 1000 967 1000 1000 0 2
0.166667 0.142195 0.011350 200 175 1000 1000 1000 1000 0 2
0.166667 0.172115 0.012111 200 192 1000 953 1000 1000 0 2
0.166667 0.171940 0.012092 200 201 1000 959 1000 1000 0 2
0.166667 0.149945 0.011347 200 190 1000 1006 1000 1000 0 2
0.166667 0.164170 0.011321 200 203 1000 1053 1000 1000 0 2
0.166667 0.193101 0.012387 200 229 1000 998 1000 1000 0 2
0.166667 0.179790 0.012177 200 201 1000 947 1000 1000 0 2
0.166667 0.143284 0.011419 200 164 1000 983 1000 1000 0 2
0.166667 0.169692 0.011831 200 193 1000 976 1000 1000 0 2
0.166667 0.176766 0.012084 200 209 1000 969 1000 1000 0 2
0.166667 0.158065 0.011752 200 206 1000 1007 1000 1000 0 2
0.166667 0.168165 0.011756 200 194 1000 997 1000 1000 0 2
0.166667 0.174121 0.011762 200 220 1000 1026 1000 1000 0 2
0.166667 0.177172 0.012022 200 208 1000 984 1000 1000 0 2
0.166667 0.135982 0.010999 200 170 1000 1024 1000 1000 0 2
0.166667 0.161745 0.011663 200 215 1000 1038 1000 1000 0 2
0.166667 0.182419 0.011760 200 207 1000 1007 1000 1000 0 2
0.166667 0.167668 0.012042 200 194 1000 954 1000 1000 0 2
0.166667 0.156962 0.011612 200 193 1000 1021 1000 1000 0 2
0.166667 0.181404 0.011995 200 236 1000 1034 1000 1000 0 2
0.166667 0.171234 0.011839 200 220 1000 1023 1000 1000 0 2
0.166667 0.162687 0.011976 200 196 1000 979 1000 1000 0 2
0.166667 0.165790 0.011790 200 189 1000 983 1000 1000 0 2
0.166667 0.160543 0.011775 200 178 1000 961 1000 1000 0 2
0.166667 0.167912 0.012041 200 197 1000 967 1000 1000 0 2
0.166667 0.173820 0.011929 200 225 1000 999 1000 1000 0 2
0.166667 0.168637 0.011971 200 197 1000 998 1000 1000 0 2
0.166667 0.157873 0.011254 200 179 1000 1065 1000 1000 0 2
0.166667 0.150099 0.011527 200 186 1000 1006 1000 1000 0 2
0.166667 0.170200 0.011857 200 210 1000 1020 1000 1000 0 2
0.166667 0.162502 0.011805 200 196 1000 1005 1000 1000 0 2
0.166667 0.163870 0.011572 200 200 1000 1029 1000 1000 0 2
0.166667 0.162908 0.011908 200 204 1000 987 1000 1000 0 2
0.166667 0.170276 0.012094 200 194 1000 963 1000 1000 0 2
0.166667 0.164741 0.011699 200 203 1000 1008 1000 1000 0 2
0.166667 0.172348 0.012046 200 204 1000 981 1000 1000 0 2
0.166667 0.176200 0.012233 200 206 1000 955 1000 1000 0 2
0.166667 0.159429 0.011377 200 203 1000 1053 1000 1000 0 2
0.166667 0.180373 0.012079 200 227 1000 982 1000 1000 0 2
0.166667 0.157168 0.011583 200 207 1000 1042 1000 1000 0 2
0.166667 0.169015 0.011783 200 197 1000 962 1000 1000 0 2
0.166667 0.144299 0.011186 200 183 1000 1059 1000 1000 0 2
0.166667 0.177544 0.012175 200 207 1000 956 1000 1000 0 2
0.166667 0.177735 0.011515 200 220 1000 1060 1000 1000 0 2
0.166667 0.167154 0.011751 200 209 1000 981 1000 1000 0 2
0.166667 0.168159 0.012024 200 199 1000 967 1000 1000 0 2
0.166667 0.175245 0.011540 200 227 1000 1067 1000 1000 0 2
0.166667 0.160451 0.011475 200 190 1000 1021 1000 1000 0 2
0.166667 0.127002 0.011157 200 156 1000 1012 1000 1000 0 2
0.166667 0.172076 0.011759 200 208 1000 1000 1000 1000 0 2
0.166667 0.186869 0.012193 200 203 1000 964 1000 1000 0 2
0.166667 0.162242 0.011715 200 209 1000 1020 1000 1000 0 2
0.166667 0.168394 0.012221 200 224 1000 971 1000 1000 0 2
0.166667 0.170851 0.011353 200 202 1000 1038 1000 1000 0 2
0.166667 0.174636 0.011759 200 217 1000 1012 1000 1000 0 2
0.166667 0.164074 0.011468 200 214 1000 1041 1000 1000 0 2
0.166667 0.182742 0.011993 200 220 1000 1032 1000 1000 0 2
0.166667 0.151350 0.011501 200 187 1000 995 1000 1000 0 2
0.166667 0.146699 0.011602 200 185 1000 1007 1000 1000 0 2
0.166667 0.175552 0.012160 200 207 1000 961 1000 1000 0 2
0.166667 0.164308 0.011720 200 209 1000 999 1000 1000 0 2
0.166667 0.164366 0.011883 200 207 1000 1005 1000 1000 0 2
0.166667 0.160674 0.011358 200 204 1000 1057 1000 1000 0 2
0.166667 0.187804 0.012370 200 212 1000 944 1000 1000 0 2
0.166667 0.154454 0.011543 200 199 1000 1003 1000 1000 0 2
0.166667 0.166298 0.011522 200 205 1000 1025 1000 1000 0 2
0.166667 0.156519 0.011359 200 185 1000 1023 1000 1000 0 2
0.166667 0.147638 0.011624 200 178 1000 992 1000 1000 0 2
0.166667 0.144280 0.011750 200 174 1000 986 1000 1000 0 2
0.166667 0.177156 0.012403 200 201 1000 951 1000 1000 0 2
0.166667 0.164418 0.012161 200 191 1000 940 1000 1000 0 2
0.166667 0.168150 0.011786 200 206 1000 1013 1000 1000 0 2
0.166667 0.165191 0.011792 200 196 1000 1007 1000 1000 0 2
0.166667 0.150828 0.011374 200 182 1000 1014 1000 1000 0 2
0.166667 0.155286 0.011713 200 183 1000 979 1000 1000 0 2
0.166667 0.158849 0.011742 200 196 1000 996 1000 1000 0 2
0.166667 0.179001 0.012218 200 199 1000 971 1000 1000 0 2
0.166667 0.169549 0.011429 200 195 1000 1044 1000 1000 0 2
0.166667 0.183451 0.012316 200 204 1000 979 1000 1000 0 2
0.166667 0.169070 0.011943 200 204 1000 1010 1000 1000 0 2
0.166667 0.192742 0.012107 200 215 1000 1030 1000 1000 0 2
0.166667 0.166453 0.011900 200 190 1000 986 1000 1000 0 2
0.166667 0.185907 0.012359 200 217 1000 962 1000 1000 0 2
0.166667 0.154906 0.011613 200 189 1000 1027 1000 1000 0 2
0.166667 0.171399 0.011688 200 193 1000 994 1000 1000 0 2
0.166667 0.169460 0.011748 200 208 1000 1041 1000 1000 0 2
0.166667 0.180486 0.012073 200 206 1000 960 1000 1000 0 2
0.166667 0.153381 0.011868 200 180 1000 934 1000 1000 0 2
0.166667 0.200276 0.012836 200 216 1000 929 1000 1000 0 2
0.166667 0.165657 0.012232 200 193 1000 962 1000 1000 0 2
0.166667 0.150531 0.011592 200 183 1000 980 1000 1000 0 2
0.166667 0.150697 0.011439 200 190 1000 1020 1000 1000 0 2
0.166667 0.158110 0.011642 200 195 1000 995 1000 1000 0 2
0.166667 0.159826 0.011054 200 209 1000 1066 1000 1000 0 2
0.166667 0.143529 0.011292 200 184 1000 1004 1000 1000 0 2
0.166667 0.172997 0.011826 200 206 1000 997 1000 1000 0 2
0.166667 0.149721 0.011566 200 202 1000 1005 1000 1000 0 2
0.166667 0.150132 0.011676 200 166 1000 945 1000 1000 0 2
0.166667 0.169934 0.011716 200 206 1000 1011 1000 1000 0 2
0.166667 0.163762 0.011715 200 216 1000 1024 1000 1000 0 2
0.166667 0.158840 0.011554 200 180 1000 983 1000 1000 0 2
0.166667 0.172368 0.012128 200 207 1000 986 1000 1000 0 2
0.166667 0.154105 0.011392 200 192 1000 1022 1000 1000 0 2
0.166667 0.162651 0.011762 200 198 1000 980 1000 1000 0 2
0.166667 0.183055 0.012296 200 215 1000 989 1000 1000 0 2
0.166667 0.154209 0.011538 200 178 1000 1014 1000 1000 0 2
0.166667 0.149519 0.011544 200 191 1000 1029 1000 1000 0 2
0.166667 0.160472 0.012100 200 195 1000 963 1000 1000 0 2
0.166667 0.164690 0.011682 200 197 1000 1023 1000 1000 0 2
0.166667 0.164015 0.011480 200 206 1000 1011 1000 1000 0 2
0.166667 0.140099 0.010755 200 174 1000 1047 1000 1000 0 2
0.166667 0.166307 0.012524 200 219 1000 933 1000 1000 0 2
0.166667 0.174475 0.012121 200 203 1000 993 1000 1000 0 2
0.166667 0.167511 0.011994 200 219 1000 1000 1000 1000 0 2
0.166667 0.166428 0.011656 200 205 1000 1011 1000 1000 0 2
0.166667 0.158762 0.012066 200 195 1000 955 1000 1000 0 2
0.166667 0.151348 0.011855 200 172 1000 933 1000 1000 0 2
0.166667 0.141491 0.011452 200 172 1000 1006 1000 1000 0 2
0.166667 0.186531 0.011838 200 208 1000 1018 1000 1000 0 2
0.166667 0.147423 0.011001 200 202 1000 1070 1000 1000 0 2
0.166667 0.177032 0.011720 200 205 1000 1059 1000 1000 0 2
0.166667 0.166794 0.011687 200 205 1000 1005 1000 1000 0 2
0.166667 0.163416 0.011543 200 205 1000 1045 1000 1000 0 2
0.166667 0.158173 0.011523 200 203 1000 1017 1000 1000 0 2
0.166667 0.171692 0.011960 200 199 1000 978 1000 1000 0 2
0.166667 0.169008 0.011947 200 199 1000 970 1000 1000 0 2
0.166667 0.175848 0.011826 200 206 1000 1023 1000 1000 0 2
0.166667 0.172586 0.011892 200 204 1000 991 1000 1000 0 2
0.166667 0.155046 0.011714 200 182 1000 972 1000 1000 0 2
0.166667 0.161611 0.012207 200 192 1000 935 1000 1000 0 2
0.166667 0.164719 0.011912 200 193 1000 944 1000 1000 0 2
0.166667 0.189962 0.012438 200 238 1000 958 1000 1000 0 2
0.166667 0.157249 0.011693 200 194 1000 1005 1000 1000 0 2
0.166667 0.155236 0.011564 200 203 1000 1015 1000 1000 0 2
0.166667 0.139108 0.010859 200 193 1000 1108 1000 1000 0 2
0.166667 0.149019 0.011645 200 176 1000 1001 1000 1000 0 2
0.166667 0.171129 0.011837 200 218 1000 1033 1000 1000 0 2
0.166667 0.154494 0.011863 200 187 1000 969 1000 1000 0 2
0.166667 0.171817 0.011883 200 213 1000 1006 1000 1000 0 2
0.166667 0.180107 0.011786 200 220 1000 1016 1000 1000 0 2
0.166667 0.179394 0.012560 200 207 1000 956 1000 1000 0 2
0.166667 0.175785 0.012014 200 201 1000 993 1000 1000 0 2
0.166667 0.176751 0.011905 200 214 1000 1017 1000 1000 0 2
0.166667 0.150472 0.011638 200 197 1000 1005 1000 1000 0 2
0.166667 0.167101 0.012050 200 192 1000 981 1000 1000 0 2
0.166667 0.181447 0.012092 200 203 1000 955 1000 1000 0 2
0.166667 0.188765 0.012506 200 230 1000 979 1000 1000 0 2
0.166667 0.165115 0.012072 200 217 1000 980 1000 1000 0 2
0.166667 0.189180 0.012382 200 220 1000 973 1000 1000 0 2
0.166667 0.133993 0.011244 200 180 1000 1015 1000 1000 0 2
0.166667 0.168517 0.011521 200 212 1000 1023 1000 1000 0 2
0.166667 0.161866 0.012306 200 196 1000 936 1000 1000 0 2
0.166667 0.167319 0.011656 200 208 1000 1026 1000 1000 0 2
0.166667 0.169802 0.012193 200 204 1000 931 1000 1000 0 2
0.166667 0.159634 0.011498 200 175 1000 990 1000 1000 0 2
0.166667 0.147233 0.011387 200 177 1000 1025 1000 1000 0 2
0.166667 0.176723 0.011893 200 203 1000 990 1000 1000 0 2
0.166667 0.160323 0.011876 200 186 1000 988 1000 1000 0 2
0.166667 0.181415 0.011887 200 217 1000 996 1000 1000 0 2
0.166667 0.145546 0.011270 200 183 1000 1041 1000 1000 0 2
0.166667 0.181441 0.012245 200 222 1000 968 1000 1000 0 2
0.166667 0.163601 0.011607 200 201 1000 1002 1000 1000 0 2
0.166667 0.156812 0.011392 200 188 1000 1027 1000 1000 0 2
0.166667 0.166722 0.012066 200 217 1000 980 1000 1000 0 2
0.166667 0.170775 0.011608 200 224 1000 1051 1000 1000 0 2
0.166667 0.160592 0.011585 200 186 1000 1021 1000 1000 0 2
0.166667 0.158942 0.011621 200 195 1000 1002 1000 1000 0 2
0.166667 0.175671 0.012024 200 197 1000 975 1000 1000 0 2
0.166667 0.158173 0.011254 200 203 1000 1064 1000 1000 0 2
0.166667 0.173180 0.011754 200 204 1000 1014 1000 1000 0 2
0.166667 0.174026 0.012076 200 208 1000 986 1000 1000 0 2
0.166667 0.167825 0.011601 200 204 1000 1037 1000 1000 0 2
0.166667 0.160226 0.012004 200 205 1000 982 1000 1000 0 2
0.166667 0.164750 0.011921 200 198 1000 1001 1000 1000 0 2
0.166667 0.167457 0.011487 200 203 1000 1037 1000 1000 0 2
0.166667 0.167215 0.011660 200 199 1000 1029 1000 1000 0 2
0.166667 0.166367 0.011991 200 194 1000 951 1000 1000 0 2
0.166667 0.153244 0.011239 200 205 1000 1045 1000 1000 0 2
0.166667 0.151533 0.011136 200 194 1000 1056 1000 1000 0 2
0.166667 0.187340 0.012310 200 212 1000 976 1000 1000 0 2
0.166667 0.176880 0.011908 200 206 1000 983 1000 1000 0 2
0.166667 0.159266 0.011181 200 198 1000 1058 1000 1000 0 2
0.166667 0.157748 0.011416 200 207 1000 1046 1000 1000 0 2
0.166667 0.175761 0.012192 200 197 1000 957 1000 1000 0 2
0.166667 0.182469 0.012060 200 202 1000 986 1000 1000 0 2
0.166667 0.147669 0.011176 200 194 1000 1043 1000 1000 0 2
0.166667 0.165882 0.011457 200 193 1000 1030 1000 1000 0 2
0.166667 0.171625 0.011872 200 193 1000 983 1000 1000 0 2
0.166667 0.141109 0.011076 200 185 1000 1068 1000 1000 0 2
0.166667 0.179716 0.011973 200 202 1000 983 1000 1000 0 2
0.166667 0.156796 0.011589 200 181 1000 999 1000 1000 0 2
0.166667 0.163969 0.011450 200 200 1000 1043 1000 1000 0 2
0.166667 0.144376 0.011083 200 202 1000 1085 1000 1000 0 2
0.166667 0.157679 0.011639 200 190 1000 983 1000 1000 0 2
0.166667 0.162351 0.011843 200 205 1000 1013 1000 1000 0 2
0.166667 0.176134 0.011874 200 215 1000 999 1000 1000 0 2
0.166667 0.163044 0.011476 200 193 1000 1030 1000 1000 0 2
0.166667 0.179410 0.012197 200 204 1000 999 1000 1000 0 2
0.166667 0.146193 0.011826 200 177 1000 965 1000 1000 0 2
0.166667 0.159070 0.011976 200 206 1000 989 1000 1000 0 2
0.166667 0.194850 0.011968 200 245 1000 1022 1000 1000 0 2
0.166667 0.174372 0.012139 200 188 1000 953 1000 1000 0 2
0.166667 0.155320 0.011537 200 190 1000 1001 1000 1000 0 2
0.166667 0.194206 0.012649 200 206 1000 936 1000 1000 0 2
0.166667 0.160342 0.011951 200 191 1000 950 1000 1000 0 2
0.166667 0.152255 0.011580 200 198 1000 1014 1000 1000 0 2
0.166667 0.178997 0.012029 200 210 1000 966 1000 1000 0 2
0.166667 0.148853 0.011752 200 211 1000 1036 1000 1000 0 2
0.166667 0.138143 0.011366 200 188 1000 1022 1000 1000 0 2
0.166667 0.169113 0.011982 200 182 1000 983 1000 1000 0 2
0.166667 0.174270 0.012027 200 204 1000 994 1000 1000 0 2
0.166667 0.169539 0.011832 200 201 1000 986 1000 1000 0 2
0.166667 0.176318 0.012089 200 212 1000 962 1000 1000 0 2
0.166667 0.176582 0.012002 200 212 1000 977 1000 1000 0 2
0.166667 0.183279 0.012117 200 237 1000 990 1000 1000 0 2
0.166667 0.169386 0.012270 200 196 1000 934 1000 1000 0 2
0.166667 0.185258 0.011768 200 207 1000 1018 1000 1000 0 2
0.166667 0.174324 0.011940 200 202 1000 996 1000 1000 0 2
0.166667 0.162568 0.011533 200 209 1000 1020 1000 1000 0 2
0.166667 0.174544 0.011992 200 193 1000 997 1000 1000 0 2
0.166667 0.153345 0.011343 200 211 1000 1047 1000 1000 0 2
0.166667 0.144859 0.011713 200 192 1000 974 1000 1000 0 2
0.166667 0.157185 0.011510 200 186 1000 1015 1000 1000 0 2
0.166667 0.145526 0.011568 200 182 1000 996 1000 1000 0 2
0.166667 0.171221 0.011814 200 228 1000 1033 1000 1000 0 2
0.166667 0.199132 0.012637 200 236 1000 952 1000 1000 0 2
0.166667 0.159097 0.011650 200 193 1000 1016 1000 1000 0 2
0.166667 0.191846 0.012273 200 227 1000 993 1000 1000 0 2
0.166667 0.155551 0.011770 200 199 1000 1012 1000 1000 0 2
0.166667 0.173466 0.011962 200 203 1000 992 1000 1000 0 2
0.166667 0.142816 0.011426 200 192 1000 1034 1000 1000 0 2
0.166667 0.152756 0.011725 200 199 1000 1013 1000 1000 0 2
0.166667 0.163700 0.011689 200 191 1000 987 1000 1000 0 2
0.166667 0.205189 0.012830 200 241 1000 949 1000 1000 0 2
0.166667 0.152813 0.011448 200 191 1000 1008 1000 1000 0 2
0.166667 0.161638 0.011725 200 181 1000 1001 1000 1000 0 2
0.166667 0.159313 0.011773 200 194 1000 997 1000 1000 0 2
0.166667 0.165266 0.011593 200 186 1000 1020 1000 1000 0 2
0.166667 0.189651 0.012588 200 201 1000 935 1000 1000 0 2
0.166667 0.170907 0.011990 200 223 1000 1019 1000 1000 0 2
0.166667 0.178404 0.011949 200 211 1000 975 1000 1000 0 2
0.166667 0.170621 0.011686 200 208 1000 1014 1000 1000 0 2
0.166667 0.175409 0.011706 200 206 1000 1030 1000 1000 0 2
0.166667 0.159015 0.011672 200 199 1000 993 1000 1000 0 2
0.166667 0.170288 0.011694 200 203 1000 1023 1000 1000 0 2
0.166667 0.166423 0.012298 200 188 1000 939 1000 1000 0 2
0.166667 0.165717 0.011560 200 193 1000 998 1000 1000 0 2
0.166667 0.144227 0.011047 200 189 1000 1039 1000 1000 0 2
0.166667 0.193317 0.012549 200 225 1000 950 1000 1000 0 2
0.166667 0.157129 0.011448 200 193 1000 1016 1000 1000 0 2
0.166667 0.150477 0.011333 200 190 1000 1032 1000 1000 0 2
0.166667 0.159104 0.011478 200 196 1000 1036 1000 1000 0 2
0.166667 0.160817 0.011794 200 184 1000 982 1000 1000 0 2
0.166667 0.160460 0.011424 200 200 1000 1021 1000 1000 0 2
0.166667 0.153429 0.011575 200 191 1000 1029 1000 1000 0 2
0.166667 0.158665 0.011480 200 185 1000 1011 1000 1000 0 2
0.166667 0.168440 0.011798 200 214 1000 1001 1000 1000 0 2
0.166667 0.179869 0.012153 200 214 1000 1001 1000 1000 0 2
0.166667 0.168465 0.011441 200 213 1000 1031 1000 1000 0 2
0.166667 0.151105 0.011437 200 186 1000 1037 1000 1000 0 2
0.166667 0.146113 0.011943 200 185 1000 958 1000 1000 0 2
0.166667 0.178648 0.012064 200 210 1000 992 1000 1000 0 2
0.166667 0.181333 0.012001 200 205 1000 976 1000 1000 0 2
0.166667 0.171921 0.012229 200 214 1000 993 1000 1000 0 2
0.166667 0.150858 0.011676 200 180 1000 999 1000 1000 0 2
0.166667 0.135247 0.011135 200 183 1000 1013 1000 1000 0 2
0.166667 0.185496 0.012244 200 196 1000 971 1000 1000 0 2
0.166667 0.174904 0.011740 200 216 1000 1008 1000 1000 0 2
0.166667 0.164375 0.011663 200 203 1000 1028 1000 1000 0 2
0.166667 0.160123 0.011562 200 182 1000 1011 1000 1000 0 2
0.166667 0.167724 0.011766 200 186 1000 1015 1000 1000 0 2
0.166667 0.180447 0.011776 200 212 1000 1035 1000 1000 0 2
0.166667 0.175296 0.012208 200 215 1000 976 1000 1000 0 2
0.166667 0.163706 0.011621 200 195 1000 999 1000 1000 0 2
0.166667 0.170107 0.011826 200 199 1000 996 1000 1000 0 2
0.166667 0.164116 0.011251 200 202 1000 1061 1000 1000 0 2
0.166667 0.172838 0.011766 200 209 1000 1011 1000 1000 0 2
0.166667 0.159833 0.011486 200 196 1000 1023 1000 1000 0 2
0.166667 0.169515 0.011748 200 207 1000 1004 1000 1000 0 2
0.166667 0.174533 0.011992 200 201 1000 991 1000 1000 0 2
0.166667 0.172152 0.012061 200 200 1000 974 1000 1000 0 2
0.166667 0.186655 0.012104 200 223 1000 1000 1000 1000 0 2
0.166667 0.152768 0.011425 200 193 1000 1004 1000 1000 0 2
0.166667 0.168732 0.011883 200 198 1000 988 1000 1000 0 2
0.166667 0.177837 0.011901 200 196 1000 996 1000 1000 0 2
0.166667 0.179391 0.012083 200 209 1000 977 1000 1000 0 2
0.166667 0.172527 0.011789 200 228 1000 1070 1000 1000 0 2
0.166667 0.165647 0.011621 200 201 1000 1046 1000 1000 0 2
0.166667 0.158639 0.011719 200 193 1000 988 1000 1000 0 2
0.166667 0.159719 0.011703 200 173 1000 992 1000 1000 0 2
0.166667 0.167607 0.011546 200 220 1000 1049 1000 1000 0 2
0.166667 0.179245 0.011983 200 213 1000 998 1000 1000 0 2
0.166667 0.179745 0.011953 200 233 1000 1024 1000 1000 0 2
0.166667 0.174968 0.012528 200 208 1000 925 1000 1000 0 2
0.166667 0.158157 0.011593 200 207 1000 998 1000 1000 0 2
0.166667 0.161750 0.011786 200 183 1000 992 1000 1000 0 2
0.166667 0.153922 0.011384 200 190 1000 1015 1000 1000 0 2
0.166667 0.176449 0.012417 200 183 1000 894 1000 1000 0 2
0.166667 0.172068 0.011480 200 218 1000 1054 1000 1000 0 2
0.166667 0.168156 0.011559 200 207 1000 1040 1000 1000 0 2
0.166667 0.175309 0.011835 200 212 1000 1021 1000 1000 0 2
0.166667 0.168286 0.011814 200 198 1000 986 1000 1000 0 2
0.166667 0.161366 0.011875 200 189 1000 989 1000 1000 0 2
0.166667 0.155182 0.011696 200 193 1000 1015 1000 1000 0 2
0.166667 0.151248 0.011534 200 195 1000 984 1000 1000 0 2
0.166667 0.188225 0.012181 200 234 1000 987 1000 1000 0 2
0.166667 0.171788 0.011834 200 213 1000 1023 1000 1000 0 2
0.166667 0.164514 0.011742 200 183 1000 986 1000 1000 0 2
0.166667 0.155294 0.011554 200 197 1000 998 1000 1000 0 2
0.166667 0.165978 0.011859 200 194 1000 985 1000 1000 0 2
0.166667 0.171248 0.012078 200 201 1000 973 1000 1000 0 2
0.166667 0.166419 0.011877 200 189 1000 982 1000 1000 0 2
0.166667 0.155530 0.011389 200 194 1000 1015 1000 1000 0 2
0.166667 0.169743 0.012131 200 212 1000 961 1000 1000 0 2
0.166667 0.172306 0.011969 200 204 1000 986 1000 1000 0 2
0.166667 0.161160 0.011271 200 211 1000 1048 1000 1000 0 2
0.166667 0.167684 0.012202 200 215 1000 973 1000 1000 0 2
0.166667 0.153970 0.011511 200 182 1000 1023 1000 1000 0 2
0.166667 0.183932 0.012231 200 209 1000 967 1000 1000 0 2
0.166667 0.156023 0.011569 200 194 1000 1008 1000 1000 0 2
0.166667 0.172038 0.011670 200 198 1000 1034 1000 1000 0 2
0.166667 0.169800 0.012121 200 205 1000 961 1000 1000 0 2
0.166667 0.163846 0.011954 200 196 1000 970 1000 1000 0 2
0.166667 0.178370 0.011865 200 217 1000 1001 1000 1000 0 2
0.166667 0.153988 0.011251 200 184 1000 1028 1000 1000 0 2
0.166667 0.166255 0.011716 200 209 1000 1013 1000 1000 0 2
0.166667 0.165339 0.011864 200 195 1000 1002 1000 1000 0 2
0.166667 0.148659 0.011746 200 191 1000 977 1000 1000 0 2
0.166667 0.156232 0.011523 200 195 1000 1003 1000 1000 0 2
0.166667 0.186959 0.012278 200 219 1000 972 1000 1000 0 2
0.166667 0.159655 0.011772 200 187 1000 1009 1000 1000 0 2
0.166667 0.157663 0.011526 200 191 1000 1008 1000 1000 0 2
0.166667 0.190672 0.012439 200 218 1000 955 1000 1000 0 2
0.166667 0.152331 0.011025 200 199 1000 1079 1000 1000 0 2
0.166667 0.161933 0.011778 200 205 1000 1017 1000 1000 0 2
0.166667 0.190089 0.012195 200 220 1000 955 1000 1000 0 2
0.166667 0.156433 0.011100 200 196 1000 1048 1000 1000 0 2
0.166667 0.166104 0.011942 200 180 1000 962 1000 1000 0 2
0.166667 0.147289 0.011245 200 186 1000 1038 1000 1000 0 2
0.166667 0.178864 0.012177 200 205 1000 990 1000 1000 0 2
0.166667 0.166336 0.011993 200 205 1000 984 1000 1000 0 2
0.166667 0.163699 0.011640 200 176 1000 1008 1000 1000 0 2
0.166667 0.143272 0.011421 200 192 1000 1004 1000 1000 0 2
0.166667 0.167496 0.011795 200 195 1000 991 1000 1000 0 2
0.166667 0.136235 0.011197 200 183 1000 999 1000 1000 0 2
0.166667 0.166427 0.011806 200 198 1000 988 1000 1000 0 2
0.166667 0.166209 0.011874 200 182 1000 961 1000 1000 0 2
0.166667 0.174235 0.012304 200 204 1000 965 1000 1000 0 2
0.166667 0.164964 0.011998 200 208 1000 1004 1000 1000 0 2
0.166667 0.156356 0.011972 200 187 1000 958 1000 1000 0 2
0.166667 0.156724 0.011784 200 194 1000 987 1000 1000 0 2
0.166667 0.187361 0.012631 200 215 1000 940 1000 1000 0 2
0.166667 0.167580 0.011770 200 209 1000 1011 1000 1000 0 2
0.166667 0.160389 0.011803 200 193 1000 1000 1000 1000 0 2
0.166667 0.170270 0.011642 200 207 1000 1009 1000 1000 0 2
0.166667 0.155516 0.011317 200 197 1000 1023 1000 1000 0 2
0.166667 0.162590 0.011744 200 194 1000 1003 1000 1000 0 2
0.166667 0.172633 0.012139 200 201 1000 1002 1000 1000 0 2
0.166667 0.161539 0.011828 200 187 1000 985 1000 1000 0 2
0.166667 0.150591 0.011424 200 196 1000 1012 1000 1000 0 2
0.166667 0.162331 0.011793 200 204 1000 1015 1000 1000 0 2
0.166667 0.164909 0.012241 200 189 1000 942 1000 1000 0 2
0.166667 0.170344 0.011713 200 203 1000 1027 1000 1000 0 2
0.166667 0.146198 0.011493 200 187 1000 1028 1000 1000 0 2
0.166667 0.164256 0.011895 200 196 1000 981 1000 1000 0 2
0.166667 0.163649 0.011504 200 196 1000 1048 1000 1000 0 2
0.166667 0.173359 0.011757 200 229 1000 1026 1000 1000 0 2
0.166667 0.179803 0.012131 200 228 1000 1003 1000 1000 0 2
0.166667 0.149019 0.011432 200 196 1000 1021 1000 1000 0 2
0.166667 0.181654 0.012088 200 192 1000 982 1000 1000 0 2
0.166667 0.164032 0.011707 200 207 1000 1018 1000 1000 0 2
0.166667 0.172569 0.012178 200 205 1000 968 1000 1000 0 2
0.166667 0.180974 0.012469 200 197 1000 925 1000 1000 0 2
0.166667 0.166051 0.011709 200 201 1000 998 1000 1000 0 2
0.166667 0.158256 0.011599 200 196 1000 1013 1000 1000 0 2
0.166667 0.163385 0.011710 200 203 1000 981 1000 1000 0 2
0.166667 0.160278 0.011695 200 191 1000 998 1000 1000 0 2
0.166667 0.178125 0.012022 200 224 1000 995 1000 1000 0 2
0.166667 0.173215 0.012098 200 212 1000 968 1000 1000 0 2
0.166667 0.173573 0.012086 200 213 1000 997 1000 1000 0 2
0.166667 0.149033 0.011121 200 186 1000 1042 1000 1000 0 2
0.166667 0.168301 0.011873 200 195 1000 988 1000 1000 0 2
0.166667 0.152943 0.011267 200 196 1000 1033 1000 1000 0 2
0.166667 0.171484 0.011913 200 197 1000 991 1000 1000 0 2
0.166667 0.172506 0.011523 200 223 1000 1031 1000 1000 0 2
0.166667 0.166706 0.011768 200 197 1000 994 1000 1000 0 2
0.166667 0.185273 0.011932 200 218 1000 1018 1000 1000 0 2
0.166667 0.185087 0.012187 200 210 1000 966 1000 1000 0 2
0.166667 0.157865 0.011547 200 186 1000 1023 1000 1000 0 2
0.166667 0.191725 0.012540 200 222 1000 942 1000 1000 0 2
0.166667 0.187411 0.012267 200 217 1000 965 1000 1000 0 2
0.166667 0.175984 0.011856 200 214 1000 995 1000 1000 0 2
0.166667 0.136406 0.010705 200 173 1000 1066 1000 1000 0 2
0.166667 0.155810 0.011070 200 189 1000 1062 1000 1000 0 2
0.166667 0.160686 0.012126 200 185 1000 952 1000 1000 0 2
0.166667 0.156452 0.011565 200 187 1000 1004 1000 1000 0 2
0.166667 0.171026 0.011870 200 189 1000 978 1000 1000 0 2
0.166667 0.152376 0.011622 200 185 1000 1004 1000 1000 0 2
0.166667 0.161838 0.011820 200 196 1000 987 1000 1000 0 2
0.166667 0.192262 0.012432 200 225 1000 978 1000 1000 0 2
0.166667 0.169841 0.011481 200 198 1000 1049 1000 1000 0 2
0.166667 0.164176 0.011964 200 197 1000 988 1000 1000 0 2
0.166667 0.180272 0.012277 200 220 1000 982 1000 1000 0 2
0.166667 0.148772 0.011779 200 172 1000 963 1000 1000 0 2
0.166667 0.171366 0.012084 200 206 1000 988 1000 1000 0 2
0.166667 0.170652 0.011842 200 205 1000 1015 1000 1000 0 2
0.166667 0.183052 0.012301 200 225 1000 975 1000 1000 0 2
0.166667 0.158751 0.011586 200 207 1000 1027 1000 1000 0 2
0.166667 0.162740 0.011705 200 209 1000 1025 1000 1000 0 2
0.166667 0.186746 0.012361 200 219 1000 978 1000 1000 0 2
0.166667 0.160135 0.011886 200 190 1000 971 1000 1000 0 2
0.166667 0.154730 0.011685 200 178 1000 988 1000 1000 0 2
0.166667 0.158568 0.011816 200 172 1000 966 1000 1000 0 2
0.166667 0.167567 0.011728 200 197 1000 1018 1000 1000 0 2
0.166667 0.160656 0.011918 200 198 1000 1013 1000 1000 0 2
0.166667 0.160295 0.011698 200 181 1000 979 1000 1000 0 2
0.166667 0.186116 0.012154 200 218 1000 972 1000 1000 0 2
0.166667 0.164313 0.011701 200 209 1000 1022 1000 1000 0 2
0.166667 0.158240 0.011419 200 198 1000 1027 1000 1000 0 2
0.166667 0.172220 0.011970 200 205 1000 972 1000 1000 0 2
0.166667 0.158069 0.011566 200 180 1000 985 1000 1000 0 2
0.166667 0.149103 0.011497 200 174 1000 991 1000 1000 0 2
0.166667 0.165473 0.011092 200 216 1000 1109 1000 1000 0 2
0.166667 0.165465 0.011724 200 222 1000 1044 1000 1000 0 2
0.166667 0.142533 0.011214 200 182 1000 1019 1000 1000 0 2
0.166667 0.164514 0.011554 200 199 1000 1012 1000 1000 0 2
0.166667 0.176990 0.012651 200 199 1000 921 1000 1000 0 2
0.166667 0.169372 0.011733 200 207 1000 1008 1000 1000 0 2
0.166667 0.172294 0.012286 200 197 1000 944 1000 1000 0 2
0.166667 0.162717 0.011651 200 193 1000 1007 1000 1000 0 2
0.166667 0.190145 0.012582 200 212 1000 937 1000 1000 0 2
0.166667 0.158280 0.011638 200 192 1000 1002 1000 1000 0 2
0.166667 0.146015 0.011711 200 188 1000 1009 1000 1000 0 2
0.166667 0.178259 0.012016 200 197 1000 1000 1000 1000 0 2
0.166667 0.170233 0.011714 200 215 1000 1048 1000 1000 0 2
0.166667 0.167234 0.011844 200 198 1000 987 1000 1000 0 2
0.166667 0.158903 0.011529 200 211 1000 1063 1000 1000 0 2
0.166667 0.143248 0.011250 200 187 1000 1021 1000 1000 0 2
0.166667 0.190096 0.012294 200 218 1000 971 1000 1000 0 2
0.166667 0.171707 0.012024 200 201 1000 985 1000 1000 0 2
0.166667 0.170466 0.012481 200 199 1000 940 1000 1000 0 2
0.166667 0.162771 0.011671 200 205 1000 1002 1000 1000 0 2
0.166667 0.167911 0.012088 200 212 1000 991 1000 1000 0 2
0.166667 0.170217 0.012206 200 214 1000 972 1000 1000 0 2
0.166667 0.152798 0.011726 200 189 1000 993 1000 1000 0 2
0.166667 0.179961 0.012119 200 209 1000 966 1000 1000 0 2
0.166667 0.152583 0.011333 200 189 1000 998 1000 1000 0 2
0.166667 0.156428 0.011439 200 190 1000 1026 1000 1000 0 2
0.166667 0.156876 0.011934 200 185 1000 956 1000 1000 0 2
0.166667 0.170262 0.011927 200 196 1000 968 1000 1000 0 2
0.166667 0.161716 0.011712 200 198 1000 1013 1000 1000 0 2
0.166667 0.168535 0.012347 200 199 1000 950 1000 1000 0 2
0.166667 0.175319 0.012040 200 209 1000 1022 1000 1000 0 2
0.166667 0.175726 0.011744 200 206 1000 1050 1000 1000 0 2
0.166667 0.180762 0.011902 200 232 1000 1034 1000 1000 0 2
0.166667 0.166371 0.011866 200 194 1000 971 1000 1000 0 2
0.166667 0.152534 0.011022 200 189 1000 1073 1000 1000 0 2
0.166667 0.156010 0.011883 200 191 1000 966 1000 1000 0 2
0.166667 0.169972 0.012045 200 219 1000 1012 1000 1000 0 2
0.166667 0.178322 0.012201 200 200 1000 964 1000 1000 0 2
0.166667 0.146784 0.011451 200 195 1000 1015 1000 1000 0 2
0.166667 0.170009 0.012009 200 197 1000 972 1000 1000 0 2
0.166667 0.174947 0.011676 200 197 1000 1021 1000 1000 0 2
0.166667 0.145099 0.011317 200 182 1000 1013 1000 1000 0 2
0.166667 0.170051 0.011719 200 205 1000 1008 1000 1000 0 2
0.166667 0.160887 0.012070 200 200 1000 983 1000 1000 0 2
0.166667 0.168230 0.011820 200 192 1000 973 1000 1000 0 2
0.166667 0.168546 0.012193 200 197 1000 979 1000 1000 0 2
0.166667 0.152373 0.011620 200 194 1000 1003 1000 1000 0 2
0.166667 0.183683 0.012302 200 212 1000 947 1000 1000 0 2
0.166667 0.163841 0.011747 200 192 1000 997 1000 1000 0 2
0.166667 0.159758 0.011485 200 193 1000 1025 1000 1000 0 2
0.166667 0.163340 0.011355 200 198 1000 1042 1000 1000 0 2
0.166667 0.162175 0.011893 200 198 1000 962 1000 1000 0 2
0.166667 0.143283 0.010963 200 183 1000 1050 1000 1000 0 2
0.166667 0.165555 0.011614 200 202 1000 1035 1000 1000 0 2
0.166667 0.169079 0.012507 200 197 1000 925 1000 1000 0 2
0.166667 0.178019 0.012032 200 204 1000 974 1000 1000 0 2
0.166667 0.171328 0.012279 200 183 1000 921 1000 1000 0 2
0.166667 0.170890 0.011761 200 207 1000 1040 1000 1000 0 2
0.166667 0.163611 0.011549 200 195 1000 1000 1000 1000 0 2
0.166667 0.157606 0.011641 200 195 1000 1023 1000 1000 0 2
0.166667 0.143939 0.011602 200 177 1000 977 1000 1000 0 2
0.166667 0.170019 0.011758 200 204 1000 988 1000 1000 0 2
0.166667 0.145292 0.011121 200 180 1000 1063 1000 1000 0 2
0.166667 0.177119 0.012167 200 218 1000 961 1000 1000 0 2
0.166667 0.187768 0.012178 200 217 1000 956 1000 1000 0 2
0.166667 0.156772 0.011544 200 210 1000 1022 1000 1000 0 2
0.166667 0.181958 0.012056 200 204 1000 955 1000 1000 0 2
0.166667 0.163493 0.012218 200 187 1000 935 1000 1000 0 2
0.166667 0.186653 0.012165 200 219 1000 1010 1000 1000 0 2
0.166667 0.142557 0.011313 200 180 1000 1026 1000 1000 0 2
0.166667 0.148677 0.011529 200 199 1000 1036 1000 1000 0 2
0.166667 0.156593 0.011629 200 183 1000 985 1000 1000 0 2
0.166667 0.175162 0.011985 200 183 1000 976 1000 1000 0 2
0.166667 0.186843 0.011995 200 218 1000 1004 1000 1000 0 2
0.166667 0.159797 0.011669 200 199 1000 1003 1000 1000 0 2
0.166667 0.169834 0.011984 200 210 1000 975 1000 1000 0 2
0.166667 0.176133 0.011981 200 209 1000 992 1000 1000 0 2
0.166667 0.198268 0.012191 200 242 1000 1015 1000 1000 0 2
0.166667 0.160328 0.011847 200 179 1000 967 1000 1000 0 2
0.166667 0.181367 0.011779 200 223 1000 1023 1000 1000 0 2
0.166667 0.159768 0.011147 200 189 1000 1071 1000 1000 0 2
0.166667 0.182780 0.012201 200 217 1000 983 1000 1000 0 2
0.166667 0.187919 0.012439 200 210 1000 971 1000 1000 0 2
0.166667 0.170411 0.011405 200 206 1000 1029 1000 1000 0 2
0.166667 0.152110 0.011757 200 186 1000 963 1000 1000 0 2
0.166667 0.157752 0.011516 200 199 1000 1027 1000 1000 0 2
0.166667 0.151695 0.011370 200 194 1000 1026 1000 1000 0 2
0.166667 0.163765 0.012129 200 186 1000 934 1000 1000 0 2
0.166667 0.173550 0.012093 200 205 1000 970 1000 1000 0 2
0.166667 0.153942 0.011556 200 197 1000 1038 1000 1000 0 2
0.166667 0.182282 0.012017 200 206 1000 991 1000 1000 0 2
0.166667 0.156675 0.011702 200 185 1000 972 1000 1000 0 2
0.166667 0.162411 0.011860 200 206 1000 982 1000 1000 0 2
0.166667 0.165018 0.011832 200 200 1000 988 1000 1000 0 2
0.166667 0.180491 0.012175 200 209 1000 981 1000 1000 0 2
0.166667 0.174207 0.011890 200 207 1000 973 1000 1000 0 2
0.166667 0.167944 0.011617 200 221 1000 1028 1000 1000 0 2
0.166667 0.153794 0.011449 200 197 1000 1026 1000 1000 0 2
0.166667 0.187823 0.011822 200 218 1000 1008 1000 1000 0 2
0.166667 0.148370 0.011140 200 177 1000 1017 1000 1000 0 2
0.166667 0.169972 0.011799 200 215 1000 1017 1000 1000 0 2
0.166667 0.152108 0.011439 200 187 1000 1000 1000 1000 0 2
0.166667 0.155231 0.011268 200 199 1000 1040 1000 1000 0 2
0.166667 0.160831 0.011859 200 196 1000 1022 1000 1000 0 2
0.166667 0.154186 0.011366 200 214 1000 1042 1000 1000 0 2
0.166667 0.182031 0.012062 200 221 1000 997 1000 1000 0 2
0.166667 0.167178 0.011595 200 219 1000 1036 1000 1000 0 2
0.166667 0.176151 0.012320 200 225 1000 997 1000 1000 0 2
0.166667 0.166390 0.011513 200 202 1000 1021 1000 1000 0 2
0.166667 0.144700 0.011355 200 180 1000 1016 1000 1000 0 2
0.166667 0.165201 0.011817 200 202 1000 994 1000 1000 0 2
0.166667 0.163181 0.011981 200 192 1000 965 1000 1000 0 2
0.166667 0.154927 0.011325 200 191 1000 1015 1000 1000 0 2
0.166667 0.182250 0.012227 200 204 1000 972 1000 1000 0 2
0.166667 0.163645 0.011736 200 202 1000 985 1000 1000 0 2
0.166667 0.186921 0.012029 200 210 1000 1007 1000 1000 0 2
0.166667 0.186049 0.012562 200 229 1000 951 1000 1000 0 2
0.166667 0.149483 0.011225 200 196 1000 1037 1000 1000 0 2
0.166667 0.147580 0.011063 200 180 1000 1052 1000 1000 0 2
0.166667 0.184055 0.012032 200 216 1000 992 1000 1000 0 2
0.166667 0.158427 0.011907 200 186 1000 1000 1000 1000 0 2
0.166667 0.184319 0.012004 200 208 1000 1017 1000 1000 0 2
0.166667 0.182046 0.011962 200 203 1000 993 1000 1000 0 2
0.166667 0.179384 0.012063 200 205 1000 997 1000 1000 0 2
0.166667 0.156131 0.011278 200 187 1000 1034 1000 1000 0 2
0.166667 0.147955 0.011391 200 189 1000 1002 1000 1000 0 2
0.166667 0.165467 0.011498 200 219 1000 1061 1000 1000 0 2
0.166667 0.170751 0.011998 200 205 1000 1016 1000 1000 0 2
0.166667 0.170126 0.011930 200 223 1000 998 1000 1000 0 2
0.166667 0.182417 0.012226 200 204 1000 984 1000 1000 0 2
0.166667 0.172984 0.011823 200 213 1000 1005 1000 1000 0 2
0.166667 0.153349 0.011192 200 181 1000 1032 1000 1000 0 2
0.166667 0.181452 0.012140 200 212 1000 968 1000 1000 0 2
0.166667 0.181527 0.011787 200 227 1000 1014 1000 1000 0 2
0.166667 0.166485 0.011921 200 210 1000 984 1000 1000 0 2
0.166667 0.173546 0.011640 200 209 1000 1017 1000 1000 0 2
0.166667 0.149793 0.011752 200 170 1000 959 1000 1000 0 2
0.166667 0.163148 0.011590 200 199 1000 1026 1000 1000 0 2
0.166667 0.188597 0.012137 200 224 1000 999 1000 1000 0 2
0.166667 0.159426 0.011795 200 207 1000 997 1000 1000 0 2
0.166667 0.180364 0.011922 200 223 1000 1014 1000 1000 0 2
0.166667 0.180791 0.011944 200 213 1000 971 1000 1000 0 2
0.166667 0.184562 0.012186 200 226 1000 971 1000 1000 0 2
0.166667 0.187477 0.011901 200 235 1000 1041 1000 1000 0 2
0.166667 0.142862 0.011444 200 176 1000 971 1000 1000 0 2
0.166667 0.167082 0.011772 200 207 1000 998 1000 1000 0 2
0.166667 0.157845 0.011661 200 206 1000 1007 1000 1000 0 2
0.166667 0.163023 0.012116 200 192 1000 957 1000 1000 0 2
0.166667 0.173715 0.011830 200 201 1000 995 1000 1000 0 2
0.166667 0.160374 0.011696 200 203 1000 1010 1000 1000 0 2
0.166667 0.168619 0.011959 200 198 1000 975 1000 1000 0 2
0.166667 0.170894 0.011962 200 206 1000 982 1000 1000 0 2
0.166667 0.189578 0.012325 200 210 1000 963 1000 1000 0 2
0.166667 0.147769 0.011396 200 184 1000 1030 1000 1000 0 2
0.166667 0.136948 0.011302 200 167 1000 1006 1000 1000 0 2
0.166667 0.182439 0.011943 200 211 1000 984 1000 1000 0 2
0.166667 0.162908 0.012058 200 195 1000 970 1000 1000 0 2
0.166667 0.188556 0.012199 200 218 1000 960 1000 1000 0 2
0.166667 0.159533 0.011509 200 209 1000 1036 1000 1000 0 2
0.166667 0.150974 0.011614 200 184 1000 958 1000 1000 0 2
0.166667 0.149834 0.011384 200 188 1000 1018 1000 1000 0 2
0.166667 0.163885 0.011666 200 196 1000 983 1000 1000 0 2
0.166667 0.179981 0.012404 200 200 1000 947 1000 1000 0 2
0.166667 0.188715 0.012272 200 217 1000 977 1000 1000 0 2
0.166667 0.159041 0.011399 200 207 1000 1064 1000 1000 0 2
0.166667 0.180129 0.012368 200 223 1000 980 1000 1000 0 2
0.166667 0.158997 0.011770 200 198 1000 986 1000 1000 0 2
0.166667 0.153894 0.011496 200 187 1000 1034 1000 1000 0 2
0.166667 0.186455 0.012142 200 219 1000 965 1000 1000 0 2
0.166667 0.155324 0.011696 200 186 1000 985 1000 1000 0 2
0.166667 0.154725 0.011519 200 191 1000 995 1000 1000 0 2
0.166667 0.163274 0.011690 200 208 1000 1027 1000 1000 0 2
0.166667 0.137982 0.011069 200 161 1000 984 1000 1000 0 2
0.166667 0.171959 0.012044 200 194 1000 968 1000 1000 0 2
0.166667 0.162861 0.011652 200 185 1000 983 1000 1000 0 2
0.166667 0.146220 0.011349 200 167 1000 1015 1000 1000 0 2
0.166667 0.155654 0.011340 200 185 1000 1021 1000 1000 0 2
