0.166667 0.113516 0.031386 20 14 100 107 2 1000 1000 0 3
0.166667 0.142484 0.035313 20 19 100 105 2 1000 1000 0 3
0.166667 0.171062 0.036183 20 22 100 104 2 1000 1000 0 3
0.166667 0.193778 0.037958 20 20 100 99 2 1000 1000 0 3
0.166667 0.195258 0.038918 20 23 100 94 2 1000 1000 0 3
0.166667 0.169722 0.037112 20 20 100 95 2 1000 1000 0 3
0.166667 0.119649 0.030151 20 14 100 123 2 1000 1000 0 3
0.166667 0.124825 0.030517 20 17 100 114 2 1000 1000 0 3
0.166667 0.142888 0.035184 20 17 100 95 2 1000 1000 0 3
0.166667 0.114400 0.033366 20 14 100 97 2 1000 1000 0 3
0.166667 0.215434 0.039292 20 25 100 95 2 1000 1000 0 3
0.166667 0.107602 0.031612 20 14 100 105 2 1000 1000 0 3
0.166667 0.182728 0.040019 20 21 100 89 2 1000 1000 0 3
0.166667 0.236756 0.035942 20 36 100 115 2 1000 1000 0 3
0.166667 0.143950 0.033974 20 19 100 106 2 1000 1000 0 3
0.166667 0.166145 0.037874 20 20 100 94 2 1000 1000 0 3
0.166667 0.127911 0.032525 20 16 100 107 2 1000 1000 0 3
0.166667 0.115171 0.029061 20 14 100 121 2 1000 1000 0 3
0.166667 0.165037 0.037581 20 19 100 92 2 1000 1000 0 3
0.166667 0.183868 0.036209 20 24 100 104 2 1000 1000 0 3
0.166667 0.095284 0.032039 20 15 100 98 2 1000 1000 0 3
0.166667 0.191702 0.037521 20 22 100 106 2 1000 1000 0 3
0.166667 0.118549 0.030843 20 17 100 119 2 1000 1000 0 3
0.166667 0.263411 0.046494 20 24 100 72 2 1000 1000 0 3
0.166667 0.163297 0.034524 20 25 100 109 2 1000 1000 0 3
0.166667 0.126439 0.033421 20 15 100 103 2 1000 1000 0 3
0.166667 0.134298 0.035957 20 14 100 86 2 1000 1000 0 3
0.166667 0.194485 0.037006 20 27 100 106 2 1000 1000 0 3
0.166667 0.143878 0.032876 20 22 100 115 2 1000 1000 0 3
0.166667 0.144262 0.033019 20 18 100 110 2 1000 1000 0 3
0.166667 0.167717 0.039315 20 18 100 88 2 1000 1000 0 3
0.166667 0.218395 0.039599 20 25 100 100 2 1000 1000 0 3
0.166667 0.157228 0.037730 20 14 100 93 2 1000 1000 0 3
0.166667 0.150925 0.038328 20 17 100 84 2 1000 1000 0 3
0.166667 0.178825 0.040566 20 17 100 81 2 1000 1000 0 3
0.166667 0.220759 0.037359 20 28 100 112 2 1000 1000 0 3
0.166667 0.149848 0.036341 20 17 100 94 2 1000 1000 0 3
0.166667 0.181254 0.040810 20 20 100 79 2 1000 1000 0 3
0.166667 0.093034 0.030035 20 12 100 99 2 1000 1000 0 3
0.166667 0.086141 0.030721 20 10 100 100 2 1000 1000 0 3
0.166667 0.156927 0.034440 20 22 100 107 2 1000 1000 0 3
0.166667 0.173258 0.038185 20 17 100 94 2 1000 1000 0 3
0.166667 0.204858 0.040734 20 23 100 87 2 1000 1000 0 3
0.166667 0.139064 0.032751 20 20 100 114 2 1000 1000 0 3
0.166667 0.187517 0.035950 20 25 100 108 2 1000 1000 0 3
0.166667 0.153890 0.034128 20 19 100 114 2 1000 1000 0 3
0.166667 0.168273 0.038931 20 16 100 90 2 1000 1000 0 3
0.166667 0.188518 0.039268 20 23 100 91 2 1000 1000 0 3
0.166667 0.201912 0.039560 20 22 100 94 2 1000 1000 0 3
0.166667 0.129796 0.033473 20 14 100 110 2 1000 1000 0 3
0.166667 0.111116 0.030409 20 17 100 109 2 1000 1000 0 3
0.166667 0.152105 0.036772 20 16 100 94 2 1000 1000 0 3
0.166667 0.181423 0.037579 20 21 100 93 2 1000 1000 0 3
0.166667 0.155524 0.036272 20 17 100 98 2 1000 1000 0 3
0.166667 0.140567 0.032416 20 18 100 112 2 1000 1000 0 3
0.166667 0.168638 0.034982 20 23 100 117 2 1000 1000 0 3
0.166667 0.182660 0.036795 20 22 100 104 2 1000 1000 0 3
0.166667 0.160422 0.035438 20 20 100 107 2 1000 1000 0 3
0.166667 0.125924 0.035216 20 15 100 94 2 1000 1000 0 3
0.166667 0.176794 0.036364 20 21 100 102 2 1000 1000 0 3
0.166667 0.179810 0.037618 20 19 100 95 2 1000 1000 0 3
0.166667 0.141149 0.032012 20 20 100 115 2 1000 1000 0 3
0.166667 0.197298 0.037090 20 25 100 104 2 1000 1000 0 3
0.166667 0.179210 0.037182 20 21 100 104 2 1000 1000 0 3
0.166667 0.098231 0.032757 20 10 100 88 2 1000 1000 0 3
0.166667 0.209556 0.041504 20 22 100 84 2 1000 1000 0 3
0.166667 0.130158 0.033932 20 14 100 97 2 1000 1000 0 3
0.166667 0.109279 0.030803 20 15 100 112 2 1000 1000 0 3
0.166667 0.106249 0.029487 20 13 100 113 2 1000 1000 0 3
0.166667 0.150874 0.036443 20 19 100 94 2 1000 1000 0 3
0.166667 0.158333 0.033332 20 20 100 121 2 1000 1000 0 3
0.166667 0.198511 0.041937 20 23 100 82 2 1000 1000 0 3
0.166667 0.209215 0.038908 20 25 100 99 2 1000 1000 0 3
0.166667 0.134236 0.033707 20 14 100 106 2 1000 1000 0 3
0.166667 0.179943 0.038031 20 19 100 96 2 1000 1000 0 3
0.166667 0.147837 0.039295 20 18 100 83 2 1000 1000 0 3
0.166667 0.107720 0.033350 20 11 100 93 2 1000 1000 0 3
0.166667 0.177547 0.036945 20 22 100 100 2 1000 1000 0 3
0.166667 0.089725 0.032242 20 11 100 93 2 1000 1000 0 3
0.166667 0.104239 0.030678 20 13 100 99 2 1000 1000 0 3
0.166667 0.195850 0.037794 20 23 100 99 2 1000 1000 0 3
0.166667 0.197294 0.039545 20 21 100 96 2 1000 1000 0 3
0.166667 0.238880 0.041709 20 24 100 91 2 1000 1000 0 3
0.166667 0.180894 0.039203 20 17 100 95 2 1000 1000 0 3
0.166667 0.158306 0.036700 20 17 100 94 2 1000 1000 0 3
0.166667 0.244173 0.042181 20 25 100 95 2 1000 1000 0 3
0.166667 0.202737 0.037150 20 25 100 105 2 1000 1000 0 3
0.166667 0.164875 0.034206 20 23 100 107 2 1000 1000 0 3
0.166667 0.151849 0.033645 20 19 100 111 2 1000 1000 0 3
0.166667 0.161803 0.033079 20 23 100 120 2 1000 1000 0 3
0.166667 0.155971 0.039967 20 13 100 81 2 1000 1000 0 3
0.166667 0.179237 0.033869 20 24 100 120 2 1000 1000 0 3
0.166667 0.122632 0.032868 20 13 100 108 2 1000 1000 0 3
0.166667 0.074919 0.031367 20 8 100 81 2 1000 1000 0 3
0.166667 0.196639 0.037114 20 23 100 102 2 1000 1000 0 3
0.166667 0.196297 0.038141 20 23 100 98 2 1000 1000 0 3
0.166667 0.126225 0.037046 20 11 100 91 2 1000 1000 0 3
0.166667 0.145926 0.032590 20 19 100 118 2 1000 1000 0 3
0.166667 0.212201 0.039303 20 22 100 99 2 1000 1000 0 3
0.166667 0.181456 0.037677 20 19 100 100 2 1000 1000 0 3
0.166667 0.241866 0.041353 20 26 100 92 2 1000 1000 0 3
0.166667 0.145522 0.032583 20 19 100 114 2 1000 1000 0 3
0.166667 0.126929 0.034143 20 15 100 99 2 1000 1000 0 3
0.166667 0.157350 0.037954 20 17 100 92 2 1000 1000 0 3
0.166667 0.161837 0.033111 20 21 100 117 2 1000 1000 0 3
0.166667 0.223504 0.041438 20 25 100 86 2 1000 1000 0 3
0.166667 0.140473 0.034617 20 17 100 102 2 1000 1000 0 3
0.166667 0.168023 0.036025 20 21 100 98 2 1000 1000 0 3
0.166667 0.104045 0.028562 20 11 100 125 2 1000 1000 0 3
0.166667 0.172933 0.037327 20 20 100 103 2 1000 1000 0 3
0.166667 0.205909 0.038385 20 24 100 97 2 1000 1000 0 3
0.166667 0.110639 0.032057 20 15 100 100 2 1000 1000 0 3
0.166667 0.192267 0.038279 20 20 100 103 2 1000 1000 0 3
0.166667 0.231773 0.041486 20 25 100 94 2 1000 1000 0 3
0.166667 0.210159 0.039513 20 25 100 96 2 1000 1000 0 3
0.166667 0.249358 0.042424 20 27 100 88 2 1000 1000 0 3
0.166667 0.152565 0.034522 20 20 100 103 2 1000 1000 0 3
0.166667 0.230363 0.039482 20 29 100 103 2 1000 1000 0 3
0.166667 0.213096 0.037835 20 27 100 104 2 1000 1000 0 3
0.166667 0.177642 0.040098 20 19 100 86 2 1000 1000 0 3
0.166667 0.105286 0.031307 20 15 100 107 2 1000 1000 0 3
0.166667 0.151092 0.033776 20 21 100 105 2 1000 1000 0 3
0.166667 0.105710 0.033544 20 11 100 92 2 1000 1000 0 3
0.166667 0.210768 0.038484 20 24 100 100 2 1000 1000 0 3
0.166667 0.225543 0.039301 20 28 100 98 2 1000 1000 0 3
0.166667 0.082812 0.028169 20 12 100 115 2 1000 1000 0 3
0.166667 0.171887 0.036329 20 22 100 102 2 1000 1000 0 3
0.166667 0.181884 0.037518 20 24 100 96 2 1000 1000 0 3
0.166667 0.191073 0.035575 20 23 100 115 2 1000 1000 0 3
0.166667 0.158167 0.033836 20 19 100 111 2 1000 1000 0 3
0.166667 0.193707 0.040169 20 22 100 86 2 1000 1000 0 3
0.166667 0.207226 0.038942 20 27 100 94 2 1000 1000 0 3
0.166667 0.165791 0.037409 20 20 100 92 2 1000 1000 0 3
0.166667 0.161399 0.035597 20 16 100 108 2 1000 1000 0 3
0.166667 0.152871 0.033295 20 23 100 113 2 1000 1000 0 3
0.166667 0.172075 0.035945 20 21 100 103 2 1000 1000 0 3
0.166667 0.158051 0.035393 20 18 100 102 2 1000 1000 0 3
0.166667 0.159142 0.035115 20 21 100 104 2 1000 1000 0 3
0.166667 0.107855 0.030487 20 13 100 109 2 1000 1000 0 3
0.166667 0.107556 0.031706 20 11 100 97 2 1000 1000 0 3
0.166667 0.208509 0.041627 20 22 100 85 2 1000 1000 0 3
0.166667 0.204189 0.039941 20 24 100 89 2 1000 1000 0 3
0.166667 0.233847 0.038692 20 30 100 104 2 1000 1000 0 3
0.166667 0.138658 0.032323 20 19 100 112 2 1000 1000 0 3
0.166667 0.147930 0.035089 20 19 100 96 2 1000 1000 0 3
0.166667 0.189828 0.036646 20 25 100 101 2 1000 1000 0 3
0.166667 0.170940 0.040316 20 18 100 86 2 1000 1000 0 3
0.166667 0.113074 0.030351 20 14 100 113 2 1000 1000 0 3
0.166667 0.139821 0.036835 20 13 100 87 2 1000 1000 0 3
0.166667 0.137340 0.034649 20 15 100 93 2 1000 1000 0 3
0.166667 0.179130 0.036603 20 24 100 100 2 1000 1000 0 3
0.166667 0.170005 0.036247 20 21 100 99 2 1000 1000 0 3
0.166667 0.179565 0.038363 20 21 100 90 2 1000 1000 0 3
0.166667 0.194692 0.039840 20 21 100 93 2 1000 1000 0 3
0.166667 0.185970 0.035975 20 25 100 104 2 1000 1000 0 3
0.166667 0.191761 0.038295 20 24 100 99 2 1000 1000 0 3
0.166667 0.113466 0.034899 20 12 100 83 2 1000 1000 0 3
0.166667 0.214788 0.042702 20 18 100 83 2 1000 1000 0 3
0.166667 0.174424 0.038770 20 22 100 86 2 1000 1000 0 3
0.166667 0.147607 0.034146 20 20 100 103 2 1000 1000 0 3
0.166667 0.179346 0.035495 20 21 100 110 2 1000 1000 0 3
0.166667 0.112311 0.031130 20 17 100 104 2 1000 1000 0 3
0.166667 0.158999 0.033552 20 22 100 110 2 1000 1000 0 3
0.166667 0.194087 0.035266 20 24 100 115 2 1000 1000 0 3
0.166667 0.110436 0.031001 20 14 100 113 2 1000 1000 0 3
0.166667 0.150731 0.033919 20 19 100 112 2 1000 1000 0 3
0.166667 0.210116 0.041005 20 24 100 94 2 1000 1000 0 3
0.166667 0.185857 0.034655 20 22 100 120 2 1000 1000 0 3
0.166667 0.153795 0.037624 20 16 100 93 2 1000 1000 0 3
0.166667 0.183733 0.036854 20 23 100 100 2 1000 1000 0 3
0.166667 0.140322 0.034434 20 15 100 102 2 1000 1000 0 3
0.166667 0.133162 0.033272 20 17 100 103 2 1000 1000 0 3
0.166667 0.134706 0.036411 20 14 100 96 2 1000 1000 0 3
0.166667 0.159837 0.035050 20 20 100 110 2 1000 1000 0 3
0.166667 0.145429 0.033565 20 21 100 108 2 1000 1000 0 3
0.166667 0.198441 0.038831 20 23 100 97 2 1000 1000 0 3
0.166667 0.105936 0.031497 20 12 100 99 2 1000 1000 0 3
0.166667 0.133125 0.033327 20 20 100 107 2 1000 1000 0 3
0.166667 0.244898 0.046430 20 20 100 76 2 1000 1000 0 3
0.166667 0.171695 0.038060 20 18 100 92 2 1000 1000 0 3
0.166667 0.191161 0.037157 20 25 100 100 2 1000 1000 0 3
0.166667 0.206420 0.038896 20 26 100 99 2 1000 1000 0 3
0.166667 0.210159 0.040091 20 22 100 91 2 1000 1000 0 3
0.166667 0.142563 0.034372 20 18 100 103 2 1000 1000 0 3
0.166667 0.199514 0.039200 20 22 100 94 2 1000 1000 0 3
0.166667 0.283991 0.042011 20 35 100 97 2 1000 1000 0 3
0.166667 0.187396 0.039777 20 19 100 89 2 1000 1000 0 3
0.166667 0.150617 0.036930 20 18 100 93 2 1000 1000 0 3
0.166667 0.155840 0.034827 20 18 100 106 2 1000 1000 0 3
0.166667 0.120812 0.033749 20 15 100 97 2 1000 1000 0 3
0.166667 0.156284 0.035453 20 22 100 101 2 1000 1000 0 3
0.166667 0.101511 0.032087 20 13 100 98 2 1000 1000 0 3
0.166667 0.173563 0.035706 20 24 100 106 2 1000 1000 0 3
0.166667 0.135812 0.035472 20 17 100 96 2 1000 1000 0 3
0.166667 0.178282 0.033553 20 25 100 119 2 1000 1000 0 3
0.166667 0.190218 0.037504 20 24 100 104 2 1000 1000 0 3
0.166667 0.161970 0.035328 20 23 100 102 2 1000 1000 0 3
0.166667 0.119325 0.032528 20 14 100 107 2 1000 1000 0 3
0.166667 0.127268 0.034138 20 15 100 100 2 1000 1000 0 3
0.166667 0.174394 0.036780 20 19 100 104 2 1000 1000 0 3
0.166667 0.170495 0.037299 20 15 100 99 2 1000 1000 0 3
0.166667 0.158865 0.036803 20 18 100 94 2 1000 1000 0 3
0.166667 0.163478 0.036791 20 19 100 96 2 1000 1000 0 3
0.166667 0.160077 0.035953 20 19 100 96 2 1000 1000 0 3
0.166667 0.206595 0.038793 20 26 100 93 2 1000 1000 0 3
0.166667 0.199720 0.039529 20 20 100 89 2 1000 1000 0 3
0.166667 0.162423 0.033402 20 22 100 113 2 1000 1000 0 3
0.166667 0.124639 0.033997 20 16 100 96 2 1000 1000 0 3
0.166667 0.174614 0.036045 20 21 100 109 2 1000 1000 0 3
0.166667 0.134643 0.034676 20 16 100 101 2 1000 1000 0 3
0.166667 0.134043 0.033063 20 20 100 110 2 1000 1000 0 3
0.166667 0.173754 0.036440 20 21 100 99 2 1000 1000 0 3
0.166667 0.189750 0.037627 20 22 100 98 2 1000 1000 0 3
0.166667 0.229821 0.039917 20 27 100 97 2 1000 1000 0 3
0.166667 0.241719 0.041595 20 25 100 93 2 1000 1000 0 3
0.166667 0.135549 0.032437 20 17 100 114 2 1000 1000 0 3
0.166667 0.187931 0.038604 20 23 100 90 2 1000 1000 0 3
0.166667 0.208387 0.037973 20 25 100 106 2 1000 1000 0 3
0.166667 0.145945 0.036397 20 18 100 94 2 1000 1000 0 3
0.166667 0.160205 0.036589 20 19 100 98 2 1000 1000 0 3
0.166667 0.119090 0.031491 20 17 100 108 2 1000 1000 0 3
0.166667 0.161149 0.036208 20 18 100 105 2 1000 1000 0 3
0.166667 0.173475 0.037917 20 19 100 96 2 1000 1000 0 3
0.166667 0.210317 0.041754 20 22 100 85 2 1000 1000 0 3
0.166667 0.176135 0.040624 20 16 100 87 2 1000 1000 0 3
0.166667 0.149181 0.033760 20 19 100 112 2 1000 1000 0 3
0.166667 0.142086 0.035329 20 17 100 92 2 1000 1000 0 3
0.166667 0.168045 0.035043 20 21 100 107 2 1000 1000 0 3
0.166667 0.249350 0.042522 20 27 100 88 2 1000 1000 0 3
0.166667 0.218888 0.039132 20 25 100 102 2 1000 1000 0 3
0.166667 0.204390 0.038592 20 24 100 100 2 1000 1000 0 3
0.166667 0.192591 0.039850 20 22 100 90 2 1000 1000 0 3
0.166667 0.181101 0.038006 20 21 100 93 2 1000 1000 0 3
0.166667 0.194393 0.037475 20 23 100 102 2 1000 1000 0 3
0.166667 0.193789 0.037416 20 21 100 101 2 1000 1000 0 3
0.166667 0.153822 0.036573 20 17 100 93 2 1000 1000 0 3
0.166667 0.196195 0.039802 20 19 100 92 2 1000 1000 0 3
0.166667 0.179189 0.039353 20 20 100 91 2 1000 1000 0 3
0.166667 0.137200 0.034803 20 18 100 101 2 1000 1000 0 3
0.166667 0.143864 0.036609 20 15 100 92 2 1000 1000 0 3
0.166667 0.134216 0.031949 20 20 100 111 2 1000 1000 0 3
0.166667 0.106455 0.030238 20 13 100 111 2 1000 1000 0 3
0.166667 0.120063 0.034827 20 15 100 95 2 1000 1000 0 3
0.166667 0.175886 0.037865 20 19 100 100 2 1000 1000 0 3
0.166667 0.108593 0.029798 20 16 100 113 2 1000 1000 0 3
0.166667 0.124660 0.031973 20 14 100 110 2 1000 1000 0 3
0.166667 0.144684 0.035751 20 17 100 93 2 1000 1000 0 3
0.166667 0.168537 0.035622 20 19 100 102 2 1000 1000 0 3
0.166667 0.209499 0.040016 20 27 100 89 2 1000 1000 0 3
0.166667 0.225041 0.040787 20 25 100 92 2 1000 1000 0 3
0.166667 0.163296 0.034718 20 22 100 109 2 1000 1000 0 3
0.166667 0.176533 0.039750 20 19 100 86 2 1000 1000 0 3
0.166667 0.118837 0.031623 20 17 100 110 2 1000 1000 0 3
0.166667 0.181817 0.036807 20 24 100 102 2 1000 1000 0 3
0.166667 0.231297 0.040435 20 28 100 93 2 1000 1000 0 3
0.166667 0.115736 0.030277 20 14 100 119 2 1000 1000 0 3
0.166667 0.110467 0.033293 20 15 100 98 2 1000 1000 0 3
0.166667 0.115194 0.030515 20 13 100 115 2 1000 1000 0 3
0.166667 0.154116 0.036111 20 17 100 95 2 1000 1000 0 3
0.166667 0.219170 0.037656 20 26 100 110 2 1000 1000 0 3
0.166667 0.159028 0.036409 20 19 100 94 2 1000 1000 0 3
0.166667 0.197408 0.036952 20 27 100 102 2 1000 1000 0 3
0.166667 0.175959 0.035335 20 22 100 107 2 1000 1000 0 3
0.166667 0.180642 0.034555 20 23 100 123 2 1000 1000 0 3
0.166667 0.192738 0.040911 20 21 100 87 2 1000 1000 0 3
0.166667 0.091220 0.027825 20 16 100 119 2 1000 1000 0 3
0.166667 0.190045 0.040061 20 19 100 91 2 1000 1000 0 3
0.166667 0.194896 0.040266 20 21 100 87 2 1000 1000 0 3
0.166667 0.155622 0.036603 20 18 100 94 2 1000 1000 0 3
0.166667 0.159804 0.037218 20 19 100 90 2 1000 1000 0 3
0.166667 0.219439 0.044431 20 22 100 75 2 1000 1000 0 3
0.166667 0.177950 0.039404 20 19 100 88 2 1000 1000 0 3
0.166667 0.156870 0.036249 20 19 100 101 2 1000 1000 0 3
0.166667 0.149796 0.035102 20 18 100 98 2 1000 1000 0 3
0.166667 0.162913 0.033494 20 22 100 109 2 1000 1000 0 3
0.166667 0.207997 0.042855 20 21 100 79 2 1000 1000 0 3
0.166667 0.216951 0.041876 20 24 100 86 2 1000 1000 0 3
0.166667 0.218383 0.040467 20 22 100 92 2 1000 1000 0 3
0.166667 0.108168 0.029010 20 15 100 124 2 1000 1000 0 3
0.166667 0.131481 0.032883 20 16 100 106 2 1000 1000 0 3
0.166667 0.130852 0.032754 20 17 100 102 2 1000 1000 0 3
0.166667 0.144015 0.034931 20 17 100 103 2 1000 1000 0 3
0.166667 0.181450 0.043907 20 17 100 72 2 1000 1000 0 3
0.166667 0.138630 0.034574 20 15 100 104 2 1000 1000 0 3
0.166667 0.173846 0.036809 20 23 100 103 2 1000 1000 0 3
0.166667 0.199364 0.037645 20 23 100 99 2 1000 1000 0 3
0.166667 0.197670 0.035343 20 29 100 109 2 1000 1000 0 3
0.166667 0.189238 0.040038 20 20 100 94 2 1000 1000 0 3
0.166667 0.170475 0.036242 20 24 100 103 2 1000 1000 0 3
0.166667 0.178539 0.037947 20 19 100 97 2 1000 1000 0 3
0.166667 0.138418 0.033488 20 18 100 104 2 1000 1000 0 3
0.166667 0.182579 0.038645 20 22 100 92 2 1000 1000 0 3
0.166667 0.130370 0.033508 20 15 100 103 2 1000 1000 0 3
0.166667 0.122204 0.032241 20 15 100 112 2 1000 1000 0 3
0.166667 0.240793 0.042893 20 22 100 87 2 1000 1000 0 3
0.166667 0.171899 0.036598 20 22 100 99 2 1000 1000 0 3
0.166667 0.211440 0.042075 20 22 100 87 2 1000 1000 0 3
0.166667 0.146431 0.033794 20 17 100 107 2 1000 1000 0 3
0.166667 0.144998 0.036724 20 16 100 91 2 1000 1000 0 3
0.166667 0.241590 0.044412 20 25 100 76 2 1000 1000 0 3
0.166667 0.092235 0.029561 20 13 100 104 2 1000 1000 0 3
0.166667 0.096698 0.030288 20 12 100 100 2 1000 1000 0 3
0.166667 0.186992 0.036235 20 23 100 103 2 1000 1000 0 3
0.166667 0.177557 0.041516 20 20 100 82 2 1000 1000 0 3
0.166667 0.176480 0.036770 20 19 100 102 2 1000 1000 0 3
0.166667 0.139320 0.031308 20 20 100 121 2 1000 1000 0 3
0.166667 0.144001 0.035714 20 16 100 99 2 1000 1000 0 3
0.166667 0.225088 0.043134 20 23 100 80 2 1000 1000 0 3
0.166667 0.217800 0.039287 20 27 100 97 2 1000 1000 0 3
0.166667 0.196887 0.039491 20 22 100 92 2 1000 1000 0 3
0.166667 0.227289 0.041094 20 28 100 92 2 1000 1000 0 3
0.166667 0.109010 0.031949 20 16 100 103 2 1000 1000 0 3
0.166667 0.151023 0.035483 20 17 100 102 2 1000 1000 0 3
0.166667 0.123677 0.031036 20 18 100 116 2 1000 1000 0 3
0.166667 0.094878 0.031938 20 9 100 95 2 1000 1000 0 3
0.166667 0.201807 0.039980 20 20 100 95 2 1000 1000 0 3
0.166667 0.143467 0.036853 20 16 100 91 2 1000 1000 0 3
0.166667 0.208076 0.040103 20 23 100 88 2 1000 1000 0 3
0.166667 0.144008 0.033127 20 20 100 110 2 1000 1000 0 3
0.166667 0.187436 0.035127 20 27 100 110 2 1000 1000 0 3
0.166667 0.165286 0.037383 20 18 100 92 2 1000 1000 0 3
0.166667 0.168611 0.035118 20 21 100 104 2 1000 1000 0 3
0.166667 0.081007 0.027584 20 12 100 114 2 1000 1000 0 3
0.166667 0.160704 0.036970 20 20 100 93 2 1000 1000 0 3
0.166667 0.172454 0.038433 20 18 100 92 2 1000 1000 0 3
0.166667 0.159335 0.034706 20 22 100 117 2 1000 1000 0 3
0.166667 0.135018 0.034461 20 18 100 97 2 1000 1000 0 3
0.166667 0.164273 0.038702 20 18 100 87 2 1000 1000 0 3
0.166667 0.168661 0.036722 20 17 100 104 2 1000 1000 0 3
0.166667 0.177486 0.038431 20 20 100 89 2 1000 1000 0 3
0.166667 0.144964 0.033616 20 19 100 113 2 1000 1000 0 3
0.166667 0.152054 0.036397 20 18 100 97 2 1000 1000 0 3
0.166667 0.162806 0.035791 20 19 100 105 2 1000 1000 0 3
0.166667 0.211061 0.042191 20 23 100 81 2 1000 1000 0 3
0.166667 0.124578 0.030680 20 18 100 119 2 1000 1000 0 3
0.166667 0.153008 0.035557 20 20 100 100 2 1000 1000 0 3
0.166667 0.192328 0.038685 20 24 100 93 2 1000 1000 0 3
0.166667 0.156092 0.035879 20 16 100 101 2 1000 1000 0 3
0.166667 0.159869 0.035205 20 22 100 101 2 1000 1000 0 3
0.166667 0.165285 0.039159 20 18 100 86 2 1000 1000 0 3
0.166667 0.201285 0.038892 20 24 100 96 2 1000 1000 0 3
0.166667 0.103157 0.031231 20 14 100 102 2 1000 1000 0 3
0.166667 0.168359 0.034416 20 26 100 115 2 1000 1000 0 3
0.166667 0.133984 0.032460 20 18 100 112 2 1000 1000 0 3
0.166667 0.210654 0.038286 20 26 100 102 2 1000 1000 0 3
0.166667 0.180382 0.038545 20 20 100 93 2 1000 1000 0 3
0.166667 0.131720 0.033596 20 14 100 109 2 1000 1000 0 3
0.166667 0.139041 0.036287 20 14 100 94 2 1000 1000 0 3
0.166667 0.220017 0.041030 20 26 100 86 2 1000 1000 0 3
0.166667 0.181056 0.035469 20 23 100 108 2 1000 1000 0 3
0.166667 0.166601 0.035931 20 20 100 102 2 1000 1000 0 3
0.166667 0.175224 0.036702 20 19 100 101 2 1000 1000 0 3
0.166667 0.154149 0.033220 20 19 100 117 2 1000 1000 0 3
0.166667 0.157465 0.037552 20 18 100 88 2 1000 1000 0 3
0.166667 0.162486 0.035132 20 21 100 103 2 1000 1000 0 3
0.166667 0.144505 0.035807 20 17 100 102 2 1000 1000 0 3
0.166667 0.132037 0.033095 20 17 100 106 2 1000 1000 0 3
0.166667 0.177747 0.038535 20 21 100 96 2 1000 1000 0 3
0.166667 0.175989 0.035177 20 19 100 109 2 1000 1000 0 3
0.166667 0.114212 0.030577 20 14 100 112 2 1000 1000 0 3
0.166667 0.239815 0.042508 20 28 100 84 2 1000 1000 0 3
0.166667 0.163489 0.033682 20 24 100 117 2 1000 1000 0 3
0.166667 0.217657 0.041155 20 24 100 91 2 1000 1000 0 3
0.166667 0.213981 0.041314 20 26 100 88 2 1000 1000 0 3
0.166667 0.149577 0.032007 20 20 100 119 2 1000 1000 0 3
0.166667 0.206530 0.040839 20 25 100 88 2 1000 1000 0 3
0.166667 0.158036 0.034394 20 21 100 113 2 1000 1000 0 3
0.166667 0.219552 0.043736 20 22 100 77 2 1000 1000 0 3
0.166667 0.194066 0.036898 20 23 100 105 2 1000 1000 0 3
0.166667 0.098167 0.029298 20 12 100 111 2 1000 1000 0 3
0.166667 0.240340 0.044930 20 23 100 81 2 1000 1000 0 3
0.166667 0.147604 0.033743 20 20 100 112 2 1000 1000 0 3
0.166667 0.132661 0.033437 20 17 100 105 2 1000 1000 0 3
0.166667 0.156251 0.033212 20 21 100 118 2 1000 1000 0 3
0.166667 0.260006 0.042926 20 30 100 84 2 1000 1000 0 3
0.166667 0.189577 0.038825 20 20 100 97 2 1000 1000 0 3
0.166667 0.152377 0.036330 20 20 100 97 2 1000 1000 0 3
0.166667 0.177936 0.036763 20 22 100 108 2 1000 1000 0 3
0.166667 0.168145 0.036711 20 18 100 96 2 1000 1000 0 3
0.166667 0.167401 0.037416 20 21 100 94 2 1000 1000 0 3
0.166667 0.168422 0.036633 20 19 100 99 2 1000 1000 0 3
0.166667 0.158983 0.033996 20 23 100 115 2 1000 1000 0 3
0.166667 0.183632 0.036922 20 24 100 102 2 1000 1000 0 3
0.166667 0.188896 0.036894 20 23 100 106 2 1000 1000 0 3
0.166667 0.149404 0.034271 20 19 100 102 2 1000 1000 0 3
0.166667 0.150859 0.036390 20 18 100 93 2 1000 1000 0 3
0.166667 0.159184 0.034829 20 18 100 108 2 1000 1000 0 3
0.166667 0.134590 0.034719 20 16 100 103 2 1000 1000 0 3
0.166667 0.197608 0.035833 20 27 100 114 2 1000 1000 0 3
0.166667 0.161642 0.034028 20 22 100 107 2 1000 1000 0 3
0.166667 0.149968 0.036320 20 19 100 93 2 1000 1000 0 3
0.166667 0.079348 0.028846 20 11 100 100 2 1000 1000 0 3
0.166667 0.175051 0.035931 20 22 100 106 2 1000 1000 0 3
0.166667 0.152920 0.038119 20 15 100 82 2 1000 1000 0 3
0.166667 0.115035 0.032394 20 13 100 105 2 1000 1000 0 3
0.166667 0.263333 0.047229 20 26 100 74 2 1000 1000 0 3
0.166667 0.176170 0.034060 20 27 100 114 2 1000 1000 0 3
0.166667 0.182373 0.036343 20 21 100 104 2 1000 1000 0 3
0.166667 0.139387 0.034883 20 18 100 97 2 1000 1000 0 3
0.166667 0.197143 0.040650 20 19 100 87 2 1000 1000 0 3
0.166667 0.162659 0.038604 20 16 100 91 2 1000 1000 0 3
0.166667 0.210326 0.037591 20 25 100 101 2 1000 1000 0 3
0.166667 0.129991 0.030761 20 20 100 124 2 1000 1000 0 3
0.166667 0.179601 0.035907 20 26 100 106 2 1000 1000 0 3
0.166667 0.248803 0.041626 20 30 100 87 2 1000 1000 0 3
0.166667 0.165416 0.037495 20 16 100 93 2 1000 1000 0 3
0.166667 0.099607 0.031329 20 11 100 104 2 1000 1000 0 3
0.166667 0.184936 0.036671 20 23 100 103 2 1000 1000 0 3
0.166667 0.144134 0.035848 20 16 100 95 2 1000 1000 0 3
0.166667 0.133936 0.033305 20 15 100 107 2 1000 1000 0 3
0.166667 0.097814 0.029805 20 13 100 107 2 1000 1000 0 3
0.166667 0.159880 0.037008 20 19 100 97 2 1000 1000 0 3
0.166667 0.120772 0.034143 20 15 100 91 2 1000 1000 0 3
0.166667 0.163414 0.034727 20 21 100 108 2 1000 1000 0 3
0.166667 0.193385 0.037791 20 22 100 107 2 1000 1000 0 3
0.166667 0.199521 0.039581 20 23 100 90 2 1000 1000 0 3
0.166667 0.183099 0.037130 20 20 100 103 2 1000 1000 0 3
0.166667 0.116234 0.032140 20 19 100 108 2 1000 1000 0 3
0.166667 0.143134 0.034731 20 18 100 99 2 1000 1000 0 3
0.166667 0.170350 0.038303 20 22 100 92 2 1000 1000 0 3
0.166667 0.167370 0.037722 20 18 100 90 2 1000 1000 0 3
0.166667 0.140370 0.034484 20 17 100 101 2 1000 1000 0 3
0.166667 0.163273 0.037554 20 16 100 96 2 1000 1000 0 3
0.166667 0.186530 0.037541 20 22 100 101 2 1000 1000 0 3
0.166667 0.178363 0.040252 20 19 100 83 2 1000 1000 0 3
0.166667 0.197039 0.039760 20 21 100 94 2 1000 1000 0 3
0.166667 0.125420 0.034795 20 14 100 97 2 1000 1000 0 3
0.166667 0.179845 0.036800 20 23 100 98 2 1000 1000 0 3
0.166667 0.197376 0.036954 20 24 100 111 2 1000 1000 0 3
0.166667 0.119930 0.033924 20 15 100 100 2 1000 1000 0 3
0.166667 0.231503 0.040958 20 27 100 94 2 1000 1000 0 3
0.166667 0.183985 0.037884 20 21 100 101 2 1000 1000 0 3
0.166667 0.178255 0.037938 20 21 100 95 2 1000 1000 0 3
0.166667 0.119405 0.035762 20 11 100 92 2 1000 1000 0 3
0.166667 0.185425 0.039551 20 20 100 86 2 1000 1000 0 3
0.166667 0.167285 0.035357 20 24 100 107 2 1000 1000 0 3
0.166667 0.136255 0.032622 20 17 100 111 2 1000 1000 0 3
0.166667 0.149681 0.036060 20 17 100 95 2 1000 1000 0 3
0.166667 0.191428 0.040425 20 20 100 87 2 1000 1000 0 3
0.166667 0.189650 0.038855 20 24 100 94 2 1000 1000 0 3
0.166667 0.125722 0.035733 20 11 100 91 2 1000 1000 0 3
0.166667 0.198282 0.035732 20 26 100 115 2 1000 1000 0 3
0.166667 0.194291 0.037862 20 26 100 104 2 1000 1000 0 3
0.166667 0.171410 0.037775 20 20 100 97 2 1000 1000 0 3
0.166667 0.140694 0.036516 20 17 100 93 2 1000 1000 0 3
0.166667 0.165595 0.036630 20 19 100 99 2 1000 1000 0 3
0.166667 0.153560 0.036202 20 20 100 97 2 1000 1000 0 3
0.166667 0.261283 0.042702 20 30 100 88 2 1000 1000 0 3
0.166667 0.170063 0.037521 20 19 100 102 2 1000 1000 0 3
0.166667 0.144497 0.033560 20 18 100 107 2 1000 1000 0 3
0.166667 0.171598 0.034159 20 21 100 113 2 1000 1000 0 3
0.166667 0.188668 0.038341 20 20 100 100 2 1000 1000 0 3
0.166667 0.160085 0.036649 20 21 100 97 2 1000 1000 0 3
0.166667 0.116912 0.031193 20 17 100 108 2 1000 1000 0 3
0.166667 0.150204 0.034811 20 19 100 103 2 1000 1000 0 3
0.166667 0.280908 0.044286 20 32 100 80 2 1000 1000 0 3
0.166667 0.208476 0.039664 20 24 100 91 2 1000 1000 0 3
0.166667 0.165925 0.034121 20 23 100 111 2 1000 1000 0 3
0.166667 0.220962 0.036829 20 28 100 117 2 1000 1000 0 3
0.166667 0.152804 0.035437 20 19 100 104 2 1000 1000 0 3
0.166667 0.157439 0.037764 20 17 100 87 2 1000 1000 0 3
0.166667 0.169813 0.036698 20 20 100 99 2 1000 1000 0 3
0.166667 0.197754 0.037396 20 23 100 105 2 1000 1000 0 3
0.166667 0.166356 0.035972 20 20 100 101 2 1000 1000 0 3
0.166667 0.179306 0.038448 20 23 100 94 2 1000 1000 0 3
0.166667 0.175589 0.039471 20 21 100 88 2 1000 1000 0 3
0.166667 0.184048 0.037201 20 22 100 101 2 1000 1000 0 3
0.166667 0.148638 0.032064 20 20 100 124 2 1000 1000 0 3
0.166667 0.203756 0.036984 20 27 100 105 2 1000 1000 0 3
0.166667 0.166001 0.036464 20 21 100 95 2 1000 1000 0 3
0.166667 0.186804 0.038500 20 22 100 98 2 1000 1000 0 3
0.166667 0.179365 0.041845 20 20 100 80 2 1000 1000 0 3
0.166667 0.127854 0.032898 20 17 100 103 2 1000 1000 0 3
0.166667 0.245082 0.039439 20 28 100 102 2 1000 1000 0 3
0.166667 0.200540 0.040815 20 18 100 95 2 1000 1000 0 3
0.166667 0.096713 0.029768 20 12 100 106 2 1000 1000 0 3
0.166667 0.136379 0.036110 20 15 100 91 2 1000 1000 0 3
0.166667 0.139582 0.034332 20 15 100 101 2 1000 1000 0 3
0.166667 0.131602 0.032061 20 16 100 120 2 1000 1000 0 3
0.166667 0.157299 0.035168 20 18 100 107 2 1000 1000 0 3
0.166667 0.162742 0.038046 20 16 100 92 2 1000 1000 0 3
0.166667 0.220881 0.040394 20 22 100 95 2 1000 1000 0 3
0.166667 0.192666 0.040178 20 20 100 91 2 1000 1000 0 3
0.166667 0.133324 0.032645 20 14 100 108 2 1000 1000 0 3
0.166667 0.169107 0.038998 20 21 100 89 2 1000 1000 0 3
0.166667 0.138375 0.035252 20 15 100 94 2 1000 1000 0 3
0.166667 0.194343 0.037662 20 23 100 102 2 1000 1000 0 3
0.166667 0.140082 0.037924 20 13 100 85 2 1000 1000 0 3
0.166667 0.114396 0.033533 20 12 100 93 2 1000 1000 0 3
0.166667 0.147413 0.035128 20 15 100 94 2 1000 1000 0 3
0.166667 0.189049 0.036806 20 23 100 104 2 1000 1000 0 3
0.166667 0.188391 0.038976 20 18 100 97 2 1000 1000 0 3
0.166667 0.157776 0.034552 20 21 100 109 2 1000 1000 0 3
0.166667 0.175146 0.037923 20 19 100 98 2 1000 1000 0 3
0.166667 0.179265 0.037720 20 19 100 103 2 1000 1000 0 3
0.166667 0.149333 0.033652 20 18 100 115 2 1000 1000 0 3
0.166667 0.187542 0.040811 20 19 100 85 2 1000 1000 0 3
0.166667 0.152206 0.034292 20 17 100 110 2 1000 1000 0 3
0.166667 0.183814 0.038578 20 20 100 97 2 1000 1000 0 3
0.166667 0.130070 0.033435 20 17 100 104 2 1000 1000 0 3
0.166667 0.192723 0.037216 20 24 100 102 2 1000 1000 0 3
0.166667 0.134568 0.030511 20 20 100 125 2 1000 1000 0 3
0.166667 0.162541 0.036230 20 21 100 104 2 1000 1000 0 3
0.166667 0.198392 0.035877 20 27 100 113 2 1000 1000 0 3
0.166667 0.146144 0.032507 20 21 100 112 2 1000 1000 0 3
0.166667 0.230331 0.039251 20 33 100 94 2 1000 1000 0 3
0.166667 0.112021 0.029306 20 16 100 119 2 1000 1000 0 3
0.166667 0.249170 0.041341 20 29 100 99 2 1000 1000 0 3
0.166667 0.148231 0.034804 20 17 100 107 2 1000 1000 0 3
0.166667 0.146890 0.037068 20 19 100 89 2 1000 1000 0 3
0.166667 0.193195 0.038112 20 22 100 98 2 1000 1000 0 3
0.166667 0.153993 0.032625 20 21 100 122 2 1000 1000 0 3
0.166667 0.191284 0.038102 20 23 100 97 2 1000 1000 0 3
0.166667 0.151573 0.035338 20 18 100 98 2 1000 1000 0 3
0.166667 0.157919 0.035198 20 23 100 106 2 1000 1000 0 3
0.166667 0.248927 0.047425 20 22 100 72 2 1000 1000 0 3
0.166667 0.204294 0.038845 20 23 100 100 2 1000 1000 0 3
0.166667 0.163450 0.035704 20 18 100 105 2 1000 1000 0 3
0.166667 0.168071 0.035480 20 20 100 109 2 1000 1000 0 3
0.166667 0.138222 0.032598 20 19 100 113 2 1000 1000 0 3
0.166667 0.195934 0.038963 20 22 100 96 2 1000 1000 0 3
0.166667 0.163913 0.037156 20 20 100 95 2 1000 1000 0 3
0.166667 0.160321 0.034114 20 22 100 113 2 1000 1000 0 3
0.166667 0.229112 0.040294 20 28 100 90 2 1000 1000 0 3
0.166667 0.250625 0.044404 20 26 100 78 2 1000 1000 0 3
0.166667 0.181503 0.037950 20 21 100 93 2 1000 1000 0 3
0.166667 0.167483 0.035955 20 20 100 104 2 1000 1000 0 3
0.166667 0.228714 0.042125 20 22 100 88 2 1000 1000 0 3
0.166667 0.157939 0.031634 20 27 100 124 2 1000 1000 0 3
0.166667 0.131007 0.031488 20 18 100 112 2 1000 1000 0 3
0.166667 0.178650 0.037312 20 21 100 106 2 1000 1000 0 3
0.166667 0.179664 0.037498 20 20 100 99 2 1000 1000 0 3
0.166667 0.173572 0.037640 20 19 100 95 2 1000 1000 0 3
0.166667 0.219617 0.038261 20 25 100 105 2 1000 1000 0 3
0.166667 0.169800 0.034996 20 23 100 105 2 1000 1000 0 3
0.166667 0.199132 0.040545 20 20 100 89 2 1000 1000 0 3
0.166667 0.187024 0.039250 20 21 100 92 2 1000 1000 0 3
0.166667 0.139659 0.034085 20 18 100 105 2 1000 1000 0 3
0.166667 0.163692 0.035626 20 19 100 111 2 1000 1000 0 3
0.166667 0.198773 0.038968 20 23 100 90 2 1000 1000 0 3
0.166667 0.181258 0.037712 20 21 100 95 2 1000 1000 0 3
0.166667 0.155738 0.039230 20 16 100 81 2 1000 1000 0 3
0.166667 0.214607 0.038047 20 25 100 101 2 1000 1000 0 3
0.166667 0.188210 0.038869 20 25 100 95 2 1000 1000 0 3
0.166667 0.105729 0.032441 20 15 100 98 2 1000 1000 0 3
0.166667 0.172726 0.038214 20 18 100 93 2 1000 1000 0 3
0.166667 0.213041 0.038766 20 26 100 103 2 1000 1000 0 3
0.166667 0.168514 0.034918 20 21 100 113 2 1000 1000 0 3
0.166667 0.200578 0.041017 20 22 100 83 2 1000 1000 0 3
0.166667 0.261421 0.042612 20 30 100 87 2 1000 1000 0 3
0.166667 0.212128 0.039941 20 25 100 88 2 1000 1000 0 3
0.166667 0.119603 0.032169 20 14 100 106 2 1000 1000 0 3
0.166667 0.154149 0.036296 20 19 100 103 2 1000 1000 0 3
0.166667 0.162448 0.036581 20 17 100 101 2 1000 1000 0 3
0.166667 0.155572 0.033630 20 19 100 111 2 1000 1000 0 3
0.166667 0.173594 0.036816 20 19 100 96 2 1000 1000 0 3
0.166667 0.138006 0.033913 20 16 100 100 2 1000 1000 0 3
0.166667 0.169917 0.037634 20 16 100 100 2 1000 1000 0 3
0.166667 0.173673 0.039539 20 18 100 90 2 1000 1000 0 3
0.166667 0.116065 0.031821 20 15 100 102 2 1000 1000 0 3
0.166667 0.169838 0.035276 20 23 100 110 2 1000 1000 0 3
0.166667 0.159061 0.033593 20 18 100 118 2 1000 1000 0 3
0.166667 0.121153 0.033190 20 15 100 96 2 1000 1000 0 3
0.166667 0.124572 0.030673 20 20 100 117 2 1000 1000 0 3
0.166667 0.214380 0.041978 20 21 100 83 2 1000 1000 0 3
0.166667 0.174673 0.039860 20 20 100 87 2 1000 1000 0 3
0.166667 0.203147 0.039381 20 20 100 97 2 1000 1000 0 3
0.166667 0.133121 0.033043 20 16 100 107 2 1000 1000 0 3
0.166667 0.129833 0.033137 20 17 100 103 2 1000 1000 0 3
0.166667 0.118219 0.031383 20 14 100 113 2 1000 1000 0 3
0.166667 0.186595 0.038663 20 22 100 99 2 1000 1000 0 3
0.166667 0.156841 0.036135 20 16 100 101 2 1000 1000 0 3
0.166667 0.187306 0.033958 20 28 100 122 2 1000 1000 0 3
0.166667 0.156521 0.035019 20 20 100 106 2 1000 1000 0 3
0.166667 0.159265 0.037326 20 17 100 94 2 1000 1000 0 3
0.166667 0.133439 0.035265 20 13 100 97 2 1000 1000 0 3
0.166667 0.119938 0.031203 20 17 100 113 2 1000 1000 0 3
0.166667 0.121713 0.031952 20 15 100 103 2 1000 1000 0 3
0.166667 0.126153 0.033505 20 14 100 104 2 1000 1000 0 3
0.166667 0.117457 0.030468 20 18 100 116 2 1000 1000 0 3
0.166667 0.159379 0.037481 20 17 100 96 2 1000 1000 0 3
0.166667 0.152379 0.037291 20 19 100 96 2 1000 1000 0 3
0.166667 0.161398 0.039291 20 16 100 86 2 1000 1000 0 3
0.166667 0.127317 0.033351 20 15 100 100 2 1000 1000 0 3
0.166667 0.152291 0.033472 20 23 100 114 2 1000 1000 0 3
0.166667 0.188412 0.039366 20 22 100 92 2 1000 1000 0 3
0.166667 0.226077 0.043566 20 24 100 80 2 1000 1000 0 3
0.166667 0.178616 0.037987 20 21 100 95 2 1000 1000 0 3
0.166667 0.142921 0.033616 20 19 100 106 2 1000 1000 0 3
0.166667 0.170536 0.037347 20 18 100 102 2 1000 1000 0 3
0.166667 0.146190 0.032527 20 21 100 111 2 1000 1000 0 3
0.166667 0.246597 0.039954 20 30 100 97 2 1000 1000 0 3
0.166667 0.130707 0.033472 20 18 100 102 2 1000 1000 0 3
0.166667 0.125865 0.033192 20 15 100 101 2 1000 1000 0 3
0.166667 0.150077 0.033474 20 20 100 112 2 1000 1000 0 3
0.166667 0.200752 0.036712 20 25 100 109 2 1000 1000 0 3
0.166667 0.141859 0.035574 20 18 100 92 2 1000 1000 0 3
0.166667 0.214073 0.040134 20 25 100 91 2 1000 1000 0 3
0.166667 0.224605 0.039183 20 27 100 97 2 1000 1000 0 3
0.166667 0.228624 0.042699 20 25 100 81 2 1000 1000 0 3
0.166667 0.161269 0.032613 20 22 100 119 2 1000 1000 0 3
0.166667 0.145671 0.032865 20 20 100 116 2 1000 1000 0 3
0.166667 0.174460 0.038658 20 21 100 88 2 1000 1000 0 3
0.166667 0.168573 0.036257 20 20 100 96 2 1000 1000 0 3
0.166667 0.145941 0.032821 20 18 100 115 2 1000 1000 0 3
0.166667 0.132247 0.035552 20 14 100 94 2 1000 1000 0 3
0.166667 0.108451 0.030378 20 14 100 105 2 1000 1000 0 3
0.166667 0.160941 0.036109 20 19 100 99 2 1000 1000 0 3
0.166667 0.181264 0.035202 20 27 100 111 2 1000 1000 0 3
0.166667 0.149051 0.033978 20 18 100 101 2 1000 1000 0 3
0.166667 0.140813 0.034976 20 16 100 99 2 1000 1000 0 3
0.166667 0.129284 0.032180 20 15 100 109 2 1000 1000 0 3
0.166667 0.192206 0.037923 20 23 100 104 2 1000 1000 0 3
0.166667 0.117293 0.034408 20 14 100 90 2 1000 1000 0 3
0.166667 0.250001 0.044638 20 25 100 79 2 1000 1000 0 3
0.166667 0.197557 0.038063 20 26 100 98 2 1000 1000 0 3
0.166667 0.170424 0.035947 20 20 100 106 2 1000 1000 0 3
0.166667 0.157058 0.035319 20 18 100 114 2 1000 1000 0 3
0.166667 0.164807 0.036540 20 18 100 103 2 1000 1000 0 3
0.166667 0.094143 0.028284 20 14 100 121 2 1000 1000 0 3
0.166667 0.126670 0.034018 20 18 100 104 2 1000 1000 0 3
0.166667 0.200651 0.037923 20 23 100 104 2 1000 1000 0 3
0.166667 0.160050 0.034466 20 22 100 111 2 1000 1000 0 3
0.166667 0.277808 0.039795 20 38 100 100 2 1000 1000 0 3
0.166667 0.228352 0.038872 20 29 100 100 2 1000 1000 0 3
0.166667 0.125859 0.033326 20 15 100 104 2 1000 1000 0 3
0.166667 0.217233 0.038705 20 25 100 105 2 1000 1000 0 3
0.166667 0.185240 0.037232 20 23 100 98 2 1000 1000 0 3
0.166667 0.160688 0.035792 20 17 100 104 2 1000 1000 0 3
0.166667 0.131205 0.033127 20 15 100 105 2 1000 1000 0 3
0.166667 0.120980 0.033929 20 15 100 92 2 1000 1000 0 3
0.166667 0.177066 0.033705 20 29 100 119 2 1000 1000 0 3
0.166667 0.101004 0.027321 20 19 100 136 2 1000 1000 0 3
0.166667 0.128705 0.035793 20 13 100 89 2 1000 1000 0 3
0.166667 0.168017 0.033721 20 26 100 112 2 1000 1000 0 3
0.166667 0.134758 0.034627 20 17 100 95 2 1000 1000 0 3
0.166667 0.133397 0.036790 20 12 100 93 2 1000 1000 0 3
0.166667 0.172925 0.034930 20 23 100 113 2 1000 1000 0 3
0.166667 0.214912 0.039672 20 25 100 93 2 1000 1000 0 3
0.166667 0.148667 0.034430 20 22 100 106 2 1000 1000 0 3
0.166667 0.266840 0.041080 20 33 100 95 2 1000 1000 0 3
0.166667 0.112331 0.032593 20 15 100 98 2 1000 1000 0 3
0.166667 0.172403 0.037064 20 21 100 96 2 1000 1000 0 3
0.166667 0.174280 0.037033 20 22 100 98 2 1000 1000 0 3
0.166667 0.151380 0.035048 20 19 100 103 2 1000 1000 0 3
0.166667 0.149822 0.034400 20 22 100 107 2 1000 1000 0 3
0.166667 0.187369 0.036222 20 24 100 102 2 1000 1000 0 3
0.166667 0.175170 0.033639 20 25 100 116 2 1000 1000 0 3
0.166667 0.225297 0.043132 20 19 100 85 2 1000 1000 0 3
0.166667 0.189964 0.035220 20 28 100 112 2 1000 1000 0 3
0.166667 0.148122 0.034375 20 17 100 108 2 1000 1000 0 3
0.166667 0.191587 0.038314 20 22 100 102 2 1000 1000 0 3
0.166667 0.153057 0.035484 20 20 100 100 2 1000 1000 0 3
0.166667 0.193607 0.037263 20 22 100 106 2 1000 1000 0 3
0.166667 0.236929 0.043700 20 24 100 82 2 1000 1000 0 3
0.166667 0.137114 0.035348 20 15 100 100 2 1000 1000 0 3
0.166667 0.083575 0.029318 20 12 100 111 2 1000 1000 0 3
0.166667 0.139205 0.035894 20 17 100 93 2 1000 1000 0 3
0.166667 0.113331 0.031249 20 14 100 105 2 1000 1000 0 3
0.166667 0.143073 0.034462 20 18 100 101 2 1000 1000 0 3
0.166667 0.110992 0.031112 20 12 100 112 2 1000 1000 0 3
0.166667 0.092550 0.030449 20 12 100 97 2 1000 1000 0 3
0.166667 0.165625 0.037590 20 17 100 92 2 1000 1000 0 3
0.166667 0.146197 0.037874 20 13 100 87 2 1000 1000 0 3
0.166667 0.178434 0.034602 20 25 100 112 2 1000 1000 0 3
0.166667 0.170867 0.036083 20 22 100 98 2 1000 1000 0 3
0.166667 0.204248 0.037616 20 28 100 100 2 1000 1000 0 3
0.166667 0.175243 0.035355 20 24 100 107 2 1000 1000 0 3
0.166667 0.150230 0.031817 20 21 100 128 2 1000 1000 0 3
0.166667 0.156163 0.035009 20 14 100 108 2 1000 1000 0 3
0.166667 0.164506 0.037339 20 17 100 97 2 1000 1000 0 3
0.166667 0.154502 0.036085 20 19 100 102 2 1000 1000 0 3
0.166667 0.202184 0.038593 20 24 100 101 2 1000 1000 0 3
0.166667 0.178730 0.032902 20 25 100 123 2 1000 1000 0 3
0.166667 0.140762 0.033309 20 18 100 112 2 1000 1000 0 3
0.166667 0.188249 0.037274 20 23 100 97 2 1000 1000 0 3
0.166667 0.253889 0.042947 20 27 100 84 2 1000 1000 0 3
0.166667 0.136002 0.034345 20 16 100 101 2 1000 1000 0 3
0.166667 0.230574 0.041043 20 26 100 91 2 1000 1000 0 3
0.166667 0.148260 0.035204 20 17 100 100 2 1000 1000 0 3
0.166667 0.220879 0.039561 20 25 100 98 2 1000 1000 0 3
0.166667 0.132352 0.035207 20 13 100 101 2 1000 1000 0 3
0.166667 0.166184 0.035517 20 22 100 107 2 1000 1000 0 3
0.166667 0.158974 0.034184 20 19 100 112 2 1000 1000 0 3
0.166667 0.156430 0.036802 20 17 100 95 2 1000 1000 0 3
0.166667 0.149271 0.038531 20 14 100 83 2 1000 1000 0 3
0.166667 0.209183 0.041107 20 20 100 89 2 1000 1000 0 3
0.166667 0.145217 0.035691 20 19 100 101 2 1000 1000 0 3
0.166667 0.200508 0.037790 20 25 100 99 2 1000 1000 0 3
0.166667 0.226230 0.040391 20 25 100 93 2 1000 1000 0 3
0.166667 0.146228 0.036764 20 16 100 94 2 1000 1000 0 3
0.166667 0.143326 0.036221 20 15 100 89 2 1000 1000 0 3
0.166667 0.162596 0.038209 20 19 100 87 2 1000 1000 0 3
0.166667 0.184487 0.040934 20 20 100 79 2 1000 1000 0 3
0.166667 0.156325 0.036888 20 18 100 92 2 1000 1000 0 3
0.166667 0.107666 0.033466 20 9 100 97 2 1000 1000 0 3
0.166667 0.174133 0.038577 20 19 100 93 2 1000 1000 0 3
0.166667 0.177001 0.035711 20 22 100 102 2 1000 1000 0 3
0.166667 0.239906 0.038624 20 28 100 110 2 1000 1000 0 3
0.166667 0.095918 0.030221 20 13 100 104 2 1000 1000 0 3
0.166667 0.098805 0.033643 20 12 100 95 2 1000 1000 0 3
0.166667 0.177933 0.038095 20 21 100 95 2 1000 1000 0 3
0.166667 0.123271 0.032520 20 15 100 101 2 1000 1000 0 3
0.166667 0.215228 0.039940 20 27 100 89 2 1000 1000 0 3
0.166667 0.140609 0.032728 20 19 100 113 2 1000 1000 0 3
0.166667 0.137045 0.032932 20 18 100 107 2 1000 1000 0 3
0.166667 0.179747 0.037832 20 24 100 97 2 1000 1000 0 3
0.166667 0.159456 0.038246 20 16 100 91 2 1000 1000 0 3
0.166667 0.147532 0.034694 20 16 100 107 2 1000 1000 0 3
0.166667 0.145990 0.031221 20 21 100 129 2 1000 1000 0 3
0.166667 0.142308 0.032994 20 20 100 117 2 1000 1000 0 3
0.166667 0.180195 0.034252 20 27 100 116 2 1000 1000 0 3
0.166667 0.122823 0.028867 20 18 100 125 2 1000 1000 0 3
0.166667 0.136919 0.037513 20 13 100 94 2 1000 1000 0 3
0.166667 0.122465 0.031472 20 15 100 105 2 1000 1000 0 3
0.166667 0.157221 0.037670 20 16 100 90 2 1000 1000 0 3
0.166667 0.179930 0.040355 20 18 100 81 2 1000 1000 0 3
0.166667 0.200846 0.038775 20 21 100 99 2 1000 1000 0 3
0.166667 0.190146 0.036478 20 27 100 105 2 1000 1000 0 3
0.166667 0.150630 0.037985 20 13 100 86 2 1000 1000 0 3
0.166667 0.162530 0.035932 20 21 100 102 2 1000 1000 0 3
0.166667 0.147341 0.036339 20 18 100 93 2 1000 1000 0 3
0.166667 0.187876 0.039040 20 19 100 97 2 1000 1000 0 3
0.166667 0.189874 0.034906 20 27 100 111 2 1000 1000 0 3
0.166667 0.189314 0.035684 20 25 100 107 2 1000 1000 0 3
0.166667 0.184636 0.040861 20 22 100 85 2 1000 1000 0 3
0.166667 0.169701 0.035329 20 20 100 112 2 1000 1000 0 3
0.166667 0.176249 0.037046 20 21 100 102 2 1000 1000 0 3
0.166667 0.135135 0.035615 20 15 100 95 2 1000 1000 0 3
0.166667 0.209574 0.040075 20 26 100 92 2 1000 1000 0 3
0.166667 0.106796 0.031488 20 14 100 109 2 1000 1000 0 3
0.166667 0.178531 0.034792 20 24 100 108 2 1000 1000 0 3
0.166667 0.189303 0.042843 20 21 100 86 2 1000 1000 0 3
0.166667 0.113173 0.032516 20 14 100 98 2 1000 1000 0 3
0.166667 0.122427 0.033081 20 17 100 103 2 1000 1000 0 3
0.166667 0.161540 0.036141 20 20 100 100 2 1000 1000 0 3
0.166667 0.138882 0.032496 20 19 100 111 2 1000 1000 0 3
0.166667 0.190037 0.039451 20 21 100 94 2 1000 1000 0 3
0.166667 0.119200 0.031780 20 14 100 113 2 1000 1000 0 3
0.166667 0.147897 0.037206 20 16 100 93 2 1000 1000 0 3
0.166667 0.184513 0.039769 20 18 100 90 2 1000 1000 0 3
0.166667 0.169837 0.039059 20 17 100 92 2 1000 1000 0 3
0.166667 0.182008 0.040877 20 19 100 81 2 1000 1000 0 3
0.166667 0.165279 0.035946 20 21 100 102 2 1000 1000 0 3
0.166667 0.215015 0.038047 20 26 100 99 2 1000 1000 0 3
0.166667 0.159727 0.035703 20 18 100 106 2 1000 1000 0 3
0.166667 0.122493 0.032368 20 16 100 105 2 1000 1000 0 3
0.166667 0.208156 0.040145 20 23 100 91 2 1000 1000 0 3
0.166667 0.120620 0.031921 20 17 100 103 2 1000 1000 0 3
0.166667 0.158374 0.035075 20 18 100 101 2 1000 1000 0 3
0.166667 0.130910 0.032509 20 17 100 103 2 1000 1000 0 3
0.166667 0.151488 0.036876 20 18 100 91 2 1000 1000 0 3
0.166667 0.104615 0.029886 20 15 100 112 2 1000 1000 0 3
0.166667 0.140582 0.032013 20 23 100 116 2 1000 1000 0 3
0.166667 0.128459 0.031712 20 17 100 108 2 1000 1000 0 3
0.166667 0.204275 0.038231 20 22 100 102 2 1000 1000 0 3
0.166667 0.217997 0.039893 20 26 100 97 2 1000 1000 0 3
0.166667 0.122043 0.030444 20 16 100 118 2 1000 1000 0 3
0.166667 0.099032 0.031681 20 11 100 97 2 1000 1000 0 3
0.166667 0.190333 0.038295 20 24 100 96 2 1000 1000 0 3
0.166667 0.156291 0.038139 20 14 100 89 2 1000 1000 0 3
0.166667 0.183692 0.037949 20 21 100 98 2 1000 1000 0 3
0.166667 0.110736 0.034846 20 14 100 87 2 1000 1000 0 3
0.166667 0.178694 0.039827 20 20 100 89 2 1000 1000 0 3
0.166667 0.267283 0.040915 20 34 100 96 2 1000 1000 0 3
0.166667 0.169528 0.038565 20 20 100 88 2 1000 1000 0 3
0.166667 0.244401 0.040103 20 32 100 97 2 1000 1000 0 3
0.166667 0.170131 0.035650 20 19 100 105 2 1000 1000 0 3
0.166667 0.191148 0.038027 20 22 100 96 2 1000 1000 0 3
0.166667 0.222548 0.040295 20 27 100 92 2 1000 1000 0 3
0.166667 0.166917 0.038027 20 15 100 95 2 1000 1000 0 3
0.166667 0.189216 0.038301 20 22 100 97 2 1000 1000 0 3
0.166667 0.201837 0.038016 20 25 100 97 2 1000 1000 0 3
0.166667 0.249732 0.040116 20 30 100 95 2 1000 1000 0 3
0.166667 0.165173 0.034762 20 23 100 108 2 1000 1000 0 3
0.166667 0.174790 0.037629 20 21 100 97 2 1000 1000 0 3
0.166667 0.234961 0.037292 20 34 100 114 2 1000 1000 0 3
0.166667 0.217266 0.038998 20 27 100 101 2 1000 1000 0 3
0.166667 0.140352 0.035942 20 16 100 97 2 1000 1000 0 3
0.166667 0.171007 0.037849 20 18 100 97 2 1000 1000 0 3
0.166667 0.164635 0.035870 20 20 100 112 2 1000 1000 0 3
0.166667 0.232474 0.042463 20 26 100 85 2 1000 1000 0 3
0.166667 0.127603 0.036263 20 12 100 91 2 1000 1000 0 3
0.166667 0.158787 0.033699 20 20 100 112 2 1000 1000 0 3
0.166667 0.097281 0.030510 20 12 100 99 2 1000 1000 0 3
0.166667 0.212428 0.041272 20 21 100 91 2 1000 1000 0 3
0.166667 0.154901 0.036788 20 18 100 101 2 1000 1000 0 3
0.166667 0.182871 0.040459 20 20 100 88 2 1000 1000 0 3
0.166667 0.099717 0.030797 20 13 100 99 2 1000 1000 0 3
0.166667 0.168610 0.035842 20 21 100 101 2 1000 1000 0 3
0.166667 0.139629 0.032782 20 20 100 111 2 1000 1000 0 3
0.166667 0.195272 0.038766 20 25 100 93 2 1000 1000 0 3
0.166667 0.064357 0.025641 20 9 100 112 2 1000 1000 0 3
0.166667 0.183806 0.037094 20 23 100 103 2 1000 1000 0 3
0.166667 0.148001 0.034911 20 16 100 111 2 1000 1000 0 3
0.166667 0.172741 0.039201 20 18 100 89 2 1000 1000 0 3
0.166667 0.101655 0.030987 20 12 100 101 2 1000 1000 0 3
0.166667 0.140506 0.032738 20 20 100 108 2 1000 1000 0 3
0.166667 0.170468 0.035153 20 21 100 104 2 1000 1000 0 3
0.166667 0.175963 0.036032 20 23 100 101 2 1000 1000 0 3
0.166667 0.163451 0.042438 20 15 100 76 2 1000 1000 0 3
0.166667 0.155001 0.033784 20 20 100 106 2 1000 1000 0 3
0.166667 0.174800 0.038916 20 17 100 94 2 1000 1000 0 3
0.166667 0.162556 0.036484 20 19 100 99 2 1000 1000 0 3
0.166667 0.204998 0.040266 20 22 100 91 2 1000 1000 0 3
0.166667 0.147573 0.035471 20 18 100 99 2 1000 1000 0 3
0.166667 0.158313 0.038022 20 13 100 95 2 1000 1000 0 3
0.166667 0.169326 0.033074 20 28 100 122 2 1000 1000 0 3
0.166667 0.156943 0.032043 20 21 100 122 2 1000 1000 0 3
0.166667 0.198392 0.041307 20 22 100 84 2 1000 1000 0 3
0.166667 0.248127 0.039314 20 34 100 99 2 1000 1000 0 3
0.166667 0.159161 0.035685 20 16 100 104 2 1000 1000 0 3
0.166667 0.233400 0.041184 20 25 100 93 2 1000 1000 0 3
0.166667 0.210008 0.038214 20 28 100 99 2 1000 1000 0 3
0.166667 0.127992 0.031902 20 18 100 110 2 1000 1000 0 3
0.166667 0.241451 0.039724 20 32 100 96 2 1000 1000 0 3
0.166667 0.150503 0.034631 20 17 100 103 2 1000 1000 0 3
0.166667 0.216814 0.039184 20 25 100 96 2 1000 1000 0 3
0.166667 0.106634 0.031269 20 12 100 100 2 1000 1000 0 3
0.166667 0.147414 0.032015 20 18 100 118 2 1000 1000 0 3
0.166667 0.192849 0.037431 20 24 100 101 2 1000 1000 0 3
0.166667 0.117976 0.029773 20 17 100 130 2 1000 1000 0 3
0.166667 0.097489 0.031809 20 11 100 97 2 1000 1000 0 3
0.166667 0.168702 0.038555 20 19 100 93 2 1000 1000 0 3
0.166667 0.174727 0.037082 20 23 100 97 2 1000 1000 0 3
0.166667 0.217782 0.039341 20 26 100 99 2 1000 1000 0 3
0.166667 0.213290 0.037083 20 29 100 109 2 1000 1000 0 3
0.166667 0.167637 0.034561 20 22 100 111 2 1000 1000 0 3
0.166667 0.145097 0.037840 20 12 100 90 2 1000 1000 0 3
0.166667 0.174713 0.038213 20 17 100 95 2 1000 1000 0 3
0.166667 0.162353 0.038156 20 18 100 90 2 1000 1000 0 3
0.166667 0.220372 0.037452 20 29 100 108 2 1000 1000 0 3
0.166667 0.116921 0.032890 20 14 100 103 2 1000 1000 0 3
0.166667 0.156794 0.038029 20 17 100 91 2 1000 1000 0 3
0.166667 0.111943 0.031337 20 14 100 111 2 1000 1000 0 3
0.166667 0.173654 0.038495 20 21 100 90 2 1000 1000 0 3
0.166667 0.181302 0.034295 20 26 100 117 2 1000 1000 0 3
0.166667 0.126677 0.030154 20 19 100 116 2 1000 1000 0 3
0.166667 0.158945 0.036091 20 20 100 98 2 1000 1000 0 3
0.166667 0.185004 0.037154 20 22 100 102 2 1000 1000 0 3
0.166667 0.194359 0.037221 20 24 100 106 2 1000 1000 0 3
0.166667 0.128823 0.032111 20 17 100 111 2 1000 1000 0 3
0.166667 0.121129 0.031770 20 16 100 105 2 1000 1000 0 3
0.166667 0.181252 0.038566 20 20 100 93 2 1000 1000 0 3
0.166667 0.155687 0.037262 20 18 100 95 2 1000 1000 0 3
0.166667 0.193960 0.038786 20 20 100 98 2 1000 1000 0 3
0.166667 0.111879 0.031904 20 14 100 110 2 1000 1000 0 3
0.166667 0.155327 0.032828 20 23 100 115 2 1000 1000 0 3
0.166667 0.209652 0.039660 20 23 100 97 2 1000 1000 0 3
0.166667 0.138024 0.036202 20 15 100 88 2 1000 1000 0 3
0.166667 0.142507 0.037259 20 15 100 86 2 1000 1000 0 3
0.166667 0.191797 0.038397 20 22 100 97 2 1000 1000 0 3
0.166667 0.246808 0.041734 20 29 100 92 2 1000 1000 0 3
0.166667 0.179732 0.039494 20 18 100 89 2 1000 1000 0 3
0.166667 0.129549 0.033302 20 17 100 100 2 1000 1000 0 3
0.166667 0.134107 0.036297 20 12 100 93 2 1000 1000 0 3
0.166667 0.143604 0.034975 20 15 100 104 2 1000 1000 0 3
0.166667 0.163279 0.037019 20 20 100 93 2 1000 1000 0 3
0.166667 0.142808 0.037678 20 15 100 83 2 1000 1000 0 3
0.166667 0.174444 0.034722 20 22 100 114 2 1000 1000 0 3
0.166667 0.163987 0.039273 20 16 100 85 2 1000 1000 0 3
0.166667 0.129885 0.033037 20 19 100 106 2 1000 1000 0 3
0.166667 0.184523 0.040819 20 20 100 85 2 1000 1000 0 3
0.166667 0.179589 0.037632 20 24 100 98 2 1000 1000 0 3
0.166667 0.110140 0.029864 20 14 100 117 2 1000 1000 0 3
0.166667 0.219667 0.040117 20 24 100 93 2 1000 1000 0 3
0.166667 0.192246 0.038950 20 23 100 98 2 1000 1000 0 3
0.166667 0.182714 0.037504 20 21 100 96 2 1000 1000 0 3
0.166667 0.129486 0.034945 20 15 100 93 2 1000 1000 0 3
0.166667 0.160258 0.038824 20 17 100 88 2 1000 1000 0 3
0.166667 0.201868 0.038057 20 25 100 100 2 1000 1000 0 3
0.166667 0.159613 0.038446 20 17 100 87 2 1000 1000 0 3
0.166667 0.135258 0.035438 20 15 100 94 2 1000 1000 0 3
0.166667 0.158673 0.031889 20 22 100 130 2 1000 1000 0 3
0.166667 0.193421 0.038278 20 22 100 98 2 1000 1000 0 3
0.166667 0.141994 0.032064 20 19 100 118 2 1000 1000 0 3
0.166667 0.198872 0.041680 20 20 100 85 2 1000 1000 0 3
0.166667 0.195062 0.036367 20 24 100 105 2 1000 1000 0 3
0.166667 0.159290 0.035713 20 16 100 104 2 1000 1000 0 3
0.166667 0.152118 0.035881 20 20 100 98 2 1000 1000 0 3
0.166667 0.219740 0.040568 20 23 100 93 2 1000 1000 0 3
0.166667 0.123247 0.030926 20 17 100 116 2 1000 1000 0 3
0.166667 0.079551 0.029941 20 9 100 102 2 1000 1000 0 3
0.166667 0.108266 0.032811 20 11 100 94 2 1000 1000 0 3
0.166667 0.170639 0.035455 20 23 100 103 2 1000 1000 0 3
0.166667 0.157329 0.032886 20 22 100 116 2 1000 1000 0 3
0.166667 0.132887 0.036170 20 13 100 90 2 1000 1000 0 3
0.166667 0.186244 0.038352 20 22 100 92 2 1000 1000 0 3
0.166667 0.161115 0.037400 20 19 100 96 2 1000 1000 0 3
0.166667 0.142142 0.034020 20 17 100 108 2 1000 1000 0 3
0.166667 0.193475 0.038575 20 23 100 93 2 1000 1000 0 3
0.166667 0.138544 0.036132 20 14 100 96 2 1000 1000 0 3
0.166667 0.161501 0.035629 20 22 100 101 2 1000 1000 0 3
0.166667 0.167668 0.039924 20 16 100 88 2 1000 1000 0 3
0.166667 0.136682 0.035064 20 13 100 98 2 1000 1000 0 3
0.166667 0.206998 0.038470 20 27 100 96 2 1000 1000 0 3
0.166667 0.140454 0.035019 20 17 100 102 2 1000 1000 0 3
0.166667 0.208133 0.039180 20 25 100 99 2 1000 1000 0 3
0.166667 0.155511 0.034624 20 19 100 107 2 1000 1000 0 3
0.166667 0.159662 0.034868 20 20 100 112 2 1000 1000 0 3
0.166667 0.123547 0.034075 20 16 100 94 2 1000 1000 0 3
0.166667 0.148969 0.032858 20 21 100 118 2 1000 1000 0 3
0.166667 0.149451 0.034258 20 20 100 106 2 1000 1000 0 3
0.166667 0.206049 0.037539 20 26 100 102 2 1000 1000 0 3
0.166667 0.157115 0.033810 20 19 100 112 2 1000 1000 0 3
0.166667 0.137200 0.035801 20 14 100 94 2 1000 1000 0 3
0.166667 0.147967 0.034616 20 20 100 104 2 1000 1000 0 3
0.166667 0.174376 0.034652 20 23 100 113 2 1000 1000 0 3
0.166667 0.136103 0.031804 20 18 100 114 2 1000 1000 0 3
0.166667 0.047277 0.024818 20 9 100 105 2 1000 1000 0 3
0.166667 0.161230 0.037460 20 20 100 90 2 1000 1000 0 3
0.166667 0.127685 0.032253 20 17 100 109 2 1000 1000 0 3
0.166667 0.136083 0.033748 20 17 100 100 2 1000 1000 0 3
0.166667 0.150807 0.035323 20 16 100 96 2 1000 1000 0 3
0.166667 0.202719 0.037312 20 24 100 101 2 1000 1000 0 3
0.166667 0.117054 0.032002 20 16 100 110 2 1000 1000 0 3
0.166667 0.134215 0.032667 20 13 100 110 2 1000 1000 0 3
0.166667 0.167811 0.038788 20 16 100 92 2 1000 1000 0 3
0.166667 0.268212 0.040572 20 36 100 96 2 1000 1000 0 3
0.166667 0.265019 0.047835 20 21 100 74 2 1000 1000 0 3
0.166667 0.125591 0.033059 20 16 100 102 2 1000 1000 0 3
0.166667 0.126712 0.030179 20 19 100 121 2 1000 1000 0 3
0.166667 0.180323 0.035241 20 21 100 112 2 1000 1000 0 3
0.166667 0.175369 0.037342 20 21 100 99 2 1000 1000 0 3
0.166667 0.179352 0.036301 20 22 100 104 2 1000 1000 0 3
0.166667 0.147913 0.033446 20 17 100 117 2 1000 1000 0 3
0.166667 0.206368 0.041010 20 21 100 89 2 1000 1000 0 3
0.166667 0.168908 0.038287 20 17 100 92 2 1000 1000 0 3
0.166667 0.177822 0.038189 20 20 100 97 2 1000 1000 0 3
0.166667 0.156518 0.035482 20 17 100 102 2 1000 1000 0 3
0.166667 0.176941 0.035009 20 27 100 110 2 1000 1000 0 3
0.166667 0.129388 0.030850 20 20 100 115 2 1000 1000 0 3
0.166667 0.164404 0.038078 20 19 100 95 2 1000 1000 0 3
0.166667 0.264017 0.044956 20 27 100 79 2 1000 1000 0 3
0.166667 0.166068 0.035049 20 21 100 107 2 1000 1000 0 3
0.166667 0.093472 0.032351 20 10 100 84 2 1000 1000 0 3
0.166667 0.167158 0.032751 20 26 100 122 2 1000 1000 0 3
0.166667 0.161893 0.036592 20 20 100 101 2 1000 1000 0 3
0.166667 0.134044 0.033439 20 18 100 104 2 1000 1000 0 3
0.166667 0.154138 0.036490 20 18 100 96 2 1000 1000 0 3
0.166667 0.165363 0.035900 20 19 100 111 2 1000 1000 0 3
0.166667 0.175655 0.040834 20 16 100 91 2 1000 1000 0 3
0.166667 0.174514 0.035114 20 21 100 114 2 1000 1000 0 3
0.166667 0.163005 0.037685 20 20 100 90 2 1000 1000 0 3
0.166667 0.133846 0.033907 20 16 100 106 2 1000 1000 0 3
0.166667 0.161277 0.036896 20 23 100 96 2 1000 1000 0 3
0.166667 0.142833 0.031647 20 18 100 117 2 1000 1000 0 3
0.166667 0.141948 0.032327 20 18 100 113 2 1000 1000 0 3
0.166667 0.244929 0.040962 20 28 100 90 2 1000 1000 0 3
0.166667 0.124533 0.031645 20 17 100 109 2 1000 1000 0 3
0.166667 0.181953 0.036144 20 20 100 106 2 1000 1000 0 3
0.166667 0.151948 0.034915 20 17 100 100 2 1000 1000 0 3
0.166667 0.175634 0.036550 20 20 100 103 2 1000 1000 0 3
0.166667 0.202680 0.037373 20 27 100 102 2 1000 1000 0 3
0.166667 0.146709 0.036464 20 16 100 94 2 1000 1000 0 3
0.166667 0.179426 0.038731 20 19 100 91 2 1000 1000 0 3
0.166667 0.177232 0.037960 20 18 100 98 2 1000 1000 0 3
0.166667 0.171782 0.035608 20 23 100 104 2 1000 1000 0 3
0.166667 0.124959 0.033195 20 16 100 100 2 1000 1000 0 3
0.166667 0.176112 0.039849 20 19 100 90 2 1000 1000 0 3
0.166667 0.312281 0.045027 20 36 100 78 2 1000 1000 0 3
0.166667 0.178447 0.037438 20 20 100 99 2 1000 1000 0 3
0.166667 0.135144 0.033550 20 16 100 108 2 1000 1000 0 3
0.166667 0.162480 0.032358 20 23 100 122 2 1000 1000 0 3
0.166667 0.154175 0.033721 20 21 100 112 2 1000 1000 0 3
0.166667 0.152669 0.033055 20 20 100 111 2 1000 1000 0 3
0.166667 0.222294 0.040962 20 27 100 92 2 1000 1000 0 3
0.166667 0.209411 0.035461 20 30 100 118 2 1000 1000 0 3
0.166667 0.239247 0.040944 20 27 100 92 2 1000 1000 0 3
0.166667 0.118088 0.035474 20 12 100 86 2 1000 1000 0 3
0.166667 0.164233 0.037576 20 19 100 95 2 1000 1000 0 3
0.166667 0.230340 0.039371 20 28 100 103 2 1000 1000 0 3
0.166667 0.215457 0.039019 20 28 100 93 2 1000 1000 0 3
0.166667 0.138283 0.034734 20 17 100 94 2 1000 1000 0 3
0.166667 0.144410 0.032194 20 21 100 112 2 1000 1000 0 3
0.166667 0.158177 0.035876 20 18 100 102 2 1000 1000 0 3
0.166667 0.132560 0.030821 20 19 100 119 2 1000 1000 0 3
0.166667 0.184339 0.034715 20 28 100 113 2 1000 1000 0 3
0.166667 0.114100 0.031408 20 14 100 106 2 1000 1000 0 3
0.166667 0.184496 0.041498 20 19 100 81 2 1000 1000 0 3
0.166667 0.130816 0.032835 20 19 100 104 2 1000 1000 0 3
0.166667 0.163666 0.037825 20 19 100 93 2 1000 1000 0 3
0.166667 0.174012 0.037210 20 22 100 100 2 1000 1000 0 3
0.166667 0.199183 0.038998 20 24 100 98 2 1000 1000 0 3
0.166667 0.206640 0.039480 20 24 100 96 2 1000 1000 0 3
0.166667 0.165432 0.038888 20 21 100 90 2 1000 1000 0 3
0.166667 0.138538 0.032070 20 19 100 112 2 1000 1000 0 3
0.166667 0.123748 0.030115 20 18 100 119 2 1000 1000 0 3
0.166667 0.161648 0.034115 20 23 100 110 2 1000 1000 0 3
0.166667 0.182493 0.039996 20 21 100 83 2 1000 1000 0 3
0.166667 0.161307 0.036721 20 17 100 96 2 1000 1000 0 3
0.166667 0.199240 0.037191 20 25 100 101 2 1000 1000 0 3
0.166667 0.197994 0.036873 20 22 100 111 2 1000 1000 0 3
0.166667 0.163543 0.036433 20 23 100 101 2 1000 1000 0 3
0.166667 0.183934 0.038392 20 24 100 91 2 1000 1000 0 3
0.166667 0.116035 0.032362 20 16 100 104 2 1000 1000 0 3
0.166667 0.181988 0.037335 20 22 100 100 2 1000 1000 0 3
0.166667 0.151541 0.036475 20 16 100 91 2 1000 1000 0 3
0.166667 0.135954 0.035713 20 14 100 96 2 1000 1000 0 3
0.166667 0.105837 0.031428 20 15 100 104 2 1000 1000 0 3
