0.166667 0.163932 0.011544 200 189 1000 992 2 1000 1000 0 10
0.166667 0.169263 0.011505 200 206 1000 1008 2 1000 1000 0 10
0.166667 0.153003 0.011374 200 182 1000 987 2 1000 1000 0 10
0.166667 0.168137 0.011460 200 206 1000 1017 2 1000 1000 0 10
0.166667 0.164839 0.011379 200 197 1000 1041 2 1000 1000 0 10
0.166667 0.170787 0.011710 200 195 1000 979 2 1000 1000 0 10
0.166667 0.181275 0.011805 200 220 1000 985 2 1000 1000 0 10
0.166667 0.164195 0.011372 200 203 1000 1016 2 1000 1000 0 10
0.166667 0.161410 0.011057 200 208 1000 1083 2 1000 1000 0 10
0.166667 0.147643 0.011127 200 174 1000 1028 2 1000 1000 0 10
0.166667 0.171255 0.011835 200 203 1000 985 2 1000 1000 0 10
0.166667 0.173071 0.011567 200 199 1000 1019 2 1000 1000 0 10
0.166667 0.167809 0.011513 200 202 1000 1001 2 1000 1000 0 10
0.166667 0.155209 0.011040 200 195 1000 1037 2 1000 1000 0 10
0.166667 0.176311 0.011819 200 204 1000 989 2 1000 1000 0 10
0.166667 0.168691 0.011673 200 194 1000 996 2 1000 1000 0 10
0.166667 0.160153 0.011526 200 186 1000 968 2 1000 1000 0 10
0.166667 0.154911 0.011209 200 184 1000 1009 2 1000 1000 0 10
0.166667 0.178423 0.011716 200 222 1000 1016 2 1000 1000 0 10
0.166667 0.172262 0.011807 200 197 1000 976 2 1000 1000 0 10
0.166667 0.193555 0.012062 200 229 1000 982 2 1000 1000 0 10
0.166667 0.160219 0.011369 200 203 1000 1002 2 1000 1000 0 10
0.166667 0.156949 0.011538 200 190 1000 979 2 1000 1000 0 10
0.166667 0.156359 0.011160 200 200 1000 1033 2 1000 1000 0 10
0.166667 0.174123 0.011418 200 215 1000 1043 2 1000 1000 0 10
0.166667 0.176076 0.011620 200 214 1000 1014 2 1000 1000 0 10
0.166667 0.169725 0.011624 200 203 1000 992 2 1000 1000 0 10
0.166667 0.167775 0.011611 200 192 1000 991 2 1000 1000 0 10
0.166667 0.170621 0.011558 200 202 1000 1020 2 1000 1000 0 10
0.166667 0.171868 0.011833 200 201 1000 944 2 1000 1000 0 10
0.166667 0.173454 0.011562 200 211 1000 1022 2 1000 1000 0 10
0.166667 0.175807 0.011817 200 217 1000 982 2 1000 1000 0 10
0.166667 0.159785 0.011295 200 200 1000 1028 2 1000 1000 0 10
0.166667 0.179098 0.011839 200 210 1000 990 2 1000 1000 0 10
0.166667 0.162127 0.011597 200 194 1000 981 2 1000 1000 0 10
0.166667 0.159551 0.011106 200 205 1000 1045 2 1000 1000 0 10
0.166667 0.188517 0.012180 200 218 1000 956 2 1000 1000 0 10
0.166667 0.157880 0.011469 200 191 1000 982 2 1000 1000 0 10
0.166667 0.172616 0.011755 200 200 1000 975 2 1000 1000 0 10
0.166667 0.178411 0.011513 200 217 1000 1040 2 1000 1000 0 10
0.166667 0.168560 0.011655 200 202 1000 987 2 1000 1000 0 10
0.166667 0.179268 0.011662 200 208 1000 1018 2 1000 1000 0 10
0.166667 0.189764 0.011915 200 233 1000 986 2 1000 1000 0 10
0.166667 0.162828 0.011644 200 190 1000 981 2 1000 1000 0 10
0.166667 0.168553 0.011655 200 208 1000 981 2 1000 1000 0 10
0.166667 0.190799 0.012270 200 219 1000 953 2 1000 1000 0 10
0.166667 0.183026 0.012012 200 212 1000 976 2 1000 1000 0 10
0.166667 0.155477 0.011096 200 194 1000 1045 2 1000 1000 0 10
0.166667 0.163078 0.011482 200 197 1000 992 2 1000 1000 0 10
0.166667 0.168845 0.011588 200 206 1000 1002 2 1000 1000 0 10
0.166667 0.157605 0.011210 200 200 1000 1021 2 1000 1000 0 10
0.166667 0.156230 0.011334 200 186 1000 1007 2 1000 1000 0 10
0.166667 0.150925 0.011126 200 178 1000 1023 2 1000 1000 0 10
0.166667 0.155633 0.011057 200 201 1000 1052 2 1000 1000 0 10
0.166667 0.142946 0.011066 200 173 1000 1006 2 1000 1000 0 10
0.166667 0.165320 0.011352 200 201 1000 1037 2 1000 1000 0 10
0.166667 0.154902 0.011194 200 183 1000 1017 2 1000 1000 0 10
0.166667 0.153698 0.011409 200 179 1000 981 2 1000 1000 0 10
0.166667 0.187413 0.012021 200 224 1000 972 2 1000 1000 0 10
0.166667 0.165383 0.011360 200 204 1000 1041 2 1000 1000 0 10
0.166667 0.170909 0.012193 200 189 1000 933 2 1000 1000 0 10
0.166667 0.159306 0.011694 200 184 1000 950 2 1000 1000 0 10
0.166667 0.152899 0.011213 200 181 1000 1011 2 1000 1000 0 10
0.166667 0.161688 0.011902 200 181 1000 916 2 1000 1000 0 10
0.166667 0.169299 0.011883 200 200 1000 932 2 1000 1000 0 10
0.166667 0.170946 0.011987 200 203 1000 947 2 1000 1000 0 10
0.166667 0.176196 0.011736 200 211 1000 996 2 1000 1000 0 10
0.166667 0.153555 0.011202 200 192 1000 1028 2 1000 1000 0 10
0.166667 0.176876 0.011582 200 226 1000 1045 2 1000 1000 0 10
0.166667 0.152472 0.011146 200 179 1000 1018 2 1000 1000 0 10
0.166667 0.162994 0.011316 200 195 1000 1025 2 1000 1000 0 10
0.166667 0.148627 0.011318 200 173 1000 979 2 1000 1000 0 10
0.166667 0.158011 0.011288 200 190 1000 1034 2 1000 1000 0 10
0.166667 0.166490 0.011596 200 199 1000 1009 2 1000 1000 0 10
0.166667 0.156858 0.011212 200 196 1000 1023 2 1000 1000 0 10
0.166667 0.151330 0.010922 200 184 1000 1056 2 1000 1000 0 10
0.166667 0.154907 0.011025 200 191 1000 1057 2 1000 1000 0 10
0.166667 0.186204 0.012024 200 219 1000 975 2 1000 1000 0 10
0.166667 0.163812 0.011615 200 194 1000 982 2 1000 1000 0 10
0.166667 0.145010 0.011103 200 170 1000 1021 2 1000 1000 0 10
0.166667 0.146024 0.011110 200 171 1000 998 2 1000 1000 0 10
0.166667 0.155536 0.011472 200 182 1000 965 2 1000 1000 0 10
0.166667 0.169961 0.011532 200 207 1000 999 2 1000 1000 0 10
0.166667 0.200564 0.012323 200 236 1000 966 2 1000 1000 0 10
0.166667 0.174510 0.011840 200 217 1000 976 2 1000 1000 0 10
0.166667 0.188747 0.012130 200 212 1000 986 2 1000 1000 0 10
0.166667 0.177801 0.011878 200 204 1000 972 2 1000 1000 0 10
0.166667 0.165957 0.011521 200 194 1000 1001 2 1000 1000 0 10
0.166667 0.171838 0.011700 200 207 1000 985 2 1000 1000 0 10
0.166667 0.175703 0.011488 200 215 1000 1033 2 1000 1000 0 10
0.166667 0.157685 0.011376 200 188 1000 1007 2 1000 1000 0 10
0.166667 0.164580 0.011794 200 187 1000 966 2 1000 1000 0 10
0.166667 0.181105 0.012202 200 202 1000 947 2 1000 1000 0 10
0.166667 0.185406 0.012177 200 207 1000 945 2 1000 1000 0 10
0.166667 0.141012 0.011022 200 175 1000 1003 2 1000 1000 0 10
0.166667 0.168996 0.011510 200 210 1000 1019 2 1000 1000 0 10
0.166667 0.182754 0.012127 200 212 1000 942 2 1000 1000 0 10
0.166667 0.152548 0.011468 200 183 1000 958 2 1000 1000 0 10
0.166667 0.153019 0.011142 200 191 1000 1031 2 1000 1000 0 10
0.166667 0.155375 0.011155 200 194 1000 1021 2 1000 1000 0 10
0.166667 0.160739 0.011332 200 207 1000 1021 2 1000 1000 0 10
0.166667 0.184257 0.011785 200 227 1000 1001 2 1000 1000 0 10
0.166667 0.161168 0.011268 200 198 1000 1016 2 1000 1000 0 10
0.166667 0.181773 0.011904 200 210 1000 987 2 1000 1000 0 10
0.166667 0.171781 0.011695 200 208 1000 990 2 1000 1000 0 10
0.166667 0.190374 0.012478 200 210 1000 921 2 1000 1000 0 10
0.166667 0.151160 0.011396 200 176 1000 970 2 1000 1000 0 10
0.166667 0.156261 0.011324 200 183 1000 1000 2 1000 1000 0 10
0.166667 0.169610 0.011674 200 206 1000 981 2 1000 1000 0 10
0.166667 0.166112 0.011635 200 192 1000 981 2 1000 1000 0 10
0.166667 0.177672 0.012146 200 203 1000 919 2 1000 1000 0 10
0.166667 0.160459 0.011526 200 182 1000 995 2 1000 1000 0 10
0.166667 0.179731 0.012122 200 208 1000 935 2 1000 1000 0 10
0.166667 0.172019 0.011440 200 215 1000 1024 2 1000 1000 0 10
0.166667 0.162090 0.011587 200 191 1000 973 2 1000 1000 0 10
0.166667 0.146680 0.010936 200 184 1000 1032 2 1000 1000 0 10
0.166667 0.176894 0.011766 200 207 1000 989 2 1000 1000 0 10
0.166667 0.171766 0.011582 200 213 1000 1010 2 1000 1000 0 10
0.166667 0.152281 0.011078 200 189 1000 1014 2 1000 1000 0 10
0.166667 0.157393 0.011357 200 197 1000 1012 2 1000 1000 0 10
0.166667 0.167140 0.011558 200 200 1000 997 2 1000 1000 0 10
0.166667 0.166548 0.011659 200 195 1000 972 2 1000 1000 0 10
0.166667 0.149954 0.011193 200 178 1000 1019 2 1000 1000 0 10
0.166667 0.168530 0.011631 200 201 1000 1003 2 1000 1000 0 10
0.166667 0.169882 0.011620 200 206 1000 1005 2 1000 1000 0 10
0.166667 0.167891 0.011507 200 201 1000 992 2 1000 1000 0 10
0.166667 0.174243 0.011715 200 211 1000 987 2 1000 1000 0 10
0.166667 0.165145 0.011584 200 198 1000 972 2 1000 1000 0 10
0.166667 0.185608 0.011878 200 211 1000 1011 2 1000 1000 0 10
0.166667 0.187679 0.012289 200 215 1000 946 2 1000 1000 0 10
0.166667 0.172866 0.011402 200 209 1000 1052 2 1000 1000 0 10
0.166667 0.140582 0.011026 200 172 1000 1009 2 1000 1000 0 10
0.166667 0.181737 0.011854 200 209 1000 986 2 1000 1000 0 10
0.166667 0.166668 0.011311 200 205 1000 1038 2 1000 1000 0 10
0.166667 0.172402 0.011746 200 206 1000 988 2 1000 1000 0 10
0.166667 0.178891 0.011576 200 226 1000 1023 2 1000 1000 0 10
0.166667 0.175990 0.011426 200 224 1000 1047 2 1000 1000 0 10
0.166667 0.165487 0.011662 200 188 1000 986 2 1000 1000 0 10
0.166667 0.158724 0.011329 200 189 1000 1002 2 1000 1000 0 10
0.166667 0.163980 0.011722 200 196 1000 962 2 1000 1000 0 10
0.166667 0.155505 0.011211 200 188 1000 1021 2 1000 1000 0 10
0.166667 0.139171 0.010777 200 169 1000 1022 2 1000 1000 0 10
0.166667 0.189320 0.012247 200 212 1000 962 2 1000 1000 0 10
0.166667 0.158082 0.011164 200 192 1000 1014 2 1000 1000 0 10
0.166667 0.175459 0.011524 200 221 1000 1030 2 1000 1000 0 10
0.166667 0.155423 0.011346 200 183 1000 996 2 1000 1000 0 10
0.166667 0.170628 0.011835 200 198 1000 970 2 1000 1000 0 10
0.166667 0.182291 0.011964 200 215 1000 979 2 1000 1000 0 10
0.166667 0.145328 0.010977 200 177 1000 1033 2 1000 1000 0 10
0.166667 0.168175 0.011537 200 200 1000 996 2 1000 1000 0 10
0.166667 0.162434 0.011492 200 192 1000 993 2 1000 1000 0 10
0.166667 0.160367 0.011487 200 199 1000 978 2 1000 1000 0 10
0.166667 0.158960 0.011445 200 193 1000 980 2 1000 1000 0 10
0.166667 0.141693 0.010761 200 171 1000 1051 2 1000 1000 0 10
0.166667 0.169551 0.011529 200 199 1000 1025 2 1000 1000 0 10
0.166667 0.171959 0.011833 200 203 1000 975 2 1000 1000 0 10
0.166667 0.157055 0.011361 200 186 1000 1018 2 1000 1000 0 10
0.166667 0.169603 0.011525 200 203 1000 1013 2 1000 1000 0 10
0.166667 0.189361 0.012085 200 224 1000 966 2 1000 1000 0 10
0.166667 0.166297 0.011441 200 196 1000 997 2 1000 1000 0 10
0.166667 0.143587 0.010916 200 171 1000 1033 2 1000 1000 0 10
0.166667 0.182851 0.011802 200 220 1000 1004 2 1000 1000 0 10
0.166667 0.166094 0.011577 200 196 1000 997 2 1000 1000 0 10
0.166667 0.154991 0.011033 200 196 1000 1050 2 1000 1000 0 10
0.166667 0.168502 0.011506 200 204 1000 1013 2 1000 1000 0 10
0.166667 0.169565 0.011525 200 204 1000 1005 2 1000 1000 0 10
0.166667 0.175922 0.011767 200 201 1000 996 2 1000 1000 0 10
0.166667 0.160847 0.011764 200 184 1000 947 2 1000 1000 0 10
0.166667 0.181954 0.011943 200 221 1000 962 2 1000 1000 0 10
0.166667 0.182295 0.011707 200 225 1000 1021 2 1000 1000 0 10
0.166667 0.156125 0.011271 200 185 1000 999 2 1000 1000 0 10
0.166667 0.148712 0.011066 200 179 1000 1043 2 1000 1000 0 10
0.166667 0.160876 0.011346 200 202 1000 1005 2 1000 1000 0 10
0.166667 0.174603 0.011672 200 208 1000 990 2 1000 1000 0 10
0.166667 0.197697 0.012223 200 230 1000 972 2 1000 1000 0 10
0.166667 0.156169 0.011564 200 189 1000 961 2 1000 1000 0 10
0.166667 0.164677 0.011754 200 189 1000 957 2 1000 1000 0 10
0.166667 0.162236 0.011497 200 192 1000 1020 2 1000 1000 0 10
0.166667 0.160879 0.011394 200 193 1000 1003 2 1000 1000 0 10
0.166667 0.192537 0.012128 200 225 1000 965 2 1000 1000 0 10
0.166667 0.169635 0.011604 200 217 1000 986 2 1000 1000 0 10
0.166667 0.151615 0.011357 200 182 1000 983 2 1000 1000 0 10
0.166667 0.165563 0.011627 200 201 1000 979 2 1000 1000 0 10
0.166667 0.154811 0.011198 200 196 1000 1039 2 1000 1000 0 10
0.166667 0.174991 0.011492 200 213 1000 1040 2 1000 1000 0 10
0.166667 0.153265 0.011391 200 185 1000 994 2 1000 1000 0 10
0.166667 0.178583 0.011244 200 230 1000 1096 2 1000 1000 0 10
0.166667 0.168466 0.011470 200 210 1000 1001 2 1000 1000 0 10
0.166667 0.158949 0.011401 200 195 1000 987 2 1000 1000 0 10
0.166667 0.153856 0.011139 200 189 1000 1034 2 1000 1000 0 10
0.166667 0.142181 0.011014 200 169 1000 1000 2 1000 1000 0 10
0.166667 0.179149 0.011858 200 215 1000 989 2 1000 1000 0 10
0.166667 0.159693 0.011108 200 209 1000 1041 2 1000 1000 0 10
0.166667 0.163281 0.011289 200 194 1000 1048 2 1000 1000 0 10
0.166667 0.152099 0.011062 200 183 1000 1044 2 1000 1000 0 10
0.166667 0.169536 0.011467 200 211 1000 1029 2 1000 1000 0 10
0.166667 0.150957 0.011156 200 181 1000 1009 2 1000 1000 0 10
0.166667 0.178116 0.011769 200 217 1000 992 2 1000 1000 0 10
0.166667 0.169436 0.011613 200 200 1000 1008 2 1000 1000 0 10
0.166667 0.157579 0.011382 200 185 1000 1005 2 1000 1000 0 10
0.166667 0.151649 0.011417 200 184 1000 970 2 1000 1000 0 10
0.166667 0.159565 0.011592 200 194 1000 978 2 1000 1000 0 10
0.166667 0.157711 0.011337 200 191 1000 1004 2 1000 1000 0 10
0.166667 0.168721 0.011466 200 200 1000 1020 2 1000 1000 0 10
0.166667 0.184168 0.012020 200 209 1000 977 2 1000 1000 0 10
0.166667 0.158867 0.011250 200 197 1000 1042 2 1000 1000 0 10
0.166667 0.149171 0.010795 200 185 1000 1083 2 1000 1000 0 10
0.166667 0.171897 0.011655 200 207 1000 995 2 1000 1000 0 10
0.166667 0.148839 0.010979 200 192 1000 1058 2 1000 1000 0 10
0.166667 0.183444 0.012196 200 221 1000 947 2 1000 1000 0 10
0.166667 0.184685 0.012017 200 216 1000 960 2 1000 1000 0 10
0.166667 0.166275 0.011310 200 209 1000 1050 2 1000 1000 0 10
0.166667 0.181083 0.011631 200 213 1000 1034 2 1000 1000 0 10
0.166667 0.167041 0.011540 200 194 1000 1004 2 1000 1000 0 10
0.166667 0.152564 0.011087 200 189 1000 1026 2 1000 1000 0 10
0.166667 0.176784 0.011729 200 213 1000 996 2 1000 1000 0 10
0.166667 0.172432 0.011437 200 210 1000 1028 2 1000 1000 0 10
0.166667 0.178007 0.011756 200 207 1000 989 2 1000 1000 0 10
0.166667 0.177843 0.011893 200 205 1000 987 2 1000 1000 0 10
0.166667 0.168308 0.011679 200 201 1000 977 2 1000 1000 0 10
0.166667 0.169120 0.011524 200 196 1000 1026 2 1000 1000 0 10
0.166667 0.167344 0.011787 200 209 1000 958 2 1000 1000 0 10
0.166667 0.144296 0.010873 200 188 1000 1038 2 1000 1000 0 10
0.166667 0.156695 0.011354 200 184 1000 1002 2 1000 1000 0 10
0.166667 0.164519 0.011353 200 205 1000 1032 2 1000 1000 0 10
0.166667 0.171138 0.011784 200 200 1000 993 2 1000 1000 0 10
0.166667 0.171634 0.011475 200 215 1000 1026 2 1000 1000 0 10
0.166667 0.156353 0.011246 200 193 1000 1010 2 1000 1000 0 10
0.166667 0.168656 0.011351 200 212 1000 1029 2 1000 1000 0 10
0.166667 0.168337 0.011616 200 196 1000 993 2 1000 1000 0 10
0.166667 0.156417 0.011244 200 185 1000 1021 2 1000 1000 0 10
0.166667 0.152974 0.011240 200 191 1000 1001 2 1000 1000 0 10
0.166667 0.161948 0.011444 200 189 1000 1023 2 1000 1000 0 10
0.166667 0.152598 0.010978 200 192 1000 1058 2 1000 1000 0 10
0.166667 0.164011 0.011461 200 192 1000 999 2 1000 1000 0 10
0.166667 0.168685 0.011142 200 216 1000 1075 2 1000 1000 0 10
0.166667 0.171098 0.011493 200 220 1000 1004 2 1000 1000 0 10
0.166667 0.166280 0.011643 200 195 1000 992 2 1000 1000 0 10
0.166667 0.159869 0.011734 200 192 1000 941 2 1000 1000 0 10
0.166667 0.159482 0.011317 200 200 1000 1009 2 1000 1000 0 10
0.166667 0.171147 0.011519 200 220 1000 1033 2 1000 1000 0 10
0.166667 0.174838 0.011739 200 205 1000 989 2 1000 1000 0 10
0.166667 0.143572 0.011394 200 166 1000 951 2 1000 1000 0 10
0.166667 0.178806 0.011537 200 224 1000 1024 2 1000 1000 0 10
0.166667 0.173326 0.012023 200 194 1000 948 2 1000 1000 0 10
0.166667 0.182953 0.011896 200 212 1000 986 2 1000 1000 0 10
0.166667 0.173440 0.011797 200 208 1000 980 2 1000 1000 0 10
0.166667 0.159762 0.011140 200 195 1000 1038 2 1000 1000 0 10
0.166667 0.184061 0.012019 200 220 1000 967 2 1000 1000 0 10
0.166667 0.164611 0.011426 200 203 1000 1002 2 1000 1000 0 10
0.166667 0.175317 0.011585 200 213 1000 1015 2 1000 1000 0 10
0.166667 0.167882 0.011600 200 201 1000 995 2 1000 1000 0 10
0.166667 0.168372 0.011507 200 204 1000 1029 2 1000 1000 0 10
0.166667 0.165378 0.011762 200 184 1000 959 2 1000 1000 0 10
0.166667 0.148966 0.011160 200 182 1000 986 2 1000 1000 0 10
0.166667 0.159110 0.011237 200 188 1000 1040 2 1000 1000 0 10
0.166667 0.172419 0.011878 200 192 1000 972 2 1000 1000 0 10
0.166667 0.170967 0.011613 200 207 1000 1000 2 1000 1000 0 10
0.166667 0.154444 0.011544 200 181 1000 959 2 1000 1000 0 10
0.166667 0.158578 0.011277 200 191 1000 1010 2 1000 1000 0 10
0.166667 0.162379 0.011585 200 193 1000 986 2 1000 1000 0 10
0.166667 0.180779 0.012060 200 212 1000 954 2 1000 1000 0 10
0.166667 0.160610 0.011278 200 198 1000 1018 2 1000 1000 0 10
0.166667 0.178984 0.011968 200 210 1000 972 2 1000 1000 0 10
0.166667 0.154630 0.011251 200 187 1000 1015 2 1000 1000 0 10
0.166667 0.181416 0.012057 200 206 1000 975 2 1000 1000 0 10
0.166667 0.160142 0.011491 200 185 1000 1004 2 1000 1000 0 10
0.166667 0.165570 0.011455 200 208 1000 1005 2 1000 1000 0 10
0.166667 0.172546 0.011665 200 200 1000 997 2 1000 1000 0 10
0.166667 0.164347 0.011295 200 195 1000 1039 2 1000 1000 0 10
0.166667 0.148786 0.010852 200 186 1000 1058 2 1000 1000 0 10
0.166667 0.157998 0.011341 200 195 1000 1012 2 1000 1000 0 10
0.166667 0.151212 0.011506 200 177 1000 939 2 1000 1000 0 10
0.166667 0.142805 0.011182 200 169 1000 1000 2 1000 1000 0 10
0.166667 0.143332 0.010961 200 177 1000 1023 2 1000 1000 0 10
0.166667 0.168660 0.011369 200 207 1000 1041 2 1000 1000 0 10
0.166667 0.160660 0.011611 200 191 1000 984 2 1000 1000 0 10
0.166667 0.193908 0.012307 200 219 1000 942 2 1000 1000 0 10
0.166667 0.171755 0.011510 200 213 1000 1015 2 1000 1000 0 10
0.166667 0.167526 0.011469 200 202 1000 1027 2 1000 1000 0 10
0.166667 0.148435 0.011046 200 178 1000 1038 2 1000 1000 0 10
0.166667 0.173116 0.011511 200 206 1000 1027 2 1000 1000 0 10
0.166667 0.171937 0.011822 200 197 1000 971 2 1000 1000 0 10
0.166667 0.154010 0.011141 200 201 1000 1034 2 1000 1000 0 10
0.166667 0.174127 0.011864 200 205 1000 971 2 1000 1000 0 10
0.166667 0.144944 0.011323 200 172 1000 953 2 1000 1000 0 10
0.166667 0.180798 0.012020 200 214 1000 952 2 1000 1000 0 10
0.166667 0.171693 0.011610 200 204 1000 1018 2 1000 1000 0 10
0.166667 0.168919 0.011640 200 210 1000 984 2 1000 1000 0 10
0.166667 0.165594 0.011550 200 201 1000 1004 2 1000 1000 0 10
0.166667 0.156964 0.011191 200 189 1000 1024 2 1000 1000 0 10
0.166667 0.161145 0.011477 200 198 1000 985 2 1000 1000 0 10
0.166667 0.153776 0.011191 200 183 1000 1010 2 1000 1000 0 10
0.166667 0.159059 0.011412 200 193 1000 1001 2 1000 1000 0 10
0.166667 0.169308 0.011589 200 193 1000 1013 2 1000 1000 0 10
0.166667 0.157432 0.011113 200 201 1000 1059 2 1000 1000 0 10
0.166667 0.179949 0.011694 200 214 1000 1021 2 1000 1000 0 10
0.166667 0.163717 0.011408 200 197 1000 994 2 1000 1000 0 10
0.166667 0.163783 0.011528 200 194 1000 993 2 1000 1000 0 10
0.166667 0.142200 0.010790 200 175 1000 1031 2 1000 1000 0 10
0.166667 0.154514 0.011208 200 188 1000 1026 2 1000 1000 0 10
0.166667 0.154840 0.011149 200 191 1000 1018 2 1000 1000 0 10
0.166667 0.170608 0.011780 200 189 1000 978 2 1000 1000 0 10
0.166667 0.153751 0.011009 200 194 1000 1050 2 1000 1000 0 10
0.166667 0.166726 0.011681 200 200 1000 984 2 1000 1000 0 10
0.166667 0.164920 0.011260 200 202 1000 1046 2 1000 1000 0 10
0.166667 0.179759 0.012000 200 203 1000 970 2 1000 1000 0 10
0.166667 0.186976 0.012077 200 215 1000 969 2 1000 1000 0 10
0.166667 0.178340 0.011515 200 229 1000 1032 2 1000 1000 0 10
0.166667 0.182216 0.011784 200 219 1000 1012 2 1000 1000 0 10
0.166667 0.194823 0.012379 200 227 1000 931 2 1000 1000 0 10
0.166667 0.156119 0.011124 200 196 1000 1034 2 1000 1000 0 10
0.166667 0.163580 0.011336 200 196 1000 1011 2 1000 1000 0 10
0.166667 0.164145 0.011550 200 197 1000 986 2 1000 1000 0 10
0.166667 0.180785 0.011535 200 229 1000 1040 2 1000 1000 0 10
0.166667 0.168778 0.011581 200 206 1000 998 2 1000 1000 0 10
0.166667 0.159846 0.011275 200 196 1000 1018 2 1000 1000 0 10
0.166667 0.168870 0.011865 200 202 1000 957 2 1000 1000 0 10
0.166667 0.179990 0.011972 200 208 1000 974 2 1000 1000 0 10
0.166667 0.172276 0.011822 200 217 1000 967 2 1000 1000 0 10
0.166667 0.168381 0.011514 200 208 1000 1017 2 1000 1000 0 10
0.166667 0.165853 0.011871 200 191 1000 945 2 1000 1000 0 10
0.166667 0.168356 0.011744 200 202 1000 965 2 1000 1000 0 10
0.166667 0.163453 0.011617 200 192 1000 988 2 1000 1000 0 10
0.166667 0.166256 0.011489 200 201 1000 1000 2 1000 1000 0 10
0.166667 0.178525 0.012145 200 191 1000 936 2 1000 1000 0 10
0.166667 0.188887 0.012275 200 224 1000 947 2 1000 1000 0 10
0.166667 0.182030 0.011620 200 230 1000 1029 2 1000 1000 0 10
0.166667 0.196260 0.012461 200 223 1000 938 2 1000 1000 0 10
0.166667 0.184836 0.012064 200 213 1000 980 2 1000 1000 0 10
0.166667 0.166228 0.011489 200 200 1000 1005 2 1000 1000 0 10
0.166667 0.160209 0.011613 200 187 1000 983 2 1000 1000 0 10
0.166667 0.171504 0.011770 200 207 1000 975 2 1000 1000 0 10
0.166667 0.179510 0.011905 200 214 1000 986 2 1000 1000 0 10
0.166667 0.160544 0.011694 200 179 1000 963 2 1000 1000 0 10
0.166667 0.182267 0.011840 200 219 1000 984 2 1000 1000 0 10
0.166667 0.154884 0.011258 200 190 1000 1004 2 1000 1000 0 10
0.166667 0.186934 0.012331 200 214 1000 930 2 1000 1000 0 10
0.166667 0.156303 0.011242 200 193 1000 1009 2 1000 1000 0 10
0.166667 0.169137 0.011664 200 204 1000 984 2 1000 1000 0 10
0.166667 0.154532 0.010947 200 196 1000 1056 2 1000 1000 0 10
0.166667 0.188129 0.011884 200 224 1000 997 2 1000 1000 0 10
0.166667 0.173047 0.011506 200 214 1000 1022 2 1000 1000 0 10
0.166667 0.157133 0.010832 200 201 1000 1082 2 1000 1000 0 10
0.166667 0.154734 0.011059 200 190 1000 1047 2 1000 1000 0 10
0.166667 0.185147 0.011893 200 224 1000 987 2 1000 1000 0 10
0.166667 0.145181 0.010766 200 194 1000 1074 2 1000 1000 0 10
0.166667 0.153506 0.011230 200 185 1000 1017 2 1000 1000 0 10
0.166667 0.148184 0.010942 200 188 1000 1066 2 1000 1000 0 10
0.166667 0.156661 0.011124 200 197 1000 1026 2 1000 1000 0 10
0.166667 0.160894 0.011277 200 197 1000 1026 2 1000 1000 0 10
0.166667 0.159114 0.011172 200 199 1000 1030 2 1000 1000 0 10
0.166667 0.157555 0.011225 200 198 1000 1017 2 1000 1000 0 10
0.166667 0.172242 0.011806 200 204 1000 975 2 1000 1000 0 10
0.166667 0.171424 0.011580 200 214 1000 1003 2 1000 1000 0 10
0.166667 0.174332 0.011543 200 219 1000 1018 2 1000 1000 0 10
0.166667 0.158855 0.011330 200 194 1000 1013 2 1000 1000 0 10
0.166667 0.153644 0.011218 200 182 1000 1025 2 1000 1000 0 10
0.166667 0.177111 0.011584 200 213 1000 1015 2 1000 1000 0 10
0.166667 0.178061 0.011691 200 220 1000 1011 2 1000 1000 0 10
0.166667 0.169740 0.011415 200 210 1000 1024 2 1000 1000 0 10
0.166667 0.154558 0.011041 200 186 1000 1065 2 1000 1000 0 10
0.166667 0.178182 0.011746 200 224 1000 1002 2 1000 1000 0 10
0.166667 0.174978 0.011936 200 205 1000 944 2 1000 1000 0 10
0.166667 0.169258 0.011565 200 204 1000 995 2 1000 1000 0 10
0.166667 0.159919 0.011395 200 195 1000 997 2 1000 1000 0 10
0.166667 0.197251 0.012329 200 230 1000 951 2 1000 1000 0 10
0.166667 0.168636 0.011771 200 196 1000 955 2 1000 1000 0 10
0.166667 0.154536 0.011107 200 191 1000 1054 2 1000 1000 0 10
0.166667 0.164576 0.011468 200 195 1000 1010 2 1000 1000 0 10
0.166667 0.148608 0.011403 200 174 1000 986 2 1000 1000 0 10
0.166667 0.161119 0.011274 200 198 1000 1018 2 1000 1000 0 10
0.166667 0.158778 0.011163 200 200 1000 1041 2 1000 1000 0 10
0.166667 0.176500 0.011632 200 209 1000 1017 2 1000 1000 0 10
0.166667 0.159120 0.011265 200 191 1000 1015 2 1000 1000 0 10
0.166667 0.171240 0.011762 200 194 1000 984 2 1000 1000 0 10
0.166667 0.171764 0.012110 200 190 1000 916 2 1000 1000 0 10
0.166667 0.185375 0.011883 200 228 1000 990 2 1000 1000 0 10
0.166667 0.178082 0.011790 200 210 1000 996 2 1000 1000 0 10
0.166667 0.177151 0.011806 200 208 1000 993 2 1000 1000 0 10
0.166667 0.156268 0.011450 200 182 1000 983 2 1000 1000 0 10
0.166667 0.172669 0.011558 200 205 1000 1017 2 1000 1000 0 10
0.166667 0.165594 0.011715 200 190 1000 980 2 1000 1000 0 10
0.166667 0.173949 0.011789 200 207 1000 977 2 1000 1000 0 10
0.166667 0.155644 0.011037 200 187 1000 1047 2 1000 1000 0 10
0.166667 0.171326 0.011386 200 225 1000 1031 2 1000 1000 0 10
0.166667 0.168438 0.011394 200 208 1000 1027 2 1000 1000 0 10
0.166667 0.178649 0.011960 200 207 1000 974 2 1000 1000 0 10
0.166667 0.165216 0.011661 200 202 1000 973 2 1000 1000 0 10
0.166667 0.178909 0.011669 200 223 1000 1012 2 1000 1000 0 10
0.166667 0.147679 0.011076 200 177 1000 1010 2 1000 1000 0 10
0.166667 0.179304 0.012012 200 214 1000 957 2 1000 1000 0 10
0.166667 0.149742 0.011217 200 179 1000 981 2 1000 1000 0 10
0.166667 0.181730 0.011942 200 218 1000 968 2 1000 1000 0 10
0.166667 0.166373 0.011384 200 203 1000 1045 2 1000 1000 0 10
0.166667 0.166101 0.011317 200 204 1000 1047 2 1000 1000 0 10
0.166667 0.171624 0.011845 200 199 1000 973 2 1000 1000 0 10
0.166667 0.151802 0.011122 200 186 1000 1046 2 1000 1000 0 10
0.166667 0.153117 0.011094 200 188 1000 1034 2 1000 1000 0 10
0.166667 0.151838 0.011046 200 189 1000 1022 2 1000 1000 0 10
0.166667 0.165823 0.011549 200 196 1000 988 2 1000 1000 0 10
0.166667 0.164980 0.011586 200 205 1000 976 2 1000 1000 0 10
0.166667 0.171168 0.011572 200 201 1000 1018 2 1000 1000 0 10
0.166667 0.166021 0.011750 200 190 1000 954 2 1000 1000 0 10
0.166667 0.150286 0.011015 200 188 1000 1044 2 1000 1000 0 10
0.166667 0.172081 0.011528 200 209 1000 1004 2 1000 1000 0 10
0.166667 0.169523 0.011475 200 210 1000 1028 2 1000 1000 0 10
0.166667 0.163976 0.011584 200 197 1000 972 2 1000 1000 0 10
0.166667 0.156521 0.011198 200 191 1000 1015 2 1000 1000 0 10
0.166667 0.150182 0.011172 200 185 1000 1010 2 1000 1000 0 10
0.166667 0.167585 0.011363 200 205 1000 1030 2 1000 1000 0 10
0.166667 0.169006 0.011813 200 198 1000 973 2 1000 1000 0 10
0.166667 0.145446 0.010934 200 189 1000 1046 2 1000 1000 0 10
0.166667 0.176298 0.011782 200 214 1000 978 2 1000 1000 0 10
0.166667 0.159220 0.011513 200 194 1000 969 2 1000 1000 0 10
0.166667 0.169640 0.011325 200 208 1000 1054 2 1000 1000 0 10
0.166667 0.163886 0.011320 200 198 1000 1029 2 1000 1000 0 10
0.166667 0.178836 0.011832 200 204 1000 989 2 1000 1000 0 10
0.166667 0.143689 0.010884 200 181 1000 1029 2 1000 1000 0 10
0.166667 0.178209 0.011777 200 218 1000 981 2 1000 1000 0 10
0.166667 0.140640 0.010782 200 175 1000 1055 2 1000 1000 0 10
0.166667 0.160290 0.011672 200 186 1000 964 2 1000 1000 0 10
0.166667 0.178518 0.011966 200 212 1000 950 2 1000 1000 0 10
0.166667 0.177431 0.011697 200 225 1000 986 2 1000 1000 0 10
0.166667 0.169778 0.011699 200 209 1000 990 2 1000 1000 0 10
0.166667 0.169757 0.011599 200 201 1000 1004 2 1000 1000 0 10
0.166667 0.172512 0.011924 200 206 1000 970 2 1000 1000 0 10
0.166667 0.146149 0.011074 200 182 1000 1018 2 1000 1000 0 10
0.166667 0.166006 0.011268 200 205 1000 1035 2 1000 1000 0 10
0.166667 0.173046 0.011636 200 203 1000 1004 2 1000 1000 0 10
0.166667 0.158033 0.011174 200 193 1000 1038 2 1000 1000 0 10
0.166667 0.170891 0.011314 200 215 1000 1042 2 1000 1000 0 10
0.166667 0.163364 0.010980 200 208 1000 1088 2 1000 1000 0 10
0.166667 0.158938 0.011735 200 181 1000 945 2 1000 1000 0 10
0.166667 0.166706 0.011609 200 196 1000 991 2 1000 1000 0 10
0.166667 0.158694 0.011158 200 191 1000 1043 2 1000 1000 0 10
0.166667 0.164399 0.011473 200 195 1000 1000 2 1000 1000 0 10
0.166667 0.173542 0.011832 200 205 1000 984 2 1000 1000 0 10
0.166667 0.184716 0.011873 200 219 1000 1013 2 1000 1000 0 10
0.166667 0.173843 0.011963 200 194 1000 962 2 1000 1000 0 10
0.166667 0.179222 0.011809 200 213 1000 994 2 1000 1000 0 10
0.166667 0.168360 0.011437 200 209 1000 1042 2 1000 1000 0 10
0.166667 0.183957 0.011982 200 210 1000 973 2 1000 1000 0 10
0.166667 0.173522 0.011630 200 213 1000 1014 2 1000 1000 0 10
0.166667 0.176226 0.011757 200 207 1000 973 2 1000 1000 0 10
0.166667 0.180212 0.011942 200 211 1000 971 2 1000 1000 0 10
0.166667 0.163095 0.011349 200 202 1000 1036 2 1000 1000 0 10
0.166667 0.156250 0.011358 200 190 1000 990 2 1000 1000 0 10
0.166667 0.171889 0.011642 200 202 1000 994 2 1000 1000 0 10
0.166667 0.187146 0.012611 200 201 1000 889 2 1000 1000 0 10
0.166667 0.188125 0.011795 200 236 1000 1004 2 1000 1000 0 10
0.166667 0.186721 0.012310 200 217 1000 936 2 1000 1000 0 10
0.166667 0.148798 0.011157 200 175 1000 1010 2 1000 1000 0 10
0.166667 0.186257 0.012249 200 215 1000 949 2 1000 1000 0 10
0.166667 0.169806 0.011366 200 207 1000 1045 2 1000 1000 0 10
0.166667 0.170510 0.011326 200 225 1000 1058 2 1000 1000 0 10
0.166667 0.139156 0.010752 200 176 1000 1036 2 1000 1000 0 10
0.166667 0.160862 0.011386 200 197 1000 1025 2 1000 1000 0 10
0.166667 0.180777 0.011806 200 221 1000 1009 2 1000 1000 0 10
0.166667 0.181552 0.012251 200 206 1000 941 2 1000 1000 0 10
0.166667 0.170929 0.011551 200 211 1000 1020 2 1000 1000 0 10
0.166667 0.177266 0.011950 200 206 1000 966 2 1000 1000 0 10
0.166667 0.154442 0.011005 200 194 1000 1054 2 1000 1000 0 10
0.166667 0.170831 0.011611 200 209 1000 1011 2 1000 1000 0 10
0.166667 0.167031 0.011527 200 192 1000 1011 2 1000 1000 0 10
0.166667 0.157816 0.011336 200 196 1000 1008 2 1000 1000 0 10
0.166667 0.166228 0.011512 200 192 1000 984 2 1000 1000 0 10
0.166667 0.169166 0.011788 200 192 1000 979 2 1000 1000 0 10
0.166667 0.179101 0.011956 200 206 1000 967 2 1000 1000 0 10
0.166667 0.168974 0.011601 200 197 1000 1000 2 1000 1000 0 10
0.166667 0.141633 0.011083 200 174 1000 990 2 1000 1000 0 10
0.166667 0.171945 0.011565 200 207 1000 1016 2 1000 1000 0 10
0.166667 0.177478 0.011714 200 213 1000 1003 2 1000 1000 0 10
0.166667 0.173975 0.011711 200 210 1000 994 2 1000 1000 0 10
0.166667 0.155508 0.011309 200 189 1000 1010 2 1000 1000 0 10
0.166667 0.188315 0.011816 200 236 1000 1025 2 1000 1000 0 10
0.166667 0.183699 0.011758 200 218 1000 1006 2 1000 1000 0 10
0.166667 0.168229 0.011572 200 201 1000 1007 2 1000 1000 0 10
0.166667 0.174289 0.011749 200 202 1000 995 2 1000 1000 0 10
0.166667 0.139803 0.010855 200 170 1000 1014 2 1000 1000 0 10
0.166667 0.150667 0.011207 200 173 1000 1017 2 1000 1000 0 10
0.166667 0.161181 0.011410 200 194 1000 1014 2 1000 1000 0 10
0.166667 0.162481 0.011458 200 205 1000 994 2 1000 1000 0 10
0.166667 0.174485 0.011812 200 197 1000 979 2 1000 1000 0 10
0.166667 0.162674 0.011442 200 196 1000 1005 2 1000 1000 0 10
0.166667 0.177026 0.011710 200 211 1000 998 2 1000 1000 0 10
0.166667 0.158910 0.011449 200 194 1000 1001 2 1000 1000 0 10
0.166667 0.182487 0.011659 200 224 1000 1018 2 1000 1000 0 10
0.166667 0.166587 0.011845 200 194 1000 954 2 1000 1000 0 10
0.166667 0.163288 0.011378 200 197 1000 1014 2 1000 1000 0 10
0.166667 0.166149 0.011315 200 206 1000 1033 2 1000 1000 0 10
0.166667 0.185049 0.012097 200 209 1000 958 2 1000 1000 0 10
0.166667 0.169261 0.011650 200 198 1000 997 2 1000 1000 0 10
0.166667 0.165324 0.011851 200 189 1000 945 2 1000 1000 0 10
0.166667 0.176773 0.011792 200 205 1000 993 2 1000 1000 0 10
0.166667 0.171742 0.011619 200 205 1000 1009 2 1000 1000 0 10
0.166667 0.169886 0.011318 200 218 1000 1057 2 1000 1000 0 10
0.166667 0.182988 0.011610 200 229 1000 1039 2 1000 1000 0 10
0.166667 0.160947 0.011686 200 176 1000 972 2 1000 1000 0 10
0.166667 0.155400 0.011492 200 178 1000 990 2 1000 1000 0 10
0.166667 0.176603 0.011880 200 211 1000 978 2 1000 1000 0 10
0.166667 0.169196 0.011766 200 201 1000 978 2 1000 1000 0 10
0.166667 0.160864 0.011252 200 193 1000 1039 2 1000 1000 0 10
0.166667 0.161141 0.011456 200 190 1000 978 2 1000 1000 0 10
0.166667 0.149991 0.011127 200 182 1000 1013 2 1000 1000 0 10
0.166667 0.156976 0.011328 200 193 1000 1009 2 1000 1000 0 10
0.166667 0.191072 0.012030 200 220 1000 982 2 1000 1000 0 10
0.166667 0.167788 0.011848 200 184 1000 970 2 1000 1000 0 10
0.166667 0.168767 0.011741 200 199 1000 973 2 1000 1000 0 10
0.166667 0.176734 0.011732 200 218 1000 1006 2 1000 1000 0 10
0.166667 0.179978 0.011738 200 214 1000 1007 2 1000 1000 0 10
0.166667 0.158628 0.011171 200 190 1000 1051 2 1000 1000 0 10
0.166667 0.177525 0.011573 200 214 1000 1042 2 1000 1000 0 10
0.166667 0.141995 0.010736 200 180 1000 1055 2 1000 1000 0 10
0.166667 0.196358 0.012135 200 241 1000 974 2 1000 1000 0 10
0.166667 0.185498 0.012143 200 208 1000 948 2 1000 1000 0 10
0.166667 0.154782 0.011101 200 190 1000 1043 2 1000 1000 0 10
0.166667 0.159693 0.011352 200 195 1000 1008 2 1000 1000 0 10
0.166667 0.176481 0.011864 200 206 1000 965 2 1000 1000 0 10
0.166667 0.179020 0.011808 200 214 1000 994 2 1000 1000 0 10
0.166667 0.159496 0.011432 200 191 1000 985 2 1000 1000 0 10
0.166667 0.163943 0.011460 200 192 1000 1005 2 1000 1000 0 10
0.166667 0.170307 0.011683 200 201 1000 988 2 1000 1000 0 10
0.166667 0.165537 0.011686 200 194 1000 963 2 1000 1000 0 10
0.166667 0.152045 0.010906 200 188 1000 1072 2 1000 1000 0 10
0.166667 0.171930 0.011907 200 199 1000 972 2 1000 1000 0 10
0.166667 0.162874 0.011326 200 203 1000 1020 2 1000 1000 0 10
0.166667 0.180762 0.011861 200 218 1000 984 2 1000 1000 0 10
0.166667 0.131245 0.010502 200 171 1000 1048 2 1000 1000 0 10
0.166667 0.156075 0.011470 200 185 1000 978 2 1000 1000 0 10
0.166667 0.151788 0.011207 200 180 1000 1005 2 1000 1000 0 10
0.166667 0.160872 0.011311 200 190 1000 1026 2 1000 1000 0 10
0.166667 0.175593 0.012079 200 203 1000 953 2 1000 1000 0 10
0.166667 0.171214 0.011537 200 215 1000 1024 2 1000 1000 0 10
0.166667 0.165919 0.011753 200 188 1000 972 2 1000 1000 0 10
0.166667 0.165169 0.011571 200 193 1000 992 2 1000 1000 0 10
0.166667 0.159703 0.011237 200 194 1000 1034 2 1000 1000 0 10
0.166667 0.172759 0.012163 200 192 1000 911 2 1000 1000 0 10
0.166667 0.166787 0.011472 200 202 1000 1008 2 1000 1000 0 10
0.166667 0.164964 0.011572 200 194 1000 986 2 1000 1000 0 10
0.166667 0.170567 0.011881 200 199 1000 947 2 1000 1000 0 10
0.166667 0.163084 0.011337 200 203 1000 1010 2 1000 1000 0 10
0.166667 0.151148 0.011242 200 188 1000 1000 2 1000 1000 0 10
0.166667 0.168721 0.011739 200 196 1000 974 2 1000 1000 0 10
0.166667 0.167453 0.011404 200 205 1000 1027 2 1000 1000 0 10
0.166667 0.171468 0.011762 200 207 1000 971 2 1000 1000 0 10
0.166667 0.168451 0.011467 200 206 1000 1023 2 1000 1000 0 10
0.166667 0.183315 0.012007 200 211 1000 970 2 1000 1000 0 10
0.166667 0.168290 0.011586 200 202 1000 991 2 1000 1000 0 10
0.166667 0.172375 0.011767 200 200 1000 973 2 1000 1000 0 10
0.166667 0.149078 0.011238 200 181 1000 987 2 1000 1000 0 10
0.166667 0.160517 0.011422 200 193 1000 985 2 1000 1000 0 10
0.166667 0.165068 0.011644 200 191 1000 983 2 1000 1000 0 10
0.166667 0.173933 0.011881 200 208 1000 959 2 1000 1000 0 10
0.166667 0.195289 0.012444 200 217 1000 929 2 1000 1000 0 10
0.166667 0.173871 0.011606 200 206 1000 1011 2 1000 1000 0 10
0.166667 0.164654 0.011545 200 196 1000 991 2 1000 1000 0 10
0.166667 0.158320 0.011293 200 198 1000 1006 2 1000 1000 0 10
0.166667 0.168855 0.011661 200 199 1000 983 2 1000 1000 0 10
0.166667 0.164280 0.011488 200 197 1000 1008 2 1000 1000 0 10
0.166667 0.155556 0.011060 200 180 1000 1054 2 1000 1000 0 10
0.166667 0.159374 0.011303 200 193 1000 1016 2 1000 1000 0 10
0.166667 0.174437 0.011580 200 216 1000 1011 2 1000 1000 0 10
0.166667 0.165548 0.011527 200 207 1000 1002 2 1000 1000 0 10
0.166667 0.158951 0.011150 200 201 1000 1024 2 1000 1000 0 10
0.166667 0.171984 0.012063 200 202 1000 941 2 1000 1000 0 10
0.166667 0.166248 0.011385 200 203 1000 1008 2 1000 1000 0 10
0.166667 0.164594 0.011285 200 211 1000 1036 2 1000 1000 0 10
0.166667 0.162079 0.011543 200 187 1000 982 2 1000 1000 0 10
0.166667 0.160006 0.011383 200 187 1000 1004 2 1000 1000 0 10
0.166667 0.167933 0.011617 200 204 1000 991 2 1000 1000 0 10
0.166667 0.181987 0.011889 200 223 1000 982 2 1000 1000 0 10
0.166667 0.187406 0.011942 200 221 1000 1009 2 1000 1000 0 10
0.166667 0.165457 0.011738 200 187 1000 964 2 1000 1000 0 10
0.166667 0.169558 0.011707 200 195 1000 978 2 1000 1000 0 10
0.166667 0.158741 0.011367 200 189 1000 988 2 1000 1000 0 10
0.166667 0.173621 0.012031 200 197 1000 952 2 1000 1000 0 10
0.166667 0.158046 0.011183 200 197 1000 1040 2 1000 1000 0 10
0.166667 0.192023 0.012060 200 230 1000 979 2 1000 1000 0 10
0.166667 0.151281 0.011426 200 172 1000 966 2 1000 1000 0 10
0.166667 0.177711 0.012008 200 204 1000 961 2 1000 1000 0 10
0.166667 0.152323 0.011235 200 189 1000 1008 2 1000 1000 0 10
0.166667 0.152518 0.011290 200 187 1000 994 2 1000 1000 0 10
0.166667 0.179872 0.011933 200 204 1000 977 2 1000 1000 0 10
0.166667 0.164028 0.011770 200 190 1000 964 2 1000 1000 0 10
0.166667 0.177379 0.012106 200 210 1000 950 2 1000 1000 0 10
0.166667 0.169453 0.011299 200 219 1000 1046 2 1000 1000 0 10
0.166667 0.186086 0.012072 200 225 1000 969 2 1000 1000 0 10
0.166667 0.144726 0.011012 200 178 1000 1012 2 1000 1000 0 10
0.166667 0.151556 0.011191 200 193 1000 1043 2 1000 1000 0 10
0.166667 0.156617 0.011486 200 186 1000 983 2 1000 1000 0 10
0.166667 0.187183 0.011995 200 226 1000 967 2 1000 1000 0 10
0.166667 0.143770 0.011080 200 163 1000 1012 2 1000 1000 0 10
0.166667 0.178869 0.011652 200 227 1000 1002 2 1000 1000 0 10
0.166667 0.161509 0.011384 200 194 1000 1002 2 1000 1000 0 10
0.166667 0.176853 0.011747 200 218 1000 996 2 1000 1000 0 10
0.166667 0.170855 0.011670 200 204 1000 981 2 1000 1000 0 10
0.166667 0.164433 0.011507 200 193 1000 988 2 1000 1000 0 10
0.166667 0.136945 0.010841 200 162 1000 1014 2 1000 1000 0 10
0.166667 0.158380 0.011256 200 193 1000 999 2 1000 1000 0 10
0.166667 0.150015 0.010995 200 190 1000 1032 2 1000 1000 0 10
0.166667 0.159710 0.011469 200 193 1000 995 2 1000 1000 0 10
0.166667 0.156342 0.011308 200 186 1000 1024 2 1000 1000 0 10
0.166667 0.167380 0.011643 200 196 1000 999 2 1000 1000 0 10
0.166667 0.152306 0.010945 200 194 1000 1054 2 1000 1000 0 10
0.166667 0.174654 0.011937 200 206 1000 952 2 1000 1000 0 10
0.166667 0.156005 0.011278 200 189 1000 1018 2 1000 1000 0 10
0.166667 0.185920 0.012041 200 214 1000 975 2 1000 1000 0 10
0.166667 0.170782 0.011784 200 198 1000 986 2 1000 1000 0 10
0.166667 0.169579 0.011454 200 215 1000 1028 2 1000 1000 0 10
0.166667 0.163791 0.011421 200 204 1000 1027 2 1000 1000 0 10
0.166667 0.160988 0.011302 200 205 1000 1010 2 1000 1000 0 10
0.166667 0.173209 0.011678 200 206 1000 983 2 1000 1000 0 10
0.166667 0.178667 0.011692 200 221 1000 990 2 1000 1000 0 10
0.166667 0.167412 0.011174 200 214 1000 1072 2 1000 1000 0 10
0.166667 0.156293 0.011302 200 194 1000 1020 2 1000 1000 0 10
0.166667 0.170284 0.011963 200 198 1000 945 2 1000 1000 0 10
0.166667 0.176291 0.011932 200 206 1000 955 2 1000 1000 0 10
0.166667 0.160697 0.011369 200 192 1000 1016 2 1000 1000 0 10
0.166667 0.153745 0.011128 200 180 1000 1030 2 1000 1000 0 10
0.166667 0.198338 0.012355 200 224 1000 949 2 1000 1000 0 10
0.166667 0.181789 0.011888 200 210 1000 991 2 1000 1000 0 10
0.166667 0.155230 0.011322 200 191 1000 998 2 1000 1000 0 10
0.166667 0.174192 0.011790 200 204 1000 980 2 1000 1000 0 10
0.166667 0.161473 0.011295 200 194 1000 999 2 1000 1000 0 10
0.166667 0.171915 0.011946 200 187 1000 962 2 1000 1000 0 10
0.166667 0.165479 0.011386 200 199 1000 1023 2 1000 1000 0 10
0.166667 0.156021 0.011127 200 203 1000 1037 2 1000 1000 0 10
0.166667 0.164106 0.011292 200 202 1000 1023 2 1000 1000 0 10
0.166667 0.186817 0.012349 200 211 1000 927 2 1000 1000 0 10
0.166667 0.184588 0.012081 200 212 1000 947 2 1000 1000 0 10
0.166667 0.154616 0.011089 200 195 1000 1045 2 1000 1000 0 10
0.166667 0.145143 0.011080 200 180 1000 1010 2 1000 1000 0 10
0.166667 0.146200 0.011149 200 175 1000 1002 2 1000 1000 0 10
0.166667 0.162990 0.011308 200 197 1000 1021 2 1000 1000 0 10
0.166667 0.166654 0.011880 200 191 1000 943 2 1000 1000 0 10
0.166667 0.155697 0.011121 200 188 1000 1039 2 1000 1000 0 10
0.166667 0.161128 0.011276 200 193 1000 1027 2 1000 1000 0 10
0.166667 0.171387 0.011676 200 202 1000 998 2 1000 1000 0 10
0.166667 0.165504 0.011401 200 200 1000 1026 2 1000 1000 0 10
0.166667 0.155067 0.011329 200 189 1000 991 2 1000 1000 0 10
0.166667 0.173526 0.011569 200 213 1000 1024 2 1000 1000 0 10
0.166667 0.158919 0.011695 200 183 1000 940 2 1000 1000 0 10
0.166667 0.161469 0.011535 200 200 1000 978 2 1000 1000 0 10
0.166667 0.169896 0.011555 200 214 1000 1011 2 1000 1000 0 10
0.166667 0.173738 0.011484 200 220 1000 1025 2 1000 1000 0 10
0.166667 0.184569 0.011948 200 222 1000 993 2 1000 1000 0 10
0.166667 0.162482 0.011066 200 204 1000 1086 2 1000 1000 0 10
0.166667 0.163682 0.011649 200 187 1000 973 2 1000 1000 0 10
0.166667 0.172021 0.011502 200 211 1000 1020 2 1000 1000 0 10
0.166667 0.163146 0.011569 200 186 1000 1008 2 1000 1000 0 10
0.166667 0.150839 0.011235 200 184 1000 994 2 1000 1000 0 10
0.166667 0.173587 0.011693 200 204 1000 995 2 1000 1000 0 10
0.166667 0.159705 0.011337 200 190 1000 1021 2 1000 1000 0 10
0.166667 0.171368 0.011587 200 209 1000 1007 2 1000 1000 0 10
0.166667 0.163781 0.011464 200 200 1000 1015 2 1000 1000 0 10
0.166667 0.164902 0.011555 200 201 1000 1005 2 1000 1000 0 10
0.166667 0.171841 0.011621 200 197 1000 994 2 1000 1000 0 10
0.166667 0.168025 0.011537 200 208 1000 1000 2 1000 1000 0 10
0.166667 0.146276 0.010977 200 181 1000 1034 2 1000 1000 0 10
0.166667 0.184044 0.011495 200 231 1000 1062 2 1000 1000 0 10
0.166667 0.160469 0.011196 200 204 1000 1046 2 1000 1000 0 10
0.166667 0.176235 0.011642 200 221 1000 999 2 1000 1000 0 10
0.166667 0.161246 0.011317 200 200 1000 1015 2 1000 1000 0 10
0.166667 0.177072 0.011736 200 214 1000 992 2 1000 1000 0 10
0.166667 0.165908 0.011476 200 194 1000 1007 2 1000 1000 0 10
0.166667 0.163712 0.011340 200 201 1000 1022 2 1000 1000 0 10
0.166667 0.167256 0.011552 200 197 1000 1009 2 1000 1000 0 10
0.166667 0.175588 0.012013 200 205 1000 952 2 1000 1000 0 10
0.166667 0.151592 0.011445 200 178 1000 962 2 1000 1000 0 10
0.166667 0.190607 0.012179 200 221 1000 965 2 1000 1000 0 10
0.166667 0.187016 0.011963 200 217 1000 970 2 1000 1000 0 10
0.166667 0.166126 0.011556 200 199 1000 1004 2 1000 1000 0 10
0.166667 0.158129 0.011368 200 186 1000 992 2 1000 1000 0 10
0.166667 0.144351 0.011032 200 176 1000 1021 2 1000 1000 0 10
0.166667 0.179609 0.011838 200 214 1000 986 2 1000 1000 0 10
0.166667 0.155814 0.011314 200 182 1000 1027 2 1000 1000 0 10
0.166667 0.160602 0.011583 200 190 1000 993 2 1000 1000 0 10
0.166667 0.165230 0.011209 200 201 1000 1066 2 1000 1000 0 10
0.166667 0.161580 0.011471 200 196 1000 980 2 1000 1000 0 10
0.166667 0.165420 0.011507 200 196 1000 1003 2 1000 1000 0 10
0.166667 0.167092 0.011614 200 202 1000 1000 2 1000 1000 0 10
0.166667 0.168330 0.011246 200 219 1000 1052 2 1000 1000 0 10
0.166667 0.148454 0.011209 200 185 1000 1014 2 1000 1000 0 10
0.166667 0.168098 0.011706 200 194 1000 979 2 1000 1000 0 10
0.166667 0.170667 0.011569 200 195 1000 1016 2 1000 1000 0 10
0.166667 0.161571 0.011671 200 186 1000 978 2 1000 1000 0 10
0.166667 0.176684 0.011565 200 216 1000 1027 2 1000 1000 0 10
0.166667 0.173034 0.012012 200 189 1000 955 2 1000 1000 0 10
0.166667 0.163521 0.011452 200 195 1000 993 2 1000 1000 0 10
0.166667 0.166010 0.011730 200 190 1000 984 2 1000 1000 0 10
0.166667 0.157522 0.011215 200 202 1000 1024 2 1000 1000 0 10
0.166667 0.136849 0.010614 200 167 1000 1057 2 1000 1000 0 10
0.166667 0.170816 0.011657 200 210 1000 997 2 1000 1000 0 10
0.166667 0.182839 0.011902 200 212 1000 991 2 1000 1000 0 10
0.166667 0.161780 0.011455 200 196 1000 1010 2 1000 1000 0 10
0.166667 0.173713 0.011703 200 205 1000 989 2 1000 1000 0 10
0.166667 0.128660 0.010558 200 153 1000 1035 2 1000 1000 0 10
0.166667 0.162634 0.011410 200 196 1000 1001 2 1000 1000 0 10
0.166667 0.157913 0.011564 200 188 1000 955 2 1000 1000 0 10
0.166667 0.157578 0.011464 200 180 1000 999 2 1000 1000 0 10
0.166667 0.182384 0.012211 200 204 1000 958 2 1000 1000 0 10
0.166667 0.160784 0.011301 200 197 1000 1038 2 1000 1000 0 10
0.166667 0.155241 0.011400 200 188 1000 982 2 1000 1000 0 10
0.166667 0.148383 0.011068 200 173 1000 1036 2 1000 1000 0 10
0.166667 0.166111 0.011432 200 206 1000 1016 2 1000 1000 0 10
0.166667 0.146718 0.011173 200 169 1000 989 2 1000 1000 0 10
0.166667 0.163151 0.011548 200 198 1000 979 2 1000 1000 0 10
0.166667 0.175913 0.011943 200 200 1000 976 2 1000 1000 0 10
0.166667 0.178559 0.011739 200 213 1000 985 2 1000 1000 0 10
0.166667 0.170832 0.011862 200 204 1000 962 2 1000 1000 0 10
0.166667 0.176124 0.011654 200 212 1000 1020 2 1000 1000 0 10
0.166667 0.204926 0.012528 200 237 1000 938 2 1000 1000 0 10
0.166667 0.147338 0.011014 200 187 1000 1020 2 1000 1000 0 10
0.166667 0.170564 0.011833 200 188 1000 975 2 1000 1000 0 10
0.166667 0.160744 0.011543 200 183 1000 983 2 1000 1000 0 10
0.166667 0.171669 0.011476 200 210 1000 1017 2 1000 1000 0 10
0.166667 0.160084 0.011664 200 192 1000 971 2 1000 1000 0 10
0.166667 0.163050 0.011221 200 203 1000 1055 2 1000 1000 0 10
0.166667 0.157422 0.011084 200 196 1000 1056 2 1000 1000 0 10
0.166667 0.163336 0.011483 200 194 1000 990 2 1000 1000 0 10
0.166667 0.166465 0.011274 200 204 1000 1042 2 1000 1000 0 10
0.166667 0.172966 0.011743 200 210 1000 980 2 1000 1000 0 10
0.166667 0.152397 0.011156 200 184 1000 1012 2 1000 1000 0 10
0.166667 0.176457 0.011817 200 217 1000 972 2 1000 1000 0 10
0.166667 0.168560 0.011755 200 201 1000 975 2 1000 1000 0 10
0.166667 0.168549 0.011588 200 198 1000 1003 2 1000 1000 0 10
0.166667 0.159726 0.011200 200 194 1000 1050 2 1000 1000 0 10
0.166667 0.167823 0.011480 200 205 1000 1010 2 1000 1000 0 10
0.166667 0.198076 0.012320 200 235 1000 962 2 1000 1000 0 10
0.166667 0.185607 0.012524 200 200 1000 895 2 1000 1000 0 10
0.166667 0.175975 0.011625 200 218 1000 1003 2 1000 1000 0 10
0.166667 0.177344 0.011804 200 204 1000 981 2 1000 1000 0 10
0.166667 0.157371 0.011557 200 179 1000 983 2 1000 1000 0 10
0.166667 0.149926 0.011341 200 185 1000 985 2 1000 1000 0 10
0.166667 0.176568 0.011668 200 220 1000 1003 2 1000 1000 0 10
0.166667 0.185271 0.011738 200 233 1000 1026 2 1000 1000 0 10
0.166667 0.190128 0.012473 200 213 1000 930 2 1000 1000 0 10
0.166667 0.162767 0.011575 200 198 1000 992 2 1000 1000 0 10
0.166667 0.159672 0.011170 200 197 1000 1030 2 1000 1000 0 10
0.166667 0.173305 0.011524 200 215 1000 1020 2 1000 1000 0 10
0.166667 0.165811 0.011261 200 202 1000 1064 2 1000 1000 0 10
0.166667 0.169741 0.011488 200 201 1000 1017 2 1000 1000 0 10
0.166667 0.160406 0.011216 200 200 1000 1028 2 1000 1000 0 10
0.166667 0.152740 0.011276 200 185 1000 1013 2 1000 1000 0 10
0.166667 0.165335 0.011419 200 197 1000 1016 2 1000 1000 0 10
0.166667 0.160327 0.011036 200 206 1000 1063 2 1000 1000 0 10
0.166667 0.168222 0.011642 200 196 1000 992 2 1000 1000 0 10
0.166667 0.163815 0.011540 200 198 1000 1000 2 1000 1000 0 10
0.166667 0.169683 0.011733 200 201 1000 975 2 1000 1000 0 10
0.166667 0.167104 0.011233 200 204 1000 1060 2 1000 1000 0 10
0.166667 0.159140 0.011528 200 189 1000 983 2 1000 1000 0 10
0.166667 0.160644 0.011231 200 194 1000 1042 2 1000 1000 0 10
0.166667 0.187748 0.011960 200 219 1000 994 2 1000 1000 0 10
0.166667 0.180427 0.011640 200 221 1000 1025 2 1000 1000 0 10
0.166667 0.161523 0.011188 200 201 1000 1055 2 1000 1000 0 10
0.166667 0.164862 0.011491 200 208 1000 983 2 1000 1000 0 10
0.166667 0.177740 0.011726 200 209 1000 997 2 1000 1000 0 10
0.166667 0.150354 0.011271 200 185 1000 1002 2 1000 1000 0 10
0.166667 0.167735 0.011809 200 194 1000 961 2 1000 1000 0 10
0.166667 0.162358 0.011483 200 201 1000 1013 2 1000 1000 0 10
0.166667 0.177135 0.011910 200 207 1000 953 2 1000 1000 0 10
0.166667 0.165238 0.011776 200 183 1000 972 2 1000 1000 0 10
0.166667 0.168374 0.011514 200 208 1000 1016 2 1000 1000 0 10
0.166667 0.176187 0.011751 200 213 1000 978 2 1000 1000 0 10
0.166667 0.173809 0.011708 200 199 1000 988 2 1000 1000 0 10
0.166667 0.183163 0.011920 200 216 1000 989 2 1000 1000 0 10
0.166667 0.162869 0.011203 200 200 1000 1046 2 1000 1000 0 10
0.166667 0.162546 0.011548 200 195 1000 982 2 1000 1000 0 10
0.166667 0.154001 0.011401 200 185 1000 977 2 1000 1000 0 10
0.166667 0.156371 0.010977 200 209 1000 1072 2 1000 1000 0 10
0.166667 0.163285 0.011566 200 190 1000 999 2 1000 1000 0 10
0.166667 0.165272 0.011579 200 192 1000 977 2 1000 1000 0 10
0.166667 0.147825 0.010849 200 177 1000 1077 2 1000 1000 0 10
0.166667 0.169912 0.011799 200 202 1000 964 2 1000 1000 0 10
0.166667 0.167792 0.011553 200 195 1000 1006 2 1000 1000 0 10
0.166667 0.157525 0.011464 200 187 1000 999 2 1000 1000 0 10
0.166667 0.162685 0.011162 200 213 1000 1049 2 1000 1000 0 10
0.166667 0.167007 0.011526 200 196 1000 1008 2 1000 1000 0 10
0.166667 0.178445 0.011437 200 233 1000 1055 2 1000 1000 0 10
0.166667 0.167859 0.011426 200 204 1000 1018 2 1000 1000 0 10
0.166667 0.194116 0.012199 200 241 1000 963 2 1000 1000 0 10
0.166667 0.175557 0.011892 200 200 1000 975 2 1000 1000 0 10
0.166667 0.162335 0.011502 200 191 1000 988 2 1000 1000 0 10
0.166667 0.171934 0.011909 200 194 1000 961 2 1000 1000 0 10
0.166667 0.174101 0.012055 200 200 1000 961 2 1000 1000 0 10
0.166667 0.158036 0.011424 200 190 1000 1002 2 1000 1000 0 10
0.166667 0.176512 0.011320 200 220 1000 1062 2 1000 1000 0 10
0.166667 0.169053 0.011446 200 199 1000 1035 2 1000 1000 0 10
0.166667 0.169552 0.011647 200 208 1000 978 2 1000 1000 0 10
0.166667 0.155214 0.010828 200 206 1000 1074 2 1000 1000 0 10
0.166667 0.171792 0.011804 200 200 1000 961 2 1000 1000 0 10
0.166667 0.166649 0.011294 200 212 1000 1039 2 1000 1000 0 10
0.166667 0.164813 0.011386 200 203 1000 1031 2 1000 1000 0 10
0.166667 0.168567 0.011290 200 214 1000 1064 2 1000 1000 0 10
0.166667 0.161722 0.011139 200 192 1000 1046 2 1000 1000 0 10
0.166667 0.169704 0.011527 200 204 1000 1008 2 1000 1000 0 10
0.166667 0.163689 0.011222 200 208 1000 1026 2 1000 1000 0 10
0.166667 0.168497 0.011534 200 206 1000 1003 2 1000 1000 0 10
0.166667 0.187488 0.012088 200 208 1000 972 2 1000 1000 0 10
0.166667 0.160846 0.011225 200 201 1000 1041 2 1000 1000 0 10
0.166667 0.163510 0.011485 200 195 1000 1003 2 1000 1000 0 10
0.166667 0.158249 0.011323 200 192 1000 998 2 1000 1000 0 10
0.166667 0.185211 0.011975 200 218 1000 970 2 1000 1000 0 10
0.166667 0.166119 0.011363 200 214 1000 1031 2 1000 1000 0 10
0.166667 0.167157 0.011562 200 205 1000 983 2 1000 1000 0 10
0.166667 0.148663 0.010927 200 187 1000 1072 2 1000 1000 0 10
0.166667 0.159856 0.011291 200 190 1000 1029 2 1000 1000 0 10
0.166667 0.156440 0.011554 200 178 1000 965 2 1000 1000 0 10
0.166667 0.180398 0.011771 200 232 1000 1004 2 1000 1000 0 10
0.166667 0.191106 0.012188 200 222 1000 979 2 1000 1000 0 10
0.166667 0.165371 0.011629 200 187 1000 981 2 1000 1000 0 10
0.166667 0.168384 0.011710 200 184 1000 994 2 1000 1000 0 10
0.166667 0.186512 0.012044 200 219 1000 974 2 1000 1000 0 10
0.166667 0.164732 0.011389 200 209 1000 1011 2 1000 1000 0 10
0.166667 0.155936 0.011322 200 190 1000 982 2 1000 1000 0 10
0.166667 0.177045 0.011962 200 200 1000 974 2 1000 1000 0 10
0.166667 0.146430 0.011029 200 177 1000 1026 2 1000 1000 0 10
0.166667 0.175224 0.011733 200 218 1000 991 2 1000 1000 0 10
0.166667 0.153205 0.010965 200 191 1000 1056 2 1000 1000 0 10
0.166667 0.164545 0.011333 200 204 1000 1020 2 1000 1000 0 10
0.166667 0.172352 0.011934 200 202 1000 964 2 1000 1000 0 10
0.166667 0.180604 0.012063 200 210 1000 949 2 1000 1000 0 10
0.166667 0.147962 0.010967 200 186 1000 1015 2 1000 1000 0 10
0.166667 0.191354 0.012334 200 219 1000 935 2 1000 1000 0 10
0.166667 0.157435 0.011462 200 184 1000 985 2 1000 1000 0 10
0.166667 0.174305 0.011583 200 206 1000 1005 2 1000 1000 0 10
0.166667 0.172718 0.011725 200 197 1000 994 2 1000 1000 0 10
0.166667 0.173043 0.011859 200 199 1000 964 2 1000 1000 0 10
0.166667 0.180726 0.012212 200 202 1000 937 2 1000 1000 0 10
0.166667 0.164354 0.011555 200 196 1000 986 2 1000 1000 0 10
0.166667 0.166617 0.011421 200 205 1000 1015 2 1000 1000 0 10
0.166667 0.188774 0.011971 200 227 1000 991 2 1000 1000 0 10
0.166667 0.177441 0.011646 200 216 1000 1021 2 1000 1000 0 10
0.166667 0.168693 0.011466 200 201 1000 1017 2 1000 1000 0 10
0.166667 0.176587 0.011592 200 214 1000 1025 2 1000 1000 0 10
0.166667 0.161483 0.011384 200 204 1000 993 2 1000 1000 0 10
0.166667 0.130438 0.010587 200 165 1000 1044 2 1000 1000 0 10
0.166667 0.178727 0.011893 200 204 1000 981 2 1000 1000 0 10
0.166667 0.186183 0.012540 200 204 1000 908 2 1000 1000 0 10
0.166667 0.155857 0.011626 200 181 1000 957 2 1000 1000 0 10
0.166667 0.168006 0.011703 200 197 1000 970 2 1000 1000 0 10
0.166667 0.159450 0.011422 200 184 1000 1014 2 1000 1000 0 10
0.166667 0.160195 0.011454 200 182 1000 1000 2 1000 1000 0 10
0.166667 0.157913 0.011498 200 193 1000 984 2 1000 1000 0 10
0.166667 0.165577 0.011431 200 203 1000 1030 2 1000 1000 0 10
0.166667 0.176955 0.012003 200 199 1000 969 2 1000 1000 0 10
0.166667 0.158612 0.011317 200 191 1000 1009 2 1000 1000 0 10
0.166667 0.175969 0.011547 200 224 1000 1019 2 1000 1000 0 10
0.166667 0.169713 0.012112 200 191 1000 926 2 1000 1000 0 10
0.166667 0.179102 0.011614 200 223 1000 1015 2 1000 1000 0 10
0.166667 0.147937 0.010909 200 182 1000 1034 2 1000 1000 0 10
0.166667 0.163551 0.011252 200 206 1000 1051 2 1000 1000 0 10
0.166667 0.148330 0.011088 200 176 1000 1029 2 1000 1000 0 10
0.166667 0.170345 0.011596 200 209 1000 995 2 1000 1000 0 10
0.166667 0.161740 0.011251 200 188 1000 1054 2 1000 1000 0 10
0.166667 0.182924 0.011867 200 224 1000 980 2 1000 1000 0 10
0.166667 0.159758 0.011464 200 187 1000 999 2 1000 1000 0 10
0.166667 0.172394 0.011295 200 222 1000 1060 2 1000 1000 0 10
0.166667 0.165584 0.011424 200 209 1000 1017 2 1000 1000 0 10
0.166667 0.179306 0.012134 200 198 1000 942 2 1000 1000 0 10
0.166667 0.176233 0.012070 200 203 1000 952 2 1000 1000 0 10
0.166667 0.165399 0.011532 200 203 1000 1015 2 1000 1000 0 10
0.166667 0.161062 0.011744 200 190 1000 949 2 1000 1000 0 10
0.166667 0.163492 0.011386 200 190 1000 1019 2 1000 1000 0 10
0.166667 0.153143 0.010980 200 192 1000 1058 2 1000 1000 0 10
0.166667 0.161824 0.011711 200 181 1000 954 2 1000 1000 0 10
0.166667 0.172204 0.011867 200 201 1000 974 2 1000 1000 0 10
0.166667 0.180830 0.011828 200 226 1000 987 2 1000 1000 0 10
0.166667 0.166691 0.011644 200 188 1000 972 2 1000 1000 0 10
0.166667 0.168420 0.011680 200 205 1000 997 2 1000 1000 0 10
0.166667 0.173805 0.011990 200 198 1000 949 2 1000 1000 0 10
0.166667 0.172400 0.011644 200 198 1000 1006 2 1000 1000 0 10
0.166667 0.165001 0.011406 200 201 1000 998 2 1000 1000 0 10
0.166667 0.183341 0.011976 200 221 1000 957 2 1000 1000 0 10
0.166667 0.162036 0.011427 200 197 1000 1012 2 1000 1000 0 10
0.166667 0.157942 0.011140 200 198 1000 1027 2 1000 1000 0 10
0.166667 0.183951 0.012092 200 217 1000 959 2 1000 1000 0 10
0.166667 0.171370 0.011827 200 199 1000 972 2 1000 1000 0 10
0.166667 0.171466 0.011656 200 215 1000 1011 2 1000 1000 0 10
0.166667 0.151798 0.011541 200 177 1000 959 2 1000 1000 0 10
0.166667 0.164909 0.011297 200 204 1000 1042 2 1000 1000 0 10
0.166667 0.159480 0.011696 200 177 1000 964 2 1000 1000 0 10
0.166667 0.174033 0.011769 200 206 1000 982 2 1000 1000 0 10
0.166667 0.166298 0.011501 200 195 1000 989 2 1000 1000 0 10
0.166667 0.162901 0.011582 200 184 1000 988 2 1000 1000 0 10
0.166667 0.176366 0.011936 200 196 1000 967 2 1000 1000 0 10
0.166667 0.181125 0.011592 200 216 1000 1042 2 1000 1000 0 10
0.166667 0.171130 0.011234 200 222 1000 1070 2 1000 1000 0 10
0.166667 0.176346 0.011772 200 214 1000 994 2 1000 1000 0 10
0.166667 0.159309 0.011325 200 202 1000 1010 2 1000 1000 0 10
0.166667 0.158350 0.011178 200 201 1000 1032 2 1000 1000 0 10
0.166667 0.148755 0.011319 200 181 1000 975 2 1000 1000 0 10
0.166667 0.154984 0.011334 200 190 1000 978 2 1000 1000 0 10
0.166667 0.172155 0.011445 200 212 1000 1037 2 1000 1000 0 10
0.166667 0.169794 0.011646 200 205 1000 995 2 1000 1000 0 10
0.166667 0.177946 0.011795 200 206 1000 986 2 1000 1000 0 10
0.166667 0.168311 0.011627 200 199 1000 985 2 1000 1000 0 10
0.166667 0.157222 0.011359 200 190 1000 987 2 1000 1000 0 10
0.166667 0.160990 0.011477 200 183 1000 999 2 1000 1000 0 10
0.166667 0.170254 0.011577 200 201 1000 991 2 1000 1000 0 10
0.166667 0.168769 0.011636 200 197 1000 997 2 1000 1000 0 10
0.166667 0.170678 0.011881 200 194 1000 971 2 1000 1000 0 10
0.166667 0.180207 0.012086 200 212 1000 962 2 1000 1000 0 10
0.166667 0.165743 0.011618 200 200 1000 987 2 1000 1000 0 10
0.166667 0.170354 0.011664 200 206 1000 991 2 1000 1000 0 10
0.166667 0.166926 0.011722 200 196 1000 974 2 1000 1000 0 10
0.166667 0.157643 0.011174 200 187 1000 1013 2 1000 1000 0 10
0.166667 0.174507 0.011732 200 217 1000 989 2 1000 1000 0 10
0.166667 0.157846 0.011289 200 193 1000 1008 2 1000 1000 0 10
0.166667 0.165208 0.011679 200 192 1000 980 2 1000 1000 0 10
0.166667 0.183933 0.012008 200 204 1000 974 2 1000 1000 0 10
0.166667 0.174829 0.011554 200 214 1000 1036 2 1000 1000 0 10
0.166667 0.167580 0.011628 200 189 1000 1002 2 1000 1000 0 10
0.166667 0.200263 0.012258 200 246 1000 960 2 1000 1000 0 10
0.166667 0.187352 0.012009 200 228 1000 967 2 1000 1000 0 10
0.166667 0.167637 0.011466 200 204 1000 1017 2 1000 1000 0 10
0.166667 0.181187 0.011741 200 214 1000 1002 2 1000 1000 0 10
0.166667 0.169746 0.011512 200 206 1000 1021 2 1000 1000 0 10
0.166667 0.162403 0.011802 200 193 1000 948 2 1000 1000 0 10
0.166667 0.166477 0.011470 200 206 1000 1012 2 1000 1000 0 10
0.166667 0.175154 0.011644 200 216 1000 1009 2 1000 1000 0 10
0.166667 0.163619 0.011299 200 200 1000 1027 2 1000 1000 0 10
0.166667 0.151972 0.011083 200 189 1000 1033 2 1000 1000 0 10
0.166667 0.158038 0.010926 200 220 1000 1057 2 1000 1000 0 10
0.166667 0.155264 0.011226 200 188 1000 1025 2 1000 1000 0 10
0.166667 0.174723 0.011909 200 199 1000 971 2 1000 1000 0 10
0.166667 0.169252 0.011887 200 193 1000 938 2 1000 1000 0 10
0.166667 0.183192 0.011706 200 227 1000 1022 2 1000 1000 0 10
0.166667 0.158855 0.011496 200 182 1000 1004 2 1000 1000 0 10
0.166667 0.180255 0.011776 200 216 1000 994 2 1000 1000 0 10
0.166667 0.160639 0.011099 200 200 1000 1058 2 1000 1000 0 10
0.166667 0.171952 0.011704 200 209 1000 980 2 1000 1000 0 10
0.166667 0.158791 0.011475 200 193 1000 996 2 1000 1000 0 10
0.166667 0.174553 0.011926 200 203 1000 972 2 1000 1000 0 10
0.166667 0.152404 0.011049 200 184 1000 1048 2 1000 1000 0 10
0.166667 0.161501 0.011710 200 190 1000 960 2 1000 1000 0 10
0.166667 0.163170 0.011286 200 200 1000 1033 2 1000 1000 0 10
0.166667 0.159109 0.011342 200 198 1000 1024 2 1000 1000 0 10
0.166667 0.157296 0.011184 200 192 1000 1038 2 1000 1000 0 10
0.166667 0.178983 0.012006 200 213 1000 952 2 1000 1000 0 10
0.166667 0.157096 0.011452 200 190 1000 981 2 1000 1000 0 10
0.166667 0.172348 0.011942 200 198 1000 962 2 1000 1000 0 10
0.166667 0.168048 0.011832 200 196 1000 968 2 1000 1000 0 10
0.166667 0.176012 0.011644 200 210 1000 1024 2 1000 1000 0 10
0.166667 0.180579 0.012151 200 205 1000 941 2 1000 1000 0 10
0.166667 0.152092 0.011191 200 172 1000 1012 2 1000 1000 0 10
0.166667 0.159175 0.011485 200 197 1000 993 2 1000 1000 0 10
0.166667 0.158695 0.011107 200 200 1000 1044 2 1000 1000 0 10
0.166667 0.176850 0.011679 200 210 1000 1001 2 1000 1000 0 10
0.166667 0.161559 0.011551 200 195 1000 972 2 1000 1000 0 10
0.166667 0.175403 0.011931 200 205 1000 958 2 1000 1000 0 10
0.166667 0.176570 0.011868 200 207 1000 970 2 1000 1000 0 10
0.166667 0.173987 0.011825 200 207 1000 975 2 1000 1000 0 10
0.166667 0.151234 0.010944 200 187 1000 1051 2 1000 1000 0 10
0.166667 0.163068 0.011390 200 201 1000 1012 2 1000 1000 0 10
0.166667 0.183209 0.011896 200 220 1000 982 2 1000 1000 0 10
0.166667 0.170652 0.011536 200 204 1000 1011 2 1000 1000 0 10
0.166667 0.168379 0.011507 200 211 1000 1014 2 1000 1000 0 10
0.166667 0.179323 0.012080 200 198 1000 943 2 1000 1000 0 10
0.166667 0.178820 0.011942 200 201 1000 983 2 1000 1000 0 10
0.166667 0.176424 0.011752 200 219 1000 971 2 1000 1000 0 10
0.166667 0.160135 0.011682 200 184 1000 935 2 1000 1000 0 10
0.166667 0.178124 0.011959 200 204 1000 968 2 1000 1000 0 10
0.166667 0.160523 0.011465 200 204 1000 987 2 1000 1000 0 10
0.166667 0.166327 0.011453 200 195 1000 997 2 1000 1000 0 10
0.166667 0.178815 0.011864 200 216 1000 974 2 1000 1000 0 10
0.166667 0.167832 0.011423 200 200 1000 1035 2 1000 1000 0 10
0.166667 0.150996 0.010921 200 183 1000 1058 2 1000 1000 0 10
0.166667 0.175003 0.011905 200 199 1000 970 2 1000 1000 0 10
0.166667 0.171899 0.011580 200 211 1000 1013 2 1000 1000 0 10
0.166667 0.160616 0.011438 200 194 1000 1002 2 1000 1000 0 10
0.166667 0.182795 0.012165 200 209 1000 952 2 1000 1000 0 10
0.166667 0.168013 0.011516 200 202 1000 1017 2 1000 1000 0 10
0.166667 0.165040 0.011489 200 200 1000 995 2 1000 1000 0 10
0.166667 0.169242 0.011220 200 211 1000 1070 2 1000 1000 0 10
0.166667 0.168828 0.011476 200 207 1000 1007 2 1000 1000 0 10
0.166667 0.155013 0.011286 200 181 1000 1013 2 1000 1000 0 10
0.166667 0.160372 0.011746 200 183 1000 942 2 1000 1000 0 10
0.166667 0.148487 0.010991 200 185 1000 1027 2 1000 1000 0 10
0.166667 0.172935 0.011779 200 197 1000 965 2 1000 1000 0 10
0.166667 0.152868 0.011335 200 184 1000 987 2 1000 1000 0 10
0.166667 0.146987 0.011012 200 183 1000 1019 2 1000 1000 0 10
0.166667 0.144046 0.010929 200 183 1000 1027 2 1000 1000 0 10
0.166667 0.149299 0.011114 200 177 1000 1011 2 1000 1000 0 10
0.166667 0.163571 0.011769 200 195 1000 950 2 1000 1000 0 10
0.166667 0.192384 0.012037 200 231 1000 990 2 1000 1000 0 10
0.166667 0.154401 0.011159 200 192 1000 1014 2 1000 1000 0 10
0.166667 0.157081 0.011119 200 192 1000 1039 2 1000 1000 0 10
0.166667 0.170685 0.011726 200 200 1000 978 2 1000 1000 0 10
0.166667 0.191636 0.012264 200 222 1000 941 2 1000 1000 0 10
0.166667 0.162012 0.011675 200 201 1000 954 2 1000 1000 0 10
0.166667 0.164209 0.011451 200 199 1000 999 2 1000 1000 0 10
0.166667 0.161474 0.011590 200 194 1000 988 2 1000 1000 0 10
0.166667 0.141709 0.011019 200 168 1000 1014 2 1000 1000 0 10
0.166667 0.166476 0.011616 200 193 1000 1000 2 1000 1000 0 10
0.166667 0.161670 0.011460 200 188 1000 1011 2 1000 1000 0 10
0.166667 0.180099 0.011492 200 228 1000 1059 2 1000 1000 0 10
0.166667 0.176727 0.011562 200 222 1000 1024 2 1000 1000 0 10
0.166667 0.180292 0.012160 200 207 1000 929 2 1000 1000 0 10
