0.166667 0.243211 0.051272 20 21 100 95 1 1000 1000 0 3
0.166667 0.166515 0.045416 20 20 100 104 1 1000 1000 0 3
0.166667 0.168324 0.049511 20 14 100 88 1 1000 1000 0 3
0.166667 0.132374 0.041326 20 15 100 109 1 1000 1000 0 3
0.166667 0.187115 0.045092 20 22 100 105 1 1000 1000 0 3
0.166667 0.296416 0.057061 20 20 100 86 1 1000 1000 0 3
0.166667 0.125417 0.043812 20 18 100 91 1 1000 1000 0 3
0.166667 0.151762 0.043407 20 23 100 105 1 1000 1000 0 3
0.166667 0.113395 0.040878 20 17 100 99 1 1000 1000 0 3
0.166667 0.175443 0.045415 20 19 100 95 1 1000 1000 0 3
0.166667 0.260278 0.053195 20 20 100 86 1 1000 1000 0 3
0.166667 0.186969 0.043667 20 17 100 100 1 1000 1000 0 3
0.166667 0.154782 0.041423 20 19 100 112 1 1000 1000 0 3
0.166667 0.134537 0.041398 20 14 100 95 1 1000 1000 0 3
0.166667 0.104347 0.038363 20 20 100 110 1 1000 1000 0 3
0.166667 0.132282 0.042640 20 22 100 99 1 1000 1000 0 3
0.166667 0.164253 0.049223 20 16 100 91 1 1000 1000 0 3
0.166667 0.215995 0.046482 20 22 100 102 1 1000 1000 0 3
0.166667 0.151030 0.041573 20 25 100 123 1 1000 1000 0 3
0.166667 0.190399 0.043869 20 27 100 109 1 1000 1000 0 3
0.166667 0.173523 0.045988 20 19 100 101 1 1000 1000 0 3
0.166667 0.138540 0.047286 20 18 100 93 1 1000 1000 0 3
0.166667 0.196269 0.044167 20 26 100 101 1 1000 1000 0 3
0.166667 0.218154 0.049087 20 19 100 95 1 1000 1000 0 3
0.166667 0.193857 0.046276 20 28 100 97 1 1000 1000 0 3
0.166667 0.148121 0.043773 20 18 100 92 1 1000 1000 0 3
0.166667 0.258327 0.047978 20 21 100 109 1 1000 1000 0 3
0.166667 0.142271 0.045456 20 13 100 94 1 1000 1000 0 3
0.166667 0.187473 0.048280 20 25 100 86 1 1000 1000 0 3
0.166667 0.079508 0.037835 20 19 100 116 1 1000 1000 0 3
0.166667 0.225076 0.046097 20 15 100 108 1 1000 1000 0 3
0.166667 0.166148 0.043984 20 18 100 94 1 1000 1000 0 3
0.166667 0.247326 0.047192 20 28 100 99 1 1000 1000 0 3
0.166667 0.075763 0.037920 20 12 100 99 1 1000 1000 0 3
0.166667 0.110439 0.038691 20 19 100 107 1 1000 1000 0 3
0.166667 0.159007 0.043606 20 22 100 106 1 1000 1000 0 3
0.166667 0.219420 0.046740 20 22 100 92 1 1000 1000 0 3
0.166667 0.136850 0.042217 20 14 100 113 1 1000 1000 0 3
0.166667 0.111634 0.040717 20 24 100 108 1 1000 1000 0 3
0.166667 0.111113 0.038844 20 19 100 106 1 1000 1000 0 3
0.166667 0.147086 0.040537 20 20 100 109 1 1000 1000 0 3
0.166667 0.233882 0.049464 20 25 100 97 1 1000 1000 0 3
0.166667 0.127813 0.038713 20 15 100 113 1 1000 1000 0 3
0.166667 0.153270 0.045252 20 17 100 96 1 1000 1000 0 3
0.166667 0.211788 0.045359 20 26 100 102 1 1000 1000 0 3
0.166667 0.208760 0.045098 20 24 100 101 1 1000 1000 0 3
0.166667 0.133889 0.045699 20 20 100 95 1 1000 1000 0 3
0.166667 0.164430 0.042668 20 14 100 99 1 1000 1000 0 3
0.166667 0.064869 0.037218 20 10 100 112 1 1000 1000 0 3
0.166667 0.131956 0.044143 20 10 100 93 1 1000 1000 0 3
0.166667 0.221121 0.052675 20 21 100 88 1 1000 1000 0 3
0.166667 0.186645 0.042629 20 18 100 118 1 1000 1000 0 3
0.166667 0.071861 0.035353 20 11 100 111 1 1000 1000 0 3
0.166667 0.141233 0.039967 20 21 100 119 1 1000 1000 0 3
0.166667 0.173844 0.041694 20 25 100 105 1 1000 1000 0 3
0.166667 0.242767 0.046687 20 33 100 101 1 1000 1000 0 3
0.166667 0.183619 0.049146 20 14 100 94 1 1000 1000 0 3
0.166667 0.117033 0.040516 20 11 100 110 1 1000 1000 0 3
0.166667 0.231965 0.044909 20 29 100 106 1 1000 1000 0 3
0.166667 0.154792 0.044467 20 22 100 95 1 1000 1000 0 3
0.166667 0.162125 0.041340 20 25 100 107 1 1000 1000 0 3
0.166667 0.222166 0.051390 20 17 100 92 1 1000 1000 0 3
0.166667 0.131502 0.043210 20 18 100 102 1 1000 1000 0 3
0.166667 0.080762 0.036619 20 11 100 106 1 1000 1000 0 3
0.166667 0.195553 0.049346 20 20 100 98 1 1000 1000 0 3
0.166667 0.225560 0.050410 20 30 100 87 1 1000 1000 0 3
0.166667 0.152230 0.044780 20 12 100 94 1 1000 1000 0 3
0.166667 0.162435 0.041012 20 30 100 116 1 1000 1000 0 3
0.166667 0.114769 0.039131 20 16 100 101 1 1000 1000 0 3
0.166667 0.168627 0.040895 20 21 100 119 1 1000 1000 0 3
0.166667 0.196281 0.046454 20 29 100 97 1 1000 1000 0 3
0.166667 0.172784 0.044535 20 27 100 97 1 1000 1000 0 3
0.166667 0.159101 0.048142 20 14 100 91 1 1000 1000 0 3
0.166667 0.231263 0.043875 20 27 100 103 1 1000 1000 0 3
0.166667 0.186497 0.043961 20 26 100 103 1 1000 1000 0 3
0.166667 0.155971 0.044162 20 18 100 104 1 1000 1000 0 3
0.166667 0.068400 0.038144 20 11 100 103 1 1000 1000 0 3
0.166667 0.119033 0.043765 20 15 100 101 1 1000 1000 0 3
0.166667 0.187304 0.043593 20 27 100 119 1 1000 1000 0 3
0.166667 0.208829 0.046941 20 25 100 92 1 1000 1000 0 3
0.166667 0.187791 0.049855 20 25 100 88 1 1000 1000 0 3
0.166667 0.231841 0.049192 20 22 100 94 1 1000 1000 0 3
0.166667 0.193373 0.045620 20 15 100 115 1 1000 1000 0 3
0.166667 0.150497 0.038831 20 15 100 121 1 1000 1000 0 3
0.166667 0.182098 0.042168 20 30 100 114 1 1000 1000 0 3
0.166667 0.114854 0.041067 20 17 100 94 1 1000 1000 0 3
0.166667 0.166792 0.042570 20 27 100 113 1 1000 1000 0 3
0.166667 0.147959 0.046413 20 15 100 94 1 1000 1000 0 3
0.166667 0.076932 0.040884 20 16 100 103 1 1000 1000 0 3
0.166667 0.172941 0.043873 20 22 100 111 1 1000 1000 0 3
0.166667 0.178969 0.042456 20 20 100 106 1 1000 1000 0 3
0.166667 0.151404 0.048815 20 18 100 88 1 1000 1000 0 3
0.166667 0.211891 0.046586 20 15 100 102 1 1000 1000 0 3
0.166667 0.125386 0.046114 20 21 100 89 1 1000 1000 0 3
0.166667 0.084817 0.042754 20 13 100 92 1 1000 1000 0 3
0.166667 0.197236 0.046247 20 21 100 105 1 1000 1000 0 3
0.166667 0.185508 0.049589 20 17 100 99 1 1000 1000 0 3
0.166667 0.184714 0.044997 20 16 100 114 1 1000 1000 0 3
0.166667 0.119071 0.043764 20 23 100 97 1 1000 1000 0 3
0.166667 0.159792 0.044976 20 25 100 105 1 1000 1000 0 3
0.166667 0.125370 0.041562 20 19 100 104 1 1000 1000 0 3
0.166667 0.154617 0.043210 20 20 100 100 1 1000 1000 0 3
0.166667 0.190460 0.048302 20 26 100 97 1 1000 1000 0 3
0.166667 0.178247 0.043494 20 25 100 103 1 1000 1000 0 3
0.166667 0.122499 0.040134 20 18 100 101 1 1000 1000 0 3
0.166667 0.156667 0.043722 20 21 100 105 1 1000 1000 0 3
0.166667 0.187118 0.047764 20 14 100 88 1 1000 1000 0 3
0.166667 0.252179 0.048439 20 26 100 88 1 1000 1000 0 3
0.166667 0.204281 0.047856 20 27 100 88 1 1000 1000 0 3
0.166667 0.175503 0.042779 20 24 100 106 1 1000 1000 0 3
0.166667 0.184355 0.051522 20 22 100 82 1 1000 1000 0 3
0.166667 0.125957 0.044076 20 16 100 84 1 1000 1000 0 3
0.166667 0.159878 0.043725 20 20 100 105 1 1000 1000 0 3
0.166667 0.204609 0.045153 20 21 100 107 1 1000 1000 0 3
0.166667 0.168800 0.044061 20 19 100 102 1 1000 1000 0 3
0.166667 0.189673 0.048638 20 23 100 96 1 1000 1000 0 3
0.166667 0.147058 0.041240 20 18 100 112 1 1000 1000 0 3
0.166667 0.206047 0.045692 20 23 100 92 1 1000 1000 0 3
0.166667 0.243178 0.048501 20 23 100 93 1 1000 1000 0 3
0.166667 0.116165 0.041966 20 14 100 109 1 1000 1000 0 3
0.166667 0.168071 0.044489 20 14 100 106 1 1000 1000 0 3
0.166667 0.193434 0.047090 20 18 100 97 1 1000 1000 0 3
0.166667 0.221110 0.048985 20 27 100 88 1 1000 1000 0 3
0.166667 0.123973 0.039861 20 22 100 113 1 1000 1000 0 3
0.166667 0.191906 0.047020 20 20 100 90 1 1000 1000 0 3
0.166667 0.166445 0.045347 20 12 100 94 1 1000 1000 0 3
0.166667 0.209969 0.040991 20 27 100 112 1 1000 1000 0 3
0.166667 0.115461 0.039547 20 17 100 108 1 1000 1000 0 3
0.166667 0.162442 0.046952 20 21 100 95 1 1000 1000 0 3
0.166667 0.207436 0.047309 20 26 100 103 1 1000 1000 0 3
0.166667 0.175167 0.042147 20 23 100 105 1 1000 1000 0 3
0.166667 0.162500 0.047583 20 19 100 92 1 1000 1000 0 3
0.166667 0.169985 0.045831 20 21 100 98 1 1000 1000 0 3
0.166667 0.108780 0.039273 20 20 100 111 1 1000 1000 0 3
0.166667 0.134156 0.039338 20 21 100 103 1 1000 1000 0 3
0.166667 0.173503 0.041574 20 21 100 121 1 1000 1000 0 3
0.166667 0.181829 0.049047 20 20 100 83 1 1000 1000 0 3
0.166667 0.246644 0.049291 20 26 100 94 1 1000 1000 0 3
0.166667 0.108927 0.037052 20 17 100 122 1 1000 1000 0 3
0.166667 0.179218 0.046134 20 19 100 96 1 1000 1000 0 3
0.166667 0.105632 0.042597 20 9 100 86 1 1000 1000 0 3
0.166667 0.187276 0.047818 20 19 100 88 1 1000 1000 0 3
0.166667 0.224288 0.045111 20 27 100 107 1 1000 1000 0 3
0.166667 0.169853 0.049477 20 14 100 87 1 1000 1000 0 3
0.166667 0.087276 0.037920 20 14 100 114 1 1000 1000 0 3
0.166667 0.183816 0.045028 20 20 100 104 1 1000 1000 0 3
0.166667 0.068211 0.033781 20 12 100 109 1 1000 1000 0 3
0.166667 0.113285 0.040375 20 20 100 95 1 1000 1000 0 3
0.166667 0.154929 0.042111 20 25 100 114 1 1000 1000 0 3
0.166667 0.144596 0.045079 20 19 100 105 1 1000 1000 0 3
0.166667 0.219856 0.046323 20 29 100 102 1 1000 1000 0 3
0.166667 0.153627 0.041438 20 17 100 105 1 1000 1000 0 3
0.166667 0.232586 0.045948 20 21 100 101 1 1000 1000 0 3
0.166667 0.102019 0.039277 20 15 100 111 1 1000 1000 0 3
0.166667 0.120863 0.044040 20 21 100 102 1 1000 1000 0 3
0.166667 0.252545 0.050836 20 25 100 97 1 1000 1000 0 3
0.166667 0.124957 0.042702 20 16 100 100 1 1000 1000 0 3
0.166667 0.167573 0.046418 20 17 100 90 1 1000 1000 0 3
0.166667 0.246095 0.048238 20 27 100 100 1 1000 1000 0 3
0.166667 0.277680 0.054881 20 24 100 76 1 1000 1000 0 3
0.166667 0.157051 0.043323 20 22 100 110 1 1000 1000 0 3
0.166667 0.178239 0.047274 20 21 100 100 1 1000 1000 0 3
0.166667 0.178742 0.045999 20 19 100 94 1 1000 1000 0 3
0.166667 0.235213 0.043732 20 33 100 108 1 1000 1000 0 3
0.166667 0.153101 0.047542 20 16 100 98 1 1000 1000 0 3
0.166667 0.186875 0.048200 20 18 100 97 1 1000 1000 0 3
0.166667 0.137385 0.041833 20 19 100 109 1 1000 1000 0 3
0.166667 0.191167 0.047185 20 23 100 92 1 1000 1000 0 3
0.166667 0.171661 0.047790 20 14 100 96 1 1000 1000 0 3
0.166667 0.135659 0.045355 20 22 100 103 1 1000 1000 0 3
0.166667 0.239268 0.053170 20 20 100 89 1 1000 1000 0 3
0.166667 0.144144 0.043384 20 20 100 99 1 1000 1000 0 3
0.166667 0.158208 0.041150 20 24 100 112 1 1000 1000 0 3
0.166667 0.290807 0.048596 20 32 100 97 1 1000 1000 0 3
0.166667 0.089364 0.039341 20 17 100 102 1 1000 1000 0 3
0.166667 0.194414 0.044800 20 25 100 114 1 1000 1000 0 3
0.166667 0.109917 0.040863 20 20 100 103 1 1000 1000 0 3
0.166667 0.129096 0.041051 20 21 100 98 1 1000 1000 0 3
0.166667 0.142573 0.040171 20 19 100 111 1 1000 1000 0 3
0.166667 0.138597 0.042253 20 17 100 106 1 1000 1000 0 3
0.166667 0.118432 0.040284 20 16 100 99 1 1000 1000 0 3
0.166667 0.232715 0.046259 20 30 100 103 1 1000 1000 0 3
0.166667 0.123924 0.038307 20 21 100 115 1 1000 1000 0 3
0.166667 0.127028 0.038493 20 15 100 116 1 1000 1000 0 3
0.166667 0.226520 0.047662 20 25 100 100 1 1000 1000 0 3
0.166667 0.151607 0.044158 20 14 100 99 1 1000 1000 0 3
0.166667 0.194065 0.041213 20 24 100 119 1 1000 1000 0 3
0.166667 0.175884 0.047914 20 20 100 92 1 1000 1000 0 3
0.166667 0.283611 0.049318 20 23 100 85 1 1000 1000 0 3
0.166667 0.214775 0.051204 20 21 100 94 1 1000 1000 0 3
0.166667 0.164861 0.045892 20 12 100 113 1 1000 1000 0 3
0.166667 0.104009 0.043096 20 18 100 105 1 1000 1000 0 3
0.166667 0.169873 0.046685 20 23 100 96 1 1000 1000 0 3
0.166667 0.183978 0.042544 20 26 100 113 1 1000 1000 0 3
0.166667 0.141401 0.043654 20 15 100 113 1 1000 1000 0 3
0.166667 0.164142 0.044936 20 19 100 106 1 1000 1000 0 3
0.166667 0.164170 0.044035 20 22 100 102 1 1000 1000 0 3
0.166667 0.103531 0.039403 20 16 100 105 1 1000 1000 0 3
0.166667 0.208609 0.047810 20 24 100 96 1 1000 1000 0 3
0.166667 0.198463 0.047488 20 20 100 93 1 1000 1000 0 3
0.166667 0.251241 0.046461 20 28 100 103 1 1000 1000 0 3
0.166667 0.144106 0.040920 20 18 100 112 1 1000 1000 0 3
0.166667 0.203953 0.046220 20 23 100 93 1 1000 1000 0 3
0.166667 0.125174 0.035892 20 16 100 118 1 1000 1000 0 3
0.166667 0.146855 0.043052 20 17 100 98 1 1000 1000 0 3
0.166667 0.130120 0.038349 20 23 100 111 1 1000 1000 0 3
0.166667 0.165445 0.044385 20 26 100 100 1 1000 1000 0 3
0.166667 0.131735 0.040952 20 20 100 111 1 1000 1000 0 3
0.166667 0.085690 0.035614 20 18 100 118 1 1000 1000 0 3
0.166667 0.172643 0.047032 20 23 100 86 1 1000 1000 0 3
0.166667 0.248711 0.045743 20 23 100 111 1 1000 1000 0 3
0.166667 0.227606 0.045818 20 31 100 105 1 1000 1000 0 3
0.166667 0.217439 0.051099 20 24 100 81 1 1000 1000 0 3
0.166667 0.167463 0.045706 20 19 100 102 1 1000 1000 0 3
0.166667 0.150667 0.045485 20 21 100 88 1 1000 1000 0 3
0.166667 0.140899 0.041925 20 22 100 108 1 1000 1000 0 3
0.166667 0.117211 0.040620 20 13 100 117 1 1000 1000 0 3
0.166667 0.090496 0.041844 20 14 100 102 1 1000 1000 0 3
0.166667 0.201770 0.051018 20 25 100 91 1 1000 1000 0 3
0.166667 0.150541 0.043244 20 17 100 106 1 1000 1000 0 3
0.166667 0.219695 0.047538 20 26 100 103 1 1000 1000 0 3
0.166667 0.204148 0.051528 20 20 100 88 1 1000 1000 0 3
0.166667 0.197476 0.045950 20 20 100 97 1 1000 1000 0 3
0.166667 0.026011 0.027096 20 10 100 96 1 1000 1000 0 3
0.166667 0.176837 0.045695 20 27 100 101 1 1000 1000 0 3
0.166667 0.131581 0.041600 20 18 100 105 1 1000 1000 0 3
0.166667 0.135138 0.043771 20 15 100 94 1 1000 1000 0 3
0.166667 0.180754 0.047514 20 20 100 90 1 1000 1000 0 3
0.166667 0.197852 0.049073 20 21 100 89 1 1000 1000 0 3
0.166667 0.201002 0.047389 20 25 100 95 1 1000 1000 0 3
0.166667 0.208209 0.045503 20 22 100 107 1 1000 1000 0 3
0.166667 0.137206 0.046735 20 12 100 87 1 1000 1000 0 3
0.166667 0.209772 0.046206 20 21 100 111 1 1000 1000 0 3
0.166667 0.179990 0.043521 20 22 100 109 1 1000 1000 0 3
0.166667 0.134857 0.043499 20 16 100 96 1 1000 1000 0 3
0.166667 0.201447 0.046888 20 23 100 100 1 1000 1000 0 3
0.166667 0.192614 0.046063 20 21 100 104 1 1000 1000 0 3
0.166667 0.076062 0.039106 20 13 100 86 1 1000 1000 0 3
0.166667 0.154631 0.045603 20 19 100 106 1 1000 1000 0 3
0.166667 0.199215 0.049034 20 21 100 86 1 1000 1000 0 3
0.166667 0.140863 0.044561 20 15 100 94 1 1000 1000 0 3
0.166667 0.171919 0.043727 20 23 100 103 1 1000 1000 0 3
0.166667 0.121712 0.044509 20 15 100 94 1 1000 1000 0 3
0.166667 0.192581 0.041150 20 19 100 114 1 1000 1000 0 3
0.166667 0.178828 0.048025 20 26 100 99 1 1000 1000 0 3
0.166667 0.146035 0.045704 20 25 100 90 1 1000 1000 0 3
0.166667 0.142072 0.047203 20 20 100 87 1 1000 1000 0 3
0.166667 0.147479 0.049050 20 16 100 88 1 1000 1000 0 3
0.166667 0.109823 0.041066 20 16 100 112 1 1000 1000 0 3
0.166667 0.131660 0.044481 20 19 100 101 1 1000 1000 0 3
0.166667 0.132952 0.043205 20 19 100 100 1 1000 1000 0 3
0.166667 0.130599 0.042099 20 15 100 106 1 1000 1000 0 3
0.166667 0.165553 0.043304 20 26 100 103 1 1000 1000 0 3
0.166667 0.171718 0.044179 20 21 100 104 1 1000 1000 0 3
0.166667 0.193412 0.051341 20 14 100 86 1 1000 1000 0 3
0.166667 0.198506 0.049501 20 18 100 103 1 1000 1000 0 3
0.166667 0.186246 0.044931 20 28 100 106 1 1000 1000 0 3
0.166667 0.216576 0.046109 20 29 100 100 1 1000 1000 0 3
0.166667 0.155817 0.051421 20 17 100 83 1 1000 1000 0 3
0.166667 0.214697 0.044180 20 28 100 109 1 1000 1000 0 3
0.166667 0.113046 0.042106 20 17 100 101 1 1000 1000 0 3
0.166667 0.146673 0.039925 20 23 100 115 1 1000 1000 0 3
0.166667 0.106952 0.042212 20 18 100 98 1 1000 1000 0 3
0.166667 0.154696 0.043388 20 19 100 110 1 1000 1000 0 3
0.166667 0.232526 0.050175 20 17 100 91 1 1000 1000 0 3
0.166667 0.115874 0.042087 20 12 100 105 1 1000 1000 0 3
0.166667 0.121448 0.045333 20 17 100 98 1 1000 1000 0 3
0.166667 0.126205 0.039559 20 11 100 115 1 1000 1000 0 3
0.166667 0.084827 0.036803 20 16 100 114 1 1000 1000 0 3
0.166667 0.150387 0.042599 20 22 100 103 1 1000 1000 0 3
0.166667 0.108353 0.043373 20 15 100 86 1 1000 1000 0 3
0.166667 0.172029 0.044365 20 19 100 100 1 1000 1000 0 3
0.166667 0.123128 0.043229 20 14 100 102 1 1000 1000 0 3
0.166667 0.278890 0.048365 20 30 100 95 1 1000 1000 0 3
0.166667 0.150589 0.044103 20 18 100 104 1 1000 1000 0 3
0.166667 0.167451 0.045179 20 20 100 104 1 1000 1000 0 3
0.166667 0.115626 0.039833 20 15 100 95 1 1000 1000 0 3
0.166667 0.139005 0.040641 20 21 100 118 1 1000 1000 0 3
0.166667 0.276266 0.055047 20 24 100 86 1 1000 1000 0 3
0.166667 0.205146 0.050167 20 21 100 80 1 1000 1000 0 3
0.166667 0.087382 0.039700 20 20 100 102 1 1000 1000 0 3
0.166667 0.152609 0.045057 20 18 100 105 1 1000 1000 0 3
0.166667 0.272917 0.047189 20 33 100 101 1 1000 1000 0 3
0.166667 0.151564 0.041287 20 19 100 97 1 1000 1000 0 3
0.166667 0.189188 0.048970 20 21 100 90 1 1000 1000 0 3
0.166667 0.134789 0.043098 20 21 100 92 1 1000 1000 0 3
0.166667 0.182948 0.050728 20 18 100 88 1 1000 1000 0 3
0.166667 0.139595 0.044744 20 20 100 83 1 1000 1000 0 3
0.166667 0.269213 0.048249 20 31 100 104 1 1000 1000 0 3
0.166667 0.115241 0.043826 20 20 100 96 1 1000 1000 0 3
0.166667 0.260904 0.050844 20 28 100 91 1 1000 1000 0 3
0.166667 0.123438 0.041383 20 27 100 115 1 1000 1000 0 3
0.166667 0.139660 0.041605 20 16 100 114 1 1000 1000 0 3
0.166667 0.209785 0.051851 20 24 100 89 1 1000 1000 0 3
0.166667 0.218827 0.044208 20 24 100 114 1 1000 1000 0 3
0.166667 0.098485 0.038572 20 14 100 102 1 1000 1000 0 3
0.166667 0.047070 0.029748 20 19 100 131 1 1000 1000 0 3
0.166667 0.178071 0.043635 20 21 100 94 1 1000 1000 0 3
0.166667 0.142069 0.043833 20 21 100 97 1 1000 1000 0 3
0.166667 0.164989 0.046603 20 19 100 84 1 1000 1000 0 3
0.166667 0.154026 0.048075 20 18 100 100 1 1000 1000 0 3
0.166667 0.157299 0.045488 20 16 100 92 1 1000 1000 0 3
0.166667 0.143148 0.042127 20 22 100 105 1 1000 1000 0 3
0.166667 0.122081 0.041519 20 16 100 93 1 1000 1000 0 3
0.166667 0.138619 0.039689 20 22 100 120 1 1000 1000 0 3
0.166667 0.181025 0.053904 20 12 100 77 1 1000 1000 0 3
0.166667 0.165848 0.046845 20 18 100 103 1 1000 1000 0 3
0.166667 0.113695 0.039204 20 18 100 103 1 1000 1000 0 3
0.166667 0.236676 0.050049 20 24 100 92 1 1000 1000 0 3
0.166667 0.101224 0.037869 20 13 100 110 1 1000 1000 0 3
0.166667 0.192222 0.044350 20 19 100 109 1 1000 1000 0 3
0.166667 0.179061 0.046529 20 20 100 99 1 1000 1000 0 3
0.166667 0.130915 0.039946 20 21 100 105 1 1000 1000 0 3
0.166667 0.120344 0.042670 20 18 100 105 1 1000 1000 0 3
0.166667 0.183907 0.043436 20 26 100 121 1 1000 1000 0 3
0.166667 0.222802 0.044283 20 21 100 114 1 1000 1000 0 3
0.166667 0.158923 0.041821 20 26 100 114 1 1000 1000 0 3
0.166667 0.220237 0.053526 20 20 100 82 1 1000 1000 0 3
0.166667 0.264294 0.051695 20 31 100 97 1 1000 1000 0 3
0.166667 0.177741 0.051288 20 20 100 80 1 1000 1000 0 3
0.166667 0.147222 0.043836 20 23 100 93 1 1000 1000 0 3
0.166667 0.135553 0.039753 20 17 100 118 1 1000 1000 0 3
0.166667 0.068658 0.036997 20 14 100 112 1 1000 1000 0 3
0.166667 0.173108 0.045848 20 18 100 100 1 1000 1000 0 3
0.166667 0.128787 0.046686 20 16 100 89 1 1000 1000 0 3
0.166667 0.208063 0.044790 20 21 100 95 1 1000 1000 0 3
0.166667 0.104284 0.042242 20 16 100 96 1 1000 1000 0 3
0.166667 0.142285 0.038911 20 22 100 119 1 1000 1000 0 3
0.166667 0.130396 0.042124 20 20 100 106 1 1000 1000 0 3
0.166667 0.170254 0.046545 20 18 100 97 1 1000 1000 0 3
0.166667 0.134272 0.043899 20 10 100 108 1 1000 1000 0 3
0.166667 0.105239 0.041550 20 16 100 102 1 1000 1000 0 3
0.166667 0.221700 0.049366 20 22 100 90 1 1000 1000 0 3
0.166667 0.146878 0.043550 20 19 100 102 1 1000 1000 0 3
0.166667 0.096151 0.040733 20 22 100 119 1 1000 1000 0 3
0.166667 0.174907 0.046819 20 19 100 90 1 1000 1000 0 3
0.166667 0.171718 0.045397 20 20 100 103 1 1000 1000 0 3
0.166667 0.156985 0.042966 20 28 100 105 1 1000 1000 0 3
0.166667 0.177945 0.045148 20 19 100 102 1 1000 1000 0 3
0.166667 0.137418 0.038035 20 24 100 135 1 1000 1000 0 3
0.166667 0.225548 0.051625 20 29 100 84 1 1000 1000 0 3
0.166667 0.056611 0.039570 20 13 100 109 1 1000 1000 0 3
0.166667 0.145131 0.047844 20 15 100 93 1 1000 1000 0 3
0.166667 0.150918 0.039571 20 20 100 112 1 1000 1000 0 3
0.166667 0.127007 0.040376 20 19 100 107 1 1000 1000 0 3
0.166667 0.190979 0.050112 20 18 100 90 1 1000 1000 0 3
0.166667 0.177406 0.044026 20 27 100 108 1 1000 1000 0 3
0.166667 0.228227 0.047371 20 20 100 98 1 1000 1000 0 3
0.166667 0.199580 0.045928 20 24 100 95 1 1000 1000 0 3
0.166667 0.239830 0.047139 20 27 100 104 1 1000 1000 0 3
0.166667 0.194175 0.045481 20 24 100 108 1 1000 1000 0 3
0.166667 0.152079 0.043954 20 22 100 98 1 1000 1000 0 3
0.166667 0.150834 0.043252 20 15 100 111 1 1000 1000 0 3
0.166667 0.093007 0.042906 20 14 100 97 1 1000 1000 0 3
0.166667 0.164124 0.044027 20 29 100 110 1 1000 1000 0 3
0.166667 0.148629 0.043877 20 22 100 95 1 1000 1000 0 3
0.166667 0.190212 0.043065 20 26 100 119 1 1000 1000 0 3
0.166667 0.130421 0.037882 20 16 100 110 1 1000 1000 0 3
0.166667 0.172047 0.045138 20 18 100 97 1 1000 1000 0 3
0.166667 0.201584 0.046455 20 31 100 105 1 1000 1000 0 3
0.166667 0.225559 0.046710 20 26 100 100 1 1000 1000 0 3
0.166667 0.183609 0.051176 20 18 100 83 1 1000 1000 0 3
0.166667 0.171589 0.047321 20 21 100 99 1 1000 1000 0 3
0.166667 0.144281 0.042864 20 22 100 110 1 1000 1000 0 3
0.166667 0.182781 0.042257 20 28 100 113 1 1000 1000 0 3
0.166667 0.202210 0.045682 20 25 100 105 1 1000 1000 0 3
0.166667 0.140840 0.040394 20 26 100 96 1 1000 1000 0 3
0.166667 0.195443 0.045868 20 32 100 97 1 1000 1000 0 3
0.166667 0.148386 0.045501 20 15 100 88 1 1000 1000 0 3
0.166667 0.145450 0.046526 20 23 100 86 1 1000 1000 0 3
0.166667 0.111833 0.036322 20 20 100 118 1 1000 1000 0 3
0.166667 0.219659 0.054513 20 23 100 78 1 1000 1000 0 3
0.166667 0.216706 0.051275 20 19 100 83 1 1000 1000 0 3
0.166667 0.084620 0.037210 20 11 100 123 1 1000 1000 0 3
0.166667 0.109964 0.035887 20 12 100 116 1 1000 1000 0 3
0.166667 0.168275 0.050226 20 10 100 78 1 1000 1000 0 3
0.166667 0.161046 0.042678 20 23 100 100 1 1000 1000 0 3
0.166667 0.183526 0.044837 20 24 100 99 1 1000 1000 0 3
0.166667 0.189707 0.045091 20 16 100 96 1 1000 1000 0 3
0.166667 0.115804 0.043343 20 19 100 97 1 1000 1000 0 3
0.166667 0.254308 0.049135 20 30 100 90 1 1000 1000 0 3
0.166667 0.122707 0.041607 20 16 100 114 1 1000 1000 0 3
0.166667 0.113947 0.040843 20 14 100 97 1 1000 1000 0 3
0.166667 0.171036 0.041092 20 19 100 109 1 1000 1000 0 3
0.166667 0.146678 0.041751 20 23 100 115 1 1000 1000 0 3
0.166667 0.155945 0.049476 20 15 100 83 1 1000 1000 0 3
0.166667 0.188506 0.045026 20 23 100 97 1 1000 1000 0 3
0.166667 0.162194 0.042755 20 22 100 108 1 1000 1000 0 3
0.166667 0.089353 0.040318 20 18 100 100 1 1000 1000 0 3
0.166667 0.166583 0.042099 20 24 100 107 1 1000 1000 0 3
0.166667 0.101686 0.039408 20 8 100 109 1 1000 1000 0 3
0.166667 0.195832 0.047319 20 22 100 95 1 1000 1000 0 3
0.166667 0.136030 0.040409 20 14 100 108 1 1000 1000 0 3
0.166667 0.121342 0.041754 20 23 100 114 1 1000 1000 0 3
0.166667 0.140143 0.043056 20 20 100 97 1 1000 1000 0 3
0.166667 0.176087 0.046304 20 17 100 98 1 1000 1000 0 3
0.166667 0.153582 0.045421 20 21 100 93 1 1000 1000 0 3
0.166667 0.166804 0.040098 20 26 100 115 1 1000 1000 0 3
0.166667 0.133347 0.046970 20 16 100 87 1 1000 1000 0 3
0.166667 0.178055 0.051131 20 21 100 99 1 1000 1000 0 3
0.166667 0.153965 0.040045 20 20 100 122 1 1000 1000 0 3
0.166667 0.097687 0.040127 20 19 100 105 1 1000 1000 0 3
0.166667 0.147747 0.045644 20 15 100 85 1 1000 1000 0 3
0.166667 0.124740 0.038720 20 14 100 114 1 1000 1000 0 3
0.166667 0.170167 0.043615 20 17 100 95 1 1000 1000 0 3
0.166667 0.129989 0.040963 20 24 100 103 1 1000 1000 0 3
0.166667 0.204608 0.043696 20 30 100 106 1 1000 1000 0 3
0.166667 0.190518 0.045821 20 17 100 93 1 1000 1000 0 3
0.166667 0.125928 0.045959 20 11 100 98 1 1000 1000 0 3
0.166667 0.167430 0.047722 20 19 100 94 1 1000 1000 0 3
0.166667 0.067470 0.036743 20 16 100 120 1 1000 1000 0 3
0.166667 0.184668 0.046656 20 18 100 97 1 1000 1000 0 3
0.166667 0.214089 0.050063 20 27 100 92 1 1000 1000 0 3
0.166667 0.156508 0.045697 20 20 100 100 1 1000 1000 0 3
0.166667 0.173806 0.046442 20 25 100 87 1 1000 1000 0 3
0.166667 0.170110 0.045852 20 17 100 101 1 1000 1000 0 3
0.166667 0.190672 0.048558 20 19 100 98 1 1000 1000 0 3
0.166667 0.042828 0.033494 20 14 100 119 1 1000 1000 0 3
0.166667 0.228716 0.047047 20 25 100 100 1 1000 1000 0 3
0.166667 0.194856 0.047414 20 25 100 101 1 1000 1000 0 3
0.166667 0.132796 0.046091 20 19 100 90 1 1000 1000 0 3
0.166667 0.138281 0.039878 20 21 100 115 1 1000 1000 0 3
0.166667 0.153423 0.044671 20 21 100 101 1 1000 1000 0 3
0.166667 0.118350 0.042451 20 13 100 92 1 1000 1000 0 3
0.166667 0.127435 0.050988 20 17 100 74 1 1000 1000 0 3
0.166667 0.186735 0.045197 20 19 100 100 1 1000 1000 0 3
0.166667 0.158767 0.043895 20 24 100 108 1 1000 1000 0 3
0.166667 0.185203 0.049794 20 21 100 83 1 1000 1000 0 3
0.166667 0.147902 0.040545 20 17 100 121 1 1000 1000 0 3
0.166667 0.125693 0.042239 20 17 100 98 1 1000 1000 0 3
0.166667 0.210801 0.050982 20 20 100 85 1 1000 1000 0 3
0.166667 0.155510 0.044601 20 18 100 108 1 1000 1000 0 3
0.166667 0.140768 0.048707 20 15 100 83 1 1000 1000 0 3
0.166667 0.190860 0.044509 20 22 100 101 1 1000 1000 0 3
0.166667 0.219620 0.044572 20 31 100 109 1 1000 1000 0 3
0.166667 0.243628 0.048285 20 26 100 96 1 1000 1000 0 3
0.166667 0.125076 0.045124 20 12 100 94 1 1000 1000 0 3
0.166667 0.193869 0.046329 20 18 100 106 1 1000 1000 0 3
0.166667 0.154275 0.044999 20 20 100 99 1 1000 1000 0 3
0.166667 0.150246 0.043681 20 23 100 106 1 1000 1000 0 3
0.166667 0.198120 0.048208 20 25 100 96 1 1000 1000 0 3
0.166667 0.155045 0.050946 20 17 100 97 1 1000 1000 0 3
0.166667 0.139257 0.045311 20 20 100 91 1 1000 1000 0 3
0.166667 0.101126 0.042889 20 18 100 105 1 1000 1000 0 3
0.166667 0.121109 0.042754 20 12 100 96 1 1000 1000 0 3
0.166667 0.063719 0.035285 20 14 100 115 1 1000 1000 0 3
0.166667 0.104029 0.042948 20 12 100 102 1 1000 1000 0 3
0.166667 0.173852 0.050429 20 19 100 83 1 1000 1000 0 3
0.166667 0.198251 0.044008 20 27 100 107 1 1000 1000 0 3
0.166667 0.122991 0.042719 20 18 100 114 1 1000 1000 0 3
0.166667 0.216009 0.049391 20 24 100 91 1 1000 1000 0 3
0.166667 0.248420 0.057300 20 18 100 75 1 1000 1000 0 3
0.166667 0.208861 0.045212 20 19 100 107 1 1000 1000 0 3
0.166667 0.213873 0.046137 20 25 100 96 1 1000 1000 0 3
0.166667 0.159903 0.042119 20 21 100 129 1 1000 1000 0 3
0.166667 0.232350 0.048860 20 26 100 92 1 1000 1000 0 3
0.166667 0.186225 0.047610 20 23 100 97 1 1000 1000 0 3
0.166667 0.182791 0.044164 20 21 100 112 1 1000 1000 0 3
0.166667 0.097081 0.040141 20 16 100 101 1 1000 1000 0 3
0.166667 0.160142 0.044287 20 26 100 108 1 1000 1000 0 3
0.166667 0.212076 0.047210 20 17 100 93 1 1000 1000 0 3
0.166667 0.143512 0.040343 20 19 100 115 1 1000 1000 0 3
0.166667 0.188911 0.048193 20 18 100 99 1 1000 1000 0 3
0.166667 0.126951 0.043476 20 20 100 93 1 1000 1000 0 3
0.166667 0.196569 0.044635 20 19 100 107 1 1000 1000 0 3
0.166667 0.229561 0.049626 20 26 100 90 1 1000 1000 0 3
0.166667 0.119935 0.045231 20 19 100 86 1 1000 1000 0 3
0.166667 0.210643 0.045972 20 29 100 121 1 1000 1000 0 3
0.166667 0.192373 0.048457 20 23 100 87 1 1000 1000 0 3
0.166667 0.145857 0.041186 20 25 100 110 1 1000 1000 0 3
0.166667 0.185011 0.048124 20 18 100 94 1 1000 1000 0 3
0.166667 0.171720 0.042232 20 19 100 112 1 1000 1000 0 3
0.166667 0.132168 0.042335 20 19 100 98 1 1000 1000 0 3
0.166667 0.124355 0.047385 20 14 100 101 1 1000 1000 0 3
0.166667 0.147669 0.045671 20 21 100 90 1 1000 1000 0 3
0.166667 0.210255 0.052187 20 20 100 79 1 1000 1000 0 3
0.166667 0.150576 0.045348 20 24 100 92 1 1000 1000 0 3
0.166667 0.178936 0.046533 20 22 100 102 1 1000 1000 0 3
0.166667 0.116476 0.041137 20 16 100 106 1 1000 1000 0 3
0.166667 0.186036 0.044140 20 18 100 107 1 1000 1000 0 3
0.166667 0.144440 0.041733 20 25 100 113 1 1000 1000 0 3
0.166667 0.136718 0.040019 20 23 100 118 1 1000 1000 0 3
0.166667 0.174289 0.046833 20 19 100 96 1 1000 1000 0 3
0.166667 0.231046 0.050977 20 21 100 87 1 1000 1000 0 3
0.166667 0.137340 0.046536 20 15 100 96 1 1000 1000 0 3
0.166667 0.177561 0.043018 20 16 100 112 1 1000 1000 0 3
0.166667 0.191572 0.048074 20 17 100 95 1 1000 1000 0 3
0.166667 0.165572 0.046384 20 18 100 102 1 1000 1000 0 3
0.166667 0.109790 0.041896 20 20 100 108 1 1000 1000 0 3
0.166667 0.139828 0.042695 20 21 100 95 1 1000 1000 0 3
0.166667 0.240240 0.049217 20 23 100 93 1 1000 1000 0 3
0.166667 0.206994 0.048805 20 18 100 95 1 1000 1000 0 3
0.166667 0.188986 0.048673 20 22 100 97 1 1000 1000 0 3
0.166667 0.128673 0.045319 20 13 100 101 1 1000 1000 0 3
0.166667 0.186865 0.049562 20 21 100 80 1 1000 1000 0 3
0.166667 0.139102 0.041018 20 18 100 105 1 1000 1000 0 3
0.166667 0.108997 0.043284 20 17 100 98 1 1000 1000 0 3
0.166667 0.151402 0.042105 20 19 100 107 1 1000 1000 0 3
0.166667 0.054943 0.035290 20 10 100 107 1 1000 1000 0 3
0.166667 0.144676 0.045209 20 15 100 91 1 1000 1000 0 3
0.166667 0.124652 0.043449 20 16 100 92 1 1000 1000 0 3
0.166667 0.082410 0.034331 20 11 100 110 1 1000 1000 0 3
0.166667 0.154338 0.043457 20 14 100 109 1 1000 1000 0 3
0.166667 0.173214 0.038275 20 23 100 127 1 1000 1000 0 3
0.166667 0.092520 0.034927 20 15 100 125 1 1000 1000 0 3
0.166667 0.177561 0.045340 20 20 100 93 1 1000 1000 0 3
0.166667 0.175168 0.042625 20 18 100 114 1 1000 1000 0 3
0.166667 0.192753 0.046960 20 22 100 87 1 1000 1000 0 3
0.166667 0.087708 0.035941 20 22 100 119 1 1000 1000 0 3
0.166667 0.182627 0.046706 20 18 100 101 1 1000 1000 0 3
0.166667 0.140701 0.040249 20 21 100 116 1 1000 1000 0 3
0.166667 0.198348 0.044953 20 25 100 97 1 1000 1000 0 3
0.166667 0.165089 0.043911 20 23 100 104 1 1000 1000 0 3
0.166667 0.140172 0.041718 20 20 100 99 1 1000 1000 0 3
0.166667 0.147161 0.043614 20 19 100 105 1 1000 1000 0 3
0.166667 0.142943 0.041239 20 19 100 105 1 1000 1000 0 3
0.166667 0.189013 0.043213 20 25 100 107 1 1000 1000 0 3
0.166667 0.191421 0.050271 20 23 100 91 1 1000 1000 0 3
0.166667 0.148000 0.046555 20 21 100 98 1 1000 1000 0 3
0.166667 0.161713 0.050670 20 16 100 76 1 1000 1000 0 3
0.166667 0.142996 0.045314 20 23 100 102 1 1000 1000 0 3
0.166667 0.121781 0.041272 20 26 100 109 1 1000 1000 0 3
0.166667 0.186643 0.042754 20 24 100 106 1 1000 1000 0 3
0.166667 0.142053 0.039743 20 22 100 112 1 1000 1000 0 3
0.166667 0.124495 0.042404 20 16 100 111 1 1000 1000 0 3
0.166667 0.189252 0.045408 20 21 100 100 1 1000 1000 0 3
0.166667 0.181885 0.046226 20 21 100 87 1 1000 1000 0 3
0.166667 0.181376 0.047352 20 20 100 103 1 1000 1000 0 3
0.166667 0.159987 0.044827 20 17 100 101 1 1000 1000 0 3
0.166667 0.145621 0.045460 20 21 100 101 1 1000 1000 0 3
0.166667 0.110709 0.042016 20 23 100 102 1 1000 1000 0 3
0.166667 0.175748 0.045291 20 16 100 110 1 1000 1000 0 3
0.166667 0.090720 0.041325 20 11 100 98 1 1000 1000 0 3
0.166667 0.082732 0.035477 20 12 100 120 1 1000 1000 0 3
0.166667 0.287574 0.052618 20 25 100 85 1 1000 1000 0 3
0.166667 0.123466 0.037863 20 15 100 120 1 1000 1000 0 3
0.166667 0.134800 0.041562 20 19 100 99 1 1000 1000 0 3
0.166667 0.259943 0.046241 20 27 100 111 1 1000 1000 0 3
0.166667 0.196106 0.048253 20 17 100 92 1 1000 1000 0 3
0.166667 0.158786 0.039805 20 22 100 117 1 1000 1000 0 3
0.166667 0.208745 0.050524 20 25 100 86 1 1000 1000 0 3
0.166667 0.156950 0.049224 20 19 100 89 1 1000 1000 0 3
0.166667 0.218947 0.043121 20 30 100 113 1 1000 1000 0 3
0.166667 0.182810 0.038759 20 26 100 128 1 1000 1000 0 3
0.166667 0.263304 0.050873 20 27 100 85 1 1000 1000 0 3
0.166667 0.175018 0.044137 20 16 100 103 1 1000 1000 0 3
0.166667 0.158682 0.042602 20 21 100 113 1 1000 1000 0 3
0.166667 0.151635 0.041424 20 17 100 109 1 1000 1000 0 3
0.166667 0.224045 0.052084 20 22 100 83 1 1000 1000 0 3
0.166667 0.171007 0.046409 20 24 100 94 1 1000 1000 0 3
0.166667 0.251292 0.047298 20 22 100 109 1 1000 1000 0 3
0.166667 0.077787 0.035671 20 19 100 126 1 1000 1000 0 3
0.166667 0.080259 0.040443 20 10 100 99 1 1000 1000 0 3
0.166667 0.157154 0.049283 20 19 100 88 1 1000 1000 0 3
0.166667 0.231122 0.048087 20 24 100 99 1 1000 1000 0 3
0.166667 0.158633 0.043865 20 17 100 102 1 1000 1000 0 3
0.166667 0.206373 0.047238 20 28 100 101 1 1000 1000 0 3
0.166667 0.123376 0.040890 20 16 100 117 1 1000 1000 0 3
0.166667 0.160269 0.047839 20 21 100 88 1 1000 1000 0 3
0.166667 0.119372 0.039052 20 18 100 98 1 1000 1000 0 3
0.166667 0.161727 0.048148 20 17 100 90 1 1000 1000 0 3
0.166667 0.121518 0.045132 20 21 100 100 1 1000 1000 0 3
0.166667 0.220667 0.047277 20 20 100 97 1 1000 1000 0 3
0.166667 0.147763 0.045849 20 19 100 96 1 1000 1000 0 3
0.166667 0.193518 0.045012 20 20 100 101 1 1000 1000 0 3
0.166667 0.098993 0.036557 20 14 100 109 1 1000 1000 0 3
0.166667 0.202954 0.048548 20 22 100 96 1 1000 1000 0 3
0.166667 0.212703 0.053368 20 20 100 87 1 1000 1000 0 3
0.166667 0.242416 0.050411 20 21 100 93 1 1000 1000 0 3
0.166667 0.198759 0.048310 20 22 100 99 1 1000 1000 0 3
0.166667 0.127885 0.046063 20 17 100 95 1 1000 1000 0 3
0.166667 0.076565 0.036311 20 17 100 106 1 1000 1000 0 3
0.166667 0.115993 0.039656 20 26 100 120 1 1000 1000 0 3
0.166667 0.151888 0.045932 20 19 100 93 1 1000 1000 0 3
0.166667 0.136810 0.047110 20 18 100 89 1 1000 1000 0 3
0.166667 0.166876 0.045532 20 25 100 102 1 1000 1000 0 3
0.166667 0.261516 0.047840 20 28 100 101 1 1000 1000 0 3
0.166667 0.178854 0.043552 20 21 100 104 1 1000 1000 0 3
0.166667 0.116280 0.038582 20 21 100 112 1 1000 1000 0 3
0.166667 0.183010 0.044902 20 17 100 104 1 1000 1000 0 3
0.166667 0.122438 0.039234 20 17 100 107 1 1000 1000 0 3
0.166667 0.112979 0.038746 20 17 100 110 1 1000 1000 0 3
0.166667 0.165672 0.044757 20 17 100 104 1 1000 1000 0 3
0.166667 0.199444 0.050771 20 16 100 96 1 1000 1000 0 3
0.166667 0.156995 0.041736 20 19 100 100 1 1000 1000 0 3
0.166667 0.202594 0.048119 20 25 100 95 1 1000 1000 0 3
0.166667 0.145741 0.043896 20 16 100 90 1 1000 1000 0 3
0.166667 0.100230 0.047097 20 15 100 89 1 1000 1000 0 3
0.166667 0.123990 0.042957 20 14 100 99 1 1000 1000 0 3
0.166667 0.166227 0.042441 20 21 100 110 1 1000 1000 0 3
0.166667 0.149433 0.041726 20 17 100 107 1 1000 1000 0 3
0.166667 0.139264 0.044924 20 20 100 102 1 1000 1000 0 3
0.166667 0.269946 0.048615 20 25 100 89 1 1000 1000 0 3
0.166667 0.228010 0.050012 20 24 100 95 1 1000 1000 0 3
0.166667 0.140432 0.041120 20 22 100 106 1 1000 1000 0 3
0.166667 0.164154 0.038514 20 20 100 124 1 1000 1000 0 3
0.166667 0.200650 0.044672 20 18 100 103 1 1000 1000 0 3
0.166667 0.123349 0.044004 20 18 100 98 1 1000 1000 0 3
0.166667 0.190792 0.045468 20 18 100 92 1 1000 1000 0 3
0.166667 0.119944 0.039132 20 24 100 128 1 1000 1000 0 3
0.166667 0.229194 0.051138 20 24 100 91 1 1000 1000 0 3
0.166667 0.172446 0.042684 20 23 100 104 1 1000 1000 0 3
0.166667 0.133545 0.046273 20 15 100 93 1 1000 1000 0 3
0.166667 0.148316 0.045938 20 16 100 90 1 1000 1000 0 3
0.166667 0.256419 0.049231 20 25 100 96 1 1000 1000 0 3
0.166667 0.165221 0.051212 20 26 100 94 1 1000 1000 0 3
0.166667 0.127278 0.042637 20 16 100 97 1 1000 1000 0 3
0.166667 0.140495 0.042495 20 19 100 100 1 1000 1000 0 3
0.166667 0.149150 0.045076 20 21 100 96 1 1000 1000 0 3
0.166667 0.107296 0.040248 20 13 100 108 1 1000 1000 0 3
0.166667 0.198516 0.050811 20 21 100 91 1 1000 1000 0 3
0.166667 0.164912 0.046882 20 21 100 94 1 1000 1000 0 3
0.166667 0.182659 0.045014 20 21 100 105 1 1000 1000 0 3
0.166667 0.174064 0.042702 20 15 100 98 1 1000 1000 0 3
0.166667 0.155591 0.038035 20 19 100 126 1 1000 1000 0 3
0.166667 0.130823 0.045358 20 12 100 93 1 1000 1000 0 3
0.166667 0.110757 0.041333 20 20 100 102 1 1000 1000 0 3
0.166667 0.104833 0.041127 20 16 100 88 1 1000 1000 0 3
0.166667 0.232540 0.047953 20 21 100 95 1 1000 1000 0 3
0.166667 0.156168 0.046321 20 23 100 88 1 1000 1000 0 3
0.166667 0.216145 0.045776 20 23 100 100 1 1000 1000 0 3
0.166667 0.114726 0.040537 20 24 100 101 1 1000 1000 0 3
0.166667 0.200926 0.052768 20 20 100 87 1 1000 1000 0 3
0.166667 0.127560 0.041954 20 19 100 99 1 1000 1000 0 3
0.166667 0.163299 0.043123 20 23 100 117 1 1000 1000 0 3
0.166667 0.080117 0.036021 20 18 100 115 1 1000 1000 0 3
0.166667 0.134061 0.041413 20 16 100 114 1 1000 1000 0 3
0.166667 0.177400 0.044443 20 25 100 99 1 1000 1000 0 3
0.166667 0.129858 0.046803 20 17 100 91 1 1000 1000 0 3
0.166667 0.276092 0.049538 20 30 100 97 1 1000 1000 0 3
0.166667 0.205936 0.045645 20 20 100 102 1 1000 1000 0 3
0.166667 0.176490 0.045902 20 25 100 99 1 1000 1000 0 3
0.166667 0.164125 0.046263 20 16 100 101 1 1000 1000 0 3
0.166667 0.192568 0.046979 20 23 100 101 1 1000 1000 0 3
0.166667 0.100285 0.039445 20 14 100 107 1 1000 1000 0 3
0.166667 0.197521 0.047115 20 20 100 97 1 1000 1000 0 3
0.166667 0.162385 0.046856 20 21 100 98 1 1000 1000 0 3
0.166667 0.177758 0.041792 20 21 100 109 1 1000 1000 0 3
0.166667 0.148416 0.040450 20 23 100 115 1 1000 1000 0 3
0.166667 0.132871 0.044727 20 16 100 104 1 1000 1000 0 3
0.166667 0.136938 0.042711 20 20 100 108 1 1000 1000 0 3
0.166667 0.130286 0.042810 20 18 100 112 1 1000 1000 0 3
0.166667 0.161414 0.045446 20 21 100 93 1 1000 1000 0 3
0.166667 0.191060 0.044132 20 23 100 111 1 1000 1000 0 3
0.166667 0.152688 0.047207 20 22 100 89 1 1000 1000 0 3
0.166667 0.160003 0.045767 20 23 100 106 1 1000 1000 0 3
0.166667 0.116858 0.037019 20 22 100 116 1 1000 1000 0 3
0.166667 0.145282 0.042025 20 23 100 113 1 1000 1000 0 3
0.166667 0.183859 0.049484 20 24 100 86 1 1000 1000 0 3
0.166667 0.230332 0.048728 20 25 100 92 1 1000 1000 0 3
0.166667 0.143115 0.040728 20 19 100 103 1 1000 1000 0 3
0.166667 0.136270 0.040939 20 20 100 103 1 1000 1000 0 3
0.166667 0.116930 0.039186 20 20 100 109 1 1000 1000 0 3
0.166667 0.168202 0.046628 20 21 100 96 1 1000 1000 0 3
0.166667 0.220692 0.045232 20 25 100 96 1 1000 1000 0 3
0.166667 0.120171 0.044423 20 17 100 100 1 1000 1000 0 3
0.166667 0.148184 0.046942 20 28 100 97 1 1000 1000 0 3
0.166667 0.150192 0.041882 20 12 100 112 1 1000 1000 0 3
0.166667 0.123728 0.041789 20 14 100 96 1 1000 1000 0 3
0.166667 0.177861 0.047537 20 18 100 99 1 1000 1000 0 3
0.166667 0.229897 0.047617 20 22 100 99 1 1000 1000 0 3
0.166667 0.160030 0.045279 20 24 100 104 1 1000 1000 0 3
0.166667 0.163806 0.046022 20 17 100 94 1 1000 1000 0 3
0.166667 0.206109 0.050262 20 19 100 84 1 1000 1000 0 3
0.166667 0.197635 0.046450 20 26 100 97 1 1000 1000 0 3
0.166667 0.171033 0.052000 20 17 100 87 1 1000 1000 0 3
0.166667 0.185629 0.047581 20 19 100 95 1 1000 1000 0 3
0.166667 0.242225 0.051105 20 17 100 88 1 1000 1000 0 3
0.166667 0.200044 0.044605 20 24 100 99 1 1000 1000 0 3
0.166667 0.113232 0.039712 20 17 100 103 1 1000 1000 0 3
0.166667 0.185669 0.050492 20 18 100 95 1 1000 1000 0 3
0.166667 0.188301 0.044517 20 21 100 106 1 1000 1000 0 3
0.166667 0.138359 0.044073 20 17 100 108 1 1000 1000 0 3
0.166667 0.106622 0.040022 20 17 100 103 1 1000 1000 0 3
0.166667 0.188865 0.045535 20 19 100 87 1 1000 1000 0 3
0.166667 0.191586 0.049216 20 23 100 75 1 1000 1000 0 3
0.166667 0.210665 0.049699 20 22 100 89 1 1000 1000 0 3
0.166667 0.189267 0.048137 20 17 100 88 1 1000 1000 0 3
0.166667 0.190363 0.048206 20 21 100 86 1 1000 1000 0 3
0.166667 0.177506 0.044267 20 23 100 98 1 1000 1000 0 3
0.166667 0.205573 0.047514 20 25 100 97 1 1000 1000 0 3
0.166667 0.165000 0.048774 20 29 100 82 1 1000 1000 0 3
0.166667 0.187579 0.048921 20 18 100 85 1 1000 1000 0 3
0.166667 0.231960 0.047591 20 29 100 108 1 1000 1000 0 3
0.166667 0.156598 0.039150 20 17 100 118 1 1000 1000 0 3
0.166667 0.126243 0.038825 20 20 100 117 1 1000 1000 0 3
0.166667 0.267034 0.048366 20 24 100 101 1 1000 1000 0 3
0.166667 0.135071 0.043777 20 19 100 98 1 1000 1000 0 3
0.166667 0.200295 0.050029 20 13 100 90 1 1000 1000 0 3
0.166667 0.197910 0.050571 20 21 100 88 1 1000 1000 0 3
0.166667 0.219681 0.046910 20 25 100 94 1 1000 1000 0 3
0.166667 0.180682 0.048672 20 17 100 96 1 1000 1000 0 3
0.166667 0.166554 0.043939 20 25 100 97 1 1000 1000 0 3
0.166667 0.149793 0.042878 20 20 100 101 1 1000 1000 0 3
0.166667 0.150834 0.039359 20 22 100 123 1 1000 1000 0 3
0.166667 0.176582 0.044470 20 19 100 94 1 1000 1000 0 3
0.166667 0.200121 0.046687 20 25 100 99 1 1000 1000 0 3
0.166667 0.125769 0.041891 20 17 100 96 1 1000 1000 0 3
0.166667 0.208655 0.042891 20 26 100 114 1 1000 1000 0 3
0.166667 0.185863 0.043222 20 22 100 108 1 1000 1000 0 3
0.166667 0.107273 0.038126 20 14 100 108 1 1000 1000 0 3
0.166667 0.216597 0.049611 20 22 100 98 1 1000 1000 0 3
0.166667 0.045183 0.037489 20 11 100 92 1 1000 1000 0 3
0.166667 0.201222 0.043319 20 20 100 122 1 1000 1000 0 3
0.166667 0.151465 0.046867 20 17 100 95 1 1000 1000 0 3
0.166667 0.176255 0.046817 20 16 100 102 1 1000 1000 0 3
0.166667 0.075643 0.034602 20 15 100 118 1 1000 1000 0 3
0.166667 0.134563 0.044482 20 9 100 83 1 1000 1000 0 3
0.166667 0.138149 0.046117 20 15 100 93 1 1000 1000 0 3
0.166667 0.141270 0.040686 20 18 100 103 1 1000 1000 0 3
0.166667 0.165277 0.048405 20 23 100 85 1 1000 1000 0 3
0.166667 0.239594 0.049902 20 22 100 93 1 1000 1000 0 3
0.166667 0.140695 0.046074 20 17 100 83 1 1000 1000 0 3
0.166667 0.203512 0.048849 20 28 100 89 1 1000 1000 0 3
0.166667 0.208179 0.045160 20 26 100 110 1 1000 1000 0 3
0.166667 0.226358 0.046174 20 29 100 91 1 1000 1000 0 3
0.166667 0.227689 0.050991 20 18 100 92 1 1000 1000 0 3
0.166667 0.131232 0.042447 20 18 100 109 1 1000 1000 0 3
0.166667 0.134369 0.044464 20 19 100 92 1 1000 1000 0 3
0.166667 0.208572 0.049774 20 19 100 84 1 1000 1000 0 3
0.166667 0.095226 0.040554 20 19 100 104 1 1000 1000 0 3
0.166667 0.182121 0.047120 20 22 100 88 1 1000 1000 0 3
0.166667 0.220827 0.048447 20 25 100 99 1 1000 1000 0 3
0.166667 0.121786 0.042958 20 15 100 91 1 1000 1000 0 3
0.166667 0.181512 0.048810 20 20 100 91 1 1000 1000 0 3
0.166667 0.117509 0.038416 20 22 100 113 1 1000 1000 0 3
0.166667 0.064125 0.040833 20 13 100 93 1 1000 1000 0 3
0.166667 0.157516 0.046802 20 18 100 87 1 1000 1000 0 3
0.166667 0.240105 0.054415 20 23 100 74 1 1000 1000 0 3
0.166667 0.086061 0.037020 20 16 100 112 1 1000 1000 0 3
0.166667 0.175140 0.043799 20 18 100 104 1 1000 1000 0 3
0.166667 0.200533 0.044440 20 19 100 107 1 1000 1000 0 3
0.166667 0.101852 0.043863 20 17 100 95 1 1000 1000 0 3
0.166667 0.272659 0.052560 20 21 100 87 1 1000 1000 0 3
0.166667 0.212617 0.042986 20 30 100 114 1 1000 1000 0 3
0.166667 0.158841 0.043739 20 22 100 109 1 1000 1000 0 3
0.166667 0.127480 0.039524 20 15 100 109 1 1000 1000 0 3
0.166667 0.137625 0.041762 20 14 100 107 1 1000 1000 0 3
0.166667 0.151483 0.045422 20 13 100 95 1 1000 1000 0 3
0.166667 0.230663 0.046593 20 26 100 104 1 1000 1000 0 3
0.166667 0.153413 0.044947 20 12 100 101 1 1000 1000 0 3
0.166667 0.128735 0.043859 20 18 100 108 1 1000 1000 0 3
0.166667 0.188830 0.046997 20 17 100 100 1 1000 1000 0 3
0.166667 0.199065 0.044958 20 25 100 103 1 1000 1000 0 3
0.166667 0.098935 0.047265 20 15 100 92 1 1000 1000 0 3
0.166667 0.157090 0.043616 20 21 100 104 1 1000 1000 0 3
0.166667 0.199456 0.044012 20 23 100 105 1 1000 1000 0 3
0.166667 0.146552 0.047977 20 20 100 83 1 1000 1000 0 3
0.166667 0.143746 0.044758 20 20 100 90 1 1000 1000 0 3
0.166667 0.084879 0.035624 20 11 100 114 1 1000 1000 0 3
0.166667 0.217248 0.050657 20 18 100 78 1 1000 1000 0 3
0.166667 0.137516 0.044743 20 19 100 99 1 1000 1000 0 3
0.166667 0.153757 0.044096 20 18 100 107 1 1000 1000 0 3
0.166667 0.120914 0.047525 20 21 100 93 1 1000 1000 0 3
0.166667 0.200621 0.046551 20 27 100 104 1 1000 1000 0 3
0.166667 0.193982 0.045413 20 23 100 112 1 1000 1000 0 3
0.166667 0.159639 0.043802 20 19 100 112 1 1000 1000 0 3
0.166667 0.198096 0.047708 20 22 100 105 1 1000 1000 0 3
0.166667 0.154484 0.041021 20 21 100 108 1 1000 1000 0 3
0.166667 0.184745 0.042205 20 25 100 119 1 1000 1000 0 3
0.166667 0.135720 0.043935 20 15 100 98 1 1000 1000 0 3
0.166667 0.220126 0.041847 20 28 100 118 1 1000 1000 0 3
0.166667 0.178399 0.044936 20 25 100 102 1 1000 1000 0 3
0.166667 0.196852 0.046440 20 28 100 89 1 1000 1000 0 3
0.166667 0.186381 0.046125 20 25 100 111 1 1000 1000 0 3
0.166667 0.141166 0.043026 20 21 100 119 1 1000 1000 0 3
0.166667 0.131221 0.040446 20 14 100 98 1 1000 1000 0 3
0.166667 0.129114 0.046653 20 12 100 80 1 1000 1000 0 3
0.166667 0.127158 0.044116 20 14 100 95 1 1000 1000 0 3
0.166667 0.200661 0.046795 20 22 100 95 1 1000 1000 0 3
0.166667 0.172153 0.045991 20 23 100 96 1 1000 1000 0 3
0.166667 0.171223 0.044373 20 19 100 103 1 1000 1000 0 3
0.166667 0.110386 0.038070 20 14 100 116 1 1000 1000 0 3
0.166667 0.266139 0.052892 20 23 100 87 1 1000 1000 0 3
0.166667 0.189982 0.046394 20 20 100 100 1 1000 1000 0 3
0.166667 0.157331 0.043805 20 18 100 106 1 1000 1000 0 3
0.166667 0.167832 0.043024 20 25 100 104 1 1000 1000 0 3
0.166667 0.197638 0.048487 20 28 100 96 1 1000 1000 0 3
0.166667 0.170445 0.048425 20 20 100 86 1 1000 1000 0 3
0.166667 0.158206 0.054590 20 15 100 73 1 1000 1000 0 3
0.166667 0.146901 0.041308 20 19 100 105 1 1000 1000 0 3
0.166667 0.122809 0.043349 20 10 100 89 1 1000 1000 0 3
0.166667 0.162427 0.043531 20 25 100 106 1 1000 1000 0 3
0.166667 0.159940 0.045155 20 18 100 102 1 1000 1000 0 3
0.166667 0.165385 0.048945 20 19 100 103 1 1000 1000 0 3
0.166667 0.123575 0.041904 20 24 100 107 1 1000 1000 0 3
0.166667 0.145961 0.044540 20 20 100 93 1 1000 1000 0 3
0.166667 0.224675 0.045631 20 25 100 98 1 1000 1000 0 3
0.166667 0.139430 0.045916 20 15 100 93 1 1000 1000 0 3
0.166667 0.214780 0.049269 20 24 100 98 1 1000 1000 0 3
0.166667 0.172615 0.046182 20 23 100 103 1 1000 1000 0 3
0.166667 0.140705 0.042312 20 24 100 103 1 1000 1000 0 3
0.166667 0.115877 0.044136 20 22 100 89 1 1000 1000 0 3
0.166667 0.177639 0.047462 20 14 100 94 1 1000 1000 0 3
0.166667 0.238961 0.048223 20 20 100 95 1 1000 1000 0 3
0.166667 0.150096 0.042655 20 18 100 117 1 1000 1000 0 3
0.166667 0.127659 0.039954 20 16 100 102 1 1000 1000 0 3
0.166667 0.231740 0.046484 20 25 100 101 1 1000 1000 0 3
0.166667 0.180911 0.046926 20 17 100 96 1 1000 1000 0 3
0.166667 0.215473 0.047724 20 21 100 95 1 1000 1000 0 3
0.166667 0.160496 0.047220 20 22 100 89 1 1000 1000 0 3
0.166667 0.189057 0.043118 20 19 100 116 1 1000 1000 0 3
0.166667 0.210027 0.049455 20 15 100 104 1 1000 1000 0 3
0.166667 0.088934 0.042264 20 17 100 93 1 1000 1000 0 3
0.166667 0.123082 0.040021 20 22 100 109 1 1000 1000 0 3
0.166667 0.149612 0.042630 20 19 100 101 1 1000 1000 0 3
0.166667 0.149590 0.047039 20 21 100 96 1 1000 1000 0 3
0.166667 0.180080 0.047263 20 19 100 110 1 1000 1000 0 3
0.166667 0.208483 0.043378 20 24 100 115 1 1000 1000 0 3
0.166667 0.130496 0.045288 20 20 100 98 1 1000 1000 0 3
0.166667 0.129246 0.038733 20 14 100 118 1 1000 1000 0 3
0.166667 0.149551 0.048057 20 10 100 100 1 1000 1000 0 3
0.166667 0.185372 0.049659 20 20 100 87 1 1000 1000 0 3
0.166667 0.113241 0.041200 20 17 100 103 1 1000 1000 0 3
0.166667 0.161499 0.045371 20 25 100 93 1 1000 1000 0 3
0.166667 0.119597 0.044095 20 22 100 102 1 1000 1000 0 3
0.166667 0.194050 0.043557 20 27 100 111 1 1000 1000 0 3
0.166667 0.109914 0.036621 20 20 100 126 1 1000 1000 0 3
0.166667 0.231419 0.048520 20 19 100 94 1 1000 1000 0 3
0.166667 0.228662 0.047507 20 27 100 94 1 1000 1000 0 3
0.166667 0.074026 0.035004 20 17 100 118 1 1000 1000 0 3
0.166667 0.264486 0.053027 20 25 100 82 1 1000 1000 0 3
0.166667 0.155666 0.042307 20 20 100 115 1 1000 1000 0 3
0.166667 0.236823 0.046960 20 17 100 110 1 1000 1000 0 3
0.166667 0.161009 0.043645 20 20 100 110 1 1000 1000 0 3
0.166667 0.236117 0.048325 20 23 100 101 1 1000 1000 0 3
0.166667 0.189013 0.046747 20 19 100 100 1 1000 1000 0 3
0.166667 0.036688 0.035105 20 12 100 105 1 1000 1000 0 3
0.166667 0.166885 0.050348 20 19 100 88 1 1000 1000 0 3
0.166667 0.121422 0.039780 20 14 100 106 1 1000 1000 0 3
0.166667 0.166926 0.047887 20 15 100 96 1 1000 1000 0 3
0.166667 0.219009 0.045476 20 26 100 103 1 1000 1000 0 3
0.166667 0.120787 0.045273 20 16 100 90 1 1000 1000 0 3
0.166667 0.120330 0.042617 20 16 100 105 1 1000 1000 0 3
0.166667 0.104803 0.042423 20 11 100 95 1 1000 1000 0 3
0.166667 0.124234 0.043703 20 16 100 101 1 1000 1000 0 3
0.166667 0.241861 0.046719 20 25 100 104 1 1000 1000 0 3
0.166667 0.120739 0.042281 20 15 100 108 1 1000 1000 0 3
0.166667 0.181123 0.045881 20 23 100 92 1 1000 1000 0 3
0.166667 0.116706 0.041026 20 17 100 99 1 1000 1000 0 3
0.166667 0.134370 0.048912 20 18 100 81 1 1000 1000 0 3
0.166667 0.216344 0.045317 20 28 100 102 1 1000 1000 0 3
0.166667 0.180384 0.046914 20 19 100 90 1 1000 1000 0 3
0.166667 0.230754 0.043311 20 25 100 105 1 1000 1000 0 3
0.166667 0.086439 0.037735 20 17 100 95 1 1000 1000 0 3
0.166667 0.170424 0.044883 20 23 100 100 1 1000 1000 0 3
0.166667 0.206281 0.048162 20 24 100 96 1 1000 1000 0 3
0.166667 0.193870 0.044182 20 23 100 100 1 1000 1000 0 3
0.166667 0.209784 0.045040 20 25 100 108 1 1000 1000 0 3
0.166667 0.181630 0.046092 20 23 100 98 1 1000 1000 0 3
0.166667 0.140505 0.044300 20 23 100 113 1 1000 1000 0 3
0.166667 0.141760 0.044594 20 20 100 97 1 1000 1000 0 3
0.166667 0.189631 0.048547 20 22 100 86 1 1000 1000 0 3
0.166667 0.128003 0.042776 20 22 100 100 1 1000 1000 0 3
0.166667 0.140287 0.044637 20 15 100 95 1 1000 1000 0 3
0.166667 0.166046 0.044284 20 18 100 101 1 1000 1000 0 3
0.166667 0.203728 0.050417 20 20 100 91 1 1000 1000 0 3
0.166667 0.155533 0.044864 20 22 100 111 1 1000 1000 0 3
0.166667 0.190147 0.045809 20 25 100 96 1 1000 1000 0 3
0.166667 0.260668 0.048469 20 30 100 97 1 1000 1000 0 3
0.166667 0.110182 0.039073 20 17 100 105 1 1000 1000 0 3
0.166667 0.239581 0.050899 20 22 100 84 1 1000 1000 0 3
0.166667 0.189571 0.044752 20 20 100 107 1 1000 1000 0 3
0.166667 0.099311 0.041419 20 19 100 96 1 1000 1000 0 3
0.166667 0.216054 0.043422 20 21 100 109 1 1000 1000 0 3
0.166667 0.198574 0.047836 20 17 100 98 1 1000 1000 0 3
0.166667 0.129801 0.037591 20 17 100 114 1 1000 1000 0 3
0.166667 0.234210 0.053259 20 28 100 80 1 1000 1000 0 3
0.166667 0.108076 0.044323 20 22 100 92 1 1000 1000 0 3
0.166667 0.175604 0.040680 20 22 100 120 1 1000 1000 0 3
0.166667 0.214995 0.049086 20 20 100 93 1 1000 1000 0 3
0.166667 0.137270 0.045317 20 14 100 96 1 1000 1000 0 3
0.166667 0.161161 0.046609 20 16 100 91 1 1000 1000 0 3
0.166667 0.211457 0.046487 20 28 100 103 1 1000 1000 0 3
0.166667 0.114476 0.040502 20 12 100 106 1 1000 1000 0 3
0.166667 0.117458 0.038966 20 19 100 106 1 1000 1000 0 3
0.166667 0.191622 0.046085 20 20 100 101 1 1000 1000 0 3
0.166667 0.165892 0.042277 20 25 100 113 1 1000 1000 0 3
0.166667 0.098684 0.038209 20 20 100 121 1 1000 1000 0 3
0.166667 0.095744 0.036530 20 19 100 119 1 1000 1000 0 3
0.166667 0.216884 0.046457 20 20 100 105 1 1000 1000 0 3
0.166667 0.133219 0.042923 20 17 100 104 1 1000 1000 0 3
0.166667 0.140599 0.038662 20 17 100 135 1 1000 1000 0 3
0.166667 0.239562 0.048927 20 25 100 95 1 1000 1000 0 3
0.166667 0.164228 0.042985 20 18 100 100 1 1000 1000 0 3
0.166667 0.193874 0.053897 20 19 100 74 1 1000 1000 0 3
0.166667 0.176932 0.044673 20 26 100 107 1 1000 1000 0 3
0.166667 0.222061 0.050069 20 25 100 84 1 1000 1000 0 3
0.166667 0.215441 0.050733 20 24 100 89 1 1000 1000 0 3
0.166667 0.257727 0.053701 20 25 100 80 1 1000 1000 0 3
0.166667 0.114408 0.039380 20 16 100 112 1 1000 1000 0 3
0.166667 0.114339 0.044232 20 17 100 95 1 1000 1000 0 3
0.166667 0.095196 0.047109 20 16 100 95 1 1000 1000 0 3
0.166667 0.103533 0.042500 20 18 100 105 1 1000 1000 0 3
0.166667 0.181754 0.044206 20 23 100 105 1 1000 1000 0 3
0.166667 0.192329 0.046577 20 18 100 111 1 1000 1000 0 3
0.166667 0.229443 0.045640 20 27 100 100 1 1000 1000 0 3
0.166667 0.143889 0.039083 20 15 100 116 1 1000 1000 0 3
0.166667 0.151906 0.042078 20 20 100 111 1 1000 1000 0 3
0.166667 0.158180 0.043773 20 21 100 105 1 1000 1000 0 3
0.166667 0.209749 0.051042 20 20 100 94 1 1000 1000 0 3
0.166667 0.125736 0.038476 20 17 100 126 1 1000 1000 0 3
0.166667 0.179509 0.046736 20 16 100 102 1 1000 1000 0 3
0.166667 0.223701 0.050354 20 32 100 90 1 1000 1000 0 3
0.166667 0.122350 0.045657 20 12 100 101 1 1000 1000 0 3
0.166667 0.220969 0.046181 20 30 100 99 1 1000 1000 0 3
0.166667 0.148611 0.045387 20 20 100 102 1 1000 1000 0 3
0.166667 0.223459 0.047147 20 25 100 100 1 1000 1000 0 3
0.166667 0.116743 0.038804 20 17 100 119 1 1000 1000 0 3
0.166667 0.127170 0.045471 20 12 100 98 1 1000 1000 0 3
0.166667 0.062715 0.035302 20 11 100 100 1 1000 1000 0 3
0.166667 0.047639 0.042493 20 11 100 87 1 1000 1000 0 3
0.166667 0.110480 0.038964 20 13 100 119 1 1000 1000 0 3
0.166667 0.190857 0.046448 20 22 100 97 1 1000 1000 0 3
0.166667 0.244252 0.049443 20 24 100 84 1 1000 1000 0 3
0.166667 0.193245 0.048621 20 23 100 90 1 1000 1000 0 3
0.166667 0.131411 0.040489 20 19 100 114 1 1000 1000 0 3
0.166667 0.050539 0.035951 20 15 100 113 1 1000 1000 0 3
0.166667 0.212450 0.048929 20 22 100 94 1 1000 1000 0 3
0.166667 0.283685 0.052742 20 24 100 86 1 1000 1000 0 3
0.166667 0.072760 0.038486 20 15 100 104 1 1000 1000 0 3
0.166667 0.208155 0.047168 20 24 100 96 1 1000 1000 0 3
0.166667 0.139937 0.042380 20 17 100 118 1 1000 1000 0 3
0.166667 0.040446 0.030510 20 9 100 117 1 1000 1000 0 3
0.166667 0.173459 0.046331 20 24 100 95 1 1000 1000 0 3
0.166667 0.129308 0.043332 20 23 100 95 1 1000 1000 0 3
0.166667 0.144324 0.042631 20 23 100 114 1 1000 1000 0 3
0.166667 0.171594 0.046151 20 22 100 103 1 1000 1000 0 3
0.166667 0.175258 0.042113 20 22 100 119 1 1000 1000 0 3
0.166667 0.224360 0.049279 20 20 100 87 1 1000 1000 0 3
0.166667 0.094843 0.043481 20 16 100 95 1 1000 1000 0 3
0.166667 0.107639 0.038423 20 17 100 106 1 1000 1000 0 3
0.166667 0.183247 0.045477 20 22 100 106 1 1000 1000 0 3
0.166667 0.210447 0.042873 20 22 100 111 1 1000 1000 0 3
0.166667 0.115378 0.037475 20 14 100 105 1 1000 1000 0 3
0.166667 0.204589 0.048397 20 21 100 89 1 1000 1000 0 3
0.166667 0.132194 0.044282 20 15 100 97 1 1000 1000 0 3
0.166667 0.134440 0.040562 20 20 100 106 1 1000 1000 0 3
0.166667 0.199862 0.046025 20 18 100 103 1 1000 1000 0 3
0.166667 0.199744 0.044059 20 22 100 97 1 1000 1000 0 3
0.166667 0.172853 0.045512 20 20 100 98 1 1000 1000 0 3
0.166667 0.146284 0.039172 20 19 100 112 1 1000 1000 0 3
0.166667 0.170985 0.044711 20 15 100 96 1 1000 1000 0 3
0.166667 0.117503 0.042559 20 19 100 109 1 1000 1000 0 3
0.166667 0.196396 0.046229 20 21 100 103 1 1000 1000 0 3
0.166667 0.192981 0.051594 20 20 100 80 1 1000 1000 0 3
0.166667 0.193816 0.045017 20 18 100 101 1 1000 1000 0 3
0.166667 0.101988 0.039702 20 15 100 104 1 1000 1000 0 3
0.166667 0.208222 0.053135 20 19 100 88 1 1000 1000 0 3
0.166667 0.163330 0.047141 20 13 100 86 1 1000 1000 0 3
0.166667 0.182583 0.046646 20 24 100 102 1 1000 1000 0 3
0.166667 0.121860 0.040520 20 18 100 107 1 1000 1000 0 3
0.166667 0.210178 0.044908 20 23 100 105 1 1000 1000 0 3
0.166667 0.188132 0.045230 20 25 100 102 1 1000 1000 0 3
0.166667 0.168460 0.043926 20 16 100 95 1 1000 1000 0 3
0.166667 0.187664 0.043965 20 25 100 114 1 1000 1000 0 3
0.166667 0.257995 0.048912 20 20 100 100 1 1000 1000 0 3
0.166667 0.097653 0.042998 20 14 100 97 1 1000 1000 0 3
0.166667 0.192498 0.047967 20 19 100 90 1 1000 1000 0 3
0.166667 0.136903 0.041243 20 19 100 104 1 1000 1000 0 3
0.166667 0.119444 0.044704 20 21 100 106 1 1000 1000 0 3
0.166667 0.128639 0.044727 20 19 100 98 1 1000 1000 0 3
0.166667 0.134626 0.044766 20 22 100 100 1 1000 1000 0 3
0.166667 0.146350 0.040946 20 19 100 98 1 1000 1000 0 3
0.166667 0.155092 0.050879 20 14 100 91 1 1000 1000 0 3
0.166667 0.142843 0.048845 20 17 100 88 1 1000 1000 0 3
0.166667 0.195627 0.045907 20 25 100 107 1 1000 1000 0 3
0.166667 0.169014 0.045450 20 20 100 106 1 1000 1000 0 3
0.166667 0.211493 0.047883 20 25 100 91 1 1000 1000 0 3
0.166667 0.157949 0.044446 20 30 100 98 1 1000 1000 0 3
0.166667 0.170387 0.044718 20 16 100 91 1 1000 1000 0 3
0.166667 0.248205 0.049754 20 28 100 94 1 1000 1000 0 3
0.166667 0.228891 0.044848 20 29 100 107 1 1000 1000 0 3
0.166667 0.055086 0.035605 20 13 100 115 1 1000 1000 0 3
0.166667 0.168127 0.049439 20 15 100 79 1 1000 1000 0 3
0.166667 0.081386 0.040397 20 11 100 100 1 1000 1000 0 3
0.166667 0.161557 0.048273 20 14 100 87 1 1000 1000 0 3
0.166667 0.194702 0.048255 20 21 100 92 1 1000 1000 0 3
0.166667 0.184841 0.047980 20 19 100 87 1 1000 1000 0 3
0.166667 0.126073 0.041635 20 14 100 108 1 1000 1000 0 3
0.166667 0.162682 0.045529 20 18 100 94 1 1000 1000 0 3
0.166667 0.090077 0.043538 20 14 100 88 1 1000 1000 0 3
0.166667 0.111093 0.042903 20 18 100 92 1 1000 1000 0 3
0.166667 0.199095 0.046109 20 28 100 96 1 1000 1000 0 3
0.166667 0.251446 0.048107 20 27 100 101 1 1000 1000 0 3
0.166667 0.141711 0.040040 20 27 100 113 1 1000 1000 0 3
0.166667 0.128570 0.043526 20 19 100 91 1 1000 1000 0 3
0.166667 0.148890 0.047077 20 19 100 97 1 1000 1000 0 3
0.166667 0.174054 0.043579 20 20 100 103 1 1000 1000 0 3
0.166667 0.149340 0.045833 20 23 100 97 1 1000 1000 0 3
0.166667 0.155600 0.040316 20 21 100 120 1 1000 1000 0 3
0.166667 0.135361 0.040999 20 20 100 102 1 1000 1000 0 3
0.166667 0.152848 0.043847 20 18 100 101 1 1000 1000 0 3
0.166667 0.129278 0.046152 20 15 100 85 1 1000 1000 0 3
0.166667 0.139523 0.041206 20 23 100 104 1 1000 1000 0 3
0.166667 0.147586 0.046632 20 18 100 82 1 1000 1000 0 3
0.166667 0.239682 0.052145 20 28 100 85 1 1000 1000 0 3
0.166667 0.123507 0.047261 20 17 100 100 1 1000 1000 0 3
0.166667 0.181461 0.045411 20 21 100 99 1 1000 1000 0 3
0.166667 0.155858 0.041513 20 13 100 108 1 1000 1000 0 3
