0.166667 0.153954 0.011443 200 170 1000 985 50000 50000 0 10
0.166667 0.185847 0.011998 200 226 1000 982 50000 50000 0 10
0.166667 0.173547 0.011895 200 205 1000 958 50000 50000 0 10
0.166667 0.162338 0.011200 200 192 1000 1049 50000 50000 0 10
0.166667 0.171259 0.011851 200 201 1000 951 50000 50000 0 10
0.166667 0.153732 0.011602 200 175 1000 954 50000 50000 0 10
0.166667 0.168344 0.011388 200 212 1000 1038 50000 50000 0 10
0.166667 0.134014 0.010665 200 177 1000 1037 50000 50000 0 10
0.166667 0.173185 0.011731 200 216 1000 1007 50000 50000 0 10
0.166667 0.167552 0.011609 200 199 1000 1002 50000 50000 0 10
0.166667 0.167388 0.011987 200 199 1000 933 50000 50000 0 10
0.166667 0.158098 0.011593 200 176 1000 980 50000 50000 0 10
0.166667 0.169876 0.011620 200 196 1000 1010 50000 50000 0 10
0.166667 0.166727 0.011770 200 195 1000 964 50000 50000 0 10
0.166667 0.179774 0.011817 200 219 1000 1018 50000 50000 0 10
0.166667 0.169731 0.011849 200 206 1000 973 50000 50000 0 10
0.166667 0.150261 0.010836 200 195 1000 1064 50000 50000 0 10
0.166667 0.161748 0.011473 200 200 1000 989 50000 50000 0 10
0.166667 0.170753 0.011634 200 205 1000 1004 50000 50000 0 10
0.166667 0.169132 0.011760 200 208 1000 991 50000 50000 0 10
0.166667 0.172712 0.011834 200 204 1000 976 50000 50000 0 10
0.166667 0.164783 0.011689 200 195 1000 968 50000 50000 0 10
0.166667 0.145035 0.011294 200 171 1000 966 50000 50000 0 10
0.166667 0.172496 0.011819 200 206 1000 986 50000 50000 0 10
0.166667 0.176139 0.012216 200 205 1000 940 50000 50000 0 10
0.166667 0.159938 0.011508 200 187 1000 983 50000 50000 0 10
0.166667 0.175326 0.011800 200 210 1000 982 50000 50000 0 10
0.166667 0.172129 0.011708 200 199 1000 1000 50000 50000 0 10
0.166667 0.166457 0.011731 200 198 1000 977 50000 50000 0 10
0.166667 0.161098 0.011543 200 192 1000 991 50000 50000 0 10
0.166667 0.158037 0.011355 200 186 1000 1004 50000 50000 0 10
0.166667 0.157231 0.011400 200 189 1000 1000 50000 50000 0 10
0.166667 0.176140 0.011652 200 218 1000 1014 50000 50000 0 10
0.166667 0.172135 0.011998 200 197 1000 955 50000 50000 0 10
0.166667 0.174446 0.011594 200 212 1000 1013 50000 50000 0 10
0.166667 0.165322 0.011415 200 203 1000 1021 50000 50000 0 10
0.166667 0.165416 0.011533 200 203 1000 1010 50000 50000 0 10
0.166667 0.176180 0.011456 200 225 1000 1064 50000 50000 0 10
0.166667 0.165195 0.011252 200 206 1000 1055 50000 50000 0 10
0.166667 0.162217 0.011672 200 189 1000 989 50000 50000 0 10
0.166667 0.160545 0.011486 200 185 1000 987 50000 50000 0 10
0.166667 0.174529 0.011613 200 213 1000 1022 50000 50000 0 10
0.166667 0.161617 0.011457 200 193 1000 1002 50000 50000 0 10
0.166667 0.166655 0.011409 200 204 1000 1027 50000 50000 0 10
0.166667 0.177946 0.012219 200 202 1000 920 50000 50000 0 10
0.166667 0.182347 0.012125 200 211 1000 966 50000 50000 0 10
0.166667 0.150959 0.011029 200 190 1000 1048 50000 50000 0 10
0.166667 0.169901 0.011514 200 215 1000 1014 50000 50000 0 10
0.166667 0.158813 0.011423 200 198 1000 1010 50000 50000 0 10
0.166667 0.156720 0.011416 200 196 1000 1006 50000 50000 0 10
0.166667 0.171699 0.011714 200 201 1000 1002 50000 50000 0 10
0.166667 0.158668 0.011308 200 192 1000 1021 50000 50000 0 10
0.166667 0.156085 0.011560 200 184 1000 972 50000 50000 0 10
0.166667 0.176123 0.011767 200 210 1000 997 50000 50000 0 10
0.166667 0.153572 0.011295 200 181 1000 1018 50000 50000 0 10
0.166667 0.150008 0.011200 200 178 1000 1016 50000 50000 0 10
0.166667 0.182582 0.011991 200 219 1000 974 50000 50000 0 10
0.166667 0.159667 0.011401 200 190 1000 1018 50000 50000 0 10
0.166667 0.156151 0.011473 200 187 1000 976 50000 50000 0 10
0.166667 0.167388 0.011390 200 206 1000 1017 50000 50000 0 10
0.166667 0.156010 0.011567 200 180 1000 956 50000 50000 0 10
0.166667 0.164683 0.011443 200 210 1000 1025 50000 50000 0 10
0.166667 0.153884 0.011531 200 185 1000 969 50000 50000 0 10
0.166667 0.179735 0.012169 200 207 1000 951 50000 50000 0 10
0.166667 0.155031 0.011305 200 199 1000 1014 50000 50000 0 10
0.166667 0.153487 0.011127 200 185 1000 1051 50000 50000 0 10
0.166667 0.188051 0.011922 200 218 1000 996 50000 50000 0 10
0.166667 0.159820 0.011687 200 182 1000 963 50000 50000 0 10
0.166667 0.170917 0.011688 200 200 1000 990 50000 50000 0 10
0.166667 0.172611 0.012126 200 192 1000 932 50000 50000 0 10
0.166667 0.153918 0.011210 200 189 1000 1028 50000 50000 0 10
0.166667 0.159940 0.011436 200 194 1000 1011 50000 50000 0 10
0.166667 0.153879 0.011597 200 177 1000 982 50000 50000 0 10
0.166667 0.173301 0.011603 200 209 1000 1017 50000 50000 0 10
0.166667 0.172465 0.011791 200 208 1000 980 50000 50000 0 10
0.166667 0.143264 0.010901 200 170 1000 1063 50000 50000 0 10
0.166667 0.176240 0.011885 200 209 1000 984 50000 50000 0 10
0.166667 0.167471 0.011708 200 190 1000 995 50000 50000 0 10
0.166667 0.171262 0.011309 200 209 1000 1053 50000 50000 0 10
0.166667 0.130683 0.010685 200 160 1000 1033 50000 50000 0 10
0.166667 0.170184 0.011571 200 215 1000 1009 50000 50000 0 10
0.166667 0.142209 0.011124 200 169 1000 997 50000 50000 0 10
0.166667 0.173632 0.011892 200 199 1000 968 50000 50000 0 10
0.166667 0.179832 0.011920 200 213 1000 971 50000 50000 0 10
0.166667 0.174684 0.012114 200 196 1000 935 50000 50000 0 10
0.166667 0.152509 0.011197 200 180 1000 1013 50000 50000 0 10
0.166667 0.172576 0.011401 200 217 1000 1054 50000 50000 0 10
0.166667 0.158466 0.011524 200 197 1000 991 50000 50000 0 10
0.166667 0.167145 0.011351 200 212 1000 1047 50000 50000 0 10
0.166667 0.157679 0.011522 200 188 1000 980 50000 50000 0 10
0.166667 0.160043 0.011220 200 207 1000 1034 50000 50000 0 10
0.166667 0.176191 0.011642 200 227 1000 1012 50000 50000 0 10
0.166667 0.166135 0.011697 200 193 1000 975 50000 50000 0 10
0.166667 0.159964 0.011287 200 197 1000 1015 50000 50000 0 10
0.166667 0.178043 0.012052 200 207 1000 964 50000 50000 0 10
0.166667 0.164759 0.011429 200 209 1000 1006 50000 50000 0 10
0.166667 0.167587 0.011625 200 192 1000 1001 50000 50000 0 10
0.166667 0.154203 0.011276 200 187 1000 1013 50000 50000 0 10
0.166667 0.165923 0.011252 200 215 1000 1067 50000 50000 0 10
0.166667 0.151120 0.011039 200 190 1000 1039 50000 50000 0 10
0.166667 0.176648 0.011757 200 218 1000 1002 50000 50000 0 10
0.166667 0.171454 0.011377 200 217 1000 1042 50000 50000 0 10
0.166667 0.175477 0.011882 200 207 1000 982 50000 50000 0 10
0.166667 0.158946 0.011445 200 190 1000 993 50000 50000 0 10
0.166667 0.154309 0.011218 200 188 1000 1022 50000 50000 0 10
0.166667 0.160079 0.011186 200 202 1000 1060 50000 50000 0 10
0.166667 0.174418 0.011966 200 202 1000 981 50000 50000 0 10
0.166667 0.159943 0.011129 200 202 1000 1058 50000 50000 0 10
0.166667 0.169553 0.011684 200 204 1000 978 50000 50000 0 10
0.166667 0.190532 0.012443 200 207 1000 939 50000 50000 0 10
0.166667 0.160019 0.011435 200 195 1000 1011 50000 50000 0 10
0.166667 0.158819 0.011614 200 183 1000 974 50000 50000 0 10
0.166667 0.158799 0.011293 200 194 1000 1028 50000 50000 0 10
0.166667 0.148893 0.011175 200 185 1000 1026 50000 50000 0 10
0.166667 0.160208 0.011408 200 188 1000 1019 50000 50000 0 10
0.166667 0.143179 0.010993 200 179 1000 1013 50000 50000 0 10
0.166667 0.138028 0.010789 200 174 1000 1042 50000 50000 0 10
0.166667 0.162522 0.011469 200 203 1000 1016 50000 50000 0 10
0.166667 0.142798 0.010965 200 171 1000 1024 50000 50000 0 10
0.166667 0.168325 0.011620 200 200 1000 988 50000 50000 0 10
0.166667 0.171502 0.011887 200 203 1000 966 50000 50000 0 10
0.166667 0.165116 0.011359 200 206 1000 1038 50000 50000 0 10
0.166667 0.160938 0.011508 200 198 1000 997 50000 50000 0 10
0.166667 0.167836 0.011472 200 194 1000 1045 50000 50000 0 10
0.166667 0.165119 0.011541 200 201 1000 995 50000 50000 0 10
0.166667 0.155531 0.011364 200 181 1000 1000 50000 50000 0 10
0.166667 0.167669 0.011544 200 216 1000 1008 50000 50000 0 10
0.166667 0.176672 0.011911 200 200 1000 975 50000 50000 0 10
0.166667 0.159073 0.010997 200 208 1000 1086 50000 50000 0 10
0.166667 0.164602 0.011842 200 181 1000 970 50000 50000 0 10
0.166667 0.176852 0.011719 200 215 1000 1014 50000 50000 0 10
0.166667 0.175149 0.011832 200 216 1000 990 50000 50000 0 10
0.166667 0.154893 0.011418 200 187 1000 991 50000 50000 0 10
0.166667 0.170045 0.011694 200 200 1000 1002 50000 50000 0 10
0.166667 0.150369 0.011261 200 184 1000 996 50000 50000 0 10
0.166667 0.137591 0.010836 200 167 1000 1017 50000 50000 0 10
0.166667 0.173028 0.011939 200 208 1000 949 50000 50000 0 10
0.166667 0.148860 0.011279 200 184 1000 1012 50000 50000 0 10
0.166667 0.147465 0.011165 200 181 1000 996 50000 50000 0 10
0.166667 0.169608 0.011618 200 219 1000 1000 50000 50000 0 10
0.166667 0.163678 0.011679 200 191 1000 978 50000 50000 0 10
0.166667 0.157631 0.011258 200 198 1000 1032 50000 50000 0 10
0.166667 0.168935 0.011731 200 204 1000 977 50000 50000 0 10
0.166667 0.163588 0.011425 200 199 1000 1017 50000 50000 0 10
0.166667 0.161653 0.011484 200 202 1000 1007 50000 50000 0 10
0.166667 0.185193 0.011969 200 221 1000 974 50000 50000 0 10
0.166667 0.171707 0.011663 200 213 1000 986 50000 50000 0 10
0.166667 0.184980 0.011787 200 233 1000 1005 50000 50000 0 10
0.166667 0.158638 0.011106 200 205 1000 1060 50000 50000 0 10
0.166667 0.145003 0.011154 200 175 1000 1006 50000 50000 0 10
0.166667 0.158353 0.011291 200 199 1000 1008 50000 50000 0 10
0.166667 0.169107 0.011735 200 197 1000 981 50000 50000 0 10
0.166667 0.164269 0.011464 200 197 1000 1013 50000 50000 0 10
0.166667 0.170894 0.011730 200 208 1000 1003 50000 50000 0 10
0.166667 0.173199 0.011717 200 210 1000 980 50000 50000 0 10
0.166667 0.168283 0.011954 200 193 1000 945 50000 50000 0 10
0.166667 0.159800 0.011532 200 191 1000 963 50000 50000 0 10
0.166667 0.192485 0.012343 200 221 1000 953 50000 50000 0 10
0.166667 0.181438 0.011773 200 222 1000 1005 50000 50000 0 10
0.166667 0.178167 0.011666 200 211 1000 1011 50000 50000 0 10
0.166667 0.167037 0.011714 200 191 1000 988 50000 50000 0 10
0.166667 0.163497 0.011787 200 189 1000 966 50000 50000 0 10
0.166667 0.157847 0.011286 200 193 1000 1024 50000 50000 0 10
0.166667 0.153731 0.011186 200 184 1000 1033 50000 50000 0 10
0.166667 0.164049 0.011094 200 220 1000 1098 50000 50000 0 10
0.166667 0.165130 0.011668 200 187 1000 990 50000 50000 0 10
0.166667 0.154355 0.011589 200 179 1000 973 50000 50000 0 10
0.166667 0.172324 0.011875 200 210 1000 991 50000 50000 0 10
0.166667 0.164930 0.011928 200 182 1000 941 50000 50000 0 10
0.166667 0.166717 0.011736 200 197 1000 969 50000 50000 0 10
0.166667 0.176226 0.011449 200 205 1000 1048 50000 50000 0 10
0.166667 0.176190 0.011918 200 203 1000 986 50000 50000 0 10
0.166667 0.153587 0.011081 200 197 1000 1046 50000 50000 0 10
0.166667 0.157355 0.011290 200 199 1000 1005 50000 50000 0 10
0.166667 0.171178 0.012034 200 197 1000 934 50000 50000 0 10
0.166667 0.147097 0.011076 200 187 1000 1018 50000 50000 0 10
0.166667 0.154566 0.011225 200 187 1000 1012 50000 50000 0 10
0.166667 0.153741 0.011545 200 184 1000 959 50000 50000 0 10
0.166667 0.159530 0.011777 200 185 1000 952 50000 50000 0 10
0.166667 0.153683 0.011217 200 185 1000 1014 50000 50000 0 10
0.166667 0.169047 0.011693 200 204 1000 1003 50000 50000 0 10
0.166667 0.159305 0.011707 200 182 1000 973 50000 50000 0 10
0.166667 0.172795 0.011611 200 222 1000 1012 50000 50000 0 10
0.166667 0.149973 0.010840 200 188 1000 1054 50000 50000 0 10
0.166667 0.167205 0.011638 200 203 1000 990 50000 50000 0 10
0.166667 0.171534 0.011540 200 212 1000 1026 50000 50000 0 10
0.166667 0.135033 0.010741 200 177 1000 1040 50000 50000 0 10
0.166667 0.165955 0.011755 200 202 1000 965 50000 50000 0 10
0.166667 0.170392 0.011645 200 207 1000 1011 50000 50000 0 10
0.166667 0.155518 0.011178 200 182 1000 1031 50000 50000 0 10
0.166667 0.160962 0.011728 200 184 1000 972 50000 50000 0 10
0.166667 0.183825 0.011901 200 218 1000 978 50000 50000 0 10
0.166667 0.162391 0.011633 200 194 1000 960 50000 50000 0 10
0.166667 0.185883 0.011940 200 209 1000 1006 50000 50000 0 10
0.166667 0.154528 0.011152 200 188 1000 1034 50000 50000 0 10
0.166667 0.168139 0.011792 200 193 1000 965 50000 50000 0 10
0.166667 0.168231 0.011650 200 201 1000 993 50000 50000 0 10
0.166667 0.161745 0.011937 200 179 1000 935 50000 50000 0 10
0.166667 0.160849 0.011615 200 193 1000 968 50000 50000 0 10
0.166667 0.173510 0.011491 200 213 1000 1030 50000 50000 0 10
0.166667 0.174021 0.011926 200 207 1000 967 50000 50000 0 10
0.166667 0.171125 0.011545 200 205 1000 1014 50000 50000 0 10
0.166667 0.168418 0.011878 200 190 1000 957 50000 50000 0 10
0.166667 0.159194 0.011136 200 205 1000 1030 50000 50000 0 10
0.166667 0.174512 0.012202 200 203 1000 935 50000 50000 0 10
0.166667 0.169222 0.011460 200 209 1000 1047 50000 50000 0 10
0.166667 0.173374 0.011618 200 213 1000 1015 50000 50000 0 10
0.166667 0.163010 0.011400 200 191 1000 1014 50000 50000 0 10
0.166667 0.173309 0.011775 200 202 1000 978 50000 50000 0 10
0.166667 0.143588 0.011186 200 166 1000 998 50000 50000 0 10
0.166667 0.172613 0.011409 200 211 1000 1058 50000 50000 0 10
0.166667 0.153494 0.011278 200 192 1000 991 50000 50000 0 10
0.166667 0.170144 0.011720 200 199 1000 1000 50000 50000 0 10
0.166667 0.168433 0.011984 200 195 1000 953 50000 50000 0 10
0.166667 0.176506 0.011611 200 213 1000 1008 50000 50000 0 10
0.166667 0.188801 0.011975 200 226 1000 993 50000 50000 0 10
0.166667 0.151441 0.011194 200 193 1000 1013 50000 50000 0 10
0.166667 0.169027 0.011481 200 213 1000 1023 50000 50000 0 10
0.166667 0.146094 0.011251 200 181 1000 995 50000 50000 0 10
0.166667 0.159459 0.011174 200 200 1000 1049 50000 50000 0 10
0.166667 0.139263 0.011116 200 161 1000 971 50000 50000 0 10
0.166667 0.169623 0.011789 200 200 1000 978 50000 50000 0 10
0.166667 0.193353 0.012410 200 230 1000 920 50000 50000 0 10
0.166667 0.163848 0.011274 200 197 1000 1042 50000 50000 0 10
0.166667 0.166858 0.011699 200 194 1000 985 50000 50000 0 10
0.166667 0.152290 0.011363 200 184 1000 1004 50000 50000 0 10
0.166667 0.166224 0.011179 200 209 1000 1070 50000 50000 0 10
0.166667 0.180382 0.011797 200 215 1000 1002 50000 50000 0 10
0.166667 0.172761 0.011410 200 218 1000 1036 50000 50000 0 10
0.166667 0.160152 0.011470 200 194 1000 996 50000 50000 0 10
0.166667 0.203030 0.012083 200 255 1000 1007 50000 50000 0 10
0.166667 0.167353 0.011762 200 188 1000 981 50000 50000 0 10
0.166667 0.166420 0.011634 200 207 1000 1002 50000 50000 0 10
0.166667 0.187103 0.012175 200 228 1000 958 50000 50000 0 10
0.166667 0.169947 0.011669 200 209 1000 993 50000 50000 0 10
0.166667 0.188989 0.012337 200 213 1000 939 50000 50000 0 10
0.166667 0.180626 0.012003 200 208 1000 973 50000 50000 0 10
0.166667 0.179596 0.012079 200 207 1000 958 50000 50000 0 10
0.166667 0.161033 0.011753 200 184 1000 979 50000 50000 0 10
0.166667 0.179456 0.012187 200 214 1000 944 50000 50000 0 10
0.166667 0.186563 0.011860 200 235 1000 998 50000 50000 0 10
0.166667 0.164168 0.011581 200 202 1000 993 50000 50000 0 10
0.166667 0.169924 0.011920 200 199 1000 952 50000 50000 0 10
0.166667 0.161707 0.011464 200 191 1000 1003 50000 50000 0 10
0.166667 0.166829 0.011642 200 197 1000 1007 50000 50000 0 10
0.166667 0.181601 0.012011 200 210 1000 984 50000 50000 0 10
0.166667 0.163565 0.011647 200 196 1000 992 50000 50000 0 10
0.166667 0.178314 0.012164 200 208 1000 945 50000 50000 0 10
0.166667 0.178479 0.012010 200 210 1000 971 50000 50000 0 10
0.166667 0.142974 0.011244 200 160 1000 992 50000 50000 0 10
0.166667 0.152894 0.011324 200 186 1000 998 50000 50000 0 10
0.166667 0.188289 0.012249 200 216 1000 959 50000 50000 0 10
0.166667 0.165609 0.011467 200 204 1000 1025 50000 50000 0 10
0.166667 0.161579 0.011492 200 197 1000 984 50000 50000 0 10
0.166667 0.169645 0.011877 200 202 1000 965 50000 50000 0 10
0.166667 0.159042 0.011346 200 195 1000 1023 50000 50000 0 10
0.166667 0.162033 0.011323 200 205 1000 1022 50000 50000 0 10
0.166667 0.181141 0.011812 200 217 1000 1001 50000 50000 0 10
0.166667 0.191883 0.012464 200 223 1000 929 50000 50000 0 10
0.166667 0.190106 0.012285 200 212 1000 940 50000 50000 0 10
0.166667 0.164449 0.011330 200 210 1000 1027 50000 50000 0 10
0.166667 0.167155 0.011533 200 199 1000 1002 50000 50000 0 10
0.166667 0.167246 0.011500 200 199 1000 1008 50000 50000 0 10
0.166667 0.154249 0.011541 200 171 1000 971 50000 50000 0 10
0.166667 0.174955 0.011722 200 219 1000 1005 50000 50000 0 10
0.166667 0.170347 0.011562 200 204 1000 1012 50000 50000 0 10
0.166667 0.166776 0.011510 200 203 1000 1040 50000 50000 0 10
0.166667 0.173293 0.011744 200 205 1000 982 50000 50000 0 10
0.166667 0.154276 0.011255 200 196 1000 1025 50000 50000 0 10
0.166667 0.159777 0.011233 200 206 1000 1053 50000 50000 0 10
0.166667 0.176138 0.011990 200 207 1000 982 50000 50000 0 10
0.166667 0.179022 0.012098 200 202 1000 968 50000 50000 0 10
0.166667 0.183170 0.012037 200 222 1000 976 50000 50000 0 10
0.166667 0.177705 0.012096 200 204 1000 958 50000 50000 0 10
0.166667 0.160344 0.011396 200 187 1000 1027 50000 50000 0 10
0.166667 0.167260 0.011436 200 207 1000 1016 50000 50000 0 10
0.166667 0.159573 0.011481 200 191 1000 1008 50000 50000 0 10
0.166667 0.165664 0.011525 200 192 1000 1011 50000 50000 0 10
0.166667 0.156436 0.011569 200 188 1000 975 50000 50000 0 10
0.166667 0.171885 0.011969 200 195 1000 958 50000 50000 0 10
0.166667 0.185128 0.011966 200 224 1000 981 50000 50000 0 10
0.166667 0.172398 0.011515 200 219 1000 1023 50000 50000 0 10
0.166667 0.151195 0.011281 200 182 1000 1007 50000 50000 0 10
0.166667 0.173551 0.011859 200 200 1000 967 50000 50000 0 10
0.166667 0.177558 0.011966 200 216 1000 974 50000 50000 0 10
0.166667 0.158589 0.011602 200 185 1000 986 50000 50000 0 10
0.166667 0.148557 0.011347 200 170 1000 992 50000 50000 0 10
0.166667 0.181038 0.012106 200 200 1000 953 50000 50000 0 10
0.166667 0.174467 0.011323 200 220 1000 1053 50000 50000 0 10
0.166667 0.168502 0.011552 200 205 1000 1001 50000 50000 0 10
0.166667 0.162819 0.011279 200 205 1000 1034 50000 50000 0 10
0.166667 0.166028 0.011662 200 199 1000 985 50000 50000 0 10
0.166667 0.178839 0.011896 200 219 1000 982 50000 50000 0 10
0.166667 0.163430 0.011433 200 199 1000 1042 50000 50000 0 10
0.166667 0.172495 0.011333 200 223 1000 1059 50000 50000 0 10
0.166667 0.164037 0.011311 200 210 1000 1058 50000 50000 0 10
0.166667 0.182030 0.012136 200 207 1000 951 50000 50000 0 10
0.166667 0.170311 0.011681 200 202 1000 995 50000 50000 0 10
0.166667 0.182651 0.011756 200 224 1000 1011 50000 50000 0 10
0.166667 0.162751 0.011550 200 191 1000 990 50000 50000 0 10
0.166667 0.150040 0.010961 200 192 1000 1053 50000 50000 0 10
0.166667 0.158551 0.011549 200 176 1000 1005 50000 50000 0 10
0.166667 0.167973 0.011692 200 191 1000 981 50000 50000 0 10
0.166667 0.162312 0.011270 200 211 1000 1025 50000 50000 0 10
0.166667 0.155118 0.011456 200 190 1000 976 50000 50000 0 10
0.166667 0.150911 0.011347 200 182 1000 990 50000 50000 0 10
0.166667 0.166887 0.011616 200 191 1000 1005 50000 50000 0 10
0.166667 0.182705 0.012111 200 210 1000 956 50000 50000 0 10
0.166667 0.157430 0.011516 200 190 1000 981 50000 50000 0 10
0.166667 0.164313 0.011502 200 194 1000 986 50000 50000 0 10
0.166667 0.190973 0.012261 200 224 1000 944 50000 50000 0 10
0.166667 0.174125 0.011826 200 200 1000 978 50000 50000 0 10
0.166667 0.170223 0.011575 200 197 1000 1025 50000 50000 0 10
0.166667 0.155273 0.011121 200 199 1000 1034 50000 50000 0 10
0.166667 0.151391 0.011305 200 178 1000 1007 50000 50000 0 10
0.166667 0.172291 0.011789 200 204 1000 984 50000 50000 0 10
0.166667 0.172994 0.011702 200 207 1000 1001 50000 50000 0 10
0.166667 0.164447 0.011663 200 197 1000 971 50000 50000 0 10
0.166667 0.166618 0.011667 200 205 1000 997 50000 50000 0 10
0.166667 0.144976 0.011086 200 177 1000 1023 50000 50000 0 10
0.166667 0.170856 0.011856 200 195 1000 999 50000 50000 0 10
0.166667 0.192061 0.011992 200 227 1000 986 50000 50000 0 10
0.166667 0.148215 0.011208 200 174 1000 1026 50000 50000 0 10
0.166667 0.164325 0.011817 200 188 1000 953 50000 50000 0 10
0.166667 0.162964 0.011670 200 193 1000 972 50000 50000 0 10
0.166667 0.175677 0.011941 200 205 1000 975 50000 50000 0 10
0.166667 0.149350 0.010988 200 184 1000 1067 50000 50000 0 10
0.166667 0.159173 0.011379 200 196 1000 1015 50000 50000 0 10
0.166667 0.169066 0.011676 200 205 1000 989 50000 50000 0 10
0.166667 0.159824 0.011593 200 192 1000 988 50000 50000 0 10
0.166667 0.166014 0.011787 200 186 1000 977 50000 50000 0 10
0.166667 0.158250 0.011367 200 194 1000 998 50000 50000 0 10
0.166667 0.173819 0.011755 200 211 1000 984 50000 50000 0 10
0.166667 0.135289 0.010891 200 160 1000 1023 50000 50000 0 10
0.166667 0.176980 0.012021 200 214 1000 951 50000 50000 0 10
0.166667 0.194955 0.012054 200 228 1000 996 50000 50000 0 10
0.166667 0.166783 0.011641 200 197 1000 1008 50000 50000 0 10
0.166667 0.156853 0.011296 200 195 1000 1019 50000 50000 0 10
0.166667 0.141194 0.011021 200 171 1000 1022 50000 50000 0 10
0.166667 0.172376 0.011572 200 212 1000 1007 50000 50000 0 10
0.166667 0.165746 0.011330 200 202 1000 1022 50000 50000 0 10
0.166667 0.156261 0.011129 200 194 1000 1032 50000 50000 0 10
0.166667 0.163069 0.011448 200 199 1000 1008 50000 50000 0 10
0.166667 0.171963 0.011976 200 197 1000 946 50000 50000 0 10
0.166667 0.161663 0.011459 200 194 1000 1024 50000 50000 0 10
0.166667 0.168343 0.011604 200 205 1000 995 50000 50000 0 10
0.166667 0.165541 0.011532 200 204 1000 986 50000 50000 0 10
0.166667 0.170672 0.011874 200 205 1000 973 50000 50000 0 10
0.166667 0.143282 0.010957 200 182 1000 1032 50000 50000 0 10
0.166667 0.162742 0.011456 200 196 1000 1034 50000 50000 0 10
0.166667 0.172815 0.011588 200 205 1000 1026 50000 50000 0 10
0.166667 0.141726 0.010964 200 174 1000 1018 50000 50000 0 10
0.166667 0.176384 0.011892 200 200 1000 986 50000 50000 0 10
0.166667 0.165349 0.011508 200 198 1000 996 50000 50000 0 10
0.166667 0.169665 0.011720 200 205 1000 970 50000 50000 0 10
0.166667 0.168178 0.011490 200 209 1000 1014 50000 50000 0 10
0.166667 0.155895 0.011315 200 197 1000 1027 50000 50000 0 10
0.166667 0.177154 0.011638 200 213 1000 1015 50000 50000 0 10
0.166667 0.157023 0.011392 200 193 1000 996 50000 50000 0 10
0.166667 0.160898 0.011269 200 200 1000 1029 50000 50000 0 10
0.166667 0.178432 0.011560 200 217 1000 1049 50000 50000 0 10
0.166667 0.171913 0.011892 200 201 1000 960 50000 50000 0 10
0.166667 0.167561 0.011673 200 211 1000 984 50000 50000 0 10
0.166667 0.154736 0.011548 200 169 1000 966 50000 50000 0 10
0.166667 0.159184 0.011546 200 187 1000 979 50000 50000 0 10
0.166667 0.177656 0.011795 200 210 1000 995 50000 50000 0 10
0.166667 0.169694 0.011656 200 201 1000 1000 50000 50000 0 10
0.166667 0.161817 0.011615 200 201 1000 972 50000 50000 0 10
0.166667 0.150536 0.011174 200 178 1000 1013 50000 50000 0 10
0.166667 0.146740 0.011099 200 174 1000 1041 50000 50000 0 10
0.166667 0.182841 0.012076 200 217 1000 977 50000 50000 0 10
0.166667 0.187707 0.011937 200 238 1000 994 50000 50000 0 10
0.166667 0.176311 0.011715 200 222 1000 1011 50000 50000 0 10
0.166667 0.146701 0.011353 200 181 1000 985 50000 50000 0 10
0.166667 0.157552 0.011271 200 182 1000 1024 50000 50000 0 10
0.166667 0.152642 0.011216 200 180 1000 1012 50000 50000 0 10
0.166667 0.171840 0.011796 200 205 1000 973 50000 50000 0 10
0.166667 0.181849 0.011595 200 231 1000 1032 50000 50000 0 10
0.166667 0.154141 0.011283 200 190 1000 1003 50000 50000 0 10
0.166667 0.170405 0.011638 200 209 1000 1026 50000 50000 0 10
0.166667 0.180633 0.011877 200 212 1000 992 50000 50000 0 10
0.166667 0.165362 0.011592 200 193 1000 994 50000 50000 0 10
0.166667 0.155969 0.011223 200 192 1000 1037 50000 50000 0 10
0.166667 0.164924 0.011599 200 199 1000 992 50000 50000 0 10
0.166667 0.175653 0.011749 200 218 1000 988 50000 50000 0 10
0.166667 0.177257 0.011811 200 208 1000 995 50000 50000 0 10
0.166667 0.152975 0.011541 200 187 1000 963 50000 50000 0 10
0.166667 0.165020 0.011682 200 196 1000 977 50000 50000 0 10
0.166667 0.168400 0.011512 200 207 1000 995 50000 50000 0 10
0.166667 0.154616 0.011255 200 187 1000 1023 50000 50000 0 10
0.166667 0.164804 0.011957 200 184 1000 940 50000 50000 0 10
0.166667 0.179305 0.012007 200 206 1000 983 50000 50000 0 10
0.166667 0.161922 0.011495 200 181 1000 996 50000 50000 0 10
0.166667 0.179758 0.012160 200 211 1000 930 50000 50000 0 10
0.166667 0.167783 0.011547 200 203 1000 1020 50000 50000 0 10
0.166667 0.197817 0.012869 200 206 1000 890 50000 50000 0 10
0.166667 0.153343 0.011424 200 172 1000 970 50000 50000 0 10
0.166667 0.157935 0.011263 200 190 1000 1049 50000 50000 0 10
0.166667 0.160666 0.011532 200 196 1000 997 50000 50000 0 10
0.166667 0.174077 0.011959 200 202 1000 951 50000 50000 0 10
0.166667 0.159427 0.011498 200 197 1000 983 50000 50000 0 10
0.166667 0.179610 0.012128 200 207 1000 958 50000 50000 0 10
0.166667 0.153160 0.011342 200 184 1000 1011 50000 50000 0 10
0.166667 0.162381 0.011798 200 188 1000 961 50000 50000 0 10
0.166667 0.170025 0.011576 200 208 1000 1009 50000 50000 0 10
0.166667 0.163252 0.011669 200 191 1000 983 50000 50000 0 10
0.166667 0.172219 0.011792 200 201 1000 970 50000 50000 0 10
0.166667 0.162191 0.011723 200 197 1000 965 50000 50000 0 10
0.166667 0.162374 0.011612 200 194 1000 971 50000 50000 0 10
0.166667 0.173897 0.011590 200 222 1000 1029 50000 50000 0 10
0.166667 0.161141 0.011423 200 204 1000 992 50000 50000 0 10
0.166667 0.169520 0.011401 200 206 1000 1040 50000 50000 0 10
0.166667 0.157555 0.011408 200 182 1000 985 50000 50000 0 10
0.166667 0.175167 0.011882 200 208 1000 988 50000 50000 0 10
0.166667 0.156738 0.011314 200 195 1000 1016 50000 50000 0 10
0.166667 0.169157 0.011770 200 196 1000 991 50000 50000 0 10
0.166667 0.168669 0.011611 200 194 1000 1016 50000 50000 0 10
0.166667 0.166632 0.011402 200 206 1000 1044 50000 50000 0 10
0.166667 0.159021 0.011422 200 191 1000 1005 50000 50000 0 10
0.166667 0.164894 0.012147 200 180 1000 904 50000 50000 0 10
0.166667 0.186709 0.011948 200 223 1000 984 50000 50000 0 10
0.166667 0.156513 0.011599 200 179 1000 972 50000 50000 0 10
0.166667 0.189446 0.012230 200 218 1000 933 50000 50000 0 10
0.166667 0.147033 0.011288 200 169 1000 983 50000 50000 0 10
0.166667 0.162886 0.011520 200 192 1000 999 50000 50000 0 10
0.166667 0.186989 0.011818 200 238 1000 1032 50000 50000 0 10
0.166667 0.164575 0.011594 200 205 1000 996 50000 50000 0 10
0.166667 0.169217 0.011429 200 215 1000 1025 50000 50000 0 10
0.166667 0.159951 0.011628 200 178 1000 972 50000 50000 0 10
0.166667 0.149421 0.011107 200 186 1000 1013 50000 50000 0 10
0.166667 0.162432 0.011692 200 189 1000 977 50000 50000 0 10
0.166667 0.175420 0.011775 200 203 1000 1004 50000 50000 0 10
0.166667 0.192504 0.012069 200 230 1000 991 50000 50000 0 10
0.166667 0.148857 0.011286 200 183 1000 992 50000 50000 0 10
0.166667 0.142540 0.011054 200 180 1000 1029 50000 50000 0 10
0.166667 0.163168 0.011435 200 194 1000 1001 50000 50000 0 10
0.166667 0.162109 0.011390 200 193 1000 1030 50000 50000 0 10
0.166667 0.157255 0.011589 200 182 1000 956 50000 50000 0 10
0.166667 0.161566 0.011692 200 187 1000 974 50000 50000 0 10
0.166667 0.160901 0.011353 200 192 1000 1018 50000 50000 0 10
0.166667 0.172881 0.011746 200 204 1000 979 50000 50000 0 10
0.166667 0.178187 0.011813 200 220 1000 992 50000 50000 0 10
0.166667 0.192066 0.012211 200 230 1000 951 50000 50000 0 10
0.166667 0.167834 0.011587 200 196 1000 1007 50000 50000 0 10
0.166667 0.200601 0.012312 200 235 1000 974 50000 50000 0 10
0.166667 0.161235 0.011359 200 196 1000 1020 50000 50000 0 10
0.166667 0.165577 0.011643 200 194 1000 995 50000 50000 0 10
0.166667 0.161909 0.011470 200 193 1000 995 50000 50000 0 10
0.166667 0.163313 0.011726 200 196 1000 982 50000 50000 0 10
0.166667 0.175090 0.011934 200 197 1000 967 50000 50000 0 10
0.166667 0.174821 0.011825 200 206 1000 1006 50000 50000 0 10
0.166667 0.174820 0.011550 200 219 1000 1024 50000 50000 0 10
0.166667 0.169122 0.011537 200 212 1000 1017 50000 50000 0 10
0.166667 0.175867 0.011769 200 209 1000 1015 50000 50000 0 10
0.166667 0.185490 0.012163 200 219 1000 963 50000 50000 0 10
0.166667 0.158299 0.011031 200 200 1000 1083 50000 50000 0 10
0.166667 0.171217 0.011876 200 205 1000 990 50000 50000 0 10
0.166667 0.162654 0.011718 200 185 1000 975 50000 50000 0 10
0.166667 0.176380 0.011806 200 211 1000 993 50000 50000 0 10
0.166667 0.162310 0.011303 200 200 1000 1057 50000 50000 0 10
0.166667 0.169297 0.011586 200 206 1000 980 50000 50000 0 10
0.166667 0.159515 0.011508 200 188 1000 982 50000 50000 0 10
0.166667 0.165599 0.011695 200 198 1000 997 50000 50000 0 10
0.166667 0.173589 0.011854 200 204 1000 976 50000 50000 0 10
0.166667 0.173700 0.011871 200 190 1000 995 50000 50000 0 10
0.166667 0.164819 0.011571 200 200 1000 1003 50000 50000 0 10
0.166667 0.142100 0.010842 200 172 1000 1046 50000 50000 0 10
0.166667 0.159340 0.011396 200 193 1000 1013 50000 50000 0 10
0.166667 0.152231 0.011166 200 191 1000 1037 50000 50000 0 10
0.166667 0.159701 0.011174 200 193 1000 1036 50000 50000 0 10
0.166667 0.158431 0.011571 200 187 1000 982 50000 50000 0 10
0.166667 0.166309 0.011491 200 200 1000 1006 50000 50000 0 10
0.166667 0.168864 0.011507 200 209 1000 1027 50000 50000 0 10
0.166667 0.190894 0.012142 200 227 1000 987 50000 50000 0 10
0.166667 0.155121 0.011153 200 197 1000 1015 50000 50000 0 10
0.166667 0.180798 0.011746 200 227 1000 1025 50000 50000 0 10
0.166667 0.167933 0.011555 200 199 1000 992 50000 50000 0 10
0.166667 0.162024 0.011550 200 203 1000 1006 50000 50000 0 10
0.166667 0.159671 0.011107 200 207 1000 1034 50000 50000 0 10
0.166667 0.175601 0.011677 200 227 1000 1004 50000 50000 0 10
0.166667 0.151119 0.011155 200 184 1000 1032 50000 50000 0 10
0.166667 0.162073 0.011583 200 200 1000 984 50000 50000 0 10
0.166667 0.158269 0.011415 200 197 1000 1007 50000 50000 0 10
0.166667 0.166646 0.011547 200 203 1000 1019 50000 50000 0 10
0.166667 0.171431 0.011813 200 204 1000 991 50000 50000 0 10
0.166667 0.162283 0.011573 200 202 1000 996 50000 50000 0 10
0.166667 0.168362 0.011546 200 196 1000 1022 50000 50000 0 10
0.166667 0.166379 0.011455 200 195 1000 1020 50000 50000 0 10
0.166667 0.151728 0.010913 200 189 1000 1053 50000 50000 0 10
0.166667 0.155900 0.011413 200 181 1000 991 50000 50000 0 10
0.166667 0.179161 0.011836 200 213 1000 991 50000 50000 0 10
0.166667 0.150482 0.011636 200 172 1000 962 50000 50000 0 10
0.166667 0.163973 0.011646 200 186 1000 991 50000 50000 0 10
0.166667 0.171805 0.011449 200 224 1000 1026 50000 50000 0 10
0.166667 0.156872 0.011251 200 196 1000 1013 50000 50000 0 10
0.166667 0.157716 0.011571 200 191 1000 978 50000 50000 0 10
0.166667 0.181249 0.011932 200 217 1000 986 50000 50000 0 10
0.166667 0.165240 0.011500 200 202 1000 1011 50000 50000 0 10
0.166667 0.176077 0.012039 200 199 1000 963 50000 50000 0 10
0.166667 0.180153 0.012088 200 210 1000 945 50000 50000 0 10
0.166667 0.166969 0.011574 200 205 1000 1012 50000 50000 0 10
0.166667 0.160215 0.011537 200 192 1000 988 50000 50000 0 10
0.166667 0.148292 0.011265 200 170 1000 1003 50000 50000 0 10
0.166667 0.147683 0.010877 200 183 1000 1069 50000 50000 0 10
0.166667 0.166946 0.011619 200 201 1000 1013 50000 50000 0 10
0.166667 0.148428 0.011189 200 186 1000 1002 50000 50000 0 10
0.166667 0.164683 0.011621 200 195 1000 979 50000 50000 0 10
0.166667 0.150351 0.011112 200 186 1000 1028 50000 50000 0 10
0.166667 0.194564 0.012025 200 241 1000 997 50000 50000 0 10
0.166667 0.178105 0.011978 200 216 1000 989 50000 50000 0 10
0.166667 0.167420 0.011488 200 206 1000 1016 50000 50000 0 10
0.166667 0.163206 0.011668 200 191 1000 973 50000 50000 0 10
0.166667 0.157666 0.011065 200 192 1000 1072 50000 50000 0 10
0.166667 0.160461 0.011333 200 196 1000 1034 50000 50000 0 10
0.166667 0.154114 0.011319 200 185 1000 1010 50000 50000 0 10
0.166667 0.169192 0.011726 200 201 1000 982 50000 50000 0 10
0.166667 0.174178 0.011774 200 213 1000 986 50000 50000 0 10
0.166667 0.166354 0.011685 200 198 1000 990 50000 50000 0 10
0.166667 0.157999 0.011199 200 208 1000 1037 50000 50000 0 10
0.166667 0.178459 0.012014 200 208 1000 968 50000 50000 0 10
0.166667 0.162272 0.011376 200 205 1000 1039 50000 50000 0 10
0.166667 0.186271 0.012230 200 221 1000 940 50000 50000 0 10
0.166667 0.167642 0.011562 200 193 1000 995 50000 50000 0 10
0.166667 0.177627 0.011382 200 226 1000 1053 50000 50000 0 10
0.166667 0.158740 0.011358 200 196 1000 1011 50000 50000 0 10
0.166667 0.171593 0.011876 200 201 1000 952 50000 50000 0 10
0.166667 0.195575 0.012352 200 225 1000 957 50000 50000 0 10
0.166667 0.154930 0.011205 200 195 1000 1037 50000 50000 0 10
0.166667 0.155654 0.011254 200 188 1000 1034 50000 50000 0 10
0.166667 0.168482 0.011633 200 199 1000 1003 50000 50000 0 10
0.166667 0.150858 0.010866 200 194 1000 1065 50000 50000 0 10
0.166667 0.176459 0.011761 200 210 1000 992 50000 50000 0 10
0.166667 0.151229 0.011465 200 177 1000 991 50000 50000 0 10
0.166667 0.151561 0.011254 200 185 1000 1003 50000 50000 0 10
0.166667 0.154338 0.011302 200 184 1000 1012 50000 50000 0 10
0.166667 0.174072 0.011692 200 209 1000 1005 50000 50000 0 10
0.166667 0.195486 0.012326 200 234 1000 950 50000 50000 0 10
0.166667 0.163004 0.011504 200 195 1000 1010 50000 50000 0 10
0.166667 0.167629 0.011633 200 197 1000 1000 50000 50000 0 10
0.166667 0.160776 0.011612 200 193 1000 983 50000 50000 0 10
0.166667 0.142237 0.011481 200 157 1000 942 50000 50000 0 10
0.166667 0.155472 0.011415 200 185 1000 1009 50000 50000 0 10
0.166667 0.174094 0.011598 200 214 1000 1017 50000 50000 0 10
0.166667 0.177939 0.012111 200 207 1000 954 50000 50000 0 10
0.166667 0.150790 0.011191 200 188 1000 1010 50000 50000 0 10
0.166667 0.170816 0.011546 200 216 1000 1025 50000 50000 0 10
0.166667 0.152461 0.011254 200 187 1000 1015 50000 50000 0 10
0.166667 0.150567 0.011038 200 189 1000 1034 50000 50000 0 10
0.166667 0.156105 0.011196 200 198 1000 1026 50000 50000 0 10
0.166667 0.170654 0.011637 200 210 1000 1013 50000 50000 0 10
0.166667 0.160697 0.011381 200 196 1000 1013 50000 50000 0 10
0.166667 0.176557 0.011689 200 216 1000 1020 50000 50000 0 10
0.166667 0.150847 0.011327 200 176 1000 995 50000 50000 0 10
0.166667 0.167274 0.011940 200 181 1000 943 50000 50000 0 10
0.166667 0.185599 0.012172 200 216 1000 964 50000 50000 0 10
0.166667 0.165431 0.011422 200 206 1000 1020 50000 50000 0 10
0.166667 0.151598 0.011300 200 180 1000 1002 50000 50000 0 10
0.166667 0.180707 0.011875 200 218 1000 971 50000 50000 0 10
0.166667 0.160407 0.011473 200 190 1000 1005 50000 50000 0 10
0.166667 0.174023 0.011841 200 210 1000 979 50000 50000 0 10
0.166667 0.172229 0.011711 200 206 1000 991 50000 50000 0 10
0.166667 0.162422 0.011523 200 203 1000 988 50000 50000 0 10
0.166667 0.172150 0.011495 200 217 1000 1040 50000 50000 0 10
0.166667 0.200348 0.012127 200 242 1000 1004 50000 50000 0 10
0.166667 0.175844 0.011967 200 208 1000 969 50000 50000 0 10
0.166667 0.163390 0.011532 200 189 1000 1004 50000 50000 0 10
0.166667 0.161219 0.011162 200 199 1000 1054 50000 50000 0 10
0.166667 0.162425 0.011806 200 191 1000 975 50000 50000 0 10
0.166667 0.176055 0.011722 200 220 1000 1028 50000 50000 0 10
0.166667 0.165703 0.011543 200 201 1000 999 50000 50000 0 10
0.166667 0.181260 0.011703 200 219 1000 1025 50000 50000 0 10
0.166667 0.181109 0.012066 200 210 1000 961 50000 50000 0 10
0.166667 0.165087 0.011575 200 189 1000 1019 50000 50000 0 10
0.166667 0.187438 0.011914 200 227 1000 997 50000 50000 0 10
0.166667 0.187919 0.011920 200 227 1000 997 50000 50000 0 10
0.166667 0.172264 0.011855 200 202 1000 970 50000 50000 0 10
0.166667 0.161732 0.011503 200 185 1000 1012 50000 50000 0 10
0.166667 0.162531 0.011366 200 204 1000 1017 50000 50000 0 10
0.166667 0.176592 0.011638 200 218 1000 1013 50000 50000 0 10
0.166667 0.158321 0.011654 200 180 1000 964 50000 50000 0 10
0.166667 0.170644 0.011796 200 209 1000 987 50000 50000 0 10
0.166667 0.177167 0.011787 200 222 1000 1001 50000 50000 0 10
0.166667 0.171062 0.011488 200 206 1000 1026 50000 50000 0 10
0.166667 0.164682 0.011246 200 213 1000 1037 50000 50000 0 10
0.166667 0.179637 0.011924 200 209 1000 987 50000 50000 0 10
0.166667 0.155596 0.011350 200 182 1000 1001 50000 50000 0 10
0.166667 0.169610 0.011802 200 197 1000 972 50000 50000 0 10
0.166667 0.168260 0.011907 200 207 1000 961 50000 50000 0 10
0.166667 0.170297 0.011651 200 203 1000 987 50000 50000 0 10
0.166667 0.172485 0.011538 200 207 1000 1033 50000 50000 0 10
0.166667 0.168125 0.011495 200 208 1000 1025 50000 50000 0 10
0.166667 0.170174 0.011289 200 224 1000 1061 50000 50000 0 10
0.166667 0.174082 0.011816 200 214 1000 971 50000 50000 0 10
0.166667 0.168618 0.011583 200 203 1000 1018 50000 50000 0 10
0.166667 0.157064 0.011358 200 194 1000 1017 50000 50000 0 10
0.166667 0.167979 0.012117 200 193 1000 928 50000 50000 0 10
0.166667 0.166263 0.011418 200 207 1000 1038 50000 50000 0 10
0.166667 0.153156 0.011179 200 188 1000 1012 50000 50000 0 10
0.166667 0.178390 0.011741 200 213 1000 1010 50000 50000 0 10
0.166667 0.158705 0.011416 200 197 1000 990 50000 50000 0 10
0.166667 0.162495 0.011292 200 202 1000 1031 50000 50000 0 10
0.166667 0.185596 0.011758 200 223 1000 1040 50000 50000 0 10
0.166667 0.167553 0.011732 200 203 1000 996 50000 50000 0 10
0.166667 0.180094 0.011979 200 201 1000 972 50000 50000 0 10
0.166667 0.173518 0.011765 200 214 1000 1005 50000 50000 0 10
0.166667 0.157081 0.011576 200 176 1000 978 50000 50000 0 10
0.166667 0.190337 0.012134 200 219 1000 980 50000 50000 0 10
0.166667 0.150174 0.011088 200 190 1000 1036 50000 50000 0 10
0.166667 0.150994 0.011209 200 185 1000 1008 50000 50000 0 10
0.166667 0.156768 0.011050 200 201 1000 1065 50000 50000 0 10
0.166667 0.173770 0.011525 200 220 1000 1026 50000 50000 0 10
0.166667 0.183509 0.012178 200 216 1000 955 50000 50000 0 10
0.166667 0.158856 0.011297 200 194 1000 1045 50000 50000 0 10
0.166667 0.171725 0.011902 200 196 1000 953 50000 50000 0 10
0.166667 0.172958 0.011571 200 214 1000 1033 50000 50000 0 10
0.166667 0.170650 0.011771 200 213 1000 984 50000 50000 0 10
0.166667 0.164846 0.011794 200 194 1000 967 50000 50000 0 10
0.166667 0.173034 0.011438 200 221 1000 1036 50000 50000 0 10
0.166667 0.165669 0.011820 200 187 1000 950 50000 50000 0 10
0.166667 0.171317 0.011447 200 218 1000 1037 50000 50000 0 10
0.166667 0.175353 0.011539 200 217 1000 1044 50000 50000 0 10
0.166667 0.154322 0.011198 200 187 1000 1024 50000 50000 0 10
0.166667 0.149488 0.011488 200 174 1000 959 50000 50000 0 10
0.166667 0.160284 0.011252 200 196 1000 1037 50000 50000 0 10
0.166667 0.172388 0.011419 200 220 1000 1041 50000 50000 0 10
0.166667 0.181682 0.011656 200 219 1000 1020 50000 50000 0 10
0.166667 0.167588 0.011787 200 204 1000 976 50000 50000 0 10
0.166667 0.165695 0.011353 200 204 1000 1033 50000 50000 0 10
0.166667 0.151017 0.011185 200 180 1000 1002 50000 50000 0 10
0.166667 0.184009 0.011823 200 222 1000 1016 50000 50000 0 10
0.166667 0.164957 0.011458 200 198 1000 998 50000 50000 0 10
0.166667 0.175265 0.011729 200 200 1000 1020 50000 50000 0 10
0.166667 0.143730 0.010725 200 186 1000 1084 50000 50000 0 10
0.166667 0.161135 0.011604 200 189 1000 997 50000 50000 0 10
0.166667 0.137295 0.010762 200 183 1000 1050 50000 50000 0 10
0.166667 0.186132 0.011977 200 220 1000 983 50000 50000 0 10
0.166667 0.151237 0.011010 200 192 1000 1052 50000 50000 0 10
0.166667 0.186802 0.012452 200 202 1000 932 50000 50000 0 10
0.166667 0.187545 0.011580 200 238 1000 1048 50000 50000 0 10
0.166667 0.154813 0.011169 200 181 1000 1023 50000 50000 0 10
0.166667 0.168933 0.011778 200 198 1000 982 50000 50000 0 10
0.166667 0.178691 0.011928 200 210 1000 978 50000 50000 0 10
0.166667 0.175994 0.012019 200 203 1000 957 50000 50000 0 10
0.166667 0.169124 0.011451 200 216 1000 1010 50000 50000 0 10
0.166667 0.170545 0.011442 200 215 1000 1032 50000 50000 0 10
0.166667 0.178656 0.011818 200 213 1000 982 50000 50000 0 10
0.166667 0.181668 0.012097 200 214 1000 946 50000 50000 0 10
0.166667 0.153097 0.011187 200 189 1000 1026 50000 50000 0 10
0.166667 0.165288 0.011525 200 194 1000 1008 50000 50000 0 10
0.166667 0.164896 0.011278 200 210 1000 1044 50000 50000 0 10
0.166667 0.169421 0.011899 200 192 1000 950 50000 50000 0 10
0.166667 0.145573 0.010847 200 178 1000 1058 50000 50000 0 10
0.166667 0.172084 0.011559 200 216 1000 1023 50000 50000 0 10
0.166667 0.172437 0.011548 200 214 1000 1010 50000 50000 0 10
0.166667 0.161007 0.011330 200 198 1000 1002 50000 50000 0 10
0.166667 0.156958 0.011754 200 178 1000 949 50000 50000 0 10
0.166667 0.166719 0.011473 200 205 1000 1027 50000 50000 0 10
0.166667 0.178036 0.012099 200 204 1000 954 50000 50000 0 10
0.166667 0.189675 0.012440 200 217 1000 932 50000 50000 0 10
0.166667 0.171244 0.011762 200 204 1000 987 50000 50000 0 10
0.166667 0.138931 0.010675 200 177 1000 1051 50000 50000 0 10
0.166667 0.164696 0.011213 200 204 1000 1048 50000 50000 0 10
0.166667 0.172939 0.011667 200 202 1000 1008 50000 50000 0 10
0.166667 0.159700 0.011657 200 178 1000 987 50000 50000 0 10
0.166667 0.159025 0.011517 200 193 1000 1002 50000 50000 0 10
0.166667 0.174978 0.011721 200 213 1000 997 50000 50000 0 10
0.166667 0.183796 0.012212 200 219 1000 942 50000 50000 0 10
0.166667 0.169262 0.011374 200 207 1000 1046 50000 50000 0 10
0.166667 0.167512 0.011667 200 202 1000 1018 50000 50000 0 10
0.166667 0.191072 0.012074 200 223 1000 989 50000 50000 0 10
0.166667 0.156581 0.011358 200 182 1000 998 50000 50000 0 10
0.166667 0.166096 0.011838 200 189 1000 971 50000 50000 0 10
0.166667 0.180020 0.011581 200 217 1000 1031 50000 50000 0 10
0.166667 0.171678 0.011599 200 202 1000 1025 50000 50000 0 10
0.166667 0.178644 0.011924 200 210 1000 980 50000 50000 0 10
0.166667 0.159135 0.011347 200 190 1000 1013 50000 50000 0 10
0.166667 0.172184 0.011666 200 200 1000 990 50000 50000 0 10
0.166667 0.173964 0.011674 200 206 1000 1000 50000 50000 0 10
0.166667 0.162167 0.011406 200 193 1000 1017 50000 50000 0 10
0.166667 0.169388 0.011357 200 213 1000 1057 50000 50000 0 10
0.166667 0.159723 0.011703 200 189 1000 965 50000 50000 0 10
0.166667 0.166974 0.011657 200 183 1000 1004 50000 50000 0 10
0.166667 0.184933 0.011874 200 224 1000 1006 50000 50000 0 10
0.166667 0.151645 0.011390 200 186 1000 981 50000 50000 0 10
0.166667 0.163631 0.011481 200 202 1000 1019 50000 50000 0 10
0.166667 0.179058 0.012141 200 203 1000 949 50000 50000 0 10
0.166667 0.177288 0.011827 200 212 1000 990 50000 50000 0 10
0.166667 0.149893 0.011380 200 169 1000 969 50000 50000 0 10
0.166667 0.155092 0.011228 200 193 1000 1017 50000 50000 0 10
0.166667 0.183288 0.012096 200 217 1000 954 50000 50000 0 10
0.166667 0.158888 0.011275 200 196 1000 1025 50000 50000 0 10
0.166667 0.178658 0.012015 200 211 1000 949 50000 50000 0 10
0.166667 0.169920 0.011531 200 208 1000 1000 50000 50000 0 10
0.166667 0.167246 0.011787 200 191 1000 982 50000 50000 0 10
0.166667 0.147041 0.011097 200 174 1000 1007 50000 50000 0 10
0.166667 0.147785 0.010967 200 188 1000 1037 50000 50000 0 10
0.166667 0.170898 0.011695 200 197 1000 1009 50000 50000 0 10
0.166667 0.182997 0.011898 200 222 1000 989 50000 50000 0 10
0.166667 0.160967 0.011656 200 193 1000 981 50000 50000 0 10
0.166667 0.147755 0.011456 200 160 1000 958 50000 50000 0 10
0.166667 0.146651 0.010921 200 180 1000 1039 50000 50000 0 10
0.166667 0.174899 0.011904 200 214 1000 956 50000 50000 0 10
0.166667 0.148491 0.011121 200 183 1000 1012 50000 50000 0 10
0.166667 0.181364 0.012255 200 201 1000 923 50000 50000 0 10
0.166667 0.162041 0.011510 200 201 1000 981 50000 50000 0 10
0.166667 0.172833 0.011851 200 206 1000 983 50000 50000 0 10
0.166667 0.168090 0.011703 200 207 1000 988 50000 50000 0 10
0.166667 0.164863 0.011624 200 194 1000 975 50000 50000 0 10
0.166667 0.167497 0.011914 200 189 1000 958 50000 50000 0 10
0.166667 0.169907 0.011498 200 210 1000 1023 50000 50000 0 10
0.166667 0.165062 0.011450 200 204 1000 1017 50000 50000 0 10
0.166667 0.172258 0.011611 200 221 1000 1009 50000 50000 0 10
0.166667 0.159912 0.011305 200 199 1000 1010 50000 50000 0 10
0.166667 0.160325 0.011438 200 192 1000 999 50000 50000 0 10
0.166667 0.190016 0.012183 200 218 1000 971 50000 50000 0 10
0.166667 0.159843 0.011327 200 194 1000 1019 50000 50000 0 10
0.166667 0.159923 0.011440 200 194 1000 1002 50000 50000 0 10
0.166667 0.170883 0.011832 200 207 1000 979 50000 50000 0 10
0.166667 0.161758 0.011313 200 200 1000 1024 50000 50000 0 10
0.166667 0.182706 0.011699 200 226 1000 1014 50000 50000 0 10
0.166667 0.157605 0.011678 200 183 1000 965 50000 50000 0 10
0.166667 0.166532 0.011484 200 206 1000 1018 50000 50000 0 10
0.166667 0.169440 0.011639 200 203 1000 1027 50000 50000 0 10
0.166667 0.162959 0.011619 200 191 1000 987 50000 50000 0 10
0.166667 0.144924 0.010911 200 189 1000 1035 50000 50000 0 10
0.166667 0.167825 0.011296 200 213 1000 1063 50000 50000 0 10
0.166667 0.158569 0.010963 200 204 1000 1062 50000 50000 0 10
0.166667 0.152802 0.011214 200 182 1000 1046 50000 50000 0 10
0.166667 0.158826 0.011433 200 198 1000 1004 50000 50000 0 10
0.166667 0.165906 0.011179 200 213 1000 1083 50000 50000 0 10
0.166667 0.152391 0.011097 200 190 1000 1040 50000 50000 0 10
0.166667 0.155439 0.011334 200 189 1000 1000 50000 50000 0 10
0.166667 0.150315 0.011535 200 174 1000 959 50000 50000 0 10
0.166667 0.185699 0.012140 200 212 1000 971 50000 50000 0 10
0.166667 0.155484 0.011281 200 191 1000 1023 50000 50000 0 10
0.166667 0.157814 0.011600 200 180 1000 979 50000 50000 0 10
0.166667 0.159576 0.011302 200 195 1000 1025 50000 50000 0 10
0.166667 0.143177 0.010884 200 182 1000 1042 50000 50000 0 10
0.166667 0.161620 0.011674 200 191 1000 971 50000 50000 0 10
0.166667 0.177938 0.011632 200 216 1000 1015 50000 50000 0 10
0.166667 0.174352 0.011810 200 204 1000 977 50000 50000 0 10
0.166667 0.165542 0.011620 200 201 1000 986 50000 50000 0 10
0.166667 0.174826 0.011804 200 209 1000 982 50000 50000 0 10
0.166667 0.176215 0.012032 200 205 1000 955 50000 50000 0 10
0.166667 0.150176 0.011144 200 183 1000 1036 50000 50000 0 10
0.166667 0.182414 0.011826 200 221 1000 1007 50000 50000 0 10
0.166667 0.174040 0.011921 200 203 1000 983 50000 50000 0 10
0.166667 0.175754 0.011774 200 212 1000 995 50000 50000 0 10
0.166667 0.166255 0.011705 200 191 1000 975 50000 50000 0 10
0.166667 0.186332 0.012163 200 213 1000 960 50000 50000 0 10
0.166667 0.179227 0.011936 200 206 1000 976 50000 50000 0 10
0.166667 0.177608 0.011865 200 202 1000 1004 50000 50000 0 10
0.166667 0.194548 0.012275 200 238 1000 950 50000 50000 0 10
0.166667 0.165331 0.011605 200 197 1000 998 50000 50000 0 10
0.166667 0.159205 0.011165 200 192 1000 1039 50000 50000 0 10
0.166667 0.157146 0.011513 200 182 1000 967 50000 50000 0 10
0.166667 0.181610 0.012020 200 216 1000 957 50000 50000 0 10
0.166667 0.147845 0.010891 200 188 1000 1047 50000 50000 0 10
0.166667 0.166079 0.011669 200 201 1000 984 50000 50000 0 10
0.166667 0.170760 0.011533 200 202 1000 1021 50000 50000 0 10
0.166667 0.155342 0.011202 200 190 1000 1014 50000 50000 0 10
0.166667 0.166089 0.011266 200 214 1000 1041 50000 50000 0 10
0.166667 0.168212 0.011442 200 203 1000 1017 50000 50000 0 10
0.166667 0.164851 0.011578 200 193 1000 1002 50000 50000 0 10
0.166667 0.163957 0.011387 200 202 1000 1032 50000 50000 0 10
0.166667 0.168712 0.011673 200 200 1000 1000 50000 50000 0 10
0.166667 0.160144 0.011160 200 202 1000 1056 50000 50000 0 10
0.166667 0.156958 0.011637 200 178 1000 966 50000 50000 0 10
0.166667 0.172227 0.012294 200 205 1000 911 50000 50000 0 10
0.166667 0.139774 0.011016 200 169 1000 1010 50000 50000 0 10
0.166667 0.158910 0.011300 200 193 1000 1021 50000 50000 0 10
0.166667 0.164885 0.011375 200 212 1000 1045 50000 50000 0 10
0.166667 0.162907 0.011804 200 189 1000 954 50000 50000 0 10
0.166667 0.169610 0.011797 200 205 1000 978 50000 50000 0 10
0.166667 0.162326 0.011095 200 209 1000 1078 50000 50000 0 10
0.166667 0.150378 0.011201 200 187 1000 1008 50000 50000 0 10
0.166667 0.173314 0.011823 200 207 1000 982 50000 50000 0 10
0.166667 0.167441 0.011634 200 204 1000 981 50000 50000 0 10
0.166667 0.159515 0.011363 200 197 1000 1026 50000 50000 0 10
0.166667 0.163973 0.011426 200 207 1000 1017 50000 50000 0 10
0.166667 0.165607 0.011474 200 201 1000 998 50000 50000 0 10
0.166667 0.164126 0.011409 200 190 1000 1019 50000 50000 0 10
0.166667 0.173477 0.012026 200 194 1000 953 50000 50000 0 10
0.166667 0.167963 0.011582 200 201 1000 998 50000 50000 0 10
0.166667 0.181687 0.012168 200 208 1000 960 50000 50000 0 10
0.166667 0.158931 0.011384 200 194 1000 1021 50000 50000 0 10
0.166667 0.198693 0.012250 200 231 1000 972 50000 50000 0 10
0.166667 0.163064 0.011689 200 190 1000 969 50000 50000 0 10
0.166667 0.174290 0.011906 200 201 1000 979 50000 50000 0 10
0.166667 0.173539 0.011621 200 219 1000 1016 50000 50000 0 10
0.166667 0.175707 0.011842 200 213 1000 989 50000 50000 0 10
0.166667 0.161939 0.011576 200 203 1000 995 50000 50000 0 10
0.166667 0.165846 0.011423 200 213 1000 1035 50000 50000 0 10
0.166667 0.162304 0.011339 200 200 1000 1038 50000 50000 0 10
0.166667 0.165599 0.011653 200 197 1000 982 50000 50000 0 10
0.166667 0.160681 0.011772 200 176 1000 970 50000 50000 0 10
0.166667 0.136881 0.010815 200 168 1000 1036 50000 50000 0 10
0.166667 0.160725 0.011507 200 192 1000 996 50000 50000 0 10
0.166667 0.167851 0.011866 200 201 1000 972 50000 50000 0 10
0.166667 0.192827 0.011907 200 228 1000 1021 50000 50000 0 10
0.166667 0.164882 0.011098 200 205 1000 1061 50000 50000 0 10
0.166667 0.158729 0.011430 200 188 1000 1013 50000 50000 0 10
0.166667 0.166428 0.011659 200 197 1000 1003 50000 50000 0 10
0.166667 0.154297 0.011218 200 186 1000 1031 50000 50000 0 10
0.166667 0.166719 0.011520 200 204 1000 1005 50000 50000 0 10
0.166667 0.150758 0.011065 200 192 1000 1032 50000 50000 0 10
0.166667 0.159988 0.011253 200 199 1000 1033 50000 50000 0 10
0.166667 0.161473 0.011660 200 190 1000 960 50000 50000 0 10
0.166667 0.169801 0.011421 200 213 1000 1028 50000 50000 0 10
0.166667 0.142771 0.011160 200 165 1000 989 50000 50000 0 10
0.166667 0.154417 0.011191 200 192 1000 1028 50000 50000 0 10
0.166667 0.146012 0.011037 200 178 1000 1011 50000 50000 0 10
0.166667 0.163184 0.011460 200 198 1000 1015 50000 50000 0 10
0.166667 0.183382 0.011770 200 232 1000 1015 50000 50000 0 10
0.166667 0.152326 0.011116 200 174 1000 1038 50000 50000 0 10
0.166667 0.148209 0.011246 200 173 1000 985 50000 50000 0 10
0.166667 0.182835 0.012183 200 218 1000 942 50000 50000 0 10
0.166667 0.163712 0.011297 200 201 1000 1048 50000 50000 0 10
0.166667 0.147463 0.011025 200 183 1000 1034 50000 50000 0 10
0.166667 0.161555 0.011327 200 196 1000 1024 50000 50000 0 10
0.166667 0.165691 0.011551 200 200 1000 987 50000 50000 0 10
0.166667 0.174615 0.011720 200 213 1000 1001 50000 50000 0 10
0.166667 0.151656 0.011211 200 190 1000 1018 50000 50000 0 10
0.166667 0.156887 0.011285 200 192 1000 1009 50000 50000 0 10
0.166667 0.178400 0.012017 200 203 1000 982 50000 50000 0 10
0.166667 0.185814 0.011800 200 229 1000 1013 50000 50000 0 10
0.166667 0.172066 0.011427 200 219 1000 1046 50000 50000 0 10
0.166667 0.176308 0.011816 200 214 1000 1009 50000 50000 0 10
0.166667 0.159954 0.011549 200 193 1000 986 50000 50000 0 10
0.166667 0.174108 0.012138 200 200 1000 928 50000 50000 0 10
0.166667 0.155184 0.011340 200 183 1000 1030 50000 50000 0 10
0.166667 0.169280 0.011456 200 215 1000 1028 50000 50000 0 10
0.166667 0.157961 0.011356 200 191 1000 1019 50000 50000 0 10
0.166667 0.170249 0.011527 200 208 1000 1027 50000 50000 0 10
0.166667 0.171714 0.011740 200 202 1000 985 50000 50000 0 10
0.166667 0.158491 0.011680 200 189 1000 973 50000 50000 0 10
0.166667 0.194407 0.012345 200 222 1000 951 50000 50000 0 10
0.166667 0.149700 0.011052 200 186 1000 1032 50000 50000 0 10
0.166667 0.189755 0.011791 200 238 1000 1016 50000 50000 0 10
0.166667 0.164070 0.011759 200 196 1000 944 50000 50000 0 10
0.166667 0.154571 0.011310 200 191 1000 1000 50000 50000 0 10
0.166667 0.169244 0.011754 200 200 1000 1019 50000 50000 0 10
0.166667 0.175638 0.011854 200 207 1000 973 50000 50000 0 10
0.166667 0.169004 0.011707 200 198 1000 997 50000 50000 0 10
0.166667 0.174980 0.011812 200 211 1000 976 50000 50000 0 10
0.166667 0.157162 0.011383 200 190 1000 994 50000 50000 0 10
0.166667 0.154978 0.011114 200 198 1000 1030 50000 50000 0 10
0.166667 0.159835 0.011189 200 208 1000 1049 50000 50000 0 10
0.166667 0.154284 0.011294 200 177 1000 1014 50000 50000 0 10
0.166667 0.170468 0.011731 200 208 1000 1004 50000 50000 0 10
0.166667 0.173392 0.011900 200 198 1000 969 50000 50000 0 10
0.166667 0.155976 0.011148 200 196 1000 1048 50000 50000 0 10
0.166667 0.162221 0.011502 200 200 1000 994 50000 50000 0 10
0.166667 0.147975 0.010913 200 187 1000 1066 50000 50000 0 10
0.166667 0.173929 0.011691 200 205 1000 1015 50000 50000 0 10
0.166667 0.147999 0.011107 200 183 1000 1023 50000 50000 0 10
0.166667 0.166123 0.011275 200 210 1000 1040 50000 50000 0 10
0.166667 0.159579 0.011606 200 196 1000 979 50000 50000 0 10
0.166667 0.176878 0.011273 200 231 1000 1083 50000 50000 0 10
0.166667 0.163106 0.011723 200 195 1000 978 50000 50000 0 10
0.166667 0.182747 0.012024 200 210 1000 977 50000 50000 0 10
0.166667 0.160973 0.011240 200 204 1000 1029 50000 50000 0 10
0.166667 0.166490 0.011592 200 203 1000 976 50000 50000 0 10
0.166667 0.172894 0.011646 200 215 1000 1004 50000 50000 0 10
0.166667 0.180849 0.012113 200 209 1000 950 50000 50000 0 10
0.166667 0.172321 0.012358 200 191 1000 921 50000 50000 0 10
0.166667 0.165332 0.011585 200 193 1000 996 50000 50000 0 10
0.166667 0.150097 0.011393 200 176 1000 986 50000 50000 0 10
0.166667 0.153442 0.011321 200 182 1000 1024 50000 50000 0 10
0.166667 0.195584 0.012237 200 232 1000 976 50000 50000 0 10
0.166667 0.161203 0.011352 200 198 1000 1026 50000 50000 0 10
0.166667 0.162230 0.011601 200 185 1000 979 50000 50000 0 10
0.166667 0.177204 0.011850 200 208 1000 981 50000 50000 0 10
0.166667 0.168856 0.011817 200 200 1000 973 50000 50000 0 10
0.166667 0.175360 0.011836 200 202 1000 989 50000 50000 0 10
0.166667 0.160598 0.011406 200 194 1000 1016 50000 50000 0 10
0.166667 0.164069 0.011436 200 209 1000 1007 50000 50000 0 10
0.166667 0.155577 0.011070 200 200 1000 1047 50000 50000 0 10
0.166667 0.175616 0.011857 200 211 1000 973 50000 50000 0 10
0.166667 0.166866 0.011540 200 204 1000 1022 50000 50000 0 10
0.166667 0.160796 0.011493 200 199 1000 1000 50000 50000 0 10
0.166667 0.174421 0.011697 200 214 1000 995 50000 50000 0 10
0.166667 0.162353 0.011279 200 189 1000 1047 50000 50000 0 10
0.166667 0.171029 0.011600 200 203 1000 1027 50000 50000 0 10
0.166667 0.150863 0.011053 200 191 1000 1064 50000 50000 0 10
0.166667 0.154435 0.011000 200 199 1000 1067 50000 50000 0 10
0.166667 0.145006 0.010975 200 186 1000 1039 50000 50000 0 10
0.166667 0.159222 0.011415 200 193 1000 1015 50000 50000 0 10
0.166667 0.174553 0.011773 200 212 1000 998 50000 50000 0 10
0.166667 0.177586 0.011414 200 229 1000 1048 50000 50000 0 10
0.166667 0.142053 0.010872 200 169 1000 1027 50000 50000 0 10
0.166667 0.164335 0.011304 200 202 1000 1035 50000 50000 0 10
0.166667 0.171138 0.011461 200 212 1000 1029 50000 50000 0 10
0.166667 0.174921 0.011677 200 211 1000 1015 50000 50000 0 10
0.166667 0.180701 0.012255 200 208 1000 930 50000 50000 0 10
0.166667 0.165448 0.011565 200 203 1000 1007 50000 50000 0 10
0.166667 0.170618 0.011832 200 187 1000 971 50000 50000 0 10
0.166667 0.166840 0.011459 200 204 1000 1035 50000 50000 0 10
0.166667 0.178574 0.011584 200 220 1000 1046 50000 50000 0 10
0.166667 0.160381 0.011345 200 190 1000 1026 50000 50000 0 10
0.166667 0.162186 0.011315 200 210 1000 1026 50000 50000 0 10
0.166667 0.160492 0.011347 200 195 1000 1018 50000 50000 0 10
0.166667 0.192451 0.012176 200 221 1000 968 50000 50000 0 10
0.166667 0.159489 0.011316 200 199 1000 1021 50000 50000 0 10
0.166667 0.163661 0.011092 200 210 1000 1082 50000 50000 0 10
0.166667 0.184292 0.011870 200 220 1000 1017 50000 50000 0 10
0.166667 0.165823 0.011463 200 197 1000 1019 50000 50000 0 10
0.166667 0.151431 0.010992 200 192 1000 1056 50000 50000 0 10
0.166667 0.157109 0.011326 200 193 1000 1010 50000 50000 0 10
0.166667 0.171562 0.011638 200 204 1000 1000 50000 50000 0 10
0.166667 0.166194 0.011552 200 191 1000 1010 50000 50000 0 10
0.166667 0.169322 0.011829 200 192 1000 990 50000 50000 0 10
0.166667 0.148934 0.011267 200 180 1000 1006 50000 50000 0 10
0.166667 0.148416 0.010932 200 197 1000 1061 50000 50000 0 10
0.166667 0.167333 0.011589 200 191 1000 999 50000 50000 0 10
0.166667 0.172984 0.011555 200 214 1000 1023 50000 50000 0 10
0.166667 0.158777 0.011423 200 190 1000 1010 50000 50000 0 10
0.166667 0.177572 0.012213 200 205 1000 941 50000 50000 0 10
0.166667 0.159953 0.011443 200 196 1000 1021 50000 50000 0 10
0.166667 0.156736 0.011497 200 196 1000 1005 50000 50000 0 10
0.166667 0.184615 0.011507 200 240 1000 1068 50000 50000 0 10
0.166667 0.158736 0.011012 200 210 1000 1071 50000 50000 0 10
0.166667 0.168008 0.011526 200 204 1000 1018 50000 50000 0 10
0.166667 0.157103 0.011625 200 186 1000 964 50000 50000 0 10
0.166667 0.149342 0.011157 200 189 1000 1017 50000 50000 0 10
0.166667 0.182456 0.012031 200 201 1000 985 50000 50000 0 10
0.166667 0.177878 0.011991 200 212 1000 966 50000 50000 0 10
0.166667 0.160607 0.011434 200 186 1000 1022 50000 50000 0 10
0.166667 0.165057 0.011440 200 213 1000 1018 50000 50000 0 10
0.166667 0.177034 0.011952 200 210 1000 974 50000 50000 0 10
0.166667 0.165907 0.011772 200 189 1000 970 50000 50000 0 10
0.166667 0.147521 0.011125 200 189 1000 1007 50000 50000 0 10
0.166667 0.157022 0.011327 200 188 1000 1030 50000 50000 0 10
0.166667 0.159102 0.011764 200 177 1000 956 50000 50000 0 10
0.166667 0.169350 0.011560 200 213 1000 1031 50000 50000 0 10
0.166667 0.161272 0.011336 200 206 1000 1032 50000 50000 0 10
0.166667 0.174217 0.011983 200 197 1000 946 50000 50000 0 10
0.166667 0.174140 0.011874 200 198 1000 982 50000 50000 0 10
0.166667 0.193261 0.012204 200 228 1000 977 50000 50000 0 10
0.166667 0.160816 0.011252 200 200 1000 1055 50000 50000 0 10
0.166667 0.165934 0.011493 200 198 1000 1019 50000 50000 0 10
0.166667 0.177871 0.011774 200 214 1000 1010 50000 50000 0 10
0.166667 0.150686 0.011250 200 184 1000 999 50000 50000 0 10
0.166667 0.173430 0.011961 200 208 1000 976 50000 50000 0 10
0.166667 0.167135 0.011415 200 207 1000 1025 50000 50000 0 10
0.166667 0.144326 0.010954 200 174 1000 1036 50000 50000 0 10
0.166667 0.167460 0.011389 200 213 1000 1025 50000 50000 0 10
0.166667 0.175919 0.011713 200 205 1000 1002 50000 50000 0 10
0.166667 0.187028 0.012015 200 230 1000 985 50000 50000 0 10
0.166667 0.172301 0.011738 200 204 1000 1003 50000 50000 0 10
0.166667 0.181621 0.011990 200 211 1000 961 50000 50000 0 10
0.166667 0.163919 0.011449 200 210 1000 1004 50000 50000 0 10
0.166667 0.148213 0.011147 200 179 1000 1012 50000 50000 0 10
0.166667 0.170444 0.011809 200 206 1000 964 50000 50000 0 10
0.166667 0.179064 0.011629 200 220 1000 1035 50000 50000 0 10
0.166667 0.138717 0.010889 200 170 1000 1021 50000 50000 0 10
0.166667 0.161920 0.011577 200 191 1000 993 50000 50000 0 10
0.166667 0.159826 0.011845 200 175 1000 954 50000 50000 0 10
0.166667 0.177569 0.011741 200 215 1000 995 50000 50000 0 10
0.166667 0.180031 0.012025 200 209 1000 964 50000 50000 0 10
0.166667 0.165184 0.011479 200 198 1000 1029 50000 50000 0 10
0.166667 0.170010 0.011598 200 203 1000 1003 50000 50000 0 10
0.166667 0.171111 0.012057 200 203 1000 947 50000 50000 0 10
0.166667 0.179756 0.011825 200 219 1000 989 50000 50000 0 10
0.166667 0.185287 0.012424 200 218 1000 902 50000 50000 0 10
0.166667 0.177248 0.011801 200 209 1000 1023 50000 50000 0 10
0.166667 0.148842 0.011105 200 180 1000 1011 50000 50000 0 10
0.166667 0.168385 0.011415 200 205 1000 1035 50000 50000 0 10
0.166667 0.187268 0.012151 200 223 1000 962 50000 50000 0 10
0.166667 0.162662 0.011640 200 186 1000 979 50000 50000 0 10
0.166667 0.175000 0.011583 200 210 1000 1032 50000 50000 0 10
0.166667 0.173890 0.011515 200 226 1000 1024 50000 50000 0 10
0.166667 0.162974 0.011547 200 196 1000 994 50000 50000 0 10
0.166667 0.172233 0.011743 200 205 1000 1000 50000 50000 0 10
0.166667 0.167323 0.011699 200 191 1000 976 50000 50000 0 10
0.166667 0.152366 0.011315 200 180 1000 988 50000 50000 0 10
0.166667 0.178483 0.012016 200 209 1000 944 50000 50000 0 10
0.166667 0.172040 0.011699 200 197 1000 1001 50000 50000 0 10
0.166667 0.180538 0.011461 200 226 1000 1048 50000 50000 0 10
0.166667 0.145799 0.010890 200 178 1000 1063 50000 50000 0 10
0.166667 0.187920 0.012205 200 222 1000 943 50000 50000 0 10
0.166667 0.159133 0.011871 200 171 1000 944 50000 50000 0 10
0.166667 0.177355 0.011819 200 210 1000 997 50000 50000 0 10
0.166667 0.172132 0.011736 200 211 1000 976 50000 50000 0 10
0.166667 0.156606 0.011330 200 186 1000 1027 50000 50000 0 10
0.166667 0.178718 0.011968 200 216 1000 972 50000 50000 0 10
0.166667 0.168645 0.011574 200 209 1000 1019 50000 50000 0 10
0.166667 0.172992 0.012149 200 200 1000 950 50000 50000 0 10
0.166667 0.173682 0.011870 200 201 1000 972 50000 50000 0 10
0.166667 0.168404 0.011938 200 193 1000 947 50000 50000 0 10
0.166667 0.162866 0.011389 200 193 1000 1032 50000 50000 0 10
0.166667 0.157844 0.011156 200 185 1000 1046 50000 50000 0 10
0.166667 0.172370 0.011598 200 215 1000 1017 50000 50000 0 10
0.166667 0.161706 0.011193 200 202 1000 1045 50000 50000 0 10
0.166667 0.155135 0.011225 200 199 1000 1038 50000 50000 0 10
0.166667 0.175584 0.011611 200 215 1000 1015 50000 50000 0 10
0.166667 0.150111 0.011208 200 183 1000 1020 50000 50000 0 10
0.166667 0.178729 0.011798 200 215 1000 983 50000 50000 0 10
0.166667 0.196112 0.012060 200 233 1000 990 50000 50000 0 10
0.166667 0.173958 0.011962 200 209 1000 955 50000 50000 0 10
