0.166667 0.189229 0.016212 200 198 1000 1016 2 10000 10000 0 3
0.166667 0.179958 0.015617 200 225 1000 1001 2 10000 10000 0 3
0.166667 0.192581 0.016272 200 211 1000 999 2 10000 10000 0 3
0.166667 0.161306 0.015668 200 187 1000 1033 2 10000 10000 0 3
0.166667 0.197331 0.015988 200 200 1000 1007 2 10000 10000 0 3
0.166667 0.180421 0.016140 200 192 1000 1012 2 10000 10000 0 3
0.166667 0.178350 0.016046 200 226 1000 977 2 10000 10000 0 3
0.166667 0.178354 0.016217 200 196 1000 1033 2 10000 10000 0 3
0.166667 0.154228 0.015587 200 200 1000 1009 2 10000 10000 0 3
0.166667 0.181591 0.015571 200 235 1000 1059 2 10000 10000 0 3
0.166667 0.174333 0.016000 200 167 1000 970 2 10000 10000 0 3
0.166667 0.199540 0.016094 200 229 1000 995 2 10000 10000 0 3
0.166667 0.199253 0.016356 200 190 1000 999 2 10000 10000 0 3
0.166667 0.192282 0.016644 200 222 1000 987 2 10000 10000 0 3
0.166667 0.167430 0.015417 200 199 1000 1068 2 10000 10000 0 3
0.166667 0.181845 0.016117 200 181 1000 1022 2 10000 10000 0 3
0.166667 0.160072 0.015707 200 189 1000 1030 2 10000 10000 0 3
0.166667 0.188116 0.015923 200 217 1000 1028 2 10000 10000 0 3
0.166667 0.161680 0.015644 200 199 1000 1014 2 10000 10000 0 3
0.166667 0.171756 0.015610 200 199 1000 973 2 10000 10000 0 3
0.166667 0.186284 0.016134 200 217 1000 1027 2 10000 10000 0 3
0.166667 0.186624 0.016211 200 239 1000 1010 2 10000 10000 0 3
0.166667 0.146917 0.015469 200 183 1000 996 2 10000 10000 0 3
0.166667 0.166328 0.015705 200 177 1000 1012 2 10000 10000 0 3
0.166667 0.192925 0.016689 200 198 1000 941 2 10000 10000 0 3
0.166667 0.190230 0.016527 200 191 1000 985 2 10000 10000 0 3
0.166667 0.164434 0.015712 200 187 1000 1020 2 10000 10000 0 3
0.166667 0.210866 0.016642 200 203 1000 990 2 10000 10000 0 3
0.166667 0.186105 0.016080 200 220 1000 989 2 10000 10000 0 3
0.166667 0.177834 0.016025 200 180 1000 1013 2 10000 10000 0 3
0.166667 0.165690 0.015709 200 202 1000 1018 2 10000 10000 0 3
0.166667 0.200155 0.015934 200 217 1000 1038 2 10000 10000 0 3
0.166667 0.179904 0.016280 200 197 1000 1007 2 10000 10000 0 3
0.166667 0.212538 0.016431 200 229 1000 995 2 10000 10000 0 3
0.166667 0.198304 0.016579 200 188 1000 971 2 10000 10000 0 3
0.166667 0.171476 0.015823 200 204 1000 1003 2 10000 10000 0 3
0.166667 0.201658 0.016354 200 215 1000 973 2 10000 10000 0 3
0.166667 0.176325 0.015685 200 199 1000 1028 2 10000 10000 0 3
0.166667 0.175100 0.015862 200 201 1000 1046 2 10000 10000 0 3
0.166667 0.170940 0.015675 200 185 1000 1016 2 10000 10000 0 3
0.166667 0.169947 0.016200 200 206 1000 984 2 10000 10000 0 3
0.166667 0.162960 0.015876 200 184 1000 995 2 10000 10000 0 3
0.166667 0.217003 0.017174 200 213 1000 958 2 10000 10000 0 3
0.166667 0.174671 0.015874 200 193 1000 1025 2 10000 10000 0 3
0.166667 0.160460 0.016105 200 178 1000 947 2 10000 10000 0 3
0.166667 0.183550 0.016238 200 197 1000 989 2 10000 10000 0 3
0.166667 0.205190 0.016358 200 215 1000 1017 2 10000 10000 0 3
0.166667 0.135699 0.015150 200 180 1000 1038 2 10000 10000 0 3
0.166667 0.216291 0.016967 200 232 1000 960 2 10000 10000 0 3
0.166667 0.185277 0.016153 200 214 1000 1024 2 10000 10000 0 3
0.166667 0.203976 0.016431 200 210 1000 997 2 10000 10000 0 3
0.166667 0.136320 0.015460 200 187 1000 966 2 10000 10000 0 3
0.166667 0.168524 0.016371 200 218 1000 995 2 10000 10000 0 3
0.166667 0.163265 0.015818 200 187 1000 1006 2 10000 10000 0 3
0.166667 0.184076 0.016127 200 206 1000 1005 2 10000 10000 0 3
0.166667 0.183829 0.016420 200 226 1000 960 2 10000 10000 0 3
0.166667 0.174445 0.016032 200 184 1000 1006 2 10000 10000 0 3
0.166667 0.166033 0.015658 200 199 1000 1032 2 10000 10000 0 3
0.166667 0.173606 0.015754 200 204 1000 1021 2 10000 10000 0 3
0.166667 0.160902 0.016037 200 204 1000 971 2 10000 10000 0 3
0.166667 0.196228 0.015906 200 242 1000 1069 2 10000 10000 0 3
0.166667 0.172515 0.015531 200 210 1000 1039 2 10000 10000 0 3
0.166667 0.148355 0.015416 200 193 1000 997 2 10000 10000 0 3
0.166667 0.177891 0.016391 200 193 1000 1036 2 10000 10000 0 3
0.166667 0.183369 0.016299 200 211 1000 985 2 10000 10000 0 3
0.166667 0.158801 0.015647 200 175 1000 987 2 10000 10000 0 3
0.166667 0.175571 0.016124 200 197 1000 960 2 10000 10000 0 3
0.166667 0.149012 0.015414 200 200 1000 1056 2 10000 10000 0 3
0.166667 0.152325 0.015877 200 202 1000 1027 2 10000 10000 0 3
0.166667 0.196588 0.016718 200 216 1000 952 2 10000 10000 0 3
0.166667 0.159188 0.015614 200 185 1000 1025 2 10000 10000 0 3
0.166667 0.170842 0.015943 200 193 1000 979 2 10000 10000 0 3
0.166667 0.194131 0.015618 200 193 1000 1044 2 10000 10000 0 3
0.166667 0.176592 0.016173 200 224 1000 1013 2 10000 10000 0 3
0.166667 0.203276 0.016076 200 215 1000 1014 2 10000 10000 0 3
0.166667 0.177252 0.015588 200 199 1000 1022 2 10000 10000 0 3
0.166667 0.193975 0.016062 200 210 1000 1048 2 10000 10000 0 3
0.166667 0.186259 0.016799 200 213 1000 929 2 10000 10000 0 3
0.166667 0.172740 0.016254 200 209 1000 994 2 10000 10000 0 3
0.166667 0.193260 0.016066 200 189 1000 1031 2 10000 10000 0 3
0.166667 0.196239 0.016941 200 217 1000 971 2 10000 10000 0 3
0.166667 0.171485 0.016276 200 205 1000 998 2 10000 10000 0 3
0.166667 0.212915 0.016177 200 239 1000 992 2 10000 10000 0 3
0.166667 0.162587 0.015550 200 177 1000 1023 2 10000 10000 0 3
0.166667 0.185006 0.015807 200 202 1000 1027 2 10000 10000 0 3
0.166667 0.167522 0.015919 200 197 1000 1013 2 10000 10000 0 3
0.166667 0.207059 0.016363 200 207 1000 1020 2 10000 10000 0 3
0.166667 0.181600 0.015826 200 211 1000 1027 2 10000 10000 0 3
0.166667 0.167383 0.015984 200 189 1000 1006 2 10000 10000 0 3
0.166667 0.161955 0.015483 200 199 1000 1027 2 10000 10000 0 3
0.166667 0.181026 0.016291 200 209 1000 960 2 10000 10000 0 3
0.166667 0.186208 0.016357 200 210 1000 1022 2 10000 10000 0 3
0.166667 0.165480 0.016001 200 184 1000 968 2 10000 10000 0 3
0.166667 0.188959 0.015944 200 204 1000 1051 2 10000 10000 0 3
0.166667 0.183402 0.016363 200 210 1000 1005 2 10000 10000 0 3
0.166667 0.196632 0.016032 200 197 1000 1034 2 10000 10000 0 3
0.166667 0.179964 0.016120 200 204 1000 1003 2 10000 10000 0 3
0.166667 0.194487 0.016709 200 222 1000 983 2 10000 10000 0 3
0.166667 0.199707 0.016492 200 209 1000 985 2 10000 10000 0 3
0.166667 0.184790 0.016137 200 213 1000 974 2 10000 10000 0 3
