0.166667 0.190100 0.015353 200 203 1000 970 1000 1000 0 8
0.166667 0.173847 0.015302 200 229 1000 971 1000 1000 0 8
0.166667 0.155004 0.014468 200 220 1000 1033 1000 1000 0 8
0.166667 0.171089 0.015414 200 187 1000 914 1000 1000 0 8
0.166667 0.155700 0.014366 200 190 1000 1045 1000 1000 0 8
0.166667 0.186815 0.015305 200 217 1000 966 1000 1000 0 8
0.166667 0.195123 0.015175 200 199 1000 973 1000 1000 0 8
0.166667 0.190175 0.015224 200 210 1000 995 1000 1000 0 8
0.166667 0.172563 0.014992 200 197 1000 944 1000 1000 0 8
0.166667 0.203181 0.015153 200 208 1000 983 1000 1000 0 8
0.166667 0.146170 0.014834 200 201 1000 979 1000 1000 0 8
0.166667 0.168650 0.014969 200 210 1000 1052 1000 1000 0 8
0.166667 0.194921 0.015092 200 208 1000 976 1000 1000 0 8
0.166667 0.155881 0.015486 200 173 1000 974 1000 1000 0 8
0.166667 0.160024 0.014740 200 180 1000 963 1000 1000 0 8
0.166667 0.193267 0.015118 200 197 1000 1006 1000 1000 0 8
0.166667 0.164554 0.013870 200 187 1000 1022 1000 1000 0 8
0.166667 0.207371 0.014617 200 197 1000 990 1000 1000 0 8
0.166667 0.173587 0.015242 200 193 1000 1003 1000 1000 0 8
0.166667 0.169969 0.015051 200 175 1000 937 1000 1000 0 8
0.166667 0.158096 0.014790 200 181 1000 985 1000 1000 0 8
0.166667 0.183610 0.015054 200 209 1000 973 1000 1000 0 8
0.166667 0.157495 0.014789 200 184 1000 1044 1000 1000 0 8
0.166667 0.168912 0.014493 200 208 1000 1029 1000 1000 0 8
0.166667 0.196613 0.014733 200 210 1000 1034 1000 1000 0 8
0.166667 0.187259 0.014454 200 191 1000 991 1000 1000 0 8
0.166667 0.136711 0.014671 200 196 1000 985 1000 1000 0 8
0.166667 0.183638 0.015068 200 194 1000 1002 1000 1000 0 8
0.166667 0.148765 0.014326 200 180 1000 1026 1000 1000 0 8
0.166667 0.210471 0.015397 200 224 1000 960 1000 1000 0 8
0.166667 0.160237 0.014364 200 193 1000 1057 1000 1000 0 8
0.166667 0.149696 0.014446 200 169 1000 992 1000 1000 0 8
0.166667 0.154064 0.014026 200 179 1000 1023 1000 1000 0 8
0.166667 0.176569 0.014772 200 198 1000 1004 1000 1000 0 8
0.166667 0.153343 0.014332 200 184 1000 1032 1000 1000 0 8
0.166667 0.135059 0.014070 200 184 1000 1063 1000 1000 0 8
0.166667 0.181495 0.015176 200 203 1000 984 1000 1000 0 8
0.166667 0.149729 0.015028 200 201 1000 989 1000 1000 0 8
0.166667 0.172507 0.014818 200 202 1000 1016 1000 1000 0 8
0.166667 0.166297 0.014776 200 210 1000 1019 1000 1000 0 8
0.166667 0.160791 0.014139 200 214 1000 1058 1000 1000 0 8
0.166667 0.159318 0.014883 200 218 1000 967 1000 1000 0 8
0.166667 0.192952 0.015371 200 194 1000 1023 1000 1000 0 8
0.166667 0.173216 0.014770 200 208 1000 1004 1000 1000 0 8
0.166667 0.133521 0.014185 200 174 1000 1007 1000 1000 0 8
0.166667 0.183912 0.015105 200 191 1000 951 1000 1000 0 8
0.166667 0.134116 0.014020 200 192 1000 1024 1000 1000 0 8
0.166667 0.182223 0.014430 200 204 1000 1023 1000 1000 0 8
0.166667 0.161836 0.014642 200 210 1000 1062 1000 1000 0 8
0.166667 0.174038 0.014568 200 199 1000 1043 1000 1000 0 8
0.166667 0.146876 0.014572 200 176 1000 1031 1000 1000 0 8
0.166667 0.189831 0.014614 200 219 1000 1004 1000 1000 0 8
0.166667 0.169807 0.014993 200 205 1000 1032 1000 1000 0 8
0.166667 0.166915 0.014817 200 189 1000 968 1000 1000 0 8
0.166667 0.180809 0.014949 200 191 1000 999 1000 1000 0 8
0.166667 0.172115 0.014412 200 236 1000 1024 1000 1000 0 8
0.166667 0.186615 0.015014 200 225 1000 981 1000 1000 0 8
0.166667 0.184433 0.015083 200 206 1000 1007 1000 1000 0 8
0.166667 0.202374 0.014927 200 219 1000 1024 1000 1000 0 8
0.166667 0.179789 0.014529 200 224 1000 1012 1000 1000 0 8
0.166667 0.177799 0.015065 200 209 1000 957 1000 1000 0 8
0.166667 0.159784 0.014284 200 205 1000 1085 1000 1000 0 8
0.166667 0.159738 0.015203 200 187 1000 960 1000 1000 0 8
0.166667 0.183566 0.014615 200 194 1000 1028 1000 1000 0 8
0.166667 0.183587 0.014747 200 217 1000 1009 1000 1000 0 8
0.166667 0.188035 0.014942 200 196 1000 1023 1000 1000 0 8
0.166667 0.180448 0.015170 200 204 1000 966 1000 1000 0 8
0.166667 0.154760 0.015093 200 204 1000 1013 1000 1000 0 8
0.166667 0.178099 0.015162 200 218 1000 980 1000 1000 0 8
0.166667 0.162129 0.015011 200 173 1000 984 1000 1000 0 8
0.166667 0.188298 0.015970 200 201 1000 969 1000 1000 0 8
0.166667 0.166395 0.014803 200 190 1000 1030 1000 1000 0 8
0.166667 0.181391 0.014994 200 215 1000 996 1000 1000 0 8
0.166667 0.160335 0.014832 200 228 1000 1008 1000 1000 0 8
0.166667 0.173137 0.015294 200 206 1000 988 1000 1000 0 8
0.166667 0.181983 0.014735 200 190 1000 1010 1000 1000 0 8
0.166667 0.172925 0.014314 200 190 1000 1059 1000 1000 0 8
0.166667 0.154457 0.014859 200 181 1000 973 1000 1000 0 8
0.166667 0.149432 0.014088 200 197 1000 1048 1000 1000 0 8
0.166667 0.176188 0.014911 200 209 1000 1000 1000 1000 0 8
0.166667 0.177144 0.014703 200 192 1000 1040 1000 1000 0 8
0.166667 0.158686 0.014559 200 189 1000 1038 1000 1000 0 8
0.166667 0.170478 0.015036 200 205 1000 1027 1000 1000 0 8
0.166667 0.151914 0.014839 200 192 1000 984 1000 1000 0 8
0.166667 0.167061 0.015038 200 184 1000 986 1000 1000 0 8
0.166667 0.147793 0.014924 200 174 1000 960 1000 1000 0 8
0.166667 0.165049 0.014100 200 178 1000 1020 1000 1000 0 8
0.166667 0.172197 0.014282 200 168 1000 1049 1000 1000 0 8
0.166667 0.137964 0.014548 200 189 1000 1001 1000 1000 0 8
0.166667 0.163719 0.014929 200 191 1000 973 1000 1000 0 8
0.166667 0.169274 0.014742 200 223 1000 1005 1000 1000 0 8
0.166667 0.201695 0.014362 200 218 1000 1031 1000 1000 0 8
0.166667 0.181381 0.014485 200 192 1000 1008 1000 1000 0 8
0.166667 0.168860 0.014556 200 202 1000 984 1000 1000 0 8
0.166667 0.154753 0.014660 200 178 1000 974 1000 1000 0 8
0.166667 0.168860 0.015088 200 193 1000 956 1000 1000 0 8
0.166667 0.164518 0.014663 200 203 1000 968 1000 1000 0 8
0.166667 0.193031 0.014777 200 194 1000 1014 1000 1000 0 8
0.166667 0.167695 0.014420 200 214 1000 1025 1000 1000 0 8
0.166667 0.172688 0.014916 200 190 1000 1019 1000 1000 0 8
0.166667 0.161299 0.015063 200 206 1000 1005 1000 1000 0 8
0.166667 0.187100 0.014982 200 224 1000 1016 1000 1000 0 8
0.166667 0.162765 0.014465 200 187 1000 1008 1000 1000 0 8
0.166667 0.175183 0.015175 200 221 1000 966 1000 1000 0 8
0.166667 0.167371 0.014560 200 186 1000 1028 1000 1000 0 8
0.166667 0.169058 0.014594 200 184 1000 1008 1000 1000 0 8
0.166667 0.185377 0.015523 200 186 1000 945 1000 1000 0 8
0.166667 0.212319 0.015110 200 240 1000 996 1000 1000 0 8
0.166667 0.178624 0.015600 200 212 1000 974 1000 1000 0 8
0.166667 0.183110 0.015144 200 198 1000 997 1000 1000 0 8
0.166667 0.181783 0.014911 200 211 1000 1035 1000 1000 0 8
0.166667 0.175605 0.014255 200 219 1000 1061 1000 1000 0 8
0.166667 0.157471 0.014263 200 188 1000 1009 1000 1000 0 8
0.166667 0.154032 0.014555 200 205 1000 1048 1000 1000 0 8
0.166667 0.162804 0.014078 200 212 1000 1045 1000 1000 0 8
0.166667 0.145282 0.014199 200 186 1000 1040 1000 1000 0 8
0.166667 0.166260 0.015797 200 188 1000 958 1000 1000 0 8
0.166667 0.185702 0.014655 200 217 1000 1008 1000 1000 0 8
0.166667 0.190071 0.014880 200 188 1000 1002 1000 1000 0 8
0.166667 0.184148 0.015142 200 190 1000 952 1000 1000 0 8
0.166667 0.161350 0.014756 200 180 1000 974 1000 1000 0 8
0.166667 0.135943 0.014840 200 199 1000 980 1000 1000 0 8
0.166667 0.173633 0.015441 200 194 1000 959 1000 1000 0 8
0.166667 0.159469 0.014978 200 189 1000 1064 1000 1000 0 8
0.166667 0.150850 0.014621 200 168 1000 980 1000 1000 0 8
0.166667 0.164291 0.014886 200 191 1000 1013 1000 1000 0 8
0.166667 0.180071 0.014898 200 214 1000 956 1000 1000 0 8
0.166667 0.198274 0.015404 200 230 1000 984 1000 1000 0 8
0.166667 0.172916 0.014848 200 207 1000 956 1000 1000 0 8
0.166667 0.156794 0.014974 200 177 1000 962 1000 1000 0 8
0.166667 0.166686 0.014613 200 210 1000 1008 1000 1000 0 8
0.166667 0.184794 0.014911 200 187 1000 998 1000 1000 0 8
0.166667 0.174320 0.014967 200 207 1000 978 1000 1000 0 8
0.166667 0.183328 0.014331 200 220 1000 1023 1000 1000 0 8
0.166667 0.176098 0.014286 200 201 1000 1027 1000 1000 0 8
0.166667 0.169892 0.015284 200 210 1000 998 1000 1000 0 8
0.166667 0.153479 0.014799 200 208 1000 976 1000 1000 0 8
0.166667 0.167448 0.014316 200 208 1000 1003 1000 1000 0 8
0.166667 0.167872 0.014645 200 208 1000 1005 1000 1000 0 8
0.166667 0.189122 0.014670 200 216 1000 1020 1000 1000 0 8
0.166667 0.178735 0.015993 200 204 1000 926 1000 1000 0 8
0.166667 0.159675 0.014859 200 205 1000 1023 1000 1000 0 8
0.166667 0.170467 0.014674 200 199 1000 1000 1000 1000 0 8
0.166667 0.197756 0.014923 200 212 1000 995 1000 1000 0 8
0.166667 0.178839 0.014654 200 214 1000 1004 1000 1000 0 8
0.166667 0.183314 0.014607 200 194 1000 1003 1000 1000 0 8
0.166667 0.122429 0.014442 200 175 1000 1040 1000 1000 0 8
0.166667 0.181005 0.014828 200 208 1000 994 1000 1000 0 8
0.166667 0.196164 0.015172 200 198 1000 999 1000 1000 0 8
0.166667 0.161900 0.014624 200 205 1000 1031 1000 1000 0 8
0.166667 0.139547 0.013955 200 179 1000 1060 1000 1000 0 8
0.166667 0.186243 0.015010 200 185 1000 985 1000 1000 0 8
0.166667 0.194992 0.015206 200 200 1000 1015 1000 1000 0 8
0.166667 0.175885 0.015169 200 206 1000 953 1000 1000 0 8
0.166667 0.184496 0.014805 200 210 1000 1007 1000 1000 0 8
0.166667 0.176974 0.014918 200 198 1000 993 1000 1000 0 8
0.166667 0.157239 0.015414 200 188 1000 985 1000 1000 0 8
0.166667 0.212090 0.015459 200 228 1000 987 1000 1000 0 8
0.166667 0.149806 0.013975 200 198 1000 1041 1000 1000 0 8
0.166667 0.182529 0.014905 200 190 1000 1001 1000 1000 0 8
0.166667 0.165860 0.015361 200 194 1000 968 1000 1000 0 8
0.166667 0.154419 0.014460 200 185 1000 1060 1000 1000 0 8
0.166667 0.156342 0.014066 200 170 1000 995 1000 1000 0 8
0.166667 0.198538 0.016117 200 195 1000 919 1000 1000 0 8
0.166667 0.187276 0.015192 200 232 1000 993 1000 1000 0 8
0.166667 0.181850 0.014271 200 207 1000 1012 1000 1000 0 8
0.166667 0.174509 0.014998 200 193 1000 976 1000 1000 0 8
0.166667 0.156040 0.014238 200 189 1000 1019 1000 1000 0 8
0.166667 0.164108 0.015482 200 194 1000 947 1000 1000 0 8
0.166667 0.194816 0.015359 200 207 1000 943 1000 1000 0 8
0.166667 0.176327 0.014773 200 205 1000 1051 1000 1000 0 8
0.166667 0.208154 0.014665 200 199 1000 979 1000 1000 0 8
0.166667 0.152308 0.014953 200 170 1000 952 1000 1000 0 8
0.166667 0.167872 0.014404 200 198 1000 997 1000 1000 0 8
0.166667 0.210615 0.014789 200 210 1000 995 1000 1000 0 8
0.166667 0.183143 0.014436 200 205 1000 1051 1000 1000 0 8
0.166667 0.189893 0.014682 200 183 1000 998 1000 1000 0 8
0.166667 0.153142 0.014661 200 190 1000 1040 1000 1000 0 8
0.166667 0.190351 0.015537 200 203 1000 957 1000 1000 0 8
0.166667 0.154312 0.015093 200 207 1000 1034 1000 1000 0 8
0.166667 0.171167 0.015080 200 213 1000 1048 1000 1000 0 8
0.166667 0.142568 0.014488 200 180 1000 999 1000 1000 0 8
0.166667 0.163085 0.014158 200 175 1000 1024 1000 1000 0 8
0.166667 0.135609 0.014283 200 190 1000 1024 1000 1000 0 8
0.166667 0.166986 0.014368 200 201 1000 1011 1000 1000 0 8
0.166667 0.194980 0.015246 200 201 1000 971 1000 1000 0 8
0.166667 0.142773 0.014164 200 199 1000 1027 1000 1000 0 8
0.166667 0.178510 0.014775 200 181 1000 996 1000 1000 0 8
0.166667 0.119141 0.014103 200 176 1000 1032 1000 1000 0 8
0.166667 0.168239 0.015017 200 184 1000 998 1000 1000 0 8
0.166667 0.132365 0.014574 200 186 1000 1015 1000 1000 0 8
0.166667 0.190738 0.015440 200 218 1000 978 1000 1000 0 8
0.166667 0.171535 0.014626 200 201 1000 990 1000 1000 0 8
0.166667 0.151576 0.013751 200 215 1000 1050 1000 1000 0 8
0.166667 0.187265 0.015245 200 213 1000 923 1000 1000 0 8
0.166667 0.175644 0.014767 200 190 1000 1029 1000 1000 0 8
0.166667 0.183702 0.015039 200 197 1000 1005 1000 1000 0 8
0.166667 0.153499 0.014388 200 194 1000 1033 1000 1000 0 8
0.166667 0.163444 0.014433 200 197 1000 1035 1000 1000 0 8
0.166667 0.167867 0.015138 200 219 1000 993 1000 1000 0 8
0.166667 0.164689 0.014982 200 202 1000 1007 1000 1000 0 8
0.166667 0.165801 0.014417 200 180 1000 997 1000 1000 0 8
0.166667 0.179833 0.014753 200 194 1000 999 1000 1000 0 8
0.166667 0.174324 0.015172 200 209 1000 974 1000 1000 0 8
0.166667 0.189149 0.014974 200 208 1000 976 1000 1000 0 8
0.166667 0.147118 0.014218 200 177 1000 1071 1000 1000 0 8
0.166667 0.184395 0.015268 200 198 1000 982 1000 1000 0 8
0.166667 0.199848 0.014814 200 222 1000 1030 1000 1000 0 8
0.166667 0.177230 0.014375 200 195 1000 1016 1000 1000 0 8
0.166667 0.174731 0.015038 200 207 1000 965 1000 1000 0 8
0.166667 0.172306 0.014344 200 205 1000 1019 1000 1000 0 8
0.166667 0.152612 0.014384 200 184 1000 1018 1000 1000 0 8
0.166667 0.184427 0.015310 200 199 1000 976 1000 1000 0 8
0.166667 0.200724 0.015411 200 229 1000 999 1000 1000 0 8
0.166667 0.163297 0.015381 200 210 1000 944 1000 1000 0 8
0.166667 0.137195 0.013961 200 161 1000 1029 1000 1000 0 8
0.166667 0.185275 0.014683 200 205 1000 1016 1000 1000 0 8
0.166667 0.166857 0.014786 200 218 1000 1017 1000 1000 0 8
0.166667 0.145875 0.014140 200 185 1000 1049 1000 1000 0 8
0.166667 0.182144 0.014502 200 197 1000 1012 1000 1000 0 8
0.166667 0.204410 0.015282 200 211 1000 974 1000 1000 0 8
0.166667 0.182992 0.014955 200 223 1000 972 1000 1000 0 8
0.166667 0.193248 0.015386 200 206 1000 942 1000 1000 0 8
0.166667 0.191882 0.015687 200 234 1000 933 1000 1000 0 8
0.166667 0.158883 0.014844 200 193 1000 972 1000 1000 0 8
0.166667 0.158461 0.014274 200 194 1000 989 1000 1000 0 8
0.166667 0.182791 0.014584 200 207 1000 1030 1000 1000 0 8
0.166667 0.176632 0.015023 200 204 1000 962 1000 1000 0 8
0.166667 0.179275 0.014755 200 191 1000 994 1000 1000 0 8
0.166667 0.183155 0.014871 200 228 1000 975 1000 1000 0 8
0.166667 0.170971 0.015111 200 197 1000 986 1000 1000 0 8
0.166667 0.170827 0.014883 200 205 1000 998 1000 1000 0 8
0.166667 0.203267 0.015283 200 228 1000 978 1000 1000 0 8
0.166667 0.200161 0.015765 200 213 1000 916 1000 1000 0 8
0.166667 0.158384 0.014547 200 199 1000 996 1000 1000 0 8
0.166667 0.164648 0.014346 200 192 1000 983 1000 1000 0 8
0.166667 0.165020 0.014500 200 201 1000 1006 1000 1000 0 8
0.166667 0.184427 0.015358 200 215 1000 979 1000 1000 0 8
0.166667 0.190452 0.015314 200 194 1000 937 1000 1000 0 8
0.166667 0.174820 0.014120 200 186 1000 1048 1000 1000 0 8
0.166667 0.165094 0.014424 200 175 1000 990 1000 1000 0 8
0.166667 0.165261 0.014834 200 198 1000 1001 1000 1000 0 8
0.166667 0.198875 0.014932 200 226 1000 1004 1000 1000 0 8
0.166667 0.179824 0.015386 200 203 1000 988 1000 1000 0 8
0.166667 0.169051 0.013933 200 192 1000 1074 1000 1000 0 8
0.166667 0.177917 0.014729 200 204 1000 1002 1000 1000 0 8
0.166667 0.169341 0.015284 200 210 1000 964 1000 1000 0 8
0.166667 0.182221 0.015043 200 211 1000 965 1000 1000 0 8
0.166667 0.169955 0.015017 200 184 1000 998 1000 1000 0 8
0.166667 0.146804 0.014801 200 177 1000 998 1000 1000 0 8
0.166667 0.167127 0.014751 200 196 1000 975 1000 1000 0 8
0.166667 0.171712 0.014524 200 186 1000 1021 1000 1000 0 8
0.166667 0.155830 0.014143 200 204 1000 1052 1000 1000 0 8
0.166667 0.143947 0.014815 200 196 1000 950 1000 1000 0 8
0.166667 0.176734 0.014789 200 204 1000 987 1000 1000 0 8
0.166667 0.184592 0.015008 200 191 1000 985 1000 1000 0 8
0.166667 0.140085 0.014785 200 177 1000 999 1000 1000 0 8
0.166667 0.183072 0.014960 200 200 1000 1004 1000 1000 0 8
0.166667 0.175387 0.015098 200 188 1000 998 1000 1000 0 8
0.166667 0.169226 0.014527 200 207 1000 1012 1000 1000 0 8
0.166667 0.174813 0.015502 200 178 1000 917 1000 1000 0 8
0.166667 0.191529 0.014792 200 208 1000 1005 1000 1000 0 8
0.166667 0.186613 0.015308 200 231 1000 983 1000 1000 0 8
0.166667 0.188142 0.014975 200 198 1000 1011 1000 1000 0 8
0.166667 0.170864 0.015167 200 186 1000 984 1000 1000 0 8
0.166667 0.149939 0.013981 200 185 1000 1035 1000 1000 0 8
0.166667 0.157221 0.014532 200 202 1000 1016 1000 1000 0 8
0.166667 0.174310 0.014438 200 205 1000 1014 1000 1000 0 8
0.166667 0.172104 0.015278 200 189 1000 925 1000 1000 0 8
0.166667 0.191330 0.015364 200 209 1000 937 1000 1000 0 8
0.166667 0.170890 0.014600 200 207 1000 989 1000 1000 0 8
0.166667 0.132470 0.014000 200 180 1000 1000 1000 1000 0 8
0.166667 0.165725 0.014447 200 201 1000 1076 1000 1000 0 8
0.166667 0.183860 0.015013 200 212 1000 1006 1000 1000 0 8
0.166667 0.189096 0.015240 200 186 1000 935 1000 1000 0 8
0.166667 0.157887 0.014496 200 195 1000 1029 1000 1000 0 8
0.166667 0.150696 0.014934 200 195 1000 993 1000 1000 0 8
0.166667 0.190579 0.015212 200 220 1000 967 1000 1000 0 8
0.166667 0.188095 0.015533 200 209 1000 973 1000 1000 0 8
0.166667 0.202476 0.014975 200 224 1000 976 1000 1000 0 8
0.166667 0.183139 0.015329 200 208 1000 946 1000 1000 0 8
0.166667 0.175471 0.014738 200 189 1000 1038 1000 1000 0 8
0.166667 0.189095 0.014867 200 180 1000 1002 1000 1000 0 8
0.166667 0.160790 0.014298 200 194 1000 1020 1000 1000 0 8
0.166667 0.125726 0.013724 200 180 1000 977 1000 1000 0 8
0.166667 0.191011 0.014598 200 204 1000 1014 1000 1000 0 8
0.166667 0.180929 0.014559 200 199 1000 985 1000 1000 0 8
0.166667 0.160810 0.013746 200 210 1000 1049 1000 1000 0 8
0.166667 0.188692 0.015111 200 217 1000 950 1000 1000 0 8
0.166667 0.182929 0.015689 200 195 1000 946 1000 1000 0 8
0.166667 0.193333 0.014879 200 206 1000 1016 1000 1000 0 8
0.166667 0.191665 0.015310 200 209 1000 1011 1000 1000 0 8
0.166667 0.201043 0.015326 200 230 1000 985 1000 1000 0 8
0.166667 0.212321 0.015172 200 237 1000 974 1000 1000 0 8
0.166667 0.175600 0.015561 200 201 1000 974 1000 1000 0 8
0.166667 0.163894 0.014880 200 209 1000 1004 1000 1000 0 8
0.166667 0.178341 0.015145 200 191 1000 946 1000 1000 0 8
0.166667 0.155398 0.014799 200 217 1000 1004 1000 1000 0 8
0.166667 0.173358 0.014901 200 186 1000 1003 1000 1000 0 8
0.166667 0.178353 0.015480 200 201 1000 1005 1000 1000 0 8
0.166667 0.170983 0.014526 200 205 1000 1015 1000 1000 0 8
0.166667 0.180672 0.015444 200 210 1000 954 1000 1000 0 8
0.166667 0.147856 0.014312 200 207 1000 1044 1000 1000 0 8
0.166667 0.194961 0.014888 200 197 1000 1005 1000 1000 0 8
0.166667 0.173206 0.014689 200 184 1000 973 1000 1000 0 8
0.166667 0.173299 0.014461 200 207 1000 1007 1000 1000 0 8
0.166667 0.185950 0.014994 200 191 1000 1015 1000 1000 0 8
0.166667 0.186228 0.014612 200 234 1000 1033 1000 1000 0 8
0.166667 0.188808 0.014879 200 204 1000 982 1000 1000 0 8
0.166667 0.147321 0.014050 200 185 1000 1033 1000 1000 0 8
0.166667 0.154591 0.014482 200 210 1000 1049 1000 1000 0 8
0.166667 0.166877 0.015003 200 200 1000 990 1000 1000 0 8
0.166667 0.193657 0.014656 200 207 1000 1026 1000 1000 0 8
0.166667 0.148967 0.014831 200 187 1000 986 1000 1000 0 8
0.166667 0.168331 0.015439 200 199 1000 961 1000 1000 0 8
0.166667 0.145065 0.014480 200 189 1000 1024 1000 1000 0 8
0.166667 0.173030 0.014763 200 201 1000 1019 1000 1000 0 8
0.166667 0.173603 0.014745 200 211 1000 962 1000 1000 0 8
0.166667 0.182138 0.015026 200 195 1000 1017 1000 1000 0 8
0.166667 0.179874 0.014184 200 231 1000 1045 1000 1000 0 8
0.166667 0.179610 0.014755 200 180 1000 969 1000 1000 0 8
0.166667 0.184815 0.014885 200 199 1000 984 1000 1000 0 8
0.166667 0.182610 0.014909 200 212 1000 992 1000 1000 0 8
0.166667 0.144266 0.014503 200 202 1000 1030 1000 1000 0 8
0.166667 0.226103 0.016254 200 203 1000 911 1000 1000 0 8
0.166667 0.161603 0.014797 200 185 1000 983 1000 1000 0 8
0.166667 0.186230 0.014763 200 224 1000 1005 1000 1000 0 8
0.166667 0.173613 0.014765 200 199 1000 1003 1000 1000 0 8
0.166667 0.155374 0.014663 200 188 1000 955 1000 1000 0 8
0.166667 0.184828 0.014396 200 201 1000 1019 1000 1000 0 8
0.166667 0.164005 0.014564 200 196 1000 1016 1000 1000 0 8
0.166667 0.186432 0.015123 200 224 1000 995 1000 1000 0 8
0.166667 0.168245 0.014619 200 203 1000 1024 1000 1000 0 8
0.166667 0.168960 0.014605 200 196 1000 1002 1000 1000 0 8
0.166667 0.190206 0.015125 200 222 1000 968 1000 1000 0 8
0.166667 0.130647 0.014633 200 165 1000 997 1000 1000 0 8
0.166667 0.144879 0.014095 200 181 1000 1020 1000 1000 0 8
0.166667 0.162386 0.014751 200 199 1000 1066 1000 1000 0 8
0.166667 0.207975 0.015408 200 221 1000 982 1000 1000 0 8
0.166667 0.145485 0.014396 200 175 1000 1009 1000 1000 0 8
0.166667 0.175615 0.015393 200 209 1000 924 1000 1000 0 8
0.166667 0.144279 0.014622 200 192 1000 1030 1000 1000 0 8
0.166667 0.166081 0.014484 200 185 1000 965 1000 1000 0 8
0.166667 0.168393 0.013917 200 187 1000 1040 1000 1000 0 8
0.166667 0.171722 0.014884 200 207 1000 1007 1000 1000 0 8
0.166667 0.175751 0.014466 200 209 1000 1039 1000 1000 0 8
0.166667 0.176623 0.014387 200 218 1000 1067 1000 1000 0 8
0.166667 0.185839 0.015317 200 209 1000 910 1000 1000 0 8
0.166667 0.166444 0.014298 200 182 1000 1084 1000 1000 0 8
0.166667 0.159123 0.014733 200 187 1000 1008 1000 1000 0 8
0.166667 0.209158 0.014750 200 206 1000 974 1000 1000 0 8
0.166667 0.209213 0.015434 200 222 1000 930 1000 1000 0 8
0.166667 0.178984 0.015098 200 223 1000 944 1000 1000 0 8
0.166667 0.175009 0.014832 200 211 1000 978 1000 1000 0 8
0.166667 0.164910 0.014728 200 201 1000 1019 1000 1000 0 8
0.166667 0.168949 0.014267 200 198 1000 1017 1000 1000 0 8
0.166667 0.158375 0.014822 200 168 1000 1006 1000 1000 0 8
0.166667 0.147075 0.014749 200 191 1000 996 1000 1000 0 8
0.166667 0.155891 0.014149 200 182 1000 1067 1000 1000 0 8
0.166667 0.170165 0.014926 200 195 1000 920 1000 1000 0 8
0.166667 0.186971 0.014305 200 207 1000 1016 1000 1000 0 8
0.166667 0.171683 0.014497 200 188 1000 1018 1000 1000 0 8
0.166667 0.164504 0.014371 200 184 1000 1038 1000 1000 0 8
0.166667 0.162615 0.013824 200 195 1000 1043 1000 1000 0 8
0.166667 0.131890 0.014955 200 209 1000 990 1000 1000 0 8
0.166667 0.157608 0.014629 200 205 1000 1011 1000 1000 0 8
0.166667 0.190471 0.014670 200 233 1000 1010 1000 1000 0 8
0.166667 0.160804 0.014388 200 197 1000 1027 1000 1000 0 8
0.166667 0.191485 0.014759 200 220 1000 1045 1000 1000 0 8
0.166667 0.147105 0.014373 200 197 1000 998 1000 1000 0 8
0.166667 0.137163 0.014795 200 174 1000 986 1000 1000 0 8
0.166667 0.185648 0.014905 200 214 1000 986 1000 1000 0 8
0.166667 0.154722 0.014681 200 201 1000 1001 1000 1000 0 8
0.166667 0.194144 0.014854 200 221 1000 1031 1000 1000 0 8
0.166667 0.211956 0.015137 200 224 1000 1029 1000 1000 0 8
0.166667 0.165269 0.014317 200 198 1000 1043 1000 1000 0 8
0.166667 0.194384 0.014869 200 211 1000 998 1000 1000 0 8
0.166667 0.154567 0.014025 200 198 1000 1034 1000 1000 0 8
0.166667 0.188171 0.014364 200 206 1000 1006 1000 1000 0 8
0.166667 0.197577 0.015230 200 215 1000 987 1000 1000 0 8
0.166667 0.147305 0.014696 200 191 1000 971 1000 1000 0 8
0.166667 0.163786 0.015057 200 206 1000 995 1000 1000 0 8
0.166667 0.152664 0.014583 200 195 1000 1003 1000 1000 0 8
0.166667 0.199702 0.014623 200 198 1000 1007 1000 1000 0 8
0.166667 0.182287 0.014993 200 220 1000 988 1000 1000 0 8
0.166667 0.154981 0.013915 200 200 1000 1076 1000 1000 0 8
0.166667 0.153810 0.014602 200 183 1000 1016 1000 1000 0 8
0.166667 0.200628 0.015890 200 196 1000 956 1000 1000 0 8
0.166667 0.165096 0.014747 200 200 1000 977 1000 1000 0 8
0.166667 0.131938 0.015323 200 183 1000 963 1000 1000 0 8
0.166667 0.174758 0.014847 200 238 1000 1039 1000 1000 0 8
0.166667 0.195230 0.015646 200 216 1000 956 1000 1000 0 8
0.166667 0.203185 0.015063 200 226 1000 995 1000 1000 0 8
0.166667 0.178845 0.015485 200 238 1000 989 1000 1000 0 8
0.166667 0.218692 0.015772 200 245 1000 938 1000 1000 0 8
0.166667 0.166503 0.015038 200 206 1000 985 1000 1000 0 8
0.166667 0.171317 0.014816 200 203 1000 1014 1000 1000 0 8
0.166667 0.153962 0.014158 200 196 1000 1004 1000 1000 0 8
0.166667 0.142533 0.013532 200 179 1000 1028 1000 1000 0 8
0.166667 0.168073 0.014511 200 201 1000 972 1000 1000 0 8
0.166667 0.166706 0.015173 200 194 1000 957 1000 1000 0 8
0.166667 0.165618 0.014811 200 203 1000 1011 1000 1000 0 8
0.166667 0.145108 0.014458 200 195 1000 990 1000 1000 0 8
0.166667 0.166875 0.014023 200 196 1000 1051 1000 1000 0 8
0.166667 0.140117 0.014436 200 185 1000 1021 1000 1000 0 8
0.166667 0.196235 0.014855 200 206 1000 1008 1000 1000 0 8
0.166667 0.170297 0.014922 200 208 1000 1032 1000 1000 0 8
0.166667 0.159256 0.014583 200 203 1000 1018 1000 1000 0 8
0.166667 0.149160 0.014817 200 196 1000 1008 1000 1000 0 8
0.166667 0.166261 0.015278 200 192 1000 972 1000 1000 0 8
0.166667 0.177623 0.015031 200 211 1000 980 1000 1000 0 8
0.166667 0.186724 0.015696 200 221 1000 945 1000 1000 0 8
0.166667 0.179118 0.015201 200 212 1000 986 1000 1000 0 8
0.166667 0.157251 0.014272 200 205 1000 986 1000 1000 0 8
0.166667 0.167154 0.015107 200 195 1000 1000 1000 1000 0 8
0.166667 0.170041 0.014828 200 196 1000 976 1000 1000 0 8
0.166667 0.176969 0.014846 200 207 1000 1000 1000 1000 0 8
0.166667 0.149715 0.014057 200 197 1000 1072 1000 1000 0 8
0.166667 0.187910 0.015241 200 199 1000 972 1000 1000 0 8
0.166667 0.139549 0.013849 200 182 1000 1058 1000 1000 0 8
0.166667 0.141573 0.014922 200 188 1000 968 1000 1000 0 8
0.166667 0.179363 0.014970 200 190 1000 1018 1000 1000 0 8
0.166667 0.157055 0.014291 200 201 1000 1040 1000 1000 0 8
0.166667 0.169657 0.015066 200 208 1000 987 1000 1000 0 8
0.166667 0.161768 0.015006 200 180 1000 961 1000 1000 0 8
0.166667 0.189207 0.015763 200 197 1000 908 1000 1000 0 8
0.166667 0.180487 0.014426 200 201 1000 1070 1000 1000 0 8
0.166667 0.192805 0.014955 200 201 1000 1022 1000 1000 0 8
0.166667 0.158750 0.014862 200 188 1000 988 1000 1000 0 8
0.166667 0.165731 0.014601 200 190 1000 988 1000 1000 0 8
0.166667 0.149267 0.014982 200 178 1000 955 1000 1000 0 8
0.166667 0.161639 0.014588 200 188 1000 990 1000 1000 0 8
0.166667 0.151185 0.014680 200 190 1000 996 1000 1000 0 8
0.166667 0.173590 0.014280 200 187 1000 967 1000 1000 0 8
0.166667 0.148094 0.014527 200 166 1000 952 1000 1000 0 8
0.166667 0.172795 0.014727 200 206 1000 996 1000 1000 0 8
0.166667 0.155891 0.014920 200 192 1000 998 1000 1000 0 8
0.166667 0.184444 0.015126 200 209 1000 995 1000 1000 0 8
0.166667 0.185171 0.014553 200 212 1000 998 1000 1000 0 8
0.166667 0.163452 0.014500 200 201 1000 998 1000 1000 0 8
0.166667 0.160373 0.014245 200 195 1000 1007 1000 1000 0 8
0.166667 0.196278 0.014838 200 227 1000 1006 1000 1000 0 8
0.166667 0.196790 0.015494 200 220 1000 948 1000 1000 0 8
0.166667 0.156817 0.015156 200 200 1000 965 1000 1000 0 8
0.166667 0.176229 0.014266 200 198 1000 999 1000 1000 0 8
0.166667 0.168064 0.014302 200 210 1000 1015 1000 1000 0 8
0.166667 0.173993 0.015599 200 188 1000 989 1000 1000 0 8
0.166667 0.206945 0.015385 200 225 1000 948 1000 1000 0 8
0.166667 0.163863 0.014196 200 192 1000 1065 1000 1000 0 8
0.166667 0.205849 0.015015 200 218 1000 1038 1000 1000 0 8
0.166667 0.138012 0.014461 200 199 1000 1045 1000 1000 0 8
0.166667 0.175436 0.014836 200 226 1000 995 1000 1000 0 8
0.166667 0.173195 0.014708 200 179 1000 986 1000 1000 0 8
0.166667 0.207764 0.015480 200 208 1000 964 1000 1000 0 8
0.166667 0.142050 0.014424 200 196 1000 998 1000 1000 0 8
0.166667 0.166089 0.014511 200 188 1000 1019 1000 1000 0 8
0.166667 0.185409 0.015231 200 213 1000 1021 1000 1000 0 8
0.166667 0.168340 0.014724 200 201 1000 1014 1000 1000 0 8
0.166667 0.201895 0.014884 200 190 1000 1003 1000 1000 0 8
0.166667 0.174254 0.014652 200 208 1000 1010 1000 1000 0 8
0.166667 0.188332 0.014541 200 222 1000 1004 1000 1000 0 8
0.166667 0.141338 0.014407 200 192 1000 1050 1000 1000 0 8
0.166667 0.151923 0.015003 200 196 1000 937 1000 1000 0 8
0.166667 0.151717 0.014804 200 213 1000 1015 1000 1000 0 8
0.166667 0.168371 0.014207 200 191 1000 1029 1000 1000 0 8
0.166667 0.163434 0.014384 200 190 1000 1012 1000 1000 0 8
0.166667 0.185094 0.015413 200 177 1000 1016 1000 1000 0 8
0.166667 0.195768 0.014981 200 201 1000 977 1000 1000 0 8
0.166667 0.172113 0.015088 200 204 1000 993 1000 1000 0 8
0.166667 0.197439 0.015376 200 212 1000 962 1000 1000 0 8
0.166667 0.188201 0.015246 200 203 1000 998 1000 1000 0 8
0.166667 0.189034 0.015443 200 239 1000 1000 1000 1000 0 8
0.166667 0.167216 0.014888 200 216 1000 1009 1000 1000 0 8
0.166667 0.169413 0.014290 200 202 1000 1019 1000 1000 0 8
0.166667 0.160721 0.014524 200 201 1000 1021 1000 1000 0 8
0.166667 0.194002 0.015255 200 210 1000 939 1000 1000 0 8
0.166667 0.186285 0.015270 200 207 1000 984 1000 1000 0 8
0.166667 0.162122 0.015016 200 186 1000 969 1000 1000 0 8
0.166667 0.184236 0.015069 200 210 1000 962 1000 1000 0 8
0.166667 0.150131 0.014866 200 197 1000 1006 1000 1000 0 8
0.166667 0.163444 0.015096 200 170 1000 949 1000 1000 0 8
0.166667 0.127343 0.014419 200 162 1000 1011 1000 1000 0 8
0.166667 0.183285 0.015425 200 193 1000 981 1000 1000 0 8
0.166667 0.182088 0.014653 200 182 1000 991 1000 1000 0 8
0.166667 0.173565 0.014645 200 221 1000 1017 1000 1000 0 8
0.166667 0.183662 0.015093 200 192 1000 1017 1000 1000 0 8
0.166667 0.174549 0.014335 200 213 1000 1049 1000 1000 0 8
0.166667 0.165757 0.015385 200 202 1000 976 1000 1000 0 8
0.166667 0.186312 0.014996 200 189 1000 1002 1000 1000 0 8
0.166667 0.164535 0.014806 200 189 1000 1002 1000 1000 0 8
0.166667 0.171062 0.014748 200 191 1000 1006 1000 1000 0 8
0.166667 0.194302 0.015443 200 223 1000 968 1000 1000 0 8
0.166667 0.149361 0.014799 200 190 1000 946 1000 1000 0 8
0.166667 0.164211 0.014541 200 199 1000 1024 1000 1000 0 8
0.166667 0.174622 0.014550 200 193 1000 996 1000 1000 0 8
0.166667 0.165063 0.014910 200 181 1000 972 1000 1000 0 8
0.166667 0.178793 0.014843 200 216 1000 1019 1000 1000 0 8
0.166667 0.151530 0.014520 200 172 1000 1055 1000 1000 0 8
0.166667 0.151226 0.014949 200 183 1000 1016 1000 1000 0 8
0.166667 0.200666 0.014856 200 199 1000 1002 1000 1000 0 8
0.166667 0.179021 0.014520 200 192 1000 1038 1000 1000 0 8
0.166667 0.194716 0.015457 200 218 1000 960 1000 1000 0 8
0.166667 0.171836 0.014823 200 199 1000 986 1000 1000 0 8
0.166667 0.181526 0.015382 200 205 1000 963 1000 1000 0 8
0.166667 0.177045 0.014180 200 207 1000 1065 1000 1000 0 8
0.166667 0.173904 0.014934 200 216 1000 1000 1000 1000 0 8
0.166667 0.141176 0.013931 200 173 1000 1067 1000 1000 0 8
0.166667 0.164425 0.014470 200 182 1000 1009 1000 1000 0 8
0.166667 0.194274 0.014891 200 200 1000 997 1000 1000 0 8
0.166667 0.176372 0.015208 200 213 1000 989 1000 1000 0 8
0.166667 0.161251 0.014832 200 207 1000 1020 1000 1000 0 8
0.166667 0.167312 0.014769 200 194 1000 1037 1000 1000 0 8
0.166667 0.161295 0.014414 200 189 1000 1027 1000 1000 0 8
0.166667 0.147521 0.014612 200 182 1000 1018 1000 1000 0 8
0.166667 0.174704 0.015429 200 215 1000 967 1000 1000 0 8
0.166667 0.168681 0.014564 200 190 1000 999 1000 1000 0 8
0.166667 0.161872 0.014531 200 192 1000 1007 1000 1000 0 8
0.166667 0.190245 0.014614 200 219 1000 995 1000 1000 0 8
0.166667 0.150514 0.014383 200 181 1000 1005 1000 1000 0 8
0.166667 0.194246 0.015039 200 226 1000 1014 1000 1000 0 8
0.166667 0.179721 0.014586 200 209 1000 1038 1000 1000 0 8
0.166667 0.157845 0.014910 200 205 1000 945 1000 1000 0 8
0.166667 0.170993 0.014776 200 215 1000 996 1000 1000 0 8
0.166667 0.175167 0.014874 200 190 1000 1004 1000 1000 0 8
0.166667 0.178205 0.014551 200 215 1000 1026 1000 1000 0 8
0.166667 0.173832 0.014679 200 226 1000 1001 1000 1000 0 8
0.166667 0.150067 0.014219 200 166 1000 1015 1000 1000 0 8
0.166667 0.148449 0.014567 200 181 1000 1021 1000 1000 0 8
0.166667 0.143157 0.013996 200 184 1000 1049 1000 1000 0 8
0.166667 0.163022 0.014833 200 194 1000 963 1000 1000 0 8
0.166667 0.175187 0.014791 200 199 1000 1008 1000 1000 0 8
0.166667 0.202912 0.014993 200 208 1000 1034 1000 1000 0 8
0.166667 0.149374 0.014157 200 186 1000 994 1000 1000 0 8
0.166667 0.184787 0.015008 200 221 1000 1057 1000 1000 0 8
0.166667 0.185301 0.015108 200 213 1000 1001 1000 1000 0 8
0.166667 0.175022 0.015031 200 190 1000 982 1000 1000 0 8
0.166667 0.179757 0.014711 200 197 1000 964 1000 1000 0 8
0.166667 0.189405 0.015728 200 227 1000 960 1000 1000 0 8
0.166667 0.172688 0.014077 200 221 1000 1043 1000 1000 0 8
0.166667 0.166191 0.014296 200 186 1000 980 1000 1000 0 8
0.166667 0.200764 0.015486 200 188 1000 964 1000 1000 0 8
0.166667 0.150290 0.014211 200 218 1000 1015 1000 1000 0 8
0.166667 0.182144 0.014275 200 193 1000 1031 1000 1000 0 8
0.166667 0.112670 0.014131 200 161 1000 992 1000 1000 0 8
0.166667 0.165525 0.014282 200 199 1000 1035 1000 1000 0 8
0.166667 0.179794 0.015568 200 202 1000 940 1000 1000 0 8
0.166667 0.155721 0.014124 200 181 1000 1016 1000 1000 0 8
0.166667 0.145523 0.014813 200 190 1000 958 1000 1000 0 8
0.166667 0.184034 0.014735 200 183 1000 1014 1000 1000 0 8
0.166667 0.192421 0.015236 200 203 1000 992 1000 1000 0 8
0.166667 0.169652 0.014811 200 196 1000 992 1000 1000 0 8
0.166667 0.172423 0.015104 200 198 1000 986 1000 1000 0 8
0.166667 0.190685 0.014826 200 189 1000 1006 1000 1000 0 8
0.166667 0.199554 0.015660 200 220 1000 971 1000 1000 0 8
0.166667 0.182856 0.014529 200 196 1000 1049 1000 1000 0 8
0.166667 0.171808 0.014876 200 185 1000 969 1000 1000 0 8
0.166667 0.161661 0.014631 200 207 1000 1024 1000 1000 0 8
0.166667 0.173606 0.015022 200 199 1000 1010 1000 1000 0 8
0.166667 0.179399 0.014764 200 242 1000 1072 1000 1000 0 8
0.166667 0.175400 0.014619 200 213 1000 994 1000 1000 0 8
0.166667 0.178706 0.014321 200 189 1000 1017 1000 1000 0 8
0.166667 0.188568 0.014923 200 216 1000 982 1000 1000 0 8
0.166667 0.148780 0.013899 200 201 1000 1019 1000 1000 0 8
0.166667 0.136746 0.013797 200 179 1000 1031 1000 1000 0 8
0.166667 0.161646 0.014427 200 185 1000 1008 1000 1000 0 8
0.166667 0.163404 0.014986 200 199 1000 1017 1000 1000 0 8
0.166667 0.172523 0.015262 200 212 1000 951 1000 1000 0 8
0.166667 0.187849 0.014294 200 215 1000 1036 1000 1000 0 8
0.166667 0.188396 0.014336 200 205 1000 1025 1000 1000 0 8
0.166667 0.190248 0.015065 200 212 1000 1027 1000 1000 0 8
0.166667 0.155852 0.014110 200 195 1000 1001 1000 1000 0 8
0.166667 0.134322 0.014945 200 188 1000 965 1000 1000 0 8
0.166667 0.179484 0.014673 200 201 1000 1020 1000 1000 0 8
0.166667 0.171961 0.015136 200 196 1000 1008 1000 1000 0 8
0.166667 0.167921 0.014139 200 191 1000 1042 1000 1000 0 8
0.166667 0.140716 0.014815 200 197 1000 1020 1000 1000 0 8
0.166667 0.178286 0.014980 200 197 1000 986 1000 1000 0 8
0.166667 0.167614 0.014661 200 227 1000 1066 1000 1000 0 8
0.166667 0.172562 0.015496 200 190 1000 929 1000 1000 0 8
0.166667 0.184379 0.014570 200 202 1000 976 1000 1000 0 8
0.166667 0.174601 0.014781 200 206 1000 1002 1000 1000 0 8
0.166667 0.184291 0.015187 200 213 1000 956 1000 1000 0 8
0.166667 0.155559 0.014632 200 199 1000 1010 1000 1000 0 8
0.166667 0.196111 0.015341 200 177 1000 1033 1000 1000 0 8
0.166667 0.201282 0.015387 200 201 1000 947 1000 1000 0 8
0.166667 0.144746 0.014815 200 179 1000 1019 1000 1000 0 8
0.166667 0.175558 0.015465 200 205 1000 952 1000 1000 0 8
0.166667 0.145285 0.014212 200 186 1000 1022 1000 1000 0 8
0.166667 0.139993 0.014251 200 181 1000 991 1000 1000 0 8
0.166667 0.160962 0.014556 200 196 1000 1052 1000 1000 0 8
0.166667 0.194367 0.015263 200 200 1000 958 1000 1000 0 8
0.166667 0.158895 0.015247 200 190 1000 990 1000 1000 0 8
0.166667 0.149729 0.014811 200 197 1000 995 1000 1000 0 8
0.166667 0.203970 0.014995 200 225 1000 1054 1000 1000 0 8
0.166667 0.221164 0.014982 200 221 1000 1004 1000 1000 0 8
0.166667 0.161172 0.014801 200 164 1000 999 1000 1000 0 8
0.166667 0.147681 0.014486 200 180 1000 988 1000 1000 0 8
0.166667 0.146124 0.014301 200 204 1000 1031 1000 1000 0 8
0.166667 0.166741 0.014287 200 192 1000 1026 1000 1000 0 8
0.166667 0.160646 0.014646 200 196 1000 1012 1000 1000 0 8
0.166667 0.198543 0.015124 200 201 1000 1010 1000 1000 0 8
0.166667 0.157015 0.014090 200 184 1000 1050 1000 1000 0 8
0.166667 0.188067 0.014956 200 230 1000 993 1000 1000 0 8
0.166667 0.148096 0.014472 200 177 1000 1021 1000 1000 0 8
0.166667 0.159427 0.015270 200 199 1000 996 1000 1000 0 8
0.166667 0.189250 0.015171 200 211 1000 977 1000 1000 0 8
0.166667 0.176652 0.015198 200 185 1000 983 1000 1000 0 8
0.166667 0.183639 0.015022 200 197 1000 1002 1000 1000 0 8
0.166667 0.172685 0.014864 200 213 1000 1008 1000 1000 0 8
0.166667 0.169043 0.015261 200 185 1000 946 1000 1000 0 8
0.166667 0.188423 0.014263 200 199 1000 1061 1000 1000 0 8
0.166667 0.170588 0.014379 200 210 1000 1069 1000 1000 0 8
0.166667 0.195216 0.014354 200 205 1000 1045 1000 1000 0 8
0.166667 0.169832 0.015017 200 177 1000 1012 1000 1000 0 8
0.166667 0.179631 0.014714 200 211 1000 1043 1000 1000 0 8
0.166667 0.200540 0.014831 200 195 1000 1035 1000 1000 0 8
0.166667 0.171866 0.014505 200 203 1000 1046 1000 1000 0 8
0.166667 0.151880 0.014697 200 223 1000 1039 1000 1000 0 8
0.166667 0.116812 0.013601 200 177 1000 1078 1000 1000 0 8
0.166667 0.173470 0.014325 200 196 1000 1027 1000 1000 0 8
0.166667 0.164488 0.014300 200 193 1000 1021 1000 1000 0 8
0.166667 0.162130 0.014944 200 210 1000 959 1000 1000 0 8
0.166667 0.144892 0.014560 200 204 1000 1048 1000 1000 0 8
0.166667 0.208971 0.015035 200 234 1000 997 1000 1000 0 8
0.166667 0.162184 0.014777 200 200 1000 1033 1000 1000 0 8
0.166667 0.151018 0.014400 200 186 1000 1007 1000 1000 0 8
0.166667 0.189255 0.015131 200 203 1000 997 1000 1000 0 8
0.166667 0.174942 0.014991 200 226 1000 1004 1000 1000 0 8
0.166667 0.174845 0.014554 200 205 1000 997 1000 1000 0 8
0.166667 0.182787 0.015078 200 202 1000 954 1000 1000 0 8
0.166667 0.193655 0.014866 200 199 1000 998 1000 1000 0 8
0.166667 0.167006 0.014731 200 186 1000 981 1000 1000 0 8
0.166667 0.162607 0.014369 200 184 1000 1041 1000 1000 0 8
0.166667 0.183901 0.015132 200 190 1000 998 1000 1000 0 8
0.166667 0.177229 0.015602 200 162 1000 939 1000 1000 0 8
0.166667 0.198022 0.014739 200 230 1000 1028 1000 1000 0 8
0.166667 0.165113 0.014931 200 197 1000 979 1000 1000 0 8
0.166667 0.166022 0.014507 200 177 1000 1033 1000 1000 0 8
0.166667 0.173951 0.015039 200 225 1000 1016 1000 1000 0 8
0.166667 0.154436 0.014503 200 204 1000 1056 1000 1000 0 8
0.166667 0.175748 0.014871 200 207 1000 984 1000 1000 0 8
0.166667 0.177916 0.014662 200 195 1000 1010 1000 1000 0 8
0.166667 0.171185 0.014530 200 198 1000 1011 1000 1000 0 8
0.166667 0.180384 0.015114 200 195 1000 988 1000 1000 0 8
0.166667 0.167223 0.015544 200 180 1000 919 1000 1000 0 8
0.166667 0.206881 0.015598 200 207 1000 985 1000 1000 0 8
0.166667 0.168345 0.015234 200 218 1000 994 1000 1000 0 8
0.166667 0.177289 0.014940 200 193 1000 1029 1000 1000 0 8
0.166667 0.187383 0.015531 200 191 1000 915 1000 1000 0 8
0.166667 0.148380 0.014216 200 190 1000 1055 1000 1000 0 8
0.166667 0.164777 0.013827 200 197 1000 1032 1000 1000 0 8
0.166667 0.198573 0.014737 200 199 1000 979 1000 1000 0 8
0.166667 0.204505 0.015319 200 214 1000 969 1000 1000 0 8
0.166667 0.166942 0.014939 200 206 1000 980 1000 1000 0 8
0.166667 0.174795 0.014977 200 203 1000 976 1000 1000 0 8
0.166667 0.167041 0.015227 200 194 1000 1007 1000 1000 0 8
0.166667 0.157200 0.014903 200 197 1000 1019 1000 1000 0 8
0.166667 0.181052 0.014991 200 214 1000 995 1000 1000 0 8
0.166667 0.162758 0.014436 200 189 1000 1026 1000 1000 0 8
0.166667 0.182267 0.014903 200 197 1000 1014 1000 1000 0 8
0.166667 0.166850 0.014659 200 180 1000 1030 1000 1000 0 8
0.166667 0.167329 0.014897 200 197 1000 975 1000 1000 0 8
0.166667 0.160365 0.014330 200 200 1000 1060 1000 1000 0 8
0.166667 0.187904 0.015310 200 213 1000 945 1000 1000 0 8
0.166667 0.181035 0.015123 200 205 1000 974 1000 1000 0 8
0.166667 0.175904 0.014891 200 197 1000 1001 1000 1000 0 8
0.166667 0.181317 0.015101 200 203 1000 970 1000 1000 0 8
0.166667 0.146713 0.014682 200 185 1000 1008 1000 1000 0 8
0.166667 0.174126 0.015237 200 199 1000 1025 1000 1000 0 8
0.166667 0.171684 0.014681 200 205 1000 1036 1000 1000 0 8
0.166667 0.157265 0.014856 200 199 1000 1019 1000 1000 0 8
0.166667 0.166935 0.014348 200 199 1000 1028 1000 1000 0 8
0.166667 0.166305 0.014730 200 192 1000 997 1000 1000 0 8
0.166667 0.130127 0.014224 200 169 1000 1007 1000 1000 0 8
0.166667 0.156848 0.014432 200 207 1000 982 1000 1000 0 8
0.166667 0.182939 0.014674 200 207 1000 1000 1000 1000 0 8
0.166667 0.184673 0.014743 200 212 1000 1031 1000 1000 0 8
0.166667 0.172808 0.014645 200 198 1000 1029 1000 1000 0 8
0.166667 0.183814 0.015575 200 200 1000 954 1000 1000 0 8
0.166667 0.153319 0.014400 200 190 1000 1030 1000 1000 0 8
0.166667 0.158809 0.014843 200 190 1000 1018 1000 1000 0 8
0.166667 0.183365 0.015210 200 209 1000 962 1000 1000 0 8
0.166667 0.168199 0.015011 200 201 1000 965 1000 1000 0 8
0.166667 0.175344 0.015122 200 217 1000 986 1000 1000 0 8
0.166667 0.172685 0.014715 200 215 1000 1023 1000 1000 0 8
0.166667 0.152945 0.014690 200 180 1000 1029 1000 1000 0 8
0.166667 0.161776 0.014412 200 187 1000 993 1000 1000 0 8
0.166667 0.196037 0.015119 200 221 1000 980 1000 1000 0 8
0.166667 0.174542 0.015237 200 207 1000 990 1000 1000 0 8
0.166667 0.179214 0.014952 200 209 1000 995 1000 1000 0 8
0.166667 0.177836 0.015326 200 202 1000 988 1000 1000 0 8
0.166667 0.185779 0.015593 200 202 1000 1004 1000 1000 0 8
0.166667 0.172244 0.015152 200 175 1000 1008 1000 1000 0 8
0.166667 0.174459 0.014648 200 202 1000 1049 1000 1000 0 8
0.166667 0.149267 0.014164 200 181 1000 1034 1000 1000 0 8
0.166667 0.148875 0.014389 200 204 1000 1059 1000 1000 0 8
0.166667 0.208285 0.015770 200 206 1000 938 1000 1000 0 8
0.166667 0.179714 0.014678 200 210 1000 980 1000 1000 0 8
0.166667 0.198254 0.015833 200 207 1000 940 1000 1000 0 8
0.166667 0.162370 0.014579 200 179 1000 1054 1000 1000 0 8
0.166667 0.170295 0.014416 200 210 1000 1034 1000 1000 0 8
0.166667 0.169936 0.014728 200 199 1000 995 1000 1000 0 8
0.166667 0.165495 0.014804 200 199 1000 1058 1000 1000 0 8
0.166667 0.172059 0.014972 200 205 1000 993 1000 1000 0 8
0.166667 0.186671 0.014961 200 191 1000 967 1000 1000 0 8
0.166667 0.184871 0.014883 200 206 1000 1028 1000 1000 0 8
0.166667 0.178555 0.014281 200 215 1000 1060 1000 1000 0 8
0.166667 0.175661 0.014829 200 202 1000 1001 1000 1000 0 8
0.166667 0.179906 0.015371 200 199 1000 971 1000 1000 0 8
0.166667 0.172760 0.014640 200 189 1000 1019 1000 1000 0 8
0.166667 0.174883 0.014852 200 212 1000 975 1000 1000 0 8
0.166667 0.182801 0.014310 200 226 1000 1086 1000 1000 0 8
0.166667 0.135811 0.015281 200 181 1000 996 1000 1000 0 8
0.166667 0.187513 0.014914 200 196 1000 997 1000 1000 0 8
0.166667 0.197542 0.014734 200 211 1000 1028 1000 1000 0 8
0.166667 0.184175 0.015366 200 206 1000 927 1000 1000 0 8
0.166667 0.187041 0.015301 200 206 1000 984 1000 1000 0 8
0.166667 0.180592 0.015029 200 189 1000 979 1000 1000 0 8
0.166667 0.165320 0.014779 200 200 1000 1006 1000 1000 0 8
0.166667 0.157086 0.015326 200 182 1000 972 1000 1000 0 8
0.166667 0.158669 0.014879 200 200 1000 974 1000 1000 0 8
0.166667 0.135496 0.013686 200 164 1000 1069 1000 1000 0 8
0.166667 0.168131 0.014934 200 197 1000 1000 1000 1000 0 8
0.166667 0.189905 0.014279 200 205 1000 1039 1000 1000 0 8
0.166667 0.154109 0.014407 200 172 1000 985 1000 1000 0 8
0.166667 0.191114 0.015322 200 210 1000 998 1000 1000 0 8
0.166667 0.174288 0.015344 200 184 1000 966 1000 1000 0 8
0.166667 0.183749 0.015091 200 214 1000 1024 1000 1000 0 8
0.166667 0.159522 0.015213 200 207 1000 989 1000 1000 0 8
0.166667 0.133779 0.014334 200 180 1000 1009 1000 1000 0 8
0.166667 0.172234 0.014573 200 195 1000 1008 1000 1000 0 8
0.166667 0.152998 0.014739 200 204 1000 1041 1000 1000 0 8
0.166667 0.194955 0.015342 200 209 1000 971 1000 1000 0 8
0.166667 0.183858 0.015393 200 203 1000 954 1000 1000 0 8
0.166667 0.184221 0.014686 200 186 1000 975 1000 1000 0 8
0.166667 0.168528 0.014618 200 197 1000 1055 1000 1000 0 8
0.166667 0.162260 0.014542 200 190 1000 1021 1000 1000 0 8
0.166667 0.126618 0.014521 200 173 1000 984 1000 1000 0 8
0.166667 0.112165 0.014418 200 182 1000 1044 1000 1000 0 8
0.166667 0.183278 0.014238 200 209 1000 1036 1000 1000 0 8
0.166667 0.168913 0.014574 200 197 1000 1032 1000 1000 0 8
0.166667 0.171572 0.014557 200 191 1000 984 1000 1000 0 8
0.166667 0.187173 0.015017 200 212 1000 1007 1000 1000 0 8
0.166667 0.173309 0.015424 200 193 1000 960 1000 1000 0 8
0.166667 0.147562 0.014733 200 202 1000 1007 1000 1000 0 8
0.166667 0.188387 0.014732 200 198 1000 1007 1000 1000 0 8
0.166667 0.191356 0.014480 200 217 1000 975 1000 1000 0 8
0.166667 0.156447 0.015157 200 200 1000 1011 1000 1000 0 8
0.166667 0.185909 0.015072 200 205 1000 962 1000 1000 0 8
0.166667 0.143199 0.014457 200 164 1000 958 1000 1000 0 8
0.166667 0.185992 0.014501 200 199 1000 1006 1000 1000 0 8
0.166667 0.188540 0.015004 200 203 1000 1022 1000 1000 0 8
0.166667 0.195615 0.014537 200 196 1000 1036 1000 1000 0 8
0.166667 0.185167 0.015098 200 220 1000 980 1000 1000 0 8
0.166667 0.170659 0.014201 200 192 1000 1046 1000 1000 0 8
0.166667 0.195537 0.015298 200 228 1000 964 1000 1000 0 8
0.166667 0.192797 0.015316 200 212 1000 991 1000 1000 0 8
0.166667 0.182042 0.015390 200 221 1000 984 1000 1000 0 8
0.166667 0.156316 0.014534 200 190 1000 1019 1000 1000 0 8
0.166667 0.170475 0.014870 200 180 1000 1027 1000 1000 0 8
0.166667 0.154644 0.015088 200 195 1000 966 1000 1000 0 8
0.166667 0.169531 0.015034 200 210 1000 988 1000 1000 0 8
0.166667 0.179245 0.015290 200 211 1000 985 1000 1000 0 8
0.166667 0.184750 0.015293 200 213 1000 968 1000 1000 0 8
0.166667 0.162607 0.014661 200 167 1000 1019 1000 1000 0 8
0.166667 0.141704 0.014329 200 196 1000 1037 1000 1000 0 8
0.166667 0.175424 0.014739 200 195 1000 999 1000 1000 0 8
0.166667 0.152477 0.014341 200 188 1000 1015 1000 1000 0 8
0.166667 0.188403 0.014902 200 211 1000 1011 1000 1000 0 8
0.166667 0.182817 0.015440 200 184 1000 913 1000 1000 0 8
0.166667 0.132148 0.014349 200 197 1000 1021 1000 1000 0 8
0.166667 0.166076 0.014454 200 179 1000 995 1000 1000 0 8
0.166667 0.197865 0.015416 200 216 1000 984 1000 1000 0 8
0.166667 0.154560 0.015174 200 204 1000 1013 1000 1000 0 8
0.166667 0.183943 0.015316 200 208 1000 961 1000 1000 0 8
0.166667 0.187408 0.014771 200 230 1000 1032 1000 1000 0 8
0.166667 0.186501 0.014834 200 196 1000 1005 1000 1000 0 8
0.166667 0.137191 0.014708 200 177 1000 1013 1000 1000 0 8
0.166667 0.186973 0.015318 200 202 1000 944 1000 1000 0 8
0.166667 0.156514 0.014492 200 179 1000 1016 1000 1000 0 8
0.166667 0.167139 0.014505 200 206 1000 1029 1000 1000 0 8
0.166667 0.160381 0.014480 200 189 1000 1011 1000 1000 0 8
0.166667 0.167006 0.015270 200 187 1000 974 1000 1000 0 8
0.166667 0.160841 0.015020 200 197 1000 940 1000 1000 0 8
0.166667 0.200758 0.015318 200 209 1000 962 1000 1000 0 8
0.166667 0.151698 0.015171 200 199 1000 991 1000 1000 0 8
0.166667 0.149586 0.014914 200 192 1000 969 1000 1000 0 8
0.166667 0.187535 0.014498 200 225 1000 1001 1000 1000 0 8
0.166667 0.195863 0.015347 200 195 1000 978 1000 1000 0 8
0.166667 0.167550 0.014564 200 190 1000 1013 1000 1000 0 8
0.166667 0.172654 0.015054 200 195 1000 1017 1000 1000 0 8
0.166667 0.170597 0.014360 200 195 1000 1014 1000 1000 0 8
0.166667 0.154388 0.014240 200 197 1000 1021 1000 1000 0 8
0.166667 0.154189 0.014424 200 198 1000 999 1000 1000 0 8
0.166667 0.192396 0.015366 200 193 1000 1019 1000 1000 0 8
0.166667 0.177718 0.014683 200 217 1000 1011 1000 1000 0 8
0.166667 0.164324 0.014388 200 199 1000 1032 1000 1000 0 8
0.166667 0.187983 0.015187 200 194 1000 1013 1000 1000 0 8
0.166667 0.187693 0.015064 200 198 1000 1001 1000 1000 0 8
0.166667 0.178711 0.014471 200 199 1000 1021 1000 1000 0 8
0.166667 0.179872 0.014621 200 196 1000 1013 1000 1000 0 8
0.166667 0.184641 0.015366 200 194 1000 965 1000 1000 0 8
0.166667 0.155753 0.014163 200 200 1000 1017 1000 1000 0 8
0.166667 0.208195 0.015617 200 205 1000 951 1000 1000 0 8
0.166667 0.139578 0.014149 200 155 1000 1031 1000 1000 0 8
0.166667 0.166037 0.014723 200 213 1000 1008 1000 1000 0 8
0.166667 0.185855 0.014972 200 214 1000 986 1000 1000 0 8
0.166667 0.202936 0.015394 200 189 1000 981 1000 1000 0 8
0.166667 0.182802 0.014853 200 199 1000 1013 1000 1000 0 8
0.166667 0.164955 0.015065 200 205 1000 1010 1000 1000 0 8
0.166667 0.179024 0.014799 200 207 1000 981 1000 1000 0 8
0.166667 0.170481 0.014741 200 202 1000 970 1000 1000 0 8
0.166667 0.216865 0.015011 200 228 1000 1034 1000 1000 0 8
0.166667 0.166456 0.015289 200 197 1000 970 1000 1000 0 8
0.166667 0.168624 0.014291 200 202 1000 1015 1000 1000 0 8
0.166667 0.151301 0.013892 200 179 1000 1026 1000 1000 0 8
0.166667 0.148148 0.014745 200 182 1000 1044 1000 1000 0 8
0.166667 0.185630 0.015133 200 221 1000 956 1000 1000 0 8
0.166667 0.180334 0.015539 200 206 1000 936 1000 1000 0 8
0.166667 0.142928 0.014423 200 199 1000 1037 1000 1000 0 8
0.166667 0.176759 0.015354 200 222 1000 996 1000 1000 0 8
0.166667 0.177963 0.015271 200 184 1000 972 1000 1000 0 8
0.166667 0.201152 0.014875 200 220 1000 1017 1000 1000 0 8
0.166667 0.190154 0.015205 200 206 1000 969 1000 1000 0 8
0.166667 0.182695 0.015284 200 201 1000 942 1000 1000 0 8
0.166667 0.203727 0.014834 200 197 1000 945 1000 1000 0 8
0.166667 0.153699 0.014915 200 188 1000 962 1000 1000 0 8
0.166667 0.157198 0.013950 200 177 1000 1045 1000 1000 0 8
0.166667 0.174881 0.015458 200 220 1000 1003 1000 1000 0 8
0.166667 0.198378 0.015929 200 222 1000 939 1000 1000 0 8
0.166667 0.142287 0.013795 200 215 1000 1062 1000 1000 0 8
0.166667 0.128919 0.014185 200 198 1000 1073 1000 1000 0 8
0.166667 0.160250 0.015199 200 189 1000 984 1000 1000 0 8
0.166667 0.171531 0.014879 200 189 1000 1027 1000 1000 0 8
0.166667 0.171932 0.014773 200 202 1000 992 1000 1000 0 8
0.166667 0.150748 0.014553 200 200 1000 987 1000 1000 0 8
0.166667 0.175148 0.014631 200 196 1000 974 1000 1000 0 8
0.166667 0.179983 0.014684 200 209 1000 990 1000 1000 0 8
0.166667 0.136175 0.013953 200 192 1000 1039 1000 1000 0 8
0.166667 0.142365 0.013991 200 198 1000 1059 1000 1000 0 8
0.166667 0.168403 0.014598 200 200 1000 969 1000 1000 0 8
0.166667 0.192204 0.014823 200 206 1000 1016 1000 1000 0 8
0.166667 0.178568 0.015200 200 218 1000 1011 1000 1000 0 8
0.166667 0.177277 0.014294 200 206 1000 1039 1000 1000 0 8
0.166667 0.179747 0.015083 200 216 1000 968 1000 1000 0 8
0.166667 0.153063 0.014356 200 200 1000 971 1000 1000 0 8
0.166667 0.203009 0.015027 200 226 1000 959 1000 1000 0 8
0.166667 0.167730 0.014904 200 189 1000 978 1000 1000 0 8
0.166667 0.185146 0.014309 200 230 1000 1023 1000 1000 0 8
0.166667 0.152935 0.014532 200 198 1000 1028 1000 1000 0 8
0.166667 0.153065 0.014475 200 203 1000 1041 1000 1000 0 8
0.166667 0.174369 0.015062 200 206 1000 1020 1000 1000 0 8
0.166667 0.160654 0.014900 200 193 1000 968 1000 1000 0 8
0.166667 0.169653 0.014999 200 188 1000 998 1000 1000 0 8
0.166667 0.178754 0.014765 200 190 1000 1013 1000 1000 0 8
0.166667 0.149641 0.014432 200 193 1000 1016 1000 1000 0 8
0.166667 0.166138 0.014523 200 171 1000 1004 1000 1000 0 8
0.166667 0.189482 0.015133 200 211 1000 987 1000 1000 0 8
0.166667 0.168061 0.015060 200 191 1000 993 1000 1000 0 8
0.166667 0.170468 0.015029 200 189 1000 1014 1000 1000 0 8
0.166667 0.198274 0.015225 200 197 1000 976 1000 1000 0 8
0.166667 0.178098 0.014498 200 213 1000 1020 1000 1000 0 8
0.166667 0.150568 0.014943 200 188 1000 993 1000 1000 0 8
0.166667 0.165985 0.014154 200 209 1000 1071 1000 1000 0 8
0.166667 0.169650 0.014461 200 190 1000 1049 1000 1000 0 8
0.166667 0.173756 0.014614 200 198 1000 1038 1000 1000 0 8
0.166667 0.153956 0.014203 200 215 1000 1040 1000 1000 0 8
0.166667 0.180428 0.014909 200 198 1000 1004 1000 1000 0 8
0.166667 0.167463 0.014349 200 214 1000 1002 1000 1000 0 8
0.166667 0.149569 0.014427 200 187 1000 1024 1000 1000 0 8
0.166667 0.152840 0.014482 200 202 1000 1047 1000 1000 0 8
0.166667 0.193030 0.015049 200 206 1000 1002 1000 1000 0 8
0.166667 0.191624 0.015454 200 222 1000 953 1000 1000 0 8
0.166667 0.171586 0.014784 200 201 1000 993 1000 1000 0 8
0.166667 0.191976 0.015032 200 215 1000 995 1000 1000 0 8
0.166667 0.182828 0.014739 200 200 1000 1041 1000 1000 0 8
0.166667 0.200562 0.015341 200 228 1000 956 1000 1000 0 8
0.166667 0.178192 0.014580 200 200 1000 1029 1000 1000 0 8
0.166667 0.202838 0.015277 200 200 1000 988 1000 1000 0 8
0.166667 0.171853 0.015261 200 204 1000 958 1000 1000 0 8
0.166667 0.137554 0.014620 200 182 1000 1026 1000 1000 0 8
0.166667 0.142161 0.014752 200 187 1000 957 1000 1000 0 8
0.166667 0.143875 0.014932 200 197 1000 1002 1000 1000 0 8
0.166667 0.150373 0.014447 200 197 1000 1029 1000 1000 0 8
0.166667 0.172894 0.014716 200 187 1000 989 1000 1000 0 8
0.166667 0.172628 0.014570 200 205 1000 1046 1000 1000 0 8
0.166667 0.174974 0.014585 200 210 1000 1019 1000 1000 0 8
0.166667 0.149523 0.014559 200 193 1000 1013 1000 1000 0 8
0.166667 0.164664 0.015160 200 212 1000 991 1000 1000 0 8
0.166667 0.196202 0.014614 200 224 1000 1024 1000 1000 0 8
0.166667 0.153744 0.015091 200 174 1000 978 1000 1000 0 8
0.166667 0.177219 0.014726 200 201 1000 983 1000 1000 0 8
0.166667 0.170394 0.014820 200 186 1000 1013 1000 1000 0 8
0.166667 0.170527 0.014342 200 190 1000 1021 1000 1000 0 8
0.166667 0.179465 0.014962 200 206 1000 994 1000 1000 0 8
0.166667 0.156913 0.015022 200 191 1000 1035 1000 1000 0 8
0.166667 0.199378 0.015738 200 214 1000 920 1000 1000 0 8
0.166667 0.168844 0.014725 200 220 1000 1036 1000 1000 0 8
0.166667 0.192911 0.015184 200 200 1000 973 1000 1000 0 8
0.166667 0.160647 0.014505 200 202 1000 1015 1000 1000 0 8
0.166667 0.190724 0.014806 200 214 1000 992 1000 1000 0 8
0.166667 0.202975 0.014411 200 214 1000 1033 1000 1000 0 8
0.166667 0.170865 0.015139 200 194 1000 984 1000 1000 0 8
0.166667 0.174816 0.015221 200 194 1000 956 1000 1000 0 8
0.166667 0.174676 0.014897 200 200 1000 1000 1000 1000 0 8
0.166667 0.197948 0.015120 200 203 1000 1004 1000 1000 0 8
0.166667 0.175395 0.015076 200 188 1000 992 1000 1000 0 8
0.166667 0.173067 0.015447 200 170 1000 952 1000 1000 0 8
0.166667 0.190668 0.015254 200 200 1000 1005 1000 1000 0 8
0.166667 0.151253 0.014525 200 188 1000 1055 1000 1000 0 8
0.166667 0.170195 0.014530 200 206 1000 1087 1000 1000 0 8
0.166667 0.157450 0.014888 200 186 1000 944 1000 1000 0 8
0.166667 0.185737 0.014574 200 220 1000 988 1000 1000 0 8
0.166667 0.154961 0.014144 200 198 1000 1030 1000 1000 0 8
0.166667 0.197903 0.015258 200 208 1000 979 1000 1000 0 8
0.166667 0.167591 0.015019 200 207 1000 996 1000 1000 0 8
0.166667 0.191394 0.014740 200 200 1000 1000 1000 1000 0 8
0.166667 0.196053 0.015325 200 199 1000 977 1000 1000 0 8
0.166667 0.167118 0.014886 200 195 1000 1009 1000 1000 0 8
0.166667 0.172038 0.015172 200 181 1000 962 1000 1000 0 8
0.166667 0.191300 0.014616 200 214 1000 1016 1000 1000 0 8
0.166667 0.148193 0.014542 200 177 1000 996 1000 1000 0 8
0.166667 0.172596 0.015070 200 206 1000 981 1000 1000 0 8
0.166667 0.169908 0.014826 200 205 1000 1033 1000 1000 0 8
0.166667 0.183570 0.014860 200 204 1000 1019 1000 1000 0 8
0.166667 0.170627 0.014993 200 225 1000 1055 1000 1000 0 8
0.166667 0.165209 0.014713 200 199 1000 1051 1000 1000 0 8
0.166667 0.195160 0.015257 200 215 1000 1002 1000 1000 0 8
0.166667 0.181208 0.014760 200 195 1000 985 1000 1000 0 8
0.166667 0.212057 0.015128 200 219 1000 1001 1000 1000 0 8
0.166667 0.185050 0.014688 200 232 1000 994 1000 1000 0 8
0.166667 0.175854 0.014845 200 189 1000 1023 1000 1000 0 8
0.166667 0.162672 0.014226 200 192 1000 1028 1000 1000 0 8
0.166667 0.173284 0.014977 200 193 1000 1001 1000 1000 0 8
0.166667 0.165684 0.014659 200 201 1000 1030 1000 1000 0 8
0.166667 0.161321 0.015148 200 179 1000 933 1000 1000 0 8
0.166667 0.189349 0.015082 200 207 1000 995 1000 1000 0 8
0.166667 0.184148 0.015271 200 192 1000 942 1000 1000 0 8
0.166667 0.185929 0.015089 200 184 1000 974 1000 1000 0 8
0.166667 0.173080 0.014595 200 217 1000 996 1000 1000 0 8
0.166667 0.171824 0.014960 200 211 1000 1019 1000 1000 0 8
0.166667 0.201591 0.015930 200 218 1000 927 1000 1000 0 8
0.166667 0.156921 0.014893 200 203 1000 1009 1000 1000 0 8
0.166667 0.174948 0.014278 200 217 1000 1018 1000 1000 0 8
0.166667 0.154144 0.015247 200 198 1000 992 1000 1000 0 8
0.166667 0.130906 0.014396 200 178 1000 1041 1000 1000 0 8
0.166667 0.168042 0.014593 200 201 1000 1022 1000 1000 0 8
0.166667 0.176818 0.014715 200 213 1000 1039 1000 1000 0 8
0.166667 0.175678 0.015071 200 212 1000 1024 1000 1000 0 8
0.166667 0.169601 0.014283 200 207 1000 1030 1000 1000 0 8
0.166667 0.186006 0.014976 200 214 1000 998 1000 1000 0 8
0.166667 0.214500 0.014983 200 228 1000 964 1000 1000 0 8
0.166667 0.189791 0.014464 200 216 1000 1027 1000 1000 0 8
0.166667 0.166991 0.014752 200 201 1000 1031 1000 1000 0 8
0.166667 0.190497 0.015482 200 210 1000 962 1000 1000 0 8
0.166667 0.148312 0.014251 200 177 1000 1029 1000 1000 0 8
0.166667 0.195730 0.015451 200 223 1000 972 1000 1000 0 8
0.166667 0.201606 0.015412 200 245 1000 940 1000 1000 0 8
0.166667 0.156500 0.014509 200 207 1000 1001 1000 1000 0 8
0.166667 0.192172 0.014912 200 194 1000 967 1000 1000 0 8
0.166667 0.184057 0.015090 200 200 1000 984 1000 1000 0 8
0.166667 0.198392 0.015628 200 222 1000 948 1000 1000 0 8
0.166667 0.166197 0.015397 200 185 1000 1017 1000 1000 0 8
0.166667 0.167510 0.014615 200 184 1000 999 1000 1000 0 8
0.166667 0.161735 0.013917 200 189 1000 1015 1000 1000 0 8
0.166667 0.188982 0.015123 200 213 1000 1004 1000 1000 0 8
0.166667 0.188088 0.015554 200 205 1000 974 1000 1000 0 8
0.166667 0.180925 0.015332 200 199 1000 971 1000 1000 0 8
0.166667 0.147037 0.014969 200 202 1000 965 1000 1000 0 8
0.166667 0.160309 0.014942 200 193 1000 1034 1000 1000 0 8
0.166667 0.156668 0.014191 200 166 1000 1061 1000 1000 0 8
0.166667 0.170711 0.015560 200 222 1000 933 1000 1000 0 8
0.166667 0.161406 0.014456 200 198 1000 996 1000 1000 0 8
0.166667 0.183389 0.014744 200 216 1000 1050 1000 1000 0 8
0.166667 0.161624 0.014919 200 201 1000 961 1000 1000 0 8
0.166667 0.159990 0.014304 200 191 1000 1023 1000 1000 0 8
0.166667 0.189419 0.014794 200 207 1000 976 1000 1000 0 8
0.166667 0.159788 0.014613 200 172 1000 976 1000 1000 0 8
0.166667 0.148531 0.015147 200 204 1000 996 1000 1000 0 8
0.166667 0.201501 0.015232 200 216 1000 983 1000 1000 0 8
0.166667 0.171708 0.015193 200 205 1000 966 1000 1000 0 8
0.166667 0.197068 0.015146 200 245 1000 1025 1000 1000 0 8
0.166667 0.167795 0.015124 200 195 1000 948 1000 1000 0 8
0.166667 0.173307 0.014946 200 201 1000 1004 1000 1000 0 8
0.166667 0.188104 0.014521 200 199 1000 994 1000 1000 0 8
0.166667 0.167731 0.014492 200 190 1000 1020 1000 1000 0 8
0.166667 0.166892 0.014581 200 187 1000 1013 1000 1000 0 8
0.166667 0.131336 0.014166 200 188 1000 1057 1000 1000 0 8
0.166667 0.176606 0.014736 200 182 1000 1052 1000 1000 0 8
0.166667 0.141045 0.014686 200 187 1000 984 1000 1000 0 8
0.166667 0.143822 0.014338 200 196 1000 1019 1000 1000 0 8
0.166667 0.164921 0.014115 200 219 1000 1026 1000 1000 0 8
0.166667 0.165995 0.014560 200 217 1000 1025 1000 1000 0 8
0.166667 0.196587 0.015201 200 202 1000 980 1000 1000 0 8
0.166667 0.162377 0.015087 200 187 1000 1005 1000 1000 0 8
0.166667 0.171750 0.014732 200 214 1000 965 1000 1000 0 8
0.166667 0.172988 0.014528 200 204 1000 1026 1000 1000 0 8
0.166667 0.160284 0.014710 200 177 1000 1076 1000 1000 0 8
0.166667 0.202640 0.014933 200 214 1000 982 1000 1000 0 8
0.166667 0.178234 0.014797 200 209 1000 1023 1000 1000 0 8
