0.166667 0.127064 0.013912 200 179 1000 1052 1000 1000 10 10
0.166667 0.159167 0.014928 200 199 1000 1024 1000 1000 10 10
0.166667 0.194522 0.015385 200 234 1000 990 1000 1000 10 10
0.166667 0.195874 0.015762 200 199 1000 966 1000 1000 10 10
0.166667 0.171530 0.015078 200 181 1000 977 1000 1000 10 10
0.166667 0.169053 0.014953 200 192 1000 1021 1000 1000 10 10
0.166667 0.175301 0.015294 200 208 1000 995 1000 1000 10 10
0.166667 0.175044 0.014698 200 198 1000 1028 1000 1000 10 10
0.166667 0.190354 0.015160 200 215 1000 1010 1000 1000 10 10
0.166667 0.183997 0.014905 200 217 1000 1017 1000 1000 10 10
0.166667 0.189618 0.015138 200 216 1000 959 1000 1000 10 10
0.166667 0.174495 0.015050 200 201 1000 1026 1000 1000 10 10
0.166667 0.166464 0.014629 200 222 1000 993 1000 1000 10 10
0.166667 0.133974 0.014734 200 178 1000 983 1000 1000 10 10
0.166667 0.159880 0.014460 200 197 1000 999 1000 1000 10 10
0.166667 0.216539 0.015526 200 212 1000 939 1000 1000 10 10
0.166667 0.186945 0.014660 200 222 1000 997 1000 1000 10 10
0.166667 0.156453 0.014470 200 186 1000 982 1000 1000 10 10
0.166667 0.183970 0.014667 200 198 1000 1028 1000 1000 10 10
0.166667 0.173344 0.015063 200 198 1000 999 1000 1000 10 10
0.166667 0.182443 0.015347 200 195 1000 978 1000 1000 10 10
0.166667 0.153326 0.015001 200 191 1000 1006 1000 1000 10 10
0.166667 0.147334 0.013858 200 177 1000 1052 1000 1000 10 10
0.166667 0.177723 0.015176 200 205 1000 1007 1000 1000 10 10
0.166667 0.165834 0.015395 200 192 1000 993 1000 1000 10 10
0.166667 0.183506 0.015782 200 227 1000 948 1000 1000 10 10
0.166667 0.182475 0.014317 200 214 1000 1043 1000 1000 10 10
0.166667 0.176590 0.015505 200 204 1000 979 1000 1000 10 10
0.166667 0.161000 0.014351 200 204 1000 1066 1000 1000 10 10
0.166667 0.167893 0.014642 200 192 1000 984 1000 1000 10 10
0.166667 0.171355 0.014762 200 206 1000 1079 1000 1000 10 10
0.166667 0.189443 0.015372 200 209 1000 980 1000 1000 10 10
0.166667 0.167583 0.014140 200 194 1000 1031 1000 1000 10 10
0.166667 0.197092 0.015003 200 196 1000 973 1000 1000 10 10
0.166667 0.149194 0.015019 200 182 1000 997 1000 1000 10 10
0.166667 0.158056 0.014950 200 217 1000 1004 1000 1000 10 10
0.166667 0.156914 0.014624 200 189 1000 1026 1000 1000 10 10
0.166667 0.151706 0.014369 200 196 1000 1034 1000 1000 10 10
0.166667 0.162415 0.014793 200 169 1000 989 1000 1000 10 10
0.166667 0.151979 0.014871 200 192 1000 1017 1000 1000 10 10
0.166667 0.171978 0.015518 200 211 1000 1016 1000 1000 10 10
0.166667 0.164178 0.014201 200 209 1000 1077 1000 1000 10 10
0.166667 0.189986 0.015086 200 204 1000 967 1000 1000 10 10
0.166667 0.188042 0.015877 200 194 1000 961 1000 1000 10 10
0.166667 0.171724 0.015101 200 233 1000 975 1000 1000 10 10
0.166667 0.178203 0.015174 200 203 1000 990 1000 1000 10 10
0.166667 0.180394 0.015341 200 204 1000 992 1000 1000 10 10
0.166667 0.180177 0.015015 200 213 1000 984 1000 1000 10 10
0.166667 0.159123 0.013897 200 188 1000 1033 1000 1000 10 10
0.166667 0.151808 0.015030 200 176 1000 995 1000 1000 10 10
0.166667 0.167390 0.014780 200 197 1000 950 1000 1000 10 10
0.166667 0.177324 0.014897 200 213 1000 1025 1000 1000 10 10
0.166667 0.157162 0.015409 200 204 1000 994 1000 1000 10 10
0.166667 0.182812 0.015088 200 214 1000 1002 1000 1000 10 10
0.166667 0.165238 0.014697 200 188 1000 1014 1000 1000 10 10
0.166667 0.205671 0.014720 200 216 1000 991 1000 1000 10 10
0.166667 0.168911 0.014724 200 211 1000 1006 1000 1000 10 10
0.166667 0.176527 0.015061 200 175 1000 1030 1000 1000 10 10
0.166667 0.159864 0.014301 200 206 1000 1063 1000 1000 10 10
0.166667 0.158224 0.015050 200 217 1000 982 1000 1000 10 10
0.166667 0.185332 0.014505 200 220 1000 1039 1000 1000 10 10
0.166667 0.175461 0.015369 200 191 1000 972 1000 1000 10 10
0.166667 0.207029 0.015722 200 214 1000 922 1000 1000 10 10
0.166667 0.153931 0.014802 200 188 1000 1015 1000 1000 10 10
0.166667 0.182541 0.015406 200 222 1000 1011 1000 1000 10 10
0.166667 0.183602 0.015474 200 210 1000 1013 1000 1000 10 10
0.166667 0.146980 0.014785 200 190 1000 1016 1000 1000 10 10
0.166667 0.167942 0.015178 200 190 1000 1020 1000 1000 10 10
0.166667 0.193283 0.014683 200 219 1000 1010 1000 1000 10 10
0.166667 0.208373 0.015556 200 211 1000 996 1000 1000 10 10
0.166667 0.168952 0.015123 200 219 1000 1013 1000 1000 10 10
0.166667 0.157884 0.014681 200 184 1000 1033 1000 1000 10 10
0.166667 0.165281 0.014717 200 203 1000 1033 1000 1000 10 10
0.166667 0.183746 0.015393 200 219 1000 965 1000 1000 10 10
0.166667 0.172999 0.014612 200 189 1000 1032 1000 1000 10 10
0.166667 0.154049 0.015274 200 195 1000 981 1000 1000 10 10
0.166667 0.157444 0.014911 200 195 1000 1003 1000 1000 10 10
0.166667 0.163821 0.014793 200 178 1000 979 1000 1000 10 10
0.166667 0.166431 0.015624 200 192 1000 935 1000 1000 10 10
0.166667 0.165930 0.014810 200 193 1000 1024 1000 1000 10 10
0.166667 0.163970 0.015262 200 206 1000 979 1000 1000 10 10
0.166667 0.214510 0.015477 200 212 1000 971 1000 1000 10 10
0.166667 0.166046 0.015117 200 187 1000 975 1000 1000 10 10
0.166667 0.154792 0.015124 200 193 1000 971 1000 1000 10 10
0.166667 0.164723 0.014483 200 212 1000 1028 1000 1000 10 10
0.166667 0.204360 0.015290 200 219 1000 967 1000 1000 10 10
0.166667 0.180703 0.014771 200 209 1000 977 1000 1000 10 10
0.166667 0.162005 0.014114 200 200 1000 1059 1000 1000 10 10
0.166667 0.195732 0.014985 200 207 1000 994 1000 1000 10 10
0.166667 0.169236 0.015846 200 193 1000 953 1000 1000 10 10
0.166667 0.179904 0.014950 200 194 1000 1009 1000 1000 10 10
0.166667 0.155389 0.015377 200 187 1000 963 1000 1000 10 10
0.166667 0.178684 0.015329 200 190 1000 979 1000 1000 10 10
0.166667 0.214725 0.015585 200 197 1000 978 1000 1000 10 10
0.166667 0.161970 0.014774 200 197 1000 1040 1000 1000 10 10
0.166667 0.186534 0.015163 200 207 1000 1024 1000 1000 10 10
0.166667 0.183237 0.015054 200 205 1000 987 1000 1000 10 10
0.166667 0.115326 0.013931 200 172 1000 1041 1000 1000 10 10
0.166667 0.186366 0.015440 200 206 1000 966 1000 1000 10 10
0.166667 0.183805 0.015109 200 213 1000 1000 1000 1000 10 10
0.166667 0.189702 0.014740 200 196 1000 1005 1000 1000 10 10
0.166667 0.182729 0.015652 200 204 1000 948 1000 1000 10 10
0.166667 0.211489 0.015175 200 203 1000 984 1000 1000 10 10
0.166667 0.147410 0.014392 200 193 1000 995 1000 1000 10 10
0.166667 0.172038 0.014589 200 196 1000 1041 1000 1000 10 10
0.166667 0.163503 0.014292 200 178 1000 1078 1000 1000 10 10
0.166667 0.159726 0.014328 200 173 1000 1025 1000 1000 10 10
0.166667 0.165982 0.014799 200 182 1000 1020 1000 1000 10 10
0.166667 0.178298 0.015753 200 182 1000 990 1000 1000 10 10
0.166667 0.163962 0.014799 200 180 1000 966 1000 1000 10 10
0.166667 0.185153 0.015194 200 198 1000 955 1000 1000 10 10
0.166667 0.210348 0.015195 200 223 1000 985 1000 1000 10 10
0.166667 0.189951 0.016248 200 203 1000 951 1000 1000 10 10
0.166667 0.183820 0.015116 200 231 1000 1022 1000 1000 10 10
0.166667 0.152701 0.014273 200 194 1000 1053 1000 1000 10 10
0.166667 0.174493 0.015552 200 196 1000 1000 1000 1000 10 10
0.166667 0.182600 0.015056 200 181 1000 1028 1000 1000 10 10
0.166667 0.159609 0.015243 200 203 1000 979 1000 1000 10 10
0.166667 0.122258 0.014231 200 171 1000 1046 1000 1000 10 10
0.166667 0.177520 0.014959 200 198 1000 1000 1000 1000 10 10
0.166667 0.158305 0.014699 200 188 1000 1009 1000 1000 10 10
0.166667 0.162565 0.014743 200 194 1000 1016 1000 1000 10 10
0.166667 0.161899 0.013747 200 183 1000 1068 1000 1000 10 10
0.166667 0.188396 0.014849 200 222 1000 1019 1000 1000 10 10
0.166667 0.185402 0.015041 200 191 1000 981 1000 1000 10 10
0.166667 0.157140 0.014992 200 181 1000 985 1000 1000 10 10
0.166667 0.177268 0.015278 200 216 1000 1060 1000 1000 10 10
0.166667 0.161246 0.014851 200 177 1000 963 1000 1000 10 10
0.166667 0.185436 0.014632 200 209 1000 1003 1000 1000 10 10
0.166667 0.176452 0.014817 200 221 1000 1029 1000 1000 10 10
0.166667 0.162580 0.014783 200 212 1000 1035 1000 1000 10 10
0.166667 0.168736 0.014526 200 186 1000 1015 1000 1000 10 10
0.166667 0.187874 0.015237 200 206 1000 969 1000 1000 10 10
0.166667 0.183789 0.015047 200 222 1000 980 1000 1000 10 10
0.166667 0.147264 0.014918 200 200 1000 1038 1000 1000 10 10
0.166667 0.162190 0.014