0.166667 0.141707 0.011165 200 174 1000 1007 50000 50000 0 10
0.166667 0.165972 0.011731 200 193 1000 976 50000 50000 0 10
0.166667 0.172285 0.011837 200 198 1000 990 50000 50000 0 10
0.166667 0.159804 0.011671 200 197 1000 976 50000 50000 0 10
0.166667 0.160379 0.011338 200 202 1000 1009 50000 50000 0 10
0.166667 0.157509 0.011210 200 200 1000 1032 50000 50000 0 10
0.166667 0.168452 0.011464 200 211 1000 1017 50000 50000 0 10
0.166667 0.153236 0.011071 200 192 1000 1040 50000 50000 0 10
0.166667 0.173973 0.011680 200 208 1000 1000 50000 50000 0 10
0.166667 0.168160 0.012005 200 194 1000 944 50000 50000 0 10
0.166667 0.167359 0.011943 200 199 1000 964 50000 50000 0 10
0.166667 0.164343 0.011498 200 194 1000 995 50000 50000 0 10
0.166667 0.157581 0.011320 200 188 1000 1009 50000 50000 0 10
0.166667 0.188840 0.012165 200 217 1000 958 50000 50000 0 10
0.166667 0.164951 0.011696 200 192 1000 988 50000 50000 0 10
0.166667 0.157402 0.011227 200 195 1000 1032 50000 50000 0 10
0.166667 0.162451 0.011817 200 186 1000 945 50000 50000 0 10
0.166667 0.183907 0.012053 200 219 1000 974 50000 50000 0 10
0.166667 0.153003 0.011265 200 182 1000 1021 50000 50000 0 10
0.166667 0.161866 0.011531 200 196 1000 986 50000 50000 0 10
0.166667 0.176106 0.011869 200 205 1000 982 50000 50000 0 10
0.166667 0.154904 0.011481 200 180 1000 979 50000 50000 0 10
0.166667 0.158162 0.011492 200 184 1000 999 50000 50000 0 10
0.166667 0.188785 0.012165 200 221 1000 956 50000 50000 0 10
0.166667 0.183995 0.012215 200 210 1000 937 50000 50000 0 10
0.166667 0.162539 0.011599 200 203 1000 993 50000 50000 0 10
0.166667 0.200123 0.012242 200 230 1000 972 50000 50000 0 10
0.166667 0.166988 0.011532 200 209 1000 1001 50000 50000 0 10
0.166667 0.157596 0.011295 200 187 1000 1027 50000 50000 0 10
0.166667 0.172366 0.011616 200 211 1000 1002 50000 50000 0 10
0.166667 0.149018 0.011220 200 183 1000 999 50000 50000 0 10
0.166667 0.173515 0.011822 200 217 1000 979 50000 50000 0 10
0.166667 0.184280 0.011791 200 218 1000 1018 50000 50000 0 10
0.166667 0.162116 0.011528 200 195 1000 988 50000 50000 0 10
0.166667 0.163127 0.011476 200 200 1000 1015 50000 50000 0 10
0.166667 0.186331 0.011949 200 224 1000 995 50000 50000 0 10
0.166667 0.154319 0.011199 200 191 1000 1015 50000 50000 0 10
0.166667 0.163286 0.011347 200 202 1000 1032 50000 50000 0 10
0.166667 0.171525 0.011422 200 216 1000 1033 50000 50000 0 10
0.166667 0.151157 0.010994 200 183 1000 1047 50000 50000 0 10
0.166667 0.175715 0.012013 200 202 1000 968 50000 50000 0 10
0.166667 0.175795 0.011444 200 216 1000 1050 50000 50000 0 10
0.166667 0.174800 0.011900 200 209 1000 982 50000 50000 0 10
0.166667 0.152466 0.011179 200 182 1000 1026 50000 50000 0 10
0.166667 0.164216 0.011620 200 195 1000 991 50000 50000 0 10
0.166667 0.175156 0.011826 200 203 1000 997 50000 50000 0 10
0.166667 0.175438 0.011810 200 218 1000 996 50000 50000 0 10
0.166667 0.171537 0.011825 200 206 1000 980 50000 50000 0 10
0.166667 0.174451 0.011676 200 217 1000 1017 50000 50000 0 10
0.166667 0.171342 0.011964 200 203 1000 944 50000 50000 0 10
0.166667 0.170637 0.011790 200 201 1000 972 50000 50000 0 10
0.166667 0.154081 0.011333 200 185 1000 993 50000 50000 0 10
0.166667 0.176482 0.011725 200 211 1000 1000 50000 50000 0 10
0.166667 0.171075 0.011955 200 194 1000 967 50000 50000 0 10
0.166667 0.181420 0.012218 200 210 1000 952 50000 50000 0 10
0.166667 0.157028 0.011349 200 199 1000 1015 50000 50000 0 10
0.166667 0.166946 0.011994 200 187 1000 955 50000 50000 0 10
0.166667 0.152754 0.011077 200 195 1000 1036 50000 50000 0 10
0.166667 0.179021 0.011841 200 220 1000 986 50000 50000 0 10
0.166667 0.153131 0.011549 200 182 1000 978 50000 50000 0 10
0.166667 0.160284 0.011848 200 184 1000 936 50000 50000 0 10
0.166667 0.173166 0.011408 200 221 1000 1055 50000 50000 0 10
0.166667 0.161674 0.011293 200 198 1000 1033 50000 50000 0 10
0.166667 0.175671 0.011573 200 225 1000 1022 50000 50000 0 10
0.166667 0.152339 0.011072 200 184 1000 1017 50000 50000 0 10
0.166667 0.184976 0.011823 200 219 1000 1019 50000 50000 0 10
0.166667 0.157616 0.011411 200 192 1000 1015 50000 50000 0 10
0.166667 0.169754 0.011681 200 209 1000 994 50000 50000 0 10
0.166667 0.179037 0.012050 200 213 1000 961 50000 50000 0 10
0.166667 0.164963 0.011718 200 199 1000 966 50000 50000 0 10
0.166667 0.184527 0.012490 200 211 1000 908 50000 50000 0 10
0.166667 0.193566 0.012192 200 229 1000 974 50000 50000 0 10
0.166667 0.188384 0.012159 200 206 1000 982 50000 50000 0 10
0.166667 0.167142 0.011320 200 215 1000 1042 50000 50000 0 10
0.166667 0.162949 0.011671 200 199 1000 964 50000 50000 0 10
0.166667 0.164781 0.011384 200 199 1000 1036 50000 50000 0 10
0.166667 0.158847 0.011494 200 195 1000 1000 50000 50000 0 10
0.166667 0.187034 0.012039 200 221 1000 964 50000 50000 0 10
0.166667 0.182427 0.011943 200 217 1000 978 50000 50000 0 10
0.166667 0.178710 0.011807 200 213 1000 991 50000 50000 0 10
0.166667 0.133784 0.010624 200 178 1000 1047 50000 50000 0 10
0.166667 0.153678 0.011445 200 184 1000 995 50000 50000 0 10
0.166667 0.174456 0.011988 200 203 1000 950 50000 50000 0 10
0.166667 0.159460 0.011435 200 189 1000 1000 50000 50000 0 10
0.166667 0.175402 0.011741 200 214 1000 977 50000 50000 0 10
0.166667 0.181566 0.012107 200 198 1000 957 50000 50000 0 10
0.166667 0.173489 0.011763 200 204 1000 993 50000 50000 0 10
0.166667 0.171274 0.011701 200 203 1000 992 50000 50000 0 10
0.166667 0.165817 0.011811 200 189 1000 964 50000 50000 0 10
0.166667 0.196724 0.012096 200 238 1000 993 50000 50000 0 10
0.166667 0.159822 0.011432 200 195 1000 1010 50000 50000 0 10
0.166667 0.172919 0.011767 200 215 1000 980 50000 50000 0 10
0.166667 0.160648 0.011421 200 195 1000 1003 50000 50000 0 10
0.166667 0.154813 0.011175 200 186 1000 1047 50000 50000 0 10
0.166667 0.190422 0.012215 200 219 1000 972 50000 50000 0 10
0.166667 0.161446 0.011274 200 192 1000 1052 50000 50000 0 10
0.166667 0.173866 0.011454 200 212 1000 1039 50000 50000 0 10
0.166667 0.185550 0.011851 200 233 1000 1004 50000 50000 0 10
0.166667 0.176775 0.011493 200 221 1000 1033 50000 50000 0 10
0.166667 0.160150 0.011621 200 191 1000 968 50000 50000 0 10
0.166667 0.172905 0.011772 200 202 1000 992 50000 50000 0 10
0.166667 0.177485 0.011705 200 215 1000 1007 50000 50000 0 10
0.166667 0.183580 0.011725 200 228 1000 1020 50000 50000 0 10
0.166667 0.162308 0.011528 200 196 1000 1009 50000 50000 0 10
0.166667 0.158070 0.011376 200 193 1000 997 50000 50000 0 10
0.166667 0.187856 0.012157 200 217 1000 955 50000 50000 0 10
0.166667 0.165547 0.011319 200 212 1000 1044 50000 50000 0 10
0.166667 0.166391 0.011655 200 199 1000 983 50000 50000 0 10
0.166667 0.185864 0.011944 200 222 1000 996 50000 50000 0 10
0.166667 0.196380 0.012433 200 209 1000 958 50000 50000 0 10
0.166667 0.163544 0.011395 200 204 1000 1008 50000 50000 0 10
0.166667 0.169451 0.011762 200 198 1000 952 50000 50000 0 10
0.166667 0.135249 0.010762 200 169 1000 1043 50000 50000 0 10
0.166667 0.155026 0.011028 200 198 1000 1051 50000 50000 0 10
0.166667 0.186393 0.011795 200 226 1000 1023 50000 50000 0 10
0.166667 0.175446 0.011730 200 210 1000 1000 50000 50000 0 10
0.166667 0.159309 0.011393 200 191 1000 1003 50000 50000 0 10
0.166667 0.189016 0.011988 200 229 1000 1002 50000 50000 0 10
0.166667 0.171809 0.011530 200 210 1000 1042 50000 50000 0 10
0.166667 0.158585 0.011430 200 191 1000 1021 50000 50000 0 10
0.166667 0.177820 0.011946 200 204 1000 956 50000 50000 0 10
0.166667 0.172819 0.011791 200 201 1000 971 50000 50000 0 10
0.166667 0.174593 0.011853 200 208 1000 962 50000 50000 0 10
0.166667 0.176363 0.011836 200 204 1000 988 50000 50000 0 10
0.166667 0.175260 0.011845 200 199 1000 987 50000 50000 0 10
0.166667 0.167570 0.011472 200 205 1000 1005 50000 50000 0 10
0.166667 0.166272 0.011339 200 196 1000 1041 50000 50000 0 10
0.166667 0.168687 0.011723 200 206 1000 997 50000 50000 0 10
0.166667 0.146096 0.011119 200 184 1000 995 50000 50000 0 10
0.166667 0.169026 0.011290 200 219 1000 1066 50000 50000 0 10
0.166667 0.160938 0.011405 200 193 1000 1020 50000 50000 0 10
0.166667 0.162341 0.011414 200 181 1000 1034 50000 50000 0 10
0.166667 0.150870 0.011176 200 185 1000 1011 50000 50000 0 10
0.166667 0.151166 0.011193 200 187 1000 1007 50000 50000 0 10
0.166667 0.161838 0.011398 200 203 1000 1012 50000 50000 0 10
0.166667 0.161261 0.011792 200 185 1000 936 50000 50000 0 10
0.166667 0.158225 0.011452 200 182 1000 990 50000 50000 0 10
0.166667 0.152537 0.011556 200 175 1000 966 50000 50000 0 10
0.166667 0.165296 0.011370 200 203 1000 1044 50000 50000 0 10
0.166667 0.192093 0.012284 200 222 1000 954 50000 50000 0 10
0.166667 0.162126 0.011584 200 181 1000 993 50000 50000 0 10
0.166667 0.156815 0.011397 200 194 1000 1008 50000 50000 0 10
0.166667 0.161030 0.011375 200 197 1000 1028 50000 50000 0 10
0.166667 0.149501 0.011194 200 179 1000 1032 50000 50000 0 10
0.166667 0.176088 0.011455 200 227 1000 1045 50000 50000 0 10
0.166667 0.163993 0.011665 200 193 1000 1001 50000 50000 0 10
0.166667 0.162771 0.011749 200 186 1000 945 50000 50000 0 10
0.166667 0.150496 0.011114 200 174 1000 1019 50000 50000 0 10
0.166667 0.167703 0.011866 200 195 1000 973 50000 50000 0 10
0.166667 0.149650 0.011169 200 187 1000 1007 50000 50000 0 10
0.166667 0.136966 0.010740 200 166 1000 1030 50000 50000 0 10
0.166667 0.152269 0.011128 200 184 1000 1038 50000 50000 0 10
0.166667 0.157557 0.011174 200 197 1000 1028 50000 50000 0 10
0.166667 0.161574 0.011176 200 205 1000 1061 50000 50000 0 10
0.166667 0.157799 0.011590 200 182 1000 969 50000 50000 0 10
0.166667 0.155662 0.011315 200 185 1000 1009 50000 50000 0 10
0.166667 0.181873 0.011506 200 228 1000 1073 50000 50000 0 10
0.166667 0.171460 0.011740 200 193 1000 992 50000 50000 0 10
0.166667 0.162899 0.011535 200 190 1000 1007 50000 50000 0 10
0.166667 0.173786 0.011921 200 200 1000 968 50000 50000 0 10
0.166667 0.181541 0.012274 200 206 1000 930 50000 50000 0 10
0.166667 0.145947 0.011050 200 183 1000 1038 50000 50000 0 10
0.166667 0.164661 0.011463 200 202 1000 1018 50000 50000 0 10
0.166667 0.156297 0.011232 200 194 1000 1014 50000 50000 0 10
0.166667 0.171780 0.011824 200 191 1000 981 50000 50000 0 10
0.166667 0.186789 0.011908 200 232 1000 994 50000 50000 0 10
0.166667 0.162139 0.011690 200 185 1000 977 50000 50000 0 10
0.166667 0.172260 0.011514 200 206 1000 1007 50000 50000 0 10
0.166667 0.165901 0.011528 200 205 1000 1012 50000 50000 0 10
0.166667 0.172186 0.011618 200 222 1000 1013 50000 50000 0 10
0.166667 0.170624 0.011781 200 204 1000 970 50000 50000 0 10
0.166667 0.145492 0.011132 200 173 1000 1008 50000 50000 0 10
0.166667 0.149579 0.011284 200 183 1000 1004 50000 50000 0 10
0.166667 0.158850 0.011181 200 197 1000 1042 50000 50000 0 10
0.166667 0.165971 0.011747 200 186 1000 975 50000 50000 0 10
0.166667 0.142730 0.011040 200 173 1000 993 50000 50000 0 10
0.166667 0.165431 0.011983 200 186 1000 938 50000 50000 0 10
0.166667 0.154243 0.011374 200 183 1000 1004 50000 50000 0 10
0.166667 0.166953 0.011896 200 195 1000 942 50000 50000 0 10
0.166667 0.160848 0.011661 200 187 1000 958 50000 50000 0 10
0.166667 0.180618 0.012108 200 215 1000 960 50000 50000 0 10
0.166667 0.158544 0.011316 200 200 1000 1026 50000 50000 0 10
0.166667 0.166331 0.011524 200 200 1000 1006 50000 50000 0 10
0.166667 0.161664 0.011651 200 189 1000 997 50000 50000 0 10
0.166667 0.176075 0.011732 200 216 1000 1013 50000 50000 0 10
0.166667 0.167940 0.011649 200 209 1000 989 50000 50000 0 10
0.166667 0.162638 0.011532 200 201 1000 990 50000 50000 0 10
0.166667 0.153984 0.011576 200 179 1000 974 50000 50000 0 10
0.166667 0.163454 0.011594 200 190 1000 992 50000 50000 0 10
0.166667 0.163583 0.011317 200 200 1000 1052 50000 50000 0 10
0.166667 0.164518 0.011773 200 187 1000 960 50000 50000 0 10
0.166667 0.149490 0.011210 200 182 1000 1000 50000 50000 0 10
0.166667 0.177938 0.011673 200 216 1000 1022 50000 50000 0 10
0.166667 0.156092 0.011261 200 192 1000 1021 50000 50000 0 10
0.166667 0.173982 0.011737 200 225 1000 986 50000 50000 0 10
0.166667 0.156031 0.011414 200 188 1000 987 50000 50000 0 10
0.166667 0.166122 0.011964 200 189 1000 937 50000 50000 0 10
0.166667 0.150109 0.011200 200 185 1000 1008 50000 50000 0 10
0.166667 0.156269 0.011145 200 191 1000 1045 50000 50000 0 10
0.166667 0.163762 0.011624 200 196 1000 993 50000 50000 0 10
0.166667 0.145384 0.010775 200 181 1000 1066 50000 50000 0 10
0.166667 0.170369 0.011676 200 205 1000 993 50000 50000 0 10
0.166667 0.154520 0.011501 200 179 1000 978 50000 50000 0 10
0.166667 0.172306 0.011831 200 198 1000 982 50000 50000 0 10
0.166667 0.166395 0.011880 200 189 1000 938 50000 50000 0 10
0.166667 0.155400 0.011155 200 198 1000 1021 50000 50000 0 10
0.166667 0.144089 0.011035 200 185 1000 1028 50000 50000 0 10
0.166667 0.160343 0.011213 200 202 1000 1026 50000 50000 0 10
0.166667 0.185881 0.012090 200 213 1000 979 50000 50000 0 10
0.166667 0.162419 0.011509 200 196 1000 1013 50000 50000 0 10
0.166667 0.188449 0.011989 200 225 1000 988 50000 50000 0 10
0.166667 0.156299 0.011364 200 185 1000 1020 50000 50000 0 10
0.166667 0.172374 0.011680 200 214 1000 1002 50000 50000 0 10
0.166667 0.146143 0.010997 200 174 1000 1016 50000 50000 0 10
0.166667 0.179014 0.011864 200 205 1000 995 50000 50000 0 10
0.166667 0.168150 0.011686 200 210 1000 1001 50000 50000 0 10
0.166667 0.181660 0.011716 200 231 1000 1010 50000 50000 0 10
0.166667 0.172972 0.011950 200 199 1000 968 50000 50000 0 10
0.166667 0.173818 0.011982 200 199 1000 963 50000 50000 0 10
0.166667 0.165153 0.011427 200 207 1000 1030 50000 50000 0 10
0.166667 0.169072 0.011683 200 198 1000 1000 50000 50000 0 10
0.166667 0.165404 0.011729 200 195 1000 980 50000 50000 0 10
0.166667 0.192496 0.012218 200 224 1000 971 50000 50000 0 10
0.166667 0.158892 0.011707 200 184 1000 969 50000 50000 0 10
0.166667 0.177547 0.011797 200 209 1000 1002 50000 50000 0 10
0.166667 0.186099 0.012113 200 216 1000 967 50000 50000 0 10
0.166667 0.169248 0.011788 200 190 1000 986 50000 50000 0 10
0.166667 0.170079 0.011472 200 202 1000 1047 50000 50000 0 10
0.166667 0.165066 0.011616 200 188 1000 989 50000 50000 0 10
0.166667 0.155548 0.011002 200 195 1000 1065 50000 50000 0 10
0.166667 0.152887 0.011406 200 187 1000 990 50000 50000 0 10
0.166667 0.158679 0.011378 200 180 1000 1032 50000 50000 0 10
0.166667 0.167054 0.011650 200 203 1000 989 50000 50000 0 10
0.166667 0.176912 0.012136 200 202 1000 955 50000 50000 0 10
0.166667 0.174850 0.011997 200 202 1000 975 50000 50000 0 10
0.166667 0.157007 0.011436 200 188 1000 1016 50000 50000 0 10
0.166667 0.155466 0.011131 200 194 1000 1054 50000 50000 0 10
0.166667 0.183731 0.012044 200 211 1000 972 50000 50000 0 10
0.166667 0.160002 0.011420 200 199 1000 996 50000 50000 0 10
0.166667 0.147813 0.010870 200 193 1000 1059 50000 50000 0 10
0.166667 0.161331 0.011693 200 192 1000 949 50000 50000 0 10
0.166667 0.176259 0.011783 200 207 1000 996 50000 50000 0 10
0.166667 0.158985 0.011257 200 195 1000 1050 50000 50000 0 10
0.166667 0.157388 0.011174 200 194 1000 1040 50000 50000 0 10
0.166667 0.188221 0.012201 200 212 1000 968 50000 50000 0 10
0.166667 0.164881 0.011676 200 201 1000 985 50000 50000 0 10
0.166667 0.168913 0.011575 200 191 1000 1008 50000 50000 0 10
0.166667 0.163425 0.011493 200 200 1000 1000 50000 50000 0 10
0.166667 0.179174 0.011717 200 216 1000 1007 50000 50000 0 10
0.166667 0.173007 0.011647 200 207 1000 1016 50000 50000 0 10
0.166667 0.175787 0.011624 200 228 1000 1010 50000 50000 0 10
0.166667 0.141971 0.011175 200 165 1000 1008 50000 50000 0 10
0.166667 0.170764 0.011736 200 203 1000 968 50000 50000 0 10
0.166667 0.183940 0.011667 200 229 1000 1042 50000 50000 0 10
0.166667 0.162337 0.011625 200 194 1000 972 50000 50000 0 10
0.166667 0.173176 0.011688 200 219 1000 988 50000 50000 0 10
0.166667 0.158056 0.011426 200 195 1000 990 50000 50000 0 10
0.166667 0.176111 0.011656 200 203 1000 1009 50000 50000 0 10
0.166667 0.167336 0.011437 200 202 1000 1015 50000 50000 0 10
0.166667 0.162945 0.011486 200 207 1000 990 50000 50000 0 10
0.166667 0.157053 0.011231 200 194 1000 1059 50000 50000 0 10
0.166667 0.170794 0.011908 200 198 1000 962 50000 50000 0 10
0.166667 0.180711 0.011911 200 213 1000 1002 50000 50000 0 10
0.166667 0.155227 0.011464 200 182 1000 978 50000 50000 0 10
0.166667 0.148125 0.010797 200 195 1000 1069 50000 50000 0 10
0.166667 0.146473 0.010999 200 185 1000 1033 50000 50000 0 10
0.166667 0.160763 0.011575 200 185 1000 1005 50000 50000 0 10
0.166667 0.150676 0.011081 200 192 1000 1026 50000 50000 0 10
0.166667 0.162017 0.011907 200 189 1000 941 50000 50000 0 10
0.166667 0.150187 0.011155 200 195 1000 1017 50000 50000 0 10
0.166667 0.168482 0.011627 200 206 1000 1018 50000 50000 0 10
0.166667 0.171345 0.011668 200 211 1000 1000 50000 50000 0 10
0.166667 0.166932 0.011454 200 199 1000 1018 50000 50000 0 10
0.166667 0.157250 0.011272 200 191 1000 1033 50000 50000 0 10
0.166667 0.146344 0.011138 200 185 1000 1004 50000 50000 0 10
0.166667 0.192433 0.011920 200 234 1000 1011 50000 50000 0 10
0.166667 0.175409 0.011992 200 203 1000 980 50000 50000 0 10
0.166667 0.184118 0.011813 200 232 1000 1009 50000 50000 0 10
0.166667 0.160603 0.011590 200 193 1000 977 50000 50000 0 10
0.166667 0.169944 0.011664 200 209 1000 990 50000 50000 0 10
0.166667 0.165190 0.011295 200 203 1000 1042 50000 50000 0 10
0.166667 0.164649 0.011469 200 202 1000 999 50000 50000 0 10
0.166667 0.175599 0.011939 200 206 1000 996 50000 50000 0 10
0.166667 0.158296 0.011421 200 197 1000 1000 50000 50000 0 10
0.166667 0.161182 0.011268 200 195 1000 1056 50000 50000 0 10
0.166667 0.166757 0.011744 200 191 1000 988 50000 50000 0 10
0.166667 0.162551 0.011356 200 203 1000 1045 50000 50000 0 10
0.166667 0.175020 0.011600 200 207 1000 1037 50000 50000 0 10
0.166667 0.168207 0.011507 200 202 1000 1021 50000 50000 0 10
0.166667 0.164090 0.011598 200 191 1000 979 50000 50000 0 10
0.166667 0.166270 0.011612 200 197 1000 1005 50000 50000 0 10
0.166667 0.140366 0.010935 200 169 1000 1004 50000 50000 0 10
0.166667 0.163945 0.011418 200 192 1000 1032 50000 50000 0 10
0.166667 0.170830 0.011594 200 214 1000 1026 50000 50000 0 10
0.166667 0.160610 0.011449 200 189 1000 991 50000 50000 0 10
0.166667 0.160524 0.011252 200 198 1000 1042 50000 50000 0 10
0.166667 0.159740 0.011235 200 203 1000 1038 50000 50000 0 10
0.166667 0.174097 0.011911 200 204 1000 980 50000 50000 0 10
0.166667 0.174028 0.011948 200 211 1000 969 50000 50000 0 10
0.166667 0.143491 0.011030 200 173 1000 1011 50000 50000 0 10
0.166667 0.169867 0.011871 200 189 1000 949 50000 50000 0 10
0.166667 0.153948 0.011143 200 187 1000 1045 50000 50000 0 10
0.166667 0.169188 0.011781 200 211 1000 972 50000 50000 0 10
0.166667 0.166448 0.011521 200 193 1000 1004 50000 50000 0 10
0.166667 0.155754 0.011137 200 188 1000 1046 50000 50000 0 10
0.166667 0.176800 0.011754 200 217 1000 1005 50000 50000 0 10
0.166667 0.167004 0.011349 200 206 1000 1030 50000 50000 0 10
0.166667 0.139720 0.010907 200 171 1000 1014 50000 50000 0 10
0.166667 0.170084 0.011652 200 213 1000 994 50000 50000 0 10
0.166667 0.151295 0.010986 200 196 1000 1044 50000 50000 0 10
0.166667 0.180898 0.012152 200 209 1000 953 50000 50000 0 10
0.166667 0.184071 0.012107 200 215 1000 973 50000 50000 0 10
0.166667 0.157970 0.011374 200 200 1000 992 50000 50000 0 10
0.166667 0.174128 0.012122 200 200 1000 930 50000 50000 0 10
0.166667 0.168727 0.011561 200 210 1000 1022 50000 50000 0 10
0.166667 0.167376 0.011398 200 204 1000 1028 50000 50000 0 10
0.166667 0.158056 0.011378 200 195 1000 1003 50000 50000 0 10
0.166667 0.167763 0.011560 200 211 1000 1015 50000 50000 0 10
0.166667 0.178877 0.011985 200 205 1000 974 50000 50000 0 10
0.166667 0.180319 0.012094 200 214 1000 955 50000 50000 0 10
0.166667 0.153357 0.011227 200 181 1000 1013 50000 50000 0 10
0.166667 0.174360 0.011890 200 198 1000 978 50000 50000 0 10
0.166667 0.165766 0.011429 200 199 1000 1026 50000 50000 0 10
0.166667 0.157466 0.010997 200 202 1000 1089 50000 50000 0 10
0.166667 0.163491 0.011414 200 198 1000 1012 50000 50000 0 10
0.166667 0.172782 0.011817 200 219 1000 973 50000 50000 0 10
0.166667 0.175110 0.011569 200 219 1000 1037 50000 50000 0 10
0.166667 0.160626 0.011513 200 188 1000 991 50000 50000 0 10
0.166667 0.175550 0.011644 200 224 1000 1002 50000 50000 0 10
0.166667 0.177407 0.012047 200 200 1000 968 50000 50000 0 10
0.166667 0.165254 0.011702 200 192 1000 986 50000 50000 0 10
0.166667 0.162183 0.011330 200 193 1000 1027 50000 50000 0 10
0.166667 0.170065 0.011684 200 203 1000 1001 50000 50000 0 10
0.166667 0.175593 0.011643 200 220 1000 1026 50000 50000 0 10
0.166667 0.182877 0.012503 200 201 1000 899 50000 50000 0 10
0.166667 0.165645 0.011633 200 199 1000 1000 50000 50000 0 10
0.166667 0.151449 0.010992 200 205 1000 1067 50000 50000 0 10
0.166667 0.157294 0.011253 200 191 1000 1023 50000 50000 0 10
0.166667 0.174664 0.011348 200 222 1000 1058 50000 50000 0 10
0.166667 0.156092 0.011549 200 188 1000 998 50000 50000 0 10
0.166667 0.175680 0.011865 200 218 1000 984 50000 50000 0 10
0.166667 0.190589 0.012067 200 225 1000 986 50000 50000 0 10
0.166667 0.175728 0.011895 200 202 1000 970 50000 50000 0 10
0.166667 0.167498 0.011702 200 203 1000 973 50000 50000 0 10
0.166667 0.196305 0.012381 200 228 1000 942 50000 50000 0 10
0.166667 0.145310 0.011168 200 173 1000 1015 50000 50000 0 10
0.166667 0.161997 0.011689 200 189 1000 984 50000 50000 0 10
0.166667 0.171694 0.011653 200 207 1000 1017 50000 50000 0 10
0.166667 0.172995 0.011501 200 222 1000 1038 50000 50000 0 10
0.166667 0.176732 0.011876 200 201 1000 995 50000 50000 0 10
0.166667 0.163100 0.011667 200 190 1000 979 50000 50000 0 10
0.166667 0.146985 0.011386 200 179 1000 961 50000 50000 0 10
0.166667 0.168124 0.011400 200 207 1000 1044 50000 50000 0 10
0.166667 0.149207 0.011021 200 197 1000 1044 50000 50000 0 10
0.166667 0.175876 0.011637 200 210 1000 1032 50000 50000 0 10
0.166667 0.171109 0.011573 200 212 1000 1024 50000 50000 0 10
0.166667 0.167029 0.011624 200 215 1000 992 50000 50000 0 10
0.166667 0.174997 0.011757 200 215 1000 1005 50000 50000 0 10
0.166667 0.183320 0.012020 200 216 1000 977 50000 50000 0 10
0.166667 0.164937 0.011906 200 185 1000 963 50000 50000 0 10
0.166667 0.156237 0.011686 200 181 1000 954 50000 50000 0 10
0.166667 0.148514 0.010943 200 186 1000 1039 50000 50000 0 10
0.166667 0.187206 0.011987 200 227 1000 984 50000 50000 0 10
0.166667 0.151431 0.011104 200 184 1000 1040 50000 50000 0 10
0.166667 0.161725 0.011672 200 191 1000 972 50000 50000 0 10
0.166667 0.162934 0.011188 200 203 1000 1043 50000 50000 0 10
0.166667 0.173968 0.011748 200 207 1000 992 50000 50000 0 10
0.166667 0.184435 0.011929 200 213 1000 993 50000 50000 0 10
0.166667 0.167666 0.011830 200 195 1000 950 50000 50000 0 10
0.166667 0.160531 0.011258 200 202 1000 1051 50000 50000 0 10
0.166667 0.161422 0.011056 200 213 1000 1071 50000 50000 0 10
0.166667 0.156439 0.011229 200 202 1000 1047 50000 50000 0 10
0.166667 0.168807 0.011566 200 207 1000 1030 50000 50000 0 10
0.166667 0.160445 0.011592 200 186 1000 982 50000 50000 0 10
0.166667 0.180609 0.011804 200 213 1000 1002 50000 50000 0 10
0.166667 0.168884 0.011581 200 209 1000 1010 50000 50000 0 10
0.166667 0.179827 0.011925 200 218 1000 983 50000 50000 0 10
0.166667 0.175096 0.011757 200 214 1000 993 50000 50000 0 10
0.166667 0.179264 0.012058 200 207 1000 971 50000 50000 0 10
0.166667 0.140411 0.010938 200 174 1000 1007 50000 50000 0 10
0.166667 0.159384 0.011548 200 187 1000 987 50000 50000 0 10
0.166667 0.191490 0.011897 200 234 1000 999 50000 50000 0 10
0.166667 0.172907 0.011937 200 199 1000 973 50000 50000 0 10
0.166667 0.177246 0.011966 200 203 1000 969 50000 50000 0 10
0.166667 0.171738 0.011599 200 211 1000 1017 50000 50000 0 10
0.166667 0.180332 0.012090 200 213 1000 948 50000 50000 0 10
0.166667 0.183316 0.011555 200 234 1000 1040 50000 50000 0 10
0.166667 0.175304 0.011749 200 212 1000 993 50000 50000 0 10
0.166667 0.171846 0.011743 200 200 1000 995 50000 50000 0 10
0.166667 0.175756 0.011717 200 213 1000 1005 50000 50000 0 10
0.166667 0.151409 0.011304 200 183 1000 987 50000 50000 0 10
0.166667 0.163507 0.011606 200 186 1000 991 50000 50000 0 10
0.166667 0.173602 0.011397 200 216 1000 1072 50000 50000 0 10
0.166667 0.157103 0.011175 200 199 1000 1043 50000 50000 0 10
0.166667 0.156752 0.011159 200 193 1000 1043 50000 50000 0 10
0.166667 0.172998 0.011791 200 208 1000 981 50000 50000 0 10
0.166667 0.162196 0.011916 200 188 1000 946 50000 50000 0 10
0.166667 0.150227 0.011120 200 176 1000 1018 50000 50000 0 10
0.166667 0.192812 0.012445 200 225 1000 915 50000 50000 0 10
0.166667 0.175917 0.011435 200 228 1000 1048 50000 50000 0 10
0.166667 0.185516 0.012384 200 211 1000 920 50000 50000 0 10
0.166667 0.176673 0.011861 200 208 1000 975 50000 50000 0 10
0.166667 0.176412 0.011840 200 214 1000 970 50000 50000 0 10
0.166667 0.156918 0.011225 200 192 1000 1020 50000 50000 0 10
0.166667 0.169489 0.011495 200 197 1000 1026 50000 50000 0 10
0.166667 0.148440 0.011093 200 183 1000 1011 50000 50000 0 10
0.166667 0.165003 0.011233 200 208 1000 1062 50000 50000 0 10
0.166667 0.166370 0.011571 200 202 1000 1017 50000 50000 0 10
0.166667 0.175770 0.011913 200 205 1000 975 50000 50000 0 10
0.166667 0.150189 0.011061 200 182 1000 1023 50000 50000 0 10
0.166667 0.142791 0.010630 200 184 1000 1088 50000 50000 0 10
0.166667 0.167180 0.011642 200 203 1000 988 50000 50000 0 10
0.166667 0.180398 0.011717 200 227 1000 1013 50000 50000 0 10
0.166667 0.170614 0.011642 200 203 1000 999 50000 50000 0 10
0.166667 0.179895 0.012005 200 217 1000 969 50000 50000 0 10
0.166667 0.160424 0.011866 200 186 1000 943 50000 50000 0 10
0.166667 0.165069 0.011723 200 181 1000 976 50000 50000 0 10
0.166667 0.161998 0.011478 200 205 1000 1000 50000 50000 0 10
0.166667 0.182311 0.012061 200 209 1000 965 50000 50000 0 10
0.166667 0.167430 0.011282 200 218 1000 1045 50000 50000 0 10
0.166667 0.148672 0.011315 200 178 1000 987 50000 50000 0 10
0.166667 0.176629 0.011753 200 216 1000 988 50000 50000 0 10
0.166667 0.170603 0.011525 200 209 1000 1016 50000 50000 0 10
0.166667 0.171387 0.011796 200 208 1000 989 50000 50000 0 10
0.166667 0.183356 0.011939 200 228 1000 992 50000 50000 0 10
0.166667 0.160028 0.011282 200 201 1000 1035 50000 50000 0 10
0.166667 0.161951 0.011515 200 206 1000 1003 50000 50000 0 10
0.166667 0.160336 0.011648 200 185 1000 956 50000 50000 0 10
0.166667 0.187581 0.011955 200 217 1000 1008 50000 50000 0 10
0.166667 0.160505 0.011444 200 188 1000 1005 50000 50000 0 10
0.166667 0.163281 0.011210 200 198 1000 1061 50000 50000 0 10
0.166667 0.152772 0.011115 200 186 1000 1042 50000 50000 0 10
0.166667 0.173855 0.011910 200 209 1000 967 50000 50000 0 10
0.166667 0.178312 0.011628 200 226 1000 1013 50000 50000 0 10
0.166667 0.152549 0.011230 200 187 1000 1014 50000 50000 0 10
0.166667 0.170984 0.011833 200 198 1000 983 50000 50000 0 10
0.166667 0.147967 0.011112 200 182 1000 1029 50000 50000 0 10
0.166667 0.163077 0.011601 200 175 1000 1001 50000 50000 0 10
0.166667 0.153343 0.011531 200 182 1000 965 50000 50000 0 10
0.166667 0.181398 0.011769 200 216 1000 1015 50000 50000 0 10
0.166667 0.143679 0.011092 200 181 1000 990 50000 50000 0 10
0.166667 0.159203 0.011216 200 195 1000 1049 50000 50000 0 10
0.166667 0.169919 0.011815 200 206 1000 970 50000 50000 0 10
0.166667 0.175486 0.011755 200 215 1000 1005 50000 50000 0 10
0.166667 0.163236 0.011204 200 195 1000 1058 50000 50000 0 10
0.166667 0.157936 0.011640 200 180 1000 957 50000 50000 0 10
0.166667 0.162855 0.011188 200 201 1000 1049 50000 50000 0 10
0.166667 0.153364 0.011188 200 186 1000 1031 50000 50000 0 10
0.166667 0.208465 0.012608 200 235 1000 927 50000 50000 0 10
0.166667 0.158362 0.011337 200 191 1000 1032 50000 50000 0 10
0.166667 0.169434 0.011610 200 212 1000 1008 50000 50000 0 10
0.166667 0.184064 0.012045 200 218 1000 954 50000 50000 0 10
0.166667 0.163678 0.011732 200 194 1000 968 50000 50000 0 10
0.166667 0.168010 0.011452 200 206 1000 1035 50000 50000 0 10
0.166667 0.186189 0.012175 200 207 1000 959 50000 50000 0 10
0.166667 0.159831 0.011460 200 199 1000 985 50000 50000 0 10
0.166667 0.183669 0.012023 200 213 1000 981 50000 50000 0 10
0.166667 0.166124 0.011760 200 191 1000 980 50000 50000 0 10
0.166667 0.156110 0.011430 200 170 1000 1013 50000 50000 0 10
0.166667 0.169308 0.011571 200 210 1000 1012 50000 50000 0 10
0.166667 0.158991 0.011246 200 194 1000 1051 50000 50000 0 10
0.166667 0.175307 0.011764 200 211 1000 1000 50000 50000 0 10
0.166667 0.165033 0.011550 200 190 1000 1002 50000 50000 0 10
0.166667 0.161479 0.011487 200 189 1000 1030 50000 50000 0 10
0.166667 0.169851 0.011471 200 213 1000 1033 50000 50000 0 10
0.166667 0.168579 0.011664 200 199 1000 1004 50000 50000 0 10
0.166667 0.169720 0.011712 200 198 1000 980 50000 50000 0 10
0.166667 0.168774 0.011493 200 200 1000 1029 50000 50000 0 10
0.166667 0.184089 0.012103 200 216 1000 964 50000 50000 0 10
0.166667 0.166616 0.011368 200 216 1000 1029 50000 50000 0 10
0.166667 0.196351 0.011821 200 236 1000 1045 50000 50000 0 10
0.166667 0.183373 0.011904 200 220 1000 994 50000 50000 0 10
0.166667 0.157932 0.011357 200 187 1000 1004 50000 50000 0 10
0.166667 0.182516 0.011733 200 221 1000 1019 50000 50000 0 10
0.166667 0.156696 0.011166 200 200 1000 1043 50000 50000 0 10
0.166667 0.174825 0.012110 200 196 1000 951 50000 50000 0 10
0.166667 0.183828 0.012100 200 217 1000 971 50000 50000 0 10
0.166667 0.169702 0.011719 200 196 1000 993 50000 50000 0 10
0.166667 0.173652 0.011832 200 199 1000 981 50000 50000 0 10
0.166667 0.165691 0.011715 200 196 1000 989 50000 50000 0 10
0.166667 0.146534 0.010840 200 182 1000 1078 50000 50000 0 10
0.166667 0.180726 0.011416 200 231 1000 1065 50000 50000 0 10
0.166667 0.176668 0.011765 200 217 1000 998 50000 50000 0 10
0.166667 0.169716 0.011441 200 217 1000 1049 50000 50000 0 10
0.166667 0.140529 0.010810 200 175 1000 1029 50000 50000 0 10
0.166667 0.156422 0.011438 200 193 1000 999 50000 50000 0 10
0.166667 0.154940 0.011337 200 193 1000 1003 50000 50000 0 10
0.166667 0.153418 0.011644 200 171 1000 966 50000 50000 0 10
0.166667 0.167710 0.011268 200 223 1000 1057 50000 50000 0 10
0.166667 0.158786 0.011400 200 188 1000 1009 50000 50000 0 10
0.166667 0.175722 0.011717 200 215 1000 1004 50000 50000 0 10
0.166667 0.167858 0.011584 200 213 1000 1005 50000 50000 0 10
0.166667 0.151295 0.011224 200 184 1000 1015 50000 50000 0 10
0.166667 0.165940 0.011694 200 190 1000 994 50000 50000 0 10
0.166667 0.152255 0.011483 200 178 1000 969 50000 50000 0 10
0.166667 0.161785 0.011595 200 188 1000 975 50000 50000 0 10
0.166667 0.167034 0.011549 200 203 1000 1017 50000 50000 0 10
0.166667 0.150421 0.010750 200 202 1000 1074 50000 50000 0 10
0.166667 0.175134 0.011725 200 216 1000 1022 50000 50000 0 10
0.166667 0.144182 0.011179 200 183 1000 995 50000 50000 0 10
0.166667 0.174099 0.011519 200 209 1000 1033 50000 50000 0 10
0.166667 0.175838 0.011855 200 200 1000 977 50000 50000 0 10
0.166667 0.161781 0.011434 200 195 1000 1005 50000 50000 0 10
0.166667 0.166711 0.011419 200 211 1000 1034 50000 50000 0 10
0.166667 0.162728 0.011322 200 200 1000 1016 50000 50000 0 10
0.166667 0.179823 0.012235 200 205 1000 929 50000 50000 0 10
0.166667 0.161893 0.011363 200 200 1000 1023 50000 50000 0 10
0.166667 0.159393 0.011244 200 206 1000 1026 50000 50000 0 10
0.166667 0.162188 0.011264 200 208 1000 1034 50000 50000 0 10
0.166667 0.172145 0.011575 200 210 1000 1035 50000 50000 0 10
0.166667 0.156888 0.011384 200 188 1000 1016 50000 50000 0 10
0.166667 0.172496 0.011403 200 219 1000 1058 50000 50000 0 10
0.166667 0.193933 0.012330 200 229 1000 946 50000 50000 0 10
0.166667 0.167454 0.011733 200 191 1000 994 50000 50000 0 10
0.166667 0.174234 0.011757 200 204 1000 995 50000 50000 0 10
0.166667 0.181677 0.012135 200 197 1000 959 50000 50000 0 10
0.166667 0.153607 0.011172 200 192 1000 1015 50000 50000 0 10
0.166667 0.151086 0.010876 200 206 1000 1077 50000 50000 0 10
0.166667 0.173958 0.011885 200 198 1000 975 50000 50000 0 10
0.166667 0.169163 0.011769 200 195 1000 971 50000 50000 0 10
0.166667 0.177830 0.011748 200 211 1000 1011 50000 50000 0 10
0.166667 0.148066 0.011078 200 177 1000 1024 50000 50000 0 10
0.166667 0.160318 0.011680 200 193 1000 976 50000 50000 0 10
0.166667 0.180086 0.011992 200 214 1000 979 50000 50000 0 10
0.166667 0.149790 0.011177 200 187 1000 1014 50000 50000 0 10
0.166667 0.149347 0.010774 200 198 1000 1080 50000 50000 0 10
0.166667 0.177539 0.011730 200 218 1000 993 50000 50000 0 10
0.166667 0.153884 0.011154 200 183 1000 1020 50000 50000 0 10
0.166667 0.190041 0.012013 200 234 1000 969 50000 50000 0 10
0.166667 0.188533 0.012103 200 215 1000 972 50000 50000 0 10
0.166667 0.163074 0.011358 200 201 1000 1032 50000 50000 0 10
0.166667 0.156000 0.011428 200 195 1000 1003 50000 50000 0 10
0.166667 0.155273 0.011250 200 195 1000 1006 50000 50000 0 10
0.166667 0.167941 0.011652 200 200 1000 985 50000 50000 0 10
0.166667 0.175523 0.011713 200 213 1000 1006 50000 50000 0 10
0.166667 0.170352 0.011564 200 205 1000 1006 50000 50000 0 10
0.166667 0.176009 0.011846 200 203 1000 1021 50000 50000 0 10
0.166667 0.163803 0.011275 200 202 1000 1021 50000 50000 0 10
0.166667 0.156955 0.011240 200 196 1000 1024 50000 50000 0 10
0.166667 0.155975 0.011530 200 176 1000 972 50000 50000 0 10
0.166667 0.149594 0.011122 200 184 1000 1029 50000 50000 0 10
0.166667 0.180072 0.011927 200 226 1000 988 50000 50000 0 10
0.166667 0.185636 0.011917 200 221 1000 1003 50000 50000 0 10
0.166667 0.152835 0.011446 200 185 1000 968 50000 50000 0 10
0.166667 0.183777 0.012130 200 211 1000 957 50000 50000 0 10
0.166667 0.163492 0.011445 200 194 1000 1031 50000 50000 0 10
0.166667 0.169148 0.011834 200 205 1000 970 50000 50000 0 10
0.166667 0.178043 0.011889 200 207 1000 978 50000 50000 0 10
0.166667 0.151192 0.011312 200 180 1000 1000 50000 50000 0 10
0.166667 0.164868 0.011338 200 201 1000 1039 50000 50000 0 10
0.166667 0.149602 0.011099 200 193 1000 1015 50000 50000 0 10
0.166667 0.168233 0.011484 200 210 1000 1021 50000 50000 0 10
0.166667 0.167601 0.011836 200 193 1000 965 50000 50000 0 10
0.166667 0.163469 0.011489 200 196 1000 1000 50000 50000 0 10
0.166667 0.161030 0.011418 200 210 1000 1005 50000 50000 0 10
0.166667 0.161974 0.011135 200 206 1000 1069 50000 50000 0 10
0.166667 0.156288 0.011335 200 195 1000 1024 50000 50000 0 10
0.166667 0.157680 0.011241 200 196 1000 1047 50000 50000 0 10
0.166667 0.148056 0.011013 200 172 1000 1045 50000 50000 0 10
0.166667 0.164169 0.011304 200 200 1000 1044 50000 50000 0 10
0.166667 0.163950 0.011928 200 186 1000 944 50000 50000 0 10
0.166667 0.181034 0.012237 200 208 1000 935 50000 50000 0 10
0.166667 0.176111 0.011489 200 224 1000 1036 50000 50000 0 10
0.166667 0.155920 0.011014 200 189 1000 1044 50000 50000 0 10
0.166667 0.165057 0.011479 200 199 1000 1009 50000 50000 0 10
0.166667 0.168297 0.011760 200 203 1000 980 50000 50000 0 10
0.166667 0.164309 0.011231 200 203 1000 1044 50000 50000 0 10
0.166667 0.161575 0.011511 200 188 1000 1011 50000 50000 0 10
0.166667 0.164771 0.011386 200 202 1000 1033 50000 50000 0 10
0.166667 0.159710 0.011332 200 198 1000 1017 50000 50000 0 10
0.166667 0.150946 0.011224 200 176 1000 1015 50000 50000 0 10
0.166667 0.167251 0.011311 200 215 1000 1034 50000 50000 0 10
0.166667 0.163447 0.011434 200 205 1000 1024 50000 50000 0 10
0.166667 0.180667 0.011692 200 218 1000 1016 50000 50000 0 10
0.166667 0.178034 0.011882 200 215 1000 981 50000 50000 0 10
0.166667 0.152194 0.011230 200 185 1000 1011 50000 50000 0 10
0.166667 0.152353 0.011117 200 188 1000 1027 50000 50000 0 10
0.166667 0.160081 0.011684 200 177 1000 962 50000 50000 0 10
0.166667 0.148239 0.011291 200 173 1000 989 50000 50000 0 10
0.166667 0.176518 0.011903 200 211 1000 975 50000 50000 0 10
0.166667 0.172769 0.011686 200 213 1000 987 50000 50000 0 10
0.166667 0.160876 0.011479 200 197 1000 998 50000 50000 0 10
0.166667 0.174707 0.011841 200 205 1000 988 50000 50000 0 10
0.166667 0.161020 0.011737 200 188 1000 956 50000 50000 0 10
0.166667 0.174249 0.011898 200 198 1000 971 50000 50000 0 10
0.166667 0.154006 0.011345 200 184 1000 1001 50000 50000 0 10
0.166667 0.157410 0.011423 200 185 1000 1031 50000 50000 0 10
0.166667 0.135556 0.010929 200 152 1000 997 50000 50000 0 10
0.166667 0.173012 0.011800 200 208 1000 969 50000 50000 0 10
0.166667 0.168487 0.011576 200 204 1000 1011 50000 50000 0 10
0.166667 0.152359 0.011226 200 191 1000 1018 50000 50000 0 10
0.166667 0.188130 0.012142 200 222 1000 981 50000 50000 0 10
0.166667 0.152063 0.011234 200 182 1000 1028 50000 50000 0 10
0.166667 0.156718 0.011299 200 183 1000 1008 50000 50000 0 10
0.166667 0.149776 0.011102 200 181 1000 1030 50000 50000 0 10
0.166667 0.171445 0.011659 200 205 1000 989 50000 50000 0 10
0.166667 0.163344 0.011642 200 197 1000 990 50000 50000 0 10
0.166667 0.149381 0.011121 200 178 1000 1017 50000 50000 0 10
0.166667 0.150820 0.011435 200 178 1000 989 50000 50000 0 10
0.166667 0.162681 0.011280 200 205 1000 1030 50000 50000 0 10
0.166667 0.168599 0.011753 200 190 1000 995 50000 50000 0 10
0.166667 0.171436 0.011576 200 208 1000 1019 50000 50000 0 10
0.166667 0.174846 0.011770 200 205 1000 1010 50000 50000 0 10
0.166667 0.176036 0.011485 200 230 1000 1056 50000 50000 0 10
0.166667 0.157094 0.011100 200 198 1000 1042 50000 50000 0 10
0.166667 0.161350 0.011190 200 198 1000 1055 50000 50000 0 10
0.166667 0.159800 0.011585 200 184 1000 985 50000 50000 0 10
0.166667 0.174870 0.011551 200 218 1000 1015 50000 50000 0 10
0.166667 0.168159 0.011420 200 203 1000 1041 50000 50000 0 10
0.166667 0.171792 0.011740 200 197 1000 1007 50000 50000 0 10
0.166667 0.160205 0.011679 200 189 1000 970 50000 50000 0 10
0.166667 0.176589 0.011836 200 207 1000 1003 50000 50000 0 10
0.166667 0.172688 0.011557 200 206 1000 1027 50000 50000 0 10
0.166667 0.165733 0.011494 200 198 1000 1027 50000 50000 0 10
0.166667 0.157057 0.011355 200 191 1000 1011 50000 50000 0 10
0.166667 0.175845 0.011709 200 208 1000 1001 50000 50000 0 10
0.166667 0.158838 0.011643 200 191 1000 994 50000 50000 0 10
0.166667 0.185687 0.012018 200 232 1000 974 50000 50000 0 10
0.166667 0.150529 0.011529 200 176 1000 947 50000 50000 0 10
0.166667 0.160908 0.011651 200 183 1000 981 50000 50000 0 10
0.166667 0.167303 0.011610 200 191 1000 996 50000 50000 0 10
0.166667 0.164235 0.011258 200 211 1000 1060 50000 50000 0 10
0.166667 0.193331 0.012361 200 214 1000 961 50000 50000 0 10
0.166667 0.184770 0.011844 200 222 1000 1003 50000 50000 0 10
0.166667 0.163641 0.011413 200 210 1000 1021 50000 50000 0 10
0.166667 0.145611 0.010962 200 186 1000 1028 50000 50000 0 10
0.166667 0.161145 0.011160 200 202 1000 1046 50000 50000 0 10
0.166667 0.170853 0.011287 200 214 1000 1046 50000 50000 0 10
0.166667 0.174325 0.011901 200 202 1000 965 50000 50000 0 10
0.166667 0.165069 0.011584 200 206 1000 994 50000 50000 0 10
0.166667 0.179531 0.011752 200 218 1000 1008 50000 50000 0 10
0.166667 0.178226 0.012033 200 201 1000 967 50000 50000 0 10
0.166667 0.163774 0.011586 200 195 1000 1008 50000 50000 0 10
0.166667 0.171589 0.011879 200 195 1000 975 50000 50000 0 10
0.166667 0.197071 0.012584 200 211 1000 933 50000 50000 0 10
0.166667 0.163109 0.011334 200 207 1000 1039 50000 50000 0 10
0.166667 0.152547 0.011127 200 195 1000 1044 50000 50000 0 10
0.166667 0.157893 0.011460 200 181 1000 1008 50000 50000 0 10
0.166667 0.181159 0.011433 200 229 1000 1076 50000 50000 0 10
0.166667 0.162218 0.011705 200 189 1000 965 50000 50000 0 10
0.166667 0.155485 0.011595 200 180 1000 976 50000 50000 0 10
0.166667 0.157283 0.011221 200 197 1000 1023 50000 50000 0 10
0.166667 0.164388 0.011446 200 198 1000 1035 50000 50000 0 10
0.166667 0.154711 0.011177 200 185 1000 1043 50000 50000 0 10
0.166667 0.158636 0.011429 200 185 1000 991 50000 50000 0 10
0.166667 0.178137 0.011771 200 213 1000 1012 50000 50000 0 10
0.166667 0.164590 0.011608 200 192 1000 996 50000 50000 0 10
0.166667 0.175559 0.011701 200 207 1000 991 50000 50000 0 10
0.166667 0.184824 0.012263 200 212 1000 946 50000 50000 0 10
0.166667 0.167465 0.011487 200 207 1000 1022 50000 50000 0 10
0.166667 0.165883 0.011477 200 205 1000 1021 50000 50000 0 10
0.166667 0.144882 0.011011 200 174 1000 1033 50000 50000 0 10
0.166667 0.169373 0.011769 200 199 1000 989 50000 50000 0 10
0.166667 0.190088 0.012016 200 225 1000 978 50000 50000 0 10
0.166667 0.162816 0.011727 200 186 1000 962 50000 50000 0 10
0.166667 0.169638 0.012052 200 203 1000 929 50000 50000 0 10
0.166667 0.179074 0.012027 200 208 1000 984 50000 50000 0 10
0.166667 0.143375 0.010881 200 174 1000 1059 50000 50000 0 10
0.166667 0.160521 0.011194 200 196 1000 1039 50000 50000 0 10
0.166667 0.155907 0.011409 200 193 1000 1009 50000 50000 0 10
0.166667 0.170665 0.011588 200 207 1000 996 50000 50000 0 10
0.166667 0.172801 0.011714 200 208 1000 1001 50000 50000 0 10
0.166667 0.163541 0.011640 200 195 1000 975 50000 50000 0 10
0.166667 0.157853 0.011840 200 178 1000 932 50000 50000 0 10
0.166667 0.174277 0.011644 200 216 1000 996 50000 50000 0 10
0.166667 0.170431 0.011581 200 209 1000 1004 50000 50000 0 10
0.166667 0.163556 0.011549 200 199 1000 1004 50000 50000 0 10
0.166667 0.168033 0.011595 200 203 1000 1016 50000 50000 0 10
0.166667 0.189834 0.012385 200 206 1000 947 50000 50000 0 10
0.166667 0.157086 0.011417 200 181 1000 1005 50000 50000 0 10
0.166667 0.156873 0.011597 200 184 1000 970 50000 50000 0 10
0.166667 0.166927 0.011694 200 194 1000 993 50000 50000 0 10
0.166667 0.150334 0.011223 200 184 1000 1012 50000 50000 0 10
0.166667 0.174015 0.011901 200 210 1000 974 50000 50000 0 10
0.166667 0.167173 0.011452 200 201 1000 1012 50000 50000 0 10
0.166667 0.180327 0.011791 200 216 1000 993 50000 50000 0 10
0.166667 0.172492 0.011992 200 192 1000 961 50000 50000 0 10
0.166667 0.139957 0.011030 200 172 1000 995 50000 50000 0 10
0.166667 0.164387 0.011398 200 203 1000 1032 50000 50000 0 10
0.166667 0.156979 0.011625 200 184 1000 976 50000 50000 0 10
0.166667 0.188098 0.012075 200 220 1000 971 50000 50000 0 10
0.166667 0.159382 0.011435 200 192 1000 1017 50000 50000 0 10
0.166667 0.160563 0.011392 200 189 1000 1021 50000 50000 0 10
0.166667 0.161315 0.011114 200 202 1000 1059 50000 50000 0 10
0.166667 0.161898 0.011485 200 206 1000 1002 50000 50000 0 10
0.166667 0.170543 0.011803 200 206 1000 970 50000 50000 0 10
0.166667 0.182831 0.012212 200 213 1000 953 50000 50000 0 10
0.166667 0.173210 0.011703 200 216 1000 994 50000 50000 0 10
0.166667 0.140872 0.010782 200 169 1000 1035 50000 50000 0 10
0.166667 0.162513 0.011168 200 208 1000 1060 50000 50000 0 10
0.166667 0.182079 0.012202 200 212 1000 948 50000 50000 0 10
0.166667 0.164831 0.011563 200 204 1000 1014 50000 50000 0 10
0.166667 0.182808 0.011932 200 224 1000 990 50000 50000 0 10
0.166667 0.188946 0.012054 200 218 1000 985 50000 50000 0 10
0.166667 0.155567 0.011280 200 182 1000 1019 50000 50000 0 10
0.166667 0.157972 0.011236 200 188 1000 1037 50000 50000 0 10
0.166667 0.157725 0.011336 200 205 1000 1025 50000 50000 0 10
0.166667 0.172438 0.011585 200 201 1000 1021 50000 50000 0 10
0.166667 0.163294 0.011364 200 199 1000 1032 50000 50000 0 10
0.166667 0.169636 0.011623 200 205 1000 982 50000 50000 0 10
0.166667 0.166512 0.011731 200 192 1000 975 50000 50000 0 10
0.166667 0.164313 0.011991 200 182 1000 936 50000 50000 0 10
0.166667 0.162358 0.011492 200 203 1000 1003 50000 50000 0 10
0.166667 0.172218 0.011820 200 204 1000 986 50000 50000 0 10
0.166667 0.158801 0.011306 200 195 1000 1039 50000 50000 0 10
0.166667 0.159393 0.011543 200 185 1000 981 50000 50000 0 10
0.166667 0.181250 0.012079 200 209 1000 967 50000 50000 0 10
0.166667 0.147342 0.011382 200 179 1000 965 50000 50000 0 10
0.166667 0.172296 0.011686 200 213 1000 991 50000 50000 0 10
0.166667 0.171152 0.011552 200 212 1000 1029 50000 50000 0 10
0.166667 0.158402 0.011365 200 200 1000 1016 50000 50000 0 10
0.166667 0.148874 0.011261 200 177 1000 1002 50000 50000 0 10
0.166667 0.155200 0.011383 200 191 1000 989 50000 50000 0 10
0.166667 0.159478 0.011249 200 206 1000 1036 50000 50000 0 10
0.166667 0.175973 0.011559 200 209 1000 1057 50000 50000 0 10
0.166667 0.156211 0.011117 200 198 1000 1039 50000 50000 0 10
0.166667 0.173548 0.011539 200 221 1000 1027 50000 50000 0 10
0.166667 0.166250 0.011740 200 196 1000 977 50000 50000 0 10
0.166667 0.153450 0.011553 200 175 1000 963 50000 50000 0 10
0.166667 0.161851 0.011558 200 186 1000 1011 50000 50000 0 10
0.166667 0.167531 0.011648 200 202 1000 995 50000 50000 0 10
0.166667 0.162428 0.011539 200 192 1000 996 50000 50000 0 10
0.166667 0.165092 0.011617 200 205 1000 1003 50000 50000 0 10
0.166667 0.146782 0.010930 200 180 1000 1049 50000 50000 0 10
0.166667 0.190413 0.012730 200 209 1000 897 50000 50000 0 10
0.166667 0.157955 0.011297 200 197 1000 1023 50000 50000 0 10
0.166667 0.143611 0.011041 200 172 1000 1013 50000 50000 0 10
0.166667 0.159258 0.011084 200 199 1000 1052 50000 50000 0 10
0.166667 0.157968 0.011175 200 203 1000 1054 50000 50000 0 10
0.166667 0.178025 0.012116 200 205 1000 953 50000 50000 0 10
0.166667 0.176094 0.011875 200 204 1000 983 50000 50000 0 10
0.166667 0.167871 0.011705 200 196 1000 995 50000 50000 0 10
0.166667 0.159671 0.011484 200 205 1000 1000 50000 50000 0 10
0.166667 0.156651 0.011049 200 196 1000 1079 50000 50000 0 10
0.166667 0.158402 0.011314 200 207 1000 1010 50000 50000 0 10
0.166667 0.146129 0.011052 200 181 1000 1026 50000 50000 0 10
0.166667 0.149139 0.010958 200 187 1000 1049 50000 50000 0 10
0.166667 0.164347 0.011369 200 198 1000 1039 50000 50000 0 10
0.166667 0.154291 0.011387 200 184 1000 983 50000 50000 0 10
0.166667 0.172732 0.011763 200 204 1000 967 50000 50000 0 10
0.166667 0.171085 0.011922 200 204 1000 946 50000 50000 0 10
0.166667 0.158423 0.011363 200 192 1000 1024 50000 50000 0 10
0.166667 0.156798 0.011325 200 190 1000 1011 50000 50000 0 10
0.166667 0.160012 0.011461 200 190 1000 998 50000 50000 0 10
0.166667 0.162985 0.011408 200 197 1000 1014 50000 50000 0 10
0.166667 0.164378 0.011728 200 190 1000 977 50000 50000 0 10
0.166667 0.156822 0.011412 200 189 1000 995 50000 50000 0 10
0.166667 0.183923 0.012062 200 212 1000 962 50000 50000 0 10
0.166667 0.165363 0.011352 200 191 1000 1044 50000 50000 0 10
0.166667 0.171605 0.011457 200 213 1000 1046 50000 50000 0 10
0.166667 0.149005 0.011178 200 187 1000 1016 50000 50000 0 10
0.166667 0.150665 0.011240 200 185 1000 1016 50000 50000 0 10
0.166667 0.173291 0.011906 200 197 1000 955 50000 50000 0 10
0.166667 0.164276 0.011659 200 186 1000 973 50000 50000 0 10
0.166667 0.157960 0.011406 200 197 1000 1005 50000 50000 0 10
0.166667 0.156181 0.011442 200 185 1000 988 50000 50000 0 10
0.166667 0.170391 0.011550 200 203 1000 1031 50000 50000 0 10
0.166667 0.165818 0.011859 200 188 1000 968 50000 50000 0 10
0.166667 0.154500 0.011282 200 194 1000 1005 50000 50000 0 10
0.166667 0.162667 0.011505 200 193 1000 1003 50000 50000 0 10
0.166667 0.156296 0.011143 200 198 1000 1051 50000 50000 0 10
0.166667 0.178186 0.011424 200 222 1000 1066 50000 50000 0 10
0.166667 0.165807 0.011995 200 196 1000 930 50000 50000 0 10
0.166667 0.169289 0.011434 200 210 1000 1037 50000 50000 0 10
0.166667 0.158999 0.011586 200 179 1000 987 50000 50000 0 10
0.166667 0.176276 0.011993 200 205 1000 963 50000 50000 0 10
0.166667 0.171168 0.011637 200 201 1000 998 50000 50000 0 10
0.166667 0.154335 0.011377 200 185 1000 1018 50000 50000 0 10
0.166667 0.174562 0.011490 200 224 1000 1047 50000 50000 0 10
0.166667 0.178977 0.012090 200 208 1000 948 50000 50000 0 10
0.166667 0.172867 0.011782 200 213 1000 976 50000 50000 0 10
0.166667 0.154644 0.011326 200 187 1000 1018 50000 50000 0 10
0.166667 0.183459 0.011744 200 220 1000 1024 50000 50000 0 10
0.166667 0.173959 0.011831 200 202 1000 994 50000 50000 0 10
0.166667 0.170048 0.011846 200 201 1000 973 50000 50000 0 10
0.166667 0.154261 0.011374 200 192 1000 984 50000 50000 0 10
0.166667 0.162969 0.011732 200 181 1000 963 50000 50000 0 10
0.166667 0.173079 0.011768 200 212 1000 985 50000 50000 0 10
0.166667 0.183882 0.012038 200 221 1000 970 50000 50000 0 10
0.166667 0.186172 0.012177 200 213 1000 956 50000 50000 0 10
0.166667 0.167214 0.011466 200 205 1000 1018 50000 50000 0 10
0.166667 0.180409 0.012216 200 206 1000 945 50000 50000 0 10
0.166667 0.186241 0.011859 200 225 1000 1002 50000 50000 0 10
0.166667 0.144871 0.010869 200 172 1000 1046 50000 50000 0 10
0.166667 0.155469 0.010999 200 198 1000 1065 50000 50000 0 10
0.166667 0.164479 0.011368 200 203 1000 1008 50000 50000 0 10
0.166667 0.187113 0.012035 200 231 1000 976 50000 50000 0 10
0.166667 0.170695 0.011946 200 191 1000 956 50000 50000 0 10
0.166667 0.164796 0.011594 200 192 1000 988 50000 50000 0 10
0.166667 0.178915 0.012103 200 214 1000 966 50000 50000 0 10
0.166667 0.146232 0.011110 200 172 1000 1014 50000 50000 0 10
0.166667 0.179525 0.011859 200 218 1000 991 50000 50000 0 10
0.166667 0.169743 0.011754 200 200 1000 983 50000 50000 0 10
0.166667 0.175920 0.011868 200 210 1000 980 50000 50000 0 10
0.166667 0.178930 0.011762 200 218 1000 995 50000 50000 0 10
0.166667 0.173217 0.011838 200 194 1000 983 50000 50000 0 10
0.166667 0.156749 0.011149 200 192 1000 1042 50000 50000 0 10
0.166667 0.148740 0.011091 200 193 1000 1035 50000 50000 0 10
0.166667 0.156374 0.011097 200 189 1000 1055 50000 50000 0 10
0.166667 0.169922 0.011654 200 213 1000 987 50000 50000 0 10
0.166667 0.175355 0.011537 200 220 1000 1034 50000 50000 0 10
0.166667 0.163987 0.011367 200 201 1000 1044 50000 50000 0 10
0.166667 0.158057 0.011326 200 200 1000 1020 50000 50000 0 10
0.166667 0.200089 0.012505 200 229 1000 946 50000 50000 0 10
0.166667 0.164691 0.011659 200 194 1000 985 50000 50000 0 10
0.166667 0.178115 0.011832 200 209 1000 980 50000 50000 0 10
0.166667 0.151677 0.011443 200 177 1000 974 50000 50000 0 10
0.166667 0.178177 0.011705 200 221 1000 1004 50000 50000 0 10
0.166667 0.166146 0.011580 200 199 1000 988 50000 50000 0 10
0.166667 0.152819 0.011449 200 185 1000 995 50000 50000 0 10
0.166667 0.154996 0.011034 200 196 1000 1061 50000 50000 0 10
0.166667 0.160022 0.011621 200 190 1000 982 50000 50000 0 10
0.166667 0.181385 0.011685 200 222 1000 1030 50000 50000 0 10
0.166667 0.160625 0.011450 200 189 1000 1011 50000 50000 0 10
0.166667 0.156650 0.011485 200 195 1000 992 50000 50000 0 10
0.166667 0.164882 0.011156 200 203 1000 1069 50000 50000 0 10
0.166667 0.165610 0.011724 200 196 1000 991 50000 50000 0 10
0.166667 0.166082 0.011734 200 188 1000 962 50000 50000 0 10
0.166667 0.155784 0.011414 200 193 1000 987 50000 50000 0 10
0.166667 0.181430 0.011928 200 206 1000 977 50000 50000 0 10
0.166667 0.162839 0.011566 200 190 1000 1003 50000 50000 0 10
0.166667 0.161028 0.011295 200 196 1000 1047 50000 50000 0 10
0.166667 0.177480 0.011603 200 223 1000 1026 50000 50000 0 10
0.166667 0.179887 0.011938 200 213 1000 987 50000 50000 0 10
0.166667 0.164094 0.011641 200 198 1000 982 50000 50000 0 10
0.166667 0.152550 0.010866 200 195 1000 1071 50000 50000 0 10
0.166667 0.154574 0.011268 200 197 1000 1003 50000 50000 0 10
0.166667 0.171562 0.011528 200 214 1000 1012 50000 50000 0 10
0.166667 0.156795 0.011389 200 195 1000 992 50000 50000 0 10
0.166667 0.175935 0.012032 200 201 1000 969 50000 50000 0 10
0.166667 0.183722 0.012025 200 206 1000 970 50000 50000 0 10
0.166667 0.165155 0.011654 200 196 1000 992 50000 50000 0 10
0.166667 0.159919 0.011566 200 188 1000 981 50000 50000 0 10
0.166667 0.173683 0.011887 200 199 1000 965 50000 50000 0 10
0.166667 0.184526 0.011915 200 217 1000 992 50000 50000 0 10
0.166667 0.176157 0.012059 200 210 1000 950 50000 50000 0 10
0.166667 0.169653 0.011689 200 210 1000 976 50000 50000 0 10
0.166667 0.189216 0.011953 200 231 1000 996 50000 50000 0 10
0.166667 0.162498 0.011644 200 190 1000 984 50000 50000 0 10
0.166667 0.172375 0.011491 200 213 1000 1031 50000 50000 0 10
0.166667 0.150581 0.011127 200 179 1000 1026 50000 50000 0 10
0.166667 0.167647 0.011293 200 206 1000 1047 50000 50000 0 10
0.166667 0.171956 0.011724 200 211 1000 993 50000 50000 0 10
0.166667 0.160771 0.011259 200 199 1000 1041 50000 50000 0 10
0.166667 0.173713 0.011731 200 206 1000 1001 50000 50000 0 10
0.166667 0.173208 0.011838 200 210 1000 988 50000 50000 0 10
0.166667 0.159966 0.011655 200 188 1000 956 50000 50000 0 10
0.166667 0.171584 0.011472 200 209 1000 1013 50000 50000 0 10
0.166667 0.161361 0.011585 200 189 1000 978 50000 50000 0 10
0.166667 0.155101 0.011158 200 193 1000 1023 50000 50000 0 10
0.166667 0.159633 0.011631 200 182 1000 965 50000 50000 0 10
0.166667 0.152483 0.011289 200 183 1000 974 50000 50000 0 10
0.166667 0.170478 0.011986 200 193 1000 941 50000 50000 0 10
0.166667 0.161492 0.011369 200 206 1000 1017 50000 50000 0 10
0.166667 0.166499 0.011531 200 198 1000 995 50000 50000 0 10
0.166667 0.180749 0.011934 200 218 1000 984 50000 50000 0 10
0.166667 0.156276 0.011177 200 200 1000 1033 50000 50000 0 10
0.166667 0.174089 0.011689 200 200 1000 997 50000 50000 0 10
0.166667 0.176206 0.011834 200 209 1000 981 50000 50000 0 10
0.166667 0.153952 0.011232 200 181 1000 1018 50000 50000 0 10
0.166667 0.163957 0.011352 200 206 1000 1026 50000 50000 0 10
0.166667 0.156842 0.011275 200 199 1000 1027 50000 50000 0 10
0.166667 0.172169 0.011694 200 207 1000 986 50000 50000 0 10
0.166667 0.156140 0.011474 200 186 1000 995 50000 50000 0 10
0.166667 0.174855 0.011637 200 217 1000 1025 50000 50000 0 10
0.166667 0.170304 0.011868 200 200 1000 967 50000 50000 0 10
0.166667 0.175364 0.011729 200 208 1000 1003 50000 50000 0 10
0.166667 0.169800 0.011947 200 194 1000 945 50000 50000 0 10
0.166667 0.161618 0.011697 200 180 1000 971 50000 50000 0 10
0.166667 0.172747 0.011469 200 214 1000 1047 50000 50000 0 10
0.166667 0.168677 0.011471 200 215 1000 1022 50000 50000 0 10
0.166667 0.158592 0.011136 200 199 1000 1063 50000 50000 0 10
0.166667 0.168443 0.011528 200 205 1000 994 50000 50000 0 10
0.166667 0.154329 0.011176 200 203 1000 1030 50000 50000 0 10
0.166667 0.189520 0.012272 200 208 1000 962 50000 50000 0 10
0.166667 0.157730 0.011356 200 196 1000 1008 50000 50000 0 10
0.166667 0.141300 0.010870 200 176 1000 1040 50000 50000 0 10
0.166667 0.161505 0.011460 200 196 1000 1011 50000 50000 0 10
0.166667 0.173880 0.011848 200 203 1000 987 50000 50000 0 10
0.166667 0.171512 0.011953 200 191 1000 949 50000 50000 0 10
0.166667 0.164294 0.011783 200 194 1000 960 50000 50000 0 10
0.166667 0.204451 0.012258 200 245 1000 972 50000 50000 0 10
0.166667 0.176359 0.011572 200 223 1000 1022 50000 50000 0 10
0.166667 0.169505 0.011801 200 202 1000 972 50000 50000 0 10
0.166667 0.170524 0.011911 200 197 1000 969 50000 50000 0 10
0.166667 0.167502 0.011413 200 214 1000 1039 50000 50000 0 10
0.166667 0.145418 0.011162 200 166 1000 990 50000 50000 0 10
0.166667 0.177754 0.011854 200 211 1000 982 50000 50000 0 10
0.166667 0.165579 0.011491 200 210 1000 998 50000 50000 0 10
0.166667 0.155102 0.011369 200 191 1000 1004 50000 50000 0 10
0.166667 0.173523 0.011892 200 209 1000 969 50000 50000 0 10
0.166667 0.156968 0.011089 200 192 1000 1048 50000 50000 0 10
0.166667 0.154868 0.011222 200 191 1000 1014 50000 50000 0 10
0.166667 0.160225 0.011289 200 199 1000 1036 50000 50000 0 10
0.166667 0.163664 0.011099 200 213 1000 1085 50000 50000 0 10
0.166667 0.160862 0.011446 200 195 1000 996 50000 50000 0 10
0.166667 0.168436 0.011429 200 209 1000 1035 50000 50000 0 10
0.166667 0.195445 0.012465 200 230 1000 919 50000 50000 0 10
0.166667 0.157250 0.011010 200 198 1000 1066 50000 50000 0 10
0.166667 0.176987 0.012102 200 204 1000 944 50000 50000 0 10
0.166667 0.146523 0.010879 200 186 1000 1074 50000 50000 0 10
0.166667 0.163327 0.011360 200 208 1000 1026 50000 50000 0 10
0.166667 0.184437 0.011963 200 218 1000 996 50000 50000 0 10
0.166667 0.164261 0.011662 200 192 1000 986 50000 50000 0 10
0.166667 0.157447 0.011107 200 203 1000 1049 50000 50000 0 10
0.166667 0.169036 0.011515 200 201 1000 1019 50000 50000 0 10
0.166667 0.160104 0.011176 200 199 1000 1064 50000 50000 0 10
0.166667 0.187088 0.012105 200 212 1000 991 50000 50000 0 10
0.166667 0.160517 0.011432 200 196 1000 1016 50000 50000 0 10
0.166667 0.135688 0.010752 200 179 1000 1039 50000 50000 0 10
0.166667 0.152620 0.011223 200 186 1000 1009 50000 50000 0 10
0.166667 0.151397 0.011178 200 187 1000 1016 50000 50000 0 10
0.166667 0.169426 0.011481 200 198 1000 1016 50000 50000 0 10
0.166667 0.162833 0.011586 200 190 1000 1002 50000 50000 0 10
0.166667 0.149511 0.011276 200 184 1000 996 50000 50000 0 10
0.166667 0.160318 0.011131 200 217 1000 1062 50000 50000 0 10
0.166667 0.182910 0.012399 200 199 1000 928 50000 50000 0 10
0.166667 0.151331 0.011220 200 188 1000 1002 50000 50000 0 10
0.166667 0.158626 0.011338 200 195 1000 1021 50000 50000 0 10
0.166667 0.172234 0.011770 200 206 1000 984 50000 50000 0 10
0.166667 0.165083 0.011451 200 205 1000 1013 50000 50000 0 10
0.166667 0.158438 0.011730 200 173 1000 949 50000 50000 0 10
0.166667 0.158647 0.011284 200 200 1000 1040 50000 50000 0 10
0.166667 0.144648 0.011156 200 166 1000 984 50000 50000 0 10
0.166667 0.167377 0.011349 200 212 1000 1031 50000 50000 0 10
0.166667 0.176788 0.012194 200 205 1000 922 50000 50000 0 10
0.166667 0.147629 0.010876 200 190 1000 1070 50000 50000 0 10
0.166667 0.186752 0.011986 200 231 1000 973 50000 50000 0 10
0.166667 0.173897 0.011866 200 202 1000 987 50000 50000 0 10
0.166667 0.178170 0.011754 200 217 1000 1018 50000 50000 0 10
0.166667 0.153323 0.011110 200 198 1000 1064 50000 50000 0 10
0.166667 0.140576 0.010832 200 171 1000 1056 50000 50000 0 10
0.166667 0.165051 0.011475 200 203 1000 1025 50000 50000 0 10
0.166667 0.167652 0.011730 200 198 1000 975 50000 50000 0 10
0.166667 0.161712 0.011223 200 207 1000 1050 50000 50000 0 10
0.166667 0.184439 0.011909 200 223 1000 982 50000 50000 0 10
0.166667 0.154610 0.011091 200 206 1000 1050 50000 50000 0 10
0.166667 0.174451 0.011788 200 200 1000 970 50000 50000 0 10
0.166667 0.165447 0.011568 200 200 1000 986 50000 50000 0 10
0.166667 0.164385 0.011464 200 195 1000 1021 50000 50000 0 10
0.166667 0.151911 0.011053 200 189 1000 1061 50000 50000 0 10
0.166667 0.174651 0.011654 200 213 1000 998 50000 50000 0 10
0.166667 0.164175 0.011709 200 194 1000 983 50000 50000 0 10
0.166667 0.163007 0.011583 200 198 1000 998 50000 50000 0 10
0.166667 0.154041 0.011467 200 186 1000 1005 50000 50000 0 10
0.166667 0.180933 0.011914 200 219 1000 983 50000 50000 0 10
0.166667 0.160294 0.011365 200 191 1000 1016 50000 50000 0 10
0.166667 0.157936 0.011500 200 196 1000 990 50000 50000 0 10
0.166667 0.159617 0.011423 200 197 1000 1020 50000 50000 0 10
0.166667 0.184633 0.011894 200 224 1000 1001 50000 50000 0 10
0.166667 0.161556 0.011364 200 190 1000 1018 50000 50000 0 10
0.166667 0.162481 0.011434 200 203 1000 1000 50000 50000 0 10
0.166667 0.169578 0.011467 200 211 1000 1023 50000 50000 0 10
0.166667 0.167533 0.012297 200 175 1000 905 50000 50000 0 10
0.166667 0.183384 0.012160 200 208 1000 955 50000 50000 0 10
0.166667 0.186493 0.011786 200 215 1000 1010 50000 50000 0 10
0.166667 0.180385 0.012188 200 214 1000 957 50000 50000 0 10
0.166667 0.164997 0.011951 200 184 1000 939 50000 50000 0 10
0.166667 0.179697 0.011679 200 220 1000 1016 50000 50000 0 10
0.166667 0.177214 0.011676 200 219 1000 1001 50000 50000 0 10
0.166667 0.172559 0.011795 200 204 1000 970 50000 50000 0 10
0.166667 0.161846 0.011382 200 195 1000 1007 50000 50000 0 10
0.166667 0.164193 0.011514 200 194 1000 995 50000 50000 0 10
0.166667 0.177733 0.011764 200 216 1000 1001 50000 50000 0 10
0.166667 0.158813 0.011324 200 193 1000 1030 50000 50000 0 10
0.166667 0.177677 0.011929 200 208 1000 966 50000 50000 0 10
0.166667 0.185931 0.012293 200 207 1000 938 50000 50000 0 10
0.166667 0.173788 0.011694 200 205 1000 994 50000 50000 0 10
0.166667 0.176912 0.011939 200 215 1000 970 50000 50000 0 10
0.166667 0.150923 0.010974 200 194 1000 1036 50000 50000 0 10
0.166667 0.183491 0.011939 200 214 1000 992 50000 50000 0 10
0.166667 0.165974 0.011468 200 205 1000 1009 50000 50000 0 10
0.166667 0.175842 0.011680 200 212 1000 1012 50000 50000 0 10
0.166667 0.148031 0.011115 200 179 1000 1013 50000 50000 0 10
0.166667 0.136957 0.010815 200 174 1000 1042 50000 50000 0 10
0.166667 0.184031 0.011798 200 223 1000 1015 50000 50000 0 10
0.166667 0.168623 0.012083 200 189 1000 938 50000 50000 0 10
0.166667 0.183885 0.011911 200 219 1000 990 50000 50000 0 10
0.166667 0.174038 0.011770 200 206 1000 999 50000 50000 0 10
0.166667 0.143645 0.010859 200 186 1000 1052 50000 50000 0 10
0.166667 0.165330 0.011625 200 190 1000 989 50000 50000 0 10
0.166667 0.160741 0.011565 200 193 1000 985 50000 50000 0 10
0.166667 0.175455 0.011746 200 214 1000 999 50000 50000 0 10
0.166667 0.150481 0.011097 200 182 1000 1011 50000 50000 0 10
0.166667 0.147105 0.011067 200 185 1000 1046 50000 50000 0 10
0.166667 0.184476 0.012001 200 228 1000 980 50000 50000 0 10
0.166667 0.147020 0.010887 200 187 1000 1056 50000 50000 0 10
0.166667 0.163057 0.011681 200 197 1000 994 50000 50000 0 10
0.166667 0.182074 0.011769 200 224 1000 1014 50000 50000 0 10
0.166667 0.167273 0.012003 200 180 1000 933 50000 50000 0 10
0.166667 0.164653 0.011816 200 179 1000 971 50000 50000 0 10
0.166667 0.168659 0.011779 200 193 1000 969 50000 50000 0 10
0.166667 0.167036 0.011310 200 215 1000 1031 50000 50000 0 10
0.166667 0.164426 0.011492 200 202 1000 994 50000 50000 0 10
0.166667 0.156823 0.010984 200 209 1000 1067 50000 50000 0 10
0.166667 0.152501 0.011332 200 184 1000 994 50000 50000 0 10
0.166667 0.165360 0.011732 200 200 1000 980 50000 50000 0 10
0.166667 0.165176 0.011836 200 192 1000 947 50000 50000 0 10
0.166667 0.150374 0.011015 200 185 1000 1034 50000 50000 0 10
0.166667 0.155194 0.011640 200 179 1000 952 50000 50000 0 10
