0.166667 0.200374 0.017584 200 202 1000 1014 2 1000 1000 0 5
0.166667 0.177374 0.017221 200 175 1000 1009 2 1000 1000 0 5
0.166667 0.216318 0.017807 200 202 1000 1006 2 1000 1000 0 5
0.166667 0.186967 0.017446 200 204 1000 999 2 1000 1000 0 5
0.166667 0.179719 0.016964 200 196 1000 988 2 1000 1000 0 5
0.166667 0.185543 0.018143 200 198 1000 966 2 1000 1000 0 5
0.166667 0.215086 0.018717 200 214 1000 919 2 1000 1000 0 5
0.166667 0.187643 0.017089 200 207 1000 1031 2 1000 1000 0 5
0.166667 0.200360 0.017628 200 212 1000 996 2 1000 1000 0 5
0.166667 0.195036 0.016886 200 194 1000 983 2 1000 1000 0 5
0.166667 0.217206 0.017419 200 213 1000 983 2 1000 1000 0 5
0.166667 0.174954 0.017000 200 186 1000 1018 2 1000 1000 0 5
0.166667 0.205068 0.017045 200 203 1000 1053 2 1000 1000 0 5
0.166667 0.182491 0.017969 200 199 1000 961 2 1000 1000 0 5
0.166667 0.217992 0.017587 200 210 1000 977 2 1000 1000 0 5
0.166667 0.192030 0.017379 200 198 1000 1059 2 1000 1000 0 5
0.166667 0.164152 0.017897 200 206 1000 1001 2 1000 1000 0 5
0.166667 0.207371 0.017458 200 188 1000 990 2 1000 1000 0 5
0.166667 0.187864 0.017092 200 198 1000 1051 2 1000 1000 0 5
0.166667 0.197406 0.017489 200 203 1000 1016 2 1000 1000 0 5
0.166667 0.177513 0.017047 200 201 1000 962 2 1000 1000 0 5
0.166667 0.195388 0.018677 200 201 1000 987 2 1000 1000 0 5
0.166667 0.181364 0.017366 200 198 1000 1006 2 1000 1000 0 5
0.166667 0.214897 0.017645 200 207 1000 1020 2 1000 1000 0 5
0.166667 0.180871 0.017310 200 208 1000 999 2 1000 1000 0 5
0.166667 0.185823 0.016918 200 165 1000 974 2 1000 1000 0 5
0.166667 0.194272 0.017071 200 218 1000 1026 2 1000 1000 0 5
0.166667 0.199359 0.017520 200 191 1000 948 2 1000 1000 0 5
0.166667 0.204777 0.017511 200 225 1000 1035 2 1000 1000 0 5
0.166667 0.186234 0.017787 200 173 1000 968 2 1000 1000 0 5
0.166667 0.212282 0.017950 200 198 1000 940 2 1000 1000 0 5
0.166667 0.197371 0.017672 200 196 1000 969 2 1000 1000 0 5
0.166667 0.221774 0.017250 200 207 1000 1030 2 1000 1000 0 5
0.166667 0.186936 0.017333 200 185 1000 1019 2 1000 1000 0 5
0.166667 0.176081 0.018162 200 210 1000 961 2 1000 1000 0 5
0.166667 0.182738 0.018148 200 197 1000 932 2 1000 1000 0 5
0.166667 0.162405 0.016200 200 175 1000 1026 2 1000 1000 0 5
0.166667 0.163705 0.016702 200 183 1000 1028 2 1000 1000 0 5
0.166667 0.176304 0.016782 200 208 1000 1008 2 1000 1000 0 5
0.166667 0.231471 0.018681 200 217 1000 946 2 1000 1000 0 5
0.166667 0.192935 0.017068 200 195 1000 1035 2 1000 1000 0 5
0.166667 0.185102 0.018036 200 177 1000 955 2 1000 1000 0 5
0.166667 0.169880 0.017072 200 181 1000 989 2 1000 1000 0 5
0.166667 0.198464 0.017680 200 187 1000 1013 2 1000 1000 0 5
0.166667 0.184720 0.016543 200 189 1000 980 2 1000 1000 0 5
0.166667 0.159010 0.017218 200 183 1000 1003 2 1000 1000 0 5
0.166667 0.206314 0.017167 200 204 1000 1037 2 1000 1000 0 5
0.166667 0.171008 0.017662 200 195 1000 1009 2 1000 1000 0 5
0.166667 0.214670 0.017520 200 207 1000 966 2 1000 1000 0 5
0.166667 0.148220 0.016310 200 178 1000 1059 2 1000 1000 0 5
0.166667 0.193824 0.016139 200 178 1000 1040 2 1000 1000 0 5
0.166667 0.222547 0.017147 200 202 1000 973 2 1000 1000 0 5
0.166667 0.233330 0.018171 200 213 1000 1001 2 1000 1000 0 5
0.166667 0.182624 0.017525 200 199 1000 1025 2 1000 1000 0 5
0.166667 0.213071 0.017543 200 194 1000 1036 2 1000 1000 0 5
0.166667 0.213746 0.017982 200 174 1000 980 2 1000 1000 0 5
0.166667 0.219506 0.017505 200 190 1000 1032 2 1000 1000 0 5
0.166667 0.184924 0.016671 200 186 1000 1045 2 1000 1000 0 5
0.166667 0.190114 0.017891 200 189 1000 953 2 1000 1000 0 5
0.166667 0.180208 0.017944 200 184 1000 997 2 1000 1000 0 5
0.166667 0.178454 0.016416 200 191 1000 1014 2 1000 1000 0 5
0.166667 0.221853 0.017780 200 219 1000 948 2 1000 1000 0 5
0.166667 0.192492 0.017011 200 203 1000 994 2 1000 1000 0 5
0.166667 0.153538 0.016835 200 192 1000 1035 2 1000 1000 0 5
0.166667 0.185085 0.017851 200 198 1000 912 2 1000 1000 0 5
0.166667 0.231994 0.017917 200 218 1000 959 2 1000 1000 0 5
0.166667 0.206919 0.017775 200 192 1000 972 2 1000 1000 0 5
0.166667 0.188709 0.016379 200 203 1000 1032 2 1000 1000 0 5
0.166667 0.165975 0.016650 200 190 1000 1019 2 1000 1000 0 5
0.166667 0.179524 0.017409 200 188 1000 1022 2 1000 1000 0 5
0.166667 0.207116 0.018140 200 224 1000 973 2 1000 1000 0 5
0.166667 0.194203 0.016905 200 186 1000 1011 2 1000 1000 0 5
0.166667 0.201242 0.017120 200 208 1000 995 2 1000 1000 0 5
0.166667 0.170774 0.016899 200 201 1000 995 2 1000 1000 0 5
0.166667 0.200077 0.017931 200 203 1000 950 2 1000 1000 0 5
0.166667 0.177107 0.016737 200 190 1000 1003 2 1000 1000 0 5
0.166667 0.182256 0.017165 200 200 1000 969 2 1000 1000 0 5
0.166667 0.215483 0.017930 200 221 1000 1006 2 1000 1000 0 5
0.166667 0.174325 0.017225 200 185 1000 995 2 1000 1000 0 5
0.166667 0.200913 0.017522 200 224 1000 1008 2 1000 1000 0 5
0.166667 0.211273 0.018083 200 207 1000 993 2 1000 1000 0 5
0.166667 0.225207 0.017890 200 200 1000 984 2 1000 1000 0 5
0.166667 0.206190 0.018418 200 207 1000 960 2 1000 1000 0 5
0.166667 0.193557 0.017521 200 187 1000 991 2 1000 1000 0 5
0.166667 0.169526 0.017215 200 186 1000 1014 2 1000 1000 0 5
0.166667 0.196229 0.017454 200 206 1000 1019 2 1000 1000 0 5
0.166667 0.214159 0.017653 200 207 1000 967 2 1000 1000 0 5
0.166667 0.209907 0.017026 200 192 1000 1005 2 1000 1000 0 5
0.166667 0.193852 0.017011 200 219 1000 1014 2 1000 1000 0 5
0.166667 0.185987 0.017397 200 212 1000 977 2 1000 1000 0 5
0.166667 0.193557 0.016682 200 199 1000 1050 2 1000 1000 0 5
0.166667 0.236101 0.017857 200 196 1000 956 2 1000 1000 0 5
0.166667 0.202521 0.017830 200 209 1000 994 2 1000 1000 0 5
0.166667 0.183607 0.016962 200 167 1000 992 2 1000 1000 0 5
0.166667 0.220651 0.017972 200 220 1000 981 2 1000 1000 0 5
0.166667 0.204354 0.017294 200 232 1000 1034 2 1000 1000 0 5
0.166667 0.201380 0.017449 200 200 1000 975 2 1000 1000 0 5
0.166667 0.154334 0.017088 200 194 1000 985 2 1000 1000 0 5
0.166667 0.185383 0.017200 200 207 1000 999 2 1000 1000 0 5
0.166667 0.184429 0.017212 200 178 1000 940 2 1000 1000 0 5
0.166667 0.196522 0.018261 200 212 1000 937 2 1000 1000 0 5
0.166667 0.178436 0.017135 200 196 1000 1022 2 1000 1000 0 5
0.166667 0.173057 0.017467 200 197 1000 937 2 1000 1000 0 5
0.166667 0.189366 0.016610 200 187 1000 1043 2 1000 1000 0 5
0.166667 0.200008 0.016724 200 200 1000 1003 2 1000 1000 0 5
0.166667 0.216130 0.017698 200 202 1000 984 2 1000 1000 0 5
0.166667 0.204884 0.017566 200 185 1000 983 2 1000 1000 0 5
0.166667 0.186080 0.017632 200 188 1000 994 2 1000 1000 0 5
0.166667 0.242244 0.018453 200 204 1000 992 2 1000 1000 0 5
0.166667 0.190120 0.016903 200 206 1000 1079 2 1000 1000 0 5
0.166667 0.192801 0.017145 200 204 1000 1056 2 1000 1000 0 5
0.166667 0.197146 0.017435 200 181 1000 959 2 1000 1000 0 5
0.166667 0.202173 0.017718 200 198 1000 1003 2 1000 1000 0 5
0.166667 0.190895 0.017448 200 180 1000 988 2 1000 1000 0 5
0.166667 0.208345 0.017950 200 210 1000 965 2 1000 1000 0 5
0.166667 0.177256 0.016699 200 192 1000 1023 2 1000 1000 0 5
0.166667 0.172068 0.016938 200 209 1000 1030 2 1000 1000 0 5
0.166667 0.182133 0.017858 200 213 1000 964 2 1000 1000 0 5
0.166667 0.184772 0.017157 200 189 1000 1016 2 1000 1000 0 5
0.166667 0.221417 0.018241 200 192 1000 913 2 1000 1000 0 5
0.166667 0.228160 0.017840 200 185 1000 1034 2 1000 1000 0 5
0.166667 0.196262 0.017904 200 186 1000 959 2 1000 1000 0 5
0.166667 0.191948 0.016942 200 198 1000 989 2 1000 1000 0 5
0.166667 0.199933 0.016980 200 213 1000 995 2 1000 1000 0 5
0.166667 0.221144 0.017070 200 213 1000 1043 2 1000 1000 0 5
0.166667 0.192706 0.016927 200 202 1000 1027 2 1000 1000 0 5
0.166667 0.165080 0.017086 200 211 1000 1001 2 1000 1000 0 5
0.166667 0.180340 0.017217 200 202 1000 1022 2 1000 1000 0 5
0.166667 0.187427 0.017381 200 203 1000 999 2 1000 1000 0 5
0.166667 0.195992 0.017532 200 204 1000 980 2 1000 1000 0 5
0.166667 0.216491 0.017488 200 212 1000 985 2 1000 1000 0 5
0.166667 0.178198 0.017650 200 175 1000 957 2 1000 1000 0 5
0.166667 0.195225 0.017282 200 204 1000 1009 2 1000 1000 0 5
0.166667 0.183795 0.017511 200 199 1000 1055 2 1000 1000 0 5
0.166667 0.162519 0.016765 200 196 1000 1035 2 1000 1000 0 5
0.166667 0.251266 0.018052 200 209 1000 959 2 1000 1000 0 5
0.166667 0.211864 0.017958 200 198 1000 988 2 1000 1000 0 5
0.166667 0.201239 0.017218 200 200 1000 1015 2 1000 1000 0 5
0.166667 0.180625 0.017223 200 197 1000 999 2 1000 1000 0 5
0.166667 0.165086 0.017000 200 191 1000 1002 2 1000 1000 0 5
0.166667 0.208733 0.018091 200 211 1000 956 2 1000 1000 0 5
0.166667 0.188099 0.017443 200 188 1000 988 2 1000 1000 0 5
0.166667 0.169656 0.017634 200 185 1000 984 2 1000 1000 0 5
0.166667 0.194798 0.017202 200 209 1000 993 2 1000 1000 0 5
0.166667 0.218709 0.018256 200 201 1000 973 2 1000 1000 0 5
0.166667 0.199437 0.017713 200 198 1000 946 2 1000 1000 0 5
0.166667 0.206495 0.017417 200 233 1000 992 2 1000 1000 0 5
0.166667 0.195416 0.017756 200 194 1000 991 2 1000 1000 0 5
0.166667 0.192602 0.017148 200 177 1000 925 2 1000 1000 0 5
0.166667 0.230651 0.017516 200 200 1000 1027 2 1000 1000 0 5
0.166667 0.213466 0.017738 200 220 1000 992 2 1000 1000 0 5
0.166667 0.214253 0.017999 200 193 1000 991 2 1000 1000 0 5
0.166667 0.221384 0.017687 200 190 1000 1004 2 1000 1000 0 5
0.166667 0.202753 0.016749 200 228 1000 1044 2 1000 1000 0 5
0.166667 0.190293 0.017260 200 200 1000 991 2 1000 1000 0 5
0.166667 0.213187 0.017654 200 204 1000 1012 2 1000 1000 0 5
0.166667 0.189494 0.017521 200 189 1000 1025 2 1000 1000 0 5
0.166667 0.181742 0.017022 200 194 1000 985 2 1000 1000 0 5
0.166667 0.220728 0.017493 200 234 1000 1004 2 1000 1000 0 5
0.166667 0.196318 0.017367 200 210 1000 1008 2 1000 1000 0 5
0.166667 0.232423 0.017169 200 211 1000 1041 2 1000 1000 0 5
0.166667 0.186823 0.017117 200 222 1000 1049 2 1000 1000 0 5
0.166667 0.216969 0.017120 200 192 1000 980 2 1000 1000 0 5
0.166667 0.207567 0.017681 200 221 1000 1014 2 1000 1000 0 5
0.166667 0.180353 0.017109 200 177 1000 963 2 1000 1000 0 5
0.166667 0.192500 0.016773 200 202 1000 1021 2 1000 1000 0 5
0.166667 0.150270 0.016919 200 176 1000 1012 2 1000 1000 0 5
0.166667 0.150954 0.017008 200 205 1000 1005 2 1000 1000 0 5
0.166667 0.192460 0.017252 200 196 1000 991 2 1000 1000 0 5
0.166667 0.156282 0.017567 200 194 1000 990 2 1000 1000 0 5
0.166667 0.224695 0.018100 200 232 1000 994 2 1000 1000 0 5
0.166667 0.202859 0.017085 200 203 1000 1000 2 1000 1000 0 5
0.166667 0.156447 0.017271 200 191 1000 1002 2 1000 1000 0 5
0.166667 0.169775 0.016727 200 193 1000 1045 2 1000 1000 0 5
0.166667 0.173005 0.016789 200 173 1000 1034 2 1000 1000 0 5
0.166667 0.184599 0.017092 200 190 1000 998 2 1000 1000 0 5
0.166667 0.210459 0.018055 200 203 1000 988 2 1000 1000 0 5
0.166667 0.179717 0.018188 200 182 1000 964 2 1000 1000 0 5
0.166667 0.174244 0.017817 200 191 1000 943 2 1000 1000 0 5
0.166667 0.156048 0.016985 200 214 1000 1039 2 1000 1000 0 5
0.166667 0.199820 0.017160 200 185 1000 998 2 1000 1000 0 5
0.166667 0.224907 0.017512 200 210 1000 943 2 1000 1000 0 5
0.166667 0.188201 0.017401 200 216 1000 1089 2 1000 1000 0 5
0.166667 0.187891 0.016871 200 205 1000 1000 2 1000 1000 0 5
0.166667 0.230455 0.017423 200 207 1000 980 2 1000 1000 0 5
0.166667 0.148512 0.016115 200 205 1000 1041 2 1000 1000 0 5
0.166667 0.184492 0.017451 200 182 1000 943 2 1000 1000 0 5
0.166667 0.190635 0.017988 200 207 1000 985 2 1000 1000 0 5
0.166667 0.190252 0.017447 200 182 1000 1038 2 1000 1000 0 5
0.166667 0.190570 0.017479 200 181 1000 991 2 1000 1000 0 5
0.166667 0.184928 0.018337 200 189 1000 951 2 1000 1000 0 5
0.166667 0.201991 0.017283 200 198 1000 993 2 1000 1000 0 5
0.166667 0.180872 0.018573 200 181 1000 919 2 1000 1000 0 5
0.166667 0.204838 0.016947 200 218 1000 1063 2 1000 1000 0 5
0.166667 0.191381 0.017963 200 210 1000 1001 2 1000 1000 0 5
0.166667 0.200587 0.016961 200 197 1000 1057 2 1000 1000 0 5
0.166667 0.192365 0.017448 200 193 1000 1008 2 1000 1000 0 5
0.166667 0.237453 0.017894 200 210 1000 986 2 1000 1000 0 5
0.166667 0.190823 0.017124 200 197 1000 1021 2 1000 1000 0 5
0.166667 0.162211 0.016862 200 170 1000 984 2 1000 1000 0 5
0.166667 0.172797 0.017111 200 200 1000 957 2 1000 1000 0 5
0.166667 0.228086 0.018026 200 193 1000 1005 2 1000 1000 0 5
0.166667 0.203851 0.017195 200 210 1000 990 2 1000 1000 0 5
0.166667 0.230463 0.017005 200 236 1000 1068 2 1000 1000 0 5
0.166667 0.202694 0.018210 200 184 1000 1010 2 1000 1000 0 5
0.166667 0.226202 0.018056 200 255 1000 996 2 1000 1000 0 5
0.166667 0.186660 0.017616 200 212 1000 1021 2 1000 1000 0 5
0.166667 0.182675 0.017804 200 194 1000 969 2 1000 1000 0 5
0.166667 0.187549 0.017375 200 189 1000 999 2 1000 1000 0 5
0.166667 0.205213 0.016895 200 203 1000 1015 2 1000 1000 0 5
0.166667 0.180745 0.017660 200 191 1000 975 2 1000 1000 0 5
0.166667 0.198035 0.016950 200 208 1000 1003 2 1000 1000 0 5
0.166667 0.194422 0.017145 200 186 1000 1012 2 1000 1000 0 5
0.166667 0.209206 0.017176 200 209 1000 995 2 1000 1000 0 5
0.166667 0.166944 0.017524 200 202 1000 1013 2 1000 1000 0 5
0.166667 0.210999 0.017275 200 205 1000 976 2 1000 1000 0 5
0.166667 0.192782 0.017329 200 193 1000 984 2 1000 1000 0 5
0.166667 0.198816 0.017050 200 202 1000 1034 2 1000 1000 0 5
0.166667 0.155759 0.016818 200 185 1000 1029 2 1000 1000 0 5
0.166667 0.219350 0.018037 200 217 1000 987 2 1000 1000 0 5
0.166667 0.240283 0.018129 200 202 1000 979 2 1000 1000 0 5
0.166667 0.166322 0.017322 200 180 1000 970 2 1000 1000 0 5
0.166667 0.186378 0.017192 200 173 1000 1001 2 1000 1000 0 5
0.166667 0.198614 0.017001 200 225 1000 1021 2 1000 1000 0 5
0.166667 0.161947 0.016994 200 201 1000 987 2 1000 1000 0 5
0.166667 0.123008 0.016015 200 183 1000 1072 2 1000 1000 0 5
0.166667 0.223735 0.018246 200 192 1000 966 2 1000 1000 0 5
0.166667 0.207693 0.017613 200 184 1000 1022 2 1000 1000 0 5
0.166667 0.213423 0.017175 200 216 1000 1031 2 1000 1000 0 5
0.166667 0.225730 0.017379 200 217 1000 1029 2 1000 1000 0 5
0.166667 0.197962 0.017422 200 218 1000 998 2 1000 1000 0 5
0.166667 0.208798 0.017589 200 209 1000 1007 2 1000 1000 0 5
0.166667 0.209500 0.017607 200 216 1000 923 2 1000 1000 0 5
0.166667 0.181668 0.016840 200 199 1000 1028 2 1000 1000 0 5
0.166667 0.190765 0.017795 200 195 1000 970 2 1000 1000 0 5
0.166667 0.193056 0.017241 200 197 1000 1008 2 1000 1000 0 5
0.166667 0.182370 0.016714 200 203 1000 1017 2 1000 1000 0 5
0.166667 0.202754 0.017920 200 206 1000 1002 2 1000 1000 0 5
0.166667 0.203530 0.017568 200 218 1000 1001 2 1000 1000 0 5
0.166667 0.186851 0.017287 200 200 1000 1017 2 1000 1000 0 5
0.166667 0.181097 0.016581 200 200 1000 1049 2 1000 1000 0 5
0.166667 0.186058 0.017312 200 206 1000 1024 2 1000 1000 0 5
0.166667 0.222756 0.016978 200 216 1000 1027 2 1000 1000 0 5
0.166667 0.198198 0.018436 200 200 1000 931 2 1000 1000 0 5
0.166667 0.206736 0.017679 200 204 1000 1009 2 1000 1000 0 5
0.166667 0.219704 0.017681 200 179 1000 1009 2 1000 1000 0 5
0.166667 0.210422 0.017701 200 201 1000 980 2 1000 1000 0 5
0.166667 0.167795 0.016610 200 209 1000 1048 2 1000 1000 0 5
0.166667 0.219297 0.016490 200 215 1000 1036 2 1000 1000 0 5
0.166667 0.185521 0.017196 200 194 1000 1026 2 1000 1000 0 5
0.166667 0.192225 0.016844 200 214 1000 1047 2 1000 1000 0 5
0.166667 0.214346 0.017450 200 201 1000 1039 2 1000 1000 0 5
0.166667 0.158223 0.016663 200 193 1000 1040 2 1000 1000 0 5
0.166667 0.217818 0.017230 200 215 1000 999 2 1000 1000 0 5
0.166667 0.207594 0.018221 200 192 1000 943 2 1000 1000 0 5
0.166667 0.194324 0.017117 200 190 1000 966 2 1000 1000 0 5
0.166667 0.186715 0.017514 200 211 1000 971 2 1000 1000 0 5
0.166667 0.179088 0.017056 200 196 1000 1009 2 1000 1000 0 5
0.166667 0.215552 0.017811 200 210 1000 960 2 1000 1000 0 5
0.166667 0.214182 0.018447 200 197 1000 982 2 1000 1000 0 5
0.166667 0.178154 0.017136 200 183 1000 992 2 1000 1000 0 5
0.166667 0.174738 0.017893 200 182 1000 957 2 1000 1000 0 5
0.166667 0.168713 0.016865 200 191 1000 1042 2 1000 1000 0 5
0.166667 0.132681 0.017314 200 196 1000 1007 2 1000 1000 0 5
0.166667 0.225020 0.017850 200 232 1000 1009 2 1000 1000 0 5
0.166667 0.201927 0.017241 200 192 1000 1015 2 1000 1000 0 5
0.166667 0.167605 0.016426 200 209 1000 999 2 1000 1000 0 5
0.166667 0.191874 0.017488 200 206 1000 995 2 1000 1000 0 5
0.166667 0.210611 0.017691 200 201 1000 1017 2 1000 1000 0 5
0.166667 0.188480 0.017093 200 201 1000 988 2 1000 1000 0 5
0.166667 0.182439 0.017479 200 194 1000 994 2 1000 1000 0 5
0.166667 0.209781 0.017529 200 223 1000 1016 2 1000 1000 0 5
0.166667 0.179579 0.016759 200 198 1000 1057 2 1000 1000 0 5
0.166667 0.211286 0.017433 200 192 1000 1026 2 1000 1000 0 5
0.166667 0.183724 0.016731 200 187 1000 1026 2 1000 1000 0 5
0.166667 0.202520 0.017678 200 185 1000 1015 2 1000 1000 0 5
0.166667 0.202098 0.017350 200 192 1000 1031 2 1000 1000 0 5
0.166667 0.206142 0.017246 200 213 1000 983 2 1000 1000 0 5
0.166667 0.211175 0.017389 200 231 1000 1000 2 1000 1000 0 5
0.166667 0.184552 0.016977 200 197 1000 1008 2 1000 1000 0 5
0.166667 0.198340 0.016710 200 219 1000 1026 2 1000 1000 0 5
0.166667 0.177139 0.018094 200 184 1000 953 2 1000 1000 0 5
0.166667 0.182084 0.017668 200 194 1000 974 2 1000 1000 0 5
0.166667 0.180331 0.016986 200 194 1000 1010 2 1000 1000 0 5
0.166667 0.190018 0.017524 200 204 1000 984 2 1000 1000 0 5
0.166667 0.157046 0.016590 200 188 1000 1063 2 1000 1000 0 5
0.166667 0.188343 0.016972 200 217 1000 1018 2 1000 1000 0 5
0.166667 0.151183 0.015939 200 182 1000 1036 2 1000 1000 0 5
0.166667 0.178510 0.016818 200 208 1000 1025 2 1000 1000 0 5
0.166667 0.198374 0.016782 200 210 1000 1015 2 1000 1000 0 5
0.166667 0.179461 0.017151 200 218 1000 977 2 1000 1000 0 5
0.166667 0.206328 0.017222 200 210 1000 983 2 1000 1000 0 5
0.166667 0.204043 0.017724 200 193 1000 997 2 1000 1000 0 5
0.166667 0.183059 0.017085 200 199 1000 1001 2 1000 1000 0 5
0.166667 0.142229 0.016689 200 191 1000 1018 2 1000 1000 0 5
0.166667 0.176206 0.017537 200 187 1000 967 2 1000 1000 0 5
0.166667 0.188482 0.017743 200 195 1000 1015 2 1000 1000 0 5
0.166667 0.126077 0.016991 200 178 1000 981 2 1000 1000 0 5
0.166667 0.194467 0.017852 200 200 1000 944 2 1000 1000 0 5
0.166667 0.176379 0.016644 200 192 1000 1043 2 1000 1000 0 5
0.166667 0.193530 0.016882 200 192 1000 1011 2 1000 1000 0 5
0.166667 0.233706 0.018139 200 219 1000 974 2 1000 1000 0 5
0.166667 0.200501 0.017411 200 207 1000 1026 2 1000 1000 0 5
0.166667 0.176321 0.018018 200 197 1000 988 2 1000 1000 0 5
0.166667 0.186779 0.017521 200 215 1000 995 2 1000 1000 0 5
0.166667 0.209205 0.018482 200 235 1000 988 2 1000 1000 0 5
0.166667 0.180689 0.017016 200 195 1000 1024 2 1000 1000 0 5
0.166667 0.208618 0.018143 200 211 1000 992 2 1000 1000 0 5
0.166667 0.190884 0.017225 200 195 1000 1002 2 1000 1000 0 5
0.166667 0.198119 0.017217 200 185 1000 989 2 1000 1000 0 5
0.166667 0.165073 0.017299 200 196 1000 1020 2 1000 1000 0 5
0.166667 0.205643 0.017219 200 228 1000 999 2 1000 1000 0 5
0.166667 0.184379 0.017433 200 168 1000 950 2 1000 1000 0 5
0.166667 0.141200 0.016703 200 189 1000 1031 2 1000 1000 0 5
0.166667 0.188893 0.017175 200 206 1000 1041 2 1000 1000 0 5
0.166667 0.206238 0.017068 200 200 1000 1010 2 1000 1000 0 5
0.166667 0.188867 0.016852 200 193 1000 1049 2 1000 1000 0 5
0.166667 0.210620 0.017449 200 204 1000 1000 2 1000 1000 0 5
0.166667 0.207231 0.017366 200 201 1000 982 2 1000 1000 0 5
0.166667 0.191145 0.016728 200 180 1000 1039 2 1000 1000 0 5
0.166667 0.184531 0.017142 200 191 1000 982 2 1000 1000 0 5
0.166667 0.179346 0.017260 200 211 1000 1023 2 1000 1000 0 5
0.166667 0.200813 0.017577 200 202 1000 1000 2 1000 1000 0 5
0.166667 0.186436 0.018154 200 196 1000 973 2 1000 1000 0 5
0.166667 0.209565 0.017990 200 221 1000 965 2 1000 1000 0 5
0.166667 0.206757 0.018065 200 208 1000 979 2 1000 1000 0 5
0.166667 0.196706 0.017589 200 194 1000 986 2 1000 1000 0 5
0.166667 0.194274 0.016775 200 203 1000 1028 2 1000 1000 0 5
0.166667 0.181734 0.018327 200 182 1000 920 2 1000 1000 0 5
0.166667 0.215509 0.017581 200 205 1000 999 2 1000 1000 0 5
0.166667 0.184071 0.016756 200 176 1000 992 2 1000 1000 0 5
0.166667 0.203362 0.017266 200 229 1000 1005 2 1000 1000 0 5
0.166667 0.212763 0.017222 200 198 1000 991 2 1000 1000 0 5
0.166667 0.191626 0.017585 200 215 1000 998 2 1000 1000 0 5
0.166667 0.172753 0.017553 200 208 1000 1007 2 1000 1000 0 5
0.166667 0.234463 0.017813 200 213 1000 987 2 1000 1000 0 5
0.166667 0.193112 0.017109 200 235 1000 999 2 1000 1000 0 5
0.166667 0.222547 0.017850 200 189 1000 985 2 1000 1000 0 5
0.166667 0.244028 0.017995 200 248 1000 959 2 1000 1000 0 5
0.166667 0.160632 0.017422 200 187 1000 959 2 1000 1000 0 5
0.166667 0.204600 0.017903 200 191 1000 931 2 1000 1000 0 5
0.166667 0.206165 0.017282 200 219 1000 1015 2 1000 1000 0 5
0.166667 0.199741 0.017360 200 201 1000 1015 2 1000 1000 0 5
0.166667 0.203261 0.017363 200 200 1000 961 2 1000 1000 0 5
0.166667 0.216035 0.017122 200 194 1000 1058 2 1000 1000 0 5
0.166667 0.199544 0.017719 200 218 1000 982 2 1000 1000 0 5
0.166667 0.219411 0.017234 200 217 1000 999 2 1000 1000 0 5
0.166667 0.193601 0.017373 200 180 1000 985 2 1000 1000 0 5
0.166667 0.151372 0.017651 200 171 1000 966 2 1000 1000 0 5
0.166667 0.213649 0.017899 200 194 1000 961 2 1000 1000 0 5
0.166667 0.196006 0.017456 200 195 1000 985 2 1000 1000 0 5
0.166667 0.172792 0.016930 200 191 1000 1001 2 1000 1000 0 5
0.166667 0.222042 0.017349 200 229 1000 1021 2 1000 1000 0 5
0.166667 0.163679 0.016775 200 177 1000 982 2 1000 1000 0 5
0.166667 0.217502 0.017600 200 193 1000 1014 2 1000 1000 0 5
0.166667 0.194185 0.017563 200 181 1000 973 2 1000 1000 0 5
0.166667 0.218264 0.016586 200 227 1000 1021 2 1000 1000 0 5
0.166667 0.176186 0.016870 200 189 1000 1042 2 1000 1000 0 5
0.166667 0.194485 0.016840 200 185 1000 1010 2 1000 1000 0 5
0.166667 0.176640 0.017489 200 192 1000 1003 2 1000 1000 0 5
0.166667 0.220242 0.017969 200 204 1000 983 2 1000 1000 0 5
0.166667 0.187567 0.017910 200 210 1000 987 2 1000 1000 0 5
0.166667 0.154001 0.017750 200 180 1000 921 2 1000 1000 0 5
0.166667 0.175229 0.016616 200 197 1000 1053 2 1000 1000 0 5
0.166667 0.205744 0.017469 200 232 1000 978 2 1000 1000 0 5
0.166667 0.211786 0.017073 200 191 1000 1033 2 1000 1000 0 5
0.166667 0.200172 0.017100 200 214 1000 1024 2 1000 1000 0 5
0.166667 0.203852 0.018175 200 184 1000 990 2 1000 1000 0 5
0.166667 0.157194 0.016474 200 190 1000 1011 2 1000 1000 0 5
0.166667 0.190216 0.017509 200 195 1000 966 2 1000 1000 0 5
0.166667 0.156776 0.016855 200 208 1000 990 2 1000 1000 0 5
0.166667 0.214747 0.017686 200 186 1000 1013 2 1000 1000 0 5
0.166667 0.155301 0.017015 200 193 1000 1035 2 1000 1000 0 5
0.166667 0.203516 0.017004 200 220 1000 1019 2 1000 1000 0 5
0.166667 0.197806 0.017689 200 187 1000 1009 2 1000 1000 0 5
0.166667 0.236982 0.017416 200 233 1000 984 2 1000 1000 0 5
0.166667 0.159037 0.017300 200 173 1000 975 2 1000 1000 0 5
0.166667 0.202670 0.017070 200 226 1000 1061 2 1000 1000 0 5
0.166667 0.185596 0.016771 200 205 1000 1037 2 1000 1000 0 5
0.166667 0.174673 0.017048 200 203 1000 1001 2 1000 1000 0 5
0.166667 0.172199 0.017666 200 177 1000 982 2 1000 1000 0 5
0.166667 0.214579 0.017563 200 234 1000 986 2 1000 1000 0 5
0.166667 0.180879 0.016862 200 171 1000 1018 2 1000 1000 0 5
0.166667 0.183626 0.017600 200 169 1000 1044 2 1000 1000 0 5
0.166667 0.209713 0.017272 200 208 1000 1002 2 1000 1000 0 5
0.166667 0.205135 0.016880 200 213 1000 1050 2 1000 1000 0 5
0.166667 0.187382 0.017065 200 199 1000 1000 2 1000 1000 0 5
0.166667 0.217220 0.018060 200 216 1000 951 2 1000 1000 0 5
0.166667 0.191122 0.018076 200 202 1000 958 2 1000 1000 0 5
0.166667 0.173280 0.016840 200 179 1000 1018 2 1000 1000 0 5
0.166667 0.222746 0.016949 200 198 1000 1046 2 1000 1000 0 5
0.166667 0.197680 0.017200 200 193 1000 994 2 1000 1000 0 5
0.166667 0.195959 0.016801 200 201 1000 988 2 1000 1000 0 5
0.166667 0.209156 0.017778 200 208 1000 969 2 1000 1000 0 5
0.166667 0.184081 0.016982 200 181 1000 993 2 1000 1000 0 5
0.166667 0.218948 0.018084 200 193 1000 1011 2 1000 1000 0 5
0.166667 0.197125 0.017883 200 189 1000 913 2 1000 1000 0 5
0.166667 0.190287 0.016990 200 197 1000 1024 2 1000 1000 0 5
0.166667 0.197818 0.016324 200 203 1000 1096 2 1000 1000 0 5
0.166667 0.185692 0.017213 200 204 1000 982 2 1000 1000 0 5
0.166667 0.216357 0.017800 200 218 1000 954 2 1000 1000 0 5
0.166667 0.194555 0.017228 200 217 1000 1004 2 1000 1000 0 5
0.166667 0.198798 0.017405 200 206 1000 958 2 1000 1000 0 5
0.166667 0.185151 0.016606 200 190 1000 1018 2 1000 1000 0 5
0.166667 0.211952 0.017465 200 199 1000 1002 2 1000 1000 0 5
0.166667 0.239286 0.018311 200 235 1000 982 2 1000 1000 0 5
0.166667 0.173276 0.016872 200 192 1000 1037 2 1000 1000 0 5
0.166667 0.185215 0.017895 200 197 1000 982 2 1000 1000 0 5
0.166667 0.217050 0.017564 200 185 1000 985 2 1000 1000 0 5
0.166667 0.193785 0.017267 200 213 1000 981 2 1000 1000 0 5
0.166667 0.176703 0.017472 200 215 1000 1008 2 1000 1000 0 5
0.166667 0.190319 0.017718 200 187 1000 993 2 1000 1000 0 5
0.166667 0.159273 0.017155 200 191 1000 984 2 1000 1000 0 5
0.166667 0.180883 0.018022 200 189 1000 976 2 1000 1000 0 5
0.166667 0.155259 0.016865 200 181 1000 1019 2 1000 1000 0 5
0.166667 0.154039 0.017505 200 195 1000 995 2 1000 1000 0 5
0.166667 0.227004 0.017223 200 193 1000 1030 2 1000 1000 0 5
0.166667 0.209980 0.017941 200 196 1000 992 2 1000 1000 0 5
0.166667 0.215088 0.017685 200 219 1000 980 2 1000 1000 0 5
0.166667 0.209437 0.017462 200 208 1000 977 2 1000 1000 0 5
0.166667 0.220523 0.017720 200 212 1000 1025 2 1000 1000 0 5
0.166667 0.219698 0.017705 200 219 1000 1043 2 1000 1000 0 5
0.166667 0.219306 0.016926 200 199 1000 1054 2 1000 1000 0 5
0.166667 0.158128 0.017258 200 173 1000 1036 2 1000 1000 0 5
0.166667 0.199503 0.017858 200 190 1000 1003 2 1000 1000 0 5
0.166667 0.168147 0.016665 200 206 1000 1048 2 1000 1000 0 5
0.166667 0.154292 0.016961 200 157 1000 1013 2 1000 1000 0 5
0.166667 0.197208 0.017605 200 212 1000 970 2 1000 1000 0 5
0.166667 0.207143 0.017747 200 222 1000 1022 2 1000 1000 0 5
0.166667 0.234782 0.017494 200 224 1000 1013 2 1000 1000 0 5
0.166667 0.169211 0.016309 200 194 1000 1067 2 1000 1000 0 5
0.166667 0.190009 0.017355 200 208 1000 1027 2 1000 1000 0 5
0.166667 0.173598 0.017173 200 193 1000 992 2 1000 1000 0 5
0.166667 0.184443 0.016884 200 202 1000 1015 2 1000 1000 0 5
0.166667 0.200890 0.018241 200 185 1000 990 2 1000 1000 0 5
0.166667 0.232567 0.018731 200 206 1000 946 2 1000 1000 0 5
0.166667 0.191239 0.017356 200 195 1000 971 2 1000 1000 0 5
0.166667 0.249974 0.017940 200 201 1000 990 2 1000 1000 0 5
0.166667 0.233962 0.017783 200 212 1000 989 2 1000 1000 0 5
0.166667 0.201219 0.017799 200 185 1000 1010 2 1000 1000 0 5
0.166667 0.199998 0.017899 200 252 1000 982 2 1000 1000 0 5
0.166667 0.221414 0.017321 200 212 1000 1044 2 1000 1000 0 5
0.166667 0.201387 0.018039 200 197 1000 974 2 1000 1000 0 5
0.166667 0.166210 0.017157 200 201 1000 972 2 1000 1000 0 5
0.166667 0.184374 0.016906 200 195 1000 1017 2 1000 1000 0 5
0.166667 0.206852 0.018052 200 190 1000 965 2 1000 1000 0 5
0.166667 0.161255 0.017574 200 200 1000 978 2 1000 1000 0 5
0.166667 0.174301 0.016609 200 197 1000 1053 2 1000 1000 0 5
0.166667 0.173952 0.017940 200 192 1000 981 2 1000 1000 0 5
0.166667 0.190792 0.016811 200 194 1000 1007 2 1000 1000 0 5
0.166667 0.194115 0.017755 200 201 1000 1015 2 1000 1000 0 5
0.166667 0.225646 0.017900 200 200 1000 953 2 1000 1000 0 5
0.166667 0.191370 0.017777 200 185 1000 994 2 1000 1000 0 5
0.166667 0.163535 0.017700 200 192 1000 993 2 1000 1000 0 5
0.166667 0.239921 0.018050 200 208 1000 980 2 1000 1000 0 5
0.166667 0.228896 0.017634 200 220 1000 1016 2 1000 1000 0 5
0.166667 0.162455 0.017408 200 181 1000 1003 2 1000 1000 0 5
0.166667 0.186426 0.017561 200 191 1000 1008 2 1000 1000 0 5
0.166667 0.194312 0.017573 200 217 1000 999 2 1000 1000 0 5
0.166667 0.204787 0.016741 200 214 1000 1015 2 1000 1000 0 5
0.166667 0.210569 0.017478 200 211 1000 1008 2 1000 1000 0 5
0.166667 0.179296 0.017758 200 226 1000 972 2 1000 1000 0 5
0.166667 0.225764 0.018462 200 203 1000 938 2 1000 1000 0 5
0.166667 0.199296 0.017130 200 196 1000 1037 2 1000 1000 0 5
0.166667 0.204450 0.017469 200 213 1000 984 2 1000 1000 0 5
0.166667 0.212669 0.017748 200 203 1000 992 2 1000 1000 0 5
0.166667 0.179976 0.017689 200 188 1000 1020 2 1000 1000 0 5
0.166667 0.185365 0.017281 200 185 1000 983 2 1000 1000 0 5
0.166667 0.221488 0.017783 200 210 1000 1030 2 1000 1000 0 5
0.166667 0.172354 0.017317 200 196 1000 1005 2 1000 1000 0 5
0.166667 0.208387 0.017692 200 213 1000 985 2 1000 1000 0 5
0.166667 0.189771 0.017418 200 220 1000 1014 2 1000 1000 0 5
0.166667 0.191649 0.016964 200 186 1000 993 2 1000 1000 0 5
0.166667 0.185526 0.017255 200 188 1000 990 2 1000 1000 0 5
0.166667 0.189905 0.018104 200 195 1000 922 2 1000 1000 0 5
0.166667 0.191895 0.018489 200 203 1000 953 2 1000 1000 0 5
0.166667 0.179191 0.016769 200 194 1000 1029 2 1000 1000 0 5
0.166667 0.215407 0.017940 200 181 1000 1021 2 1000 1000 0 5
0.166667 0.172539 0.017933 200 181 1000 956 2 1000 1000 0 5
0.166667 0.197722 0.017365 200 202 1000 985 2 1000 1000 0 5
0.166667 0.218143 0.018221 200 194 1000 1014 2 1000 1000 0 5
0.166667 0.157263 0.017267 200 180 1000 1038 2 1000 1000 0 5
0.166667 0.201507 0.017226 200 217 1000 1014 2 1000 1000 0 5
0.166667 0.201902 0.018032 200 200 1000 968 2 1000 1000 0 5
0.166667 0.170933 0.017327 200 179 1000 962 2 1000 1000 0 5
0.166667 0.193088 0.017496 200 222 1000 1009 2 1000 1000 0 5
0.166667 0.205975 0.017241 200 221 1000 1042 2 1000 1000 0 5
0.166667 0.175526 0.017025 200 200 1000 1016 2 1000 1000 0 5
0.166667 0.186432 0.017646 200 216 1000 995 2 1000 1000 0 5
0.166667 0.228873 0.017164 200 215 1000 999 2 1000 1000 0 5
0.166667 0.190320 0.017496 200 208 1000 987 2 1000 1000 0 5
0.166667 0.184921 0.017088 200 185 1000 1029 2 1000 1000 0 5
0.166667 0.195847 0.017016 200 181 1000 1048 2 1000 1000 0 5
0.166667 0.208030 0.017552 200 170 1000 989 2 1000 1000 0 5
0.166667 0.158145 0.016864 200 195 1000 1014 2 1000 1000 0 5
0.166667 0.197177 0.018163 200 228 1000 976 2 1000 1000 0 5
0.166667 0.196815 0.016496 200 195 1000 1065 2 1000 1000 0 5
0.166667 0.198317 0.016997 200 184 1000 991 2 1000 1000 0 5
0.166667 0.187688 0.017027 200 190 1000 1027 2 1000 1000 0 5
0.166667 0.210326 0.017313 200 205 1000 1037 2 1000 1000 0 5
0.166667 0.210158 0.017434 200 221 1000 1003 2 1000 1000 0 5
0.166667 0.180470 0.016813 200 191 1000 1001 2 1000 1000 0 5
0.166667 0.177091 0.016974 200 196 1000 1037 2 1000 1000 0 5
0.166667 0.187102 0.016851 200 204 1000 999 2 1000 1000 0 5
0.166667 0.218511 0.017419 200 210 1000 1031 2 1000 1000 0 5
0.166667 0.183384 0.017894 200 198 1000 972 2 1000 1000 0 5
0.166667 0.227396 0.018372 200 191 1000 940 2 1000 1000 0 5
0.166667 0.175106 0.017171 200 181 1000 1046 2 1000 1000 0 5
0.166667 0.208122 0.017095 200 210 1000 1041 2 1000 1000 0 5
0.166667 0.189913 0.016817 200 209 1000 1002 2 1000 1000 0 5
0.166667 0.182885 0.017126 200 202 1000 1004 2 1000 1000 0 5
0.166667 0.215193 0.018159 200 209 1000 952 2 1000 1000 0 5
0.166667 0.195858 0.017470 200 198 1000 1010 2 1000 1000 0 5
0.166667 0.163548 0.016868 200 193 1000 1013 2 1000 1000 0 5
0.166667 0.171799 0.016453 200 196 1000 1027 2 1000 1000 0 5
0.166667 0.173757 0.017547 200 196 1000 993 2 1000 1000 0 5
0.166667 0.206541 0.017233 200 191 1000 1034 2 1000 1000 0 5
0.166667 0.171280 0.017602 200 187 1000 990 2 1000 1000 0 5
0.166667 0.219358 0.017777 200 211 1000 1010 2 1000 1000 0 5
0.166667 0.215199 0.018343 200 219 1000 990 2 1000 1000 0 5
0.166667 0.157939 0.017212 200 197 1000 1009 2 1000 1000 0 5
0.166667 0.205146 0.017971 200 209 1000 980 2 1000 1000 0 5
0.166667 0.172226 0.015683 200 193 1000 1077 2 1000 1000 0 5
0.166667 0.188776 0.017663 200 208 1000 1004 2 1000 1000 0 5
0.166667 0.189734 0.017848 200 184 1000 970 2 1000 1000 0 5
0.166667 0.190101 0.016766 200 204 1000 1025 2 1000 1000 0 5
0.166667 0.173436 0.017138 200 209 1000 1023 2 1000 1000 0 5
0.166667 0.199709 0.017347 200 209 1000 1026 2 1000 1000 0 5
0.166667 0.224190 0.017831 200 199 1000 982 2 1000 1000 0 5
0.166667 0.191506 0.017448 200 209 1000 1020 2 1000 1000 0 5
0.166667 0.214172 0.017855 200 197 1000 966 2 1000 1000 0 5
0.166667 0.182761 0.016874 200 179 1000 988 2 1000 1000 0 5
0.166667 0.208832 0.016746 200 195 1000 1043 2 1000 1000 0 5
0.166667 0.181297 0.017202 200 195 1000 1024 2 1000 1000 0 5
0.166667 0.183760 0.017053 200 197 1000 1040 2 1000 1000 0 5
0.166667 0.174774 0.017030 200 204 1000 1066 2 1000 1000 0 5
0.166667 0.173444 0.017518 200 177 1000 1006 2 1000 1000 0 5
0.166667 0.203010 0.017502 200 208 1000 1039 2 1000 1000 0 5
0.166667 0.174736 0.017784 200 204 1000 990 2 1000 1000 0 5
0.166667 0.201370 0.019133 200 213 1000 910 2 1000 1000 0 5
0.166667 0.184725 0.017641 200 183 1000 985 2 1000 1000 0 5
0.166667 0.195165 0.018011 200 177 1000 999 2 1000 1000 0 5
0.166667 0.204459 0.018271 200 194 1000 948 2 1000 1000 0 5
0.166667 0.186694 0.017137 200 188 1000 997 2 1000 1000 0 5
0.166667 0.152236 0.017016 200 180 1000 943 2 1000 1000 0 5
0.166667 0.217985 0.017813 200 211 1000 1032 2 1000 1000 0 5
0.166667 0.185528 0.017257 200 213 1000 1018 2 1000 1000 0 5
0.166667 0.181082 0.017522 200 210 1000 1010 2 1000 1000 0 5
0.166667 0.204328 0.017608 200 218 1000 967 2 1000 1000 0 5
0.166667 0.177462 0.016777 200 203 1000 1031 2 1000 1000 0 5
0.166667 0.181121 0.016986 200 189 1000 1042 2 1000 1000 0 5
0.166667 0.218986 0.017388 200 214 1000 1001 2 1000 1000 0 5
0.166667 0.215632 0.018382 200 202 1000 986 2 1000 1000 0 5
0.166667 0.220561 0.017406 200 212 1000 1032 2 1000 1000 0 5
0.166667 0.231691 0.017297 200 195 1000 1021 2 1000 1000 0 5
0.166667 0.220671 0.018052 200 212 1000 975 2 1000 1000 0 5
0.166667 0.182896 0.017632 200 195 1000 990 2 1000 1000 0 5
0.166667 0.199569 0.017846 200 217 1000 1004 2 1000 1000 0 5
0.166667 0.204279 0.017796 200 211 1000 975 2 1000 1000 0 5
0.166667 0.160082 0.016569 200 208 1000 1030 2 1000 1000 0 5
0.166667 0.201738 0.017854 200 205 1000 966 2 1000 1000 0 5
0.166667 0.166525 0.017346 200 197 1000 1000 2 1000 1000 0 5
0.166667 0.165379 0.016216 200 189 1000 1064 2 1000 1000 0 5
0.166667 0.224500 0.017701 200 204 1000 997 2 1000 1000 0 5
0.166667 0.215074 0.017945 200 218 1000 990 2 1000 1000 0 5
0.166667 0.213402 0.018382 200 207 1000 982 2 1000 1000 0 5
0.166667 0.191022 0.018257 200 198 1000 1004 2 1000 1000 0 5
0.166667 0.135210 0.016644 200 179 1000 980 2 1000 1000 0 5
0.166667 0.206308 0.017498 200 213 1000 997 2 1000 1000 0 5
0.166667 0.228839 0.018087 200 222 1000 979 2 1000 1000 0 5
0.166667 0.250618 0.018418 200 190 1000 965 2 1000 1000 0 5
0.166667 0.183200 0.017020 200 190 1000 1031 2 1000 1000 0 5
0.166667 0.192753 0.017525 200 187 1000 984 2 1000 1000 0 5
0.166667 0.152844 0.017361 200 184 1000 1017 2 1000 1000 0 5
0.166667 0.190006 0.016855 200 203 1000 976 2 1000 1000 0 5
0.166667 0.223322 0.017076 200 213 1000 1020 2 1000 1000 0 5
0.166667 0.183783 0.017378 200 199 1000 1037 2 1000 1000 0 5
0.166667 0.182952 0.017546 200 220 1000 999 2 1000 1000 0 5
0.166667 0.190393 0.017030 200 198 1000 1012 2 1000 1000 0 5
0.166667 0.169564 0.016931 200 186 1000 1028 2 1000 1000 0 5
0.166667 0.187412 0.016783 200 186 1000 1024 2 1000 1000 0 5
0.166667 0.212403 0.018448 200 204 1000 946 2 1000 1000 0 5
0.166667 0.208720 0.017543 200 202 1000 1004 2 1000 1000 0 5
0.166667 0.210271 0.017186 200 194 1000 1017 2 1000 1000 0 5
0.166667 0.239467 0.018081 200 218 1000 995 2 1000 1000 0 5
0.166667 0.185977 0.017660 200 209 1000 980 2 1000 1000 0 5
0.166667 0.214108 0.017283 200 207 1000 1015 2 1000 1000 0 5
0.166667 0.183842 0.016963 200 202 1000 1018 2 1000 1000 0 5
0.166667 0.196559 0.017114 200 198 1000 977 2 1000 1000 0 5
0.166667 0.219519 0.017270 200 214 1000 1011 2 1000 1000 0 5
0.166667 0.202836 0.016962 200 201 1000 1013 2 1000 1000 0 5
0.166667 0.196839 0.016346 200 184 1000 1039 2 1000 1000 0 5
0.166667 0.205522 0.018062 200 201 1000 968 2 1000 1000 0 5
0.166667 0.207119 0.018043 200 225 1000 955 2 1000 1000 0 5
0.166667 0.192872 0.017398 200 204 1000 1026 2 1000 1000 0 5
0.166667 0.212864 0.018224 200 250 1000 991 2 1000 1000 0 5
0.166667 0.200556 0.018572 200 207 1000 945 2 1000 1000 0 5
0.166667 0.199436 0.017081 200 188 1000 1057 2 1000 1000 0 5
0.166667 0.211174 0.018124 200 193 1000 988 2 1000 1000 0 5
0.166667 0.183556 0.017891 200 187 1000 968 2 1000 1000 0 5
0.166667 0.176758 0.017181 200 190 1000 991 2 1000 1000 0 5
0.166667 0.201158 0.017274 200 219 1000 1036 2 1000 1000 0 5
0.166667 0.153321 0.017103 200 185 1000 989 2 1000 1000 0 5
0.166667 0.191232 0.017461 200 206 1000 967 2 1000 1000 0 5
0.166667 0.220111 0.016916 200 201 1000 1006 2 1000 1000 0 5
0.166667 0.211011 0.018045 200 189 1000 993 2 1000 1000 0 5
0.166667 0.189590 0.017227 200 207 1000 994 2 1000 1000 0 5
0.166667 0.182526 0.016815 200 202 1000 1078 2 1000 1000 0 5
0.166667 0.234863 0.017779 200 223 1000 953 2 1000 1000 0 5
0.166667 0.204722 0.017879 200 210 1000 990 2 1000 1000 0 5
0.166667 0.172165 0.016181 200 200 1000 1076 2 1000 1000 0 5
0.166667 0.187938 0.017249 200 199 1000 1016 2 1000 1000 0 5
0.166667 0.220496 0.018103 200 189 1000 961 2 1000 1000 0 5
0.166667 0.208442 0.017325 200 195 1000 1032 2 1000 1000 0 5
0.166667 0.166878 0.016147 200 185 1000 1092 2 1000 1000 0 5
0.166667 0.177785 0.017211 200 195 1000 1037 2 1000 1000 0 5
0.166667 0.209480 0.017253 200 184 1000 1009 2 1000 1000 0 5
0.166667 0.188829 0.017467 200 213 1000 1000 2 1000 1000 0 5
0.166667 0.183391 0.017574 200 191 1000 1005 2 1000 1000 0 5
0.166667 0.192477 0.017325 200 190 1000 1001 2 1000 1000 0 5
0.166667 0.194117 0.016972 200 172 1000 1014 2 1000 1000 0 5
0.166667 0.193512 0.017381 200 188 1000 1007 2 1000 1000 0 5
0.166667 0.216946 0.016807 200 217 1000 1010 2 1000 1000 0 5
0.166667 0.227676 0.018252 200 241 1000 948 2 1000 1000 0 5
0.166667 0.175399 0.016747 200 199 1000 1036 2 1000 1000 0 5
0.166667 0.170862 0.016442 200 204 1000 1037 2 1000 1000 0 5
0.166667 0.203167 0.016734 200 207 1000 1059 2 1000 1000 0 5
0.166667 0.206935 0.017043 200 203 1000 1010 2 1000 1000 0 5
0.166667 0.254866 0.018445 200 206 1000 968 2 1000 1000 0 5
0.166667 0.224855 0.017794 200 213 1000 976 2 1000 1000 0 5
0.166667 0.157053 0.015947 200 182 1000 1063 2 1000 1000 0 5
0.166667 0.201651 0.017973 200 211 1000 1004 2 1000 1000 0 5
0.166667 0.180453 0.016944 200 197 1000 1016 2 1000 1000 0 5
0.166667 0.166637 0.017478 200 194 1000 1044 2 1000 1000 0 5
0.166667 0.195029 0.018337 200 199 1000 974 2 1000 1000 0 5
0.166667 0.210884 0.017825 200 214 1000 956 2 1000 1000 0 5
0.166667 0.183750 0.017047 200 206 1000 1016 2 1000 1000 0 5
0.166667 0.191119 0.018036 200 193 1000 967 2 1000 1000 0 5
0.166667 0.184831 0.017158 200 189 1000 1046 2 1000 1000 0 5
0.166667 0.158087 0.016935 200 194 1000 1044 2 1000 1000 0 5
0.166667 0.213847 0.018255 200 225 1000 980 2 1000 1000 0 5
0.166667 0.182996 0.016681 200 200 1000 1045 2 1000 1000 0 5
0.166667 0.192725 0.017149 200 211 1000 1020 2 1000 1000 0 5
0.166667 0.194630 0.016926 200 218 1000 999 2 1000 1000 0 5
0.166667 0.198556 0.017264 200 184 1000 1014 2 1000 1000 0 5
0.166667 0.204654 0.017673 200 181 1000 982 2 1000 1000 0 5
0.166667 0.220997 0.018049 200 221 1000 964 2 1000 1000 0 5
0.166667 0.214600 0.017991 200 192 1000 973 2 1000 1000 0 5
0.166667 0.193090 0.017720 200 199 1000 975 2 1000 1000 0 5
0.166667 0.213075 0.017454 200 210 1000 1001 2 1000 1000 0 5
0.166667 0.208588 0.017498 200 206 1000 1048 2 1000 1000 0 5
0.166667 0.208903 0.017651 200 207 1000 1007 2 1000 1000 0 5
0.166667 0.237938 0.018309 200 215 1000 1000 2 1000 1000 0 5
0.166667 0.199383 0.017629 200 191 1000 963 2 1000 1000 0 5
0.166667 0.196843 0.017917 200 183 1000 980 2 1000 1000 0 5
0.166667 0.170998 0.017761 200 187 1000 991 2 1000 1000 0 5
0.166667 0.170294 0.017069 200 180 1000 982 2 1000 1000 0 5
0.166667 0.184044 0.017616 200 201 1000 1011 2 1000 1000 0 5
0.166667 0.247817 0.017981 200 219 1000 940 2 1000 1000 0 5
0.166667 0.183970 0.016834 200 221 1000 1003 2 1000 1000 0 5
0.166667 0.176622 0.016789 200 193 1000 964 2 1000 1000 0 5
0.166667 0.210609 0.016968 200 219 1000 1037 2 1000 1000 0 5
0.166667 0.178961 0.017895 200 185 1000 986 2 1000 1000 0 5
0.166667 0.212317 0.017542 200 209 1000 991 2 1000 1000 0 5
0.166667 0.159184 0.016132 200 176 1000 1065 2 1000 1000 0 5
0.166667 0.164674 0.017547 200 202 1000 1008 2 1000 1000 0 5
0.166667 0.169481 0.017002 200 198 1000 1029 2 1000 1000 0 5
0.166667 0.183892 0.017391 200 198 1000 980 2 1000 1000 0 5
0.166667 0.178362 0.017199 200 186 1000 994 2 1000 1000 0 5
0.166667 0.199810 0.017007 200 203 1000 1022 2 1000 1000 0 5
0.166667 0.213506 0.017595 200 195 1000 975 2 1000 1000 0 5
0.166667 0.177659 0.016614 200 196 1000 1055 2 1000 1000 0 5
0.166667 0.202365 0.017355 200 209 1000 1015 2 1000 1000 0 5
0.166667 0.208958 0.017689 200 194 1000 1006 2 1000 1000 0 5
0.166667 0.198133 0.017112 200 199 1000 1020 2 1000 1000 0 5
0.166667 0.139348 0.016411 200 191 1000 1058 2 1000 1000 0 5
0.166667 0.201689 0.017078 200 205 1000 1002 2 1000 1000 0 5
0.166667 0.201404 0.017209 200 206 1000 1010 2 1000 1000 0 5
0.166667 0.209583 0.017654 200 222 1000 982 2 1000 1000 0 5
0.166667 0.186601 0.017741 200 180 1000 999 2 1000 1000 0 5
0.166667 0.193428 0.017573 200 185 1000 963 2 1000 1000 0 5
0.166667 0.199461 0.017333 200 187 1000 1037 2 1000 1000 0 5
0.166667 0.165538 0.017141 200 204 1000 981 2 1000 1000 0 5
0.166667 0.189903 0.017389 200 192 1000 993 2 1000 1000 0 5
0.166667 0.187142 0.017465 200 217 1000 990 2 1000 1000 0 5
0.166667 0.180430 0.017943 200 199 1000 961 2 1000 1000 0 5
0.166667 0.187940 0.018240 200 198 1000 962 2 1000 1000 0 5
0.166667 0.199958 0.017899 200 182 1000 993 2 1000 1000 0 5
0.166667 0.201056 0.017812 200 209 1000 1005 2 1000 1000 0 5
0.166667 0.187779 0.017201 200 211 1000 1012 2 1000 1000 0 5
0.166667 0.171922 0.017924 200 184 1000 1041 2 1000 1000 0 5
0.166667 0.203274 0.018219 200 198 1000 975 2 1000 1000 0 5
0.166667 0.207478 0.017573 200 197 1000 972 2 1000 1000 0 5
0.166667 0.193271 0.017230 200 210 1000 982 2 1000 1000 0 5
0.166667 0.177637 0.017505 200 182 1000 1021 2 1000 1000 0 5
0.166667 0.211049 0.018064 200 211 1000 1011 2 1000 1000 0 5
0.166667 0.178649 0.017153 200 212 1000 959 2 1000 1000 0 5
0.166667 0.182886 0.017182 200 184 1000 959 2 1000 1000 0 5
0.166667 0.183803 0.017198 200 210 1000 952 2 1000 1000 0 5
0.166667 0.156398 0.016443 200 182 1000 1046 2 1000 1000 0 5
0.166667 0.172212 0.017024 200 202 1000 982 2 1000 1000 0 5
0.166667 0.177731 0.017008 200 191 1000 1070 2 1000 1000 0 5
0.166667 0.194857 0.018198 200 206 1000 942 2 1000 1000 0 5
0.166667 0.191176 0.017371 200 180 1000 1020 2 1000 1000 0 5
0.166667 0.188616 0.017716 200 235 1000 979 2 1000 1000 0 5
0.166667 0.186884 0.017139 200 194 1000 984 2 1000 1000 0 5
0.166667 0.210219 0.018318 200 189 1000 964 2 1000 1000 0 5
0.166667 0.168075 0.017080 200 202 1000 1036 2 1000 1000 0 5
0.166667 0.204723 0.017305 200 210 1000 1004 2 1000 1000 0 5
0.166667 0.180398 0.016895 200 186 1000 982 2 1000 1000 0 5
0.166667 0.186346 0.017428 200 211 1000 997 2 1000 1000 0 5
0.166667 0.197487 0.016963 200 221 1000 988 2 1000 1000 0 5
0.166667 0.193331 0.017835 200 197 1000 982 2 1000 1000 0 5
0.166667 0.176380 0.016605 200 209 1000 987 2 1000 1000 0 5
0.166667 0.210758 0.017406 200 193 1000 996 2 1000 1000 0 5
0.166667 0.227282 0.018406 200 199 1000 939 2 1000 1000 0 5
0.166667 0.176503 0.016993 200 206 1000 1020 2 1000 1000 0 5
0.166667 0.158180 0.016579 200 183 1000 1031 2 1000 1000 0 5
0.166667 0.182038 0.016883 200 182 1000 1032 2 1000 1000 0 5
0.166667 0.178739 0.016767 200 194 1000 985 2 1000 1000 0 5
0.166667 0.182034 0.017436 200 186 1000 914 2 1000 1000 0 5
0.166667 0.223919 0.018230 200 207 1000 957 2 1000 1000 0 5
0.166667 0.203020 0.017413 200 226 1000 972 2 1000 1000 0 5
0.166667 0.193338 0.017550 200 204 1000 1005 2 1000 1000 0 5
0.166667 0.146009 0.016545 200 180 1000 962 2 1000 1000 0 5
0.166667 0.217239 0.018547 200 210 1000 960 2 1000 1000 0 5
0.166667 0.182932 0.017284 200 187 1000 1021 2 1000 1000 0 5
0.166667 0.191631 0.016981 200 199 1000 1017 2 1000 1000 0 5
0.166667 0.212862 0.017714 200 204 1000 959 2 1000 1000 0 5
0.166667 0.175869 0.016225 200 214 1000 1060 2 1000 1000 0 5
0.166667 0.142378 0.016190 200 195 1000 1029 2 1000 1000 0 5
0.166667 0.193798 0.018494 200 214 1000 963 2 1000 1000 0 5
0.166667 0.192903 0.017573 200 191 1000 999 2 1000 1000 0 5
0.166667 0.178282 0.016997 200 210 1000 1066 2 1000 1000 0 5
0.166667 0.186417 0.016637 200 200 1000 975 2 1000 1000 0 5
0.166667 0.168723 0.016955 200 222 1000 1044 2 1000 1000 0 5
0.166667 0.184068 0.017664 200 205 1000 987 2 1000 1000 0 5
0.166667 0.234411 0.018228 200 218 1000 929 2 1000 1000 0 5
0.166667 0.153574 0.017037 200 194 1000 970 2 1000 1000 0 5
0.166667 0.193904 0.017129 200 194 1000 1022 2 1000 1000 0 5
0.166667 0.213669 0.017872 200 203 1000 1023 2 1000 1000 0 5
0.166667 0.171389 0.016676 200 171 1000 1069 2 1000 1000 0 5
0.166667 0.231320 0.018369 200 188 1000 968 2 1000 1000 0 5
0.166667 0.201391 0.017542 200 227 1000 987 2 1000 1000 0 5
0.166667 0.159074 0.016672 200 201 1000 1040 2 1000 1000 0 5
0.166667 0.209959 0.018181 200 189 1000 921 2 1000 1000 0 5
0.166667 0.175990 0.017118 200 198 1000 935 2 1000 1000 0 5
0.166667 0.214419 0.017268 200 206 1000 983 2 1000 1000 0 5
0.166667 0.226331 0.018333 200 201 1000 984 2 1000 1000 0 5
0.166667 0.232942 0.018712 200 204 1000 933 2 1000 1000 0 5
0.166667 0.207886 0.018130 200 207 1000 967 2 1000 1000 0 5
0.166667 0.192005 0.017525 200 191 1000 1011 2 1000 1000 0 5
0.166667 0.146709 0.017123 200 165 1000 983 2 1000 1000 0 5
0.166667 0.160142 0.016855 200 185 1000 975 2 1000 1000 0 5
0.166667 0.169197 0.016878 200 200 1000 1011 2 1000 1000 0 5
0.166667 0.185618 0.017596 200 194 1000 1026 2 1000 1000 0 5
0.166667 0.199727 0.017731 200 191 1000 995 2 1000 1000 0 5
0.166667 0.208232 0.017186 200 194 1000 981 2 1000 1000 0 5
0.166667 0.210327 0.017961 200 202 1000 993 2 1000 1000 0 5
0.166667 0.199627 0.018285 200 207 1000 992 2 1000 1000 0 5
0.166667 0.182949 0.017298 200 186 1000 1030 2 1000 1000 0 5
0.166667 0.209707 0.018878 200 211 1000 929 2 1000 1000 0 5
0.166667 0.145612 0.016220 200 186 1000 1004 2 1000 1000 0 5
0.166667 0.200748 0.017144 200 200 1000 1001 2 1000 1000 0 5
0.166667 0.175964 0.016974 200 184 1000 1036 2 1000 1000 0 5
0.166667 0.215056 0.017476 200 215 1000 1007 2 1000 1000 0 5
0.166667 0.174198 0.018116 200 182 1000 991 2 1000 1000 0 5
0.166667 0.187087 0.016941 200 194 1000 997 2 1000 1000 0 5
0.166667 0.226954 0.017517 200 223 1000 985 2 1000 1000 0 5
0.166667 0.176045 0.017155 200 200 1000 997 2 1000 1000 0 5
0.166667 0.165537 0.016925 200 206 1000 968 2 1000 1000 0 5
0.166667 0.205509 0.017105 200 190 1000 1028 2 1000 1000 0 5
0.166667 0.193933 0.018031 200 212 1000 1013 2 1000 1000 0 5
0.166667 0.197915 0.018013 200 204 1000 940 2 1000 1000 0 5
0.166667 0.232673 0.017700 200 228 1000 1032 2 1000 1000 0 5
0.166667 0.208644 0.018185 200 202 1000 974 2 1000 1000 0 5
0.166667 0.198009 0.017332 200 205 1000 971 2 1000 1000 0 5
0.166667 0.229402 0.018045 200 208 1000 966 2 1000 1000 0 5
0.166667 0.182208 0.017524 200 193 1000 983 2 1000 1000 0 5
0.166667 0.191092 0.018079 200 184 1000 947 2 1000 1000 0 5
0.166667 0.204237 0.016926 200 183 1000 1050 2 1000 1000 0 5
0.166667 0.216507 0.017254 200 235 1000 1016 2 1000 1000 0 5
0.166667 0.184328 0.016510 200 199 1000 1033 2 1000 1000 0 5
0.166667 0.185340 0.017172 200 206 1000 1000 2 1000 1000 0 5
0.166667 0.201048 0.017601 200 207 1000 1013 2 1000 1000 0 5
0.166667 0.223999 0.017701 200 219 1000 1034 2 1000 1000 0 5
0.166667 0.205164 0.017872 200 206 1000 944 2 1000 1000 0 5
0.166667 0.166386 0.017344 200 214 1000 963 2 1000 1000 0 5
0.166667 0.200106 0.017964 200 198 1000 994 2 1000 1000 0 5
0.166667 0.191175 0.017508 200 200 1000 1013 2 1000 1000 0 5
0.166667 0.192962 0.017714 200 189 1000 965 2 1000 1000 0 5
0.166667 0.175717 0.017483 200 194 1000 1021 2 1000 1000 0 5
0.166667 0.200578 0.017591 200 190 1000 991 2 1000 1000 0 5
0.166667 0.204948 0.017535 200 193 1000 970 2 1000 1000 0 5
0.166667 0.166278 0.017186 200 200 1000 990 2 1000 1000 0 5
0.166667 0.170067 0.017166 200 181 1000 978 2 1000 1000 0 5
0.166667 0.198786 0.017562 200 204 1000 1025 2 1000 1000 0 5
0.166667 0.195493 0.017843 200 195 1000 941 2 1000 1000 0 5
0.166667 0.195939 0.017946 200 201 1000 971 2 1000 1000 0 5
0.166667 0.197440 0.018111 200 199 1000 969 2 1000 1000 0 5
0.166667 0.152874 0.016340 200 181 1000 1056 2 1000 1000 0 5
0.166667 0.206937 0.017824 200 185 1000 972 2 1000 1000 0 5
0.166667 0.199076 0.017278 200 227 1000 986 2 1000 1000 0 5
0.166667 0.209738 0.018352 200 192 1000 997 2 1000 1000 0 5
0.166667 0.158150 0.017409 200 185 1000 1007 2 1000 1000 0 5
0.166667 0.172236 0.016308 200 192 1000 1033 2 1000 1000 0 5
0.166667 0.200159 0.017810 200 192 1000 969 2 1000 1000 0 5
0.166667 0.214254 0.017611 200 202 1000 1024 2 1000 1000 0 5
0.166667 0.201280 0.017595 200 204 1000 970 2 1000 1000 0 5
0.166667 0.161817 0.017835 200 172 1000 964 2 1000 1000 0 5
0.166667 0.223951 0.018205 200 226 1000 989 2 1000 1000 0 5
0.166667 0.193500 0.017608 200 201 1000 995 2 1000 1000 0 5
0.166667 0.208146 0.017308 200 194 1000 999 2 1000 1000 0 5
0.166667 0.171900 0.016491 200 202 1000 1063 2 1000 1000 0 5
0.166667 0.197831 0.017037 200 213 1000 1020 2 1000 1000 0 5
0.166667 0.194351 0.017604 200 208 1000 1007 2 1000 1000 0 5
0.166667 0.173165 0.016534 200 207 1000 1072 2 1000 1000 0 5
0.166667 0.182513 0.018177 200 184 1000 1007 2 1000 1000 0 5
0.166667 0.181455 0.017533 200 170 1000 1015 2 1000 1000 0 5
0.166667 0.197271 0.016760 200 202 1000 1034 2 1000 1000 0 5
0.166667 0.192105 0.018092 200 194 1000 1017 2 1000 1000 0 5
0.166667 0.195313 0.017071 200 185 1000 1036 2 1000 1000 0 5
0.166667 0.174593 0.016757 200 196 1000 998 2 1000 1000 0 5
0.166667 0.217328 0.017569 200 231 1000 970 2 1000 1000 0 5
0.166667 0.183351 0.017468 200 187 1000 994 2 1000 1000 0 5
0.166667 0.210357 0.017923 200 210 1000 969 2 1000 1000 0 5
0.166667 0.204127 0.017700 200 202 1000 974 2 1000 1000 0 5
0.166667 0.172969 0.017040 200 185 1000 1062 2 1000 1000 0 5
0.166667 0.189297 0.017230 200 197 1000 982 2 1000 1000 0 5
0.166667 0.188848 0.017367 200 200 1000 1012 2 1000 1000 0 5
0.166667 0.180335 0.016974 200 195 1000 1012 2 1000 1000 0 5
0.166667 0.206251 0.018251 200 177 1000 918 2 1000 1000 0 5
0.166667 0.181868 0.017194 200 198 1000 979 2 1000 1000 0 5
0.166667 0.170655 0.017400 200 187 1000 967 2 1000 1000 0 5
0.166667 0.232709 0.017479 200 222 1000 980 2 1000 1000 0 5
0.166667 0.166425 0.017175 200 185 1000 1001 2 1000 1000 0 5
0.166667 0.191342 0.017763 200 194 1000 976 2 1000 1000 0 5
0.166667 0.197777 0.017499 200 208 1000 1016 2 1000 1000 0 5
0.166667 0.207745 0.017565 200 205 1000 1052 2 1000 1000 0 5
0.166667 0.202080 0.017044 200 195 1000 1035 2 1000 1000 0 5
0.166667 0.182998 0.017434 200 191 1000 994 2 1000 1000 0 5
0.166667 0.179401 0.017602 200 184 1000 999 2 1000 1000 0 5
0.166667 0.194150 0.017605 200 194 1000 1000 2 1000 1000 0 5
0.166667 0.213384 0.017447 200 200 1000 990 2 1000 1000 0 5
0.166667 0.176224 0.016924 200 186 1000 980 2 1000 1000 0 5
0.166667 0.200639 0.017449 200 213 1000 1006 2 1000 1000 0 5
0.166667 0.182572 0.017349 200 211 1000 1038 2 1000 1000 0 5
0.166667 0.177794 0.017576 200 195 1000 1000 2 1000 1000 0 5
0.166667 0.164159 0.016553 200 177 1000 1036 2 1000 1000 0 5
0.166667 0.190565 0.017672 200 172 1000 1043 2 1000 1000 0 5
0.166667 0.167773 0.017121 200 194 1000 1018 2 1000 1000 0 5
0.166667 0.198315 0.017298 200 200 1000 1020 2 1000 1000 0 5
0.166667 0.175837 0.016802 200 184 1000 1048 2 1000 1000 0 5
0.166667 0.197990 0.018279 200 186 1000 942 2 1000 1000 0 5
0.166667 0.241242 0.017501 200 228 1000 991 2 1000 1000 0 5
0.166667 0.208438 0.017326 200 221 1000 1007 2 1000 1000 0 5
0.166667 0.208096 0.018001 200 212 1000 986 2 1000 1000 0 5
0.166667 0.210825 0.018266 200 206 1000 968 2 1000 1000 0 5
0.166667 0.209604 0.017539 200 182 1000 996 2 1000 1000 0 5
0.166667 0.180594 0.017329 200 197 1000 1014 2 1000 1000 0 5
0.166667 0.208871 0.018182 200 202 1000 950 2 1000 1000 0 5
0.166667 0.201626 0.018222 200 202 1000 932 2 1000 1000 0 5
0.166667 0.191283 0.017142 200 190 1000 1026 2 1000 1000 0 5
0.166667 0.214928 0.017341 200 205 1000 1015 2 1000 1000 0 5
0.166667 0.179893 0.016913 200 181 1000 980 2 1000 1000 0 5
0.166667 0.207667 0.017610 200 181 1000 1019 2 1000 1000 0 5
0.166667 0.212788 0.017837 200 197 1000 992 2 1000 1000 0 5
0.166667 0.190832 0.017587 200 207 1000 965 2 1000 1000 0 5
0.166667 0.170937 0.017639 200 196 1000 989 2 1000 1000 0 5
0.166667 0.218145 0.018150 200 223 1000 981 2 1000 1000 0 5
0.166667 0.176206 0.017091 200 192 1000 1021 2 1000 1000 0 5
0.166667 0.221275 0.018249 200 217 1000 988 2 1000 1000 0 5
0.166667 0.180524 0.017201 200 201 1000 979 2 1000 1000 0 5
0.166667 0.193301 0.018352 200 169 1000 1001 2 1000 1000 0 5
0.166667 0.227991 0.017439 200 235 1000 1039 2 1000 1000 0 5
0.166667 0.196690 0.017439 200 201 1000 1004 2 1000 1000 0 5
0.166667 0.183973 0.016945 200 210 1000 975 2 1000 1000 0 5
0.166667 0.183733 0.017462 200 203 1000 976 2 1000 1000 0 5
0.166667 0.169677 0.017229 200 195 1000 1032 2 1000 1000 0 5
0.166667 0.205942 0.017617 200 205 1000 974 2 1000 1000 0 5
0.166667 0.237632 0.017907 200 233 1000 1005 2 1000 1000 0 5
0.166667 0.177174 0.017039 200 216 1000 1018 2 1000 1000 0 5
0.166667 0.230289 0.017349 200 220 1000 989 2 1000 1000 0 5
0.166667 0.192273 0.017110 200 178 1000 1011 2 1000 1000 0 5
0.166667 0.207968 0.017724 200 199 1000 992 2 1000 1000 0 5
0.166667 0.187797 0.017151 200 195 1000 989 2 1000 1000 0 5
0.166667 0.174576 0.016939 200 193 1000 1009 2 1000 1000 0 5
0.166667 0.203899 0.017214 200 219 1000 1019 2 1000 1000 0 5
0.166667 0.167349 0.016982 200 197 1000 992 2 1000 1000 0 5
0.166667 0.175192 0.016890 200 194 1000 1016 2 1000 1000 0 5
0.166667 0.196363 0.017202 200 191 1000 999 2 1000 1000 0 5
0.166667 0.181219 0.017598 200 211 1000 975 2 1000 1000 0 5
0.166667 0.180459 0.017581 200 212 1000 1011 2 1000 1000 0 5
0.166667 0.199505 0.017600 200 215 1000 1011 2 1000 1000 0 5
0.166667 0.157904 0.016259 200 174 1000 1046 2 1000 1000 0 5
0.166667 0.175394 0.017701 200 201 1000 997 2 1000 1000 0 5
0.166667 0.199789 0.017761 200 217 1000 953 2 1000 1000 0 5
0.166667 0.191123 0.017648 200 202 1000 992 2 1000 1000 0 5
0.166667 0.189208 0.016950 200 195 1000 1052 2 1000 1000 0 5
0.166667 0.211168 0.017131 200 213 1000 1026 2 1000 1000 0 5
0.166667 0.194370 0.016452 200 220 1000 1045 2 1000 1000 0 5
0.166667 0.184819 0.017541 200 189 1000 1006 2 1000 1000 0 5
0.166667 0.190259 0.018768 200 185 1000 942 2 1000 1000 0 5
0.166667 0.136056 0.016705 200 193 1000 1019 2 1000 1000 0 5
0.166667 0.192280 0.017718 200 205 1000 1002 2 1000 1000 0 5
0.166667 0.182903 0.017430 200 176 1000 990 2 1000 1000 0 5
0.166667 0.214672 0.017507 200 208 1000 1041 2 1000 1000 0 5
0.166667 0.186412 0.017769 200 187 1000 1026 2 1000 1000 0 5
0.166667 0.187573 0.017496 200 203 1000 1034 2 1000 1000 0 5
0.166667 0.198077 0.017170 200 202 1000 1007 2 1000 1000 0 5
0.166667 0.173284 0.016912 200 206 1000 1051 2 1000 1000 0 5
0.166667 0.187022 0.017879 200 209 1000 986 2 1000 1000 0 5
0.166667 0.184901 0.017384 200 188 1000 1039 2 1000 1000 0 5
0.166667 0.219852 0.017375 200 214 1000 1064 2 1000 1000 0 5
0.166667 0.190354 0.016886 200 207 1000 1050 2 1000 1000 0 5
0.166667 0.236499 0.018082 200 208 1000 984 2 1000 1000 0 5
0.166667 0.222223 0.016922 200 217 1000 1038 2 1000 1000 0 5
0.166667 0.176198 0.016776 200 204 1000 1028 2 1000 1000 0 5
0.166667 0.161196 0.017097 200 194 1000 1014 2 1000 1000 0 5
0.166667 0.220393 0.018355 200 207 1000 1000 2 1000 1000 0 5
0.166667 0.205336 0.018235 200 195 1000 914 2 1000 1000 0 5
0.166667 0.216952 0.017343 200 195 1000 994 2 1000 1000 0 5
0.166667 0.172331 0.017671 200 176 1000 977 2 1000 1000 0 5
0.166667 0.198732 0.017272 200 226 1000 1027 2 1000 1000 0 5
0.166667 0.232672 0.017603 200 224 1000 997 2 1000 1000 0 5
0.166667 0.181731 0.017504 200 208 1000 1012 2 1000 1000 0 5
0.166667 0.177550 0.017654 200 209 1000 1007 2 1000 1000 0 5
0.166667 0.184357 0.016662 200 194 1000 1032 2 1000 1000 0 5
0.166667 0.219699 0.017928 200 209 1000 936 2 1000 1000 0 5
0.166667 0.196859 0.017524 200 190 1000 1001 2 1000 1000 0 5
0.166667 0.211141 0.017754 200 203 1000 974 2 1000 1000 0 5
0.166667 0.182428 0.016821 200 197 1000 1039 2 1000 1000 0 5
0.166667 0.174819 0.017292 200 196 1000 994 2 1000 1000 0 5
0.166667 0.178685 0.017775 200 209 1000 992 2 1000 1000 0 5
0.166667 0.184999 0.017005 200 214 1000 1007 2 1000 1000 0 5
0.166667 0.201824 0.017559 200 179 1000 984 2 1000 1000 0 5
0.166667 0.213051 0.017415 200 189 1000 1032 2 1000 1000 0 5
0.166667 0.222900 0.017022 200 220 1000 1021 2 1000 1000 0 5
0.166667 0.174560 0.017479 200 199 1000 1008 2 1000 1000 0 5
0.166667 0.193447 0.017494 200 224 1000 970 2 1000 1000 0 5
0.166667 0.197155 0.018095 200 205 1000 997 2 1000 1000 0 5
0.166667 0.175167 0.017205 200 203 1000 1012 2 1000 1000 0 5
0.166667 0.189110 0.017310 200 213 1000 1030 2 1000 1000 0 5
0.166667 0.177533 0.016926 200 162 1000 1023 2 1000 1000 0 5
0.166667 0.194042 0.017988 200 190 1000 972 2 1000 1000 0 5
0.166667 0.198046 0.017209 200 206 1000 994 2 1000 1000 0 5
0.166667 0.207146 0.018001 200 215 1000 955 2 1000 1000 0 5
0.166667 0.159870 0.016804 200 213 1000 1032 2 1000 1000 0 5
0.166667 0.173573 0.016934 200 194 1000 1060 2 1000 1000 0 5
0.166667 0.203603 0.017407 200 205 1000 1026 2 1000 1000 0 5
0.166667 0.233904 0.017309 200 196 1000 985 2 1000 1000 0 5
0.166667 0.222769 0.017676 200 225 1000 970 2 1000 1000 0 5
0.166667 0.196322 0.018067 200 187 1000 969 2 1000 1000 0 5
0.166667 0.199691 0.017650 200 171 1000 977 2 1000 1000 0 5
0.166667 0.216688 0.017632 200 216 1000 983 2 1000 1000 0 5
0.166667 0.145374 0.016676 200 168 1000 1028 2 1000 1000 0 5
0.166667 0.242385 0.017763 200 211 1000 988 2 1000 1000 0 5
0.166667 0.198984 0.017471 200 183 1000 991 2 1000 1000 0 5
0.166667 0.176621 0.017484 200 211 1000 1019 2 1000 1000 0 5
0.166667 0.196907 0.017112 200 200 1000 999 2 1000 1000 0 5
0.166667 0.223909 0.018589 200 192 1000 910 2 1000 1000 0 5
0.166667 0.213784 0.018558 200 233 1000 943 2 1000 1000 0 5
0.166667 0.162234 0.017245 200 191 1000 940 2 1000 1000 0 5
0.166667 0.167500 0.016893 200 164 1000 967 2 1000 1000 0 5
0.166667 0.219137 0.017397 200 215 1000 980 2 1000 1000 0 5
0.166667 0.201541 0.017550 200 200 1000 1021 2 1000 1000 0 5
0.166667 0.180575 0.017424 200 195 1000 1011 2 1000 1000 0 5
0.166667 0.229869 0.017387 200 209 1000 1049 2 1000 1000 0 5
0.166667 0.225357 0.017767 200 230 1000 1043 2 1000 1000 0 5
0.166667 0.184810 0.016735 200 203 1000 1024 2 1000 1000 0 5
0.166667 0.184126 0.018224 200 213 1000 957 2 1000 1000 0 5
0.166667 0.210688 0.017306 200 209 1000 978 2 1000 1000 0 5
0.166667 0.191269 0.017920 200 208 1000 949 2 1000 1000 0 5
0.166667 0.217022 0.017817 200 237 1000 991 2 1000 1000 0 5
0.166667 0.215236 0.017893 200 214 1000 967 2 1000 1000 0 5
0.166667 0.180228 0.016591 200 190 1000 999 2 1000 1000 0 5
0.166667 0.210313 0.016930 200 214 1000 1064 2 1000 1000 0 5
0.166667 0.178214 0.016837 200 194 1000 1031 2 1000 1000 0 5
0.166667 0.219571 0.018221 200 190 1000 967 2 1000 1000 0 5
0.166667 0.189664 0.017179 200 186 1000 1021 2 1000 1000 0 5
0.166667 0.237541 0.017676 200 225 1000 1033 2 1000 1000 0 5
0.166667 0.225371 0.018435 200 207 1000 957 2 1000 1000 0 5
0.166667 0.189202 0.018177 200 211 1000 966 2 1000 1000 0 5
0.166667 0.194013 0.017566 200 208 1000 966 2 1000 1000 0 5
0.166667 0.180395 0.016969 200 207 1000 1020 2 1000 1000 0 5
0.166667 0.211226 0.017528 200 216 1000 1005 2 1000 1000 0 5
0.166667 0.202925 0.017255 200 195 1000 1025 2 1000 1000 0 5
0.166667 0.167314 0.016727 200 190 1000 1007 2 1000 1000 0 5
0.166667 0.191661 0.017197 200 190 1000 949 2 1000 1000 0 5
0.166667 0.194393 0.016753 200 201 1000 1008 2 1000 1000 0 5
0.166667 0.201630 0.017738 200 202 1000 1010 2 1000 1000 0 5
0.166667 0.151032 0.016604 200 191 1000 1062 2 1000 1000 0 5
0.166667 0.209003 0.017922 200 216 1000 989 2 1000 1000 0 5
0.166667 0.212478 0.017573 200 221 1000 987 2 1000 1000 0 5
0.166667 0.192973 0.017627 200 205 1000 1005 2 1000 1000 0 5
0.166667 0.188908 0.017267 200 199 1000 1009 2 1000 1000 0 5
0.166667 0.168671 0.017965 200 233 1000 1046 2 1000 1000 0 5
0.166667 0.192880 0.016770 200 201 1000 1014 2 1000 1000 0 5
0.166667 0.237860 0.017386 200 207 1000 1009 2 1000 1000 0 5
0.166667 0.196585 0.017027 200 204 1000 971 2 1000 1000 0 5
