0.166667 0.153532 0.015320 200 199 1000 990 1000 1000 0 10
0.166667 0.182979 0.015706 200 190 1000 924 1000 1000 0 10
0.166667 0.187924 0.015505 200 217 1000 1021 1000 1000 0 10
0.166667 0.188123 0.014388 200 203 1000 1033 1000 1000 0 10
0.166667 0.205730 0.015354 200 208 1000 997 1000 1000 0 10
0.166667 0.197639 0.015856 200 215 1000 949 1000 1000 0 10
0.166667 0.168419 0.015483 200 183 1000 939 1000 1000 0 10
0.166667 0.170855 0.014735 200 219 1000 1011 1000 1000 0 10
0.166667 0.195458 0.015678 200 211 1000 973 1000 1000 0 10
0.166667 0.180309 0.014971 200 210 1000 1016 1000 1000 0 10
0.166667 0.174742 0.014542 200 201 1000 1037 1000 1000 0 10
0.166667 0.170633 0.014397 200 215 1000 1026 1000 1000 0 10
0.166667 0.178642 0.015516 200 196 1000 1002 1000 1000 0 10
0.166667 0.178410 0.014840 200 189 1000 1013 1000 1000 0 10
0.166667 0.183650 0.014687 200 206 1000 991 1000 1000 0 10
0.166667 0.184490 0.015010 200 200 1000 1049 1000 1000 0 10
0.166667 0.140903 0.014449 200 183 1000 991 1000 1000 0 10
0.166667 0.176430 0.015719 200 199 1000 938 1000 1000 0 10
0.166667 0.184033 0.014284 200 201 1000 1061 1000 1000 0 10
0.166667 0.169781 0.014770 200 197 1000 1004 1000 1000 0 10
0.166667 0.165020 0.014410 200 202 1000 1019 1000 1000 0 10
0.166667 0.187627 0.015008 200 196 1000 988 1000 1000 0 10
0.166667 0.175000 0.014186 200 200 1000 1059 1000 1000 0 10
0.166667 0.155913 0.014962 200 177 1000 998 1000 1000 0 10
0.166667 0.191266 0.015326 200 212 1000 984 1000 1000 0 10
0.166667 0.160403 0.014694 200 209 1000 1019 1000 1000 0 10
0.166667 0.180869 0.014508 200 178 1000 981 1000 1000 0 10
0.166667 0.196846 0.015390 200 185 1000 959 1000 1000 0 10
0.166667 0.177628 0.014936 200 219 1000 991 1000 1000 0 10
0.166667 0.189192 0.014456 200 216 1000 1020 1000 1000 0 10
0.166667 0.173393 0.014818 200 193 1000 979 1000 1000 0 10
0.166667 0.166809 0.014950 200 207 1000 1029 1000 1000 0 10
0.166667 0.142567 0.014218 200 198 1000 1064 1000 1000 0 10
0.166667 0.154941 0.014233 200 210 1000 1035 1000 1000 0 10
0.166667 0.202551 0.015062 200 198 1000 1014 1000 1000 0 10
0.166667 0.187573 0.015417 200 197 1000 998 1000 1000 0 10
0.166667 0.179897 0.014618 200 182 1000 988 1000 1000 0 10
0.166667 0.136963 0.014282 200 185 1000 1072 1000 1000 0 10
0.166667 0.178401 0.014985 200 197 1000 994 1000 1000 0 10
0.166667 0.160543 0.015640 200 187 1000 995 1000 1000 0 10
0.166667 0.175373 0.015893 200 174 1000 961 1000 1000 0 10
0.166667 0.164754 0.014937 200 203 1000 996 1000 1000 0 10
0.166667 0.148166 0.014452 200 195 1000 1041 1000 1000 0 10
0.166667 0.172844 0.014302 200 197 1000 1028 1000 1000 0 10
0.166667 0.152969 0.014635 200 179 1000 1002 1000 1000 0 10
0.166667 0.148308 0.014320 200 184 1000 992 1000 1000 0 10
0.166667 0.183086 0.015064 200 210 1000 990 1000 1000 0 10
0.166667 0.144408 0.014723 200 173 1000 1005 1000 1000 0 10
0.166667 0.212049 0.015510 200 219 1000 1010 1000 1000 0 10
0.166667 0.154141 0.014221 200 186 1000 1061 1000 1000 0 10
0.166667 0.172711 0.014596 200 200 1000 999 1000 1000 0 10
0.166667 0.184425 0.015248 200 212 1000 995 1000 1000 0 10
0.166667 0.153866 0.014449 200 177 1000 1034 1000 1000 0 10
0.166667 0.130737 0.014546 200 182 1000 1000 1000 1000 0 10
0.166667 0.149502 0.014337 200 202 1000 1064 1000 1000 0 10
0.166667 0.162434 0.014903 200 203 1000 1008 1000 1000 0 10
0.166667 0.172140 0.014668 200 191 1000 1006 1000 1000 0 10
0.166667 0.171798 0.014950 200 181 1000 1006 1000 1000 0 10
0.166667 0.167549 0.015693 200 214 1000 903 1000 1000 0 10
0.166667 0.161181 0.015090 200 206 1000 967 1000 1000 0 10
0.166667 0.174077 0.015049 200 196 1000 1000 1000 1000 0 10
0.166667 0.180001 0.015338 200 210 1000 959 1000 1000 0 10
0.166667 0.168441 0.014679 200 193 1000 1009 1000 1000 0 10
0.166667 0.181637 0.014979 200 204 1000 991 1000 1000 0 10
0.166667 0.160390 0.014488 200 185 1000 993 1000 1000 0 10
0.166667 0.185214 0.015111 200 202 1000 979 1000 1000 0 10
0.166667 0.166230 0.015046 200 183 1000 993 1000 1000 0 10
0.166667 0.220713 0.015716 200 234 1000 942 1000 1000 0 10
0.166667 0.144236 0.014398 200 209 1000 1077 1000 1000 0 10
0.166667 0.207506 0.015925 200 197 1000 983 1000 1000 0 10
0.166667 0.189017 0.014649 200 219 1000 1024 1000 1000 0 10
0.166667 0.160021 0.014652 200 173 1000 998 1000 1000 0 10
0.166667 0.171125 0.014428 200 217 1000 1073 1000 1000 0 10
0.166667 0.172812 0.015099 200 208 1000 967 1000 1000 0 10
0.166667 0.189322 0.015830 200 222 1000 946 1000 1000 0 10
0.166667 0.145758 0.014959 200 178 1000 956 1000 1000 0 10
0.166667 0.181039 0.014776 200 203 1000 1019 1000 1000 0 10
0.166667 0.191512 0.014512 200 210 1000 1039 1000 1000 0 10
0.166667 0.177421 0.014430 200 193 1000 1000 1000 1000 0 10
0.166667 0.193014 0.014401 200 211 1000 1047 1000 1000 0 10
0.166667 0.181145 0.014890 200 193 1000 992 1000 1000 0 10
0.166667 0.186432 0.015488 200 198 1000 989 1000 1000 0 10
0.166667 0.163230 0.015274 200 175 1000 959 1000 1000 0 10
0.166667 0.179792 0.015641 200 189 1000 938 1000 1000 0 10
0.166667 0.199262 0.015326 200 226 1000 1019 1000 1000 0 10
0.166667 0.163222 0.014890 200 192 1000 979 1000 1000 0 10
0.166667 0.155309 0.015235 200 200 1000 1009 1000 1000 0 10
0.166667 0.173840 0.014935 200 207 1000 979 1000 1000 0 10
0.166667 0.202054 0.015361 200 215 1000 979 1000 1000 0 10
0.166667 0.193401 0.015632 200 205 1000 931 1000 1000 0 10
0.166667 0.164175 0.014257 200 189 1000 1042 1000 1000 0 10
0.166667 0.191315 0.015202 200 191 1000 962 1000 1000 0 10
0.166667 0.149521 0.015274 200 186 1000 983 1000 1000 0 10
0.166667 0.203216 0.014833 200 222 1000 1017 1000 1000 0 10
0.166667 0.170791 0.014728 200 179 1000 981 1000 1000 0 10
0.166667 0.161290 0.014313 200 199 1000 1046 1000 1000 0 10
0.166667 0.161239 0.014739 200 188 1000 984 1000 1000 0 10
0.166667 0.169802 0.014769 200 194 1000 1012 1000 1000 0 10
0.166667 0.170656 0.014127 200 199 1000 1038 1000 1000 0 10
0.166667 0.164285 0.014189 200 220 1000 1068 1000 1000 0 10
0.166667 0.168271 0.014919 200 191 1000 999 1000 1000 0 10
0.166667 0.146166 0.014763 200 204 1000 1049 1000 1000 0 10
0.166667 0.158293 0.014349 200 170 1000 1055 1000 1000 0 10
0.166667 0.196374 0.015396 200 183 1000 977 1000 1000 0 10
0.166667 0.161354 0.015312 200 191 1000 951 1000 1000 0 10
0.166667 0.154910 0.014839 200 194 1000 993 1000 1000 0 10
0.166667 0.176795 0.015635 200 194 1000 965 1000 1000 0 10
0.166667 0.158927 0.014821 200 189 1000 1008 1000 1000 0 10
0.166667 0.192695 0.015029 200 200 1000 1020 1000 1000 0 10
0.166667 0.166429 0.014917 200 197 1000 1019 1000 1000 0 10
0.166667 0.187189 0.014949 200 220 1000 1007 1000 1000 0 10
0.166667 0.191416 0.014747 200 211 1000 987 1000 1000 0 10
0.166667 0.169177 0.015166 200 197 1000 1004 1000 1000 0 10
0.166667 0.183831 0.014969 200 207 1000 983 1000 1000 0 10
0.166667 0.154481 0.014696 200 195 1000 995 1000 1000 0 10
0.166667 0.160973 0.014473 200 190 1000 1012 1000 1000 0 10
0.166667 0.170399 0.015125 200 198 1000 1013 1000 1000 0 10
0.166667 0.185691 0.015018 200 186 1000 969 1000 1000 0 10
0.166667 0.170352 0.014567 200 209 1000 1045 1000 1000 0 10
0.166667 0.158013 0.015091 200 210 1000 1015 1000 1000 0 10
0.166667 0.171013 0.015222 200 194 1000 971 1000 1000 0 10
0.166667 0.188863 0.015370 200 192 1000 977 1000 1000 0 10
0.166667 0.170991 0.014871 200 186 1000 981 1000 1000 0 10
0.166667 0.167123 0.015161 200 194 1000 991 1000 1000 0 10
0.166667 0.177193 0.014325 200 213 1000 1061 1000 1000 0 10
0.166667 0.162458 0.014108 200 215 1000 1060 1000 1000 0 10
0.166667 0.163507 0.014313 200 186 1000 1052 1000 1000 0 10
0.166667 0.184999 0.014658 200 209 1000 1052 1000 1000 0 10
0.166667 0.147743 0.014301 200 198 1000 1019 1000 1000 0 10
0.166667 0.182999 0.015552 200 201 1000 973 1000 1000 0 10
0.166667 0.163111 0.014892 200 184 1000 1017 1000 1000 0 10
0.166667 0.189530 0.015488 200 197 1000 941 1000 1000 0 10
0.166667 0.134899 0.014908 200 174 1000 999 1000 1000 0 10
0.166667 0.183675 0.014481 200 192 1000 1037 1000 1000 0 10
0.166667 0.186075 0.015126 200 207 1000 985 1000 1000 0 10
0.166667 0.196626 0.015451 200 216 1000 949 1000 1000 0 10
0.166667 0.173550 0.014992 200 200 1000 984 1000 1000 0 10
0.166667 0.177774 0.015039 200 194 1000 1019 1000 1000 0 10
0.166667 0.139099 0.013892 200 187 1000 1033 1000 1000 0 10
0.166667 0.175449 0.015435 200 195 1000 917 1000 1000 0 10
0.166667 0.161001 0.014751 200 179 1000 973 1000 1000 0 10
0.166667 0.181016 0.015196 200 216 1000 986 1000 1000 0 10
0.166667 0.170163 0.014820 200 210 1000 990 1000 1000 0 10
0.166667 0.140382 0.014700 200 178 1000 994 1000 1000 0 10
0.166667 0.173507 0.014970 200 193 1000 991 1000 1000 0 10
0.166667 0.204215 0.015496 200 219 1000 956 1000 1000 0 10
0.166667 0.142159 0.014092 200 190 1000 1063 1000 1000 0 10
0.166667 0.174025 0.014828 200 207 1000 994 1000 1000 0 10
0.166667 0.173975 0.014662 200 200 1000 1037 1000 1000 0 10
0.166667 0.181503 0.015335 200 209 1000 1015 1000 1000 0 10
0.166667 0.228473 0.015376 200 219 1000 980 1000 1000 0 10
0.166667 0.142029 0.014726 200 169 1000 963 1000 1000 0 10
0.166667 0.180882 0.014501 200 221 1000 1040 1000 1000 0 10
0.166667 0.163730 0.015226 200 191 1000 984 1000 1000 0 10
0.166667 0.180764 0.015025 200 217 1000 959 1000 1000 0 10
0.166667 0.167350 0.015560 200 199 1000 962 1000 1000 0 10
0.166667 0.135564 0.014754 200 186 1000 998 1000 1000 0 10
0.166667 0.183291 0.015289 200 188 1000 999 1000 1000 0 10
0.166667 0.165322 0.014807 200 191 1000 991 1000 1000 0 10
0.166667 0.152679 0.015050 200 187 1000 988 1000 1000 0 10
0.166667 0.177376 0.015109 200 200 1000 1006 1000 1000 0 10
0.166667 0.188095 0.015537 200 221 1000 980 1000 1000 0 10
0.166667 0.151402 0.014472 200 182 1000 979 1000 1000 0 10
0.166667 0.198323 0.015514 200 235 1000 967 1000 1000 0 10
0.166667 0.156170 0.014683 200 175 1000 1023 1000 1000 0 10
0.166667 0.169468 0.014898 200 209 1000 986 1000 1000 0 10
0.166667 0.150642 0.014092 200 200 1000 1088 1000 1000 0 10
0.166667 0.174307 0.015693 200 194 1000 939 1000 1000 0 10
0.166667 0.154673 0.015294 200 193 1000 1015 1000 1000 0 10
0.166667 0.184141 0.015466 200 222 1000 962 1000 1000 0 10
0.166667 0.182604 0.014906 200 217 1000 1005 1000 1000 0 10
0.166667 0.165040 0.014124 200 204 1000 1037 1000 1000 0 10
0.166667 0.190872 0.014625 200 208 1000 999 1000 1000 0 10
0.166667 0.151034 0.014526 200 183 1000 1003 1000 1000 0 10
0.166667 0.188576 0.014933 200 214 1000 1002 1000 1000 0 10
0.166667 0.175340 0.015217 200 196 1000 955 1000 1000 0 10
0.166667 0.197840 0.015218 200 199 1000 949 1000 1000 0 10
0.166667 0.181916 0.014885 200 219 1000 987 1000 1000 0 10
0.166667 0.176101 0.015259 200 213 1000 949 1000 1000 0 10
0.166667 0.136703 0.014537 200 174 1000 1009 1000 1000 0 10
0.166667 0.171825 0.014758 200 196 1000 1057 1000 1000 0 10
0.166667 0.208959 0.015100 200 183 1000 1004 1000 1000 0 10
0.166667 0.184633 0.015232 200 208 1000 972 1000 1000 0 10
0.166667 0.174980 0.014810 200 206 1000 980 1000 1000 0 10
0.166667 0.174642 0.014468 200 193 1000 1023 1000 1000 0 10
0.166667 0.186244 0.015042 200 201 1000 1006 1000 1000 0 10
0.166667 0.186375 0.014778 200 206 1000 1001 1000 1000 0 10
0.166667 0.184854 0.014466 200 224 1000 1033 1000 1000 0 10
0.166667 0.173696 0.014803 200 220 1000 1024 1000 1000 0 10
0.166667 0.177431 0.014702 200 194 1000 1002 1000 1000 0 10
0.166667 0.176161 0.014983 200 204 1000 1043 1000 1000 0 10
0.166667 0.158853 0.014707 200 189 1000 1030 1000 1000 0 10
0.166667 0.180201 0.015166 200 218 1000 1009 1000 1000 0 10
0.166667 0.188200 0.015006 200 217 1000 993 1000 1000 0 10
0.166667 0.192890 0.015329 200 185 1000 1000 1000 1000 0 10
0.166667 0.173345 0.014925 200 200 1000 982 1000 1000 0 10
0.166667 0.144842 0.014626 200 193 1000 1013 1000 1000 0 10
0.166667 0.174603 0.015067 200 196 1000 1011 1000 1000 0 10
0.166667 0.205406 0.015221 200 218 1000 1002 1000 1000 0 10
0.166667 0.132107 0.015054 200 198 1000 1014 1000 1000 0 10
0.166667 0.174994 0.014553 200 206 1000 1027 1000 1000 0 10
0.166667 0.173673 0.015089 200 208 1000 963 1000 1000 0 10
0.166667 0.166573 0.015199 200 187 1000 947 1000 1000 0 10
0.166667 0.177217 0.015140 200 195 1000 1018 1000 1000 0 10
0.166667 0.179237 0.014923 200 216 1000 978 1000 1000 0 10
0.166667 0.171295 0.014842 200 217 1000 1038 1000 1000 0 10
0.166667 0.149375 0.014920 200 203 1000 965 1000 1000 0 10
0.166667 0.155751 0.015035 200 198 1000 1036 1000 1000 0 10
0.166667 0.182391 0.014466 200 208 1000 1021 1000 1000 0 10
0.166667 0.165230 0.014721 200 185 1000 998 1000 1000 0 10
0.166667 0.217573 0.015615 200 214 1000 933 1000 1000 0 10
0.166667 0.167921 0.014957 200 181 1000 982 1000 1000 0 10
0.166667 0.166194 0.015469 200 210 1000 1010 1000 1000 0 10
0.166667 0.205451 0.015523 200 237 1000 988 1000 1000 0 10
0.166667 0.166655 0.014712 200 180 1000 1029 1000 1000 0 10
0.166667 0.159410 0.014100 200 185 1000 1048 1000 1000 0 10
0.166667 0.189994 0.015473 200 182 1000 998 1000 1000 0 10
0.166667 0.167627 0.014682 200 187 1000 1008 1000 1000 0 10
0.166667 0.187703 0.015254 200 192 1000 955 1000 1000 0 10
0.166667 0.168081 0.014249 200 195 1000 1024 1000 1000 0 10
0.166667 0.188919 0.014909 200 198 1000 1051 1000 1000 0 10
0.166667 0.198785 0.014693 200 226 1000 1033 1000 1000 0 10
0.166667 0.187385 0.014972 200 219 1000 1035 1000 1000 0 10
0.166667 0.179673 0.014518 200 211 1000 1002 1000 1000 0 10
0.166667 0.193807 0.014859 200 218 1000 972 1000 1000 0 10
0.166667 0.172411 0.014614 200 195 1000 1023 1000 1000 0 10
0.166667 0.171978 0.014844 200 167 1000 976 1000 1000 0 10
0.166667 0.140575 0.014857 200 174 1000 989 1000 1000 0 10
0.166667 0.163703 0.014432 200 194 1000 1047 1000 1000 0 10
0.166667 0.165048 0.015578 200 204 1000 984 1000 1000 0 10
0.166667 0.178965 0.015872 200 202 1000 932 1000 1000 0 10
0.166667 0.148077 0.014505 200 180 1000 1008 1000 1000 0 10
0.166667 0.176027 0.015109 200 219 1000 992 1000 1000 0 10
0.166667 0.178417 0.015351 200 213 1000 965 1000 1000 0 10
0.166667 0.188656 0.015471 200 220 1000 1021 1000 1000 0 10
0.166667 0.186448 0.015041 200 215 1000 979 1000 1000 0 10
0.166667 0.137698 0.014499 200 192 1000 1052 1000 1000 0 10
0.166667 0.182879 0.015296 200 188 1000 995 1000 1000 0 10
0.166667 0.167061 0.014824 200 207 1000 1027 1000 1000 0 10
0.166667 0.161361 0.014461 200 185 1000 1017 1000 1000 0 10
0.166667 0.127952 0.014315 200 175 1000 1049 1000 1000 0 10
0.166667 0.178456 0.015498 200 211 1000 975 1000 1000 0 10
0.166667 0.167109 0.015156 200 195 1000 1026 1000 1000 0 10
0.166667 0.170941 0.014650 200 219 1000 1005 1000 1000 0 10
0.166667 0.143912 0.014452 200 199 1000 1040 1000 1000 0 10
0.166667 0.167358 0.014452 200 213 1000 1000 1000 1000 0 10
0.166667 0.169516 0.015035 200 196 1000 986 1000 1000 0 10
0.166667 0.199437 0.014603 200 215 1000 1023 1000 1000 0 10
0.166667 0.149524 0.015258 200 188 1000 984 1000 1000 0 10
0.166667 0.184799 0.014506 200 212 1000 1037 1000 1000 0 10
0.166667 0.161586 0.015418 200 183 1000 995 1000 1000 0 10
0.166667 0.157030 0.014288 200 181 1000 989 1000 1000 0 10
0.166667 0.145041 0.014699 200 177 1000 1013 1000 1000 0 10
0.166667 0.201502 0.015500 200 206 1000 971 1000 1000 0 10
0.166667 0.194740 0.014885 200 222 1000 1015 1000 1000 0 10
0.166667 0.171241 0.014236 200 233 1000 1059 1000 1000 0 10
0.166667 0.152444 0.015238 200 202 1000 923 1000 1000 0 10
0.166667 0.151522 0.014002 200 188 1000 1025 1000 1000 0 10
0.166667 0.161351 0.014882 200 197 1000 999 1000 1000 0 10
0.166667 0.153015 0.014192 200 207 1000 1043 1000 1000 0 10
0.166667 0.165835 0.014873 200 177 1000 974 1000 1000 0 10
0.166667 0.179753 0.015727 200 196 1000 989 1000 1000 0 10
0.166667 0.165874 0.015367 200 206 1000 945 1000 1000 0 10
0.166667 0.175576 0.015162 200 188 1000 986 1000 1000 0 10
0.166667 0.191713 0.015222 200 201 1000 1007 1000 1000 0 10
0.166667 0.152469 0.014585 200 199 1000 1034 1000 1000 0 10
0.166667 0.137528 0.015076 200 185 1000 985 1000 1000 0 10
0.166667 0.172428 0.014784 200 196 1000 1023 1000 1000 0 10
0.166667 0.163813 0.014687 200 211 1000 1013 1000 1000 0 10
0.166667 0.197442 0.015497 200 200 1000 976 1000 1000 0 10
0.166667 0.173022 0.015185 200 200 1000 969 1000 1000 0 10
0.166667 0.141779 0.014269 200 176 1000 1079 1000 1000 0 10
0.166667 0.169853 0.014918 200 194 1000 1028 1000 1000 0 10
0.166667 0.166063 0.014882 200 212 1000 987 1000 1000 0 10
0.166667 0.168075 0.014316 200 210 1000 1037 1000 1000 0 10
0.166667 0.154508 0.014161 200 189 1000 1050 1000 1000 0 10
0.166667 0.180582 0.015036 200 196 1000 988 1000 1000 0 10
0.166667 0.181442 0.015270 200 197 1000 969 1000 1000 0 10
0.166667 0.165523 0.014728 200 206 1000 1036 1000 1000 0 10
0.166667 0.158737 0.014488 200 195 1000 1018 1000 1000 0 10
0.166667 0.161672 0.014594 200 192 1000 1021 1000 1000 0 10
0.166667 0.169057 0.015453 200 207 1000 974 1000 1000 0 10
0.166667 0.177120 0.014342 200 210 1000 1031 1000 1000 0 10
0.166667 0.167967 0.015110 200 190 1000 983 1000 1000 0 10
0.166667 0.188428 0.015283 200 202 1000 974 1000 1000 0 10
0.166667 0.154165 0.014724 200 185 1000 1032 1000 1000 0 10
0.166667 0.173169 0.014431 200 211 1000 1016 1000 1000 0 10
0.166667 0.161937 0.014671 200 180 1000 1019 1000 1000 0 10
0.166667 0.158420 0.014513 200 225 1000 1045 1000 1000 0 10
0.166667 0.171105 0.015163 200 185 1000 968 1000 1000 0 10
0.166667 0.199986 0.015488 200 204 1000 936 1000 1000 0 10
0.166667 0.200854 0.015257 200 215 1000 1000 1000 1000 0 10
0.166667 0.178056 0.015643 200 201 1000 971 1000 1000 0 10
0.166667 0.165307 0.014538 200 197 1000 1012 1000 1000 0 10
0.166667 0.186938 0.015273 200 200 1000 982 1000 1000 0 10
0.166667 0.196924 0.015011 200 234 1000 981 1000 1000 0 10
0.166667 0.173423 0.014930 200 199 1000 1050 1000 1000 0 10
0.166667 0.174580 0.014777 200 199 1000 1030 1000 1000 0 10
0.166667 0.165729 0.015085 200 190 1000 970 1000 1000 0 10
0.166667 0.205332 0.014713 200 223 1000 1029 1000 1000 0 10
0.166667 0.197001 0.015380 200 213 1000 946 1000 1000 0 10
0.166667 0.165755 0.014689 200 194 1000 1007 1000 1000 0 10
0.166667 0.175795 0.015027 200 206 1000 987 1000 1000 0 10
0.166667 0.176827 0.015635 200 179 1000 944 1000 1000 0 10
0.166667 0.198438 0.014892 200 199 1000 992 1000 1000 0 10
0.166667 0.216329 0.015270 200 211 1000 979 1000 1000 0 10
0.166667 0.184852 0.014331 200 207 1000 1029 1000 1000 0 10
0.166667 0.151750 0.014360 200 192 1000 1020 1000 1000 0 10
0.166667 0.176874 0.014408 200 213 1000 1070 1000 1000 0 10
0.166667 0.194545 0.014934 200 227 1000 1018 1000 1000 0 10
0.166667 0.179977 0.015143 200 205 1000 1011 1000 1000 0 10
0.166667 0.184767 0.014835 200 218 1000 996 1000 1000 0 10
0.166667 0.210887 0.014828 200 207 1000 1018 1000 1000 0 10
0.166667 0.170207 0.015217 200 201 1000 993 1000 1000 0 10
0.166667 0.170728 0.014766 200 190 1000 1026 1000 1000 0 10
0.166667 0.190914 0.015489 200 221 1000 952 1000 1000 0 10
0.166667 0.194409 0.015145 200 204 1000 992 1000 1000 0 10
0.166667 0.162525 0.014388 200 200 1000 1054 1000 1000 0 10
0.166667 0.198768 0.015490 200 192 1000 909 1000 1000 0 10
0.166667 0.186884 0.014604 200 195 1000 1041 1000 1000 0 10
0.166667 0.188565 0.014762 200 234 1000 1019 1000 1000 0 10
0.166667 0.193159 0.014839 200 210 1000 1008 1000 1000 0 10
0.166667 0.181816 0.014736 200 194 1000 998 1000 1000 0 10
0.166667 0.172561 0.015307 200 194 1000 969 1000 1000 0 10
0.166667 0.208932 0.015691 200 224 1000 967 1000 1000 0 10
0.166667 0.176693 0.014953 200 207 1000 994 1000 1000 0 10
0.166667 0.189006 0.014480 200 182 1000 1039 1000 1000 0 10
0.166667 0.154714 0.014849 200 184 1000 986 1000 1000 0 10
0.166667 0.181702 0.015274 200 175 1000 953 1000 1000 0 10
0.166667 0.161438 0.015078 200 199 1000 982 1000 1000 0 10
0.166667 0.168469 0.014829 200 192 1000 956 1000 1000 0 10
0.166667 0.182595 0.014613 200 207 1000 1010 1000 1000 0 10
0.166667 0.166134 0.015347 200 193 1000 951 1000 1000 0 10
0.166667 0.162142 0.015424 200 211 1000 994 1000 1000 0 10
0.166667 0.182210 0.015015 200 204 1000 979 1000 1000 0 10
0.166667 0.165095 0.014609 200 181 1000 985 1000 1000 0 10
0.166667 0.183854 0.014605 200 191 1000 1014 1000 1000 0 10
0.166667 0.175278 0.014873 200 194 1000 1010 1000 1000 0 10
0.166667 0.179327 0.015036 200 198 1000 983 1000 1000 0 10
0.166667 0.145897 0.013782 200 187 1000 1065 1000 1000 0 10
0.166667 0.192298 0.015198 200 219 1000 990 1000 1000 0 10
0.166667 0.181207 0.015165 200 213 1000 1003 1000 1000 0 10
0.166667 0.166336 0.014618 200 196 1000 965 1000 1000 0 10
0.166667 0.162303 0.015409 200 188 1000 960 1000 1000 0 10
0.166667 0.173726 0.015159 200 205 1000 979 1000 1000 0 10
0.166667 0.168245 0.015906 200 196 1000 921 1000 1000 0 10
0.166667 0.168543 0.014651 200 188 1000 996 1000 1000 0 10
0.166667 0.167899 0.014665 200 204 1000 1057 1000 1000 0 10
0.166667 0.170136 0.014780 200 196 1000 1053 1000 1000 0 10
0.166667 0.187041 0.015009 200 224 1000 1013 1000 1000 0 10
0.166667 0.185048 0.015018 200 223 1000 1057 1000 1000 0 10
0.166667 0.166989 0.014470 200 198 1000 995 1000 1000 0 10
0.166667 0.184792 0.014771 200 225 1000 1040 1000 1000 0 10
0.166667 0.176489 0.014214 200 199 1000 1055 1000 1000 0 10
0.166667 0.161265 0.014223 200 198 1000 1045 1000 1000 0 10
0.166667 0.171428 0.014426 200 208 1000 1071 1000 1000 0 10
0.166667 0.169157 0.014416 200 207 1000 1043 1000 1000 0 10
0.166667 0.156278 0.014696 200 206 1000 1016 1000 1000 0 10
0.166667 0.184278 0.015062 200 188 1000 1017 1000 1000 0 10
0.166667 0.222275 0.015214 200 217 1000 980 1000 1000 0 10
0.166667 0.178553 0.015005 200 180 1000 1000 1000 1000 0 10
0.166667 0.208482 0.014818 200 198 1000 1019 1000 1000 0 10
0.166667 0.180058 0.015130 200 206 1000 963 1000 1000 0 10
0.166667 0.183457 0.014896 200 205 1000 1028 1000 1000 0 10
0.166667 0.182158 0.015443 200 194 1000 997 1000 1000 0 10
0.166667 0.172259 0.015736 200 185 1000 912 1000 1000 0 10
0.166667 0.192517 0.014505 200 195 1000 1026 1000 1000 0 10
0.166667 0.183144 0.014758 200 204 1000 1049 1000 1000 0 10
0.166667 0.154810 0.014980 200 194 1000 965 1000 1000 0 10
0.166667 0.160930 0.015171 200 203 1000 977 1000 1000 0 10
0.166667 0.188555 0.014860 200 216 1000 986 1000 1000 0 10
0.166667 0.173157 0.015143 200 201 1000 1005 1000 1000 0 10
0.166667 0.173207 0.015028 200 183 1000 961 1000 1000 0 10
0.166667 0.140844 0.014859 200 185 1000 988 1000 1000 0 10
0.166667 0.196257 0.015116 200 218 1000 1023 1000 1000 0 10
0.166667 0.157182 0.015011 200 190 1000 1008 1000 1000 0 10
0.166667 0.169924 0.015636 200 219 1000 989 1000 1000 0 10
0.166667 0.232873 0.015374 200 238 1000 993 1000 1000 0 10
0.166667 0.204106 0.015477 200 203 1000 960 1000 1000 0 10
0.166667 0.172382 0.015423 200 206 1000 988 1000 1000 0 10
0.166667 0.154892 0.014599 200 200 1000 998 1000 1000 0 10
0.166667 0.158400 0.014590 200 188 1000 1040 1000 1000 0 10
0.166667 0.152257 0.015047 200 180 1000 961 1000 1000 0 10
0.166667 0.180486 0.015858 200 186 1000 928 1000 1000 0 10
0.166667 0.195923 0.014458 200 225 1000 1016 1000 1000 0 10
0.166667 0.187445 0.015130 200 203 1000 980 1000 1000 0 10
0.166667 0.187472 0.015481 200 205 1000 974 1000 1000 0 10
0.166667 0.183156 0.015276 200 213 1000 985 1000 1000 0 10
0.166667 0.144575 0.014766 200 199 1000 992 1000 1000 0 10
0.166667 0.167493 0.014963 200 199 1000 997 1000 1000 0 10
0.166667 0.165403 0.014662 200 191 1000 984 1000 1000 0 10
0.166667 0.191067 0.015633 200 222 1000 982 1000 1000 0 10
0.166667 0.187389 0.015219 200 190 1000 1009 1000 1000 0 10
0.166667 0.175576 0.015171 200 208 1000 1015 1000 1000 0 10
0.166667 0.163892 0.014299 200 197 1000 1051 1000 1000 0 10
0.166667 0.180815 0.014908 200 188 1000 993 1000 1000 0 10
0.166667 0.177487 0.014372 200 206 1000 1022 1000 1000 0 10
0.166667 0.179651 0.015464 200 212 1000 963 1000 1000 0 10
0.166667 0.170859 0.014972 200 200 1000 965 1000 1000 0 10
0.166667 0.192178 0.015392 200 199 1000 1011 1000 1000 0 10
0.166667 0.196542 0.015351 200 225 1000 1022 1000 1000 0 10
0.166667 0.163051 0.015455 200 205 1000 967 1000 1000 0 10
0.166667 0.181272 0.014668 200 191 1000 989 1000 1000 0 10
0.166667 0.168389 0.015302 200 201 1000 994 1000 1000 0 10
0.166667 0.174628 0.014704 200 210 1000 983 1000 1000 0 10
0.166667 0.176615 0.014618 200 201 1000 1017 1000 1000 0 10
0.166667 0.148415 0.014619 200 192 1000 993 1000 1000 0 10
0.166667 0.186362 0.015107 200 187 1000 1015 1000 1000 0 10
0.166667 0.171642 0.015117 200 224 1000 1006 1000 1000 0 10
0.166667 0.159850 0.014610 200 202 1000 1036 1000 1000 0 10
0.166667 0.195627 0.015787 200 223 1000 954 1000 1000 0 10
0.166667 0.193516 0.015638 200 231 1000 966 1000 1000 0 10
0.166667 0.184249 0.014893 200 222 1000 1016 1000 1000 0 10
0.166667 0.179734 0.015697 200 212 1000 989 1000 1000 0 10
0.166667 0.189832 0.014733 200 198 1000 1009 1000 1000 0 10
0.166667 0.155775 0.014453 200 186 1000 1001 1000 1000 0 10
0.166667 0.142857 0.014735 200 190 1000 1015 1000 1000 0 10
0.166667 0.136349 0.015077 200 167 1000 957 1000 1000 0 10
0.166667 0.171850 0.014804 200 223 1000 996 1000 1000 0 10
0.166667 0.195275 0.014984 200 198 1000 956 1000 1000 0 10
0.166667 0.186416 0.014812 200 203 1000 987 1000 1000 0 10
0.166667 0.200770 0.015871 200 228 1000 944 1000 1000 0 10
0.166667 0.157285 0.014812 200 185 1000 1004 1000 1000 0 10
0.166667 0.159101 0.015704 200 204 1000 982 1000 1000 0 10
0.166667 0.174413 0.015757 200 209 1000 974 1000 1000 0 10
0.166667 0.178971 0.015095 200 190 1000 971 1000 1000 0 10
0.166667 0.165846 0.015571 200 204 1000 954 1000 1000 0 10
0.166667 0.176907 0.015398 200 202 1000 971 1000 1000 0 10
0.166667 0.207983 0.015355 200 212 1000 958 1000 1000 0 10
0.166667 0.168506 0.014322 200 190 1000 1051 1000 1000 0 10
0.166667 0.190471 0.014900 200 192 1000 977 1000 1000 0 10
0.166667 0.181428 0.015064 200 203 1000 964 1000 1000 0 10
0.166667 0.175223 0.014396 200 210 1000 1029 1000 1000 0 10
0.166667 0.171682 0.015083 200 199 1000 1005 1000 1000 0 10
0.166667 0.198861 0.014987 200 202 1000 977 1000 1000 0 10
0.166667 0.163670 0.014668 200 187 1000 992 1000 1000 0 10
0.166667 0.154204 0.014958 200 189 1000 980 1000 1000 0 10
0.166667 0.155729 0.014262 200 193 1000 1038 1000 1000 0 10
0.166667 0.179560 0.014784 200 200 1000 1009 1000 1000 0 10
0.166667 0.156378 0.014929 200 178 1000 958 1000 1000 0 10
0.166667 0.197202 0.015784 200 198 1000 969 1000 1000 0 10
0.166667 0.171098 0.014227 200 199 1000 993 1000 1000 0 10
0.166667 0.159649 0.015039 200 204 1000 999 1000 1000 0 10
0.166667 0.160739 0.014850 200 184 1000 989 1000 1000 0 10
0.166667 0.159370 0.015044 200 199 1000 1019 1000 1000 0 10
0.166667 0.198605 0.014981 200 209 1000 1003 1000 1000 0 10
0.166667 0.190910 0.014474 200 203 1000 1038 1000 1000 0 10
0.166667 0.163673 0.015054 200 198 1000 986 1000 1000 0 10
0.166667 0.178862 0.014586 200 192 1000 1001 1000 1000 0 10
0.166667 0.179666 0.015677 200 203 1000 996 1000 1000 0 10
0.166667 0.201616 0.015066 200 221 1000 997 1000 1000 0 10
0.166667 0.175671 0.015129 200 183 1000 1006 1000 1000 0 10
0.166667 0.206402 0.015409 200 222 1000 984 1000 1000 0 10
0.166667 0.206693 0.015443 200 221 1000 1022 1000 1000 0 10
0.166667 0.161315 0.015027 200 177 1000 990 1000 1000 0 10
0.166667 0.172292 0.014590 200 185 1000 1064 1000 1000 0 10
0.166667 0.177201 0.014900 200 201 1000 990 1000 1000 0 10
0.166667 0.147979 0.014932 200 188 1000 966 1000 1000 0 10
0.166667 0.155907 0.014773 200 184 1000 1009 1000 1000 0 10
0.166667 0.182434 0.014702 200 218 1000 1010 1000 1000 0 10
0.166667 0.169036 0.014346 200 182 1000 1014 1000 1000 0 10
0.166667 0.165755 0.014944 200 202 1000 982 1000 1000 0 10
0.166667 0.124555 0.013912 200 175 1000 1043 1000 1000 0 10
0.166667 0.178042 0.014375 200 204 1000 1043 1000 1000 0 10
0.166667 0.185506 0.014713 200 208 1000 1010 1000 1000 0 10
0.166667 0.202830 0.015734 200 210 1000 999 1000 1000 0 10
0.166667 0.177061 0.015014 200 201 1000 1008 1000 1000 0 10
0.166667 0.152260 0.015198 200 204 1000 962 1000 1000 0 10
0.166667 0.189091 0.015340 200 210 1000 931 1000 1000 0 10
0.166667 0.176584 0.014616 200 197 1000 986 1000 1000 0 10
0.166667 0.214910 0.015105 200 217 1000 996 1000 1000 0 10
0.166667 0.165318 0.015034 200 219 1000 928 1000 1000 0 10
0.166667 0.154499 0.014320 200 190 1000 1026 1000 1000 0 10
0.166667 0.171914 0.015146 200 205 1000 959 1000 1000 0 10
0.166667 0.148144 0.014174 200 184 1000 1022 1000 1000 0 10
0.166667 0.164497 0.014823 200 178 1000 1016 1000 1000 0 10
0.166667 0.154458 0.014902 200 194 1000 974 1000 1000 0 10
0.166667 0.175796 0.014781 200 187 1000 1017 1000 1000 0 10
0.166667 0.163748 0.014892 200 225 1000 1017 1000 1000 0 10
0.166667 0.170636 0.014852 200 194 1000 1006 1000 1000 0 10
0.166667 0.173504 0.015141 200 190 1000 946 1000 1000 0 10
0.166667 0.152985 0.015164 200 184 1000 968 1000 1000 0 10
0.166667 0.193319 0.015399 200 228 1000 934 1000 1000 0 10
0.166667 0.187856 0.015229 200 218 1000 988 1000 1000 0 10
0.166667 0.202476 0.015137 200 199 1000 965 1000 1000 0 10
0.166667 0.182543 0.015062 200 214 1000 1014 1000 1000 0 10
0.166667 0.171853 0.015359 200 195 1000 970 1000 1000 0 10
0.166667 0.159302 0.014939 200 178 1000 992 1000 1000 0 10
0.166667 0.129479 0.014081 200 161 1000 1020 1000 1000 0 10
0.166667 0.169185 0.014971 200 187 1000 1036 1000 1000 0 10
0.166667 0.200421 0.015063 200 203 1000 978 1000 1000 0 10
0.166667 0.169503 0.015121 200 192 1000 1011 1000 1000 0 10
0.166667 0.186796 0.014985 200 201 1000 965 1000 1000 0 10
0.166667 0.159237 0.014800 200 209 1000 1021 1000 1000 0 10
0.166667 0.186653 0.015175 200 212 1000 953 1000 1000 0 10
0.166667 0.149121 0.014899 200 199 1000 1008 1000 1000 0 10
0.166667 0.198710 0.015294 200 234 1000 1005 1000 1000 0 10
0.166667 0.202574 0.015236 200 212 1000 972 1000 1000 0 10
0.166667 0.148252 0.014426 200 196 1000 1025 1000 1000 0 10
0.166667 0.177055 0.014881 200 193 1000 1046 1000 1000 0 10
0.166667 0.179349 0.014843 200 196 1000 1009 1000 1000 0 10
0.166667 0.185988 0.015157 200 201 1000 971 1000 1000 0 10
0.166667 0.174490 0.014556 200 198 1000 1006 1000 1000 0 10
0.166667 0.153704 0.014759 200 183 1000 996 1000 1000 0 10
0.166667 0.214936 0.014850 200 216 1000 1038 1000 1000 0 10
0.166667 0.164634 0.014492 200 182 1000 1035 1000 1000 0 10
0.166667 0.179539 0.015107 200 199 1000 991 1000 1000 0 10
0.166667 0.177553 0.014984 200 193 1000 1026 1000 1000 0 10
0.166667 0.184351 0.014772 200 222 1000 994 1000 1000 0 10
0.166667 0.201572 0.014692 200 215 1000 989 1000 1000 0 10
0.166667 0.171354 0.015026 200 203 1000 1003 1000 1000 0 10
0.166667 0.200296 0.015670 200 234 1000 1014 1000 1000 0 10
0.166667 0.152957 0.015998 200 194 1000 930 1000 1000 0 10
0.166667 0.161523 0.014340 200 187 1000 1005 1000 1000 0 10
0.166667 0.183934 0.014831 200 185 1000 999 1000 1000 0 10
0.166667 0.180866 0.014902 200 229 1000 1015 1000 1000 0 10
0.166667 0.171084 0.014855 200 192 1000 1006 1000 1000 0 10
0.166667 0.180975 0.014726 200 192 1000 966 1000 1000 0 10
0.166667 0.173516 0.015570 200 201 1000 963 1000 1000 0 10
0.166667 0.180983 0.015018 200 194 1000 971 1000 1000 0 10
0.166667 0.206565 0.014624 200 222 1000 1012 1000 1000 0 10
0.166667 0.164640 0.014813 200 201 1000 1038 1000 1000 0 10
0.166667 0.178354 0.014588 200 199 1000 1027 1000 1000 0 10
0.166667 0.156170 0.014766 200 170 1000 1019 1000 1000 0 10
0.166667 0.202838 0.015835 200 226 1000 932 1000 1000 0 10
0.166667 0.179222 0.014819 200 201 1000 1015 1000 1000 0 10
0.166667 0.215199 0.015763 200 211 1000 971 1000 1000 0 10
0.166667 0.176897 0.015144 200 194 1000 967 1000 1000 0 10
0.166667 0.158262 0.015185 200 170 1000 999 1000 1000 0 10
0.166667 0.199642 0.015208 200 205 1000 967 1000 1000 0 10
0.166667 0.163180 0.014745 200 179 1000 1017 1000 1000 0 10
0.166667 0.193696 0.014813 200 209 1000 998 1000 1000 0 10
0.166667 0.165931 0.014869 200 186 1000 1015 1000 1000 0 10
0.166667 0.151789 0.014756 200 192 1000 992 1000 1000 0 10
0.166667 0.163524 0.015239 200 174 1000 991 1000 1000 0 10
0.166667 0.174633 0.014495 200 195 1000 1053 1000 1000 0 10
0.166667 0.167584 0.015024 200 204 1000 1033 1000 1000 0 10
0.166667 0.192817 0.015873 200 204 1000 942 1000 1000 0 10
0.166667 0.172049 0.014612 200 204 1000 1045 1000 1000 0 10
0.166667 0.167901 0.014549 200 199 1000 1020 1000 1000 0 10
0.166667 0.171640 0.014426 200 198 1000 1009 1000 1000 0 10
0.166667 0.177660 0.014890 200 204 1000 1021 1000 1000 0 10
0.166667 0.146541 0.014507 200 176 1000 1015 1000 1000 0 10
0.166667 0.173401 0.015520 200 204 1000 931 1000 1000 0 10
0.166667 0.152913 0.014736 200 173 1000 1021 1000 1000 0 10
0.166667 0.188175 0.014484 200 204 1000 1026 1000 1000 0 10
0.166667 0.153124 0.014905 200 195 1000 981 1000 1000 0 10
0.166667 0.166230 0.014745 200 199 1000 1013 1000 1000 0 10
0.166667 0.187721 0.014827 200 189 1000 989 1000 1000 0 10
0.166667 0.154462 0.014330 200 194 1000 1042 1000 1000 0 10
0.166667 0.152501 0.015373 200 193 1000 941 1000 1000 0 10
0.166667 0.199116 0.014855 200 212 1000 1012 1000 1000 0 10
0.166667 0.166659 0.015208 200 204 1000 971 1000 1000 0 10
0.166667 0.189367 0.015068 200 216 1000 993 1000 1000 0 10
0.166667 0.170985 0.014810 200 195 1000 1000 1000 1000 0 10
0.166667 0.165089 0.014793 200 177 1000 1015 1000 1000 0 10
0.166667 0.133273 0.014517 200 182 1000 1057 1000 1000 0 10
0.166667 0.161143 0.014635 200 215 1000 1022 1000 1000 0 10
0.166667 0.193823 0.014614 200 198 1000 1018 1000 1000 0 10
0.166667 0.195497 0.015236 200 212 1000 1017 1000 1000 0 10
0.166667 0.182505 0.015603 200 201 1000 959 1000 1000 0 10
0.166667 0.200703 0.015273 200 220 1000 1000 1000 1000 0 10
0.166667 0.181335 0.014936 200 192 1000 1030 1000 1000 0 10
0.166667 0.167804 0.014489 200 235 1000 1024 1000 1000 0 10
0.166667 0.201359 0.014826 200 211 1000 993 1000 1000 0 10
0.166667 0.175857 0.014917 200 211 1000 1028 1000 1000 0 10
0.166667 0.178155 0.014944 200 195 1000 962 1000 1000 0 10
0.166667 0.190035 0.014960 200 221 1000 1041 1000 1000 0 10
0.166667 0.181280 0.016014 200 214 1000 950 1000 1000 0 10
0.166667 0.155558 0.014740 200 192 1000 1010 1000 1000 0 10
0.166667 0.142653 0.014653 200 208 1000 1030 1000 1000 0 10
0.166667 0.176549 0.015035 200 175 1000 1017 1000 1000 0 10
0.166667 0.196806 0.015130 200 210 1000 971 1000 1000 0 10
0.166667 0.161365 0.015437 200 191 1000 962 1000 1000 0 10
0.166667 0.187037 0.015327 200 207 1000 961 1000 1000 0 10
0.166667 0.162772 0.015446 200 182 1000 985 1000 1000 0 10
0.166667 0.164968 0.014789 200 181 1000 986 1000 1000 0 10
0.166667 0.152211 0.014210 200 187 1000 1027 1000 1000 0 10
0.166667 0.145054 0.013969 200 175 1000 1068 1000 1000 0 10
0.166667 0.148214 0.014249 200 178 1000 1032 1000 1000 0 10
0.166667 0.178571 0.015580 200 185 1000 960 1000 1000 0 10
0.166667 0.179021 0.014798 200 203 1000 982 1000 1000 0 10
0.166667 0.177601 0.014801 200 207 1000 998 1000 1000 0 10
0.166667 0.170475 0.014326 200 187 1000 1019 1000 1000 0 10
0.166667 0.175726 0.014812 200 206 1000 966 1000 1000 0 10
0.166667 0.178381 0.015461 200 219 1000 959 1000 1000 0 10
0.166667 0.193851 0.014804 200 219 1000 1005 1000 1000 0 10
0.166667 0.172062 0.015100 200 187 1000 957 1000 1000 0 10
0.166667 0.170988 0.015199 200 191 1000 974 1000 1000 0 10
0.166667 0.163307 0.014880 200 230 1000 1041 1000 1000 0 10
0.166667 0.192055 0.015175 200 209 1000 1000 1000 1000 0 10
0.166667 0.214398 0.015727 200 222 1000 972 1000 1000 0 10
0.166667 0.191991 0.015465 200 212 1000 939 1000 1000 0 10
0.166667 0.149448 0.015065 200 186 1000 964 1000 1000 0 10
0.166667 0.178000 0.015580 200 201 1000 980 1000 1000 0 10
0.166667 0.178825 0.015404 200 172 1000 976 1000 1000 0 10
0.166667 0.159933 0.015159 200 192 1000 974 1000 1000 0 10
0.166667 0.157513 0.014470 200 184 1000 985 1000 1000 0 10
0.166667 0.156729 0.014561 200 198 1000 1033 1000 1000 0 10
0.166667 0.159139 0.014403 200 189 1000 1012 1000 1000 0 10
0.166667 0.169610 0.014962 200 217 1000 999 1000 1000 0 10
0.166667 0.161212 0.014782 200 191 1000 983 1000 1000 0 10
0.166667 0.193981 0.015174 200 186 1000 986 1000 1000 0 10
0.166667 0.166209 0.015636 200 189 1000 965 1000 1000 0 10
0.166667 0.192292 0.014871 200 192 1000 994 1000 1000 0 10
0.166667 0.163205 0.014298 200 191 1000 1046 1000 1000 0 10
0.166667 0.186839 0.015352 200 206 1000 990 1000 1000 0 10
0.166667 0.183751 0.015587 200 211 1000 975 1000 1000 0 10
0.166667 0.162794 0.014871 200 183 1000 1011 1000 1000 0 10
0.166667 0.166315 0.014354 200 194 1000 1012 1000 1000 0 10
0.166667 0.178780 0.015007 200 201 1000 997 1000 1000 0 10
0.166667 0.185039 0.015069 200 205 1000 967 1000 1000 0 10
0.166667 0.148703 0.015226 200 203 1000 992 1000 1000 0 10
0.166667 0.178834 0.014753 200 201 1000 1006 1000 1000 0 10
0.166667 0.161516 0.015487 200 183 1000 1008 1000 1000 0 10
0.166667 0.190001 0.014800 200 209 1000 1005 1000 1000 0 10
0.166667 0.186913 0.014853 200 209 1000 1028 1000 1000 0 10
0.166667 0.199215 0.014939 200 198 1000 1043 1000 1000 0 10
0.166667 0.166520 0.014758 200 194 1000 1045 1000 1000 0 10
0.166667 0.175141 0.015251 200 203 1000 979 1000 1000 0 10
0.166667 0.166069 0.014659 200 203 1000 1003 1000 1000 0 10
0.166667 0.169873 0.015395 200 216 1000 961 1000 1000 0 10
0.166667 0.142132 0.014797 200 197 1000 1010 1000 1000 0 10
0.166667 0.186035 0.015386 200 223 1000 985 1000 1000 0 10
0.166667 0.172188 0.014682 200 202 1000 1034 1000 1000 0 10
0.166667 0.187332 0.014901 200 190 1000 1031 1000 1000 0 10
0.166667 0.157132 0.014102 200 203 1000 1079 1000 1000 0 10
0.166667 0.208083 0.015049 200 223 1000 976 1000 1000 0 10
0.166667 0.182122 0.015083 200 218 1000 989 1000 1000 0 10
0.166667 0.185948 0.014604 200 203 1000 980 1000 1000 0 10
0.166667 0.190694 0.015241 200 202 1000 981 1000 1000 0 10
0.166667 0.131144 0.014805 200 181 1000 1003 1000 1000 0 10
0.166667 0.145830 0.015247 200 191 1000 962 1000 1000 0 10
0.166667 0.193333 0.015083 200 194 1000 991 1000 1000 0 10
0.166667 0.184672 0.014382 200 199 1000 1035 1000 1000 0 10
0.166667 0.178497 0.015068 200 200 1000 945 1000 1000 0 10
0.166667 0.179379 0.015421 200 205 1000 981 1000 1000 0 10
0.166667 0.165713 0.014578 200 184 1000 1006 1000 1000 0 10
0.166667 0.169086 0.014432 200 174 1000 1054 1000 1000 0 10
0.166667 0.184474 0.015034 200 200 1000 983 1000 1000 0 10
0.166667 0.153964 0.014643 200 172 1000 978 1000 1000 0 10
0.166667 0.205786 0.015637 200 215 1000 955 1000 1000 0 10
0.166667 0.188840 0.015147 200 197 1000 987 1000 1000 0 10
0.166667 0.204660 0.015587 200 225 1000 988 1000 1000 0 10
0.166667 0.187640 0.014394 200 193 1000 1018 1000 1000 0 10
0.166667 0.188391 0.015007 200 207 1000 1009 1000 1000 0 10
0.166667 0.184656 0.014660 200 227 1000 1007 1000 1000 0 10
0.166667 0.155231 0.015619 200 176 1000 957 1000 1000 0 10
0.166667 0.185014 0.014804 200 188 1000 990 1000 1000 0 10
0.166667 0.199098 0.015463 200 207 1000 984 1000 1000 0 10
0.166667 0.170366 0.015210 200 208 1000 1001 1000 1000 0 10
0.166667 0.157287 0.015225 200 179 1000 955 1000 1000 0 10
0.166667 0.177256 0.015157 200 179 1000 972 1000 1000 0 10
0.166667 0.193865 0.014866 200 212 1000 1024 1000 1000 0 10
0.166667 0.185083 0.014991 200 201 1000 984 1000 1000 0 10
0.166667 0.170928 0.014867 200 192 1000 1009 1000 1000 0 10
0.166667 0.185385 0.015231 200 185 1000 982 1000 1000 0 10
0.166667 0.131749 0.013848 200 165 1000 1030 1000 1000 0 10
0.166667 0.154428 0.015176 200 197 1000 975 1000 1000 0 10
0.166667 0.170837 0.014568 200 207 1000 998 1000 1000 0 10
0.166667 0.171611 0.014776 200 213 1000 1000 1000 1000 0 10
0.166667 0.175947 0.015183 200 213 1000 979 1000 1000 0 10
0.166667 0.181271 0.014253 200 182 1000 1000 1000 1000 0 10
0.166667 0.168953 0.014924 200 173 1000 945 1000 1000 0 10
0.166667 0.151032 0.014872 200 174 1000 984 1000 1000 0 10
0.166667 0.154127 0.014546 200 185 1000 1036 1000 1000 0 10
0.166667 0.171136 0.014938 200 205 1000 997 1000 1000 0 10
0.166667 0.162717 0.014076 200 186 1000 1033 1000 1000 0 10
0.166667 0.149708 0.014512 200 199 1000 1064 1000 1000 0 10
0.166667 0.143026 0.014354 200 193 1000 1016 1000 1000 0 10
0.166667 0.187419 0.015569 200 210 1000 975 1000 1000 0 10
0.166667 0.195562 0.015188 200 203 1000 1014 1000 1000 0 10
0.166667 0.160743 0.013964 200 178 1000 1028 1000 1000 0 10
0.166667 0.191501 0.014636 200 223 1000 1007 1000 1000 0 10
0.166667 0.184580 0.015210 200 213 1000 1033 1000 1000 0 10
0.166667 0.166037 0.015250 200 213 1000 995 1000 1000 0 10
0.166667 0.159651 0.015235 200 201 1000 995 1000 1000 0 10
0.166667 0.156083 0.014309 200 188 1000 1025 1000 1000 0 10
0.166667 0.165153 0.014655 200 187 1000 983 1000 1000 0 10
0.166667 0.173622 0.015018 200 184 1000 967 1000 1000 0 10
0.166667 0.177766 0.015276 200 197 1000 985 1000 1000 0 10
0.166667 0.181756 0.015558 200 210 1000 952 1000 1000 0 10
0.166667 0.172934 0.014972 200 217 1000 1000 1000 1000 0 10
0.166667 0.183632 0.014853 200 180 1000 983 1000 1000 0 10
0.166667 0.168189 0.014438 200 192 1000 1034 1000 1000 0 10
0.166667 0.188642 0.015221 200 221 1000 1015 1000 1000 0 10
0.166667 0.134073 0.014362 200 185 1000 1047 1000 1000 0 10
0.166667 0.181495 0.015176 200 191 1000 993 1000 1000 0 10
0.166667 0.184290 0.014657 200 218 1000 1048 1000 1000 0 10
0.166667 0.161550 0.014500 200 192 1000 990 1000 1000 0 10
0.166667 0.183924 0.015215 200 191 1000 966 1000 1000 0 10
0.166667 0.182515 0.014887 200 188 1000 1000 1000 1000 0 10
0.166667 0.176610 0.014805 200 216 1000 1034 1000 1000 0 10
0.166667 0.198611 0.014689 200 198 1000 1011 1000 1000 0 10
0.166667 0.172338 0.015171 200 202 1000 977 1000 1000 0 10
0.166667 0.146662 0.014023 200 183 1000 1068 1000 1000 0 10
0.166667 0.170606 0.014807 200 200 1000 1009 1000 1000 0 10
0.166667 0.162538 0.014824 200 194 1000 995 1000 1000 0 10
0.166667 0.182777 0.014874 200 214 1000 1058 1000 1000 0 10
0.166667 0.177162 0.014890 200 197 1000 981 1000 1000 0 10
0.166667 0.167423 0.015034 200 212 1000 992 1000 1000 0 10
0.166667 0.180352 0.014626 200 210 1000 1022 1000 1000 0 10
0.166667 0.195781 0.015581 200 200 1000 929 1000 1000 0 10
0.166667 0.176692 0.015455 200 205 1000 1028 1000 1000 0 10
0.166667 0.179002 0.014301 200 196 1000 984 1000 1000 0 10
0.166667 0.196061 0.014999 200 204 1000 1001 1000 1000 0 10
0.166667 0.194205 0.015146 200 210 1000 1009 1000 1000 0 10
0.166667 0.177585 0.015634 200 213 1000 938 1000 1000 0 10
0.166667 0.170485 0.014260 200 200 1000 1035 1000 1000 0 10
0.166667 0.189202 0.015757 200 221 1000 915 1000 1000 0 10
0.166667 0.199715 0.015157 200 195 1000 978 1000 1000 0 10
0.166667 0.191610 0.015322 200 209 1000 992 1000 1000 0 10
0.166667 0.204900 0.015327 200 222 1000 988 1000 1000 0 10
0.166667 0.175410 0.014771 200 195 1000 991 1000 1000 0 10
0.166667 0.159904 0.014581 200 178 1000 1016 1000 1000 0 10
0.166667 0.199034 0.014952 200 197 1000 1010 1000 1000 0 10
0.166667 0.168605 0.014810 200 191 1000 1000 1000 1000 0 10
0.166667 0.171118 0.014563 200 207 1000 1012 1000 1000 0 10
0.166667 0.177538 0.014760 200 197 1000 1034 1000 1000 0 10
0.166667 0.174159 0.015056 200 210 1000 1018 1000 1000 0 10
0.166667 0.186304 0.014792 200 199 1000 972 1000 1000 0 10
0.166667 0.175262 0.015396 200 213 1000 962 1000 1000 0 10
0.166667 0.176691 0.014874 200 209 1000 1006 1000 1000 0 10
0.166667 0.165884 0.015174 200 193 1000 986 1000 1000 0 10
0.166667 0.172067 0.014883 200 207 1000 977 1000 1000 0 10
0.166667 0.147051 0.014561 200 205 1000 1044 1000 1000 0 10
0.166667 0.155470 0.015593 200 198 1000 959 1000 1000 0 10
0.166667 0.195581 0.015483 200 214 1000 972 1000 1000 0 10
0.166667 0.192810 0.014927 200 193 1000 952 1000 1000 0 10
0.166667 0.149544 0.014585 200 197 1000 1044 1000 1000 0 10
0.166667 0.186747 0.015199 200 214 1000 980 1000 1000 0 10
0.166667 0.184689 0.014635 200 202 1000 1067 1000 1000 0 10
0.166667 0.186381 0.014860 200 213 1000 1010 1000 1000 0 10
0.166667 0.147148 0.014333 200 186 1000 1019 1000 1000 0 10
0.166667 0.150696 0.014746 200 197 1000 1034 1000 1000 0 10
0.166667 0.173864 0.015876 200 198 1000 932 1000 1000 0 10
0.166667 0.176748 0.015101 200 191 1000 990 1000 1000 0 10
0.166667 0.205391 0.014578 200 212 1000 1026 1000 1000 0 10
0.166667 0.191955 0.015240 200 224 1000 975 1000 1000 0 10
0.166667 0.183453 0.015874 200 217 1000 946 1000 1000 0 10
0.166667 0.191293 0.015054 200 196 1000 982 1000 1000 0 10
0.166667 0.171434 0.014602 200 195 1000 1059 1000 1000 0 10
0.166667 0.161540 0.015302 200 180 1000 936 1000 1000 0 10
0.166667 0.183684 0.015317 200 200 1000 986 1000 1000 0 10
0.166667 0.177384 0.015112 200 214 1000 994 1000 1000 0 10
0.166667 0.190444 0.015306 200 209 1000 961 1000 1000 0 10
0.166667 0.186609 0.015164 200 214 1000 955 1000 1000 0 10
0.166667 0.193769 0.014923 200 182 1000 1009 1000 1000 0 10
0.166667 0.165390 0.014853 200 196 1000 1036 1000 1000 0 10
0.166667 0.163584 0.014719 200 180 1000 996 1000 1000 0 10
0.166667 0.163903 0.015041 200 191 1000 995 1000 1000 0 10
0.166667 0.192252 0.014537 200 199 1000 1026 1000 1000 0 10
0.166667 0.178106 0.015034 200 197 1000 1006 1000 1000 0 10
0.166667 0.177147 0.014220 200 215 1000 1026 1000 1000 0 10
0.166667 0.151657 0.014554 200 195 1000 1039 1000 1000 0 10
0.166667 0.165915 0.014570 200 200 1000 1038 1000 1000 0 10
0.166667 0.186914 0.015124 200 203 1000 985 1000 1000 0 10
0.166667 0.190411 0.015805 200 191 1000 961 1000 1000 0 10
0.166667 0.189622 0.015366 200 232 1000 1006 1000 1000 0 10
0.166667 0.183981 0.015139 200 222 1000 1023 1000 1000 0 10
0.166667 0.156319 0.014740 200 184 1000 977 1000 1000 0 10
0.166667 0.175156 0.015140 200 219 1000 1012 1000 1000 0 10
0.166667 0.192434 0.015142 200 197 1000 949 1000 1000 0 10
0.166667 0.177871 0.015500 200 205 1000 927 1000 1000 0 10
0.166667 0.172929 0.014654 200 182 1000 1010 1000 1000 0 10
0.166667 0.194573 0.014673 200 220 1000 1020 1000 1000 0 10
0.166667 0.160729 0.015479 200 188 1000 938 1000 1000 0 10
0.166667 0.154036 0.014865 200 197 1000 1038 1000 1000 0 10
0.166667 0.163140 0.015710 200 181 1000 930 1000 1000 0 10
0.166667 0.172097 0.014810 200 202 1000 971 1000 1000 0 10
0.166667 0.189647 0.014838 200 193 1000 1020 1000 1000 0 10
0.166667 0.180362 0.014945 200 234 1000 1046 1000 1000 0 10
0.166667 0.178229 0.014767 200 202 1000 1039 1000 1000 0 10
0.166667 0.179625 0.015308 200 186 1000 1008 1000 1000 0 10
0.166667 0.167115 0.015179 200 186 1000 1009 1000 1000 0 10
0.166667 0.155670 0.014431 200 192 1000 1022 1000 1000 0 10
0.166667 0.195594 0.015116 200 205 1000 1008 1000 1000 0 10
0.166667 0.157990 0.015516 200 180 1000 946 1000 1000 0 10
0.166667 0.161606 0.015203 200 184 1000 993 1000 1000 0 10
0.166667 0.168284 0.014733 200 177 1000 1023 1000 1000 0 10
0.166667 0.185277 0.014916 200 195 1000 1023 1000 1000 0 10
0.166667 0.187990 0.014665 200 190 1000 1040 1000 1000 0 10
0.166667 0.172916 0.015146 200 199 1000 986 1000 1000 0 10
0.166667 0.169682 0.015088 200 209 1000 992 1000 1000 0 10
0.166667 0.173365 0.014824 200 177 1000 983 1000 1000 0 10
0.166667 0.139040 0.014292 200 186 1000 1002 1000 1000 0 10
0.166667 0.172826 0.015248 200 191 1000 941 1000 1000 0 10
0.166667 0.186680 0.014838 200 232 1000 1052 1000 1000 0 10
0.166667 0.172054 0.015340 200 218 1000 996 1000 1000 0 10
0.166667 0.187769 0.015387 200 210 1000 960 1000 1000 0 10
0.166667 0.179706 0.015157 200 197 1000 971 1000 1000 0 10
0.166667 0.155696 0.014715 200 190 1000 1010 1000 1000 0 10
0.166667 0.165626 0.015164 200 198 1000 1010 1000 1000 0 10
0.166667 0.177454 0.014848 200 196 1000 1035 1000 1000 0 10
0.166667 0.160591 0.014261 200 197 1000 1058 1000 1000 0 10
0.166667 0.135075 0.015047 200 184 1000 1000 1000 1000 0 10
0.166667 0.193511 0.015164 200 189 1000 982 1000 1000 0 10
0.166667 0.187554 0.015314 200 193 1000 994 1000 1000 0 10
0.166667 0.161743 0.014872 200 208 1000 1023 1000 1000 0 10
0.166667 0.157105 0.014596 200 214 1000 1023 1000 1000 0 10
0.166667 0.214993 0.015811 200 215 1000 945 1000 1000 0 10
0.166667 0.184366 0.015322 200 191 1000 992 1000 1000 0 10
0.166667 0.166516 0.014574 200 200 1000 1059 1000 1000 0 10
0.166667 0.158054 0.014753 200 169 1000 966 1000 1000 0 10
0.166667 0.158648 0.014550 200 194 1000 1014 1000 1000 0 10
0.166667 0.159339 0.015188 200 190 1000 973 1000 1000 0 10
0.166667 0.178726 0.014844 200 189 1000 975 1000 1000 0 10
0.166667 0.137645 0.014077 200 177 1000 1015 1000 1000 0 10
0.166667 0.184129 0.015525 200 187 1000 978 1000 1000 0 10
0.166667 0.172856 0.015153 200 206 1000 982 1000 1000 0 10
0.166667 0.159230 0.016172 200 188 1000 896 1000 1000 0 10
0.166667 0.158258 0.014670 200 180 1000 966 1000 1000 0 10
0.166667 0.184012 0.015039 200 213 1000 1019 1000 1000 0 10
0.166667 0.200591 0.014661 200 211 1000 1007 1000 1000 0 10
0.166667 0.168020 0.015117 200 185 1000 969 1000 1000 0 10
0.166667 0.184351 0.015216 200 202 1000 962 1000 1000 0 10
0.166667 0.147837 0.014682 200 177 1000 985 1000 1000 0 10
0.166667 0.161726 0.014586 200 196 1000 1017 1000 1000 0 10
0.166667 0.175033 0.014665 200 204 1000 1073 1000 1000 0 10
0.166667 0.133221 0.014638 200 189 1000 993 1000 1000 0 10
0.166667 0.191709 0.015115 200 215 1000 982 1000 1000 0 10
0.166667 0.167897 0.015251 200 195 1000 1006 1000 1000 0 10
0.166667 0.154507 0.015067 200 190 1000 989 1000 1000 0 10
0.166667 0.166831 0.013786 200 197 1000 1025 1000 1000 0 10
0.166667 0.171789 0.014618 200 188 1000 994 1000 1000 0 10
0.166667 0.197025 0.015239 200 224 1000 1023 1000 1000 0 10
0.166667 0.199630 0.015208 200 224 1000 976 1000 1000 0 10
0.166667 0.188888 0.014916 200 199 1000 993 1000 1000 0 10
0.166667 0.193423 0.015726 200 231 1000 951 1000 1000 0 10
0.166667 0.194846 0.015011 200 209 1000 1006 1000 1000 0 10
0.166667 0.171262 0.015219 200 199 1000 979 1000 1000 0 10
0.166667 0.173236 0.015202 200 187 1000 956 1000 1000 0 10
0.166667 0.175249 0.015080 200 208 1000 994 1000 1000 0 10
0.166667 0.179256 0.015537 200 205 1000 932 1000 1000 0 10
0.166667 0.168029 0.015012 200 198 1000 979 1000 1000 0 10
0.166667 0.162693 0.014045 200 203 1000 1064 1000 1000 0 10
0.166667 0.200158 0.015065 200 222 1000 1006 1000 1000 0 10
0.166667 0.180016 0.014603 200 196 1000 1034 1000 1000 0 10
0.166667 0.186407 0.015091 200 198 1000 985 1000 1000 0 10
0.166667 0.204689 0.015063 200 224 1000 978 1000 1000 0 10
0.166667 0.161316 0.014819 200 204 1000 1008 1000 1000 0 10
0.166667 0.194806 0.015283 200 193 1000 958 1000 1000 0 10
0.166667 0.184381 0.015355 200 220 1000 982 1000 1000 0 10
0.166667 0.169892 0.015312 200 205 1000 1002 1000 1000 0 10
0.166667 0.194436 0.015099 200 232 1000 1035 1000 1000 0 10
0.166667 0.191452 0.015049 200 211 1000 960 1000 1000 0 10
0.166667 0.179028 0.014893 200 204 1000 998 1000 1000 0 10
0.166667 0.189478 0.015073 200 226 1000 1000 1000 1000 0 10
0.166667 0.135292 0.014225 200 182 1000 991 1000 1000 0 10
0.166667 0.160588 0.014765 200 194 1000 1037 1000 1000 0 10
0.166667 0.162136 0.014750 200 211 1000 973 1000 1000 0 10
0.166667 0.175257 0.015400 200 193 1000 994 1000 1000 0 10
0.166667 0.188068 0.015132 200 210 1000 992 1000 1000 0 10
0.166667 0.194451 0.015069 200 203 1000 1001 1000 1000 0 10
0.166667 0.176280 0.014683 200 201 1000 965 1000 1000 0 10
0.166667 0.187539 0.015376 200 222 1000 983 1000 1000 0 10
0.166667 0.203848 0.015604 200 204 1000 955 1000 1000 0 10
0.166667 0.198302 0.015373 200 197 1000 975 1000 1000 0 10
0.166667 0.195259 0.015242 200 199 1000 956 1000 1000 0 10
0.166667 0.184507 0.015159 200 190 1000 993 1000 1000 0 10
0.166667 0.157607 0.015033 200 189 1000 989 1000 1000 0 10
0.166667 0.186841 0.014999 200 207 1000 984 1000 1000 0 10
0.166667 0.187062 0.014837 200 216 1000 1009 1000 1000 0 10
0.166667 0.151914 0.014637 200 189 1000 1000 1000 1000 0 10
0.166667 0.166820 0.014719 200 225 1000 1002 1000 1000 0 10
0.166667 0.178711 0.015111 200 211 1000 978 1000 1000 0 10
0.166667 0.175349 0.014623 200 202 1000 997 1000 1000 0 10
0.166667 0.189266 0.014694 200 209 1000 1003 1000 1000 0 10
0.166667 0.171700 0.015326 200 189 1000 968 1000 1000 0 10
0.166667 0.159326 0.014907 200 189 1000 1004 1000 1000 0 10
0.166667 0.175927 0.015556 200 206 1000 1001 1000 1000 0 10
0.166667 0.186782 0.015201 200 190 1000 986 1000 1000 0 10
0.166667 0.163927 0.014835 200 213 1000 1005 1000 1000 0 10
0.166667 0.176951 0.014571 200 208 1000 1041 1000 1000 0 10
0.166667 0.161907 0.014581 200 201 1000 1034 1000 1000 0 10
0.166667 0.152515 0.015214 200 189 1000 965 1000 1000 0 10
0.166667 0.191960 0.015676 200 207 1000 953 1000 1000 0 10
0.166667 0.155784 0.014274 200 187 1000 1043 1000 1000 0 10
0.166667 0.179096 0.014976 200 204 1000 974 1000 1000 0 10
0.166667 0.199516 0.015209 200 217 1000 986 1000 1000 0 10
0.166667 0.185022 0.014702 200 213 1000 991 1000 1000 0 10
0.166667 0.182294 0.014635 200 214 1000 1011 1000 1000 0 10
0.166667 0.179019 0.014605 200 200 1000 1004 1000 1000 0 10
0.166667 0.148831 0.014152 200 180 1000 1019 1000 1000 0 10
0.166667 0.160736 0.014716 200 184 1000 1002 1000 1000 0 10
0.166667 0.176124 0.015141 200 184 1000 953 1000 1000 0 10
0.166667 0.185195 0.015004 200 210 1000 965 1000 1000 0 10
0.166667 0.197443 0.015239 200 202 1000 988 1000 1000 0 10
0.166667 0.154650 0.015027 200 185 1000 1001 1000 1000 0 10
0.166667 0.163637 0.014646 200 194 1000 1006 1000 1000 0 10
0.166667 0.188611 0.015422 200 198 1000 962 1000 1000 0 10
0.166667 0.162089 0.014425 200 205 1000 1023 1000 1000 0 10
0.166667 0.173797 0.015153 200 191 1000 1005 1000 1000 0 10
0.166667 0.174738 0.015047 200 209 1000 987 1000 1000 0 10
0.166667 0.192853 0.015240 200 222 1000 994 1000 1000 0 10
0.166667 0.186179 0.015339 200 213 1000 982 1000 1000 0 10
0.166667 0.183489 0.015324 200 210 1000 979 1000 1000 0 10
0.166667 0.151506 0.015043 200 212 1000 1026 1000 1000 0 10
0.166667 0.155075 0.014107 200 187 1000 1063 1000 1000 0 10
0.166667 0.168220 0.014600 200 214 1000 1031 1000 1000 0 10
0.166667 0.162579 0.014741 200 201 1000 1021 1000 1000 0 10
0.166667 0.153246 0.014369 200 181 1000 1034 1000 1000 0 10
0.166667 0.171083 0.015016 200 188 1000 978 1000 1000 0 10
0.166667 0.176977 0.014898 200 181 1000 962 1000 1000 0 10
0.166667 0.187635 0.015173 200 210 1000 973 1000 1000 0 10
0.166667 0.167440 0.014407 200 180 1000 1011 1000 1000 0 10
0.166667 0.188551 0.014969 200 193 1000 1008 1000 1000 0 10
0.166667 0.181260 0.014752 200 197 1000 986 1000 1000 0 10
0.166667 0.189887 0.014750 200 194 1000 1059 1000 1000 0 10
0.166667 0.165971 0.014934 200 188 1000 974 1000 1000 0 10
0.166667 0.184209 0.015128 200 209 1000 966 1000 1000 0 10
0.166667 0.191322 0.015071 200 208 1000 1016 1000 1000 0 10
0.166667 0.185239 0.015026 200 203 1000 1011 1000 1000 0 10
0.166667 0.219094 0.015497 200 231 1000 1003 1000 1000 0 10
0.166667 0.205048 0.015050 200 212 1000 1009 1000 1000 0 10
0.166667 0.150567 0.014055 200 184 1000 1068 1000 1000 0 10
0.166667 0.168484 0.015097 200 183 1000 1004 1000 1000 0 10
0.166667 0.163207 0.014340 200 201 1000 1032 1000 1000 0 10
0.166667 0.167388 0.014787 200 187 1000 982 1000 1000 0 10
0.166667 0.154461 0.014311 200 187 1000 1021 1000 1000 0 10
0.166667 0.135768 0.014672 200 175 1000 996 1000 1000 0 10
0.166667 0.161218 0.015621 200 185 1000 921 1000 1000 0 10
0.166667 0.201500 0.014960 200 223 1000 990 1000 1000 0 10
0.166667 0.184852 0.015521 200 189 1000 971 1000 1000 0 10
0.166667 0.195767 0.014613 200 218 1000 1021 1000 1000 0 10
0.166667 0.182482 0.015255 200 196 1000 986 1000 1000 0 10
0.166667 0.183218 0.014821 200 210 1000 976 1000 1000 0 10
0.166667 0.155550 0.015043 200 185 1000 946 1000 1000 0 10
0.166667 0.166706 0.014498 200 173 1000 1056 1000 1000 0 10
0.166667 0.208948 0.015897 200 212 1000 1000 1000 1000 0 10
0.166667 0.147334 0.014534 200 192 1000 1037 1000 1000 0 10
0.166667 0.155942 0.014877 200 204 1000 1006 1000 1000 0 10
0.166667 0.169242 0.014988 200 182 1000 977 1000 1000 0 10
0.166667 0.187009 0.014869 200 227 1000 1005 1000 1000 0 10
0.166667 0.182944 0.014851 200 195 1000 994 1000 1000 0 10
0.166667 0.151649 0.015176 200 176 1000 969 1000 1000 0 10
0.166667 0.178057 0.014900 200 190 1000 972 1000 1000 0 10
0.166667 0.169668 0.014793 200 186 1000 1013 1000 1000 0 10
0.166667 0.192656 0.015657 200 207 1000 1001 1000 1000 0 10
0.166667 0.185654 0.015966 200 211 1000 964 1000 1000 0 10
0.166667 0.166619 0.014308 200 198 1000 1068 1000 1000 0 10
0.166667 0.188335 0.014279 200 216 1000 1039 1000 1000 0 10
0.166667 0.128129 0.014421 200 189 1000 1013 1000 1000 0 10
0.166667 0.166841 0.015036 200 182 1000 966 1000 1000 0 10
0.166667 0.203269 0.015303 200 215 1000 971 1000 1000 0 10
0.166667 0.217884 0.014910 200 213 1000 982 1000 1000 0 10
0.166667 0.134029 0.014260 200 173 1000 991 1000 1000 0 10
0.166667 0.202058 0.015394 200 211 1000 986 1000 1000 0 10
0.166667 0.184049 0.015146 200 230 1000 1006 1000 1000 0 10
0.166667 0.165249 0.015653 200 203 1000 981 1000 1000 0 10
0.166667 0.153401 0.015497 200 196 1000 966 1000 1000 0 10
0.166667 0.154390 0.014374 200 176 1000 1024 1000 1000 0 10
0.166667 0.151985 0.014906 200 192 1000 975 1000 1000 0 10
0.166667 0.174707 0.015315 200 202 1000 945 1000 1000 0 10
0.166667 0.179945 0.014988 200 214 1000 1039 1000 1000 0 10
0.166667 0.196374 0.015540 200 215 1000 970 1000 1000 0 10
0.166667 0.187828 0.014564 200 187 1000 1010 1000 1000 0 10
0.166667 0.196324 0.014772 200 194 1000 1020 1000 1000 0 10
0.166667 0.169799 0.014822 200 195 1000 992 1000 1000 0 10
0.166667 0.159371 0.014941 200 197 1000 1015 1000 1000 0 10
0.166667 0.174002 0.015473 200 226 1000 1021 1000 1000 0 10
0.166667 0.162513 0.014964 200 194 1000 1002 1000 1000 0 10
0.166667 0.178926 0.014893 200 192 1000 946 1000 1000 0 10
0.166667 0.190485 0.015155 200 216 1000 963 1000 1000 0 10
0.166667 0.183225 0.014635 200 225 1000 1044 1000 1000 0 10
0.166667 0.183286 0.015631 200 190 1000 948 1000 1000 0 10
0.166667 0.197096 0.015135 200 225 1000 1005 1000 1000 0 10
0.166667 0.207462 0.015391 200 217 1000 938 1000 1000 0 10
0.166667 0.185530 0.014492 200 203 1000 1053 1000 1000 0 10
0.166667 0.180700 0.014420 200 201 1000 1005 1000 1000 0 10
0.166667 0.198144 0.015165 200 207 1000 992 1000 1000 0 10
0.166667 0.137796 0.014864 200 193 1000 993 1000 1000 0 10
0.166667 0.187711 0.015012 200 204 1000 1031 1000 1000 0 10
0.166667 0.205405 0.015906 200 198 1000 955 1000 1000 0 10
0.166667 0.153172 0.013934 200 201 1000 1079 1000 1000 0 10
0.166667 0.167314 0.015868 200 211 1000 984 1000 1000 0 10
0.166667 0.167826 0.014680 200 186 1000 1055 1000 1000 0 10
0.166667 0.172689 0.015299 200 185 1000 982 1000 1000 0 10
0.166667 0.146167 0.014670 200 184 1000 991 1000 1000 0 10
0.166667 0.161272 0.015001 200 190 1000 1002 1000 1000 0 10
0.166667 0.185731 0.015468 200 216 1000 979 1000 1000 0 10
0.166667 0.174325 0.015042 200 206 1000 1001 1000 1000 0 10
0.166667 0.196826 0.014677 200 205 1000 1039 1000 1000 0 10
0.166667 0.159271 0.015088 200 197 1000 978 1000 1000 0 10
0.166667 0.151486 0.015784 200 183 1000 969 1000 1000 0 10
0.166667 0.141837 0.014699 200 201 1000 993 1000 1000 0 10
0.166667 0.168430 0.014374 200 198 1000 1014 1000 1000 0 10
0.166667 0.173071 0.015035 200 184 1000 960 1000 1000 0 10
0.166667 0.174343 0.014291 200 206 1000 1070 1000 1000 0 10
0.166667 0.150235 0.014426 200 198 1000 994 1000 1000 0 10
0.166667 0.170757 0.014371 200 217 1000 1037 1000 1000 0 10
0.166667 0.183370 0.014433 200 214 1000 1048 1000 1000 0 10
0.166667 0.142133 0.014978 200 172 1000 991 1000 1000 0 10
0.166667 0.168637 0.014636 200 203 1000 1038 1000 1000 0 10
0.166667 0.167382 0.014299 200 189 1000 986 1000 1000 0 10
0.166667 0.160894 0.015174 200 202 1000 1047 1000 1000 0 10
0.166667 0.161378 0.014410 200 187 1000 1010 1000 1000 0 10
0.166667 0.193433 0.014901 200 218 1000 970 1000 1000 0 10
0.166667 0.154785 0.013830 200 197 1000 1035 1000 1000 0 10
0.166667 0.190234 0.015883 200 199 1000 942 1000 1000 0 10
