0.166667 0.179229 0.014305 200 217 1000 1059 1000 1000 0 5
0.166667 0.157115 0.014568 200 188 1000 977 1000 1000 0 5
0.166667 0.167397 0.014726 200 173 1000 1006 1000 1000 0 5
0.166667 0.169901 0.014751 200 207 1000 965 1000 1000 0 5
0.166667 0.149465 0.014646 200 181 1000 992 1000 1000 0 5
0.166667 0.150612 0.014671 200 204 1000 1005 1000 1000 0 5
0.166667 0.143419 0.014287 200 174 1000 978 1000 1000 0 5
0.166667 0.166647 0.014480 200 197 1000 963 1000 1000 0 5
0.166667 0.158014 0.014286 200 187 1000 1005 1000 1000 0 5
0.166667 0.157206 0.014240 200 206 1000 1032 1000 1000 0 5
0.166667 0.140653 0.014376 200 190 1000 1004 1000 1000 0 5
0.166667 0.148932 0.014277 200 172 1000 1010 1000 1000 0 5
0.166667 0.175846 0.014428 200 189 1000 989 1000 1000 0 5
0.166667 0.172333 0.013975 200 217 1000 1007 1000 1000 0 5
0.166667 0.160888 0.014587 200 197 1000 1002 1000 1000 0 5
0.166667 0.164240 0.014676 200 197 1000 981 1000 1000 0 5
0.166667 0.164559 0.014621 200 188 1000 970 1000 1000 0 5
0.166667 0.184781 0.014694 200 231 1000 1033 1000 1000 0 5
0.166667 0.153007 0.014476 200 214 1000 1024 1000 1000 0 5
0.166667 0.172661 0.015263 200 188 1000 967 1000 1000 0 5
0.166667 0.169658 0.014463 200 206 1000 1004 1000 1000 0 5
0.166667 0.166000 0.014500 200 185 1000 999 1000 1000 0 5
0.166667 0.175841 0.014599 200 193 1000 1020 1000 1000 0 5
0.166667 0.140060 0.013532 200 171 1000 1065 1000 1000 0 5
0.166667 0.165165 0.014910 200 194 1000 979 1000 1000 0 5
0.166667 0.175144 0.014437 200 199 1000 1030 1000 1000 0 5
0.166667 0.182637 0.014937 200 210 1000 950 1000 1000 0 5
0.166667 0.176290 0.014705 200 187 1000 1022 1000 1000 0 5
0.166667 0.190184 0.014946 200 203 1000 967 1000 1000 0 5
0.166667 0.162927 0.014405 200 171 1000 1020 1000 1000 0 5
0.166667 0.135565 0.013853 200 177 1000 1039 1000 1000 0 5
0.166667 0.171616 0.014165 200 173 1000 1015 1000 1000 0 5
0.166667 0.197219 0.014758 200 196 1000 994 1000 1000 0 5
0.166667 0.153334 0.014507 200 183 1000 975 1000 1000 0 5
0.166667 0.168753 0.014355 200 187 1000 1007 1000 1000 0 5
0.166667 0.174033 0.014333 200 202 1000 1001 1000 1000 0 5
0.166667 0.151461 0.014431 200 208 1000 1009 1000 1000 0 5
0.166667 0.189085 0.014781 200 199 1000 975 1000 1000 0 5
0.166667 0.152662 0.013912 200 206 1000 1073 1000 1000 0 5
0.166667 0.174927 0.014324 200 184 1000 1011 1000 1000 0 5
0.166667 0.170783 0.014646 200 176 1000 1040 1000 1000 0 5
0.166667 0.167733 0.014440 200 199 1000 1023 1000 1000 0 5
0.166667 0.191226 0.014396 200 194 1000 965 1000 1000 0 5
0.166667 0.158744 0.014673 200 195 1000 994 1000 1000 0 5
0.166667 0.161677 0.014247 200 209 1000 1016 1000 1000 0 5
0.166667 0.174958 0.014654 200 177 1000 972 1000 1000 0 5
0.166667 0.169867 0.014790 200 217 1000 967 1000 1000 0 5
0.166667 0.186380 0.014781 200 226 1000 1013 1000 1000 0 5
0.166667 0.165876 0.013831 200 204 1000 1035 1000 1000 0 5
0.166667 0.186754 0.015371 200 223 1000 951 1000 1000 0 5
0.166667 0.200875 0.015200 200 232 1000 969 1000 1000 0 5
0.166667 0.176916 0.014492 200 184 1000 1012 1000 1000 0 5
0.166667 0.163633 0.015260 200 200 1000 951 1000 1000 0 5
0.166667 0.182389 0.015119 200 189 1000 977 1000 1000 0 5
0.166667 0.175451 0.015005 200 196 1000 965 1000 1000 0 5
0.166667 0.202591 0.014532 200 194 1000 967 1000 1000 0 5
0.166667 0.149299 0.014286 200 190 1000 1036 1000 1000 0 5
0.166667 0.177964 0.014830 200 204 1000 965 1000 1000 0 5
0.166667 0.174393 0.014700 200 210 1000 981 1000 1000 0 5
0.166667 0.159293 0.014703 200 203 1000 982 1000 1000 0 5
0.166667 0.147393 0.014059 200 190 1000 1012 1000 1000 0 5
0.166667 0.161372 0.014246 200 187 1000 1001 1000 1000 0 5
0.166667 0.167374 0.014288 200 191 1000 1010 1000 1000 0 5
0.166667 0.142084 0.014198 200 195 1000 1017 1000 1000 0 5
0.166667 0.196142 0.014800 200 210 1000 1009 1000 1000 0 5
0.166667 0.194110 0.014789 200 212 1000 981 1000 1000 0 5
0.166667 0.179585 0.014550 200 204 1000 1001 1000 1000 0 5
0.166667 0.154196 0.013914 200 198 1000 1002 1000 1000 0 5
0.166667 0.164513 0.014450 200 198 1000 1027 1000 1000 0 5
0.166667 0.172525 0.013870 200 195 1000 1012 1000 1000 0 5
0.166667 0.159250 0.014165 200 187 1000 1026 1000 1000 0 5
0.166667 0.198348 0.014970 200 215 1000 955 1000 1000 0 5
0.166667 0.197197 0.014970 200 239 1000 973 1000 1000 0 5
0.166667 0.176064 0.014822 200 194 1000 1007 1000 1000 0 5
0.166667 0.171142 0.014579 200 191 1000 983 1000 1000 0 5
0.166667 0.147237 0.013855 200 197 1000 1068 1000 1000 0 5
0.166667 0.161767 0.013958 200 215 1000 1050 1000 1000 0 5
0.166667 0.176482 0.014657 200 218 1000 985 1000 1000 0 5
0.166667 0.175590 0.014695 200 199 1000 979 1000 1000 0 5
0.166667 0.172915 0.014443 200 212 1000 1008 1000 1000 0 5
0.166667 0.157161 0.014482 200 162 1000 949 1000 1000 0 5
0.166667 0.144128 0.014266 200 172 1000 1023 1000 1000 0 5
0.166667 0.146439 0.014326 200 200 1000 1001 1000 1000 0 5
0.166667 0.170634 0.014330 200 211 1000 1014 1000 1000 0 5
0.166667 0.177058 0.015229 200 194 1000 995 1000 1000 0 5
0.166667 0.143633 0.013728 200 177 1000 1080 1000 1000 0 5
0.166667 0.153962 0.014467 200 196 1000 1024 1000 1000 0 5
0.166667 0.162383 0.014315 200 188 1000 1010 1000 1000 0 5
0.166667 0.167535 0.014300 200 216 1000 1013 1000 1000 0 5
0.166667 0.184616 0.015018 200 214 1000 991 1000 1000 0 5
0.166667 0.184899 0.015006 200 199 1000 961 1000 1000 0 5
0.166667 0.168582 0.014637 200 191 1000 990 1000 1000 0 5
0.166667 0.178605 0.015147 200 205 1000 980 1000 1000 0 5
0.166667 0.185726 0.014401 200 186 1000 993 1000 1000 0 5
0.166667 0.166949 0.014864 200 217 1000 1013 1000 1000 0 5
0.166667 0.170490 0.014436 200 184 1000 1000 1000 1000 0 5
0.166667 0.154875 0.013929 200 221 1000 1019 1000 1000 0 5
0.166667 0.153653 0.015054 200 190 1000 906 1000 1000 0 5
0.166667 0.165846 0.014297 200 181 1000 1005 1000 1000 0 5
0.166667 0.148369 0.013927 200 188 1000 1042 1000 1000 0 5
0.166667 0.184801 0.014371 200 206 1000 999 1000 1000 0 5
0.166667 0.130208 0.014599 200 188 1000 981 1000 1000 0 5
0.166667 0.164473 0.014473 200 214 1000 981 1000 1000 0 5
0.166667 0.167653 0.014246 200 214 1000 1035 1000 1000 0 5
0.166667 0.139375 0.014671 200 174 1000 951 1000 1000 0 5
0.166667 0.168990 0.015112 200 208 1000 930 1000 1000 0 5
0.166667 0.159535 0.014650 200 178 1000 957 1000 1000 0 5
0.166667 0.142738 0.014406 200 178 1000 969 1000 1000 0 5
0.166667 0.161111 0.014433 200 190 1000 992 1000 1000 0 5
0.166667 0.176911 0.014692 200 209 1000 990 1000 1000 0 5
0.166667 0.170458 0.014790 200 213 1000 1006 1000 1000 0 5
0.166667 0.176108 0.014314 200 204 1000 1000 1000 1000 0 5
0.166667 0.171203 0.014112 200 214 1000 1015 1000 1000 0 5
0.166667 0.163010 0.014219 200 214 1000 970 1000 1000 0 5
0.166667 0.190253 0.014719 200 212 1000 1000 1000 1000 0 5
0.166667 0.168011 0.014734 200 183 1000 953 1000 1000 0 5
0.166667 0.192556 0.014587 200 216 1000 1016 1000 1000 0 5
0.166667 0.147672 0.014663 200 195 1000 973 1000 1000 0 5
0.166667 0.170965 0.015426 200 184 1000 924 1000 1000 0 5
0.166667 0.175023 0.014767 200 193 1000 980 1000 1000 0 5
0.166667 0.158618 0.013939 200 184 1000 1012 1000 1000 0 5
0.166667 0.176971 0.014489 200 221 1000 1037 1000 1000 0 5
0.166667 0.174791 0.014835 200 218 1000 1007 1000 1000 0 5
0.166667 0.150318 0.013925 200 202 1000 1002 1000 1000 0 5
0.166667 0.156319 0.014466 200 199 1000 987 1000 1000 0 5
0.166667 0.191327 0.014766 200 209 1000 1017 1000 1000 0 5
0.166667 0.184569 0.014983 200 229 1000 939 1000 1000 0 5
0.166667 0.147203 0.013943 200 184 1000 991 1000 1000 0 5
0.166667 0.187710 0.014677 200 204 1000 1027 1000 1000 0 5
0.166667 0.161057 0.014014 200 187 1000 1026 1000 1000 0 5
0.166667 0.175045 0.014044 200 198 1000 1052 1000 1000 0 5
0.166667 0.186437 0.014996 200 197 1000 973 1000 1000 0 5
0.166667 0.160254 0.014234 200 202 1000 1032 1000 1000 0 5
0.166667 0.180465 0.014396 200 200 1000 1011 1000 1000 0 5
0.166667 0.186382 0.014495 200 228 1000 998 1000 1000 0 5
0.166667 0.168293 0.015091 200 206 1000 943 1000 1000 0 5
0.166667 0.151588 0.014401 200 209 1000 1046 1000 1000 0 5
0.166667 0.164132 0.013697 200 191 1000 1034 1000 1000 0 5
0.166667 0.142904 0.013682 200 188 1000 1081 1000 1000 0 5
0.166667 0.184341 0.014891 200 176 1000 996 1000 1000 0 5
0.166667 0.187841 0.015197 200 203 1000 941 1000 1000 0 5
0.166667 0.169331 0.014622 200 205 1000 992 1000 1000 0 5
0.166667 0.146106 0.013717 200 184 1000 1034 1000 1000 0 5
0.166667 0.170301 0.015212 200 182 1000 939 1000 1000 0 5
0.166667 0.156319 0.013746 200 182 1000 1049 1000 1000 0 5
0.166667 0.170494 0.014782 200 194 1000 993 1000 1000 0 5
0.166667 0.185164 0.014726 200 208 1000 961 1000 1000 0 5
0.166667 0.149887 0.014801 200 199 1000 1041 1000 1000 0 5
0.166667 0.165443 0.014278 200 218 1000 1055 1000 1000 0 5
0.166667 0.170950 0.014760 200 198 1000 963 1000 1000 0 5
0.166667 0.158211 0.014320 200 177 1000 1016 1000 1000 0 5
0.166667 0.147634 0.015417 200 190 1000 956 1000 1000 0 5
0.166667 0.166662 0.014425 200 191 1000 1010 1000 1000 0 5
0.166667 0.160985 0.015187 200 199 1000 958 1000 1000 0 5
0.166667 0.143394 0.013865 200 210 1000 1032 1000 1000 0 5
0.166667 0.166844 0.014755 200 210 1000 1012 1000 1000 0 5
0.166667 0.176761 0.014481 200 189 1000 1014 1000 1000 0 5
0.166667 0.143477 0.013578 200 187 1000 1025 1000 1000 0 5
0.166667 0.192585 0.014778 200 222 1000 991 1000 1000 0 5
0.166667 0.158492 0.014389 200 210 1000 989 1000 1000 0 5
0.166667 0.171838 0.014653 200 191 1000 1016 1000 1000 0 5
0.166667 0.142065 0.013591 200 173 1000 1025 1000 1000 0 5
0.166667 0.159239 0.014403 200 191 1000 1017 1000 1000 0 5
0.166667 0.162723 0.014470 200 203 1000 1006 1000 1000 0 5
0.166667 0.171149 0.014466 200 217 1000 990 1000 1000 0 5
0.166667 0.170844 0.014511 200 189 1000 1026 1000 1000 0 5
0.166667 0.145156 0.014622 200 193 1000 1016 1000 1000 0 5
0.166667 0.149104 0.014464 200 202 1000 997 1000 1000 0 5
0.166667 0.173991 0.014682 200 194 1000 965 1000 1000 0 5
0.166667 0.201840 0.015086 200 205 1000 924 1000 1000 0 5
0.166667 0.163578 0.014383 200 197 1000 1024 1000 1000 0 5
0.166667 0.173128 0.014771 200 209 1000 995 1000 1000 0 5
0.166667 0.110794 0.013700 200 181 1000 1039 1000 1000 0 5
0.166667 0.187917 0.015254 200 199 1000 952 1000 1000 0 5
0.166667 0.183747 0.014547 200 200 1000 955 1000 1000 0 5
0.166667 0.149753 0.014707 200 186 1000 971 1000 1000 0 5
0.166667 0.174953 0.014600 200 213 1000 1019 1000 1000 0 5
0.166667 0.187992 0.015028 200 213 1000 983 1000 1000 0 5
0.166667 0.173727 0.014145 200 206 1000 1010 1000 1000 0 5
0.166667 0.163684 0.014693 200 203 1000 955 1000 1000 0 5
0.166667 0.144698 0.014254 200 185 1000 997 1000 1000 0 5
0.166667 0.167670 0.014409 200 199 1000 1020 1000 1000 0 5
0.166667 0.173869 0.014739 200 220 1000 1012 1000 1000 0 5
0.166667 0.187408 0.015169 200 196 1000 987 1000 1000 0 5
0.166667 0.179523 0.014871 200 204 1000 985 1000 1000 0 5
0.166667 0.157449 0.013480 200 202 1000 1070 1000 1000 0 5
0.166667 0.161308 0.014221 200 192 1000 1022 1000 1000 0 5
0.166667 0.184201 0.014672 200 223 1000 982 1000 1000 0 5
0.166667 0.149717 0.014634 200 192 1000 1008 1000 1000 0 5
0.166667 0.163572 0.014689 200 203 1000 999 1000 1000 0 5
0.166667 0.137536 0.014264 200 175 1000 1001 1000 1000 0 5
0.166667 0.186444 0.014783 200 229 1000 1014 1000 1000 0 5
0.166667 0.160750 0.014388 200 197 1000 988 1000 1000 0 5
0.166667 0.179602 0.015104 200 222 1000 966 1000 1000 0 5
0.166667 0.164107 0.014273 200 208 1000 1002 1000 1000 0 5
0.166667 0.155402 0.014388 200 200 1000 1007 1000 1000 0 5
0.166667 0.168707 0.015081 200 192 1000 1001 1000 1000 0 5
0.166667 0.131829 0.014264 200 195 1000 1023 1000 1000 0 5
0.166667 0.164610 0.014058 200 203 1000 1004 1000 1000 0 5
0.166667 0.188045 0.014871 200 202 1000 943 1000 1000 0 5
0.166667 0.159116 0.014679 200 196 1000 981 1000 1000 0 5
0.166667 0.133213 0.014282 200 199 1000 1010 1000 1000 0 5
0.166667 0.182970 0.014858 200 204 1000 968 1000 1000 0 5
0.166667 0.193461 0.015108 200 225 1000 996 1000 1000 0 5
0.166667 0.170651 0.014576 200 215 1000 1023 1000 1000 0 5
0.166667 0.189036 0.014670 200 215 1000 974 1000 1000 0 5
0.166667 0.138658 0.014211 200 172 1000 987 1000 1000 0 5
0.166667 0.192319 0.014885 200 211 1000 971 1000 1000 0 5
0.166667 0.183686 0.014792 200 198 1000 992 1000 1000 0 5
0.166667 0.161270 0.013699 200 192 1000 1047 1000 1000 0 5
0.166667 0.157100 0.014310 200 192 1000 1018 1000 1000 0 5
0.166667 0.154115 0.014189 200 204 1000 994 1000 1000 0 5
0.166667 0.206875 0.015014 200 223 1000 1001 1000 1000 0 5
0.166667 0.168028 0.014091 200 203 1000 1086 1000 1000 0 5
0.166667 0.153575 0.014080 200 203 1000 1013 1000 1000 0 5
0.166667 0.180826 0.014319 200 204 1000 1000 1000 1000 0 5
0.166667 0.153031 0.014483 200 199 1000 995 1000 1000 0 5
0.166667 0.174788 0.014528 200 199 1000 1000 1000 1000 0 5
0.166667 0.159235 0.014758 200 192 1000 937 1000 1000 0 5
0.166667 0.175223 0.014591 200 219 1000 1010 1000 1000 0 5
0.166667 0.183533 0.015036 200 221 1000 978 1000 1000 0 5
0.166667 0.159746 0.014428 200 210 1000 1031 1000 1000 0 5
0.166667 0.156887 0.014628 200 186 1000 967 1000 1000 0 5
0.166667 0.170290 0.014586 200 214 1000 1033 1000 1000 0 5
0.166667 0.151708 0.014038 200 188 1000 980 1000 1000 0 5
0.166667 0.172383 0.014180 200 208 1000 1030 1000 1000 0 5
0.166667 0.179572 0.014811 200 210 1000 990 1000 1000 0 5
0.166667 0.155040 0.014580 200 177 1000 970 1000 1000 0 5
0.166667 0.149337 0.014165 200 206 1000 1059 1000 1000 0 5
0.166667 0.184105 0.014184 200 210 1000 1015 1000 1000 0 5
0.166667 0.190560 0.014403 200 220 1000 988 1000 1000 0 5
0.166667 0.182499 0.014491 200 201 1000 992 1000 1000 0 5
0.166667 0.164317 0.013999 200 204 1000 1051 1000 1000 0 5
0.166667 0.145739 0.014333 200 181 1000 1025 1000 1000 0 5
0.166667 0.174620 0.015292 200 189 1000 976 1000 1000 0 5
0.166667 0.172674 0.014428 200 206 1000 989 1000 1000 0 5
0.166667 0.154160 0.013887 200 184 1000 1031 1000 1000 0 5
0.166667 0.172027 0.014970 200 182 1000 967 1000 1000 0 5
0.166667 0.174365 0.014808 200 196 1000 958 1000 1000 0 5
0.166667 0.155618 0.014511 200 180 1000 998 1000 1000 0 5
0.166667 0.172587 0.014612 200 213 1000 992 1000 1000 0 5
0.166667 0.164587 0.014839 200 210 1000 977 1000 1000 0 5
0.166667 0.152129 0.014370 200 212 1000 1008 1000 1000 0 5
0.166667 0.166031 0.014625 200 202 1000 964 1000 1000 0 5
0.166667 0.155433 0.013721 200 187 1000 1003 1000 1000 0 5
0.166667 0.189382 0.014527 200 203 1000 1009 1000 1000 0 5
0.166667 0.168155 0.014491 200 203 1000 1011 1000 1000 0 5
0.166667 0.160910 0.014337 200 190 1000 1022 1000 1000 0 5
0.166667 0.140819 0.014856 200 188 1000 958 1000 1000 0 5
0.166667 0.157296 0.014290 200 180 1000 988 1000 1000 0 5
0.166667 0.193458 0.014910 200 203 1000 967 1000 1000 0 5
0.166667 0.149016 0.014127 200 166 1000 1007 1000 1000 0 5
0.166667 0.181592 0.014299 200 208 1000 1040 1000 1000 0 5
0.166667 0.177351 0.015053 200 202 1000 950 1000 1000 0 5
0.166667 0.181969 0.014579 200 185 1000 988 1000 1000 0 5
0.166667 0.146444 0.014659 200 214 1000 975 1000 1000 0 5
0.166667 0.184540 0.014666 200 224 1000 988 1000 1000 0 5
0.166667 0.201642 0.015214 200 232 1000 953 1000 1000 0 5
0.166667 0.178099 0.014733 200 207 1000 964 1000 1000 0 5
0.166667 0.176657 0.014719 200 191 1000 999 1000 1000 0 5
0.166667 0.168478 0.014824 200 174 1000 997 1000 1000 0 5
0.166667 0.165225 0.014862 200 204 1000 966 1000 1000 0 5
0.166667 0.149210 0.014133 200 177 1000 1006 1000 1000 0 5
0.166667 0.155402 0.014719 200 184 1000 948 1000 1000 0 5
0.166667 0.213120 0.014898 200 229 1000 931 1000 1000 0 5
0.166667 0.182456 0.014822 200 190 1000 983 1000 1000 0 5
0.166667 0.124285 0.013721 200 166 1000 1010 1000 1000 0 5
0.166667 0.165923 0.014712 200 196 1000 983 1000 1000 0 5
0.166667 0.170852 0.014994 200 186 1000 953 1000 1000 0 5
0.166667 0.144738 0.014002 200 173 1000 1017 1000 1000 0 5
0.166667 0.165861 0.014569 200 214 1000 997 1000 1000 0 5
0.166667 0.146518 0.013829 200 183 1000 996 1000 1000 0 5
0.166667 0.181515 0.014301 200 217 1000 1041 1000 1000 0 5
0.166667 0.186361 0.014736 200 214 1000 986 1000 1000 0 5
0.166667 0.168615 0.014708 200 199 1000 956 1000 1000 0 5
0.166667 0.172634 0.014867 200 217 1000 1001 1000 1000 0 5
0.166667 0.171030 0.014770 200 201 1000 1041 1000 1000 0 5
0.166667 0.178698 0.014299 200 221 1000 1067 1000 1000 0 5
0.166667 0.156764 0.015270 200 214 1000 948 1000 1000 0 5
0.166667 0.167768 0.014434 200 198 1000 1007 1000 1000 0 5
0.166667 0.178655 0.014422 200 206 1000 1041 1000 1000 0 5
0.166667 0.189158 0.015139 200 200 1000 947 1000 1000 0 5
0.166667 0.160698 0.014464 200 192 1000 990 1000 1000 0 5
0.166667 0.132216 0.013993 200 198 1000 1051 1000 1000 0 5
0.166667 0.204000 0.014938 200 209 1000 929 1000 1000 0 5
0.166667 0.151994 0.014474 200 188 1000 1033 1000 1000 0 5
0.166667 0.175187 0.014072 200 228 1000 1047 1000 1000 0 5
0.166667 0.188952 0.014885 200 208 1000 966 1000 1000 0 5
0.166667 0.182618 0.014504 200 205 1000 1012 1000 1000 0 5
0.166667 0.168772 0.014142 200 209 1000 1020 1000 1000 0 5
0.166667 0.164005 0.014404 200 204 1000 1036 1000 1000 0 5
0.166667 0.164190 0.014908 200 187 1000 943 1000 1000 0 5
0.166667 0.220014 0.015335 200 239 1000 986 1000 1000 0 5
0.166667 0.175679 0.014263 200 202 1000 1011 1000 1000 0 5
0.166667 0.172002 0.014037 200 200 1000 1013 1000 1000 0 5
0.166667 0.165839 0.014563 200 172 1000 943 1000 1000 0 5
0.166667 0.163234 0.014491 200 210 1000 954 1000 1000 0 5
0.166667 0.141269 0.014151 200 193 1000 1043 1000 1000 0 5
0.166667 0.153599 0.014167 200 209 1000 1001 1000 1000 0 5
0.166667 0.158779 0.013939 200 209 1000 1044 1000 1000 0 5
0.166667 0.142872 0.014801 200 167 1000 1010 1000 1000 0 5
0.166667 0.183050 0.014665 200 204 1000 1027 1000 1000 0 5
0.166667 0.206495 0.014658 200 200 1000 989 1000 1000 0 5
0.166667 0.167050 0.014704 200 205 1000 1015 1000 1000 0 5
0.166667 0.171898 0.014546 200 214 1000 1016 1000 1000 0 5
0.166667 0.177075 0.014495 200 214 1000 968 1000 1000 0 5
0.166667 0.193069 0.014771 200 209 1000 1016 1000 1000 0 5
0.166667 0.171989 0.014556 200 195 1000 972 1000 1000 0 5
0.166667 0.145736 0.014527 200 197 1000 1012 1000 1000 0 5
0.166667 0.187223 0.014213 200 198 1000 1045 1000 1000 0 5
0.166667 0.175049 0.014618 200 195 1000 966 1000 1000 0 5
0.166667 0.150447 0.014993 200 204 1000 962 1000 1000 0 5
0.166667 0.184234 0.014903 200 226 1000 997 1000 1000 0 5
0.166667 0.193892 0.015118 200 212 1000 984 1000 1000 0 5
0.166667 0.174109 0.014531 200 190 1000 1000 1000 1000 0 5
0.166667 0.159353 0.014564 200 191 1000 967 1000 1000 0 5
0.166667 0.143896 0.014402 200 179 1000 995 1000 1000 0 5
0.166667 0.170166 0.014488 200 192 1000 999 1000 1000 0 5
0.166667 0.129854 0.013622 200 174 1000 1041 1000 1000 0 5
0.166667 0.131795 0.014317 200 186 1000 996 1000 1000 0 5
0.166667 0.190829 0.014712 200 200 1000 1008 1000 1000 0 5
0.166667 0.144119 0.013717 200 193 1000 1020 1000 1000 0 5
0.166667 0.158128 0.014114 200 189 1000 999 1000 1000 0 5
0.166667 0.162797 0.014668 200 196 1000 987 1000 1000 0 5
0.166667 0.164200 0.014281 200 181 1000 1014 1000 1000 0 5
0.166667 0.147978 0.013941 200 181 1000 1044 1000 1000 0 5
0.166667 0.151577 0.014351 200 204 1000 979 1000 1000 0 5
0.166667 0.131755 0.013803 200 185 1000 1001 1000 1000 0 5
0.166667 0.153406 0.014429 200 208 1000 1027 1000 1000 0 5
0.166667 0.144430 0.014578 200 174 1000 992 1000 1000 0 5
0.166667 0.189354 0.015023 200 188 1000 926 1000 1000 0 5
0.166667 0.142135 0.013907 200 168 1000 1039 1000 1000 0 5
0.166667 0.138175 0.014136 200 180 1000 1007 1000 1000 0 5
0.166667 0.154785 0.014354 200 199 1000 1033 1000 1000 0 5
0.166667 0.157112 0.014141 200 192 1000 1001 1000 1000 0 5
0.166667 0.152238 0.014559 200 190 1000 998 1000 1000 0 5
0.166667 0.150296 0.013726 200 185 1000 1086 1000 1000 0 5
0.166667 0.155029 0.015113 200 184 1000 981 1000 1000 0 5
0.166667 0.179838 0.014377 200 214 1000 1006 1000 1000 0 5
0.166667 0.179068 0.014815 200 206 1000 1016 1000 1000 0 5
0.166667 0.205346 0.015035 200 236 1000 1022 1000 1000 0 5
0.166667 0.170123 0.015236 200 212 1000 971 1000 1000 0 5
0.166667 0.161428 0.013972 200 211 1000 1052 1000 1000 0 5
0.166667 0.140521 0.013675 200 196 1000 1027 1000 1000 0 5
0.166667 0.171385 0.013879 200 214 1000 1014 1000 1000 0 5
0.166667 0.171217 0.014210 200 205 1000 1018 1000 1000 0 5
0.166667 0.194501 0.015258 200 228 1000 952 1000 1000 0 5
0.166667 0.174892 0.013861 200 192 1000 1033 1000 1000 0 5
0.166667 0.170482 0.014532 200 197 1000 1016 1000 1000 0 5
0.166667 0.186454 0.014804 200 199 1000 969 1000 1000 0 5
0.166667 0.162267 0.014678 200 207 1000 1040 1000 1000 0 5
0.166667 0.185119 0.014966 200 190 1000 990 1000 1000 0 5
0.166667 0.163815 0.013912 200 205 1000 991 1000 1000 0 5
0.166667 0.176244 0.014979 200 203 1000 1025 1000 1000 0 5
0.166667 0.145060 0.014471 200 211 1000 991 1000 1000 0 5
0.166667 0.158778 0.014506 200 193 1000 1015 1000 1000 0 5
0.166667 0.177240 0.014378 200 217 1000 996 1000 1000 0 5
0.166667 0.162839 0.015331 200 192 1000 945 1000 1000 0 5
0.166667 0.169723 0.015020 200 208 1000 994 1000 1000 0 5
0.166667 0.147649 0.014388 200 190 1000 1027 1000 1000 0 5
0.166667 0.165910 0.014820 200 189 1000 991 1000 1000 0 5
0.166667 0.165728 0.014555 200 216 1000 1006 1000 1000 0 5
0.166667 0.155028 0.014944 200 204 1000 955 1000 1000 0 5
0.166667 0.191242 0.015216 200 219 1000 952 1000 1000 0 5
0.166667 0.195746 0.014746 200 199 1000 1013 1000 1000 0 5
0.166667 0.170145 0.014435 200 183 1000 1014 1000 1000 0 5
0.166667 0.172543 0.014528 200 216 1000 1001 1000 1000 0 5
0.166667 0.175853 0.014499 200 205 1000 989 1000 1000 0 5
0.166667 0.164406 0.014024 200 197 1000 1035 1000 1000 0 5
0.166667 0.162250 0.013933 200 195 1000 1061 1000 1000 0 5
0.166667 0.132320 0.013711 200 200 1000 1043 1000 1000 0 5
0.166667 0.169172 0.014358 200 212 1000 1015 1000 1000 0 5
0.166667 0.163112 0.014775 200 197 1000 1015 1000 1000 0 5
0.166667 0.166050 0.014723 200 184 1000 996 1000 1000 0 5
0.166667 0.152972 0.014534 200 184 1000 1013 1000 1000 0 5
0.166667 0.180366 0.014764 200 181 1000 988 1000 1000 0 5
0.166667 0.177267 0.014786 200 241 1000 995 1000 1000 0 5
0.166667 0.190487 0.014863 200 205 1000 972 1000 1000 0 5
0.166667 0.167059 0.014314 200 198 1000 1003 1000 1000 0 5
0.166667 0.180654 0.014752 200 208 1000 974 1000 1000 0 5
0.166667 0.171061 0.014993 200 212 1000 993 1000 1000 0 5
0.166667 0.151229 0.014055 200 196 1000 1008 1000 1000 0 5
0.166667 0.120053 0.013551 200 176 1000 1010 1000 1000 0 5
0.166667 0.171657 0.015148 200 208 1000 979 1000 1000 0 5
0.166667 0.156348 0.014121 200 169 1000 996 1000 1000 0 5
0.166667 0.180132 0.014892 200 184 1000 969 1000 1000 0 5
0.166667 0.149754 0.014422 200 190 1000 1027 1000 1000 0 5
0.166667 0.147104 0.014230 200 184 1000 1030 1000 1000 0 5
0.166667 0.200524 0.014504 200 215 1000 1043 1000 1000 0 5
0.166667 0.166549 0.013923 200 211 1000 1050 1000 1000 0 5
0.166667 0.168108 0.013961 200 187 1000 1033 1000 1000 0 5
0.166667 0.163651 0.015416 200 183 1000 937 1000 1000 0 5
0.166667 0.173537 0.014259 200 191 1000 1000 1000 1000 0 5
0.166667 0.174495 0.014506 200 205 1000 1021 1000 1000 0 5
0.166667 0.166474 0.014295 200 192 1000 1026 1000 1000 0 5
0.166667 0.160987 0.014947 200 196 1000 970 1000 1000 0 5
0.166667 0.164958 0.014720 200 179 1000 1007 1000 1000 0 5
0.166667 0.170029 0.014854 200 206 1000 994 1000 1000 0 5
0.166667 0.218568 0.014654 200 228 1000 1032 1000 1000 0 5
0.166667 0.176418 0.014226 200 195 1000 1006 1000 1000 0 5
0.166667 0.158387 0.014013 200 217 1000 1036 1000 1000 0 5
0.166667 0.167199 0.014071 200 220 1000 1006 1000 1000 0 5
0.166667 0.142377 0.013503 200 193 1000 1042 1000 1000 0 5
0.166667 0.181229 0.014322 200 199 1000 1028 1000 1000 0 5
0.166667 0.176143 0.014707 200 202 1000 977 1000 1000 0 5
0.166667 0.194980 0.014836 200 205 1000 975 1000 1000 0 5
0.166667 0.140167 0.014454 200 180 1000 981 1000 1000 0 5
0.166667 0.184604 0.015068 200 208 1000 1011 1000 1000 0 5
0.166667 0.136887 0.014181 200 189 1000 1021 1000 1000 0 5
0.166667 0.208014 0.014342 200 214 1000 1042 1000 1000 0 5
0.166667 0.181878 0.014684 200 209 1000 1013 1000 1000 0 5
0.166667 0.172922 0.015016 200 188 1000 979 1000 1000 0 5
0.166667 0.139716 0.014275 200 186 1000 1006 1000 1000 0 5
0.166667 0.186852 0.014424 200 214 1000 982 1000 1000 0 5
0.166667 0.172814 0.014713 200 194 1000 977 1000 1000 0 5
0.166667 0.152636 0.014489 200 200 1000 1008 1000 1000 0 5
0.166667 0.172948 0.014617 200 211 1000 1005 1000 1000 0 5
0.166667 0.183346 0.015345 200 196 1000 974 1000 1000 0 5
0.166667 0.182252 0.014478 200 197 1000 990 1000 1000 0 5
0.166667 0.195542 0.014357 200 195 1000 984 1000 1000 0 5
0.166667 0.171213 0.014590 200 202 1000 978 1000 1000 0 5
0.166667 0.167857 0.014722 200 197 1000 979 1000 1000 0 5
0.166667 0.153209 0.014497 200 172 1000 981 1000 1000 0 5
0.166667 0.200150 0.015575 200 208 1000 938 1000 1000 0 5
0.166667 0.177334 0.015041 200 188 1000 952 1000 1000 0 5
0.166667 0.179831 0.014057 200 208 1000 1034 1000 1000 0 5
0.166667 0.178085 0.014535 200 192 1000 1010 1000 1000 0 5
0.166667 0.161237 0.014515 200 195 1000 998 1000 1000 0 5
0.166667 0.168508 0.014336 200 211 1000 1011 1000 1000 0 5
0.166667 0.169840 0.014258 200 212 1000 1047 1000 1000 0 5
0.166667 0.155606 0.014651 200 178 1000 965 1000 1000 0 5
0.166667 0.172620 0.014273 200 209 1000 1045 1000 1000 0 5
0.166667 0.159297 0.015191 200 186 1000 950 1000 1000 0 5
0.166667 0.160652 0.014499 200 191 1000 980 1000 1000 0 5
0.166667 0.166277 0.014874 200 184 1000 1008 1000 1000 0 5
0.166667 0.186592 0.014717 200 182 1000 1022 1000 1000 0 5
0.166667 0.189876 0.014956 200 197 1000 945 1000 1000 0 5
0.166667 0.148217 0.013680 200 196 1000 1053 1000 1000 0 5
0.166667 0.174608 0.014749 200 193 1000 975 1000 1000 0 5
0.166667 0.168459 0.014079 200 201 1000 1037 1000 1000 0 5
0.166667 0.170044 0.014392 200 228 1000 1028 1000 1000 0 5
0.166667 0.166285 0.014179 200 199 1000 1023 1000 1000 0 5
0.166667 0.163527 0.014291 200 186 1000 1043 1000 1000 0 5
0.166667 0.166171 0.014427 200 213 1000 1030 1000 1000 0 5
0.166667 0.167583 0.014541 200 195 1000 1034 1000 1000 0 5
0.166667 0.126376 0.014167 200 192 1000 1011 1000 1000 0 5
0.166667 0.172538 0.014359 200 205 1000 1000 1000 1000 0 5
0.166667 0.208574 0.014942 200 196 1000 990 1000 1000 0 5
0.166667 0.147065 0.014524 200 203 1000 978 1000 1000 0 5
0.166667 0.194238 0.014593 200 224 1000 1024 1000 1000 0 5
0.166667 0.178536 0.014747 200 200 1000 1001 1000 1000 0 5
0.166667 0.162401 0.013949 200 194 1000 1017 1000 1000 0 5
0.166667 0.163660 0.014613 200 210 1000 972 1000 1000 0 5
0.166667 0.176445 0.014648 200 187 1000 975 1000 1000 0 5
0.166667 0.226054 0.015038 200 229 1000 1011 1000 1000 0 5
0.166667 0.177920 0.014387 200 194 1000 1019 1000 1000 0 5
0.166667 0.151698 0.013703 200 168 1000 1021 1000 1000 0 5
0.166667 0.179632 0.014278 200 208 1000 996 1000 1000 0 5
0.166667 0.172514 0.014903 200 227 1000 1008 1000 1000 0 5
0.166667 0.158445 0.013989 200 214 1000 1035 1000 1000 0 5
0.166667 0.172211 0.015054 200 206 1000 1008 1000 1000 0 5
0.166667 0.182610 0.014700 200 210 1000 1006 1000 1000 0 5
0.166667 0.167204 0.014835 200 193 1000 947 1000 1000 0 5
0.166667 0.215654 0.014902 200 237 1000 1009 1000 1000 0 5
0.166667 0.155368 0.014489 200 168 1000 990 1000 1000 0 5
0.166667 0.180540 0.014351 200 217 1000 1004 1000 1000 0 5
0.166667 0.186435 0.015083 200 209 1000 946 1000 1000 0 5
0.166667 0.170306 0.014563 200 208 1000 1022 1000 1000 0 5
0.166667 0.203736 0.014219 200 209 1000 1054 1000 1000 0 5
0.166667 0.164349 0.014580 200 193 1000 1011 1000 1000 0 5
0.166667 0.160730 0.014437 200 188 1000 980 1000 1000 0 5
0.166667 0.129889 0.014138 200 184 1000 1019 1000 1000 0 5
0.166667 0.205521 0.014726 200 220 1000 994 1000 1000 0 5
0.166667 0.180072 0.014375 200 195 1000 1031 1000 1000 0 5
0.166667 0.188536 0.014747 200 203 1000 1018 1000 1000 0 5
0.166667 0.184634 0.014715 200 215 1000 1009 1000 1000 0 5
0.166667 0.162089 0.014733 200 190 1000 1019 1000 1000 0 5
0.166667 0.130241 0.014180 200 170 1000 1001 1000 1000 0 5
0.166667 0.170943 0.014120 200 217 1000 1036 1000 1000 0 5
0.166667 0.148553 0.014764 200 204 1000 1005 1000 1000 0 5
0.166667 0.186375 0.014480 200 210 1000 1000 1000 1000 0 5
0.166667 0.193955 0.014650 200 191 1000 992 1000 1000 0 5
0.166667 0.147016 0.014556 200 184 1000 971 1000 1000 0 5
0.166667 0.192054 0.014911 200 211 1000 984 1000 1000 0 5
0.166667 0.170489 0.014861 200 201 1000 1012 1000 1000 0 5
0.166667 0.163996 0.014682 200 206 1000 987 1000 1000 0 5
0.166667 0.176618 0.014454 200 232 1000 976 1000 1000 0 5
0.166667 0.149161 0.014338 200 193 1000 1043 1000 1000 0 5
0.166667 0.181369 0.014985 200 187 1000 952 1000 1000 0 5
0.166667 0.172549 0.014423 200 187 1000 1053 1000 1000 0 5
0.166667 0.181984 0.014268 200 192 1000 966 1000 1000 0 5
0.166667 0.158113 0.014768 200 191 1000 1007 1000 1000 0 5
0.166667 0.162801 0.014849 200 191 1000 995 1000 1000 0 5
0.166667 0.161297 0.014221 200 179 1000 975 1000 1000 0 5
0.166667 0.141741 0.014074 200 170 1000 1000 1000 1000 0 5
0.166667 0.166005 0.014390 200 203 1000 1019 1000 1000 0 5
0.166667 0.169026 0.014337 200 218 1000 994 1000 1000 0 5
0.166667 0.160033 0.014138 200 216 1000 1006 1000 1000 0 5
0.166667 0.186719 0.014979 200 202 1000 967 1000 1000 0 5
0.166667 0.163818 0.014536 200 196 1000 979 1000 1000 0 5
0.166667 0.187591 0.014364 200 219 1000 999 1000 1000 0 5
0.166667 0.174999 0.014228 200 211 1000 1015 1000 1000 0 5
0.166667 0.180908 0.014535 200 206 1000 1044 1000 1000 0 5
0.166667 0.179196 0.015203 200 191 1000 964 1000 1000 0 5
0.166667 0.155313 0.014830 200 196 1000 991 1000 1000 0 5
0.166667 0.192640 0.014279 200 195 1000 1021 1000 1000 0 5
0.166667 0.182780 0.014537 200 214 1000 1058 1000 1000 0 5
0.166667 0.188173 0.015031 200 200 1000 995 1000 1000 0 5
0.166667 0.157931 0.014324 200 192 1000 965 1000 1000 0 5
0.166667 0.167429 0.014462 200 192 1000 994 1000 1000 0 5
0.166667 0.193224 0.015057 200 219 1000 997 1000 1000 0 5
0.166667 0.175867 0.015047 200 188 1000 1000 1000 1000 0 5
0.166667 0.176629 0.014244 200 194 1000 1026 1000 1000 0 5
0.166667 0.153522 0.014250 200 192 1000 1000 1000 1000 0 5
0.166667 0.166633 0.014877 200 188 1000 978 1000 1000 0 5
0.166667 0.146070 0.014200 200 192 1000 1020 1000 1000 0 5
0.166667 0.162726 0.014453 200 213 1000 994 1000 1000 0 5
0.166667 0.168875 0.013861 200 203 1000 1070 1000 1000 0 5
0.166667 0.171168 0.014845 200 186 1000 966 1000 1000 0 5
0.166667 0.142814 0.014456 200 191 1000 978 1000 1000 0 5
0.166667 0.164657 0.014615 200 199 1000 1033 1000 1000 0 5
0.166667 0.163609 0.014571 200 208 1000 988 1000 1000 0 5
0.166667 0.220831 0.015270 200 239 1000 964 1000 1000 0 5
0.166667 0.165896 0.014068 200 184 1000 1020 1000 1000 0 5
0.166667 0.161201 0.014239 200 217 1000 1064 1000 1000 0 5
0.166667 0.190256 0.014873 200 212 1000 1018 1000 1000 0 5
0.166667 0.158387 0.014938 200 192 1000 990 1000 1000 0 5
0.166667 0.151363 0.014101 200 199 1000 998 1000 1000 0 5
0.166667 0.156507 0.013646 200 198 1000 1047 1000 1000 0 5
0.166667 0.149377 0.014474 200 179 1000 989 1000 1000 0 5
0.166667 0.160323 0.014940 200 193 1000 955 1000 1000 0 5
0.166667 0.168084 0.014768 200 176 1000 939 1000 1000 0 5
0.166667 0.134279 0.013999 200 178 1000 1047 1000 1000 0 5
0.166667 0.125564 0.014259 200 192 1000 1020 1000 1000 0 5
0.166667 0.173080 0.015337 200 187 1000 948 1000 1000 0 5
0.166667 0.172479 0.014709 200 207 1000 1009 1000 1000 0 5
0.166667 0.192780 0.014039 200 209 1000 999 1000 1000 0 5
0.166667 0.158454 0.014477 200 187 1000 1020 1000 1000 0 5
0.166667 0.157079 0.014410 200 213 1000 1021 1000 1000 0 5
0.166667 0.152121 0.014289 200 194 1000 974 1000 1000 0 5
0.166667 0.122790 0.014322 200 190 1000 973 1000 1000 0 5
0.166667 0.199186 0.015157 200 213 1000 952 1000 1000 0 5
0.166667 0.150314 0.014221 200 199 1000 961 1000 1000 0 5
0.166667 0.169552 0.014566 200 199 1000 997 1000 1000 0 5
0.166667 0.185328 0.014677 200 202 1000 1017 1000 1000 0 5
0.166667 0.185255 0.015094 200 215 1000 1007 1000 1000 0 5
0.166667 0.171453 0.014769 200 199 1000 981 1000 1000 0 5
0.166667 0.178579 0.014465 200 204 1000 979 1000 1000 0 5
0.166667 0.146962 0.014461 200 181 1000 1003 1000 1000 0 5
0.166667 0.156878 0.014545 200 190 1000 1021 1000 1000 0 5
0.166667 0.185176 0.014551 200 213 1000 995 1000 1000 0 5
0.166667 0.164242 0.014286 200 198 1000 998 1000 1000 0 5
0.166667 0.170077 0.014817 200 187 1000 1023 1000 1000 0 5
0.166667 0.183408 0.015144 200 198 1000 959 1000 1000 0 5
0.166667 0.168747 0.014400 200 198 1000 1020 1000 1000 0 5
0.166667 0.169666 0.015007 200 218 1000 992 1000 1000 0 5
0.166667 0.155649 0.015489 200 181 1000 924 1000 1000 0 5
0.166667 0.165717 0.015434 200 180 1000 957 1000 1000 0 5
0.166667 0.139506 0.013832 200 184 1000 1012 1000 1000 0 5
0.166667 0.164047 0.014476 200 208 1000 1007 1000 1000 0 5
0.166667 0.175818 0.015247 200 194 1000 1002 1000 1000 0 5
0.166667 0.196234 0.015027 200 214 1000 958 1000 1000 0 5
0.166667 0.164165 0.014688 200 222 1000 1051 1000 1000 0 5
0.166667 0.168413 0.014104 200 171 1000 1002 1000 1000 0 5
0.166667 0.139736 0.014475 200 198 1000 1009 1000 1000 0 5
0.166667 0.197228 0.015387 200 211 1000 962 1000 1000 0 5
0.166667 0.191194 0.014809 200 232 1000 984 1000 1000 0 5
0.166667 0.170269 0.014747 200 221 1000 1017 1000 1000 0 5
0.166667 0.214957 0.014876 200 216 1000 1019 1000 1000 0 5
0.166667 0.167072 0.014480 200 195 1000 1021 1000 1000 0 5
0.166667 0.154119 0.014501 200 202 1000 1038 1000 1000 0 5
0.166667 0.158358 0.014371 200 204 1000 1015 1000 1000 0 5
0.166667 0.167565 0.014004 200 205 1000 1070 1000 1000 0 5
0.166667 0.182510 0.015280 200 216 1000 944 1000 1000 0 5
0.166667 0.168054 0.014595 200 188 1000 984 1000 1000 0 5
0.166667 0.149000 0.013790 200 198 1000 1037 1000 1000 0 5
0.166667 0.165594 0.014462 200 210 1000 1003 1000 1000 0 5
0.166667 0.180134 0.014848 200 236 1000 995 1000 1000 0 5
0.166667 0.165519 0.014325 200 189 1000 1003 1000 1000 0 5
0.166667 0.157013 0.015110 200 191 1000 953 1000 1000 0 5
0.166667 0.173994 0.014145 200 217 1000 1026 1000 1000 0 5
0.166667 0.161599 0.014328 200 197 1000 1034 1000 1000 0 5
0.166667 0.140788 0.014195 200 169 1000 956 1000 1000 0 5
0.166667 0.158265 0.014314 200 217 1000 1006 1000 1000 0 5
0.166667 0.162226 0.014300 200 207 1000 1018 1000 1000 0 5
0.166667 0.146420 0.014395 200 219 1000 1029 1000 1000 0 5
0.166667 0.151988 0.014044 200 189 1000 1031 1000 1000 0 5
0.166667 0.180537 0.014310 200 210 1000 1016 1000 1000 0 5
0.166667 0.178133 0.014900 200 204 1000 1018 1000 1000 0 5
0.166667 0.178614 0.015037 200 217 1000 986 1000 1000 0 5
0.166667 0.185068 0.014197 200 218 1000 1021 1000 1000 0 5
0.166667 0.144426 0.013891 200 181 1000 997 1000 1000 0 5
0.166667 0.167078 0.014517 200 205 1000 1017 1000 1000 0 5
0.166667 0.167426 0.015041 200 209 1000 988 1000 1000 0 5
0.166667 0.134810 0.014077 200 190 1000 978 1000 1000 0 5
0.166667 0.189551 0.014689 200 211 1000 1000 1000 1000 0 5
0.166667 0.179793 0.014913 200 225 1000 971 1000 1000 0 5
0.166667 0.176946 0.014798 200 187 1000 957 1000 1000 0 5
0.166667 0.195078 0.014390 200 221 1000 1013 1000 1000 0 5
0.166667 0.164439 0.014283 200 185 1000 1017 1000 1000 0 5
0.166667 0.188265 0.014626 200 206 1000 958 1000 1000 0 5
0.166667 0.172842 0.014836 200 184 1000 963 1000 1000 0 5
0.166667 0.168878 0.014378 200 185 1000 982 1000 1000 0 5
0.166667 0.178553 0.014195 200 220 1000 1033 1000 1000 0 5
0.166667 0.178644 0.014485 200 201 1000 1015 1000 1000 0 5
0.166667 0.188831 0.015054 200 221 1000 1004 1000 1000 0 5
0.166667 0.189816 0.014579 200 208 1000 1022 1000 1000 0 5
0.166667 0.125237 0.013714 200 176 1000 1058 1000 1000 0 5
0.166667 0.148968 0.013878 200 206 1000 1026 1000 1000 0 5
0.166667 0.174642 0.014990 200 172 1000 1011 1000 1000 0 5
0.166667 0.178821 0.014189 200 214 1000 1061 1000 1000 0 5
0.166667 0.185484 0.015063 200 216 1000 962 1000 1000 0 5
0.166667 0.141349 0.013727 200 182 1000 1042 1000 1000 0 5
0.166667 0.163093 0.014333 200 190 1000 995 1000 1000 0 5
0.166667 0.150872 0.014303 200 194 1000 1012 1000 1000 0 5
0.166667 0.157746 0.014540 200 179 1000 1007 1000 1000 0 5
0.166667 0.161811 0.014237 200 209 1000 1020 1000 1000 0 5
0.166667 0.170456 0.014057 200 201 1000 1026 1000 1000 0 5
0.166667 0.134154 0.014129 200 157 1000 977 1000 1000 0 5
0.166667 0.147293 0.014414 200 194 1000 1008 1000 1000 0 5
0.166667 0.163346 0.014758 200 197 1000 985 1000 1000 0 5
0.166667 0.161300 0.015086 200 198 1000 952 1000 1000 0 5
0.166667 0.143357 0.014629 200 178 1000 950 1000 1000 0 5
0.166667 0.144632 0.014184 200 191 1000 991 1000 1000 0 5
0.166667 0.191128 0.014697 200 191 1000 1000 1000 1000 0 5
0.166667 0.156636 0.014483 200 181 1000 1031 1000 1000 0 5
0.166667 0.174469 0.014389 200 213 1000 1042 1000 1000 0 5
0.166667 0.173512 0.015047 200 188 1000 975 1000 1000 0 5
0.166667 0.162372 0.014376 200 194 1000 1024 1000 1000 0 5
0.166667 0.171923 0.014349 200 212 1000 1009 1000 1000 0 5
0.166667 0.175032 0.014969 200 217 1000 967 1000 1000 0 5
0.166667 0.194359 0.015328 200 182 1000 964 1000 1000 0 5
0.166667 0.179570 0.014963 200 208 1000 981 1000 1000 0 5
0.166667 0.220959 0.015955 200 242 1000 912 1000 1000 0 5
0.166667 0.167749 0.014747 200 220 1000 1012 1000 1000 0 5
0.166667 0.162326 0.014667 200 196 1000 964 1000 1000 0 5
0.166667 0.176086 0.014501 200 203 1000 999 1000 1000 0 5
0.166667 0.162433 0.014095 200 179 1000 1021 1000 1000 0 5
0.166667 0.158027 0.014517 200 185 1000 991 1000 1000 0 5
0.166667 0.143976 0.014141 200 189 1000 986 1000 1000 0 5
0.166667 0.171362 0.014233 200 184 1000 1011 1000 1000 0 5
0.166667 0.149174 0.014118 200 190 1000 1011 1000 1000 0 5
0.166667 0.199750 0.014875 200 214 1000 1006 1000 1000 0 5
0.166667 0.157703 0.014398 200 204 1000 1052 1000 1000 0 5
0.166667 0.185892 0.014230 200 175 1000 1036 1000 1000 0 5
0.166667 0.168166 0.015022 200 192 1000 968 1000 1000 0 5
0.166667 0.160420 0.014462 200 191 1000 983 1000 1000 0 5
0.166667 0.206814 0.015267 200 214 1000 955 1000 1000 0 5
0.166667 0.167954 0.014490 200 194 1000 1021 1000 1000 0 5
0.166667 0.171456 0.014626 200 205 1000 981 1000 1000 0 5
0.166667 0.169658 0.014221 200 210 1000 1087 1000 1000 0 5
0.166667 0.166158 0.014164 200 197 1000 975 1000 1000 0 5
0.166667 0.143463 0.014702 200 184 1000 963 1000 1000 0 5
0.166667 0.135646 0.014411 200 190 1000 1007 1000 1000 0 5
0.166667 0.151509 0.014104 200 192 1000 1002 1000 1000 0 5
0.166667 0.175429 0.014799 200 185 1000 961 1000 1000 0 5
0.166667 0.170477 0.014600 200 200 1000 964 1000 1000 0 5
0.166667 0.158272 0.014469 200 200 1000 964 1000 1000 0 5
0.166667 0.142393 0.013834 200 183 1000 1075 1000 1000 0 5
0.166667 0.163436 0.014321 200 180 1000 1034 1000 1000 0 5
0.166667 0.162167 0.014528 200 186 1000 997 1000 1000 0 5
0.166667 0.178389 0.014498 200 193 1000 1002 1000 1000 0 5
0.166667 0.185244 0.015028 200 199 1000 945 1000 1000 0 5
0.166667 0.169954 0.014179 200 216 1000 1018 1000 1000 0 5
0.166667 0.148899 0.014023 200 194 1000 1031 1000 1000 0 5
0.166667 0.175939 0.014493 200 192 1000 1004 1000 1000 0 5
0.166667 0.160658 0.014401 200 189 1000 986 1000 1000 0 5
0.166667 0.191568 0.015038 200 232 1000 972 1000 1000 0 5
0.166667 0.167342 0.014118 200 194 1000 1015 1000 1000 0 5
0.166667 0.159244 0.014573 200 165 1000 971 1000 1000 0 5
0.166667 0.167029 0.014690 200 202 1000 1009 1000 1000 0 5
0.166667 0.181675 0.014053 200 193 1000 1059 1000 1000 0 5
0.166667 0.142356 0.014100 200 181 1000 992 1000 1000 0 5
0.166667 0.162455 0.013694 200 204 1000 1078 1000 1000 0 5
0.166667 0.170189 0.014460 200 205 1000 1008 1000 1000 0 5
0.166667 0.168031 0.014621 200 193 1000 1002 1000 1000 0 5
0.166667 0.167547 0.014731 200 188 1000 965 1000 1000 0 5
0.166667 0.177086 0.014472 200 208 1000 991 1000 1000 0 5
0.166667 0.206565 0.014510 200 216 1000 989 1000 1000 0 5
0.166667 0.186797 0.015193 200 222 1000 960 1000 1000 0 5
0.166667 0.178260 0.014644 200 204 1000 975 1000 1000 0 5
0.166667 0.139033 0.014393 200 184 1000 1008 1000 1000 0 5
0.166667 0.192979 0.015268 200 208 1000 933 1000 1000 0 5
0.166667 0.224099 0.014858 200 226 1000 959 1000 1000 0 5
0.166667 0.140990 0.014454 200 206 1000 1021 1000 1000 0 5
0.166667 0.190834 0.015243 200 200 1000 927 1000 1000 0 5
0.166667 0.160085 0.014448 200 195 1000 1019 1000 1000 0 5
0.166667 0.187228 0.014812 200 198 1000 999 1000 1000 0 5
0.166667 0.157778 0.014829 200 189 1000 961 1000 1000 0 5
0.166667 0.163433 0.015300 200 202 1000 952 1000 1000 0 5
0.166667 0.179997 0.014477 200 222 1000 1001 1000 1000 0 5
0.166667 0.156203 0.014653 200 184 1000 944 1000 1000 0 5
0.166667 0.157137 0.014857 200 193 1000 990 1000 1000 0 5
0.166667 0.221457 0.014468 200 223 1000 1019 1000 1000 0 5
0.166667 0.166416 0.014833 200 210 1000 1015 1000 1000 0 5
0.166667 0.188427 0.014920 200 218 1000 985 1000 1000 0 5
0.166667 0.143592 0.013756 200 165 1000 1039 1000 1000 0 5
0.166667 0.175140 0.014259 200 210 1000 1007 1000 1000 0 5
0.166667 0.179925 0.014779 200 210 1000 1016 1000 1000 0 5
0.166667 0.191216 0.015051 200 213 1000 993 1000 1000 0 5
0.166667 0.182763 0.014578 200 207 1000 1004 1000 1000 0 5
0.166667 0.180451 0.014521 200 212 1000 969 1000 1000 0 5
0.166667 0.168960 0.014709 200 196 1000 1031 1000 1000 0 5
0.166667 0.145811 0.014260 200 172 1000 1000 1000 1000 0 5
0.166667 0.156505 0.014396 200 205 1000 1021 1000 1000 0 5
0.166667 0.159481 0.014665 200 210 1000 990 1000 1000 0 5
0.166667 0.165693 0.014477 200 208 1000 1001 1000 1000 0 5
0.166667 0.138489 0.014833 200 177 1000 979 1000 1000 0 5
0.166667 0.201462 0.015852 200 221 1000 903 1000 1000 0 5
0.166667 0.186923 0.015009 200 210 1000 963 1000 1000 0 5
0.166667 0.149747 0.014237 200 176 1000 980 1000 1000 0 5
0.166667 0.191297 0.015091 200 235 1000 939 1000 1000 0 5
0.166667 0.210992 0.014716 200 224 1000 991 1000 1000 0 5
0.166667 0.180358 0.014777 200 207 1000 937 1000 1000 0 5
0.166667 0.178556 0.014559 200 195 1000 990 1000 1000 0 5
0.166667 0.167741 0.014858 200 204 1000 951 1000 1000 0 5
0.166667 0.168588 0.014716 200 207 1000 985 1000 1000 0 5
0.166667 0.172983 0.014526 200 195 1000 1031 1000 1000 0 5
0.166667 0.150903 0.014390 200 200 1000 1006 1000 1000 0 5
0.166667 0.155980 0.014388 200 194 1000 1012 1000 1000 0 5
0.166667 0.174057 0.014478 200 192 1000 990 1000 1000 0 5
0.166667 0.184955 0.013855 200 206 1000 1054 1000 1000 0 5
0.166667 0.161751 0.013947 200 200 1000 1032 1000 1000 0 5
0.166667 0.195363 0.014927 200 206 1000 971 1000 1000 0 5
0.166667 0.180501 0.014544 200 221 1000 1012 1000 1000 0 5
0.166667 0.136724 0.014318 200 199 1000 989 1000 1000 0 5
0.166667 0.143285 0.015164 200 179 1000 939 1000 1000 0 5
0.166667 0.190051 0.015119 200 216 1000 984 1000 1000 0 5
0.166667 0.164353 0.014282 200 194 1000 1017 1000 1000 0 5
0.166667 0.147089 0.014482 200 188 1000 1001 1000 1000 0 5
0.166667 0.171933 0.013829 200 188 1000 1029 1000 1000 0 5
0.166667 0.181548 0.014646 200 203 1000 996 1000 1000 0 5
0.166667 0.179222 0.013934 200 213 1000 1051 1000 1000 0 5
0.166667 0.135458 0.014471 200 199 1000 1020 1000 1000 0 5
0.166667 0.196446 0.015366 200 199 1000 923 1000 1000 0 5
0.166667 0.169801 0.014230 200 211 1000 1013 1000 1000 0 5
0.166667 0.145807 0.013969 200 192 1000 1034 1000 1000 0 5
0.166667 0.168383 0.015262 200 196 1000 952 1000 1000 0 5
0.166667 0.141550 0.013761 200 201 1000 1040 1000 1000 0 5
0.166667 0.167066 0.014239 200 186 1000 988 1000 1000 0 5
0.166667 0.159016 0.014098 200 184 1000 1035 1000 1000 0 5
0.166667 0.175025 0.014294 200 208 1000 1027 1000 1000 0 5
0.166667 0.138108 0.013746 200 190 1000 1009 1000 1000 0 5
0.166667 0.131064 0.013751 200 194 1000 1013 1000 1000 0 5
0.166667 0.162454 0.014553 200 185 1000 985 1000 1000 0 5
0.166667 0.160327 0.014509 200 198 1000 967 1000 1000 0 5
0.166667 0.164968 0.015083 200 193 1000 943 1000 1000 0 5
0.166667 0.148658 0.014601 200 169 1000 979 1000 1000 0 5
0.166667 0.162720 0.014960 200 205 1000 1009 1000 1000 0 5
0.166667 0.207925 0.015092 200 229 1000 1025 1000 1000 0 5
0.166667 0.169927 0.014824 200 204 1000 979 1000 1000 0 5
0.166667 0.175834 0.014056 200 218 1000 1056 1000 1000 0 5
0.166667 0.135266 0.014130 200 181 1000 998 1000 1000 0 5
0.166667 0.155235 0.014600 200 194 1000 997 1000 1000 0 5
0.166667 0.177697 0.014947 200 203 1000 934 1000 1000 0 5
0.166667 0.139907 0.014402 200 203 1000 1017 1000 1000 0 5
0.166667 0.180706 0.015133 200 200 1000 954 1000 1000 0 5
0.166667 0.163663 0.014064 200 177 1000 1018 1000 1000 0 5
0.166667 0.158588 0.014519 200 195 1000 988 1000 1000 0 5
0.166667 0.149992 0.014404 200 184 1000 1026 1000 1000 0 5
0.166667 0.157649 0.014508 200 200 1000 1029 1000 1000 0 5
0.166667 0.154546 0.014756 200 207 1000 987 1000 1000 0 5
0.166667 0.176594 0.014613 200 207 1000 1028 1000 1000 0 5
0.166667 0.152376 0.014478 200 179 1000 1007 1000 1000 0 5
0.166667 0.187557 0.014776 200 205 1000 1012 1000 1000 0 5
0.166667 0.179428 0.015006 200 203 1000 977 1000 1000 0 5
0.166667 0.175440 0.015736 200 190 1000 925 1000 1000 0 5
0.166667 0.179947 0.014244 200 216 1000 1034 1000 1000 0 5
0.166667 0.157659 0.014492 200 204 1000 987 1000 1000 0 5
0.166667 0.152378 0.014325 200 190 1000 997 1000 1000 0 5
0.166667 0.186588 0.014619 200 217 1000 1014 1000 1000 0 5
0.166667 0.171546 0.014777 200 187 1000 974 1000 1000 0 5
0.166667 0.177207 0.014723 200 223 1000 1012 1000 1000 0 5
0.166667 0.170116 0.014473 200 194 1000 991 1000 1000 0 5
0.166667 0.141578 0.014048 200 183 1000 983 1000 1000 0 5
0.166667 0.143112 0.014003 200 185 1000 1068 1000 1000 0 5
0.166667 0.167312 0.014703 200 185 1000 981 1000 1000 0 5
0.166667 0.170244 0.014433 200 195 1000 972 1000 1000 0 5
0.166667 0.160854 0.014660 200 204 1000 976 1000 1000 0 5
0.166667 0.127495 0.013607 200 171 1000 1047 1000 1000 0 5
0.166667 0.149064 0.014296 200 207 1000 1010 1000 1000 0 5
0.166667 0.179563 0.014580 200 203 1000 981 1000 1000 0 5
0.166667 0.149689 0.014028 200 190 1000 1022 1000 1000 0 5
0.166667 0.156317 0.014619 200 208 1000 1021 1000 1000 0 5
0.166667 0.169894 0.014535 200 208 1000 953 1000 1000 0 5
0.166667 0.161964 0.014379 200 198 1000 1021 1000 1000 0 5
0.166667 0.133774 0.013525 200 182 1000 1050 1000 1000 0 5
0.166667 0.173766 0.014630 200 201 1000 993 1000 1000 0 5
0.166667 0.187881 0.014908 200 209 1000 970 1000 1000 0 5
0.166667 0.174814 0.014235 200 209 1000 1030 1000 1000 0 5
0.166667 0.149811 0.014353 200 185 1000 1002 1000 1000 0 5
0.166667 0.167316 0.014584 200 222 1000 1042 1000 1000 0 5
0.166667 0.191148 0.015206 200 214 1000 976 1000 1000 0 5
0.166667 0.154749 0.014280 200 200 1000 995 1000 1000 0 5
0.166667 0.195244 0.015168 200 203 1000 1009 1000 1000 0 5
0.166667 0.177479 0.014153 200 189 1000 1039 1000 1000 0 5
0.166667 0.175090 0.014183 200 213 1000 997 1000 1000 0 5
0.166667 0.173571 0.014397 200 202 1000 1070 1000 1000 0 5
0.166667 0.196925 0.015015 200 187 1000 978 1000 1000 0 5
0.166667 0.173121 0.014653 200 210 1000 989 1000 1000 0 5
0.166667 0.158658 0.014745 200 201 1000 1013 1000 1000 0 5
0.166667 0.165424 0.014728 200 186 1000 989 1000 1000 0 5
0.166667 0.180465 0.014645 200 199 1000 997 1000 1000 0 5
0.166667 0.162418 0.014108 200 184 1000 1015 1000 1000 0 5
0.166667 0.161514 0.014726 200 212 1000 1035 1000 1000 0 5
0.166667 0.166558 0.013629 200 197 1000 1064 1000 1000 0 5
0.166667 0.165629 0.014416 200 196 1000 990 1000 1000 0 5
0.166667 0.187615 0.014625 200 215 1000 1016 1000 1000 0 5
0.166667 0.178553 0.013712 200 193 1000 1037 1000 1000 0 5
0.166667 0.150058 0.014167 200 181 1000 982 1000 1000 0 5
0.166667 0.137799 0.013603 200 180 1000 1048 1000 1000 0 5
0.166667 0.165622 0.014458 200 202 1000 1016 1000 1000 0 5
0.166667 0.162931 0.014575 200 209 1000 979 1000 1000 0 5
0.166667 0.195219 0.014592 200 223 1000 1015 1000 1000 0 5
0.166667 0.136889 0.013926 200 211 1000 1037 1000 1000 0 5
0.166667 0.186031 0.014498 200 226 1000 1041 1000 1000 0 5
0.166667 0.177870 0.014369 200 215 1000 1014 1000 1000 0 5
0.166667 0.155655 0.014372 200 205 1000 980 1000 1000 0 5
0.166667 0.161848 0.014979 200 187 1000 986 1000 1000 0 5
0.166667 0.160459 0.014399 200 196 1000 1026 1000 1000 0 5
0.166667 0.205810 0.014630 200 217 1000 1011 1000 1000 0 5
0.166667 0.164823 0.014504 200 168 1000 976 1000 1000 0 5
0.166667 0.172881 0.014444 200 211 1000 1017 1000 1000 0 5
0.166667 0.188998 0.015229 200 207 1000 967 1000 1000 0 5
0.166667 0.160434 0.013798 200 206 1000 1036 1000 1000 0 5
0.166667 0.153612 0.014371 200 182 1000 1032 1000 1000 0 5
0.166667 0.171196 0.014500 200 185 1000 1009 1000 1000 0 5
0.166667 0.173621 0.014417 200 217 1000 1027 1000 1000 0 5
0.166667 0.178830 0.014720 200 202 1000 1006 1000 1000 0 5
0.166667 0.139895 0.013898 200 188 1000 981 1000 1000 0 5
0.166667 0.133010 0.013795 200 182 1000 1009 1000 1000 0 5
0.166667 0.149709 0.014192 200 187 1000 994 1000 1000 0 5
0.166667 0.169625 0.014441 200 177 1000 968 1000 1000 0 5
0.166667 0.179363 0.014779 200 210 1000 1025 1000 1000 0 5
0.166667 0.160236 0.014202 200 177 1000 1019 1000 1000 0 5
0.166667 0.187773 0.014811 200 197 1000 958 1000 1000 0 5
0.166667 0.146584 0.014453 200 214 1000 1036 1000 1000 0 5
0.166667 0.182489 0.014836 200 214 1000 978 1000 1000 0 5
0.166667 0.173342 0.014053 200 201 1000 1030 1000 1000 0 5
0.166667 0.126534 0.013966 200 201 1000 1003 1000 1000 0 5
0.166667 0.191815 0.014588 200 224 1000 1032 1000 1000 0 5
0.166667 0.182277 0.014919 200 218 1000 964 1000 1000 0 5
0.166667 0.148218 0.013613 200 195 1000 1039 1000 1000 0 5
0.166667 0.163391 0.014527 200 200 1000 1005 1000 1000 0 5
0.166667 0.165478 0.014759 200 210 1000 976 1000 1000 0 5
0.166667 0.178966 0.014138 200 215 1000 1045 1000 1000 0 5
0.166667 0.177246 0.015441 200 191 1000 943 1000 1000 0 5
0.166667 0.191675 0.014854 200 228 1000 967 1000 1000 0 5
0.166667 0.169800 0.014902 200 189 1000 961 1000 1000 0 5
0.166667 0.151770 0.014097 200 193 1000 993 1000 1000 0 5
0.166667 0.161142 0.014832 200 216 1000 1013 1000 1000 0 5
0.166667 0.164418 0.014699 200 198 1000 985 1000 1000 0 5
0.166667 0.153593 0.014314 200 197 1000 991 1000 1000 0 5
0.166667 0.184628 0.014712 200 188 1000 974 1000 1000 0 5
0.166667 0.186894 0.014966 200 193 1000 990 1000 1000 0 5
0.166667 0.139810 0.013866 200 184 1000 1009 1000 1000 0 5
0.166667 0.176871 0.014221 200 206 1000 1006 1000 1000 0 5
0.166667 0.194253 0.014695 200 203 1000 998 1000 1000 0 5
0.166667 0.197306 0.015197 200 241 1000 963 1000 1000 0 5
0.166667 0.175700 0.014414 200 206 1000 1019 1000 1000 0 5
0.166667 0.168751 0.014607 200 204 1000 1007 1000 1000 0 5
0.166667 0.170976 0.013898 200 223 1000 1036 1000 1000 0 5
0.166667 0.187747 0.014796 200 217 1000 956 1000 1000 0 5
0.166667 0.172071 0.013814 200 201 1000 1055 1000 1000 0 5
0.166667 0.187365 0.014825 200 204 1000 950 1000 1000 0 5
0.166667 0.121966 0.013420 200 158 1000 1029 1000 1000 0 5
0.166667 0.158616 0.013941 200 196 1000 1041 1000 1000 0 5
0.166667 0.149093 0.013857 200 196 1000 1030 1000 1000 0 5
0.166667 0.177010 0.014381 200 185 1000 1004 1000 1000 0 5
0.166667 0.145907 0.014711 200 192 1000 980 1000 1000 0 5
0.166667 0.149384 0.015199 200 175 1000 934 1000 1000 0 5
0.166667 0.158775 0.014638 200 179 1000 997 1000 1000 0 5
0.166667 0.146000 0.014076 200 183 1000 1043 1000 1000 0 5
0.166667 0.128423 0.014054 200 173 1000 993 1000 1000 0 5
0.166667 0.140375 0.014506 200 206 1000 1002 1000 1000 0 5
0.166667 0.162245 0.014544 200 206 1000 987 1000 1000 0 5
0.166667 0.185520 0.014601 200 189 1000 1014 1000 1000 0 5
0.166667 0.178823 0.014232 200 204 1000 1012 1000 1000 0 5
0.166667 0.128818 0.014054 200 168 1000 1010 1000 1000 0 5
0.166667 0.182466 0.014437 200 212 1000 992 1000 1000 0 5
0.166667 0.144602 0.014126 200 187 1000 990 1000 1000 0 5
0.166667 0.152292 0.014649 200 189 1000 956 1000 1000 0 5
0.166667 0.136402 0.014008 200 194 1000 1015 1000 1000 0 5
0.166667 0.157458 0.014887 200 196 1000 974 1000 1000 0 5
0.166667 0.138995 0.014380 200 174 1000 944 1000 1000 0 5
0.166667 0.136085 0.014703 200 164 1000 949 1000 1000 0 5
0.166667 0.179784 0.015207 200 192 1000 944 1000 1000 0 5
0.166667 0.157628 0.014990 200 201 1000 942 1000 1000 0 5
0.166667 0.161998 0.014252 200 218 1000 1001 1000 1000 0 5
0.166667 0.195598 0.014880 200 216 1000 945 1000 1000 0 5
0.166667 0.155719 0.014813 200 195 1000 1002 1000 1000 0 5
0.166667 0.160456 0.014237 200 207 1000 1025 1000 1000 0 5
0.166667 0.153251 0.015090 200 197 1000 965 1000 1000 0 5
0.166667 0.176751 0.014682 200 210 1000 993 1000 1000 0 5
0.166667 0.162180 0.014902 200 182 1000 937 1000 1000 0 5
0.166667 0.134194 0.013689 200 172 1000 1078 1000 1000 0 5
0.166667 0.137830 0.014034 200 197 1000 1016 1000 1000 0 5
0.166667 0.187303 0.014437 200 207 1000 1040 1000 1000 0 5
0.166667 0.191476 0.015027 200 208 1000 980 1000 1000 0 5
0.166667 0.159914 0.014548 200 179 1000 995 1000 1000 0 5
0.166667 0.160517 0.014205 200 208 1000 1036 1000 1000 0 5
0.166667 0.194550 0.014818 200 215 1000 1003 1000 1000 0 5
0.166667 0.148075 0.013554 200 197 1000 1067 1000 1000 0 5
0.166667 0.166242 0.014991 200 190 1000 953 1000 1000 0 5
0.166667 0.151935 0.013525 200 193 1000 1050 1000 1000 0 5
0.166667 0.195314 0.014925 200 216 1000 1012 1000 1000 0 5
0.166667 0.153670 0.014335 200 199 1000 981 1000 1000 0 5
0.166667 0.192279 0.015541 200 186 1000 930 1000 1000 0 5
0.166667 0.147703 0.013903 200 191 1000 990 1000 1000 0 5
0.166667 0.179943 0.014259 200 204 1000 1013 1000 1000 0 5
0.166667 0.168628 0.014230 200 203 1000 1051 1000 1000 0 5
0.166667 0.150649 0.014164 200 213 1000 1015 1000 1000 0 5
0.166667 0.145122 0.013854 200 196 1000 1008 1000 1000 0 5
0.166667 0.189702 0.015292 200 202 1000 965 1000 1000 0 5
0.166667 0.190624 0.015347 200 201 1000 913 1000 1000 0 5
0.166667 0.193593 0.015625 200 211 1000 950 1000 1000 0 5
0.166667 0.176221 0.014713 200 189 1000 996 1000 1000 0 5
0.166667 0.160884 0.014878 200 195 1000 977 1000 1000 0 5
0.166667 0.179020 0.015301 200 228 1000 989 1000 1000 0 5
0.166667 0.153981 0.014896 200 191 1000 967 1000 1000 0 5
0.166667 0.176540 0.014143 200 204 1000 1046 1000 1000 0 5
0.166667 0.193513 0.015157 200 204 1000 1017 1000 1000 0 5
0.166667 0.167383 0.014490 200 202 1000 1002 1000 1000 0 5
0.166667 0.176866 0.014308 200 218 1000 1000 1000 1000 0 5
0.166667 0.163883 0.015127 200 195 1000 941 1000 1000 0 5
0.166667 0.159303 0.014307 200 185 1000 1003 1000 1000 0 5
0.166667 0.208982 0.015268 200 226 1000 962 1000 1000 0 5
0.166667 0.178278 0.014573 200 184 1000 944 1000 1000 0 5
0.166667 0.165074 0.014590 200 194 1000 1017 1000 1000 0 5
0.166667 0.123921 0.014136 200 182 1000 1021 1000 1000 0 5
0.166667 0.159318 0.014303 200 205 1000 1005 1000 1000 0 5
0.166667 0.168526 0.014629 200 183 1000 964 1000 1000 0 5
0.166667 0.158158 0.014160 200 194 1000 991 1000 1000 0 5
0.166667 0.178973 0.014305 200 197 1000 986 1000 1000 0 5
0.166667 0.170636 0.014997 200 186 1000 982 1000 1000 0 5
0.166667 0.142823 0.013816 200 185 1000 1037 1000 1000 0 5
0.166667 0.181551 0.014635 200 207 1000 1003 1000 1000 0 5
0.166667 0.169245 0.014576 200 206 1000 997 1000 1000 0 5
0.166667 0.173153 0.015244 200 216 1000 969 1000 1000 0 5
0.166667 0.154706 0.014156 200 181 1000 999 1000 1000 0 5
0.166667 0.170646 0.014729 200 193 1000 1042 1000 1000 0 5
0.166667 0.171545 0.014504 200 214 1000 1053 1000 1000 0 5
0.166667 0.187950 0.014237 200 205 1000 1039 1000 1000 0 5
0.166667 0.159136 0.014729 200 188 1000 1008 1000 1000 0 5
0.166667 0.159343 0.014384 200 222 1000 1019 1000 1000 0 5
0.166667 0.154007 0.014547 200 213 1000 1020 1000 1000 0 5
0.166667 0.156260 0.014932 200 196 1000 937 1000 1000 0 5
0.166667 0.152637 0.013856 200 162 1000 1009 1000 1000 0 5
0.166667 0.199130 0.015329 200 214 1000 1001 1000 1000 0 5
0.166667 0.180630 0.014520 200 192 1000 1003 1000 1000 0 5
0.166667 0.157430 0.014678 200 180 1000 988 1000 1000 0 5
0.166667 0.156956 0.014019 200 189 1000 981 1000 1000 0 5
0.166667 0.153677 0.014319 200 179 1000 1030 1000 1000 0 5
0.166667 0.152217 0.014553 200 189 1000 1038 1000 1000 0 5
0.166667 0.160918 0.014399 200 200 1000 1013 1000 1000 0 5
0.166667 0.153812 0.014416 200 206 1000 1022 1000 1000 0 5
0.166667 0.156723 0.014299 200 187 1000 970 1000 1000 0 5
0.166667 0.209371 0.015301 200 213 1000 954 1000 1000 0 5
0.166667 0.178416 0.014455 200 205 1000 1029 1000 1000 0 5
0.166667 0.177958 0.014215 200 202 1000 1010 1000 1000 0 5
0.166667 0.151264 0.014616 200 187 1000 985 1000 1000 0 5
0.166667 0.163795 0.013703 200 188 1000 1043 1000 1000 0 5
0.166667 0.144327 0.014440 200 205 1000 999 1000 1000 0 5
0.166667 0.202612 0.015250 200 197 1000 960 1000 1000 0 5
0.166667 0.153580 0.013989 200 185 1000 1000 1000 1000 0 5
0.166667 0.159166 0.013874 200 195 1000 1059 1000 1000 0 5
0.166667 0.181271 0.015620 200 215 1000 985 1000 1000 0 5
0.166667 0.197865 0.014833 200 220 1000 971 1000 1000 0 5
0.166667 0.176869 0.015303 200 220 1000 985 1000 1000 0 5
0.166667 0.164257 0.014258 200 208 1000 1014 1000 1000 0 5
0.166667 0.175651 0.014564 200 201 1000 971 1000 1000 0 5
0.166667 0.190470 0.015242 200 210 1000 970 1000 1000 0 5
0.166667 0.137504 0.014309 200 184 1000 968 1000 1000 0 5
0.166667 0.167299 0.014490 200 211 1000 989 1000 1000 0 5
0.166667 0.150884 0.013644 200 188 1000 1066 1000 1000 0 5
0.166667 0.185749 0.014793 200 206 1000 984 1000 1000 0 5
0.166667 0.131006 0.013795 200 183 1000 1085 1000 1000 0 5
0.166667 0.171121 0.014192 200 197 1000 1024 1000 1000 0 5
0.166667 0.157078 0.013746 200 193 1000 1069 1000 1000 0 5
0.166667 0.158789 0.014332 200 209 1000 1030 1000 1000 0 5
0.166667 0.167708 0.014908 200 180 1000 1003 1000 1000 0 5
0.166667 0.132416 0.014126 200 207 1000 1043 1000 1000 0 5
0.166667 0.196761 0.014967 200 205 1000 938 1000 1000 0 5
0.166667 0.167594 0.015373 200 195 1000 939 1000 1000 0 5
0.166667 0.142950 0.014411 200 197 1000 974 1000 1000 0 5
0.166667 0.193365 0.014978 200 226 1000 995 1000 1000 0 5
0.166667 0.164421 0.014716 200 185 1000 979 1000 1000 0 5
0.166667 0.144345 0.014533 200 168 1000 991 1000 1000 0 5
0.166667 0.175059 0.014935 200 220 1000 1019 1000 1000 0 5
0.166667 0.167647 0.014815 200 200 1000 973 1000 1000 0 5
0.166667 0.164608 0.014003 200 216 1000 1000 1000 1000 0 5
0.166667 0.158510 0.014069 200 200 1000 1023 1000 1000 0 5
0.166667 0.165708 0.013937 200 190 1000 1024 1000 1000 0 5
0.166667 0.163303 0.014608 200 212 1000 992 1000 1000 0 5
0.166667 0.165365 0.014669 200 208 1000 972 1000 1000 0 5
0.166667 0.158740 0.013992 200 210 1000 1043 1000 1000 0 5
0.166667 0.185541 0.014988 200 199 1000 987 1000 1000 0 5
0.166667 0.178088 0.014297 200 213 1000 1020 1000 1000 0 5
0.166667 0.177206 0.014791 200 221 1000 996 1000 1000 0 5
0.166667 0.163781 0.014666 200 208 1000 1033 1000 1000 0 5
