0.166667 0.178680 0.012189 200 199 1000 926 2 1000 1000 0 3
0.166667 0.165547 0.011942 200 193 1000 944 2 1000 1000 0 3
0.166667 0.163269 0.011367 200 207 1000 1020 2 1000 1000 0 3
0.166667 0.151339 0.011028 200 191 1000 1036 2 1000 1000 0 3
0.166667 0.184177 0.011526 200 229 1000 1059 2 1000 1000 0 3
0.166667 0.199727 0.012093 200 241 1000 994 2 1000 1000 0 3
0.166667 0.179471 0.011737 200 210 1000 1017 2 1000 1000 0 3
0.166667 0.152894 0.011171 200 187 1000 1018 2 1000 1000 0 3
0.166667 0.163200 0.011560 200 198 1000 980 2 1000 1000 0 3
0.166667 0.179340 0.011870 200 214 1000 977 2 1000 1000 0 3
0.166667 0.178466 0.011691 200 213 1000 1008 2 1000 1000 0 3
0.166667 0.172165 0.011600 200 210 1000 1014 2 1000 1000 0 3
0.166667 0.158994 0.011195 200 193 1000 1022 2 1000 1000 0 3
0.166667 0.150408 0.011248 200 179 1000 973 2 1000 1000 0 3
0.166667 0.160968 0.011189 200 200 1000 1036 2 1000 1000 0 3
0.166667 0.161673 0.011650 200 186 1000 977 2 1000 1000 0 3
0.166667 0.175034 0.011563 200 217 1000 1014 2 1000 1000 0 3
0.166667 0.141253 0.010957 200 174 1000 1010 2 1000 1000 0 3
0.166667 0.179979 0.011870 200 214 1000 988 2 1000 1000 0 3
0.166667 0.168681 0.011613 200 196 1000 999 2 1000 1000 0 3
0.166667 0.165312 0.011705 200 189 1000 967 2 1000 1000 0 3
0.166667 0.169494 0.011585 200 201 1000 1009 2 1000 1000 0 3
0.166667 0.182667 0.012076 200 208 1000 968 2 1000 1000 0 3
0.166667 0.194576 0.012034 200 234 1000 1003 2 1000 1000 0 3
0.166667 0.162318 0.011307 200 197 1000 1029 2 1000 1000 0 3
0.166667 0.197658 0.012636 200 221 1000 909 2 1000 1000 0 3
0.166667 0.165227 0.011541 200 198 1000 996 2 1000 1000 0 3
0.166667 0.153930 0.011436 200 184 1000 970 2 1000 1000 0 3
0.166667 0.170064 0.011623 200 208 1000 1003 2 1000 1000 0 3
0.166667 0.168006 0.011846 200 186 1000 962 2 1000 1000 0 3
0.166667 0.171035 0.011606 200 204 1000 998 2 1000 1000 0 3
0.166667 0.162057 0.011268 200 196 1000 1038 2 1000 1000 0 3
0.166667 0.182478 0.011831 200 214 1000 997 2 1000 1000 0 3
0.166667 0.163358 0.011402 200 198 1000 1015 2 1000 1000 0 3
0.166667 0.185884 0.011719 200 236 1000 1023 2 1000 1000 0 3
0.166667 0.167889 0.011706 200 196 1000 974 2 1000 1000 0 3
0.166667 0.182814 0.012058 200 217 1000 955 2 1000 1000 0 3
0.166667 0.157305 0.011390 200 196 1000 989 2 1000 1000 0 3
0.166667 0.173932 0.011986 200 196 1000 929 2 1000 1000 0 3
0.166667 0.170494 0.011779 200 202 1000 951 2 1000 1000 0 3
0.166667 0.169793 0.011477 200 208 1000 1018 2 1000 1000 0 3
0.166667 0.168440 0.011658 200 196 1000 1001 2 1000 1000 0 3
0.166667 0.168834 0.011636 200 201 1000 1007 2 1000 1000 0 3
0.166667 0.181536 0.012291 200 206 1000 937 2 1000 1000 0 3
0.166667 0.155868 0.011388 200 186 1000 990 2 1000 1000 0 3
0.166667 0.163690 0.011217 200 204 1000 1047 2 1000 1000 0 3
0.166667 0.175220 0.011813 200 211 1000 974 2 1000 1000 0 3
0.166667 0.162058 0.011244 200 208 1000 1035 2 1000 1000 0 3
0.166667 0.145902 0.011043 200 168 1000 1026 2 1000 1000 0 3
0.166667 0.169613 0.011821 200 193 1000 975 2 1000 1000 0 3
0.166667 0.141052 0.011019 200 169 1000 986 2 1000 1000 0 3
0.166667 0.150138 0.011200 200 181 1000 1024 2 1000 1000 0 3
0.166667 0.167925 0.011410 200 210 1000 1021 2 1000 1000 0 3
0.166667 0.196823 0.012124 200 237 1000 979 2 1000 1000 0 3
0.166667 0.153932 0.011395 200 179 1000 985 2 1000 1000 0 3
0.166667 0.201355 0.012388 200 232 1000 953 2 1000 1000 0 3
0.166667 0.148080 0.011277 200 177 1000 976 2 1000 1000 0 3
0.166667 0.164957 0.011667 200 197 1000 966 2 1000 1000 0 3
0.166667 0.166781 0.011681 200 187 1000 980 2 1000 1000 0 3
0.166667 0.176215 0.011783 200 214 1000 980 2 1000 1000 0 3
0.166667 0.144093 0.010816 200 183 1000 1057 2 1000 1000 0 3
0.166667 0.153189 0.011320 200 182 1000 996 2 1000 1000 0 3
0.166667 0.169678 0.011678 200 200 1000 998 2 1000 1000 0 3
0.166667 0.151783 0.011251 200 180 1000 999 2 1000 1000 0 3
0.166667 0.178075 0.011628 200 222 1000 1014 2 1000 1000 0 3
0.166667 0.168845 0.012017 200 184 1000 932 2 1000 1000 0 3
0.166667 0.167662 0.011388 200 208 1000 1021 2 1000 1000 0 3
0.166667 0.154530 0.011327 200 189 1000 996 2 1000 1000 0 3
0.166667 0.175386 0.011699 200 202 1000 1001 2 1000 1000 0 3
0.166667 0.147544 0.011144 200 183 1000 1001 2 1000 1000 0 3
0.166667 0.182490 0.011812 200 222 1000 1015 2 1000 1000 0 3
0.166667 0.157750 0.011414 200 189 1000 1000 2 1000 1000 0 3
0.166667 0.162335 0.011336 200 195 1000 1029 2 1000 1000 0 3
0.166667 0.158175 0.011093 200 198 1000 1031 2 1000 1000 0 3
0.166667 0.153638 0.011333 200 179 1000 1004 2 1000 1000 0 3
0.166667 0.180129 0.011856 200 213 1000 985 2 1000 1000 0 3
0.166667 0.137157 0.010948 200 166 1000 1001 2 1000 1000 0 3
0.166667 0.147542 0.011011 200 179 1000 1038 2 1000 1000 0 3
0.166667 0.165383 0.011891 200 184 1000 949 2 1000 1000 0 3
0.166667 0.163261 0.011382 200 199 1000 1005 2 1000 1000 0 3
0.166667 0.162657 0.011208 200 210 1000 1032 2 1000 1000 0 3
0.166667 0.163012 0.011614 200 182 1000 963 2 1000 1000 0 3
0.166667 0.168392 0.011419 200 210 1000 1025 2 1000 1000 0 3
0.166667 0.146255 0.011267 200 169 1000 985 2 1000 1000 0 3
0.166667 0.168587 0.011849 200 192 1000 941 2 1000 1000 0 3
0.166667 0.164133 0.011349 200 191 1000 1038 2 1000 1000 0 3
0.166667 0.150212 0.011014 200 189 1000 1040 2 1000 1000 0 3
0.166667 0.179565 0.012052 200 201 1000 930 2 1000 1000 0 3
0.166667 0.164988 0.011395 200 202 1000 1013 2 1000 1000 0 3
0.166667 0.184082 0.012017 200 210 1000 965 2 1000 1000 0 3
0.166667 0.179891 0.012151 200 197 1000 948 2 1000 1000 0 3
0.166667 0.163685 0.011670 200 194 1000 960 2 1000 1000 0 3
0.166667 0.169180 0.011530 200 205 1000 1017 2 1000 1000 0 3
0.166667 0.164846 0.011752 200 183 1000 968 2 1000 1000 0 3
0.166667 0.171414 0.011868 200 199 1000 960 2 1000 1000 0 3
0.166667 0.173367 0.011798 200 202 1000 981 2 1000 1000 0 3
0.166667 0.153220 0.011541 200 170 1000 959 2 1000 1000 0 3
0.166667 0.167158 0.011559 200 201 1000 1004 2 1000 1000 0 3
0.166667 0.167817 0.011616 200 204 1000 998 2 1000 1000 0 3
0.166667 0.148165 0.010980 200 177 1000 1049 2 1000 1000 0 3
0.166667 0.158526 0.011385 200 193 1000 1004 2 1000 1000 0 3
0.166667 0.174093 0.011988 200 198 1000 945 2 1000 1000 0 3
0.166667 0.187048 0.011937 200 223 1000 991 2 1000 1000 0 3
0.166667 0.176507 0.011882 200 208 1000 959 2 1000 1000 0 3
0.166667 0.169024 0.011642 200 195 1000 1006 2 1000 1000 0 3
0.166667 0.161375 0.011318 200 197 1000 998 2 1000 1000 0 3
0.166667 0.166093 0.011540 200 198 1000 999 2 1000 1000 0 3
0.166667 0.178453 0.011707 200 224 1000 1018 2 1000 1000 0 3
0.166667 0.163591 0.011384 200 200 1000 1008 2 1000 1000 0 3
0.166667 0.155574 0.011408 200 175 1000 992 2 1000 1000 0 3
0.166667 0.170562 0.011990 200 199 1000 938 2 1000 1000 0 3
0.166667 0.168725 0.011728 200 198 1000 999 2 1000 1000 0 3
0.166667 0.173544 0.011852 200 210 1000 962 2 1000 1000 0 3
0.166667 0.177848 0.011816 200 205 1000 983 2 1000 1000 0 3
0.166667 0.184583 0.011914 200 224 1000 969 2 1000 1000 0 3
0.166667 0.166392 0.011710 200 194 1000 964 2 1000 1000 0 3
0.166667 0.173677 0.011802 200 202 1000 979 2 1000 1000 0 3
0.166667 0.159963 0.011428 200 191 1000 1007 2 1000 1000 0 3
0.166667 0.165205 0.011811 200 190 1000 952 2 1000 1000 0 3
0.166667 0.169482 0.011618 200 212 1000 970 2 1000 1000 0 3
0.166667 0.178141 0.011689 200 217 1000 1015 2 1000 1000 0 3
0.166667 0.161153 0.011702 200 185 1000 952 2 1000 1000 0 3
0.166667 0.177142 0.012266 200 197 1000 903 2 1000 1000 0 3
0.166667 0.144419 0.011249 200 166 1000 979 2 1000 1000 0 3
0.166667 0.154311 0.011231 200 188 1000 1013 2 1000 1000 0 3
0.166667 0.173077 0.011423 200 221 1000 1053 2 1000 1000 0 3
0.166667 0.165672 0.011629 200 199 1000 986 2 1000 1000 0 3
0.166667 0.138410 0.011052 200 163 1000 1005 2 1000 1000 0 3
0.166667 0.176354 0.012053 200 194 1000 951 2 1000 1000 0 3
0.166667 0.176594 0.011564 200 226 1000 1037 2 1000 1000 0 3
0.166667 0.151444 0.011262 200 181 1000 998 2 1000 1000 0 3
0.166667 0.166791 0.011526 200 199 1000 996 2 1000 1000 0 3
0.166667 0.188543 0.012101 200 228 1000 955 2 1000 1000 0 3
0.166667 0.165499 0.011667 200 193 1000 964 2 1000 1000 0 3
0.166667 0.165729 0.011287 200 214 1000 1048 2 1000 1000 0 3
0.166667 0.163026 0.011270 200 206 1000 1029 2 1000 1000 0 3
0.166667 0.177083 0.011604 200 218 1000 1014 2 1000 1000 0 3
0.166667 0.180103 0.011910 200 208 1000 980 2 1000 1000 0 3
0.166667 0.161419 0.011273 200 199 1000 1039 2 1000 1000 0 3
0.166667 0.171731 0.011687 200 205 1000 991 2 1000 1000 0 3
0.166667 0.142222 0.010914 200 182 1000 1018 2 1000 1000 0 3
0.166667 0.160391 0.011278 200 198 1000 1008 2 1000 1000 0 3
0.166667 0.166871 0.011362 200 207 1000 1027 2 1000 1000 0 3
0.166667 0.162534 0.011604 200 195 1000 981 2 1000 1000 0 3
0.166667 0.154746 0.011063 200 194 1000 1041 2 1000 1000 0 3
0.166667 0.171271 0.011436 200 209 1000 1043 2 1000 1000 0 3
0.166667 0.151222 0.011048 200 195 1000 1031 2 1000 1000 0 3
0.166667 0.149966 0.011401 200 174 1000 950 2 1000 1000 0 3
0.166667 0.174307 0.011723 200 193 1000 994 2 1000 1000 0 3
0.166667 0.172863 0.012022 200 193 1000 949 2 1000 1000 0 3
0.166667 0.165873 0.011662 200 196 1000 977 2 1000 1000 0 3
0.166667 0.172436 0.012137 200 197 1000 924 2 1000 1000 0 3
0.166667 0.179572 0.011847 200 218 1000 982 2 1000 1000 0 3
0.166667 0.156078 0.011427 200 181 1000 978 2 1000 1000 0 3
0.166667 0.156601 0.011260 200 200 1000 998 2 1000 1000 0 3
0.166667 0.170077 0.011813 200 195 1000 970 2 1000 1000 0 3
0.166667 0.172207 0.011618 200 210 1000 1009 2 1000 1000 0 3
0.166667 0.172791 0.011382 200 212 1000 1049 2 1000 1000 0 3
0.166667 0.150697 0.011089 200 180 1000 1039 2 1000 1000 0 3
0.166667 0.173474 0.011875 200 202 1000 978 2 1000 1000 0 3
0.166667 0.154583 0.010852 200 199 1000 1070 2 1000 1000 0 3
0.166667 0.170930 0.011469 200 207 1000 1026 2 1000 1000 0 3
0.166667 0.163828 0.011516 200 199 1000 991 2 1000 1000 0 3
0.166667 0.190588 0.012207 200 222 1000 944 2 1000 1000 0 3
0.166667 0.161231 0.011517 200 197 1000 983 2 1000 1000 0 3
0.166667 0.165657 0.011555 200 202 1000 996 2 1000 1000 0 3
0.166667 0.152157 0.011180 200 188 1000 1022 2 1000 1000 0 3
0.166667 0.153403 0.011445 200 180 1000 968 2 1000 1000 0 3
0.166667 0.175798 0.011871 200 208 1000 984 2 1000 1000 0 3
0.166667 0.160693 0.011200 200 206 1000 1035 2 1000 1000 0 3
0.166667 0.177077 0.011536 200 228 1000 1016 2 1000 1000 0 3
0.166667 0.149856 0.010987 200 183 1000 1057 2 1000 1000 0 3
0.166667 0.156594 0.011707 200 181 1000 950 2 1000 1000 0 3
0.166667 0.159451 0.011192 200 201 1000 1027 2 1000 1000 0 3
0.166667 0.145426 0.010818 200 185 1000 1049 2 1000 1000 0 3
0.166667 0.160535 0.011273 200 201 1000 1018 2 1000 1000 0 3
0.166667 0.150833 0.011031 200 191 1000 1029 2 1000 1000 0 3
0.166667 0.169334 0.011580 200 206 1000 1005 2 1000 1000 0 3
0.166667 0.174451 0.011980 200 197 1000 933 2 1000 1000 0 3
0.166667 0.173239 0.011406 200 223 1000 1044 2 1000 1000 0 3
0.166667 0.140520 0.010946 200 163 1000 1011 2 1000 1000 0 3
0.166667 0.171977 0.011577 200 190 1000 1038 2 1000 1000 0 3
0.166667 0.165921 0.011590 200 202 1000 987 2 1000 1000 0 3
0.166667 0.179620 0.011776 200 225 1000 983 2 1000 1000 0 3
0.166667 0.160051 0.011656 200 183 1000 959 2 1000 1000 0 3
0.166667 0.182903 0.011991 200 214 1000 983 2 1000 1000 0 3
0.166667 0.170629 0.011553 200 211 1000 1001 2 1000 1000 0 3
0.166667 0.148734 0.010934 200 187 1000 1040 2 1000 1000 0 3
0.166667 0.160513 0.011407 200 192 1000 1003 2 1000 1000 0 3
0.166667 0.187611 0.012246 200 208 1000 953 2 1000 1000 0 3
0.166667 0.156738 0.011459 200 178 1000 994 2 1000 1000 0 3
0.166667 0.168147 0.011644 200 206 1000 990 2 1000 1000 0 3
0.166667 0.156868 0.011290 200 201 1000 1025 2 1000 1000 0 3
0.166667 0.153629 0.011416 200 181 1000 971 2 1000 1000 0 3
0.166667 0.179460 0.011955 200 213 1000 980 2 1000 1000 0 3
0.166667 0.159153 0.011323 200 193 1000 1025 2 1000 1000 0 3
0.166667 0.160932 0.011432 200 187 1000 1016 2 1000 1000 0 3
0.166667 0.155082 0.011240 200 189 1000 996 2 1000 1000 0 3
0.166667 0.144714 0.010854 200 175 1000 1050 2 1000 1000 0 3
0.166667 0.181556 0.011673 200 215 1000 1029 2 1000 1000 0 3
0.166667 0.155545 0.011181 200 193 1000 1012 2 1000 1000 0 3
0.166667 0.160573 0.011456 200 191 1000 992 2 1000 1000 0 3
0.166667 0.184699 0.011949 200 223 1000 984 2 1000 1000 0 3
0.166667 0.174552 0.011894 200 204 1000 966 2 1000 1000 0 3
0.166667 0.178472 0.011972 200 207 1000 957 2 1000 1000 0 3
0.166667 0.157129 0.011003 200 200 1000 1066 2 1000 1000 0 3
0.166667 0.176571 0.012195 200 199 1000 924 2 1000 1000 0 3
0.166667 0.161673 0.011451 200 202 1000 993 2 1000 1000 0 3
0.166667 0.148183 0.010997 200 186 1000 1014 2 1000 1000 0 3
0.166667 0.169536 0.011561 200 204 1000 1016 2 1000 1000 0 3
0.166667 0.159577 0.011470 200 189 1000 998 2 1000 1000 0 3
0.166667 0.183636 0.011837 200 218 1000 1013 2 1000 1000 0 3
0.166667 0.154588 0.011071 200 206 1000 1036 2 1000 1000 0 3
0.166667 0.161224 0.011192 200 202 1000 1036 2 1000 1000 0 3
0.166667 0.155033 0.011106 200 186 1000 1033 2 1000 1000 0 3
0.166667 0.187762 0.012258 200 224 1000 946 2 1000 1000 0 3
0.166667 0.161859 0.011334 200 196 1000 1024 2 1000 1000 0 3
0.166667 0.167786 0.011528 200 202 1000 1005 2 1000 1000 0 3
0.166667 0.190092 0.012054 200 231 1000 968 2 1000 1000 0 3
0.166667 0.156071 0.011180 200 192 1000 1017 2 1000 1000 0 3
0.166667 0.166055 0.011376 200 198 1000 1034 2 1000 1000 0 3
0.166667 0.169489 0.011501 200 206 1000 1009 2 1000 1000 0 3
0.166667 0.158369 0.011148 200 205 1000 1033 2 1000 1000 0 3
0.166667 0.165453 0.011551 200 191 1000 999 2 1000 1000 0 3
0.166667 0.170184 0.011638 200 206 1000 984 2 1000 1000 0 3
0.166667 0.168035 0.011535 200 203 1000 1007 2 1000 1000 0 3
0.166667 0.162035 0.011162 200 207 1000 1049 2 1000 1000 0 3
0.166667 0.151357 0.010912 200 189 1000 1049 2 1000 1000 0 3
0.166667 0.172268 0.011737 200 194 1000 988 2 1000 1000 0 3
0.166667 0.176639 0.011707 200 215 1000 995 2 1000 1000 0 3
0.166667 0.170877 0.011695 200 209 1000 984 2 1000 1000 0 3
0.166667 0.173905 0.011665 200 212 1000 1008 2 1000 1000 0 3
0.166667 0.178789 0.011840 200 205 1000 996 2 1000 1000 0 3
0.166667 0.183012 0.011910 200 209 1000 990 2 1000 1000 0 3
0.166667 0.166100 0.011716 200 190 1000 965 2 1000 1000 0 3
0.166667 0.170749 0.011437 200 198 1000 1034 2 1000 1000 0 3
0.166667 0.144391 0.011037 200 175 1000 1025 2 1000 1000 0 3
0.166667 0.169782 0.011511 200 212 1000 1031 2 1000 1000 0 3
0.166667 0.169302 0.011330 200 211 1000 1050 2 1000 1000 0 3
0.166667 0.183461 0.012005 200 217 1000 969 2 1000 1000 0 3
0.166667 0.168404 0.011471 200 209 1000 1014 2 1000 1000 0 3
0.166667 0.167433 0.011356 200 210 1000 1042 2 1000 1000 0 3
0.166667 0.154937 0.010900 200 183 1000 1104 2 1000 1000 0 3
0.166667 0.167441 0.011603 200 200 1000 992 2 1000 1000 0 3
0.166667 0.155825 0.011318 200 189 1000 1004 2 1000 1000 0 3
0.166667 0.167226 0.011579 200 199 1000 994 2 1000 1000 0 3
0.166667 0.170285 0.011369 200 208 1000 1035 2 1000 1000 0 3
0.166667 0.151040 0.010962 200 184 1000 1037 2 1000 1000 0 3
0.166667 0.166506 0.011670 200 192 1000 961 2 1000 1000 0 3
0.166667 0.191980 0.012119 200 230 1000 993 2 1000 1000 0 3
0.166667 0.157733 0.011382 200 184 1000 1017 2 1000 1000 0 3
0.166667 0.137624 0.010858 200 165 1000 1019 2 1000 1000 0 3
0.166667 0.174995 0.011665 200 221 1000 1015 2 1000 1000 0 3
0.166667 0.175685 0.012019 200 196 1000 952 2 1000 1000 0 3
0.166667 0.173477 0.012037 200 192 1000 927 2 1000 1000 0 3
0.166667 0.154274 0.011004 200 200 1000 1047 2 1000 1000 0 3
0.166667 0.175658 0.011567 200 222 1000 1034 2 1000 1000 0 3
0.166667 0.185708 0.012014 200 214 1000 972 2 1000 1000 0 3
0.166667 0.164821 0.011318 200 207 1000 1019 2 1000 1000 0 3
0.166667 0.189362 0.011918 200 217 1000 1010 2 1000 1000 0 3
0.166667 0.165127 0.011224 200 202 1000 1057 2 1000 1000 0 3
0.166667 0.174759 0.011732 200 212 1000 967 2 1000 1000 0 3
0.166667 0.165654 0.011841 200 193 1000 938 2 1000 1000 0 3
0.166667 0.147176 0.011046 200 176 1000 1024 2 1000 1000 0 3
0.166667 0.173902 0.012140 200 199 1000 923 2 1000 1000 0 3
0.166667 0.177372 0.011857 200 205 1000 979 2 1000 1000 0 3
0.166667 0.170643 0.011412 200 208 1000 1034 2 1000 1000 0 3
0.166667 0.142138 0.010747 200 175 1000 1059 2 1000 1000 0 3
0.166667 0.170948 0.011432 200 211 1000 1025 2 1000 1000 0 3
0.166667 0.181620 0.011566 200 219 1000 1024 2 1000 1000 0 3
0.166667 0.162229 0.011762 200 184 1000 944 2 1000 1000 0 3
0.166667 0.166677 0.011509 200 196 1000 999 2 1000 1000 0 3
0.166667 0.182999 0.011955 200 214 1000 981 2 1000 1000 0 3
0.166667 0.160830 0.011352 200 191 1000 1017 2 1000 1000 0 3
0.166667 0.166851 0.011478 200 207 1000 1010 2 1000 1000 0 3
0.166667 0.175707 0.011872 200 206 1000 990 2 1000 1000 0 3
0.166667 0.163111 0.011727 200 182 1000 969 2 1000 1000 0 3
0.166667 0.153402 0.011197 200 180 1000 1022 2 1000 1000 0 3
0.166667 0.157619 0.011580 200 177 1000 965 2 1000 1000 0 3
0.166667 0.148675 0.011188 200 178 1000 998 2 1000 1000 0 3
0.166667 0.156123 0.011333 200 184 1000 1001 2 1000 1000 0 3
0.166667 0.186763 0.012158 200 222 1000 954 2 1000 1000 0 3
0.166667 0.166618 0.011737 200 190 1000 972 2 1000 1000 0 3
0.166667 0.175305 0.011696 200 214 1000 1011 2 1000 1000 0 3
0.166667 0.167453 0.011561 200 198 1000 1006 2 1000 1000 0 3
0.166667 0.165770 0.011660 200 191 1000 981 2 1000 1000 0 3
0.166667 0.146175 0.010886 200 184 1000 1042 2 1000 1000 0 3
0.166667 0.186187 0.011961 200 217 1000 992 2 1000 1000 0 3
0.166667 0.161083 0.011378 200 205 1000 1012 2 1000 1000 0 3
0.166667 0.166270 0.011400 200 206 1000 1028 2 1000 1000 0 3
0.166667 0.162843 0.011560 200 191 1000 1000 2 1000 1000 0 3
0.166667 0.169141 0.011727 200 197 1000 988 2 1000 1000 0 3
0.166667 0.165234 0.011454 200 199 1000 1008 2 1000 1000 0 3
0.166667 0.165925 0.011287 200 198 1000 1040 2 1000 1000 0 3
0.166667 0.179848 0.011754 200 225 1000 1002 2 1000 1000 0 3
0.166667 0.149211 0.011197 200 180 1000 997 2 1000 1000 0 3
0.166667 0.166568 0.011613 200 187 1000 992 2 1000 1000 0 3
0.166667 0.149501 0.010992 200 195 1000 1044 2 1000 1000 0 3
0.166667 0.153815 0.010963 200 192 1000 1062 2 1000 1000 0 3
0.166667 0.147112 0.010991 200 170 1000 1040 2 1000 1000 0 3
0.166667 0.150837 0.011318 200 181 1000 987 2 1000 1000 0 3
0.166667 0.173380 0.011590 200 216 1000 1000 2 1000 1000 0 3
0.166667 0.176871 0.011619 200 214 1000 1009 2 1000 1000 0 3
0.166667 0.167242 0.011836 200 198 1000 963 2 1000 1000 0 3
0.166667 0.182667 0.012046 200 211 1000 969 2 1000 1000 0 3
0.166667 0.173535 0.011912 200 199 1000 953 2 1000 1000 0 3
0.166667 0.162571 0.011601 200 201 1000 978 2 1000 1000 0 3
0.166667 0.182771 0.011987 200 219 1000 965 2 1000 1000 0 3
0.166667 0.157858 0.011020 200 202 1000 1079 2 1000 1000 0 3
0.166667 0.170564 0.012131 200 188 1000 928 2 1000 1000 0 3
0.166667 0.168706 0.011467 200 207 1000 1030 2 1000 1000 0 3
0.166667 0.174991 0.011786 200 211 1000 976 2 1000 1000 0 3
0.166667 0.162673 0.011590 200 181 1000 991 2 1000 1000 0 3
0.166667 0.175233 0.011934 200 205 1000 971 2 1000 1000 0 3
0.166667 0.173771 0.011784 200 208 1000 991 2 1000 1000 0 3
0.166667 0.166826 0.011454 200 197 1000 1019 2 1000 1000 0 3
0.166667 0.147871 0.011024 200 175 1000 1041 2 1000 1000 0 3
0.166667 0.181799 0.011924 200 211 1000 993 2 1000 1000 0 3
0.166667 0.170205 0.011456 200 194 1000 1031 2 1000 1000 0 3
0.166667 0.154658 0.011145 200 187 1000 1049 2 1000 1000 0 3
0.166667 0.175985 0.011997 200 198 1000 951 2 1000 1000 0 3
0.166667 0.180087 0.012091 200 211 1000 949 2 1000 1000 0 3
0.166667 0.167748 0.011491 200 205 1000 1009 2 1000 1000 0 3
0.166667 0.159979 0.011486 200 186 1000 989 2 1000 1000 0 3
0.166667 0.181462 0.011714 200 222 1000 1005 2 1000 1000 0 3
0.166667 0.146657 0.011222 200 168 1000 984 2 1000 1000 0 3
0.166667 0.173500 0.011784 200 199 1000 993 2 1000 1000 0 3
0.166667 0.166662 0.011810 200 197 1000 964 2 1000 1000 0 3
0.166667 0.170000 0.011636 200 196 1000 989 2 1000 1000 0 3
0.166667 0.176215 0.011735 200 204 1000 989 2 1000 1000 0 3
0.166667 0.160954 0.011210 200 192 1000 1043 2 1000 1000 0 3
0.166667 0.174366 0.011745 200 206 1000 994 2 1000 1000 0 3
0.166667 0.142508 0.011123 200 173 1000 975 2 1000 1000 0 3
0.166667 0.154409 0.011182 200 178 1000 1034 2 1000 1000 0 3
0.166667 0.136403 0.010547 200 179 1000 1067 2 1000 1000 0 3
0.166667 0.171602 0.011674 200 204 1000 990 2 1000 1000 0 3
0.166667 0.165641 0.011727 200 187 1000 975 2 1000 1000 0 3
0.166667 0.179329 0.011904 200 201 1000 988 2 1000 1000 0 3
0.166667 0.141350 0.010720 200 179 1000 1043 2 1000 1000 0 3
0.166667 0.173875 0.011902 200 194 1000 982 2 1000 1000 0 3
0.166667 0.175004 0.011608 200 211 1000 1019 2 1000 1000 0 3
0.166667 0.156409 0.011152 200 200 1000 1021 2 1000 1000 0 3
0.166667 0.186636 0.011854 200 231 1000 1013 2 1000 1000 0 3
0.166667 0.158095 0.011487 200 183 1000 981 2 1000 1000 0 3
0.166667 0.166440 0.011648 200 204 1000 977 2 1000 1000 0 3
0.166667 0.161052 0.011289 200 196 1000 1043 2 1000 1000 0 3
0.166667 0.162126 0.011229 200 200 1000 1036 2 1000 1000 0 3
0.166667 0.150203 0.011146 200 183 1000 1005 2 1000 1000 0 3
0.166667 0.140365 0.010866 200 170 1000 1023 2 1000 1000 0 3
0.166667 0.176075 0.011730 200 214 1000 984 2 1000 1000 0 3
0.166667 0.162001 0.011652 200 194 1000 975 2 1000 1000 0 3
0.166667 0.138723 0.011050 200 166 1000 970 2 1000 1000 0 3
0.166667 0.165601 0.011512 200 198 1000 1004 2 1000 1000 0 3
0.166667 0.170475 0.011470 200 210 1000 1033 2 1000 1000 0 3
0.166667 0.173937 0.011594 200 215 1000 1000 2 1000 1000 0 3
0.166667 0.163532 0.011090 200 208 1000 1055 2 1000 1000 0 3
0.166667 0.155873 0.011106 200 195 1000 1034 2 1000 1000 0 3
0.166667 0.172147 0.012013 200 200 1000 937 2 1000 1000 0 3
0.166667 0.166877 0.011257 200 205 1000 1033 2 1000 1000 0 3
0.166667 0.164781 0.011593 200 186 1000 980 2 1000 1000 0 3
0.166667 0.165157 0.011521 200 195 1000 989 2 1000 1000 0 3
0.166667 0.178177 0.011538 200 221 1000 1028 2 1000 1000 0 3
0.166667 0.191138 0.012006 200 226 1000 983 2 1000 1000 0 3
0.166667 0.149181 0.011228 200 171 1000 1002 2 1000 1000 0 3
0.166667 0.181870 0.011846 200 208 1000 1004 2 1000 1000 0 3
0.166667 0.168795 0.011390 200 206 1000 1029 2 1000 1000 0 3
0.166667 0.172824 0.011537 200 211 1000 1021 2 1000 1000 0 3
0.166667 0.166826 0.011687 200 193 1000 988 2 1000 1000 0 3
0.166667 0.167679 0.011437 200 204 1000 1029 2 1000 1000 0 3
0.166667 0.159541 0.011054 200 204 1000 1053 2 1000 1000 0 3
0.166667 0.154843 0.011343 200 181 1000 998 2 1000 1000 0 3
0.166667 0.157905 0.011390 200 186 1000 1007 2 1000 1000 0 3
0.166667 0.169524 0.011905 200 199 1000 948 2 1000 1000 0 3
0.166667 0.172929 0.011584 200 202 1000 1011 2 1000 1000 0 3
0.166667 0.170571 0.011581 200 206 1000 1007 2 1000 1000 0 3
0.166667 0.168318 0.011666 200 198 1000 979 2 1000 1000 0 3
0.166667 0.180302 0.011638 200 216 1000 1024 2 1000 1000 0 3
0.166667 0.171113 0.011862 200 194 1000 961 2 1000 1000 0 3
0.166667 0.184968 0.011849 200 215 1000 1007 2 1000 1000 0 3
0.166667 0.164122 0.011719 200 190 1000 978 2 1000 1000 0 3
0.166667 0.157110 0.011302 200 187 1000 1025 2 1000 1000 0 3
0.166667 0.163732 0.011107 200 205 1000 1071 2 1000 1000 0 3
0.166667 0.194225 0.011907 200 252 1000 1003 2 1000 1000 0 3
0.166667 0.173566 0.011968 200 204 1000 936 2 1000 1000 0 3
0.166667 0.162596 0.011902 200 173 1000 942 2 1000 1000 0 3
0.166667 0.164144 0.011345 200 194 1000 1045 2 1000 1000 0 3
0.166667 0.180778 0.011952 200 220 1000 959 2 1000 1000 0 3
0.166667 0.154320 0.011422 200 179 1000 983 2 1000 1000 0 3
0.166667 0.149030 0.011326 200 180 1000 981 2 1000 1000 0 3
0.166667 0.185421 0.012026 200 216 1000 964 2 1000 1000 0 3
0.166667 0.152544 0.011222 200 193 1000 1024 2 1000 1000 0 3
0.166667 0.159004 0.011084 200 202 1000 1063 2 1000 1000 0 3
0.166667 0.149370 0.011081 200 179 1000 1030 2 1000 1000 0 3
0.166667 0.158542 0.011500 200 184 1000 999 2 1000 1000 0 3
0.166667 0.150484 0.011276 200 180 1000 1006 2 1000 1000 0 3
0.166667 0.168378 0.011565 200 203 1000 1001 2 1000 1000 0 3
0.166667 0.145861 0.011108 200 171 1000 1012 2 1000 1000 0 3
0.166667 0.165455 0.011338 200 207 1000 1020 2 1000 1000 0 3
0.166667 0.195976 0.012202 200 236 1000 968 2 1000 1000 0 3
0.166667 0.153571 0.011408 200 179 1000 999 2 1000 1000 0 3
0.166667 0.171172 0.011643 200 208 1000 991 2 1000 1000 0 3
0.166667 0.165627 0.011468 200 201 1000 999 2 1000 1000 0 3
0.166667 0.167823 0.011468 200 213 1000 1028 2 1000 1000 0 3
0.166667 0.147553 0.011080 200 187 1000 1015 2 1000 1000 0 3
0.166667 0.165802 0.011355 200 208 1000 1024 2 1000 1000 0 3
0.166667 0.167173 0.011389 200 211 1000 1025 2 1000 1000 0 3
0.166667 0.147897 0.010939 200 187 1000 1031 2 1000 1000 0 3
0.166667 0.165385 0.011563 200 200 1000 982 2 1000 1000 0 3
0.166667 0.168218 0.011463 200 209 1000 1028 2 1000 1000 0 3
0.166667 0.157778 0.011291 200 193 1000 1022 2 1000 1000 0 3
0.166667 0.162533 0.011384 200 202 1000 1002 2 1000 1000 0 3
0.166667 0.163300 0.011365 200 199 1000 1010 2 1000 1000 0 3
0.166667 0.158584 0.011396 200 197 1000 986 2 1000 1000 0 3
0.166667 0.169538 0.011617 200 203 1000 985 2 1000 1000 0 3
0.166667 0.167981 0.011719 200 192 1000 991 2 1000 1000 0 3
0.166667 0.160269 0.010937 200 205 1000 1083 2 1000 1000 0 3
0.166667 0.153709 0.011130 200 191 1000 1019 2 1000 1000 0 3
0.166667 0.164027 0.011481 200 201 1000 1002 2 1000 1000 0 3
0.166667 0.172551 0.011837 200 198 1000 974 2 1000 1000 0 3
0.166667 0.179883 0.011895 200 219 1000 985 2 1000 1000 0 3
0.166667 0.169255 0.011459 200 215 1000 1030 2 1000 1000 0 3
0.166667 0.171749 0.011469 200 210 1000 1017 2 1000 1000 0 3
0.166667 0.161713 0.011392 200 195 1000 1004 2 1000 1000 0 3
0.166667 0.163663 0.011382 200 201 1000 1011 2 1000 1000 0 3
0.166667 0.159492 0.011350 200 189 1000 999 2 1000 1000 0 3
0.166667 0.150961 0.011360 200 176 1000 982 2 1000 1000 0 3
0.166667 0.170433 0.011751 200 199 1000 976 2 1000 1000 0 3
0.166667 0.155826 0.011275 200 194 1000 1017 2 1000 1000 0 3
0.166667 0.177894 0.011572 200 224 1000 1023 2 1000 1000 0 3
0.166667 0.156410 0.011259 200 186 1000 1015 2 1000 1000 0 3
0.166667 0.180997 0.012308 200 201 1000 917 2 1000 1000 0 3
0.166667 0.168524 0.011641 200 205 1000 980 2 1000 1000 0 3
0.166667 0.161819 0.011451 200 190 1000 1000 2 1000 1000 0 3
0.166667 0.149933 0.011082 200 190 1000 1027 2 1000 1000 0 3
0.166667 0.178376 0.011664 200 215 1000 1015 2 1000 1000 0 3
0.166667 0.151929 0.010994 200 191 1000 1054 2 1000 1000 0 3
0.166667 0.170357 0.011797 200 200 1000 973 2 1000 1000 0 3
0.166667 0.162044 0.011485 200 198 1000 1005 2 1000 1000 0 3
0.166667 0.177190 0.011939 200 204 1000 965 2 1000 1000 0 3
0.166667 0.163005 0.011707 200 185 1000 947 2 1000 1000 0 3
0.166667 0.176829 0.011957 200 200 1000 955 2 1000 1000 0 3
0.166667 0.174370 0.011792 200 207 1000 990 2 1000 1000 0 3
0.166667 0.165528 0.011555 200 199 1000 988 2 1000 1000 0 3
0.166667 0.166609 0.011399 200 218 1000 1016 2 1000 1000 0 3
0.166667 0.167859 0.011282 200 203 1000 1048 2 1000 1000 0 3
0.166667 0.165479 0.011292 200 205 1000 1057 2 1000 1000 0 3
0.166667 0.172654 0.011821 200 216 1000 971 2 1000 1000 0 3
0.166667 0.161746 0.011415 200 195 1000 1009 2 1000 1000 0 3
0.166667 0.167650 0.011409 200 213 1000 1033 2 1000 1000 0 3
0.166667 0.162398 0.011843 200 187 1000 927 2 1000 1000 0 3
0.166667 0.182390 0.012214 200 206 1000 922 2 1000 1000 0 3
0.166667 0.160916 0.011354 200 192 1000 1015 2 1000 1000 0 3
0.166667 0.167985 0.011543 200 203 1000 993 2 1000 1000 0 3
0.166667 0.156558 0.011213 200 194 1000 1024 2 1000 1000 0 3
0.166667 0.182869 0.012221 200 218 1000 928 2 1000 1000 0 3
0.166667 0.152314 0.011326 200 185 1000 976 2 1000 1000 0 3
0.166667 0.157996 0.011257 200 203 1000 1013 2 1000 1000 0 3
0.166667 0.156990 0.011101 200 201 1000 1039 2 1000 1000 0 3
0.166667 0.169689 0.011481 200 206 1000 1012 2 1000 1000 0 3
0.166667 0.185004 0.011941 200 229 1000 984 2 1000 1000 0 3
0.166667 0.173712 0.011642 200 206 1000 987 2 1000 1000 0 3
0.166667 0.170413 0.011888 200 204 1000 938 2 1000 1000 0 3
0.166667 0.171994 0.011439 200 220 1000 1026 2 1000 1000 0 3
0.166667 0.160293 0.011011 200 208 1000 1054 2 1000 1000 0 3
0.166667 0.161888 0.011359 200 201 1000 1010 2 1000 1000 0 3
0.166667 0.152729 0.011408 200 179 1000 986 2 1000 1000 0 3
0.166667 0.162597 0.011279 200 206 1000 1047 2 1000 1000 0 3
0.166667 0.161544 0.011612 200 197 1000 959 2 1000 1000 0 3
0.166667 0.157174 0.011430 200 186 1000 976 2 1000 1000 0 3
0.166667 0.193013 0.011992 200 239 1000 987 2 1000 1000 0 3
0.166667 0.184045 0.011618 200 230 1000 1025 2 1000 1000 0 3
0.166667 0.161592 0.011685 200 186 1000 971 2 1000 1000 0 3
0.166667 0.169780 0.011786 200 206 1000 971 2 1000 1000 0 3
0.166667 0.152149 0.010960 200 190 1000 1049 2 1000 1000 0 3
0.166667 0.172415 0.011847 200 198 1000 964 2 1000 1000 0 3
0.166667 0.164772 0.011383 200 201 1000 1023 2 1000 1000 0 3
0.166667 0.159050 0.011136 200 204 1000 1030 2 1000 1000 0 3
0.166667 0.165715 0.011404 200 202 1000 1008 2 1000 1000 0 3
0.166667 0.167277 0.011398 200 208 1000 1016 2 1000 1000 0 3
0.166667 0.170772 0.011504 200 208 1000 1012 2 1000 1000 0 3
0.166667 0.170456 0.011630 200 205 1000 991 2 1000 1000 0 3
0.166667 0.174412 0.012156 200 196 1000 919 2 1000 1000 0 3
0.166667 0.205656 0.012596 200 244 1000 928 2 1000 1000 0 3
0.166667 0.192093 0.012215 200 224 1000 957 2 1000 1000 0 3
0.166667 0.162689 0.011295 200 193 1000 1027 2 1000 1000 0 3
0.166667 0.146601 0.011148 200 175 1000 1010 2 1000 1000 0 3
0.166667 0.188422 0.011794 200 227 1000 1037 2 1000 1000 0 3
0.166667 0.182670 0.011726 200 226 1000 1022 2 1000 1000 0 3
0.166667 0.178130 0.012019 200 198 1000 961 2 1000 1000 0 3
0.166667 0.167183 0.011864 200 187 1000 949 2 1000 1000 0 3
0.166667 0.152054 0.010900 200 197 1000 1067 2 1000 1000 0 3
0.166667 0.180491 0.011968 200 212 1000 967 2 1000 1000 0 3
0.166667 0.164318 0.011326 200 201 1000 1023 2 1000 1000 0 3
0.166667 0.171282 0.011464 200 211 1000 1039 2 1000 1000 0 3
0.166667 0.161999 0.011404 200 195 1000 1023 2 1000 1000 0 3
0.166667 0.151640 0.011303 200 177 1000 991 2 1000 1000 0 3
0.166667 0.174004 0.011660 200 218 1000 992 2 1000 1000 0 3
0.166667 0.175607 0.012136 200 204 1000 928 2 1000 1000 0 3
0.166667 0.158432 0.011399 200 189 1000 1003 2 1000 1000 0 3
0.166667 0.160273 0.011071 200 207 1000 1062 2 1000 1000 0 3
0.166667 0.171932 0.011780 200 196 1000 974 2 1000 1000 0 3
0.166667 0.170244 0.011829 200 197 1000 963 2 1000 1000 0 3
0.166667 0.172647 0.011450 200 223 1000 1035 2 1000 1000 0 3
0.166667 0.179707 0.011831 200 212 1000 984 2 1000 1000 0 3
0.166667 0.158280 0.011328 200 187 1000 1012 2 1000 1000 0 3
0.166667 0.146104 0.010874 200 183 1000 1051 2 1000 1000 0 3
0.166667 0.143168 0.010965 200 177 1000 1031 2 1000 1000 0 3
0.166667 0.158563 0.010910 200 207 1000 1097 2 1000 1000 0 3
0.166667 0.154601 0.011218 200 182 1000 1018 2 1000 1000 0 3
0.166667 0.184501 0.011840 200 222 1000 1011 2 1000 1000 0 3
0.166667 0.160225 0.011613 200 183 1000 971 2 1000 1000 0 3
0.166667 0.178767 0.011763 200 211 1000 982 2 1000 1000 0 3
0.166667 0.159148 0.011318 200 195 1000 1007 2 1000 1000 0 3
0.166667 0.170397 0.011678 200 213 1000 971 2 1000 1000 0 3
0.166667 0.168350 0.011528 200 209 1000 999 2 1000 1000 0 3
0.166667 0.176667 0.011659 200 213 1000 994 2 1000 1000 0 3
0.166667 0.192378 0.012343 200 217 1000 918 2 1000 1000 0 3
0.166667 0.149281 0.011308 200 170 1000 989 2 1000 1000 0 3
0.166667 0.176879 0.011674 200 215 1000 1007 2 1000 1000 0 3
0.166667 0.136960 0.010732 200 177 1000 1029 2 1000 1000 0 3
0.166667 0.149833 0.011181 200 170 1000 1017 2 1000 1000 0 3
0.166667 0.168616 0.011441 200 204 1000 1022 2 1000 1000 0 3
0.166667 0.180347 0.011786 200 213 1000 985 2 1000 1000 0 3
0.166667 0.171441 0.011923 200 202 1000 940 2 1000 1000 0 3
0.166667 0.171702 0.011463 200 216 1000 1026 2 1000 1000 0 3
0.166667 0.193229 0.012236 200 226 1000 949 2 1000 1000 0 3
0.166667 0.164813 0.011764 200 196 1000 958 2 1000 1000 0 3
0.166667 0.146283 0.010825 200 187 1000 1063 2 1000 1000 0 3
0.166667 0.168786 0.011510 200 208 1000 1024 2 1000 1000 0 3
0.166667 0.169207 0.012117 200 195 1000 907 2 1000 1000 0 3
0.166667 0.177251 0.011598 200 214 1000 1016 2 1000 1000 0 3
0.166667 0.168746 0.011684 200 207 1000 971 2 1000 1000 0 3
0.166667 0.176157 0.011525 200 212 1000 1041 2 1000 1000 0 3
0.166667 0.147486 0.010959 200 182 1000 1045 2 1000 1000 0 3
0.166667 0.146248 0.011239 200 167 1000 999 2 1000 1000 0 3
0.166667 0.180460 0.011868 200 219 1000 982 2 1000 1000 0 3
0.166667 0.190291 0.011805 200 236 1000 1013 2 1000 1000 0 3
0.166667 0.169453 0.011644 200 198 1000 992 2 1000 1000 0 3
0.166667 0.175209 0.011958 200 203 1000 951 2 1000 1000 0 3
0.166667 0.143578 0.011212 200 176 1000 963 2 1000 1000 0 3
0.166667 0.166744 0.012009 200 187 1000 932 2 1000 1000 0 3
0.166667 0.169260 0.011592 200 209 1000 1004 2 1000 1000 0 3
0.166667 0.162372 0.011539 200 194 1000 993 2 1000 1000 0 3
0.166667 0.169697 0.011573 200 213 1000 1012 2 1000 1000 0 3
0.166667 0.162104 0.011599 200 189 1000 963 2 1000 1000 0 3
0.166667 0.169162 0.011593 200 207 1000 995 2 1000 1000 0 3
0.166667 0.148986 0.010800 200 178 1000 1076 2 1000 1000 0 3
0.166667 0.158710 0.011268 200 194 1000 1010 2 1000 1000 0 3
0.166667 0.181226 0.011983 200 210 1000 981 2 1000 1000 0 3
0.166667 0.171075 0.011320 200 219 1000 1043 2 1000 1000 0 3
0.166667 0.171814 0.011688 200 205 1000 994 2 1000 1000 0 3
0.166667 0.171729 0.011405 200 220 1000 1049 2 1000 1000 0 3
0.166667 0.175691 0.011731 200 216 1000 979 2 1000 1000 0 3
0.166667 0.156483 0.011230 200 189 1000 1017 2 1000 1000 0 3
0.166667 0.170343 0.011512 200 206 1000 1005 2 1000 1000 0 3
0.166667 0.155301 0.011432 200 178 1000 993 2 1000 1000 0 3
0.166667 0.170747 0.011650 200 202 1000 985 2 1000 1000 0 3
0.166667 0.173707 0.011794 200 206 1000 971 2 1000 1000 0 3
0.166667 0.183764 0.011874 200 222 1000 981 2 1000 1000 0 3
0.166667 0.150859 0.010900 200 189 1000 1064 2 1000 1000 0 3
0.166667 0.166707 0.011530 200 200 1000 1014 2 1000 1000 0 3
0.166667 0.162143 0.011351 200 201 1000 1023 2 1000 1000 0 3
0.166667 0.180228 0.011611 200 220 1000 1036 2 1000 1000 0 3
0.166667 0.182797 0.011867 200 212 1000 1009 2 1000 1000 0 3
0.166667 0.161834 0.011477 200 195 1000 998 2 1000 1000 0 3
0.166667 0.154334 0.011261 200 189 1000 1017 2 1000 1000 0 3
0.166667 0.168902 0.011875 200 191 1000 948 2 1000 1000 0 3
0.166667 0.173215 0.011938 200 205 1000 958 2 1000 1000 0 3
0.166667 0.179915 0.012108 200 218 1000 944 2 1000 1000 0 3
0.166667 0.149321 0.010719 200 191 1000 1083 2 1000 1000 0 3
0.166667 0.177439 0.011997 200 200 1000 961 2 1000 1000 0 3
0.166667 0.184219 0.012002 200 221 1000 985 2 1000 1000 0 3
0.166667 0.174168 0.011895 200 198 1000 977 2 1000 1000 0 3
0.166667 0.181835 0.012131 200 219 1000 944 2 1000 1000 0 3
0.166667 0.164021 0.011559 200 199 1000 974 2 1000 1000 0 3
0.166667 0.155690 0.011015 200 194 1000 1065 2 1000 1000 0 3
0.166667 0.172672 0.011759 200 211 1000 998 2 1000 1000 0 3
0.166667 0.167297 0.011429 200 208 1000 1007 2 1000 1000 0 3
0.166667 0.157722 0.011109 200 197 1000 1047 2 1000 1000 0 3
0.166667 0.182968 0.011925 200 214 1000 991 2 1000 1000 0 3
0.166667 0.146990 0.010713 200 194 1000 1073 2 1000 1000 0 3
0.166667 0.155017 0.011317 200 180 1000 1002 2 1000 1000 0 3
0.166667 0.185114 0.011961 200 220 1000 975 2 1000 1000 0 3
0.166667 0.156661 0.011695 200 176 1000 955 2 1000 1000 0 3
0.166667 0.192896 0.012093 200 236 1000 981 2 1000 1000 0 3
0.166667 0.171303 0.011487 200 216 1000 1021 2 1000 1000 0 3
0.166667 0.163440 0.011551 200 194 1000 984 2 1000 1000 0 3
0.166667 0.179376 0.011907 200 215 1000 959 2 1000 1000 0 3
0.166667 0.186693 0.012056 200 220 1000 975 2 1000 1000 0 3
0.166667 0.144775 0.010742 200 174 1000 1070 2 1000 1000 0 3
0.166667 0.182224 0.011894 200 218 1000 973 2 1000 1000 0 3
0.166667 0.165344 0.011741 200 186 1000 978 2 1000 1000 0 3
0.166667 0.171418 0.011796 200 195 1000 961 2 1000 1000 0 3
0.166667 0.188533 0.011695 200 237 1000 1019 2 1000 1000 0 3
0.166667 0.155777 0.011199 200 186 1000 1034 2 1000 1000 0 3
0.166667 0.164479 0.011483 200 207 1000 1002 2 1000 1000 0 3
0.166667 0.182211 0.011896 200 214 1000 1000 2 1000 1000 0 3
0.166667 0.183322 0.011936 200 215 1000 979 2 1000 1000 0 3
0.166667 0.188649 0.011874 200 238 1000 1008 2 1000 1000 0 3
0.166667 0.152723 0.011266 200 190 1000 996 2 1000 1000 0 3
0.166667 0.165681 0.011660 200 198 1000 968 2 1000 1000 0 3
0.166667 0.170967 0.011249 200 212 1000 1052 2 1000 1000 0 3
0.166667 0.161343 0.011281 200 205 1000 1032 2 1000 1000 0 3
0.166667 0.183090 0.011745 200 213 1000 1014 2 1000 1000 0 3
0.166667 0.178327 0.012012 200 204 1000 964 2 1000 1000 0 3
0.166667 0.167796 0.011298 200 205 1000 1057 2 1000 1000 0 3
0.166667 0.178693 0.012070 200 206 1000 958 2 1000 1000 0 3
0.166667 0.183051 0.011752 200 229 1000 1015 2 1000 1000 0 3
0.166667 0.166241 0.011714 200 191 1000 954 2 1000 1000 0 3
0.166667 0.149798 0.011135 200 176 1000 1022 2 1000 1000 0 3
0.166667 0.165074 0.011625 200 190 1000 979 2 1000 1000 0 3
0.166667 0.177759 0.011339 200 226 1000 1059 2 1000 1000 0 3
0.166667 0.158989 0.011178 200 192 1000 1055 2 1000 1000 0 3
0.166667 0.146654 0.011139 200 183 1000 1011 2 1000 1000 0 3
0.166667 0.150907 0.011088 200 186 1000 1023 2 1000 1000 0 3
0.166667 0.186070 0.011982 200 211 1000 995 2 1000 1000 0 3
0.166667 0.166268 0.011574 200 198 1000 1001 2 1000 1000 0 3
0.166667 0.151554 0.010878 200 187 1000 1063 2 1000 1000 0 3
0.166667 0.161652 0.011278 200 206 1000 1029 2 1000 1000 0 3
0.166667 0.171713 0.011521 200 205 1000 1016 2 1000 1000 0 3
0.166667 0.157898 0.011307 200 203 1000 1010 2 1000 1000 0 3
0.166667 0.158922 0.011567 200 189 1000 967 2 1000 1000 0 3
0.166667 0.176940 0.011810 200 209 1000 986 2 1000 1000 0 3
0.166667 0.156909 0.011402 200 184 1000 992 2 1000 1000 0 3
0.166667 0.161395 0.011518 200 192 1000 1002 2 1000 1000 0 3
0.166667 0.157408 0.011202 200 191 1000 1012 2 1000 1000 0 3
0.166667 0.157106 0.011649 200 173 1000 955 2 1000 1000 0 3
0.166667 0.170277 0.011843 200 198 1000 971 2 1000 1000 0 3
0.166667 0.165840 0.011426 200 198 1000 1042 2 1000 1000 0 3
0.166667 0.165539 0.011539 200 198 1000 1007 2 1000 1000 0 3
0.166667 0.152618 0.010888 200 184 1000 1065 2 1000 1000 0 3
0.166667 0.157323 0.011303 200 185 1000 1012 2 1000 1000 0 3
0.166667 0.161485 0.011209 200 199 1000 1039 2 1000 1000 0 3
0.166667 0.185598 0.011912 200 217 1000 988 2 1000 1000 0 3
0.166667 0.167941 0.011384 200 207 1000 1024 2 1000 1000 0 3
0.166667 0.138211 0.011010 200 163 1000 973 2 1000 1000 0 3
0.166667 0.157103 0.011396 200 185 1000 996 2 1000 1000 0 3
0.166667 0.154657 0.010991 200 199 1000 1063 2 1000 1000 0 3
0.166667 0.169447 0.011651 200 196 1000 1001 2 1000 1000 0 3
0.166667 0.163193 0.011434 200 195 1000 1006 2 1000 1000 0 3
0.166667 0.153975 0.011309 200 185 1000 995 2 1000 1000 0 3
0.166667 0.149053 0.011327 200 176 1000 981 2 1000 1000 0 3
0.166667 0.151684 0.011048 200 186 1000 1023 2 1000 1000 0 3
0.166667 0.160979 0.011215 200 203 1000 1033 2 1000 1000 0 3
0.166667 0.164261 0.011760 200 182 1000 965 2 1000 1000 0 3
0.166667 0.181304 0.011563 200 228 1000 1028 2 1000 1000 0 3
0.166667 0.174289 0.012095 200 200 1000 945 2 1000 1000 0 3
0.166667 0.191043 0.012013 200 227 1000 985 2 1000 1000 0 3
0.166667 0.176319 0.011984 200 199 1000 961 2 1000 1000 0 3
0.166667 0.177767 0.011959 200 207 1000 952 2 1000 1000 0 3
0.166667 0.171034 0.011648 200 202 1000 1000 2 1000 1000 0 3
0.166667 0.189373 0.012048 200 236 1000 968 2 1000 1000 0 3
0.166667 0.159623 0.011590 200 187 1000 980 2 1000 1000 0 3
0.166667 0.166437 0.011528 200 194 1000 1000 2 1000 1000 0 3
0.166667 0.173790 0.011775 200 197 1000 975 2 1000 1000 0 3
0.166667 0.160921 0.011653 200 189 1000 972 2 1000 1000 0 3
0.166667 0.161614 0.011424 200 190 1000 1000 2 1000 1000 0 3
0.166667 0.158516 0.011531 200 190 1000 982 2 1000 1000 0 3
0.166667 0.179475 0.011931 200 205 1000 975 2 1000 1000 0 3
0.166667 0.174292 0.012064 200 194 1000 954 2 1000 1000 0 3
0.166667 0.161656 0.011734 200 180 1000 953 2 1000 1000 0 3
0.166667 0.176106 0.011960 200 194 1000 962 2 1000 1000 0 3
0.166667 0.183046 0.012107 200 216 1000 960 2 1000 1000 0 3
0.166667 0.153482 0.011112 200 187 1000 1027 2 1000 1000 0 3
0.166667 0.172779 0.011475 200 217 1000 1013 2 1000 1000 0 3
0.166667 0.135061 0.010857 200 161 1000 1016 2 1000 1000 0 3
0.166667 0.165280 0.011307 200 209 1000 1021 2 1000 1000 0 3
0.166667 0.172270 0.011803 200 200 1000 974 2 1000 1000 0 3
0.166667 0.177644 0.011765 200 214 1000 999 2 1000 1000 0 3
0.166667 0.154499 0.011144 200 193 1000 1034 2 1000 1000 0 3
0.166667 0.186004 0.011971 200 221 1000 986 2 1000 1000 0 3
0.166667 0.140053 0.010838 200 172 1000 1030 2 1000 1000 0 3
0.166667 0.170678 0.011483 200 210 1000 1022 2 1000 1000 0 3
0.166667 0.164351 0.011642 200 194 1000 979 2 1000 1000 0 3
0.166667 0.161947 0.011503 200 193 1000 998 2 1000 1000 0 3
0.166667 0.165425 0.011603 200 196 1000 991 2 1000 1000 0 3
0.166667 0.174538 0.011733 200 208 1000 991 2 1000 1000 0 3
0.166667 0.188433 0.011961 200 219 1000 1007 2 1000 1000 0 3
0.166667 0.178952 0.011946 200 209 1000 970 2 1000 1000 0 3
0.166667 0.169463 0.011516 200 200 1000 1014 2 1000 1000 0 3
0.166667 0.164355 0.011679 200 195 1000 967 2 1000 1000 0 3
0.166667 0.169115 0.011760 200 194 1000 964 2 1000 1000 0 3
0.166667 0.188875 0.011989 200 227 1000 990 2 1000 1000 0 3
0.166667 0.150442 0.011334 200 175 1000 990 2 1000 1000 0 3
0.166667 0.159354 0.011183 200 202 1000 1020 2 1000 1000 0 3
0.166667 0.151778 0.011092 200 185 1000 1047 2 1000 1000 0 3
0.166667 0.157794 0.011196 200 209 1000 1015 2 1000 1000 0 3
0.166667 0.172566 0.011902 200 199 1000 948 2 1000 1000 0 3
0.166667 0.147921 0.011368 200 180 1000 959 2 1000 1000 0 3
0.166667 0.159279 0.011342 200 191 1000 1025 2 1000 1000 0 3
0.166667 0.158163 0.011155 200 201 1000 1047 2 1000 1000 0 3
0.166667 0.171776 0.011633 200 202 1000 980 2 1000 1000 0 3
0.166667 0.173786 0.011927 200 197 1000 988 2 1000 1000 0 3
0.166667 0.185361 0.011779 200 229 1000 999 2 1000 1000 0 3
0.166667 0.158506 0.011199 200 220 1000 1039 2 1000 1000 0 3
0.166667 0.165934 0.011254 200 203 1000 1051 2 1000 1000 0 3
0.166667 0.170661 0.011381 200 207 1000 1060 2 1000 1000 0 3
0.166667 0.166030 0.011415 200 193 1000 1032 2 1000 1000 0 3
0.166667 0.163584 0.011414 200 188 1000 1015 2 1000 1000 0 3
0.166667 0.176299 0.011988 200 199 1000 946 2 1000 1000 0 3
0.166667 0.164166 0.011411 200 194 1000 1014 2 1000 1000 0 3
0.166667 0.171917 0.012136 200 185 1000 939 2 1000 1000 0 3
0.166667 0.190038 0.011988 200 223 1000 1001 2 1000 1000 0 3
0.166667 0.159420 0.011408 200 196 1000 984 2 1000 1000 0 3
0.166667 0.174785 0.011685 200 206 1000 992 2 1000 1000 0 3
0.166667 0.169183 0.011456 200 205 1000 1016 2 1000 1000 0 3
0.166667 0.180901 0.011946 200 219 1000 979 2 1000 1000 0 3
0.166667 0.180434 0.011796 200 221 1000 990 2 1000 1000 0 3
0.166667 0.178244 0.011857 200 213 1000 979 2 1000 1000 0 3
0.166667 0.150161 0.011176 200 184 1000 1002 2 1000 1000 0 3
0.166667 0.161956 0.011325 200 195 1000 1016 2 1000 1000 0 3
0.166667 0.161547 0.011303 200 200 1000 1039 2 1000 1000 0 3
0.166667 0.178104 0.011549 200 214 1000 1036 2 1000 1000 0 3
0.166667 0.157775 0.011306 200 188 1000 1007 2 1000 1000 0 3
0.166667 0.169393 0.011673 200 199 1000 983 2 1000 1000 0 3
0.166667 0.176374 0.011761 200 208 1000 1005 2 1000 1000 0 3
0.166667 0.155115 0.011126 200 195 1000 1041 2 1000 1000 0 3
0.166667 0.160931 0.011504 200 196 1000 981 2 1000 1000 0 3
0.166667 0.178208 0.012324 200 196 1000 917 2 1000 1000 0 3
0.166667 0.179479 0.011812 200 223 1000 977 2 1000 1000 0 3
0.166667 0.175317 0.011918 200 197 1000 972 2 1000 1000 0 3
0.166667 0.168979 0.011572 200 201 1000 1010 2 1000 1000 0 3
0.166667 0.186385 0.012033 200 216 1000 951 2 1000 1000 0 3
0.166667 0.179607 0.011687 200 211 1000 1024 2 1000 1000 0 3
0.166667 0.162092 0.011521 200 195 1000 999 2 1000 1000 0 3
0.166667 0.171217 0.011375 200 218 1000 1032 2 1000 1000 0 3
0.166667 0.157209 0.011286 200 189 1000 1005 2 1000 1000 0 3
0.166667 0.167511 0.011418 200 206 1000 1013 2 1000 1000 0 3
0.166667 0.155103 0.011622 200 183 1000 946 2 1000 1000 0 3
0.166667 0.167091 0.011494 200 200 1000 994 2 1000 1000 0 3
0.166667 0.161816 0.011259 200 193 1000 1031 2 1000 1000 0 3
0.166667 0.175866 0.011951 200 207 1000 952 2 1000 1000 0 3
0.166667 0.172595 0.011705 200 205 1000 988 2 1000 1000 0 3
0.166667 0.186606 0.011810 200 226 1000 995 2 1000 1000 0 3
0.166667 0.172221 0.011599 200 213 1000 994 2 1000 1000 0 3
0.166667 0.164577 0.011374 200 198 1000 1014 2 1000 1000 0 3
0.166667 0.164754 0.011618 200 194 1000 992 2 1000 1000 0 3
0.166667 0.181984 0.012020 200 219 1000 961 2 1000 1000 0 3
0.166667 0.175799 0.011722 200 200 1000 1013 2 1000 1000 0 3
0.166667 0.162449 0.011487 200 193 1000 990 2 1000 1000 0 3
0.166667 0.170756 0.011476 200 208 1000 1037 2 1000 1000 0 3
0.166667 0.152039 0.011038 200 187 1000 1050 2 1000 1000 0 3
0.166667 0.168625 0.011497 200 215 1000 1007 2 1000 1000 0 3
0.166667 0.148313 0.011303 200 174 1000 970 2 1000 1000 0 3
0.166667 0.164889 0.011336 200 212 1000 1035 2 1000 1000 0 3
0.166667 0.169213 0.011411 200 211 1000 1029 2 1000 1000 0 3
0.166667 0.168983 0.011703 200 192 1000 992 2 1000 1000 0 3
0.166667 0.161186 0.011428 200 190 1000 991 2 1000 1000 0 3
0.166667 0.170548 0.011817 200 198 1000 961 2 1000 1000 0 3
0.166667 0.149933 0.011097 200 188 1000 1012 2 1000 1000 0 3
0.166667 0.167148 0.011532 200 200 1000 1010 2 1000 1000 0 3
0.166667 0.164277 0.011581 200 186 1000 1000 2 1000 1000 0 3
0.166667 0.149331 0.011088 200 177 1000 1012 2 1000 1000 0 3
0.166667 0.189441 0.012382 200 213 1000 929 2 1000 1000 0 3
0.166667 0.148671 0.011002 200 181 1000 1036 2 1000 1000 0 3
0.166667 0.172872 0.011883 200 204 1000 973 2 1000 1000 0 3
0.166667 0.179038 0.012075 200 196 1000 960 2 1000 1000 0 3
0.166667 0.143960 0.010802 200 194 1000 1044 2 1000 1000 0 3
0.166667 0.179087 0.011992 200 215 1000 954 2 1000 1000 0 3
0.166667 0.170954 0.011803 200 194 1000 990 2 1000 1000 0 3
0.166667 0.153707 0.011120 200 192 1000 1023 2 1000 1000 0 3
0.166667 0.167705 0.011544 200 203 1000 996 2 1000 1000 0 3
0.166667 0.154629 0.011223 200 188 1000 1015 2 1000 1000 0 3
0.166667 0.161502 0.011477 200 197 1000 994 2 1000 1000 0 3
0.166667 0.174768 0.011580 200 213 1000 1034 2 1000 1000 0 3
0.166667 0.170947 0.011700 200 203 1000 981 2 1000 1000 0 3
0.166667 0.172308 0.011584 200 215 1000 1002 2 1000 1000 0 3
0.166667 0.166220 0.011500 200 198 1000 1013 2 1000 1000 0 3
0.166667 0.148954 0.010897 200 187 1000 1052 2 1000 1000 0 3
0.166667 0.149963 0.011113 200 173 1000 1032 2 1000 1000 0 3
0.166667 0.164388 0.011432 200 199 1000 1006 2 1000 1000 0 3
0.166667 0.166216 0.011601 200 195 1000 987 2 1000 1000 0 3
0.166667 0.175872 0.011783 200 214 1000 1003 2 1000 1000 0 3
0.166667 0.162609 0.011173 200 203 1000 1056 2 1000 1000 0 3
0.166667 0.158862 0.011313 200 189 1000 1008 2 1000 1000 0 3
0.166667 0.150637 0.010963 200 180 1000 1054 2 1000 1000 0 3
0.166667 0.171147 0.011394 200 222 1000 1031 2 1000 1000 0 3
0.166667 0.144933 0.011151 200 171 1000 1009 2 1000 1000 0 3
0.166667 0.175320 0.011896 200 193 1000 963 2 1000 1000 0 3
0.166667 0.162150 0.011611 200 198 1000 973 2 1000 1000 0 3
0.166667 0.183367 0.012007 200 218 1000 969 2 1000 1000 0 3
0.166667 0.169321 0.011583 200 206 1000 1014 2 1000 1000 0 3
0.166667 0.172266 0.011795 200 202 1000 988 2 1000 1000 0 3
0.166667 0.170930 0.011669 200 205 1000 989 2 1000 1000 0 3
0.166667 0.163022 0.011205 200 213 1000 1043 2 1000 1000 0 3
0.166667 0.162833 0.011663 200 199 1000 953 2 1000 1000 0 3
0.166667 0.173128 0.011492 200 216 1000 1017 2 1000 1000 0 3
0.166667 0.172051 0.011709 200 203 1000 1001 2 1000 1000 0 3
0.166667 0.159924 0.011383 200 199 1000 1004 2 1000 1000 0 3
0.166667 0.168546 0.011526 200 199 1000 1001 2 1000 1000 0 3
0.166667 0.166752 0.011792 200 188 1000 962 2 1000 1000 0 3
0.166667 0.174386 0.011608 200 214 1000 1001 2 1000 1000 0 3
0.166667 0.165361 0.011849 200 189 1000 952 2 1000 1000 0 3
0.166667 0.178706 0.011825 200 216 1000 985 2 1000 1000 0 3
0.166667 0.178919 0.011884 200 208 1000 969 2 1000 1000 0 3
0.166667 0.158679 0.011401 200 192 1000 987 2 1000 1000 0 3
0.166667 0.165838 0.011489 200 209 1000 1006 2 1000 1000 0 3
0.166667 0.164310 0.011370 200 205 1000 1031 2 1000 1000 0 3
0.166667 0.186638 0.012079 200 216 1000 959 2 1000 1000 0 3
0.166667 0.174128 0.011778 200 210 1000 984 2 1000 1000 0 3
0.166667 0.189896 0.012240 200 220 1000 947 2 1000 1000 0 3
0.166667 0.157292 0.011269 200 190 1000 1016 2 1000 1000 0 3
0.166667 0.142122 0.011015 200 177 1000 1000 2 1000 1000 0 3
0.166667 0.174586 0.011732 200 206 1000 1002 2 1000 1000 0 3
0.166667 0.149837 0.011255 200 173 1000 989 2 1000 1000 0 3
0.166667 0.166073 0.011732 200 192 1000 966 2 1000 1000 0 3
0.166667 0.160813 0.011441 200 193 1000 984 2 1000 1000 0 3
0.166667 0.165618 0.011765 200 190 1000 958 2 1000 1000 0 3
0.166667 0.172080 0.011754 200 197 1000 1000 2 1000 1000 0 3
0.166667 0.157116 0.011509 200 185 1000 962 2 1000 1000 0 3
0.166667 0.173561 0.011763 200 211 1000 971 2 1000 1000 0 3
0.166667 0.171089 0.011574 200 212 1000 1010 2 1000 1000 0 3
0.166667 0.179403 0.011835 200 217 1000 974 2 1000 1000 0 3
0.166667 0.157311 0.010906 200 200 1000 1085 2 1000 1000 0 3
0.166667 0.190992 0.011934 200 235 1000 1004 2 1000 1000 0 3
0.166667 0.164406 0.011580 200 195 1000 1014 2 1000 1000 0 3
0.166667 0.170693 0.011401 200 210 1000 1029 2 1000 1000 0 3
0.166667 0.152365 0.010941 200 194 1000 1062 2 1000 1000 0 3
0.166667 0.149347 0.011182 200 171 1000 1008 2 1000 1000 0 3
0.166667 0.168802 0.011358 200 201 1000 1024 2 1000 1000 0 3
0.166667 0.167050 0.011443 200 206 1000 1014 2 1000 1000 0 3
0.166667 0.177825 0.011936 200 211 1000 987 2 1000 1000 0 3
0.166667 0.182978 0.011896 200 217 1000 996 2 1000 1000 0 3
0.166667 0.175872 0.011759 200 210 1000 997 2 1000 1000 0 3
0.166667 0.171930 0.011533 200 206 1000 1007 2 1000 1000 0 3
0.166667 0.166599 0.011644 200 199 1000 973 2 1000 1000 0 3
0.166667 0.163125 0.011628 200 197 1000 965 2 1000 1000 0 3
0.166667 0.168915 0.011612 200 204 1000 1003 2 1000 1000 0 3
0.166667 0.176178 0.011827 200 207 1000 986 2 1000 1000 0 3
0.166667 0.159442 0.011421 200 194 1000 1000 2 1000 1000 0 3
0.166667 0.159980 0.011365 200 194 1000 1024 2 1000 1000 0 3
0.166667 0.153812 0.010928 200 190 1000 1067 2 1000 1000 0 3
0.166667 0.167000 0.011297 200 210 1000 1042 2 1000 1000 0 3
0.166667 0.166298 0.011832 200 184 1000 959 2 1000 1000 0 3
0.166667 0.155585 0.011175 200 189 1000 1032 2 1000 1000 0 3
0.166667 0.164805 0.011272 200 205 1000 1040 2 1000 1000 0 3
0.166667 0.177969 0.011539 200 223 1000 1027 2 1000 1000 0 3
0.166667 0.193382 0.012132 200 224 1000 978 2 1000 1000 0 3
0.166667 0.160838 0.011781 200 181 1000 938 2 1000 1000 0 3
0.166667 0.147755 0.011160 200 183 1000 1005 2 1000 1000 0 3
0.166667 0.144916 0.011035 200 180 1000 1018 2 1000 1000 0 3
0.166667 0.157546 0.011390 200 191 1000 997 2 1000 1000 0 3
0.166667 0.167604 0.011566 200 198 1000 1006 2 1000 1000 0 3
0.166667 0.149291 0.011302 200 178 1000 979 2 1000 1000 0 3
0.166667 0.178440 0.012129 200 203 1000 945 2 1000 1000 0 3
0.166667 0.172742 0.011707 200 209 1000 992 2 1000 1000 0 3
0.166667 0.184627 0.012372 200 203 1000 916 2 1000 1000 0 3
0.166667 0.170496 0.011542 200 208 1000 1018 2 1000 1000 0 3
0.166667 0.165619 0.011568 200 203 1000 998 2 1000 1000 0 3
0.166667 0.179501 0.012012 200 207 1000 957 2 1000 1000 0 3
0.166667 0.170885 0.011531 200 213 1000 1012 2 1000 1000 0 3
0.166667 0.184685 0.012008 200 220 1000 993 2 1000 1000 0 3
0.166667 0.175915 0.011627 200 215 1000 1024 2 1000 1000 0 3
0.166667 0.171265 0.011448 200 214 1000 1012 2 1000 1000 0 3
0.166667 0.149703 0.011293 200 179 1000 981 2 1000 1000 0 3
0.166667 0.193593 0.012440 200 217 1000 935 2 1000 1000 0 3
0.166667 0.137587 0.010800 200 173 1000 1036 2 1000 1000 0 3
0.166667 0.164034 0.011792 200 186 1000 962 2 1000 1000 0 3
0.166667 0.152178 0.011217 200 181 1000 1012 2 1000 1000 0 3
0.166667 0.150867 0.010984 200 186 1000 1038 2 1000 1000 0 3
0.166667 0.172365 0.011582 200 213 1000 1000 2 1000 1000 0 3
0.166667 0.158293 0.011168 200 199 1000 1021 2 1000 1000 0 3
0.166667 0.177257 0.011574 200 217 1000 1028 2 1000 1000 0 3
0.166667 0.164588 0.011609 200 196 1000 979 2 1000 1000 0 3
0.166667 0.155033 0.011404 200 180 1000 1004 2 1000 1000 0 3
0.166667 0.176612 0.011766 200 208 1000 1001 2 1000 1000 0 3
0.166667 0.158087 0.011354 200 200 1000 1020 2 1000 1000 0 3
0.166667 0.148878 0.011085 200 183 1000 1034 2 1000 1000 0 3
0.166667 0.179818 0.011861 200 209 1000 1011 2 1000 1000 0 3
0.166667 0.158932 0.011246 200 192 1000 1005 2 1000 1000 0 3
0.166667 0.165199 0.011434 200 198 1000 995 2 1000 1000 0 3
0.166667 0.154107 0.011204 200 188 1000 1029 2 1000 1000 0 3
0.166667 0.182691 0.012122 200 211 1000 957 2 1000 1000 0 3
0.166667 0.178614 0.011936 200 206 1000 990 2 1000 1000 0 3
0.166667 0.188457 0.012431 200 211 1000 927 2 1000 1000 0 3
0.166667 0.159569 0.011590 200 187 1000 960 2 1000 1000 0 3
0.166667 0.181091 0.011796 200 225 1000 1004 2 1000 1000 0 3
0.166667 0.152891 0.010982 200 190 1000 1055 2 1000 1000 0 3
0.166667 0.167132 0.011517 200 202 1000 999 2 1000 1000 0 3
0.166667 0.143935 0.011312 200 169 1000 974 2 1000 1000 0 3
0.166667 0.170712 0.011531 200 213 1000 1008 2 1000 1000 0 3
0.166667 0.166610 0.011659 200 191 1000 973 2 1000 1000 0 3
0.166667 0.172425 0.011762 200 189 1000 984 2 1000 1000 0 3
0.166667 0.173523 0.011848 200 206 1000 965 2 1000 1000 0 3
0.166667 0.170590 0.011320 200 209 1000 1048 2 1000 1000 0 3
0.166667 0.159423 0.011646 200 178 1000 974 2 1000 1000 0 3
0.166667 0.176528 0.011572 200 213 1000 1038 2 1000 1000 0 3
0.166667 0.145204 0.011281 200 168 1000 968 2 1000 1000 0 3
0.166667 0.150742 0.011042 200 188 1000 1027 2 1000 1000 0 3
0.166667 0.180773 0.011866 200 214 1000 983 2 1000 1000 0 3
0.166667 0.168336 0.011665 200 196 1000 980 2 1000 1000 0 3
0.166667 0.172140 0.011821 200 209 1000 977 2 1000 1000 0 3
0.166667 0.156566 0.010996 200 195 1000 1064 2 1000 1000 0 3
0.166667 0.160778 0.011491 200 189 1000 998 2 1000 1000 0 3
0.166667 0.172609 0.011623 200 210 1000 1000 2 1000 1000 0 3
0.166667 0.182776 0.011965 200 213 1000 968 2 1000 1000 0 3
0.166667 0.177315 0.011766 200 206 1000 985 2 1000 1000 0 3
0.166667 0.170410 0.011780 200 187 1000 980 2 1000 1000 0 3
0.166667 0.151045 0.011138 200 185 1000 1022 2 1000 1000 0 3
0.166667 0.179244 0.011657 200 225 1000 1011 2 1000 1000 0 3
0.166667 0.168029 0.011413 200 203 1000 1041 2 1000 1000 0 3
0.166667 0.162739 0.011290 200 202 1000 1029 2 1000 1000 0 3
0.166667 0.160933 0.011334 200 200 1000 1014 2 1000 1000 0 3
0.166667 0.153356 0.011102 200 193 1000 1054 2 1000 1000 0 3
0.166667 0.153497 0.011117 200 185 1000 1009 2 1000 1000 0 3
0.166667 0.144379 0.011019 200 182 1000 1018 2 1000 1000 0 3
0.166667 0.154377 0.011267 200 181 1000 1026 2 1000 1000 0 3
0.166667 0.175134 0.011997 200 193 1000 947 2 1000 1000 0 3
0.166667 0.188796 0.012137 200 219 1000 964 2 1000 1000 0 3
0.166667 0.149744 0.010715 200 198 1000 1085 2 1000 1000 0 3
0.166667 0.184686 0.012007 200 220 1000 976 2 1000 1000 0 3
0.166667 0.156685 0.011194 200 193 1000 1022 2 1000 1000 0 3
0.166667 0.153953 0.011071 200 188 1000 1036 2 1000 1000 0 3
0.166667 0.159695 0.011456 200 188 1000 986 2 1000 1000 0 3
0.166667 0.177457 0.011923 200 205 1000 969 2 1000 1000 0 3
0.166667 0.154807 0.011598 200 171 1000 955 2 1000 1000 0 3
0.166667 0.185840 0.011875 200 232 1000 981 2 1000 1000 0 3
0.166667 0.175034 0.011883 200 202 1000 972 2 1000 1000 0 3
0.166667 0.175924 0.011748 200 210 1000 989 2 1000 1000 0 3
0.166667 0.166188 0.011755 200 199 1000 972 2 1000 1000 0 3
0.166667 0.172877 0.011512 200 208 1000 1017 2 1000 1000 0 3
0.166667 0.164236 0.011264 200 205 1000 1025 2 1000 1000 0 3
0.166667 0.161673 0.011617 200 191 1000 969 2 1000 1000 0 3
0.166667 0.174520 0.011878 200 206 1000 970 2 1000 1000 0 3
0.166667 0.151006 0.010972 200 186 1000 1053 2 1000 1000 0 3
0.166667 0.182957 0.012065 200 209 1000 959 2 1000 1000 0 3
0.166667 0.163444 0.011440 200 194 1000 996 2 1000 1000 0 3
0.166667 0.165202 0.011516 200 200 1000 1005 2 1000 1000 0 3
0.166667 0.189564 0.012012 200 229 1000 990 2 1000 1000 0 3
0.166667 0.141663 0.010846 200 169 1000 1039 2 1000 1000 0 3
0.166667 0.180281 0.011777 200 224 1000 1005 2 1000 1000 0 3
0.166667 0.177656 0.011790 200 211 1000 992 2 1000 1000 0 3
0.166667 0.173807 0.011866 200 208 1000 969 2 1000 1000 0 3
0.166667 0.168714 0.011466 200 210 1000 991 2 1000 1000 0 3
0.166667 0.180923 0.011713 200 214 1000 1018 2 1000 1000 0 3
0.166667 0.163077 0.011414 200 205 1000 1017 2 1000 1000 0 3
0.166667 0.169496 0.011430 200 205 1000 1027 2 1000 1000 0 3
0.166667 0.181311 0.011709 200 224 1000 1017 2 1000 1000 0 3
0.166667 0.176869 0.011707 200 207 1000 998 2 1000 1000 0 3
0.166667 0.156466 0.011460 200 184 1000 999 2 1000 1000 0 3
0.166667 0.179660 0.011991 200 209 1000 963 2 1000 1000 0 3
0.166667 0.178297 0.011889 200 205 1000 974 2 1000 1000 0 3
0.166667 0.173919 0.011999 200 194 1000 936 2 1000 1000 0 3
0.166667 0.192121 0.012477 200 205 1000 927 2 1000 1000 0 3
0.166667 0.146811 0.011237 200 167 1000 999 2 1000 1000 0 3
0.166667 0.185815 0.012021 200 219 1000 980 2 1000 1000 0 3
0.166667 0.149439 0.011021 200 183 1000 1034 2 1000 1000 0 3
0.166667 0.171402 0.011698 200 198 1000 1000 2 1000 1000 0 3
0.166667 0.191446 0.012170 200 222 1000 976 2 1000 1000 0 3
0.166667 0.157421 0.011207 200 189 1000 1028 2 1000 1000 0 3
0.166667 0.166529 0.011485 200 198 1000 1016 2 1000 1000 0 3
0.166667 0.156155 0.011273 200 186 1000 1020 2 1000 1000 0 3
0.166667 0.185342 0.012173 200 214 1000 949 2 1000 1000 0 3
0.166667 0.150513 0.011224 200 182 1000 995 2 1000 1000 0 3
0.166667 0.168456 0.011701 200 204 1000 992 2 1000 1000 0 3
0.166667 0.151348 0.010937 200 191 1000 1067 2 1000 1000 0 3
0.166667 0.162894 0.011619 200 198 1000 981 2 1000 1000 0 3
0.166667 0.163899 0.011529 200 195 1000 996 2 1000 1000 0 3
0.166667 0.156766 0.011240 200 192 1000 1019 2 1000 1000 0 3
0.166667 0.163574 0.011542 200 196 1000 978 2 1000 1000 0 3
0.166667 0.167921 0.011554 200 202 1000 991 2 1000 1000 0 3
0.166667 0.159563 0.011178 200 196 1000 1035 2 1000 1000 0 3
0.166667 0.165552 0.011733 200 194 1000 976 2 1000 1000 0 3
0.166667 0.178049 0.011963 200 203 1000 963 2 1000 1000 0 3
0.166667 0.165272 0.011708 200 188 1000 962 2 1000 1000 0 3
0.166667 0.167199 0.011523 200 205 1000 1024 2 1000 1000 0 3
0.166667 0.177344 0.011754 200 217 1000 1001 2 1000 1000 0 3
0.166667 0.166981 0.011293 200 208 1000 1033 2 1000 1000 0 3
0.166667 0.156823 0.011638 200 185 1000 947 2 1000 1000 0 3
0.166667 0.165443 0.011456 200 202 1000 1005 2 1000 1000 0 3
0.166667 0.167078 0.011506 200 204 1000 999 2 1000 1000 0 3
0.166667 0.159129 0.011297 200 191 1000 1006 2 1000 1000 0 3
0.166667 0.190573 0.012432 200 218 1000 916 2 1000 1000 0 3
0.166667 0.167928 0.011736 200 192 1000 996 2 1000 1000 0 3
0.166667 0.180899 0.011825 200 212 1000 996 2 1000 1000 0 3
0.166667 0.154599 0.011187 200 184 1000 1029 2 1000 1000 0 3
0.166667 0.172283 0.011539 200 209 1000 1003 2 1000 1000 0 3
0.166667 0.176531 0.011840 200 204 1000 974 2 1000 1000 0 3
0.166667 0.189248 0.012222 200 225 1000 942 2 1000 1000 0 3
0.166667 0.176201 0.011966 200 211 1000 955 2 1000 1000 0 3
0.166667 0.153098 0.010998 200 188 1000 1052 2 1000 1000 0 3
0.166667 0.157029 0.011469 200 180 1000 987 2 1000 1000 0 3
0.166667 0.149855 0.010983 200 188 1000 1045 2 1000 1000 0 3
0.166667 0.171891 0.012061 200 192 1000 954 2 1000 1000 0 3
0.166667 0.146244 0.010863 200 175 1000 1067 2 1000 1000 0 3
0.166667 0.161490 0.011193 200 205 1000 1045 2 1000 1000 0 3
0.166667 0.169343 0.011485 200 204 1000 1004 2 1000 1000 0 3
0.166667 0.170982 0.011632 200 206 1000 989 2 1000 1000 0 3
0.166667 0.164562 0.011096 200 220 1000 1062 2 1000 1000 0 3
0.166667 0.195724 0.012394 200 222 1000 950 2 1000 1000 0 3
0.166667 0.171608 0.011587 200 204 1000 1016 2 1000 1000 0 3
0.166667 0.152662 0.010959 200 190 1000 1043 2 1000 1000 0 3
0.166667 0.143598 0.011140 200 176 1000 994 2 1000 1000 0 3
0.166667 0.163803 0.011442 200 201 1000 1010 2 1000 1000 0 3
0.166667 0.183292 0.012088 200 216 1000 952 2 1000 1000 0 3
0.166667 0.168160 0.011542 200 207 1000 1003 2 1000 1000 0 3
0.166667 0.158261 0.011447 200 195 1000 1008 2 1000 1000 0 3
0.166667 0.127953 0.010578 200 157 1000 1012 2 1000 1000 0 3
0.166667 0.177833 0.011742 200 208 1000 994 2 1000 1000 0 3
0.166667 0.185204 0.011539 200 234 1000 1053 2 1000 1000 0 3
