0.166667 0.155865 0.042530 20 19 100 95 1 1000 1000 1000 3
0.166667 0.089823 0.036104 20 20 100 114 1 1000 1000 1000 3
0.166667 0.175472 0.046805 20 18 100 98 1 1000 1000 1000 3
0.166667 0.204045 0.048307 20 19 100 92 1 1000 1000 1000 3
0.166667 0.150127 0.043679 20 18 100 95 1 1000 1000 1000 3
0.166667 0.148253 0.047355 20 14 100 83 1 1000 1000 1000 3
0.166667 0.186341 0.045917 20 21 100 97 1 1000 1000 1000 3
0.166667 0.156662 0.044798 20 21 100 100 1 1000 1000 1000 3
0.166667 0.201626 0.042745 20 25 100 109 1 1000 1000 1000 3
0.166667 0.249359 0.052650 20 24 100 78 1 1000 1000 1000 3
0.166667 0.199813 0.048795 20 19 100 84 1 1000 1000 1000 3
0.166667 0.200489 0.044397 20 22 100 101 1 1000 1000 1000 3
0.166667 0.115236 0.039045 20 19 100 105 1 1000 1000 1000 3
0.166667 0.141454 0.042785 20 20 100 101 1 1000 1000 1000 3
0.166667 0.158444 0.040284 20 18 100 124 1 1000 1000 1000 3
0.166667 nan nan 20 19 100 89 1 1000 1000 1000 3
0.166667 nan nan 20 17 100 124 1 1000 1000 1000 3
0.166667 nan nan 20 18 100 99 1 1000 1000 1000 3
0.166667 0.155644 0.046460 20 18 100 88 1 1000 1000 1000 3
0.166667 0.134287 0.040799 20 16 100 98 1 1000 1000 1000 3
0.166667 0.196368 0.047141 20 19 100 99 1 1000 1000 1000 3
0.166667 0.218629 0.046459 20 26 100 93 1 1000 1000 1000 3
0.166667 0.226836 0.050970 20 21 100 93 1 1000 1000 1000 3
0.166667 0.160104 0.046571 20 24 100 86 1 1000 1000 1000 3
0.166667 0.189230 0.046783 20 20 100 92 1 1000 1000 1000 3
0.166667 0.202811 0.047033 20 27 100 94 1 1000 1000 1000 3
0.166667 0.170265 0.044440 20 19 100 107 1 1000 1000 1000 3
0.166667 0.120636 0.043679 20 17 100 95 1 1000 1000 1000 3
0.166667 0.142837 0.042782 20 19 100 100 1 1000 1000 1000 3
0.166667 0.141554 0.047843 20 13 100 82 1 1000 1000 1000 3
0.166667 0.095019 0.038107 20 18 100 102 1 1000 1000 1000 3
0.166667 0.158671 0.048101 20 12 100 95 1 1000 1000 1000 3
0.166667 nan nan 20 24 100 91 1 1000 1000 1000 3
0.166667 0.114303 0.040269 20 13 100 91 1 1000 1000 1000 3
0.166667 nan nan 20 22 100 89 1 1000 1000 1000 3
0.166667 0.163961 0.042839 20 27 100 107 1 1000 1000 1000 3
0.166667 nan nan 20 18 100 104 1 1000 1000 1000 3
0.166667 0.115503 0.039209 20 16 100 104 1 1000 1000 1000 3
0.166667 0.207791 0.047701 20 20 100 97 1 1000 1000 1000 3
0.166667 0.191132 0.046203 20 25 100 96 1 1000 1000 1000 3
0.166667 nan nan 20 12 100 97 1 1000 1000 1000 3
0.166667 0.159888 0.047576 20 16 100 85 1 1000 1000 1000 3
0.166667 nan nan 20 25 100 94 1 1000 1000 1000 3
0.166667 0.110369 0.037128 20 11 100 116 1 1000 1000 1000 3
0.166667 0.183992 0.045417 20 22 100 101 1 1000 1000 1000 3
0.166667 0.170716 0.041837 20 24 100 106 1 1000 1000 1000 3
0.166667 0.188859 0.041659 20 21 100 120 1 1000 1000 1000 3
0.166667 nan nan 20 17 100 112 1 1000 1000 1000 3
0.166667 nan nan 20 18 100 113 1 1000 1000 1000 3
0.166667 0.136671 0.040304 20 21 100 99 1 1000 1000 1000 3
0.166667 0.182440 0.042528 20 30 100 106 1 1000 1000 1000 3
0.166667 0.166191 0.045456 20 21 100 87 1 1000 1000 1000 3
0.166667 0.155208 0.043635 20 20 100 108 1 1000 1000 1000 3
0.166667 0.139647 0.042154 20 20 100 105 1 1000 1000 1000 3
0.166667 0.191385 0.045602 20 21 100 97 1 1000 1000 1000 3
0.166667 nan nan 20 13 100 84 1 1000 1000 1000 3
0.166667 0.190042 0.044477 20 25 100 110 1 1000 1000 1000 3
0.166667 0.196052 0.047892 20 23 100 89 1 1000 1000 1000 3
0.166667 0.248570 0.051733 20 20 100 83 1 1000 1000 1000 3
0.166667 nan nan 20 27 100 103 1 1000 1000 1000 3
0.166667 0.187813 0.043284 20 25 100 100 1 1000 1000 1000 3
0.166667 0.230312 0.045681 20 29 100 107 1 1000 1000 1000 3
0.166667 0.233065 0.052775 20 20 100 79 1 1000 1000 1000 3
0.166667 0.135920 0.037455 20 25 100 115 1 1000 1000 1000 3
0.166667 0.217555 0.047179 20 24 100 87 1 1000 1000 1000 3
0.166667 0.206759 0.048751 20 21 100 93 1 1000 1000 1000 3
0.166667 0.209220 0.045995 20 27 100 97 1 1000 1000 1000 3
0.166667 0.159911 0.040898 20 18 100 111 1 1000 1000 1000 3
0.166667 0.201796 0.048573 20 23 100 91 1 1000 1000 1000 3
0.166667 0.178752 0.044601 20 21 100 100 1 1000 1000 1000 3
0.166667 0.173934 0.046608 20 17 100 92 1 1000 1000 1000 3
0.166667 0.177547 0.045529 20 19 100 83 1 1000 1000 1000 3
0.166667 0.225546 0.043185 20 32 100 113 1 1000 1000 1000 3
0.166667 nan nan 20 24 100 99 1 1000 1000 1000 3
0.166667 0.149085 0.039390 20 20 100 117 1 1000 1000 1000 3
0.166667 0.202906 0.046385 20 22 100 98 1 1000 1000 1000 3
0.166667 0.141819 0.043364 20 16 100 97 1 1000 1000 1000 3
0.166667 0.196729 0.045763 20 18 100 101 1 1000 1000 1000 3
0.166667 nan nan 20 26 100 83 1 1000 1000 1000 3
0.166667 0.168674 0.042745 20 22 100 102 1 1000 1000 1000 3
0.166667 nan nan 20 24 100 112 1 1000 1000 1000 3
0.166667 0.185813 0.046870 20 13 100 93 1 1000 1000 1000 3
0.166667 0.237074 0.050867 20 29 100 84 1 1000 1000 1000 3
0.166667 nan nan 20 21 100 102 1 1000 1000 1000 3
0.166667 0.121079 0.041254 20 22 100 95 1 1000 1000 1000 3
0.166667 nan nan 20 20 100 101 1 1000 1000 1000 3
0.166667 0.158425 0.045771 20 15 100 98 1 1000 1000 1000 3
0.166667 nan nan 20 14 100 107 1 1000 1000 1000 3
0.166667 nan nan 20 12 100 86 1 1000 1000 1000 3
0.166667 0.179416 0.044818 20 22 100 105 1 1000 1000 1000 3
0.166667 0.117078 0.036225 20 16 100 119 1 1000 1000 1000 3
0.166667 0.121132 0.042280 20 14 100 96 1 1000 1000 1000 3
0.166667 0.108323 0.038233 20 14 100 110 1 1000 1000 1000 3
0.166667 nan nan 20 21 100 112 1 1000 1000 1000 3
0.166667 0.184416 0.044797 20 17 100 101 1 1000 1000 1000 3
0.166667 0.164088 0.045379 20 19 100 93 1 1000 1000 1000 3
0.166667 0.148413 0.047247 20 18 100 82 1 1000 1000 1000 3
0.166667 0.121135 0.039389 20 23 100 101 1 1000 1000 1000 3
0.166667 nan nan 20 19 100 90 1 1000 1000 1000 3
0.166667 0.112540 0.042818 20 14 100 91 1 1000 1000 1000 3
0.166667 nan nan 20 18 100 95 1 1000 1000 1000 3
0.166667 0.170683 0.042955 20 20 100 99 1 1000 1000 1000 3
0.166667 nan nan 20 21 100 124 1 1000 1000 1000 3
0.166667 0.147487 0.038904 20 20 100 124 1 1000 1000 1000 3
0.166667 0.169982 0.044243 20 22 100 96 1 1000 1000 1000 3
0.166667 nan nan 20 17 100 92 1 1000 1000 1000 3
0.166667 0.160954 0.044723 20 16 100 87 1 1000 1000 1000 3
0.166667 0.153070 0.046927 20 18 100 94 1 1000 1000 1000 3
0.166667 0.203809 0.047552 20 21 100 87 1 1000 1000 1000 3
0.166667 0.206306 0.045540 20 24 100 103 1 1000 1000 1000 3
0.166667 0.157629 0.043555 20 20 100 95 1 1000 1000 1000 3
0.166667 nan nan 20 25 100 98 1 1000 1000 1000 3
0.166667 0.105012 0.037007 20 13 100 114 1 1000 1000 1000 3
0.166667 0.158569 0.046793 20 13 100 97 1 1000 1000 1000 3
0.166667 nan nan 20 24 100 111 1 1000 1000 1000 3
0.166667 0.190683 0.042537 20 21 100 109 1 1000 1000 1000 3
0.166667 0.160938 0.039727 20 24 100 106 1 1000 1000 1000 3
0.166667 0.182605 0.039755 20 28 100 128 1 1000 1000 1000 3
0.166667 0.123098 0.038559 20 18 100 113 1 1000 1000 1000 3
0.166667 nan nan 20 17 100 108 1 1000 1000 1000 3
0.166667 0.245871 0.051178 20 22 100 88 1 1000 1000 1000 3
0.166667 0.200036 0.045614 20 18 100 105 1 1000 1000 1000 3
0.166667 nan nan 20 23 100 99 1 1000 1000 1000 3
0.166667 0.102485 0.038121 20 20 100 100 1 1000 1000 1000 3
0.166667 0.191758 0.047518 20 21 100 103 1 1000 1000 1000 3
0.166667 0.125934 0.041729 20 17 100 98 1 1000 1000 1000 3
0.166667 0.177820 0.044039 20 25 100 98 1 1000 1000 1000 3
0.166667 0.091127 0.036012 20 11 100 108 1 1000 1000 1000 3
0.166667 0.178700 0.047863 20 17 100 96 1 1000 1000 1000 3
0.166667 0.151794 0.041269 20 20 100 110 1 1000 1000 1000 3
0.166667 0.118891 0.038876 20 14 100 106 1 1000 1000 1000 3
0.166667 0.187297 0.046369 20 18 100 92 1 1000 1000 1000 3
0.166667 0.199552 0.043124 20 27 100 107 1 1000 1000 1000 3
0.166667 0.120322 0.036774 20 15 100 124 1 1000 1000 1000 3
0.166667 0.184685 0.043729 20 23 100 106 1 1000 1000 1000 3
0.166667 0.138316 0.046056 20 17 100 80 1 1000 1000 1000 3
0.166667 0.106520 0.035514 20 17 100 111 1 1000 1000 1000 3
0.166667 0.167001 0.046922 20 24 100 88 1 1000 1000 1000 3
0.166667 nan nan 20 16 100 93 1 1000 1000 1000 3
0.166667 nan nan 20 24 100 106 1 1000 1000 1000 3
0.166667 0.104861 0.036857 20 15 100 106 1 1000 1000 1000 3
0.166667 0.121462 0.039833 20 9 100 111 1 1000 1000 1000 3
0.166667 0.191719 0.041643 20 28 100 123 1 1000 1000 1000 3
0.166667 0.137325 0.039654 20 22 100 111 1 1000 1000 1000 3
0.166667 0.173027 0.046810 20 24 100 88 1 1000 1000 1000 3
0.166667 0.146734 0.043047 20 21 100 104 1 1000 1000 1000 3
0.166667 0.209222 0.049079 20 21 100 88 1 1000 1000 1000 3
0.166667 nan nan 20 18 100 98 1 1000 1000 1000 3
0.166667 0.152475 0.041161 20 21 100 114 1 1000 1000 1000 3
0.166667 nan nan 20 19 100 98 1 1000 1000 1000 3
0.166667 0.212005 0.044683 20 23 100 108 1 1000 1000 1000 3
0.166667 0.137927 0.045686 20 15 100 93 1 1000 1000 1000 3
0.166667 0.127832 0.039506 20 17 100 108 1 1000 1000 1000 3
0.166667 0.218712 0.046307 20 23 100 105 1 1000 1000 1000 3
0.166667 0.187879 0.042778 20 22 100 113 1 1000 1000 1000 3
0.166667 0.184011 0.044689 20 14 100 107 1 1000 1000 1000 3
0.166667 0.144238 0.041192 20 18 100 108 1 1000 1000 1000 3
0.166667 0.238229 0.047159 20 26 100 110 1 1000 1000 1000 3
0.166667 nan nan 20 22 100 92 1 1000 1000 1000 3
0.166667 0.213949 0.043979 20 23 100 105 1 1000 1000 1000 3
0.166667 0.135996 0.039339 20 23 100 113 1 1000 1000 1000 3
0.166667 0.146730 0.042983 20 17 100 93 1 1000 1000 1000 3
0.166667 0.139320 0.045855 20 18 100 89 1 1000 1000 1000 3
0.166667 0.165167 0.042051 20 23 100 102 1 1000 1000 1000 3
0.166667 nan nan 20 13 100 111 1 1000 1000 1000 3
0.166667 0.140776 0.041554 20 18 100 108 1 1000 1000 1000 3
0.166667 0.179120 0.049369 20 19 100 79 1 1000 1000 1000 3
0.166667 nan nan 20 18 100 98 1 1000 1000 1000 3
0.166667 0.179528 0.046130 20 22 100 98 1 1000 1000 1000 3
0.166667 0.113841 0.037308 20 12 100 113 1 1000 1000 1000 3
0.166667 0.155539 0.040963 20 16 100 111 1 1000 1000 1000 3
0.166667 0.177775 0.043137 20 21 100 106 1 1000 1000 1000 3
0.166667 0.159921 0.043524 20 20 100 101 1 1000 1000 1000 3
0.166667 0.144544 0.044034 20 19 100 91 1 1000 1000 1000 3
0.166667 0.143762 0.042504 20 16 100 99 1 1000 1000 1000 3
0.166667 0.119979 0.042258 20 16 100 90 1 1000 1000 1000 3
0.166667 0.189720 0.046495 20 20 100 91 1 1000 1000 1000 3
0.166667 0.194680 0.042550 20 19 100 114 1 1000 1000 1000 3
0.166667 0.088383 0.038285 20 13 100 97 1 1000 1000 1000 3
0.166667 0.170597 0.044512 20 21 100 101 1 1000 1000 1000 3
0.166667 nan nan 20 20 100 99 1 1000 1000 1000 3
0.166667 0.198043 0.045340 20 20 100 104 1 1000 1000 1000 3
0.166667 0.140120 0.041622 20 16 100 103 1 1000 1000 1000 3
0.166667 0.142539 0.042340 20 20 100 96 1 1000 1000 1000 3
0.166667 0.146394 0.042644 20 20 100 103 1 1000 1000 1000 3
0.166667 0.110052 0.038985 20 20 100 111 1 1000 1000 1000 3
0.166667 nan nan 20 20 100 98 1 1000 1000 1000 3
0.166667 0.079837 0.036546 20 15 100 99 1 1000 1000 1000 3
0.166667 0.127019 0.041043 20 20 100 104 1 1000 1000 1000 3
0.166667 0.109630 0.039177 20 18 100 103 1 1000 1000 1000 3
0.166667 0.217701 0.048104 20 27 100 89 1 1000 1000 1000 3
0.166667 0.174602 0.047768 20 17 100 93 1 1000 1000 1000 3
0.166667 0.139667 0.041658 20 20 100 103 1 1000 1000 1000 3
0.166667 0.088390 0.036991 20 11 100 102 1 1000 1000 1000 3
0.166667 0.243176 0.050689 20 23 100 87 1 1000 1000 1000 3
0.166667 nan nan 20 25 100 105 1 1000 1000 1000 3
0.166667 0.084787 0.033490 20 18 100 113 1 1000 1000 1000 3
0.166667 0.159131 0.043479 20 21 100 90 1 1000 1000 1000 3
0.166667 nan nan 20 26 100 102 1 1000 1000 1000 3
0.166667 0.168514 0.041632 20 21 100 110 1 1000 1000 1000 3
0.166667 0.160389 0.045142 20 18 100 96 1 1000 1000 1000 3
0.166667 nan nan 20 13 100 107 1 1000 1000 1000 3
0.166667 0.151851 0.042514 20 28 100 100 1 1000 1000 1000 3
0.166667 0.200201 0.045020 20 28 100 95 1 1000 1000 1000 3
0.166667 0.257608 0.044042 20 29 100 115 1 1000 1000 1000 3
0.166667 0.146174 0.041097 20 19 100 102 1 1000 1000 1000 3
0.166667 0.162681 0.045275 20 21 100 94 1 1000 1000 1000 3
0.166667 0.122038 0.038989 20 21 100 119 1 1000 1000 1000 3
0.166667 0.159155 0.040880 20 22 100 105 1 1000 1000 1000 3
0.166667 0.198045 0.043002 20 32 100 106 1 1000 1000 1000 3
0.166667 0.199792 0.044291 20 29 100 95 1 1000 1000 1000 3
0.166667 0.109696 0.038990 20 20 100 99 1 1000 1000 1000 3
0.166667 0.174072 0.045753 20 21 100 95 1 1000 1000 1000 3
0.166667 0.123340 0.042661 20 18 100 95 1 1000 1000 1000 3
0.166667 0.155305 0.041973 20 19 100 95 1 1000 1000 1000 3
0.166667 nan nan 20 17 100 101 1 1000 1000 1000 3
0.166667 0.186527 0.046024 20 22 100 91 1 1000 1000 1000 3
0.166667 0.083973 0.035259 20 11 100 116 1 1000 1000 1000 3
0.166667 0.111014 0.039995 20 10 100 99 1 1000 1000 1000 3
0.166667 nan nan 20 23 100 103 1 1000 1000 1000 3
0.166667 0.111598 0.037786 20 16 100 118 1 1000 1000 1000 3
0.166667 0.138458 0.038880 20 19 100 113 1 1000 1000 1000 3
0.166667 0.142373 0.044020 20 23 100 95 1 1000 1000 1000 3
0.166667 0.134753 0.040331 20 21 100 103 1 1000 1000 1000 3
0.166667 0.128430 0.041874 20 20 100 93 1 1000 1000 1000 3
0.166667 nan nan 20 23 100 89 1 1000 1000 1000 3
0.166667 0.175916 0.047449 20 22 100 89 1 1000 1000 1000 3
0.166667 0.110528 0.038543 20 13 100 101 1 1000 1000 1000 3
0.166667 0.085818 0.040499 20 14 100 91 1 1000 1000 1000 3
0.166667 0.111750 0.041149 20 15 100 108 1 1000 1000 1000 3
0.166667 0.109212 0.037483 20 14 100 109 1 1000 1000 1000 3
0.166667 0.157838 0.044671 20 19 100 92 1 1000 1000 1000 3
0.166667 0.159023 0.044269 20 20 100 93 1 1000 1000 1000 3
0.166667 0.207772 0.045909 20 24 100 95 1 1000 1000 1000 3
0.166667 0.102254 0.034597 20 16 100 129 1 1000 1000 1000 3
0.166667 0.133792 0.039724 20 20 100 113 1 1000 1000 1000 3
0.166667 0.173286 0.046108 20 21 100 90 1 1000 1000 1000 3
0.166667 0.239402 0.049815 20 28 100 93 1 1000 1000 1000 3
0.166667 0.098400 0.040798 20 13 100 91 1 1000 1000 1000 3
0.166667 0.101637 0.034673 20 21 100 104 1 1000 1000 1000 3
0.166667 0.179159 0.045232 20 16 100 101 1 1000 1000 1000 3
0.166667 0.163260 0.040355 20 24 100 113 1 1000 1000 1000 3
0.166667 0.105781 0.038708 20 17 100 109 1 1000 1000 1000 3
0.166667 nan nan 20 26 100 106 1 1000 1000 1000 3
0.166667 0.168602 0.043000 20 18 100 104 1 1000 1000 1000 3
0.166667 0.167717 0.041925 20 20 100 106 1 1000 1000 1000 3
0.166667 0.136015 0.044461 20 18 100 88 1 1000 1000 1000 3
0.166667 nan nan 20 24 100 101 1 1000 1000 1000 3
0.166667 0.180930 0.047561 20 25 100 95 1 1000 1000 1000 3
0.166667 0.183028 0.045922 20 15 100 95 1 1000 1000 1000 3
0.166667 0.174424 0.043264 20 30 100 109 1 1000 1000 1000 3
0.166667 0.205401 0.047094 20 19 100 100 1 1000 1000 1000 3
0.166667 0.183178 0.045917 20 21 100 98 1 1000 1000 1000 3
0.166667 0.226865 0.048160 20 29 100 95 1 1000 1000 1000 3
0.166667 0.120393 0.041639 20 15 100 91 1 1000 1000 1000 3
0.166667 nan nan 20 16 100 113 1 1000 1000 1000 3
0.166667 0.094084 0.039608 20 14 100 98 1 1000 1000 1000 3
0.166667 nan nan 20 16 100 112 1 1000 1000 1000 3
0.166667 0.126788 0.038421 20 21 100 113 1 1000 1000 1000 3
0.166667 0.167676 0.042261 20 24 100 97 1 1000 1000 1000 3
0.166667 0.223749 0.050283 20 19 100 96 1 1000 1000 1000 3
0.166667 0.145277 0.042016 20 21 100 111 1 1000 1000 1000 3
0.166667 0.196072 0.048923 20 18 100 95 1 1000 1000 1000 3
0.166667 0.151027 0.041359 20 20 100 104 1 1000 1000 1000 3
0.166667 0.137350 0.044548 20 14 100 97 1 1000 1000 1000 3
0.166667 0.158611 0.043292 20 21 100 103 1 1000 1000 1000 3
0.166667 0.119118 0.040867 20 17 100 104 1 1000 1000 1000 3
0.166667 0.176897 0.043147 20 26 100 100 1 1000 1000 1000 3
0.166667 0.192620 0.045670 20 28 100 101 1 1000 1000 1000 3
0.166667 nan nan 20 23 100 84 1 1000 1000 1000 3
0.166667 0.146716 0.040541 20 25 100 111 1 1000 1000 1000 3
0.166667 0.063850 0.037878 20 12 100 97 1 1000 1000 1000 3
0.166667 0.165025 0.044666 20 19 100 104 1 1000 1000 1000 3
0.166667 nan nan 20 24 100 94 1 1000 1000 1000 3
0.166667 0.156839 0.044547 20 18 100 96 1 1000 1000 1000 3
0.166667 nan nan 20 21 100 106 1 1000 1000 1000 3
0.166667 0.264572 0.050026 20 26 100 92 1 1000 1000 1000 3
0.166667 0.167047 0.043401 20 22 100 99 1 1000 1000 1000 3
0.166667 0.140241 0.042185 20 17 100 95 1 1000 1000 1000 3
0.166667 0.126322 0.037599 20 24 100 109 1 1000 1000 1000 3
0.166667 0.154387 0.039613 20 23 100 115 1 1000 1000 1000 3
0.166667 nan nan 20 14 100 90 1 1000 1000 1000 3
0.166667 0.174777 0.044249 20 18 100 96 1 1000 1000 1000 3
0.166667 nan nan 20 26 100 111 1 1000 1000 1000 3
0.166667 0.186353 0.042534 20 37 100 104 1 1000 1000 1000 3
0.166667 0.174722 0.046400 20 24 100 94 1 1000 1000 1000 3
0.166667 0.132365 0.038708 20 21 100 113 1 1000 1000 1000 3
0.166667 0.151701 0.039136 20 22 100 118 1 1000 1000 1000 3
0.166667 nan nan 20 22 100 119 1 1000 1000 1000 3
0.166667 0.195068 0.043539 20 21 100 100 1 1000 1000 1000 3
0.166667 0.097958 0.042408 20 13 100 95 1 1000 1000 1000 3
0.166667 0.182718 0.045613 20 23 100 101 1 1000 1000 1000 3
0.166667 nan nan 20 25 100 82 1 1000 1000 1000 3
0.166667 0.163401 0.042250 20 25 100 102 1 1000 1000 1000 3
0.166667 0.186835 0.043483 20 23 100 105 1 1000 1000 1000 3
0.166667 0.162590 0.043940 20 22 100 100 1 1000 1000 1000 3
0.166667 nan nan 20 26 100 97 1 1000 1000 1000 3
0.166667 0.132159 0.041673 20 17 100 98 1 1000 1000 1000 3
0.166667 0.227547 0.047724 20 27 100 87 1 1000 1000 1000 3
0.166667 0.195902 0.047542 20 19 100 98 1 1000 1000 1000 3
0.166667 0.157894 0.042203 20 23 100 106 1 1000 1000 1000 3
0.166667 0.166044 0.046637 20 20 100 94 1 1000 1000 1000 3
0.166667 nan nan 20 21 100 102 1 1000 1000 1000 3
0.166667 0.225068 0.045564 20 27 100 102 1 1000 1000 1000 3
0.166667 0.164860 0.042869 20 27 100 107 1 1000 1000 1000 3
0.166667 0.134396 0.043306 20 20 100 96 1 1000 1000 1000 3
0.166667 0.141533 0.041576 20 16 100 104 1 1000 1000 1000 3
0.166667 0.117561 0.040767 20 17 100 97 1 1000 1000 1000 3
0.166667 0.152806 0.045061 20 18 100 90 1 1000 1000 1000 3
0.166667 0.123216 0.039751 20 16 100 112 1 1000 1000 1000 3
0.166667 0.194478 0.044850 20 28 100 101 1 1000 1000 1000 3
0.166667 nan nan 20 28 100 116 1 1000 1000 1000 3
0.166667 0.133568 0.039438 20 25 100 98 1 1000 1000 1000 3
0.166667 nan nan 20 25 100 87 1 1000 1000 1000 3
0.166667 0.133281 0.043718 20 20 100 91 1 1000 1000 1000 3
0.166667 nan nan 20 24 100 94 1 1000 1000 1000 3
0.166667 0.223124 0.047630 20 20 100 92 1 1000 1000 1000 3
0.166667 0.127623 0.039904 20 18 100 99 1 1000 1000 1000 3
0.166667 nan nan 20 18 100 104 1 1000 1000 1000 3
0.166667 nan nan 20 24 100 110 1 1000 1000 1000 3
0.166667 nan nan 20 24 100 112 1 1000 1000 1000 3
0.166667 0.235897 0.047319 20 24 100 95 1 1000 1000 1000 3
0.166667 nan nan 20 18 100 107 1 1000 1000 1000 3
0.166667 0.243458 0.052669 20 21 100 83 1 1000 1000 1000 3
0.166667 0.143084 0.039804 20 24 100 109 1 1000 1000 1000 3
0.166667 nan nan 20 22 100 95 1 1000 1000 1000 3
0.166667 0.167740 0.046664 20 16 100 88 1 1000 1000 1000 3
0.166667 0.206867 0.046285 20 23 100 104 1 1000 1000 1000 3
0.166667 0.139993 0.046277 20 18 100 86 1 1000 1000 1000 3
0.166667 0.169261 0.043051 20 18 100 106 1 1000 1000 1000 3
0.166667 0.145219 0.042512 20 20 100 97 1 1000 1000 1000 3
0.166667 nan nan 20 19 100 83 1 1000 1000 1000 3
0.166667 0.112999 0.037500 20 18 100 108 1 1000 1000 1000 3
0.166667 0.172526 0.044039 20 17 100 100 1 1000 1000 1000 3
0.166667 0.122988 0.041079 20 13 100 96 1 1000 1000 1000 3
0.166667 0.161719 0.044606 20 20 100 97 1 1000 1000 1000 3
0.166667 0.097333 0.036305 20 12 100 105 1 1000 1000 1000 3
0.166667 0.217992 0.047405 20 20 100 94 1 1000 1000 1000 3
0.166667 0.136636 0.039638 20 17 100 106 1 1000 1000 1000 3
0.166667 nan nan 20 25 100 113 1 1000 1000 1000 3
0.166667 0.194586 0.042991 20 25 100 112 1 1000 1000 1000 3
0.166667 nan nan 20 30 100 114 1 1000 1000 1000 3
0.166667 nan nan 20 13 100 96 1 1000 1000 1000 3
0.166667 0.218535 0.047150 20 22 100 96 1 1000 1000 1000 3
0.166667 0.223534 0.049041 20 19 100 95 1 1000 1000 1000 3
0.166667 0.094659 0.038405 20 14 100 99 1 1000 1000 1000 3
0.166667 0.185975 0.048139 20 20 100 89 1 1000 1000 1000 3
0.166667 nan nan 20 19 100 115 1 1000 1000 1000 3
0.166667 0.202507 0.046065 20 15 100 106 1 1000 1000 1000 3
0.166667 0.176405 0.048669 20 19 100 88 1 1000 1000 1000 3
0.166667 0.155315 0.044611 20 24 100 97 1 1000 1000 1000 3
0.166667 0.154593 0.044009 20 16 100 99 1 1000 1000 1000 3
0.166667 nan nan 20 28 100 97 1 1000 1000 1000 3
0.166667 0.132725 0.042867 20 20 100 99 1 1000 1000 1000 3
0.166667 0.199420 0.041659 20 22 100 121 1 1000 1000 1000 3
0.166667 0.187953 0.044099 20 17 100 98 1 1000 1000 1000 3
0.166667 0.159981 0.042367 20 21 100 104 1 1000 1000 1000 3
0.166667 0.202698 0.044654 20 23 100 95 1 1000 1000 1000 3
0.166667 0.111593 0.042124 20 15 100 90 1 1000 1000 1000 3
0.166667 0.255372 0.050364 20 17 100 95 1 1000 1000 1000 3
0.166667 0.188439 0.045867 20 20 100 93 1 1000 1000 1000 3
0.166667 0.178970 0.041903 20 27 100 102 1 1000 1000 1000 3
0.166667 0.204626 0.047415 20 20 100 94 1 1000 1000 1000 3
0.166667 0.133584 0.043496 20 17 100 100 1 1000 1000 1000 3
0.166667 0.131638 0.043371 20 16 100 93 1 1000 1000 1000 3
0.166667 0.212067 0.045405 20 21 100 109 1 1000 1000 1000 3
0.166667 nan nan 20 18 100 75 1 1000 1000 1000 3
0.166667 0.109259 0.036283 20 16 100 121 1 1000 1000 1000 3
0.166667 nan nan 20 24 100 100 1 1000 1000 1000 3
0.166667 0.099397 0.042699 20 14 100 84 1 1000 1000 1000 3
0.166667 0.156137 0.042927 20 19 100 114 1 1000 1000 1000 3
0.166667 0.195033 0.046491 20 14 100 98 1 1000 1000 1000 3
0.166667 0.208069 0.047561 20 16 100 92 1 1000 1000 1000 3
0.166667 0.119385 0.037877 20 15 100 113 1 1000 1000 1000 3
0.166667 nan nan 20 25 100 113 1 1000 1000 1000 3
0.166667 0.154146 0.041165 20 14 100 113 1 1000 1000 1000 3
0.166667 nan nan 20 16 100 81 1 1000 1000 1000 3
0.166667 nan nan 20 20 100 93 1 1000 1000 1000 3
0.166667 nan nan 20 34 100 73 1 1000 1000 1000 3
0.166667 nan nan 20 16 100 107 1 1000 1000 1000 3
0.166667 0.124797 0.040457 20 18 100 107 1 1000 1000 1000 3
0.166667 0.124218 0.039132 20 19 100 102 1 1000 1000 1000 3
0.166667 0.234354 0.048066 20 21 100 99 1 1000 1000 1000 3
0.166667 nan nan 20 21 100 114 1 1000 1000 1000 3
0.166667 0.168116 0.042628 20 23 100 99 1 1000 1000 1000 3
0.166667 0.176077 0.046675 20 18 100 91 1 1000 1000 1000 3
0.166667 0.139312 0.041084 20 12 100 105 1 1000 1000 1000 3
0.166667 0.258550 0.046928 20 31 100 101 1 1000 1000 1000 3
0.166667 0.147738 0.040266 20 22 100 113 1 1000 1000 1000 3
0.166667 0.109060 0.039064 20 11 100 107 1 1000 1000 1000 3
0.166667 0.224759 0.046334 20 27 100 97 1 1000 1000 1000 3
0.166667 0.146149 0.042485 20 22 100 102 1 1000 1000 1000 3
0.166667 0.199472 0.045180 20 27 100 99 1 1000 1000 1000 3
0.166667 0.118072 0.043594 20 14 100 93 1 1000 1000 1000 3
0.166667 0.188999 0.044342 20 23 100 109 1 1000 1000 1000 3
0.166667 0.126407 0.039302 20 19 100 107 1 1000 1000 1000 3
0.166667 0.160440 0.042122 20 16 100 109 1 1000 1000 1000 3
0.166667 0.230574 0.046167 20 26 100 105 1 1000 1000 1000 3
0.166667 0.109128 0.037525 20 12 100 105 1 1000 1000 1000 3
0.166667 0.181056 0.042805 20 19 100 109 1 1000 1000 1000 3
0.166667 0.186819 0.042468 20 26 100 100 1 1000 1000 1000 3
0.166667 0.170574 0.042664 20 17 100 102 1 1000 1000 1000 3
0.166667 nan nan 20 7 100 98 1 1000 1000 1000 3
0.166667 0.170573 0.040703 20 22 100 116 1 1000 1000 1000 3
0.166667 nan nan 20 20 100 91 1 1000 1000 1000 3
0.166667 0.153166 0.045092 20 16 100 96 1 1000 1000 1000 3
0.166667 0.174339 0.048665 20 18 100 91 1 1000 1000 1000 3
0.166667 0.146986 0.042424 20 15 100 102 1 1000 1000 1000 3
0.166667 0.140454 0.042000 20 18 100 102 1 1000 1000 1000 3
0.166667 nan nan 20 21 100 115 1 1000 1000 1000 3
0.166667 0.230038 0.048465 20 23 100 88 1 1000 1000 1000 3
0.166667 0.127681 0.041403 20 19 100 96 1 1000 1000 1000 3
0.166667 0.137662 0.043147 20 16 100 93 1 1000 1000 1000 3
0.166667 0.261298 0.050084 20 26 100 89 1 1000 1000 1000 3
0.166667 0.091036 0.035363 20 15 100 113 1 1000 1000 1000 3
0.166667 0.147343 0.042371 20 23 100 108 1 1000 1000 1000 3
0.166667 0.114236 0.038132 20 20 100 109 1 1000 1000 1000 3
0.166667 0.199670 0.048743 20 19 100 91 1 1000 1000 1000 3
0.166667 nan nan 20 16 100 111 1 1000 1000 1000 3
0.166667 0.183406 0.044557 20 17 100 100 1 1000 1000 1000 3
0.166667 0.191490 0.044228 20 19 100 103 1 1000 1000 1000 3
0.166667 0.152143 0.041407 20 25 100 102 1 1000 1000 1000 3
0.166667 0.130658 0.038045 20 21 100 104 1 1000 1000 1000 3
0.166667 nan nan 20 23 100 90 1 1000 1000 1000 3
0.166667 0.170732 0.041772 20 23 100 104 1 1000 1000 1000 3
0.166667 nan nan 20 29 100 105 1 1000 1000 1000 3
0.166667 nan nan 20 23 100 109 1 1000 1000 1000 3
0.166667 0.153064 0.044021 20 22 100 91 1 1000 1000 1000 3
0.166667 0.084587 0.035152 20 14 100 112 1 1000 1000 1000 3
0.166667 0.151531 0.040112 20 23 100 114 1 1000 1000 1000 3
0.166667 0.186102 0.045633 20 24 100 105 1 1000 1000 1000 3
0.166667 0.185549 0.044542 20 22 100 97 1 1000 1000 1000 3
0.166667 0.176811 0.045101 20 22 100 87 1 1000 1000 1000 3
0.166667 0.196498 0.043946 20 34 100 106 1 1000 1000 1000 3
0.166667 0.159816 0.040527 20 20 100 116 1 1000 1000 1000 3
0.166667 0.188267 0.046721 20 18 100 96 1 1000 1000 1000 3
0.166667 0.151550 0.040169 20 28 100 113 1 1000 1000 1000 3
0.166667 0.138986 0.041269 20 17 100 102 1 1000 1000 1000 3
0.166667 0.101637 0.041731 20 12 100 85 1 1000 1000 1000 3
0.166667 nan nan 20 22 100 116 1 1000 1000 1000 3
0.166667 0.158972 0.041739 20 22 100 111 1 1000 1000 1000 3
0.166667 0.140358 0.044123 20 18 100 98 1 1000 1000 1000 3
0.166667 0.175904 0.045749 20 18 100 93 1 1000 1000 1000 3
0.166667 nan nan 20 14 100 94 1 1000 1000 1000 3
0.166667 0.177472 0.047681 20 24 100 96 1 1000 1000 1000 3
0.166667 0.073765 0.034131 20 12 100 105 1 1000 1000 1000 3
0.166667 0.161447 0.040947 20 24 100 104 1 1000 1000 1000 3
0.166667 0.152243 0.043059 20 22 100 101 1 1000 1000 1000 3
0.166667 0.086845 0.037815 20 12 100 85 1 1000 1000 1000 3
0.166667 0.164735 0.044666 20 21 100 94 1 1000 1000 1000 3
0.166667 0.161816 0.042314 20 24 100 107 1 1000 1000 1000 3
0.166667 0.108652 0.038604 20 17 100 96 1 1000 1000 1000 3
0.166667 nan nan 20 18 100 73 1 1000 1000 1000 3
0.166667 nan nan 20 20 100 98 1 1000 1000 1000 3
0.166667 0.110021 0.038557 20 18 100 106 1 1000 1000 1000 3
0.166667 0.119215 0.042781 20 16 100 93 1 1000 1000 1000 3
0.166667 0.239927 0.047943 20 28 100 96 1 1000 1000 1000 3
0.166667 nan nan 20 20 100 123 1 1000 1000 1000 3
0.166667 0.087697 0.036887 20 15 100 104 1 1000 1000 1000 3
0.166667 0.166368 0.042171 20 26 100 99 1 1000 1000 1000 3
0.166667 0.168228 0.046073 20 20 100 85 1 1000 1000 1000 3
0.166667 0.138454 0.042762 20 17 100 105 1 1000 1000 1000 3
0.166667 0.261651 0.050321 20 29 100 84 1 1000 1000 1000 3
0.166667 0.098180 0.037356 20 18 100 107 1 1000 1000 1000 3
0.166667 nan nan 20 33 100 92 1 1000 1000 1000 3
0.166667 0.094297 0.035418 20 16 100 107 1 1000 1000 1000 3
0.166667 0.135939 0.042603 20 12 100 99 1 1000 1000 1000 3
0.166667 0.092873 0.035904 20 15 100 116 1 1000 1000 1000 3
0.166667 nan nan 20 18 100 97 1 1000 1000 1000 3
0.166667 0.132046 0.040012 20 16 100 106 1 1000 1000 1000 3
0.166667 0.282537 0.052425 20 26 100 91 1 1000 1000 1000 3
0.166667 0.142237 0.041224 20 20 100 106 1 1000 1000 1000 3
0.166667 0.137994 0.041685 20 18 100 101 1 1000 1000 1000 3
0.166667 0.255395 0.046192 20 24 100 111 1 1000 1000 1000 3
0.166667 0.151213 0.039139 20 18 100 114 1 1000 1000 1000 3
0.166667 0.107377 0.040501 20 15 100 103 1 1000 1000 1000 3
0.166667 0.183981 0.044229 20 17 100 95 1 1000 1000 1000 3
0.166667 0.046951 0.030939 20 13 100 110 1 1000 1000 1000 3
0.166667 0.192143 0.044340 20 22 100 96 1 1000 1000 1000 3
0.166667 nan nan 20 19 100 100 1 1000 1000 1000 3
0.166667 nan nan 20 19 100 123 1 1000 1000 1000 3
0.166667 0.113828 0.038479 20 14 100 105 1 1000 1000 1000 3
0.166667 0.139593 0.042730 20 25 100 95 1 1000 1000 1000 3
0.166667 0.125782 0.037889 20 19 100 119 1 1000 1000 1000 3
0.166667 0.211778 0.044424 20 22 100 116 1 1000 1000 1000 3
0.166667 0.158854 0.047231 20 21 100 87 1 1000 1000 1000 3
0.166667 0.202045 0.043792 20 30 100 102 1 1000 1000 1000 3
0.166667 0.226360 0.050959 20 26 100 78 1 1000 1000 1000 3
0.166667 0.173758 0.044743 20 23 100 91 1 1000 1000 1000 3
0.166667 0.154587 0.039843 20 20 100 120 1 1000 1000 1000 3
0.166667 0.180891 0.045079 20 21 100 99 1 1000 1000 1000 3
0.166667 0.165102 0.045492 20 21 100 98 1 1000 1000 1000 3
0.166667 0.137369 0.039506 20 18 100 106 1 1000 1000 1000 3
0.166667 0.188474 0.046786 20 20 100 104 1 1000 1000 1000 3
0.166667 0.152302 0.041582 20 16 100 115 1 1000 1000 1000 3
0.166667 0.114169 0.038005 20 15 100 105 1 1000 1000 1000 3
0.166667 0.148389 0.042100 20 20 100 96 1 1000 1000 1000 3
0.166667 0.168974 0.041371 20 16 100 102 1 1000 1000 1000 3
0.166667 0.237073 0.044332 20 25 100 107 1 1000 1000 1000 3
0.166667 nan nan 20 14 100 109 1 1000 1000 1000 3
0.166667 0.210721 0.046999 20 25 100 94 1 1000 1000 1000 3
0.166667 0.253743 0.047820 20 25 100 97 1 1000 1000 1000 3
0.166667 0.150255 0.042479 20 20 100 90 1 1000 1000 1000 3
0.166667 0.175274 0.044731 20 22 100 104 1 1000 1000 1000 3
0.166667 nan nan 20 26 100 106 1 1000 1000 1000 3
0.166667 nan nan 20 12 100 88 1 1000 1000 1000 3
0.166667 0.145636 0.043177 20 26 100 95 1 1000 1000 1000 3
0.166667 0.241486 0.048475 20 27 100 94 1 1000 1000 1000 3
0.166667 nan nan 20 33 100 118 1 1000 1000 1000 3
0.166667 0.166552 0.045167 20 20 100 93 1 1000 1000 1000 3
0.166667 0.150475 0.049772 20 16 100 91 1 1000 1000 1000 3
0.166667 0.256066 0.045528 20 30 100 108 1 1000 1000 1000 3
0.166667 0.135929 0.039369 20 21 100 108 1 1000 1000 1000 3
0.166667 0.118189 0.040041 20 15 100 102 1 1000 1000 1000 3
0.166667 0.119998 0.040760 20 15 100 93 1 1000 1000 1000 3
0.166667 0.137836 0.044535 20 17 100 92 1 1000 1000 1000 3
0.166667 0.163605 0.048266 20 12 100 89 1 1000 1000 1000 3
0.166667 0.243692 0.047494 20 24 100 93 1 1000 1000 1000 3
0.166667 0.160858 0.039676 20 22 100 119 1 1000 1000 1000 3
0.166667 0.210989 0.051460 20 16 100 88 1 1000 1000 1000 3
0.166667 0.204822 0.042938 20 25 100 102 1 1000 1000 1000 3
0.166667 0.298924 0.052544 20 20 100 87 1 1000 1000 1000 3
0.166667 0.233337 0.047981 20 22 100 95 1 1000 1000 1000 3
0.166667 0.125235 0.041320 20 13 100 98 1 1000 1000 1000 3
0.166667 0.157679 0.049657 20 16 100 88 1 1000 1000 1000 3
0.166667 0.109049 0.038786 20 19 100 105 1 1000 1000 1000 3
0.166667 0.099020 0.035513 20 17 100 111 1 1000 1000 1000 3
0.166667 0.090122 0.037791 20 10 100 107 1 1000 1000 1000 3
0.166667 0.135046 0.039600 20 19 100 107 1 1000 1000 1000 3
0.166667 0.132003 0.038298 20 16 100 106 1 1000 1000 1000 3
0.166667 0.184773 0.045538 20 22 100 98 1 1000 1000 1000 3
0.166667 0.186618 0.043697 20 24 100 103 1 1000 1000 1000 3
0.166667 0.125314 0.040886 20 20 100 88 1 1000 1000 1000 3
0.166667 0.138482 0.038594 20 19 100 117 1 1000 1000 1000 3
0.166667 0.115925 0.040682 20 12 100 93 1 1000 1000 1000 3
0.166667 0.149051 0.045977 20 17 100 85 1 1000 1000 1000 3
0.166667 nan nan 20 22 100 95 1 1000 1000 1000 3
0.166667 0.108496 0.042936 20 20 100 89 1 1000 1000 1000 3
0.166667 0.190282 0.044697 20 19 100 107 1 1000 1000 1000 3
0.166667 0.177336 0.042310 20 23 100 103 1 1000 1000 1000 3
0.166667 0.114905 0.038062 20 24 100 110 1 1000 1000 1000 3
0.166667 0.178581 0.042072 20 22 100 118 1 1000 1000 1000 3
0.166667 0.199757 0.047245 20 26 100 97 1 1000 1000 1000 3
0.166667 nan nan 20 18 100 89 1 1000 1000 1000 3
0.166667 0.106563 0.038042 20 13 100 115 1 1000 1000 1000 3
0.166667 0.153356 0.042938 20 19 100 103 1 1000 1000 1000 3
0.166667 0.218267 0.048492 20 25 100 86 1 1000 1000 1000 3
0.166667 0.130214 0.041999 20 24 100 100 1 1000 1000 1000 3
0.166667 0.216586 0.049137 20 25 100 87 1 1000 1000 1000 3
0.166667 0.155448 0.040519 20 23 100 109 1 1000 1000 1000 3
0.166667 0.178266 0.044488 20 23 100 102 1 1000 1000 1000 3
0.166667 0.182673 0.043592 20 26 100 97 1 1000 1000 1000 3
0.166667 nan nan 20 12 100 82 1 1000 1000 1000 3
0.166667 0.208890 0.043042 20 25 100 109 1 1000 1000 1000 3
0.166667 0.237556 0.045900 20 26 100 104 1 1000 1000 1000 3
0.166667 0.173518 0.038564 20 26 100 125 1 1000 1000 1000 3
0.166667 0.160527 0.043907 20 19 100 105 1 1000 1000 1000 3
0.166667 nan nan 20 15 100 103 1 1000 1000 1000 3
0.166667 0.185349 0.045443 20 21 100 101 1 1000 1000 1000 3
0.166667 0.236407 0.045554 20 24 100 102 1 1000 1000 1000 3
0.166667 0.160565 0.046550 20 22 100 89 1 1000 1000 1000 3
0.166667 0.173354 0.045495 20 23 100 85 1 1000 1000 1000 3
0.166667 0.130737 0.039222 20 22 100 110 1 1000 1000 1000 3
0.166667 nan nan 20 17 100 98 1 1000 1000 1000 3
0.166667 nan nan 20 17 100 125 1 1000 1000 1000 3
0.166667 0.094175 0.036568 20 14 100 108 1 1000 1000 1000 3
0.166667 nan nan 20 25 100 108 1 1000 1000 1000 3
0.166667 0.108516 0.042146 20 13 100 92 1 1000 1000 1000 3
0.166667 0.128054 0.040583 20 17 100 100 1 1000 1000 1000 3
0.166667 0.068355 0.038624 20 11 100 80 1 1000 1000 1000 3
0.166667 0.145269 0.042043 20 18 100 104 1 1000 1000 1000 3
0.166667 0.219042 0.049176 20 19 100 88 1 1000 1000 1000 3
0.166667 0.166743 0.040711 20 18 100 119 1 1000 1000 1000 3
0.166667 0.226514 0.051304 20 21 100 84 1 1000 1000 1000 3
0.166667 0.152952 0.044253 20 21 100 100 1 1000 1000 1000 3
0.166667 0.143072 0.043097 20 22 100 110 1 1000 1000 1000 3
0.166667 0.167095 0.047780 20 19 100 89 1 1000 1000 1000 3
0.166667 nan nan 20 26 100 101 1 1000 1000 1000 3
0.166667 nan nan 20 27 100 91 1 1000 1000 1000 3
0.166667 0.138040 0.042085 20 18 100 105 1 1000 1000 1000 3
0.166667 0.198068 0.049499 20 17 100 98 1 1000 1000 1000 3
0.166667 0.209844 0.047283 20 27 100 96 1 1000 1000 1000 3
0.166667 0.180791 0.048372 20 18 100 83 1 1000 1000 1000 3
0.166667 nan nan 20 29 100 109 1 1000 1000 1000 3
0.166667 0.213854 0.043742 20 19 100 111 1 1000 1000 1000 3
0.166667 0.153444 0.044050 20 14 100 93 1 1000 1000 1000 3
0.166667 0.187468 0.039699 20 23 100 126 1 1000 1000 1000 3
0.166667 nan nan 20 14 100 93 1 1000 1000 1000 3
0.166667 0.174408 0.043799 20 25 100 99 1 1000 1000 1000 3
0.166667 nan nan 20 20 100 108 1 1000 1000 1000 3
0.166667 nan nan 20 22 100 104 1 1000 1000 1000 3
0.166667 0.146173 0.041558 20 14 100 106 1 1000 1000 1000 3
0.166667 0.228891 0.043733 20 31 100 111 1 1000 1000 1000 3
0.166667 0.113716 0.037507 20 17 100 116 1 1000 1000 1000 3
0.166667 0.274115 0.050027 20 26 100 87 1 1000 1000 1000 3
0.166667 0.150961 0.042347 20 22 100 99 1 1000 1000 1000 3
0.166667 0.177386 0.042880 20 24 100 99 1 1000 1000 1000 3
0.166667 0.170431 0.047612 20 19 100 92 1 1000 1000 1000 3
0.166667 nan nan 20 19 100 128 1 1000 1000 1000 3
0.166667 0.227925 0.049334 20 25 100 89 1 1000 1000 1000 3
0.166667 nan nan 20 18 100 89 1 1000 1000 1000 3
0.166667 0.164495 0.045175 20 16 100 94 1 1000 1000 1000 3
0.166667 nan nan 20 15 100 102 1 1000 1000 1000 3
0.166667 0.129370 0.038309 20 15 100 112 1 1000 1000 1000 3
0.166667 0.168967 0.044104 20 20 100 96 1 1000 1000 1000 3
0.166667 0.165207 0.042961 20 19 100 107 1 1000 1000 1000 3
0.166667 0.184134 0.042379 20 25 100 116 1 1000 1000 1000 3
0.166667 nan nan 20 28 100 86 1 1000 1000 1000 3
0.166667 0.194979 0.042181 20 24 100 109 1 1000 1000 1000 3
0.166667 0.157561 0.040532 20 19 100 115 1 1000 1000 1000 3
0.166667 0.215561 0.051113 20 19 100 77 1 1000 1000 1000 3
0.166667 0.171898 0.045400 20 17 100 92 1 1000 1000 1000 3
0.166667 0.129505 0.040071 20 15 100 114 1 1000 1000 1000 3
0.166667 nan nan 20 23 100 100 1 1000 1000 1000 3
0.166667 0.163714 0.044680 20 17 100 97 1 1000 1000 1000 3
0.166667 0.095750 0.039426 20 14 100 93 1 1000 1000 1000 3
0.166667 0.125374 0.040782 20 18 100 101 1 1000 1000 1000 3
0.166667 0.120719 0.035950 20 16 100 126 1 1000 1000 1000 3
0.166667 nan nan 20 18 100 106 1 1000 1000 1000 3
0.166667 0.161790 0.046072 20 20 100 82 1 1000 1000 1000 3
0.166667 nan nan 20 15 100 106 1 1000 1000 1000 3
0.166667 0.196982 0.045255 20 24 100 104 1 1000 1000 1000 3
0.166667 nan nan 20 25 100 128 1 1000 1000 1000 3
0.166667 nan nan 20 31 100 107 1 1000 1000 1000 3
0.166667 nan nan 20 27 100 93 1 1000 1000 1000 3
0.166667 0.201416 0.050455 20 20 100 84 1 1000 1000 1000 3
0.166667 0.179109 0.041281 20 25 100 119 1 1000 1000 1000 3
0.166667 0.116155 0.038445 20 20 100 108 1 1000 1000 1000 3
0.166667 0.153609 0.044030 20 21 100 93 1 1000 1000 1000 3
0.166667 nan nan 20 28 100 92 1 1000 1000 1000 3
0.166667 0.114857 0.039605 20 12 100 105 1 1000 1000 1000 3
0.166667 0.142802 0.043348 20 20 100 98 1 1000 1000 1000 3
0.166667 nan nan 20 25 100 111 1 1000 1000 1000 3
0.166667 0.212468 0.051377 20 20 100 85 1 1000 1000 1000 3
0.166667 0.116673 0.040033 20 17 100 96 1 1000 1000 1000 3
0.166667 0.174291 0.044065 20 24 100 104 1 1000 1000 1000 3
0.166667 0.158512 0.045043 20 22 100 95 1 1000 1000 1000 3
0.166667 nan nan 20 18 100 92 1 1000 1000 1000 3
0.166667 0.185128 0.044685 20 21 100 107 1 1000 1000 1000 3
0.166667 0.129280 0.039528 20 20 100 109 1 1000 1000 1000 3
0.166667 0.144726 0.039968 20 23 100 103 1 1000 1000 1000 3
0.166667 0.218033 0.042820 20 28 100 105 1 1000 1000 1000 3
0.166667 0.163600 0.042247 20 18 100 102 1 1000 1000 1000 3
0.166667 0.146135 0.040389 20 24 100 111 1 1000 1000 1000 3
0.166667 0.113825 0.039795 20 10 100 102 1 1000 1000 1000 3
0.166667 0.228514 0.050373 20 17 100 91 1 1000 1000 1000 3
0.166667 0.219675 0.048825 20 23 100 89 1 1000 1000 1000 3
0.166667 0.060663 0.034966 20 4 100 98 1 1000 1000 1000 3
0.166667 0.166805 0.044056 20 21 100 106 1 1000 1000 1000 3
0.166667 0.116675 0.040476 20 13 100 105 1 1000 1000 1000 3
0.166667 0.160997 0.043179 20 26 100 90 1 1000 1000 1000 3
0.166667 0.161113 0.039257 20 26 100 121 1 1000 1000 1000 3
0.166667 0.191279 0.043904 20 21 100 109 1 1000 1000 1000 3
0.166667 0.175273 0.046212 20 21 100 90 1 1000 1000 1000 3
0.166667 0.120224 0.039640 20 19 100 98 1 1000 1000 1000 3
0.166667 0.202370 0.045971 20 24 100 94 1 1000 1000 1000 3
0.166667 0.199606 0.045481 20 18 100 100 1 1000 1000 1000 3
0.166667 0.170732 0.044211 20 19 100 94 1 1000 1000 1000 3
0.166667 0.183450 0.045483 20 24 100 99 1 1000 1000 1000 3
0.166667 0.236973 0.047991 20 27 100 93 1 1000 1000 1000 3
0.166667 0.163947 0.040656 20 21 100 114 1 1000 1000 1000 3
0.166667 0.134540 0.040796 20 14 100 96 1 1000 1000 1000 3
0.166667 nan nan 20 13 100 110 1 1000 1000 1000 3
0.166667 nan nan 20 15 100 98 1 1000 1000 1000 3
0.166667 0.166745 0.041087 20 26 100 113 1 1000 1000 1000 3
0.166667 0.105542 0.038295 20 12 100 115 1 1000 1000 1000 3
0.166667 0.195981 0.042170 20 27 100 109 1 1000 1000 1000 3
0.166667 0.104844 0.041105 20 17 100 89 1 1000 1000 1000 3
0.166667 0.137866 0.040691 20 20 100 110 1 1000 1000 1000 3
0.166667 0.131776 0.046943 20 9 100 84 1 1000 1000 1000 3
0.166667 nan nan 20 15 100 95 1 1000 1000 1000 3
0.166667 0.251434 0.049118 20 21 100 95 1 1000 1000 1000 3
0.166667 nan nan 20 18 100 96 1 1000 1000 1000 3
0.166667 nan nan 20 29 100 94 1 1000 1000 1000 3
0.166667 0.166084 0.042578 20 18 100 113 1 1000 1000 1000 3
0.166667 0.153410 0.040875 20 26 100 111 1 1000 1000 1000 3
0.166667 0.125253 0.041093 20 21 100 96 1 1000 1000 1000 3
0.166667 nan nan 20 19 100 89 1 1000 1000 1000 3
0.166667 0.123024 0.036241 20 20 100 126 1 1000 1000 1000 3
0.166667 0.169539 0.046565 20 21 100 87 1 1000 1000 1000 3
0.166667 0.243312 0.049663 20 25 100 86 1 1000 1000 1000 3
0.166667 0.177712 0.047513 20 21 100 88 1 1000 1000 1000 3
0.166667 0.193348 0.044382 20 27 100 102 1 1000 1000 1000 3
0.166667 0.191740 0.042749 20 28 100 106 1 1000 1000 1000 3
0.166667 0.191477 0.050146 20 18 100 78 1 1000 1000 1000 3
0.166667 nan nan 20 20 100 90 1 1000 1000 1000 3
0.166667 0.169986 0.044546 20 22 100 93 1 1000 1000 1000 3
0.166667 0.206027 0.047200 20 23 100 101 1 1000 1000 1000 3
0.166667 0.204933 0.045109 20 21 100 99 1 1000 1000 1000 3
0.166667 nan nan 20 13 100 102 1 1000 1000 1000 3
0.166667 0.222533 0.048089 20 19 100 103 1 1000 1000 1000 3
0.166667 0.161874 0.040297 20 19 100 118 1 1000 1000 1000 3
0.166667 0.236683 0.049644 20 25 100 95 1 1000 1000 1000 3
0.166667 0.086169 0.034804 20 18 100 105 1 1000 1000 1000 3
0.166667 nan nan 20 12 100 91 1 1000 1000 1000 3
0.166667 0.164554 0.041229 20 21 100 112 1 1000 1000 1000 3
0.166667 0.230120 0.050336 20 23 100 88 1 1000 1000 1000 3
0.166667 0.211569 0.046415 20 22 100 95 1 1000 1000 1000 3
0.166667 0.089029 0.040505 20 11 100 93 1 1000 1000 1000 3
0.166667 nan nan 20 19 100 93 1 1000 1000 1000 3
0.166667 0.139176 0.042306 20 18 100 100 1 1000 1000 1000 3
0.166667 0.161524 0.043775 20 20 100 103 1 1000 1000 1000 3
0.166667 0.098071 0.037729 20 16 100 102 1 1000 1000 1000 3
0.166667 0.134766 0.038718 20 17 100 106 1 1000 1000 1000 3
0.166667 0.135895 0.043878 20 17 100 93 1 1000 1000 1000 3
0.166667 0.100928 0.036723 20 20 100 112 1 1000 1000 1000 3
0.166667 0.178648 0.046585 20 19 100 82 1 1000 1000 1000 3
0.166667 0.195994 0.047504 20 21 100 93 1 1000 1000 1000 3
0.166667 nan nan 20 27 100 90 1 1000 1000 1000 3
0.166667 0.108764 0.035165 20 19 100 119 1 1000 1000 1000 3
0.166667 nan nan 20 17 100 95 1 1000 1000 1000 3
0.166667 nan nan 20 27 100 99 1 1000 1000 1000 3
0.166667 0.205239 0.049717 20 21 100 80 1 1000 1000 1000 3
0.166667 nan nan 20 11 100 95 1 1000 1000 1000 3
0.166667 0.146815 0.041710 20 19 100 109 1 1000 1000 1000 3
0.166667 0.178665 0.046631 20 23 100 87 1 1000 1000 1000 3
0.166667 0.121914 0.040188 20 14 100 107 1 1000 1000 1000 3
0.166667 0.202014 0.044408 20 28 100 104 1 1000 1000 1000 3
0.166667 0.123513 0.037680 20 13 100 105 1 1000 1000 1000 3
0.166667 nan nan 20 14 100 107 1 1000 1000 1000 3
0.166667 0.128037 0.035301 20 24 100 122 1 1000 1000 1000 3
0.166667 0.163285 0.043214 20 19 100 103 1 1000 1000 1000 3
0.166667 0.152338 0.041905 20 21 100 101 1 1000 1000 1000 3
0.166667 0.155853 0.043925 20 24 100 95 1 1000 1000 1000 3
0.166667 0.209483 0.046650 20 26 100 90 1 1000 1000 1000 3
0.166667 0.164481 0.041554 20 26 100 111 1 1000 1000 1000 3
0.166667 0.199532 0.045033 20 20 100 101 1 1000 1000 1000 3
0.166667 0.179638 0.046402 20 22 100 90 1 1000 1000 1000 3
0.166667 0.125256 0.045575 20 14 100 87 1 1000 1000 1000 3
0.166667 0.192648 0.045986 20 22 100 99 1 1000 1000 1000 3
0.166667 0.244703 0.049927 20 23 100 90 1 1000 1000 1000 3
0.166667 0.294814 0.047750 20 31 100 97 1 1000 1000 1000 3
0.166667 0.224286 0.049508 20 22 100 87 1 1000 1000 1000 3
0.166667 0.123171 0.039656 20 15 100 103 1 1000 1000 1000 3
0.166667 0.202092 0.052934 20 13 100 79 1 1000 1000 1000 3
0.166667 0.217372 0.049399 20 25 100 93 1 1000 1000 1000 3
0.166667 nan nan 20 20 100 88 1 1000 1000 1000 3
0.166667 nan nan 20 14 100 108 1 1000 1000 1000 3
0.166667 nan nan 20 20 100 102 1 1000 1000 1000 3
0.166667 0.208263 0.046410 20 16 100 99 1 1000 1000 1000 3
0.166667 0.122978 0.039784 20 19 100 103 1 1000 1000 1000 3
0.166667 nan nan 20 15 100 108 1 1000 1000 1000 3
0.166667 0.168433 0.044295 20 16 100 105 1 1000 1000 1000 3
0.166667 0.143286 0.044154 20 15 100 91 1 1000 1000 1000 3
0.166667 0.149937 0.042600 20 16 100 113 1 1000 1000 1000 3
0.166667 0.169749 0.046089 20 19 100 94 1 1000 1000 1000 3
0.166667 0.169770 0.042947 20 24 100 101 1 1000 1000 1000 3
0.166667 0.155932 0.041990 20 22 100 105 1 1000 1000 1000 3
0.166667 0.133341 0.041684 20 20 100 105 1 1000 1000 1000 3
0.166667 0.165791 0.044511 20 21 100 106 1 1000 1000 1000 3
0.166667 0.175990 0.043673 20 27 100 99 1 1000 1000 1000 3
0.166667 nan nan 20 19 100 99 1 1000 1000 1000 3
0.166667 0.109029 0.042513 20 18 100 88 1 1000 1000 1000 3
0.166667 0.168071 0.048451 20 11 100 84 1 1000 1000 1000 3
0.166667 0.143566 0.043529 20 20 100 96 1 1000 1000 1000 3
0.166667 0.186016 0.044057 20 24 100 101 1 1000 1000 1000 3
0.166667 0.156768 0.040253 20 18 100 117 1 1000 1000 1000 3
0.166667 0.164059 0.044158 20 17 100 94 1 1000 1000 1000 3
0.166667 0.141021 0.041490 20 19 100 113 1 1000 1000 1000 3
0.166667 0.129257 0.042701 20 22 100 94 1 1000 1000 1000 3
0.166667 0.194606 0.052318 20 15 100 86 1 1000 1000 1000 3
0.166667 nan nan 20 18 100 102 1 1000 1000 1000 3
0.166667 0.202955 0.049707 20 24 100 81 1 1000 1000 1000 3
0.166667 0.110111 0.039082 20 16 100 103 1 1000 1000 1000 3
0.166667 nan nan 20 17 100 92 1 1000 1000 1000 3
0.166667 nan nan 20 19 100 101 1 1000 1000 1000 3
0.166667 0.220436 0.051009 20 24 100 83 1 1000 1000 1000 3
0.166667 0.142792 0.040824 20 19 100 105 1 1000 1000 1000 3
0.166667 0.163541 0.038944 20 19 100 117 1 1000 1000 1000 3
0.166667 0.132781 0.038645 20 16 100 109 1 1000 1000 1000 3
0.166667 0.154552 0.041667 20 20 100 102 1 1000 1000 1000 3
0.166667 nan nan 20 16 100 109 1 1000 1000 1000 3
0.166667 0.151990 0.045981 20 15 100 91 1 1000 1000 1000 3
0.166667 0.178862 0.040315 20 21 100 113 1 1000 1000 1000 3
0.166667 0.113145 0.038477 20 20 100 111 1 1000 1000 1000 3
0.166667 0.182852 0.043817 20 21 100 100 1 1000 1000 1000 3
0.166667 nan nan 20 24 100 95 1 1000 1000 1000 3
0.166667 0.166521 0.042654 20 25 100 96 1 1000 1000 1000 3
0.166667 0.187908 0.042219 20 24 100 109 1 1000 1000 1000 3
0.166667 0.258279 0.048814 20 21 100 96 1 1000 1000 1000 3
0.166667 0.170495 0.044060 20 19 100 107 1 1000 1000 1000 3
0.166667 0.154483 0.043171 20 21 100 91 1 1000 1000 1000 3
0.166667 nan nan 20 21 100 101 1 1000 1000 1000 3
0.166667 0.153576 0.044078 20 19 100 93 1 1000 1000 1000 3
0.166667 0.144794 0.041755 20 21 100 110 1 1000 1000 1000 3
0.166667 0.180495 0.043897 20 23 100 104 1 1000 1000 1000 3
0.166667 0.143961 0.039428 20 14 100 112 1 1000 1000 1000 3
0.166667 0.151704 0.041640 20 14 100 108 1 1000 1000 1000 3
0.166667 0.143760 0.040628 20 26 100 104 1 1000 1000 1000 3
0.166667 nan nan 20 11 100 101 1 1000 1000 1000 3
0.166667 0.227564 0.051529 20 20 100 91 1 1000 1000 1000 3
0.166667 nan nan 20 16 100 112 1 1000 1000 1000 3
0.166667 0.075260 0.031381 20 8 100 123 1 1000 1000 1000 3
0.166667 0.150597 0.042752 20 18 100 102 1 1000 1000 1000 3
0.166667 0.147175 0.045324 20 15 100 96 1 1000 1000 1000 3
0.166667 0.199108 0.042898 20 28 100 105 1 1000 1000 1000 3
0.166667 0.193833 0.044738 20 19 100 105 1 1000 1000 1000 3
0.166667 0.108648 0.036975 20 14 100 109 1 1000 1000 1000 3
0.166667 nan nan 20 29 100 101 1 1000 1000 1000 3
0.166667 0.207424 0.043217 20 20 100 107 1 1000 1000 1000 3
0.166667 0.170294 0.042861 20 16 100 115 1 1000 1000 1000 3
0.166667 0.189984 0.039145 20 29 100 130 1 1000 1000 1000 3
0.166667 0.121734 0.039998 20 14 100 104 1 1000 1000 1000 3
0.166667 0.221948 0.046646 20 25 100 101 1 1000 1000 1000 3
0.166667 0.130870 0.040650 20 14 100 106 1 1000 1000 1000 3
0.166667 0.155447 0.042906 20 13 100 102 1 1000 1000 1000 3
0.166667 0.124095 0.043396 20 18 100 84 1 1000 1000 1000 3
0.166667 nan nan 20 13 100 115 1 1000 1000 1000 3
0.166667 0.164559 0.043709 20 20 100 103 1 1000 1000 1000 3
0.166667 0.170880 0.044329 20 14 100 96 1 1000 1000 1000 3
0.166667 0.140019 0.040134 20 18 100 109 1 1000 1000 1000 3
0.166667 0.240010 0.045766 20 25 100 104 1 1000 1000 1000 3
0.166667 0.151809 0.042426 20 18 100 99 1 1000 1000 1000 3
0.166667 0.135941 0.044052 20 15 100 95 1 1000 1000 1000 3
0.166667 nan nan 20 26 100 96 1 1000 1000 1000 3
0.166667 0.182976 0.044798 20 25 100 92 1 1000 1000 1000 3
0.166667 0.120870 0.036259 20 20 100 117 1 1000 1000 1000 3
0.166667 0.150416 0.044169 20 19 100 99 1 1000 1000 1000 3
0.166667 nan nan 20 18 100 111 1 1000 1000 1000 3
0.166667 nan nan 20 19 100 87 1 1000 1000 1000 3
0.166667 0.095355 0.038942 20 20 100 99 1 1000 1000 1000 3
0.166667 0.163037 0.040934 20 17 100 121 1 1000 1000 1000 3
0.166667 0.133763 0.041641 20 21 100 102 1 1000 1000 1000 3
0.166667 0.159259 0.042636 20 16 100 100 1 1000 1000 1000 3
0.166667 0.196675 0.048364 20 15 100 89 1 1000 1000 1000 3
0.166667 0.196057 0.048168 20 18 100 90 1 1000 1000 1000 3
0.166667 0.184929 0.047653 20 23 100 96 1 1000 1000 1000 3
0.166667 0.123023 0.037979 20 16 100 111 1 1000 1000 1000 3
0.166667 0.131475 0.041311 20 17 100 108 1 1000 1000 1000 3
0.166667 0.183054 0.044534 20 26 100 99 1 1000 1000 1000 3
0.166667 0.164408 0.041309 20 28 100 105 1 1000 1000 1000 3
0.166667 0.130729 0.038726 20 18 100 118 1 1000 1000 1000 3
0.166667 0.131083 0.038265 20 18 100 113 1 1000 1000 1000 3
0.166667 0.141028 0.040595 20 16 100 105 1 1000 1000 1000 3
0.166667 0.149318 0.044018 20 21 100 94 1 1000 1000 1000 3
0.166667 0.169803 0.044954 20 21 100 99 1 1000 1000 1000 3
0.166667 0.154184 0.043277 20 19 100 97 1 1000 1000 1000 3
0.166667 0.154268 0.048993 20 18 100 84 1 1000 1000 1000 3
0.166667 0.121264 0.043744 20 15 100 86 1 1000 1000 1000 3
0.166667 0.211339 0.044793 20 23 100 107 1 1000 1000 1000 3
0.166667 nan nan 20 20 100 121 1 1000 1000 1000 3
0.166667 0.141805 0.044453 20 14 100 95 1 1000 1000 1000 3
0.166667 0.148958 0.044634 20 18 100 90 1 1000 1000 1000 3
0.166667 0.162112 0.044319 20 14 100 96 1 1000 1000 1000 3
0.166667 0.259125 0.047194 20 25 100 101 1 1000 1000 1000 3
0.166667 0.173759 0.043592 20 20 100 105 1 1000 1000 1000 3
0.166667 nan nan 20 34 100 107 1 1000 1000 1000 3
0.166667 0.166190 0.049783 20 13 100 97 1 1000 1000 1000 3
0.166667 0.144366 0.044443 20 18 100 98 1 1000 1000 1000 3
0.166667 0.172174 0.046278 20 17 100 95 1 1000 1000 1000 3
0.166667 nan nan 20 22 100 104 1 1000 1000 1000 3
0.166667 0.197081 0.040377 20 25 100 128 1 1000 1000 1000 3
0.166667 0.105896 0.040353 20 19 100 92 1 1000 1000 1000 3
0.166667 nan nan 20 30 100 107 1 1000 1000 1000 3
0.166667 0.126379 0.039095 20 18 100 111 1 1000 1000 1000 3
0.166667 0.171577 0.046046 20 19 100 91 1 1000 1000 1000 3
0.166667 nan nan 20 14 100 93 1 1000 1000 1000 3
0.166667 0.217286 0.043398 20 28 100 109 1 1000 1000 1000 3
0.166667 0.283992 0.050704 20 25 100 86 1 1000 1000 1000 3
0.166667 0.169443 0.043510 20 23 100 101 1 1000 1000 1000 3
0.166667 nan nan 20 28 100 101 1 1000 1000 1000 3
0.166667 0.213842 0.048679 20 24 100 86 1 1000 1000 1000 3
0.166667 0.181642 0.044946 20 24 100 100 1 1000 1000 1000 3
0.166667 0.204535 0.045465 20 19 100 113 1 1000 1000 1000 3
0.166667 nan nan 20 28 100 95 1 1000 1000 1000 3
0.166667 0.116978 0.038280 20 13 100 114 1 1000 1000 1000 3
0.166667 0.212683 0.049014 20 24 100 88 1 1000 1000 1000 3
0.166667 0.178401 0.041625 20 27 100 111 1 1000 1000 1000 3
0.166667 nan nan 20 25 100 91 1 1000 1000 1000 3
0.166667 nan nan 20 15 100 108 1 1000 1000 1000 3
0.166667 nan nan 20 26 100 90 1 1000 1000 1000 3
0.166667 0.220611 0.046990 20 28 100 95 1 1000 1000 1000 3
0.166667 0.137083 0.045966 20 13 100 91 1 1000 1000 1000 3
0.166667 0.159542 0.041768 20 22 100 105 1 1000 1000 1000 3
0.166667 0.235366 0.048986 20 21 100 88 1 1000 1000 1000 3
0.166667 0.201282 0.044545 20 30 100 102 1 1000 1000 1000 3
0.166667 0.190048 0.046955 20 21 100 95 1 1000 1000 1000 3
0.166667 0.129633 0.039848 20 19 100 98 1 1000 1000 1000 3
0.166667 0.252222 0.046481 20 32 100 108 1 1000 1000 1000 3
0.166667 0.108110 0.038328 20 20 100 97 1 1000 1000 1000 3
0.166667 nan nan 20 23 100 94 1 1000 1000 1000 3
0.166667 0.132154 0.041015 20 13 100 104 1 1000 1000 1000 3
0.166667 0.148004 0.041171 20 19 100 107 1 1000 1000 1000 3
0.166667 0.217122 0.046483 20 25 100 99 1 1000 1000 1000 3
0.166667 0.125670 0.037798 20 23 100 110 1 1000 1000 1000 3
0.166667 0.111662 0.039400 20 18 100 106 1 1000 1000 1000 3
0.166667 0.168929 0.043740 20 26 100 104 1 1000 1000 1000 3
0.166667 0.158206 0.039540 20 20 100 115 1 1000 1000 1000 3
0.166667 0.209497 0.046773 20 22 100 100 1 1000 1000 1000 3
0.166667 0.258670 0.053709 20 23 100 80 1 1000 1000 1000 3
0.166667 0.120922 0.041364 20 15 100 99 1 1000 1000 1000 3
0.166667 0.175101 0.047686 20 16 100 87 1 1000 1000 1000 3
0.166667 0.091314 0.040294 20 20 100 93 1 1000 1000 1000 3
0.166667 0.214259 0.051253 20 22 100 88 1 1000 1000 1000 3
0.166667 0.174581 0.042292 20 15 100 95 1 1000 1000 1000 3
0.166667 0.205793 0.048586 20 21 100 90 1 1000 1000 1000 3
0.166667 nan nan 20 21 100 99 1 1000 1000 1000 3
0.166667 0.190261 0.046469 20 20 100 89 1 1000 1000 1000 3
0.166667 0.130103 0.042217 20 17 100 97 1 1000 1000 1000 3
0.166667 0.097826 0.034966 20 20 100 121 1 1000 1000 1000 3
0.166667 0.223955 0.043383 20 24 100 119 1 1000 1000 1000 3
0.166667 0.241214 0.049275 20 23 100 90 1 1000 1000 1000 3
0.166667 0.228356 0.051145 20 23 100 86 1 1000 1000 1000 3
0.166667 0.172454 0.042916 20 24 100 102 1 1000 1000 1000 3
0.166667 0.077282 0.032866 20 16 100 114 1 1000 1000 1000 3
0.166667 0.088243 0.039722 20 12 100 89 1 1000 1000 1000 3
0.166667 0.136537 0.039433 20 16 100 110 1 1000 1000 1000 3
0.166667 0.203479 0.044568 20 28 100 105 1 1000 1000 1000 3
0.166667 nan nan 20 24 100 100 1 1000 1000 1000 3
0.166667 nan nan 20 18 100 83 1 1000 1000 1000 3
0.166667 nan nan 20 20 100 106 1 1000 1000 1000 3
0.166667 0.157676 0.043487 20 17 100 104 1 1000 1000 1000 3
0.166667 nan nan 20 23 100 87 1 1000 1000 1000 3
0.166667 nan nan 20 19 100 100 1 1000 1000 1000 3
0.166667 0.127191 0.041264 20 13 100 94 1 1000 1000 1000 3
0.166667 nan nan 20 19 100 105 1 1000 1000 1000 3
0.166667 0.107430 0.037022 20 14 100 120 1 1000 1000 1000 3
0.166667 0.060658 0.034620 20 14 100 115 1 1000 1000 1000 3
0.166667 0.241246 0.054490 20 26 100 80 1 1000 1000 1000 3
0.166667 0.141777 0.043214 20 20 100 98 1 1000 1000 1000 3
0.166667 0.180234 0.044624 20 16 100 105 1 1000 1000 1000 3
0.166667 0.108528 0.036852 20 21 100 109 1 1000 1000 1000 3
0.166667 0.117957 0.039261 20 20 100 106 1 1000 1000 1000 3
0.166667 0.140678 0.042683 20 24 100 102 1 1000 1000 1000 3
0.166667 nan nan 20 25 100 103 1 1000 1000 1000 3
0.166667 0.110856 0.037184 20 19 100 111 1 1000 1000 1000 3
0.166667 0.117594 0.038758 20 15 100 104 1 1000 1000 1000 3
0.166667 0.207525 0.046671 20 19 100 101 1 1000 1000 1000 3
0.166667 0.173790 0.043807 20 22 100 100 1 1000 1000 1000 3
0.166667 0.120532 0.038632 20 21 100 113 1 1000 1000 1000 3
0.166667 nan nan 20 22 100 103 1 1000 1000 1000 3
0.166667 0.182015 0.048664 20 18 100 85 1 1000 1000 1000 3
0.166667 0.189647 0.042775 20 24 100 116 1 1000 1000 1000 3
0.166667 nan nan 20 14 100 104 1 1000 1000 1000 3
0.166667 0.201834 0.047295 20 19 100 94 1 1000 1000 1000 3
0.166667 0.187156 0.047181 20 23 100 90 1 1000 1000 1000 3
0.166667 nan nan 20 13 100 102 1 1000 1000 1000 3
0.166667 0.197020 0.045906 20 17 100 100 1 1000 1000 1000 3
0.166667 0.180708 0.043537 20 18 100 101 1 1000 1000 1000 3
0.166667 0.258885 0.047234 20 23 100 109 1 1000 1000 1000 3
0.166667 0.148993 0.045151 20 17 100 92 1 1000 1000 1000 3
0.166667 0.158766 0.043124 20 20 100 106 1 1000 1000 1000 3
0.166667 nan nan 20 27 100 96 1 1000 1000 1000 3
0.166667 0.163599 0.042660 20 17 100 103 1 1000 1000 1000 3
0.166667 0.250980 0.054022 20 22 100 79 1 1000 1000 1000 3
0.166667 0.298709 0.052420 20 26 100 87 1 1000 1000 1000 3
0.166667 0.246812 0.052944 20 23 100 80 1 1000 1000 1000 3
0.166667 0.264146 0.050597 20 20 100 95 1 1000 1000 1000 3
0.166667 0.117829 0.040038 20 16 100 101 1 1000 1000 1000 3
0.166667 0.168916 0.046522 20 20 100 88 1 1000 1000 1000 3
0.166667 0.193584 0.045005 20 14 100 94 1 1000 1000 1000 3
0.166667 nan nan 20 19 100 103 1 1000 1000 1000 3
0.166667 0.240845 0.052858 20 22 100 78 1 1000 1000 1000 3
0.166667 0.196594 0.051810 20 17 100 81 1 1000 1000 1000 3
0.166667 0.190932 0.047783 20 21 100 87 1 1000 1000 1000 3
0.166667 0.125282 0.039886 20 19 100 112 1 1000 1000 1000 3
0.166667 0.205731 0.047278 20 22 100 92 1 1000 1000 1000 3
0.166667 nan nan 20 24 100 98 1 1000 1000 1000 3
0.166667 0.110821 0.036876 20 14 100 116 1 1000 1000 1000 3
0.166667 0.104622 0.041964 20 16 100 91 1 1000 1000 1000 3
0.166667 0.242846 0.051874 20 20 100 87 1 1000 1000 1000 3
0.166667 0.157644 0.045649 20 19 100 98 1 1000 1000 1000 3
0.166667 nan nan 20 24 100 99 1 1000 1000 1000 3
0.166667 0.178164 0.044435 20 22 100 102 1 1000 1000 1000 3
0.166667 nan nan 20 22 100 99 1 1000 1000 1000 3
0.166667 0.113547 0.039348 20 15 100 105 1 1000 1000 1000 3
0.166667 nan nan 20 18 100 92 1 1000 1000 1000 3
0.166667 0.208073 0.047547 20 25 100 90 1 1000 1000 1000 3
0.166667 0.209161 0.047242 20 17 100 97 1 1000 1000 1000 3
0.166667 0.231517 0.056627 20 21 100 72 1 1000 1000 1000 3
0.166667 nan nan 20 23 100 80 1 1000 1000 1000 3
0.166667 0.168747 0.043188 20 19 100 103 1 1000 1000 1000 3
0.166667 0.161370 0.044915 20 19 100 101 1 1000 1000 1000 3
0.166667 0.119904 0.040466 20 15 100 109 1 1000 1000 1000 3
0.166667 nan nan 20 14 100 94 1 1000 1000 1000 3
0.166667 0.123982 0.036557 20 25 100 119 1 1000 1000 1000 3
0.166667 0.062288 0.037325 20 11 100 94 1 1000 1000 1000 3
0.166667 0.170009 0.048399 20 24 100 83 1 1000 1000 1000 3
0.166667 nan nan 20 22 100 113 1 1000 1000 1000 3
0.166667 0.181688 0.046711 20 18 100 103 1 1000 1000 1000 3
0.166667 0.179383 0.049937 20 19 100 88 1 1000 1000 1000 3
0.166667 0.134023 0.042568 20 18 100 93 1 1000 1000 1000 3
0.166667 nan nan 20 17 100 95 1 1000 1000 1000 3
0.166667 0.210637 0.047601 20 16 100 91 1 1000 1000 1000 3
0.166667 0.211486 0.045422 20 24 100 102 1 1000 1000 1000 3
0.166667 0.238872 0.049898 20 18 100 97 1 1000 1000 1000 3
0.166667 0.137802 0.040331 20 20 100 105 1 1000 1000 1000 3
0.166667 0.236259 0.046945 20 20 100 100 1 1000 1000 1000 3
0.166667 0.100798 0.037791 20 16 100 108 1 1000 1000 1000 3
0.166667 0.225971 0.047324 20 22 100 104 1 1000 1000 1000 3
0.166667 0.230943 0.050308 20 22 100 88 1 1000 1000 1000 3
0.166667 nan nan 20 25 100 95 1 1000 1000 1000 3
0.166667 0.118940 0.041124 20 19 100 87 1 1000 1000 1000 3
0.166667 0.091334 0.036916 20 16 100 104 1 1000 1000 1000 3
0.166667 0.123560 0.038345 20 18 100 109 1 1000 1000 1000 3
0.166667 0.181252 0.046767 20 18 100 89 1 1000 1000 1000 3
0.166667 0.135738 0.039893 20 20 100 104 1 1000 1000 1000 3
0.166667 0.098285 0.038083 20 15 100 108 1 1000 1000 1000 3
0.166667 0.107069 0.035291 20 15 100 119 1 1000 1000 1000 3
0.166667 0.111820 0.038119 20 13 100 112 1 1000 1000 1000 3
