0.166667 0.171552 0.014622 200 201 1000 1001 1 1000 1000 0 3
0.166667 0.158814 0.013891 200 201 1000 1070 1 1000 1000 0 3
0.166667 0.153946 0.014001 200 184 1000 962 1 1000 1000 0 3
0.166667 0.172303 0.014425 200 210 1000 967 1 1000 1000 0 3
0.166667 0.175204 0.013628 200 203 1000 1053 1 1000 1000 0 3
0.166667 0.163441 0.014620 200 199 1000 953 1 1000 1000 0 3
0.166667 0.165782 0.014320 200 215 1000 1008 1 1000 1000 0 3
0.166667 0.177107 0.014197 200 214 1000 984 1 1000 1000 0 3
0.166667 0.157451 0.013918 200 208 1000 961 1 1000 1000 0 3
0.166667 0.166932 0.014335 200 192 1000 997 1 1000 1000 0 3
0.166667 0.149100 0.014085 200 192 1000 975 1 1000 1000 0 3
0.166667 0.153871 0.013520 200 190 1000 1008 1 1000 1000 0 3
0.166667 0.180920 0.014763 200 200 1000 980 1 1000 1000 0 3
0.166667 0.161012 0.014204 200 210 1000 972 1 1000 1000 0 3
0.166667 0.169694 0.014370 200 197 1000 1006 1 1000 1000 0 3
0.166667 0.170160 0.014477 200 227 1000 999 1 1000 1000 0 3
0.166667 0.168654 0.014300 200 171 1000 964 1 1000 1000 0 3
0.166667 0.181607 0.014786 200 212 1000 951 1 1000 1000 0 3
0.166667 0.137936 0.014224 200 173 1000 969 1 1000 1000 0 3
0.166667 0.202780 0.014857 200 256 1000 986 1 1000 1000 0 3
0.166667 0.148402 0.014152 200 203 1000 998 1 1000 1000 0 3
0.166667 0.134964 0.014216 200 173 1000 999 1 1000 1000 0 3
0.166667 0.169256 0.013838 200 206 1000 1045 1 1000 1000 0 3
0.166667 0.154452 0.014853 200 196 1000 968 1 1000 1000 0 3
0.166667 0.140693 0.013809 200 214 1000 1023 1 1000 1000 0 3
0.166667 0.139425 0.013097 200 188 1000 1053 1 1000 1000 0 3
0.166667 0.204425 0.015233 200 237 1000 945 1 1000 1000 0 3
0.166667 0.171480 0.013865 200 179 1000 1007 1 1000 1000 0 3
0.166667 0.141038 0.014145 200 221 1000 982 1 1000 1000 0 3
0.166667 0.167438 0.014342 200 201 1000 1023 1 1000 1000 0 3
0.166667 0.212476 0.014533 200 214 1000 1042 1 1000 1000 0 3
0.166667 0.149487 0.013873 200 203 1000 1005 1 1000 1000 0 3
0.166667 0.163664 0.013683 200 213 1000 1047 1 1000 1000 0 3
0.166667 0.172294 0.013961 200 197 1000 992 1 1000 1000 0 3
0.166667 0.159181 0.014435 200 191 1000 968 1 1000 1000 0 3
0.166667 0.174250 0.014372 200 203 1000 1005 1 1000 1000 0 3
0.166667 0.161953 0.013813 200 207 1000 1029 1 1000 1000 0 3
0.166667 0.150296 0.013662 200 205 1000 1010 1 1000 1000 0 3
0.166667 0.133142 0.013767 200 177 1000 1006 1 1000 1000 0 3
0.166667 0.159563 0.013902 200 189 1000 1032 1 1000 1000 0 3
0.166667 0.187653 0.014652 200 199 1000 959 1 1000 1000 0 3
0.166667 0.154041 0.013180 200 175 1000 1053 1 1000 1000 0 3
0.166667 0.175005 0.013819 200 218 1000 1050 1 1000 1000 0 3
0.166667 0.175739 0.014761 200 202 1000 972 1 1000 1000 0 3
0.166667 0.173241 0.013973 200 197 1000 1048 1 1000 1000 0 3
0.166667 0.168989 0.014225 200 215 1000 1013 1 1000 1000 0 3
0.166667 0.157297 0.014131 200 198 1000 988 1 1000 1000 0 3
0.166667 0.172277 0.014359 200 211 1000 993 1 1000 1000 0 3
0.166667 0.134244 0.013773 200 197 1000 1029 1 1000 1000 0 3
0.166667 0.160275 0.013945 200 198 1000 1013 1 1000 1000 0 3
0.166667 0.158257 0.014276 200 199 1000 998 1 1000 1000 0 3
0.166667 0.187178 0.014638 200 186 1000 968 1 1000 1000 0 3
0.166667 0.166814 0.015281 200 193 1000 902 1 1000 1000 0 3
0.166667 0.173824 0.014353 200 214 1000 995 1 1000 1000 0 3
0.166667 0.167722 0.014076 200 212 1000 967 1 1000 1000 0 3
0.166667 0.149622 0.013517 200 166 1000 1018 1 1000 1000 0 3
0.166667 0.152145 0.014066 200 190 1000 1020 1 1000 1000 0 3
0.166667 0.172334 0.014824 200 203 1000 1000 1 1000 1000 0 3
0.166667 0.155180 0.014405 200 183 1000 938 1 1000 1000 0 3
0.166667 0.161837 0.013399 200 199 1000 1094 1 1000 1000 0 3
0.166667 0.204564 0.014399 200 217 1000 1019 1 1000 1000 0 3
0.166667 0.173404 0.013838 200 191 1000 1014 1 1000 1000 0 3
0.166667 0.153192 0.014417 200 215 1000 975 1 1000 1000 0 3
0.166667 0.140751 0.013933 200 193 1000 994 1 1000 1000 0 3
0.166667 0.187210 0.014434 200 230 1000 1025 1 1000 1000 0 3
0.166667 0.175245 0.014279 200 211 1000 1036 1 1000 1000 0 3
0.166667 0.167243 0.014290 200 197 1000 1018 1 1000 1000 0 3
0.166667 0.163393 0.014108 200 199 1000 1015 1 1000 1000 0 3
0.166667 0.137605 0.013508 200 178 1000 1043 1 1000 1000 0 3
0.166667 0.161125 0.013750 200 180 1000 995 1 1000 1000 0 3
0.166667 0.151026 0.013828 200 197 1000 1034 1 1000 1000 0 3
0.166667 0.156097 0.013623 200 184 1000 979 1 1000 1000 0 3
0.166667 0.151381 0.013567 200 177 1000 1046 1 1000 1000 0 3
0.166667 0.190075 0.014341 200 204 1000 1017 1 1000 1000 0 3
0.166667 0.165012 0.013829 200 194 1000 1050 1 1000 1000 0 3
0.166667 0.143054 0.014203 200 202 1000 982 1 1000 1000 0 3
0.166667 0.183923 0.014483 200 231 1000 1001 1 1000 1000 0 3
0.166667 0.157487 0.014257 200 188 1000 986 1 1000 1000 0 3
0.166667 0.174045 0.014243 200 214 1000 986 1 1000 1000 0 3
0.166667 0.201715 0.014981 200 219 1000 958 1 1000 1000 0 3
0.166667 0.188082 0.014366 200 217 1000 1005 1 1000 1000 0 3
0.166667 0.173158 0.014150 200 194 1000 1037 1 1000 1000 0 3
0.166667 0.178570 0.014197 200 212 1000 992 1 1000 1000 0 3
0.166667 0.178799 0.014143 200 221 1000 991 1 1000 1000 0 3
0.166667 0.150785 0.013818 200 189 1000 1010 1 1000 1000 0 3
0.166667 0.158037 0.014188 200 176 1000 1035 1 1000 1000 0 3
0.166667 0.174802 0.013580 200 190 1000 1067 1 1000 1000 0 3
0.166667 0.171842 0.014954 200 191 1000 951 1 1000 1000 0 3
0.166667 0.196649 0.014793 200 216 1000 984 1 1000 1000 0 3
0.166667 0.151571 0.014440 200 183 1000 1003 1 1000 1000 0 3
0.166667 0.149757 0.013620 200 169 1000 1020 1 1000 1000 0 3
0.166667 0.162881 0.014067 200 218 1000 1031 1 1000 1000 0 3
0.166667 0.181342 0.014227 200 211 1000 1009 1 1000 1000 0 3
0.166667 0.176252 0.014138 200 208 1000 967 1 1000 1000 0 3
0.166667 0.154826 0.014000 200 191 1000 1005 1 1000 1000 0 3
0.166667 0.181074 0.014239 200 197 1000 983 1 1000 1000 0 3
0.166667 0.170061 0.014698 200 201 1000 944 1 1000 1000 0 3
0.166667 0.184503 0.014699 200 197 1000 1011 1 1000 1000 0 3
0.166667 0.179788 0.014229 200 204 1000 1014 1 1000 1000 0 3
0.166667 0.153026 0.014144 200 195 1000 957 1 1000 1000 0 3
0.166667 0.146929 0.013971 200 174 1000 1005 1 1000 1000 0 3
0.166667 0.145090 0.013573 200 189 1000 995 1 1000 1000 0 3
0.166667 0.183456 0.014372 200 222 1000 984 1 1000 1000 0 3
0.166667 0.162581 0.013800 200 205 1000 1025 1 1000 1000 0 3
0.166667 0.146154 0.014015 200 194 1000 1008 1 1000 1000 0 3
0.166667 0.150386 0.013707 200 194 1000 997 1 1000 1000 0 3
0.166667 0.152393 0.014085 200 182 1000 1021 1 1000 1000 0 3
0.166667 0.151164 0.014441 200 204 1000 968 1 1000 1000 0 3
0.166667 0.182018 0.014153 200 200 1000 974 1 1000 1000 0 3
0.166667 0.174718 0.013939 200 205 1000 1021 1 1000 1000 0 3
0.166667 0.157035 0.014399 200 201 1000 974 1 1000 1000 0 3
0.166667 0.145514 0.013370 200 210 1000 1087 1 1000 1000 0 3
0.166667 0.161816 0.013955 200 195 1000 1047 1 1000 1000 0 3
0.166667 0.175517 0.014673 200 186 1000 948 1 1000 1000 0 3
0.166667 0.156090 0.014301 200 195 1000 988 1 1000 1000 0 3
0.166667 0.156876 0.014704 200 197 1000 933 1 1000 1000 0 3
0.166667 0.164347 0.014593 200 211 1000 1010 1 1000 1000 0 3
0.166667 0.206232 0.015223 200 217 1000 970 1 1000 1000 0 3
0.166667 0.177097 0.014635 200 229 1000 992 1 1000 1000 0 3
0.166667 0.179642 0.014336 200 201 1000 1021 1 1000 1000 0 3
0.166667 0.175111 0.014936 200 220 1000 940 1 1000 1000 0 3
0.166667 0.171035 0.014700 200 207 1000 971 1 1000 1000 0 3
0.166667 0.191944 0.014829 200 222 1000 963 1 1000 1000 0 3
0.166667 0.165335 0.014111 200 196 1000 1002 1 1000 1000 0 3
0.166667 0.162012 0.014041 200 191 1000 1006 1 1000 1000 0 3
0.166667 0.176480 0.013823 200 180 1000 992 1 1000 1000 0 3
0.166667 0.182848 0.014626 200 216 1000 1000 1 1000 1000 0 3
0.166667 0.191318 0.014730 200 209 1000 946 1 1000 1000 0 3
0.166667 0.150791 0.014657 200 204 1000 1011 1 1000 1000 0 3
0.166667 0.153101 0.013958 200 227 1000 1039 1 1000 1000 0 3
0.166667 0.157751 0.013855 200 202 1000 1009 1 1000 1000 0 3
0.166667 0.119707 0.014395 200 170 1000 957 1 1000 1000 0 3
0.166667 0.138570 0.013984 200 216 1000 1022 1 1000 1000 0 3
0.166667 0.162399 0.014338 200 210 1000 997 1 1000 1000 0 3
0.166667 0.167058 0.014267 200 203 1000 978 1 1000 1000 0 3
0.166667 0.161989 0.013582 200 187 1000 1067 1 1000 1000 0 3
0.166667 0.181113 0.015084 200 202 1000 950 1 1000 1000 0 3
0.166667 0.175427 0.014510 200 192 1000 1006 1 1000 1000 0 3
0.166667 0.211320 0.014667 200 217 1000 1008 1 1000 1000 0 3
0.166667 0.141885 0.013697 200 219 1000 1000 1 1000 1000 0 3
0.166667 0.189979 0.014522 200 203 1000 989 1 1000 1000 0 3
0.166667 0.177394 0.014322 200 216 1000 1014 1 1000 1000 0 3
0.166667 0.134703 0.013411 200 186 1000 1042 1 1000 1000 0 3
0.166667 0.149436 0.014296 200 178 1000 966 1 1000 1000 0 3
0.166667 0.165236 0.013768 200 204 1000 1009 1 1000 1000 0 3
0.166667 0.186393 0.014557 200 192 1000 973 1 1000 1000 0 3
0.166667 0.194541 0.015084 200 226 1000 954 1 1000 1000 0 3
0.166667 0.143075 0.013957 200 188 1000 1024 1 1000 1000 0 3
0.166667 0.159708 0.013990 200 202 1000 979 1 1000 1000 0 3
0.166667 0.169373 0.014563 200 208 1000 1003 1 1000 1000 0 3
0.166667 0.145191 0.013862 200 184 1000 1041 1 1000 1000 0 3
0.166667 0.155309 0.013806 200 214 1000 1021 1 1000 1000 0 3
0.166667 0.164253 0.014113 200 179 1000 1003 1 1000 1000 0 3
0.166667 0.175587 0.013960 200 199 1000 1025 1 1000 1000 0 3
0.166667 0.194193 0.014690 200 236 1000 973 1 1000 1000 0 3
0.166667 0.173316 0.014316 200 194 1000 950 1 1000 1000 0 3
0.166667 0.175236 0.014164 200 216 1000 1001 1 1000 1000 0 3
0.166667 0.155880 0.013411 200 194 1000 1061 1 1000 1000 0 3
0.166667 0.195954 0.015048 200 210 1000 988 1 1000 1000 0 3
0.166667 0.192222 0.014145 200 201 1000 1013 1 1000 1000 0 3
0.166667 0.159945 0.014402 200 219 1000 1017 1 1000 1000 0 3
0.166667 0.148744 0.014327 200 177 1000 958 1 1000 1000 0 3
0.166667 0.172568 0.014091 200 187 1000 1015 1 1000 1000 0 3
0.166667 0.155084 0.014306 200 199 1000 998 1 1000 1000 0 3
0.166667 0.157184 0.013914 200 201 1000 1033 1 1000 1000 0 3
0.166667 0.159663 0.014148 200 201 1000 1034 1 1000 1000 0 3
0.166667 0.165368 0.014037 200 212 1000 1038 1 1000 1000 0 3
0.166667 0.186835 0.014339 200 197 1000 1026 1 1000 1000 0 3
0.166667 0.171177 0.014238 200 215 1000 976 1 1000 1000 0 3
0.166667 0.193258 0.014689 200 207 1000 957 1 1000 1000 0 3
0.166667 0.139569 0.013748 200 175 1000 1012 1 1000 1000 0 3
0.166667 0.193344 0.014739 200 219 1000 952 1 1000 1000 0 3
0.166667 0.165928 0.013889 200 207 1000 1025 1 1000 1000 0 3
0.166667 0.141710 0.014283 200 165 1000 1000 1 1000 1000 0 3
0.166667 0.187580 0.014126 200 209 1000 991 1 1000 1000 0 3
0.166667 0.162898 0.014239 200 193 1000 1000 1 1000 1000 0 3
0.166667 0.211437 0.014416 200 217 1000 998 1 1000 1000 0 3
0.166667 0.174779 0.014594 200 198 1000 956 1 1000 1000 0 3
0.166667 0.184778 0.014265 200 211 1000 995 1 1000 1000 0 3
0.166667 0.152598 0.013889 200 205 1000 1031 1 1000 1000 0 3
0.166667 0.149108 0.013488 200 191 1000 1028 1 1000 1000 0 3
0.166667 0.162056 0.014267 200 215 1000 963 1 1000 1000 0 3
0.166667 0.166951 0.014507 200 189 1000 937 1 1000 1000 0 3
0.166667 0.174094 0.014486 200 205 1000 969 1 1000 1000 0 3
0.166667 0.180143 0.014279 200 226 1000 1031 1 1000 1000 0 3
0.166667 0.172196 0.014683 200 208 1000 959 1 1000 1000 0 3
0.166667 0.153063 0.013251 200 174 1000 1024 1 1000 1000 0 3
0.166667 0.152726 0.014716 200 195 1000 943 1 1000 1000 0 3
0.166667 0.163133 0.013681 200 210 1000 1044 1 1000 1000 0 3
0.166667 0.195771 0.014624 200 209 1000 958 1 1000 1000 0 3
0.166667 0.201222 0.014618 200 223 1000 1018 1 1000 1000 0 3
0.166667 0.148282 0.013910 200 173 1000 1018 1 1000 1000 0 3
0.166667 0.171622 0.014152 200 199 1000 1051 1 1000 1000 0 3
0.166667 0.156482 0.013629 200 170 1000 1008 1 1000 1000 0 3
0.166667 0.171328 0.014450 200 222 1000 982 1 1000 1000 0 3
0.166667 0.190052 0.014699 200 210 1000 992 1 1000 1000 0 3
0.166667 0.150506 0.014271 200 210 1000 985 1 1000 1000 0 3
0.166667 0.136323 0.013442 200 184 1000 1025 1 1000 1000 0 3
0.166667 0.190455 0.015123 200 207 1000 927 1 1000 1000 0 3
0.166667 0.168747 0.014446 200 203 1000 941 1 1000 1000 0 3
0.166667 0.175598 0.013991 200 171 1000 1003 1 1000 1000 0 3
0.166667 0.164666 0.014425 200 196 1000 956 1 1000 1000 0 3
0.166667 0.155996 0.013562 200 212 1000 1036 1 1000 1000 0 3
0.166667 0.186562 0.014823 200 200 1000 945 1 1000 1000 0 3
0.166667 0.138808 0.014126 200 220 1000 1023 1 1000 1000 0 3
0.166667 0.159193 0.013851 200 210 1000 1064 1 1000 1000 0 3
0.166667 0.166909 0.014467 200 207 1000 978 1 1000 1000 0 3
0.166667 0.174849 0.014752 200 216 1000 938 1 1000 1000 0 3
0.166667 0.162539 0.014311 200 177 1000 1013 1 1000 1000 0 3
0.166667 0.165508 0.014204 200 206 1000 1008 1 1000 1000 0 3
0.166667 0.156541 0.014049 200 199 1000 999 1 1000 1000 0 3
0.166667 0.148507 0.014202 200 219 1000 1022 1 1000 1000 0 3
0.166667 0.145993 0.014380 200 178 1000 996 1 1000 1000 0 3
0.166667 0.156185 0.013933 200 197 1000 1050 1 1000 1000 0 3
0.166667 0.188807 0.014287 200 209 1000 1009 1 1000 1000 0 3
0.166667 0.202761 0.014297 200 200 1000 983 1 1000 1000 0 3
0.166667 0.163585 0.013809 200 203 1000 1045 1 1000 1000 0 3
0.166667 0.197643 0.014678 200 216 1000 968 1 1000 1000 0 3
0.166667 0.156390 0.014222 200 195 1000 981 1 1000 1000 0 3
0.166667 0.182479 0.014934 200 230 1000 972 1 1000 1000 0 3
0.166667 0.193454 0.014445 200 217 1000 984 1 1000 1000 0 3
0.166667 0.170472 0.013987 200 200 1000 974 1 1000 1000 0 3
0.166667 0.208888 0.014840 200 223 1000 950 1 1000 1000 0 3
0.166667 0.127159 0.012990 200 194 1000 1063 1 1000 1000 0 3
0.166667 0.164748 0.014241 200 198 1000 1011 1 1000 1000 0 3
0.166667 0.152197 0.013761 200 197 1000 1057 1 1000 1000 0 3
0.166667 0.148292 0.013713 200 196 1000 997 1 1000 1000 0 3
0.166667 0.163874 0.013563 200 210 1000 1054 1 1000 1000 0 3
0.166667 0.174706 0.014544 200 231 1000 977 1 1000 1000 0 3
0.166667 0.162838 0.014138 200 187 1000 1010 1 1000 1000 0 3
0.166667 0.146234 0.014142 200 190 1000 982 1 1000 1000 0 3
0.166667 0.164930 0.015032 200 205 1000 968 1 1000 1000 0 3
0.166667 0.168944 0.014370 200 162 1000 971 1 1000 1000 0 3
0.166667 0.145097 0.013805 200 181 1000 1045 1 1000 1000 0 3
0.166667 0.135686 0.013642 200 184 1000 1011 1 1000 1000 0 3
0.166667 0.175772 0.014185 200 210 1000 987 1 1000 1000 0 3
0.166667 0.165438 0.014189 200 231 1000 1012 1 1000 1000 0 3
0.166667 0.189299 0.015050 200 197 1000 962 1 1000 1000 0 3
0.166667 0.203651 0.014409 200 220 1000 1000 1 1000 1000 0 3
0.166667 0.147079 0.013374 200 195 1000 1021 1 1000 1000 0 3
0.166667 0.163395 0.014135 200 194 1000 1019 1 1000 1000 0 3
0.166667 0.156849 0.014051 200 187 1000 985 1 1000 1000 0 3
0.166667 0.147578 0.013995 200 192 1000 974 1 1000 1000 0 3
0.166667 0.155653 0.014226 200 202 1000 1036 1 1000 1000 0 3
0.166667 0.166236 0.014540 200 190 1000 957 1 1000 1000 0 3
0.166667 0.182504 0.014386 200 198 1000 951 1 1000 1000 0 3
0.166667 0.180001 0.014522 200 183 1000 989 1 1000 1000 0 3
0.166667 0.157931 0.014521 200 209 1000 1007 1 1000 1000 0 3
0.166667 0.176019 0.013718 200 216 1000 1015 1 1000 1000 0 3
0.166667 0.164197 0.014306 200 209 1000 1020 1 1000 1000 0 3
0.166667 0.179694 0.014227 200 209 1000 1023 1 1000 1000 0 3
0.166667 0.158301 0.013996 200 206 1000 1036 1 1000 1000 0 3
0.166667 0.196744 0.014386 200 201 1000 991 1 1000 1000 0 3
0.166667 0.187122 0.015041 200 210 1000 942 1 1000 1000 0 3
0.166667 0.143807 0.013502 200 181 1000 1011 1 1000 1000 0 3
0.166667 0.134494 0.013672 200 181 1000 1044 1 1000 1000 0 3
0.166667 0.166686 0.014514 200 211 1000 1006 1 1000 1000 0 3
0.166667 0.158573 0.013439 200 183 1000 1043 1 1000 1000 0 3
0.166667 0.169189 0.013936 200 207 1000 1031 1 1000 1000 0 3
0.166667 0.208339 0.015304 200 217 1000 940 1 1000 1000 0 3
0.166667 0.143866 0.013392 200 186 1000 1036 1 1000 1000 0 3
0.166667 0.162729 0.013983 200 212 1000 986 1 1000 1000 0 3
0.166667 0.159473 0.013965 200 186 1000 1011 1 1000 1000 0 3
0.166667 0.176832 0.014825 200 226 1000 984 1 1000 1000 0 3
0.166667 0.193005 0.014217 200 234 1000 988 1 1000 1000 0 3
0.166667 0.163027 0.014823 200 202 1000 1006 1 1000 1000 0 3
0.166667 0.150837 0.013703 200 195 1000 1023 1 1000 1000 0 3
0.166667 0.190548 0.014538 200 205 1000 988 1 1000 1000 0 3
0.166667 0.194732 0.014088 200 259 1000 1017 1 1000 1000 0 3
0.166667 0.163117 0.014111 200 190 1000 987 1 1000 1000 0 3
0.166667 0.167871 0.014220 200 202 1000 1053 1 1000 1000 0 3
0.166667 0.178667 0.014279 200 208 1000 970 1 1000 1000 0 3
0.166667 0.153405 0.013427 200 196 1000 1053 1 1000 1000 0 3
0.166667 0.193140 0.014456 200 235 1000 1006 1 1000 1000 0 3
0.166667 0.187426 0.014341 200 230 1000 994 1 1000 1000 0 3
0.166667 0.160284 0.013744 200 197 1000 1055 1 1000 1000 0 3
0.166667 0.118817 0.013631 200 200 1000 1017 1 1000 1000 0 3
0.166667 0.147295 0.013433 200 217 1000 1026 1 1000 1000 0 3
0.166667 0.169177 0.013809 200 209 1000 1052 1 1000 1000 0 3
0.166667 0.138164 0.014072 200 194 1000 1004 1 1000 1000 0 3
0.166667 0.175209 0.014074 200 211 1000 1022 1 1000 1000 0 3
0.166667 0.172104 0.014397 200 185 1000 1004 1 1000 1000 0 3
0.166667 0.172325 0.014456 200 196 1000 1014 1 1000 1000 0 3
0.166667 0.147851 0.013701 200 203 1000 1046 1 1000 1000 0 3
0.166667 0.156981 0.013555 200 181 1000 1029 1 1000 1000 0 3
0.166667 0.209194 0.014408 200 233 1000 1024 1 1000 1000 0 3
0.166667 0.141824 0.013880 200 177 1000 1018 1 1000 1000 0 3
0.166667 0.145250 0.013870 200 175 1000 995 1 1000 1000 0 3
0.166667 0.183769 0.014306 200 207 1000 1003 1 1000 1000 0 3
0.166667 0.154092 0.014695 200 194 1000 955 1 1000 1000 0 3
0.166667 0.155441 0.013821 200 200 1000 1009 1 1000 1000 0 3
0.166667 0.168539 0.013716 200 195 1000 1039 1 1000 1000 0 3
0.166667 0.187513 0.014806 200 221 1000 998 1 1000 1000 0 3
0.166667 0.195164 0.014779 200 219 1000 988 1 1000 1000 0 3
0.166667 0.203091 0.014513 200 210 1000 1001 1 1000 1000 0 3
0.166667 0.154490 0.014120 200 209 1000 1027 1 1000 1000 0 3
0.166667 0.197329 0.014327 200 217 1000 1019 1 1000 1000 0 3
0.166667 0.170947 0.014638 200 206 1000 954 1 1000 1000 0 3
0.166667 0.174372 0.014531 200 207 1000 971 1 1000 1000 0 3
0.166667 0.176134 0.014069 200 191 1000 984 1 1000 1000 0 3
0.166667 0.150002 0.013594 200 185 1000 1072 1 1000 1000 0 3
0.166667 0.172397 0.013826 200 203 1000 1043 1 1000 1000 0 3
0.166667 0.133469 0.014254 200 187 1000 1057 1 1000 1000 0 3
0.166667 0.145974 0.013531 200 207 1000 1059 1 1000 1000 0 3
0.166667 0.143465 0.013933 200 183 1000 1014 1 1000 1000 0 3
0.166667 0.163529 0.014260 200 207 1000 965 1 1000 1000 0 3
0.166667 0.154792 0.014184 200 201 1000 991 1 1000 1000 0 3
0.166667 0.169725 0.013882 200 212 1000 1021 1 1000 1000 0 3
0.166667 0.154631 0.014195 200 227 1000 1013 1 1000 1000 0 3
0.166667 0.168813 0.013946 200 196 1000 1009 1 1000 1000 0 3
0.166667 0.156345 0.014059 200 184 1000 961 1 1000 1000 0 3
0.166667 0.160314 0.013398 200 205 1000 1081 1 1000 1000 0 3
0.166667 0.153927 0.013793 200 195 1000 1065 1 1000 1000 0 3
0.166667 0.170462 0.014584 200 221 1000 953 1 1000 1000 0 3
0.166667 0.187745 0.014170 200 216 1000 979 1 1000 1000 0 3
0.166667 0.144710 0.014328 200 188 1000 1016 1 1000 1000 0 3
0.166667 0.173408 0.014720 200 191 1000 946 1 1000 1000 0 3
0.166667 0.183198 0.014880 200 202 1000 965 1 1000 1000 0 3
0.166667 0.187686 0.014568 200 207 1000 996 1 1000 1000 0 3
0.166667 0.163874 0.013774 200 210 1000 1031 1 1000 1000 0 3
0.166667 0.157782 0.014145 200 202 1000 1032 1 1000 1000 0 3
0.166667 0.155216 0.013839 200 198 1000 1023 1 1000 1000 0 3
0.166667 0.160287 0.013938 200 206 1000 1060 1 1000 1000 0 3
0.166667 0.185248 0.014773 200 217 1000 948 1 1000 1000 0 3
0.166667 0.165537 0.014200 200 207 1000 1016 1 1000 1000 0 3
0.166667 0.161531 0.014565 200 202 1000 976 1 1000 1000 0 3
0.166667 0.195414 0.014516 200 228 1000 966 1 1000 1000 0 3
0.166667 0.167472 0.014946 200 210 1000 937 1 1000 1000 0 3
0.166667 0.145913 0.013872 200 186 1000 1022 1 1000 1000 0 3
0.166667 0.165123 0.014935 200 184 1000 980 1 1000 1000 0 3
0.166667 0.176831 0.014238 200 201 1000 1001 1 1000 1000 0 3
0.166667 0.135620 0.014008 200 188 1000 979 1 1000 1000 0 3
0.166667 0.178461 0.014652 200 214 1000 977 1 1000 1000 0 3
0.166667 0.186213 0.014548 200 227 1000 1003 1 1000 1000 0 3
0.166667 0.154058 0.013959 200 204 1000 1042 1 1000 1000 0 3
0.166667 0.164120 0.014676 200 208 1000 948 1 1000 1000 0 3
0.166667 0.152002 0.014222 200 178 1000 995 1 1000 1000 0 3
0.166667 0.162660 0.014836 200 192 1000 926 1 1000 1000 0 3
0.166667 0.167829 0.014373 200 197 1000 978 1 1000 1000 0 3
0.166667 0.191676 0.014096 200 202 1000 974 1 1000 1000 0 3
0.166667 0.185609 0.014602 200 192 1000 931 1 1000 1000 0 3
0.166667 0.185149 0.014389 200 179 1000 998 1 1000 1000 0 3
0.166667 0.154401 0.014403 200 182 1000 989 1 1000 1000 0 3
0.166667 0.159363 0.013711 200 179 1000 1028 1 1000 1000 0 3
0.166667 0.179429 0.014387 200 218 1000 1029 1 1000 1000 0 3
0.166667 0.155514 0.014751 200 171 1000 961 1 1000 1000 0 3
0.166667 0.145767 0.014145 200 181 1000 995 1 1000 1000 0 3
0.166667 0.168070 0.013865 200 200 1000 1047 1 1000 1000 0 3
0.166667 0.178473 0.014709 200 207 1000 957 1 1000 1000 0 3
0.166667 0.167925 0.013706 200 211 1000 1090 1 1000 1000 0 3
0.166667 0.173769 0.014608 200 206 1000 977 1 1000 1000 0 3
0.166667 0.136422 0.014181 200 180 1000 973 1 1000 1000 0 3
0.166667 0.134727 0.013541 200 181 1000 1072 1 1000 1000 0 3
0.166667 0.171458 0.014860 200 199 1000 941 1 1000 1000 0 3
0.166667 0.205128 0.015369 200 194 1000 923 1 1000 1000 0 3
0.166667 0.176251 0.014551 200 193 1000 998 1 1000 1000 0 3
0.166667 0.160093 0.014454 200 200 1000 939 1 1000 1000 0 3
0.166667 0.138994 0.013790 200 175 1000 1014 1 1000 1000 0 3
0.166667 0.159450 0.013793 200 202 1000 985 1 1000 1000 0 3
0.166667 0.135524 0.013670 200 175 1000 1000 1 1000 1000 0 3
0.166667 0.172279 0.014413 200 221 1000 990 1 1000 1000 0 3
0.166667 0.134057 0.013686 200 158 1000 988 1 1000 1000 0 3
0.166667 0.170532 0.014144 200 166 1000 978 1 1000 1000 0 3
0.166667 0.190515 0.014103 200 224 1000 1051 1 1000 1000 0 3
0.166667 0.195613 0.014598 200 207 1000 1005 1 1000 1000 0 3
0.166667 0.158326 0.013967 200 217 1000 1027 1 1000 1000 0 3
0.166667 0.128953 0.014140 200 206 1000 977 1 1000 1000 0 3
0.166667 0.123327 0.013303 200 176 1000 1022 1 1000 1000 0 3
0.166667 0.168340 0.014291 200 206 1000 966 1 1000 1000 0 3
0.166667 0.171955 0.014128 200 211 1000 1004 1 1000 1000 0 3
0.166667 0.157464 0.014250 200 189 1000 1030 1 1000 1000 0 3
0.166667 0.185107 0.014298 200 197 1000 982 1 1000 1000 0 3
0.166667 0.156733 0.013680 200 212 1000 1049 1 1000 1000 0 3
0.166667 0.154233 0.014135 200 212 1000 975 1 1000 1000 0 3
0.166667 0.180726 0.015003 200 193 1000 969 1 1000 1000 0 3
0.166667 0.173625 0.014260 200 231 1000 996 1 1000 1000 0 3
0.166667 0.177792 0.014440 200 234 1000 986 1 1000 1000 0 3
0.166667 0.144209 0.014033 200 196 1000 1008 1 1000 1000 0 3
0.166667 0.148770 0.014430 200 214 1000 988 1 1000 1000 0 3
0.166667 0.126552 0.013873 200 167 1000 973 1 1000 1000 0 3
0.166667 0.160019 0.013778 200 199 1000 1029 1 1000 1000 0 3
0.166667 0.170660 0.014564 200 185 1000 929 1 1000 1000 0 3
0.166667 0.165627 0.014531 200 203 1000 1014 1 1000 1000 0 3
0.166667 0.165672 0.013955 200 213 1000 1035 1 1000 1000 0 3
0.166667 0.154037 0.014207 200 217 1000 998 1 1000 1000 0 3
0.166667 0.189062 0.014749 200 213 1000 969 1 1000 1000 0 3
0.166667 0.161603 0.014371 200 199 1000 970 1 1000 1000 0 3
0.166667 0.174769 0.014574 200 204 1000 959 1 1000 1000 0 3
0.166667 0.188731 0.014992 200 201 1000 975 1 1000 1000 0 3
0.166667 0.205641 0.014900 200 224 1000 970 1 1000 1000 0 3
0.166667 0.141808 0.014098 200 182 1000 949 1 1000 1000 0 3
0.166667 0.160162 0.014522 200 201 1000 956 1 1000 1000 0 3
0.166667 0.129876 0.013053 200 192 1000 1049 1 1000 1000 0 3
0.166667 0.190716 0.014903 200 212 1000 950 1 1000 1000 0 3
0.166667 0.148217 0.014065 200 170 1000 1008 1 1000 1000 0 3
0.166667 0.165685 0.014081 200 210 1000 1010 1 1000 1000 0 3
0.166667 0.189913 0.014794 200 203 1000 945 1 1000 1000 0 3
0.166667 0.166471 0.013880 200 201 1000 1005 1 1000 1000 0 3
0.166667 0.161996 0.013907 200 199 1000 1025 1 1000 1000 0 3
0.166667 0.175428 0.014337 200 233 1000 987 1 1000 1000 0 3
0.166667 0.194275 0.014725 200 204 1000 939 1 1000 1000 0 3
0.166667 0.209745 0.014978 200 218 1000 999 1 1000 1000 0 3
0.166667 0.162978 0.014215 200 183 1000 995 1 1000 1000 0 3
0.166667 0.168431 0.014563 200 211 1000 982 1 1000 1000 0 3
0.166667 0.165687 0.013274 200 218 1000 1054 1 1000 1000 0 3
0.166667 0.175719 0.014003 200 216 1000 1042 1 1000 1000 0 3
0.166667 0.186052 0.014155 200 204 1000 1000 1 1000 1000 0 3
0.166667 0.132328 0.014118 200 202 1000 1019 1 1000 1000 0 3
0.166667 0.154031 0.014068 200 194 1000 1015 1 1000 1000 0 3
0.166667 0.177706 0.014195 200 194 1000 995 1 1000 1000 0 3
0.166667 0.189159 0.014586 200 219 1000 977 1 1000 1000 0 3
0.166667 0.174089 0.014414 200 206 1000 1004 1 1000 1000 0 3
0.166667 0.185096 0.014958 200 194 1000 957 1 1000 1000 0 3
0.166667 0.170578 0.014013 200 213 1000 1018 1 1000 1000 0 3
0.166667 0.178463 0.014747 200 202 1000 998 1 1000 1000 0 3
0.166667 0.177412 0.014193 200 211 1000 1014 1 1000 1000 0 3
0.166667 0.183811 0.014729 200 201 1000 959 1 1000 1000 0 3
0.166667 0.189108 0.014167 200 205 1000 1013 1 1000 1000 0 3
0.166667 0.202006 0.014435 200 222 1000 993 1 1000 1000 0 3
0.166667 0.168660 0.014126 200 193 1000 1029 1 1000 1000 0 3
0.166667 0.185984 0.014897 200 212 1000 944 1 1000 1000 0 3
0.166667 0.168867 0.013858 200 204 1000 1058 1 1000 1000 0 3
0.166667 0.179453 0.014629 200 192 1000 974 1 1000 1000 0 3
0.166667 0.149597 0.014253 200 191 1000 965 1 1000 1000 0 3
0.166667 0.153214 0.013747 200 175 1000 1024 1 1000 1000 0 3
0.166667 0.145474 0.013155 200 196 1000 1046 1 1000 1000 0 3
0.166667 0.188389 0.015093 200 196 1000 950 1 1000 1000 0 3
0.166667 0.157767 0.014109 200 199 1000 985 1 1000 1000 0 3
0.166667 0.154845 0.014006 200 187 1000 990 1 1000 1000 0 3
0.166667 0.183235 0.014657 200 187 1000 999 1 1000 1000 0 3
0.166667 0.197765 0.014398 200 221 1000 1014 1 1000 1000 0 3
0.166667 0.173761 0.013972 200 197 1000 1034 1 1000 1000 0 3
0.166667 0.142708 0.013964 200 195 1000 1046 1 1000 1000 0 3
0.166667 0.157598 0.013718 200 188 1000 1016 1 1000 1000 0 3
0.166667 0.143726 0.013973 200 204 1000 1015 1 1000 1000 0 3
0.166667 0.172751 0.014359 200 198 1000 979 1 1000 1000 0 3
0.166667 0.133295 0.013834 200 193 1000 1032 1 1000 1000 0 3
0.166667 0.177222 0.014315 200 213 1000 1025 1 1000 1000 0 3
0.166667 0.149491 0.014184 200 180 1000 986 1 1000 1000 0 3
0.166667 0.183237 0.014866 200 197 1000 967 1 1000 1000 0 3
0.166667 0.148963 0.013858 200 196 1000 987 1 1000 1000 0 3
0.166667 0.178282 0.014192 200 198 1000 1028 1 1000 1000 0 3
0.166667 0.153847 0.014085 200 207 1000 998 1 1000 1000 0 3
0.166667 0.156776 0.014312 200 200 1000 1010 1 1000 1000 0 3
0.166667 0.158133 0.014374 200 185 1000 990 1 1000 1000 0 3
0.166667 0.157209 0.013954 200 210 1000 1030 1 1000 1000 0 3
0.166667 0.163336 0.014407 200 196 1000 1002 1 1000 1000 0 3
0.166667 0.190316 0.015114 200 205 1000 986 1 1000 1000 0 3
0.166667 0.173525 0.014410 200 203 1000 976 1 1000 1000 0 3
0.166667 0.180056 0.014150 200 199 1000 1029 1 1000 1000 0 3
0.166667 0.152203 0.014029 200 199 1000 992 1 1000 1000 0 3
0.166667 0.177784 0.014616 200 214 1000 1001 1 1000 1000 0 3
0.166667 0.150202 0.013332 200 187 1000 1033 1 1000 1000 0 3
0.166667 0.134397 0.013240 200 193 1000 1047 1 1000 1000 0 3
0.166667 0.153215 0.014058 200 214 1000 1021 1 1000 1000 0 3
0.166667 0.165746 0.014221 200 196 1000 1016 1 1000 1000 0 3
0.166667 0.174135 0.014814 200 202 1000 954 1 1000 1000 0 3
0.166667 0.156038 0.014332 200 195 1000 971 1 1000 1000 0 3
0.166667 0.182960 0.014561 200 201 1000 950 1 1000 1000 0 3
0.166667 0.143360 0.013801 200 196 1000 982 1 1000 1000 0 3
0.166667 0.183748 0.014133 200 194 1000 1022 1 1000 1000 0 3
0.166667 0.166594 0.014633 200 179 1000 950 1 1000 1000 0 3
0.166667 0.165441 0.014338 200 213 1000 990 1 1000 1000 0 3
0.166667 0.152968 0.013632 200 209 1000 1011 1 1000 1000 0 3
0.166667 0.151982 0.014009 200 196 1000 1014 1 1000 1000 0 3
0.166667 0.184429 0.014094 200 232 1000 1040 1 1000 1000 0 3
0.166667 0.153525 0.013704 200 219 1000 1058 1 1000 1000 0 3
0.166667 0.161386 0.014035 200 174 1000 996 1 1000 1000 0 3
0.166667 0.165067 0.014161 200 190 1000 975 1 1000 1000 0 3
0.166667 0.188134 0.014653 200 222 1000 934 1 1000 1000 0 3
0.166667 0.171393 0.014242 200 209 1000 1026 1 1000 1000 0 3
0.166667 0.188718 0.014457 200 211 1000 980 1 1000 1000 0 3
0.166667 0.146244 0.014272 200 195 1000 985 1 1000 1000 0 3
0.166667 0.148450 0.013626 200 176 1000 1042 1 1000 1000 0 3
0.166667 0.181949 0.014585 200 204 1000 987 1 1000 1000 0 3
0.166667 0.161508 0.014169 200 182 1000 1020 1 1000 1000 0 3
0.166667 0.187184 0.014629 200 201 1000 995 1 1000 1000 0 3
0.166667 0.146769 0.013878 200 187 1000 1009 1 1000 1000 0 3
0.166667 0.143996 0.014125 200 189 1000 962 1 1000 1000 0 3
0.166667 0.140913 0.013733 200 189 1000 1001 1 1000 1000 0 3
0.166667 0.163609 0.014017 200 192 1000 1000 1 1000 1000 0 3
0.166667 0.141086 0.013573 200 188 1000 1017 1 1000 1000 0 3
0.166667 0.186002 0.013981 200 199 1000 1006 1 1000 1000 0 3
0.166667 0.188022 0.014530 200 205 1000 965 1 1000 1000 0 3
0.166667 0.135865 0.013828 200 193 1000 1002 1 1000 1000 0 3
0.166667 0.180014 0.014393 200 201 1000 1028 1 1000 1000 0 3
0.166667 0.184950 0.014500 200 206 1000 989 1 1000 1000 0 3
0.166667 0.166386 0.013610 200 201 1000 1026 1 1000 1000 0 3
0.166667 0.192894 0.014459 200 201 1000 969 1 1000 1000 0 3
0.166667 0.191457 0.013965 200 233 1000 1067 1 1000 1000 0 3
0.166667 0.188914 0.014278 200 203 1000 992 1 1000 1000 0 3
0.166667 0.148141 0.013923 200 190 1000 1037 1 1000 1000 0 3
0.166667 0.148285 0.014754 200 195 1000 929 1 1000 1000 0 3
0.166667 0.191777 0.014948 200 228 1000 989 1 1000 1000 0 3
0.166667 0.130292 0.013279 200 160 1000 1005 1 1000 1000 0 3
0.166667 0.160077 0.013977 200 202 1000 1003 1 1000 1000 0 3
0.166667 0.214317 0.015267 200 209 1000 971 1 1000 1000 0 3
0.166667 0.187480 0.015102 200 211 1000 965 1 1000 1000 0 3
0.166667 0.138799 0.013666 200 200 1000 1036 1 1000 1000 0 3
0.166667 0.177603 0.014625 200 220 1000 1018 1 1000 1000 0 3
0.166667 0.161770 0.014538 200 200 1000 945 1 1000 1000 0 3
0.166667 0.191391 0.014542 200 225 1000 992 1 1000 1000 0 3
0.166667 0.171208 0.014502 200 208 1000 996 1 1000 1000 0 3
0.166667 0.158987 0.013981 200 212 1000 1028 1 1000 1000 0 3
0.166667 0.183255 0.014351 200 193 1000 1029 1 1000 1000 0 3
0.166667 0.169227 0.014077 200 200 1000 1022 1 1000 1000 0 3
0.166667 0.171373 0.014413 200 194 1000 998 1 1000 1000 0 3
0.166667 0.157922 0.013348 200 202 1000 1027 1 1000 1000 0 3
0.166667 0.172641 0.014423 200 195 1000 1016 1 1000 1000 0 3
0.166667 0.145865 0.013763 200 195 1000 1026 1 1000 1000 0 3
0.166667 0.160815 0.013935 200 183 1000 1020 1 1000 1000 0 3
0.166667 0.179641 0.014069 200 190 1000 1006 1 1000 1000 0 3
0.166667 0.191132 0.014093 200 209 1000 1080 1 1000 1000 0 3
0.166667 0.166797 0.014082 200 193 1000 1052 1 1000 1000 0 3
0.166667 0.175693 0.014282 200 195 1000 991 1 1000 1000 0 3
0.166667 0.158096 0.014283 200 169 1000 988 1 1000 1000 0 3
0.166667 0.172989 0.013830 200 194 1000 1029 1 1000 1000 0 3
0.166667 0.174592 0.014204 200 211 1000 981 1 1000 1000 0 3
0.166667 0.169128 0.014285 200 201 1000 1016 1 1000 1000 0 3
0.166667 0.129702 0.013266 200 197 1000 1032 1 1000 1000 0 3
0.166667 0.191507 0.014986 200 202 1000 955 1 1000 1000 0 3
0.166667 0.173220 0.014737 200 185 1000 970 1 1000 1000 0 3
0.166667 0.152606 0.014938 200 220 1000 947 1 1000 1000 0 3
0.166667 0.174059 0.014537 200 189 1000 955 1 1000 1000 0 3
0.166667 0.181921 0.014724 200 232 1000 974 1 1000 1000 0 3
0.166667 0.174852 0.013861 200 201 1000 1087 1 1000 1000 0 3
0.166667 0.159022 0.014066 200 193 1000 1026 1 1000 1000 0 3
0.166667 0.181175 0.014881 200 203 1000 977 1 1000 1000 0 3
0.166667 0.148222 0.013534 200 179 1000 1001 1 1000 1000 0 3
0.166667 0.177136 0.014241 200 206 1000 1000 1 1000 1000 0 3
0.166667 0.179787 0.014654 200 199 1000 998 1 1000 1000 0 3
0.166667 0.159768 0.014109 200 198 1000 1062 1 1000 1000 0 3
0.166667 0.169152 0.014290 200 207 1000 1039 1 1000 1000 0 3
0.166667 0.159136 0.013782 200 187 1000 1004 1 1000 1000 0 3
0.166667 0.157415 0.014600 200 210 1000 955 1 1000 1000 0 3
0.166667 0.192040 0.015010 200 203 1000 956 1 1000 1000 0 3
0.166667 0.149991 0.013542 200 206 1000 1049 1 1000 1000 0 3
0.166667 0.149887 0.014240 200 193 1000 985 1 1000 1000 0 3
0.166667 0.171106 0.014289 200 206 1000 1025 1 1000 1000 0 3
0.166667 0.150794 0.013353 200 214 1000 1041 1 1000 1000 0 3
0.166667 0.187267 0.014680 200 205 1000 1001 1 1000 1000 0 3
0.166667 0.170833 0.014396 200 201 1000 974 1 1000 1000 0 3
0.166667 0.145457 0.013777 200 209 1000 1033 1 1000 1000 0 3
0.166667 0.179615 0.014603 200 208 1000 969 1 1000 1000 0 3
0.166667 0.194201 0.014571 200 228 1000 1021 1 1000 1000 0 3
0.166667 0.160876 0.014308 200 182 1000 1003 1 1000 1000 0 3
0.166667 0.135317 0.013803 200 191 1000 1010 1 1000 1000 0 3
0.166667 0.157166 0.014135 200 222 1000 1047 1 1000 1000 0 3
0.166667 0.133749 0.013406 200 181 1000 1002 1 1000 1000 0 3
0.166667 0.130753 0.013580 200 213 1000 1043 1 1000 1000 0 3
0.166667 0.174424 0.014307 200 193 1000 990 1 1000 1000 0 3
0.166667 0.149997 0.014036 200 169 1000 937 1 1000 1000 0 3
0.166667 0.182993 0.014636 200 213 1000 955 1 1000 1000 0 3
0.166667 0.147450 0.013913 200 196 1000 1013 1 1000 1000 0 3
0.166667 0.159174 0.014219 200 179 1000 988 1 1000 1000 0 3
0.166667 0.154548 0.014091 200 211 1000 989 1 1000 1000 0 3
0.166667 0.156532 0.014555 200 192 1000 959 1 1000 1000 0 3
0.166667 0.146035 0.014141 200 183 1000 973 1 1000 1000 0 3
0.166667 0.167534 0.014267 200 192 1000 999 1 1000 1000 0 3
0.166667 0.168813 0.014342 200 187 1000 1003 1 1000 1000 0 3
0.166667 0.153725 0.014386 200 186 1000 966 1 1000 1000 0 3
0.166667 0.161531 0.014326 200 204 1000 1011 1 1000 1000 0 3
0.166667 0.168155 0.014648 200 210 1000 987 1 1000 1000 0 3
0.166667 0.176232 0.014324 200 213 1000 1024 1 1000 1000 0 3
0.166667 0.168848 0.014018 200 195 1000 1003 1 1000 1000 0 3
0.166667 0.166172 0.014504 200 190 1000 980 1 1000 1000 0 3
0.166667 0.194428 0.015117 200 220 1000 943 1 1000 1000 0 3
0.166667 0.177874 0.014225 200 203 1000 1003 1 1000 1000 0 3
0.166667 0.158055 0.014094 200 201 1000 1020 1 1000 1000 0 3
0.166667 0.164268 0.014034 200 197 1000 1027 1 1000 1000 0 3
0.166667 0.167345 0.014177 200 219 1000 996 1 1000 1000 0 3
0.166667 0.145577 0.013617 200 189 1000 1025 1 1000 1000 0 3
0.166667 0.152008 0.014036 200 194 1000 1008 1 1000 1000 0 3
0.166667 0.141808 0.013375 200 230 1000 1068 1 1000 1000 0 3
0.166667 0.155410 0.014019 200 199 1000 1016 1 1000 1000 0 3
0.166667 0.163016 0.013830 200 206 1000 1044 1 1000 1000 0 3
0.166667 0.157907 0.014009 200 186 1000 1009 1 1000 1000 0 3
0.166667 0.164815 0.014409 200 194 1000 992 1 1000 1000 0 3
0.166667 0.186136 0.014967 200 193 1000 977 1 1000 1000 0 3
0.166667 0.164816 0.014172 200 204 1000 982 1 1000 1000 0 3
0.166667 0.169726 0.014405 200 210 1000 950 1 1000 1000 0 3
0.166667 0.109231 0.012767 200 183 1000 1074 1 1000 1000 0 3
0.166667 0.172081 0.013768 200 214 1000 1004 1 1000 1000 0 3
0.166667 0.160878 0.014030 200 205 1000 1003 1 1000 1000 0 3
0.166667 0.144690 0.014188 200 198 1000 981 1 1000 1000 0 3
0.166667 0.161115 0.014622 200 202 1000 1010 1 1000 1000 0 3
0.166667 0.154698 0.013872 200 188 1000 1049 1 1000 1000 0 3
0.166667 0.155576 0.014542 200 182 1000 950 1 1000 1000 0 3
0.166667 0.184677 0.014886 200 219 1000 1012 1 1000 1000 0 3
0.166667 0.151586 0.014094 200 189 1000 1034 1 1000 1000 0 3
0.166667 0.167285 0.014014 200 179 1000 1022 1 1000 1000 0 3
0.166667 0.165697 0.014522 200 216 1000 981 1 1000 1000 0 3
0.166667 0.155536 0.013969 200 215 1000 1009 1 1000 1000 0 3
0.166667 0.181272 0.014502 200 239 1000 1013 1 1000 1000 0 3
0.166667 0.152448 0.013607 200 189 1000 1006 1 1000 1000 0 3
0.166667 0.176692 0.014413 200 201 1000 1017 1 1000 1000 0 3
0.166667 0.166354 0.014073 200 206 1000 1024 1 1000 1000 0 3
0.166667 0.150100 0.013739 200 200 1000 1024 1 1000 1000 0 3
0.166667 0.168281 0.014374 200 208 1000 1014 1 1000 1000 0 3
0.166667 0.154366 0.013853 200 192 1000 1049 1 1000 1000 0 3
0.166667 0.185751 0.014640 200 210 1000 975 1 1000 1000 0 3
0.166667 0.169465 0.013770 200 209 1000 1033 1 1000 1000 0 3
0.166667 0.117566 0.013095 200 173 1000 1006 1 1000 1000 0 3
0.166667 0.165504 0.013973 200 205 1000 1015 1 1000 1000 0 3
0.166667 0.164485 0.014488 200 204 1000 1027 1 1000 1000 0 3
0.166667 0.163117 0.014844 200 184 1000 968 1 1000 1000 0 3
0.166667 0.173002 0.014174 200 219 1000 1023 1 1000 1000 0 3
0.166667 0.145296 0.013969 200 180 1000 1026 1 1000 1000 0 3
0.166667 0.168927 0.014228 200 175 1000 983 1 1000 1000 0 3
0.166667 0.144178 0.014588 200 198 1000 979 1 1000 1000 0 3
0.166667 0.169064 0.014371 200 194 1000 988 1 1000 1000 0 3
0.166667 0.176670 0.014912 200 214 1000 965 1 1000 1000 0 3
0.166667 0.171153 0.014118 200 202 1000 974 1 1000 1000 0 3
0.166667 0.166681 0.014115 200 206 1000 1000 1 1000 1000 0 3
0.166667 0.155607 0.014281 200 187 1000 1003 1 1000 1000 0 3
0.166667 0.166215 0.014631 200 215 1000 993 1 1000 1000 0 3
0.166667 0.148305 0.013834 200 186 1000 1009 1 1000 1000 0 3
0.166667 0.151005 0.014182 200 201 1000 1016 1 1000 1000 0 3
0.166667 0.163201 0.014128 200 205 1000 980 1 1000 1000 0 3
0.166667 0.158113 0.014260 200 213 1000 1011 1 1000 1000 0 3
0.166667 0.178563 0.014048 200 197 1000 985 1 1000 1000 0 3
0.166667 0.140038 0.014624 200 190 1000 936 1 1000 1000 0 3
0.166667 0.177009 0.014274 200 206 1000 1009 1 1000 1000 0 3
0.166667 0.181142 0.014643 200 207 1000 984 1 1000 1000 0 3
0.166667 0.165561 0.014022 200 206 1000 988 1 1000 1000 0 3
0.166667 0.147528 0.013486 200 185 1000 1075 1 1000 1000 0 3
0.166667 0.151415 0.013961 200 196 1000 1017 1 1000 1000 0 3
0.166667 0.149840 0.013914 200 210 1000 1003 1 1000 1000 0 3
0.166667 0.156677 0.013957 200 185 1000 977 1 1000 1000 0 3
0.166667 0.165311 0.014112 200 172 1000 1041 1 1000 1000 0 3
0.166667 0.150660 0.014440 200 191 1000 951 1 1000 1000 0 3
0.166667 0.167243 0.014504 200 205 1000 991 1 1000 1000 0 3
0.166667 0.176129 0.014442 200 197 1000 1001 1 1000 1000 0 3
0.166667 0.144945 0.014122 200 171 1000 950 1 1000 1000 0 3
0.166667 0.167922 0.014022 200 204 1000 1036 1 1000 1000 0 3
0.166667 0.164655 0.014367 200 225 1000 1034 1 1000 1000 0 3
0.166667 0.165799 0.014758 200 208 1000 994 1 1000 1000 0 3
0.166667 0.195894 0.014762 200 222 1000 958 1 1000 1000 0 3
0.166667 0.182779 0.014746 200 203 1000 1033 1 1000 1000 0 3
0.166667 0.146144 0.014182 200 192 1000 1009 1 1000 1000 0 3
0.166667 0.191748 0.014181 200 208 1000 999 1 1000 1000 0 3
0.166667 0.180013 0.014853 200 209 1000 950 1 1000 1000 0 3
0.166667 0.172345 0.014143 200 201 1000 1018 1 1000 1000 0 3
0.166667 0.184508 0.014250 200 227 1000 981 1 1000 1000 0 3
0.166667 0.155265 0.013985 200 199 1000 1019 1 1000 1000 0 3
0.166667 0.165794 0.014436 200 202 1000 998 1 1000 1000 0 3
0.166667 0.143613 0.014113 200 199 1000 993 1 1000 1000 0 3
0.166667 0.147569 0.013572 200 201 1000 1044 1 1000 1000 0 3
0.166667 0.195831 0.014464 200 219 1000 976 1 1000 1000 0 3
0.166667 0.201370 0.015004 200 230 1000 976 1 1000 1000 0 3
0.166667 0.148900 0.014099 200 181 1000 985 1 1000 1000 0 3
0.166667 0.147121 0.013911 200 190 1000 1030 1 1000 1000 0 3
0.166667 0.146950 0.014400 200 175 1000 993 1 1000 1000 0 3
0.166667 0.131581 0.013353 200 178 1000 1038 1 1000 1000 0 3
0.166667 0.187551 0.013883 200 209 1000 1036 1 1000 1000 0 3
0.166667 0.165153 0.015111 200 194 1000 976 1 1000 1000 0 3
0.166667 0.181120 0.014947 200 239 1000 991 1 1000 1000 0 3
0.166667 0.195689 0.014313 200 228 1000 1012 1 1000 1000 0 3
0.166667 0.182055 0.014795 200 221 1000 1002 1 1000 1000 0 3
0.166667 0.151964 0.014271 200 160 1000 1003 1 1000 1000 0 3
0.166667 0.182375 0.014508 200 206 1000 971 1 1000 1000 0 3
0.166667 0.166887 0.014077 200 203 1000 1024 1 1000 1000 0 3
0.166667 0.171378 0.014389 200 204 1000 981 1 1000 1000 0 3
0.166667 0.158321 0.014035 200 201 1000 1064 1 1000 1000 0 3
0.166667 0.172967 0.014508 200 194 1000 997 1 1000 1000 0 3
0.166667 0.175537 0.014097 200 215 1000 1037 1 1000 1000 0 3
0.166667 0.200487 0.015388 200 215 1000 927 1 1000 1000 0 3
0.166667 0.165469 0.014359 200 205 1000 981 1 1000 1000 0 3
0.166667 0.164060 0.013848 200 205 1000 1030 1 1000 1000 0 3
0.166667 0.162610 0.014218 200 203 1000 998 1 1000 1000 0 3
0.166667 0.172590 0.014464 200 200 1000 990 1 1000 1000 0 3
0.166667 0.146483 0.013929 200 180 1000 978 1 1000 1000 0 3
0.166667 0.165426 0.013599 200 213 1000 1028 1 1000 1000 0 3
0.166667 0.176900 0.014352 200 203 1000 978 1 1000 1000 0 3
0.166667 0.209048 0.014834 200 218 1000 957 1 1000 1000 0 3
0.166667 0.179932 0.014675 200 183 1000 960 1 1000 1000 0 3
0.166667 0.148295 0.014114 200 184 1000 1005 1 1000 1000 0 3
0.166667 0.175567 0.014325 200 204 1000 1026 1 1000 1000 0 3
0.166667 0.154352 0.013589 200 195 1000 1081 1 1000 1000 0 3
0.166667 0.177576 0.014704 200 197 1000 938 1 1000 1000 0 3
0.166667 0.184308 0.014797 200 207 1000 919 1 1000 1000 0 3
0.166667 0.174816 0.014400 200 224 1000 971 1 1000 1000 0 3
0.166667 0.154946 0.013819 200 197 1000 1047 1 1000 1000 0 3
0.166667 0.154245 0.014595 200 197 1000 983 1 1000 1000 0 3
0.166667 0.201813 0.015049 200 218 1000 946 1 1000 1000 0 3
0.166667 0.176793 0.014585 200 233 1000 988 1 1000 1000 0 3
0.166667 0.136054 0.013508 200 192 1000 1040 1 1000 1000 0 3
0.166667 0.126350 0.013379 200 166 1000 1038 1 1000 1000 0 3
0.166667 0.149223 0.013785 200 201 1000 1034 1 1000 1000 0 3
0.166667 0.159861 0.013649 200 214 1000 996 1 1000 1000 0 3
0.166667 0.169249 0.014037 200 201 1000 1026 1 1000 1000 0 3
0.166667 0.187699 0.014273 200 206 1000 985 1 1000 1000 0 3
0.166667 0.183480 0.014602 200 222 1000 1022 1 1000 1000 0 3
0.166667 0.158741 0.013657 200 203 1000 1030 1 1000 1000 0 3
0.166667 0.145124 0.013921 200 180 1000 997 1 1000 1000 0 3
0.166667 0.174674 0.014505 200 217 1000 987 1 1000 1000 0 3
0.166667 0.209211 0.014241 200 195 1000 1007 1 1000 1000 0 3
0.166667 0.166492 0.014194 200 183 1000 986 1 1000 1000 0 3
0.166667 0.177025 0.013895 200 190 1000 990 1 1000 1000 0 3
0.166667 0.185096 0.014646 200 234 1000 978 1 1000 1000 0 3
0.166667 0.188468 0.014357 200 202 1000 1007 1 1000 1000 0 3
0.166667 0.185302 0.014290 200 222 1000 1007 1 1000 1000 0 3
0.166667 0.137775 0.013978 200 199 1000 1032 1 1000 1000 0 3
0.166667 0.143719 0.014274 200 202 1000 1030 1 1000 1000 0 3
0.166667 0.137895 0.013903 200 208 1000 1032 1 1000 1000 0 3
0.166667 0.189156 0.014642 200 208 1000 941 1 1000 1000 0 3
0.166667 0.137518 0.013841 200 185 1000 985 1 1000 1000 0 3
0.166667 0.163475 0.014506 200 193 1000 1006 1 1000 1000 0 3
0.166667 0.159520 0.013754 200 200 1000 1046 1 1000 1000 0 3
0.166667 0.141910 0.014792 200 200 1000 979 1 1000 1000 0 3
0.166667 0.148970 0.014212 200 194 1000 966 1 1000 1000 0 3
0.166667 0.173352 0.014182 200 199 1000 1000 1 1000 1000 0 3
0.166667 0.138649 0.013414 200 187 1000 1037 1 1000 1000 0 3
0.166667 0.152834 0.014370 200 182 1000 1017 1 1000 1000 0 3
0.166667 0.132530 0.013603 200 157 1000 1008 1 1000 1000 0 3
0.166667 0.165958 0.014464 200 189 1000 1011 1 1000 1000 0 3
0.166667 0.177898 0.014235 200 208 1000 1024 1 1000 1000 0 3
0.166667 0.139363 0.014043 200 180 1000 980 1 1000 1000 0 3
0.166667 0.161761 0.014485 200 200 1000 955 1 1000 1000 0 3
0.166667 0.188541 0.015105 200 210 1000 944 1 1000 1000 0 3
0.166667 0.180424 0.014101 200 218 1000 1027 1 1000 1000 0 3
0.166667 0.165794 0.013763 200 213 1000 1055 1 1000 1000 0 3
0.166667 0.178289 0.014537 200 216 1000 1006 1 1000 1000 0 3
0.166667 0.173247 0.014701 200 193 1000 975 1 1000 1000 0 3
0.166667 0.189894 0.014555 200 227 1000 1003 1 1000 1000 0 3
0.166667 0.148821 0.013344 200 192 1000 1036 1 1000 1000 0 3
0.166667 0.137521 0.014081 200 191 1000 995 1 1000 1000 0 3
0.166667 0.158275 0.013729 200 204 1000 1001 1 1000 1000 0 3
0.166667 0.134900 0.013849 200 185 1000 994 1 1000 1000 0 3
0.166667 0.173096 0.013980 200 200 1000 1035 1 1000 1000 0 3
0.166667 0.190503 0.014642 200 209 1000 983 1 1000 1000 0 3
0.166667 0.174570 0.014713 200 199 1000 956 1 1000 1000 0 3
0.166667 0.168320 0.014516 200 200 1000 968 1 1000 1000 0 3
0.166667 0.129160 0.013764 200 173 1000 995 1 1000 1000 0 3
0.166667 0.171911 0.013568 200 200 1000 1050 1 1000 1000 0 3
0.166667 0.164028 0.014193 200 196 1000 992 1 1000 1000 0 3
0.166667 0.183929 0.014283 200 186 1000 999 1 1000 1000 0 3
0.166667 0.152226 0.014445 200 205 1000 961 1 1000 1000 0 3
0.166667 0.180220 0.014984 200 194 1000 944 1 1000 1000 0 3
0.166667 0.158187 0.013784 200 197 1000 1010 1 1000 1000 0 3
0.166667 0.168745 0.014113 200 205 1000 998 1 1000 1000 0 3
0.166667 0.166805 0.013822 200 195 1000 1016 1 1000 1000 0 3
0.166667 0.181487 0.014692 200 208 1000 971 1 1000 1000 0 3
0.166667 0.162791 0.014552 200 206 1000 971 1 1000 1000 0 3
0.166667 0.152956 0.013448 200 209 1000 1075 1 1000 1000 0 3
0.166667 0.195767 0.014733 200 224 1000 965 1 1000 1000 0 3
0.166667 0.160671 0.014296 200 213 1000 978 1 1000 1000 0 3
0.166667 0.160617 0.013545 200 202 1000 1029 1 1000 1000 0 3
0.166667 0.189231 0.014455 200 215 1000 976 1 1000 1000 0 3
0.166667 0.155093 0.013933 200 178 1000 999 1 1000 1000 0 3
0.166667 0.166603 0.014713 200 217 1000 974 1 1000 1000 0 3
0.166667 0.136042 0.013566 200 186 1000 1013 1 1000 1000 0 3
0.166667 0.133688 0.013228 200 197 1000 1022 1 1000 1000 0 3
0.166667 0.165526 0.014383 200 211 1000 976 1 1000 1000 0 3
0.166667 0.155859 0.014688 200 198 1000 958 1 1000 1000 0 3
0.166667 0.155338 0.014099 200 201 1000 1036 1 1000 1000 0 3
0.166667 0.183576 0.015061 200 191 1000 949 1 1000 1000 0 3
0.166667 0.184723 0.014447 200 204 1000 994 1 1000 1000 0 3
0.166667 0.172389 0.014460 200 210 1000 996 1 1000 1000 0 3
0.166667 0.160828 0.013904 200 175 1000 1018 1 1000 1000 0 3
0.166667 0.175152 0.014777 200 187 1000 949 1 1000 1000 0 3
0.166667 0.149045 0.014547 200 193 1000 987 1 1000 1000 0 3
0.166667 0.191301 0.015150 200 214 1000 960 1 1000 1000 0 3
0.166667 0.162903 0.013923 200 182 1000 984 1 1000 1000 0 3
0.166667 0.157464 0.014228 200 195 1000 966 1 1000 1000 0 3
0.166667 0.142564 0.013759 200 193 1000 992 1 1000 1000 0 3
0.166667 0.168542 0.014529 200 198 1000 961 1 1000 1000 0 3
0.166667 0.150907 0.013459 200 194 1000 1081 1 1000 1000 0 3
0.166667 0.148409 0.014117 200 187 1000 988 1 1000 1000 0 3
0.166667 0.175648 0.014350 200 211 1000 1010 1 1000 1000 0 3
0.166667 0.183459 0.014464 200 195 1000 1002 1 1000 1000 0 3
0.166667 0.157716 0.014473 200 169 1000 990 1 1000 1000 0 3
0.166667 0.206099 0.014753 200 212 1000 975 1 1000 1000 0 3
0.166667 0.195370 0.014400 200 198 1000 1032 1 1000 1000 0 3
0.166667 0.139693 0.014200 200 165 1000 968 1 1000 1000 0 3
0.166667 0.159483 0.013898 200 193 1000 1030 1 1000 1000 0 3
0.166667 0.185498 0.014700 200 198 1000 968 1 1000 1000 0 3
0.166667 0.168014 0.014240 200 210 1000 994 1 1000 1000 0 3
0.166667 0.179822 0.014732 200 186 1000 964 1 1000 1000 0 3
0.166667 0.175494 0.014482 200 208 1000 985 1 1000 1000 0 3
0.166667 0.162855 0.014371 200 208 1000 1024 1 1000 1000 0 3
0.166667 0.171026 0.014486 200 224 1000 1007 1 1000 1000 0 3
0.166667 0.135115 0.013433 200 189 1000 1060 1 1000 1000 0 3
0.166667 0.176281 0.014164 200 189 1000 996 1 1000 1000 0 3
0.166667 0.171232 0.014552 200 197 1000 979 1 1000 1000 0 3
0.166667 0.173027 0.014104 200 204 1000 1042 1 1000 1000 0 3
0.166667 0.181005 0.014170 200 220 1000 1018 1 1000 1000 0 3
0.166667 0.138516 0.014165 200 203 1000 1051 1 1000 1000 0 3
0.166667 0.143837 0.013690 200 197 1000 1034 1 1000 1000 0 3
0.166667 0.166055 0.013473 200 193 1000 1067 1 1000 1000 0 3
0.166667 0.143758 0.014320 200 174 1000 979 1 1000 1000 0 3
0.166667 0.193127 0.014935 200 211 1000 995 1 1000 1000 0 3
0.166667 0.201431 0.015089 200 227 1000 968 1 1000 1000 0 3
0.166667 0.166557 0.014567 200 208 1000 969 1 1000 1000 0 3
0.166667 0.174428 0.014172 200 221 1000 984 1 1000 1000 0 3
0.166667 0.126921 0.014398 200 174 1000 945 1 1000 1000 0 3
0.166667 0.180356 0.014362 200 181 1000 973 1 1000 1000 0 3
0.166667 0.168937 0.014486 200 185 1000 982 1 1000 1000 0 3
0.166667 0.164603 0.014705 200 172 1000 969 1 1000 1000 0 3
0.166667 0.156612 0.013788 200 189 1000 1015 1 1000 1000 0 3
0.166667 0.142850 0.013893 200 194 1000 1048 1 1000 1000 0 3
0.166667 0.178742 0.015403 200 195 1000 909 1 1000 1000 0 3
0.166667 0.151428 0.013599 200 200 1000 1021 1 1000 1000 0 3
0.166667 0.152602 0.013872 200 189 1000 1011 1 1000 1000 0 3
0.166667 0.161104 0.014054 200 210 1000 1020 1 1000 1000 0 3
0.166667 0.188100 0.015027 200 203 1000 949 1 1000 1000 0 3
0.166667 0.154171 0.013483 200 178 1000 1039 1 1000 1000 0 3
0.166667 0.192729 0.014797 200 197 1000 960 1 1000 1000 0 3
0.166667 0.120707 0.013476 200 187 1000 999 1 1000 1000 0 3
0.166667 0.143638 0.013503 200 186 1000 1035 1 1000 1000 0 3
0.166667 0.187947 0.014763 200 214 1000 981 1 1000 1000 0 3
0.166667 0.132857 0.014070 200 170 1000 998 1 1000 1000 0 3
0.166667 0.152796 0.013912 200 203 1000 1059 1 1000 1000 0 3
0.166667 0.172298 0.014078 200 202 1000 1005 1 1000 1000 0 3
0.166667 0.166703 0.014206 200 196 1000 1030 1 1000 1000 0 3
0.166667 0.191526 0.014787 200 205 1000 992 1 1000 1000 0 3
0.166667 0.165224 0.013680 200 206 1000 1017 1 1000 1000 0 3
0.166667 0.168800 0.013822 200 207 1000 1049 1 1000 1000 0 3
0.166667 0.133429 0.013161 200 172 1000 1054 1 1000 1000 0 3
0.166667 0.152410 0.013769 200 176 1000 1002 1 1000 1000 0 3
0.166667 0.175306 0.014227 200 214 1000 1041 1 1000 1000 0 3
0.166667 0.179759 0.014744 200 183 1000 977 1 1000 1000 0 3
0.166667 0.176100 0.014383 200 211 1000 996 1 1000 1000 0 3
0.166667 0.155794 0.014246 200 192 1000 979 1 1000 1000 0 3
0.166667 0.173170 0.014965 200 223 1000 924 1 1000 1000 0 3
0.166667 0.167483 0.013862 200 200 1000 1037 1 1000 1000 0 3
0.166667 0.174648 0.014709 200 198 1000 1008 1 1000 1000 0 3
0.166667 0.158605 0.014280 200 215 1000 991 1 1000 1000 0 3
0.166667 0.157621 0.014549 200 184 1000 976 1 1000 1000 0 3
0.166667 0.181159 0.014453 200 228 1000 993 1 1000 1000 0 3
0.166667 0.179287 0.014737 200 210 1000 984 1 1000 1000 0 3
0.166667 0.176166 0.014480 200 209 1000 986 1 1000 1000 0 3
0.166667 0.169340 0.014028 200 223 1000 1032 1 1000 1000 0 3
0.166667 0.151468 0.013976 200 179 1000 1040 1 1000 1000 0 3
0.166667 0.155142 0.013938 200 184 1000 984 1 1000 1000 0 3
0.166667 0.144218 0.014094 200 202 1000 967 1 1000 1000 0 3
0.166667 0.154729 0.013738 200 194 1000 1026 1 1000 1000 0 3
0.166667 0.183658 0.014471 200 216 1000 982 1 1000 1000 0 3
0.166667 0.182558 0.014735 200 223 1000 1012 1 1000 1000 0 3
0.166667 0.163728 0.014263 200 197 1000 979 1 1000 1000 0 3
0.166667 0.167682 0.013898 200 209 1000 991 1 1000 1000 0 3
0.166667 0.129520 0.013625 200 182 1000 1051 1 1000 1000 0 3
0.166667 0.157264 0.013460 200 162 1000 1082 1 1000 1000 0 3
0.166667 0.176212 0.014951 200 179 1000 963 1 1000 1000 0 3
0.166667 0.191798 0.014908 200 207 1000 905 1 1000 1000 0 3
0.166667 0.182059 0.015202 200 212 1000 943 1 1000 1000 0 3
0.166667 0.160752 0.014260 200 188 1000 1003 1 1000 1000 0 3
0.166667 0.176435 0.014461 200 216 1000 1014 1 1000 1000 0 3
0.166667 0.159017 0.014048 200 203 1000 1015 1 1000 1000 0 3
0.166667 0.174164 0.014309 200 202 1000 989 1 1000 1000 0 3
0.166667 0.159389 0.013749 200 212 1000 1014 1 1000 1000 0 3
0.166667 0.169425 0.014291 200 220 1000 993 1 1000 1000 0 3
0.166667 0.177328 0.014584 200 190 1000 935 1 1000 1000 0 3
0.166667 0.192140 0.014254 200 194 1000 1015 1 1000 1000 0 3
0.166667 0.163164 0.014121 200 194 1000 984 1 1000 1000 0 3
0.166667 0.188700 0.013892 200 210 1000 1070 1 1000 1000 0 3
0.166667 0.152151 0.013993 200 188 1000 1026 1 1000 1000 0 3
0.166667 0.203022 0.014897 200 229 1000 997 1 1000 1000 0 3
0.166667 0.154052 0.014026 200 183 1000 984 1 1000 1000 0 3
0.166667 0.162908 0.014744 200 200 1000 944 1 1000 1000 0 3
0.166667 0.162270 0.014682 200 204 1000 974 1 1000 1000 0 3
0.166667 0.161842 0.014343 200 196 1000 986 1 1000 1000 0 3
0.166667 0.158079 0.014251 200 189 1000 939 1 1000 1000 0 3
0.166667 0.167076 0.014357 200 200 1000 1007 1 1000 1000 0 3
0.166667 0.182537 0.014374 200 209 1000 976 1 1000 1000 0 3
0.166667 0.134810 0.013471 200 183 1000 1006 1 1000 1000 0 3
0.166667 0.181237 0.014387 200 205 1000 979 1 1000 1000 0 3
0.166667 0.178007 0.014426 200 204 1000 979 1 1000 1000 0 3
0.166667 0.144722 0.013742 200 181 1000 1035 1 1000 1000 0 3
0.166667 0.181823 0.013934 200 207 1000 1058 1 1000 1000 0 3
0.166667 0.168929 0.014051 200 218 1000 1020 1 1000 1000 0 3
0.166667 0.172901 0.014181 200 201 1000 990 1 1000 1000 0 3
0.166667 0.147250 0.013657 200 178 1000 1060 1 1000 1000 0 3
0.166667 0.146117 0.013891 200 201 1000 1046 1 1000 1000 0 3
0.166667 0.163431 0.013964 200 194 1000 1024 1 1000 1000 0 3
0.166667 0.139055 0.013748 200 194 1000 1010 1 1000 1000 0 3
0.166667 0.189643 0.014341 200 217 1000 1051 1 1000 1000 0 3
0.166667 0.153442 0.014377 200 194 1000 977 1 1000 1000 0 3
0.166667 0.172765 0.013410 200 200 1000 1019 1 1000 1000 0 3
0.166667 0.174096 0.014716 200 192 1000 973 1 1000 1000 0 3
0.166667 0.179485 0.014629 200 224 1000 1004 1 1000 1000 0 3
0.166667 0.153618 0.014221 200 197 1000 1025 1 1000 1000 0 3
0.166667 0.154930 0.013776 200 211 1000 1064 1 1000 1000 0 3
0.166667 0.173721 0.014867 200 218 1000 955 1 1000 1000 0 3
0.166667 0.161040 0.014344 200 193 1000 976 1 1000 1000 0 3
0.166667 0.158320 0.014273 200 194 1000 982 1 1000 1000 0 3
0.166667 0.158138 0.013974 200 205 1000 1031 1 1000 1000 0 3
0.166667 0.186166 0.015175 200 215 1000 957 1 1000 1000 0 3
0.166667 0.145929 0.013737 200 190 1000 1024 1 1000 1000 0 3
0.166667 0.164995 0.014190 200 211 1000 1014 1 1000 1000 0 3
0.166667 0.173792 0.014350 200 193 1000 1000 1 1000 1000 0 3
0.166667 0.168361 0.014829 200 203 1000 969 1 1000 1000 0 3
0.166667 0.138928 0.013817 200 182 1000 997 1 1000 1000 0 3
0.166667 0.141798 0.013927 200 198 1000 1043 1 1000 1000 0 3
0.166667 0.198122 0.014622 200 218 1000 932 1 1000 1000 0 3
0.166667 0.158813 0.014002 200 202 1000 1014 1 1000 1000 0 3
0.166667 0.163669 0.014034 200 185 1000 1023 1 1000 1000 0 3
0.166667 0.169708 0.014348 200 182 1000 993 1 1000 1000 0 3
0.166667 0.160733 0.014424 200 178 1000 984 1 1000 1000 0 3
0.166667 0.182200 0.014680 200 201 1000 988 1 1000 1000 0 3
0.166667 0.178466 0.014430 200 223 1000 1030 1 1000 1000 0 3
0.166667 0.165626 0.014084 200 187 1000 985 1 1000 1000 0 3
0.166667 0.164741 0.014191 200 201 1000 989 1 1000 1000 0 3
0.166667 0.157324 0.014020 200 209 1000 1025 1 1000 1000 0 3
0.166667 0.169946 0.014120 200 217 1000 1002 1 1000 1000 0 3
0.166667 0.186635 0.014773 200 201 1000 943 1 1000 1000 0 3
0.166667 0.171604 0.013802 200 205 1000 1072 1 1000 1000 0 3
0.166667 0.148151 0.013932 200 191 1000 1033 1 1000 1000 0 3
0.166667 0.158748 0.014423 200 199 1000 938 1 1000 1000 0 3
0.166667 0.155828 0.014444 200 191 1000 1008 1 1000 1000 0 3
0.166667 0.179828 0.014413 200 245 1000 971 1 1000 1000 0 3
0.166667 0.153917 0.013667 200 203 1000 1006 1 1000 1000 0 3
0.166667 0.176731 0.014085 200 195 1000 1025 1 1000 1000 0 3
0.166667 0.171390 0.014560 200 190 1000 953 1 1000 1000 0 3
0.166667 0.160980 0.014204 200 196 1000 1009 1 1000 1000 0 3
0.166667 0.154003 0.013648 200 187 1000 1030 1 1000 1000 0 3
0.166667 0.147535 0.013462 200 172 1000 1024 1 1000 1000 0 3
0.166667 0.177512 0.014420 200 204 1000 994 1 1000 1000 0 3
0.166667 0.173403 0.014018 200 216 1000 968 1 1000 1000 0 3
0.166667 0.152240 0.013823 200 198 1000 1023 1 1000 1000 0 3
0.166667 0.156962 0.014247 200 194 1000 1001 1 1000 1000 0 3
0.166667 0.153615 0.014868 200 196 1000 981 1 1000 1000 0 3
0.166667 0.151086 0.014065 200 206 1000 995 1 1000 1000 0 3
0.166667 0.191126 0.014021 200 218 1000 1026 1 1000 1000 0 3
0.166667 0.177442 0.014407 200 220 1000 964 1 1000 1000 0 3
0.166667 0.170511 0.014112 200 198 1000 1017 1 1000 1000 0 3
0.166667 0.185067 0.014582 200 215 1000 966 1 1000 1000 0 3
0.166667 0.183597 0.014163 200 211 1000 1005 1 1000 1000 0 3
0.166667 0.149636 0.013400 200 193 1000 1083 1 1000 1000 0 3
0.166667 0.174929 0.014529 200 208 1000 996 1 1000 1000 0 3
0.166667 0.195654 0.016023 200 204 1000 864 1 1000 1000 0 3
0.166667 0.156221 0.014718 200 184 1000 931 1 1000 1000 0 3
0.166667 0.201258 0.014575 200 225 1000 1043 1 1000 1000 0 3
0.166667 0.170739 0.014753 200 225 1000 978 1 1000 1000 0 3
0.166667 0.146947 0.014141 200 189 1000 1025 1 1000 1000 0 3
0.166667 0.149722 0.014569 200 209 1000 962 1 1000 1000 0 3
0.166667 0.167364 0.014888 200 182 1000 966 1 1000 1000 0 3
0.166667 0.140501 0.013605 200 186 1000 1031 1 1000 1000 0 3
0.166667 0.174419 0.014597 200 216 1000 978 1 1000 1000 0 3
0.166667 0.170981 0.014354 200 207 1000 984 1 1000 1000 0 3
0.166667 0.182464 0.014712 200 219 1000 950 1 1000 1000 0 3
0.166667 0.163814 0.013948 200 200 1000 1032 1 1000 1000 0 3
0.166667 0.180689 0.014828 200 224 1000 972 1 1000 1000 0 3
0.166667 0.173961 0.014305 200 206 1000 1007 1 1000 1000 0 3
0.166667 0.158110 0.014242 200 196 1000 1023 1 1000 1000 0 3
0.166667 0.192284 0.014882 200 204 1000 970 1 1000 1000 0 3
0.166667 0.162988 0.013702 200 196 1000 1019 1 1000 1000 0 3
0.166667 0.133598 0.014169 200 206 1000 974 1 1000 1000 0 3
0.166667 0.169328 0.014663 200 194 1000 969 1 1000 1000 0 3
0.166667 0.167604 0.014172 200 199 1000 1011 1 1000 1000 0 3
0.166667 0.159938 0.014172 200 184 1000 1012 1 1000 1000 0 3
0.166667 0.162058 0.013982 200 226 1000 1004 1 1000 1000 0 3
0.166667 0.170047 0.014505 200 205 1000 1006 1 1000 1000 0 3
0.166667 0.151108 0.014040 200 179 1000 982 1 1000 1000 0 3
0.166667 0.143233 0.013805 200 190 1000 1006 1 1000 1000 0 3
0.166667 0.160704 0.014479 200 182 1000 979 1 1000 1000 0 3
0.166667 0.183558 0.014177 200 208 1000 1042 1 1000 1000 0 3
0.166667 0.146513 0.014089 200 163 1000 988 1 1000 1000 0 3
0.166667 0.168803 0.014454 200 228 1000 983 1 1000 1000 0 3
0.166667 0.179370 0.014660 200 219 1000 964 1 1000 1000 0 3
0.166667 0.160154 0.014079 200 203 1000 1012 1 1000 1000 0 3
0.166667 0.171930 0.013874 200 181 1000 1018 1 1000 1000 0 3
0.166667 0.193470 0.014972 200 211 1000 966 1 1000 1000 0 3
0.166667 0.176568 0.014417 200 194 1000 994 1 1000 1000 0 3
0.166667 0.139081 0.013419 200 177 1000 1008 1 1000 1000 0 3
0.166667 0.171973 0.014049 200 188 1000 1051 1 1000 1000 0 3
0.166667 0.172655 0.014274 200 212 1000 1010 1 1000 1000 0 3
0.166667 0.156910 0.014026 200 192 1000 1027 1 1000 1000 0 3
0.166667 0.163402 0.014796 200 214 1000 978 1 1000 1000 0 3
0.166667 0.167429 0.014202 200 180 1000 998 1 1000 1000 0 3
0.166667 0.174583 0.014346 200 201 1000 1000 1 1000 1000 0 3
0.166667 0.152850 0.013999 200 201 1000 982 1 1000 1000 0 3
0.166667 0.176047 0.014677 200 206 1000 971 1 1000 1000 0 3
0.166667 0.174557 0.014259 200 217 1000 1014 1 1000 1000 0 3
0.166667 0.188626 0.014998 200 221 1000 935 1 1000 1000 0 3
0.166667 0.169838 0.014925 200 201 1000 959 1 1000 1000 0 3
0.166667 0.168473 0.014688 200 202 1000 994 1 1000 1000 0 3
0.166667 0.172390 0.014588 200 216 1000 1000 1 1000 1000 0 3
0.166667 0.179103 0.014475 200 209 1000 991 1 1000 1000 0 3
0.166667 0.186396 0.014323 200 223 1000 1008 1 1000 1000 0 3
0.166667 0.154081 0.013621 200 206 1000 1026 1 1000 1000 0 3
0.166667 0.183042 0.014682 200 188 1000 1008 1 1000 1000 0 3
0.166667 0.174167 0.013539 200 201 1000 1051 1 1000 1000 0 3
0.166667 0.151313 0.014258 200 195 1000 996 1 1000 1000 0 3
0.166667 0.164210 0.014449 200 185 1000 968 1 1000 1000 0 3
0.166667 0.157522 0.014277 200 211 1000 1021 1 1000 1000 0 3
0.166667 0.176992 0.014731 200 193 1000 937 1 1000 1000 0 3
0.166667 0.149612 0.013798 200 186 1000 991 1 1000 1000 0 3
0.166667 0.170810 0.014174 200 198 1000 1000 1 1000 1000 0 3
0.166667 0.143470 0.014265 200 195 1000 997 1 1000 1000 0 3
0.166667 0.191310 0.014805 200 198 1000 997 1 1000 1000 0 3
0.166667 0.156349 0.014144 200 199 1000 1037 1 1000 1000 0 3
0.166667 0.152507 0.014135 200 207 1000 998 1 1000 1000 0 3
0.166667 0.167698 0.014487 200 207 1000 995 1 1000 1000 0 3
0.166667 0.162611 0.013892 200 194 1000 1000 1 1000 1000 0 3
0.166667 0.125298 0.014165 200 199 1000 987 1 1000 1000 0 3
0.166667 0.161774 0.014361 200 195 1000 1013 1 1000 1000 0 3
0.166667 0.141190 0.013889 200 188 1000 970 1 1000 1000 0 3
0.166667 0.148039 0.013433 200 199 1000 1052 1 1000 1000 0 3
0.166667 0.165829 0.013584 200 204 1000 980 1 1000 1000 0 3
