0.166667 0.205662 0.016686 200 210 1000 1003 2 1000 1000 0 3
0.166667 0.151974 0.015907 200 213 1000 1015 2 1000 1000 0 3
0.166667 0.153626 0.016092 200 201 1000 1010 2 1000 1000 0 3
0.166667 0.198424 0.016339 200 195 1000 1002 2 1000 1000 0 3
0.166667 0.186642 0.017281 200 195 1000 1021 2 1000 1000 0 3
0.166667 0.191165 0.016470 200 191 1000 1029 2 1000 1000 0 3
0.166667 0.154693 0.015643 200 198 1000 1076 2 1000 1000 0 3
0.166667 0.160314 0.016628 200 176 1000 992 2 1000 1000 0 3
0.166667 0.189457 0.016800 200 170 1000 978 2 1000 1000 0 3
0.166667 0.191909 0.016666 200 185 1000 1027 2 1000 1000 0 3
0.166667 0.166106 0.016103 200 189 1000 1019 2 1000 1000 0 3
0.166667 0.184094 0.016529 200 221 1000 984 2 1000 1000 0 3
0.166667 0.196061 0.016570 200 203 1000 999 2 1000 1000 0 3
0.166667 0.192446 0.016751 200 204 1000 1007 2 1000 1000 0 3
0.166667 0.184118 0.016405 200 208 1000 1036 2 1000 1000 0 3
0.166667 0.160720 0.016161 200 189 1000 1032 2 1000 1000 0 3
0.166667 0.184864 0.016922 200 214 1000 1021 2 1000 1000 0 3
0.166667 0.177460 0.016646 200 199 1000 1003 2 1000 1000 0 3
0.166667 0.178875 0.015973 200 192 1000 1056 2 1000 1000 0 3
0.166667 0.196101 0.017198 200 217 1000 982 2 1000 1000 0 3
0.166667 0.170577 0.015838 200 189 1000 1007 2 1000 1000 0 3
0.166667 0.190606 0.016813 200 198 1000 997 2 1000 1000 0 3
0.166667 0.177812 0.016711 200 180 1000 996 2 1000 1000 0 3
0.166667 0.181385 0.016899 200 169 1000 979 2 1000 1000 0 3
0.166667 0.225500 0.017228 200 211 1000 956 2 1000 1000 0 3
0.166667 0.167003 0.016341 200 177 1000 998 2 1000 1000 0 3
0.166667 0.205389 0.016858 200 209 1000 1002 2 1000 1000 0 3
0.166667 0.205782 0.016569 200 225 1000 1029 2 1000 1000 0 3
0.166667 0.188501 0.017322 200 184 1000 976 2 1000 1000 0 3
0.166667 0.183606 0.016397 200 207 1000 1003 2 1000 1000 0 3
0.166667 0.200418 0.016675 200 211 1000 987 2 1000 1000 0 3
0.166667 0.189214 0.016957 200 199 1000 1050 2 1000 1000 0 3
0.166667 0.229304 0.016912 200 231 1000 1004 2 1000 1000 0 3
0.166667 0.198848 0.017230 200 196 1000 999 2 1000 1000 0 3
0.166667 0.144297 0.015979 200 178 1000 1045 2 1000 1000 0 3
0.166667 0.189423 0.016078 200 186 1000 1037 2 1000 1000 0 3
0.166667 0.193692 0.016962 200 208 1000 970 2 1000 1000 0 3
0.166667 0.219370 0.017215 200 251 1000 982 2 1000 1000 0 3
0.166667 0.191685 0.016875 200 198 1000 972 2 1000 1000 0 3
0.166667 0.202163 0.016825 200 224 1000 1013 2 1000 1000 0 3
0.166667 0.183576 0.016149 200 198 1000 1031 2 1000 1000 0 3
0.166667 0.157601 0.016753 200 198 1000 1020 2 1000 1000 0 3
0.166667 0.177006 0.017469 200 199 1000 1016 2 1000 1000 0 3
0.166667 0.237453 0.018336 200 224 1000 973 2 1000 1000 0 3
0.166667 0.183122 0.016921 200 185 1000 986 2 1000 1000 0 3
0.166667 0.171939 0.015729 200 205 1000 1025 2 1000 1000 0 3
0.166667 0.179151 0.016958 200 178 1000 954 2 1000 1000 0 3
0.166667 0.192273 0.016918 200 215 1000 1001 2 1000 1000 0 3
0.166667 0.172572 0.016262 200 197 1000 1012 2 1000 1000 0 3
0.166667 0.220283 0.017206 200 211 1000 984 2 1000 1000 0 3
0.166667 0.185786 0.016157 200 205 1000 989 2 1000 1000 0 3
0.166667 0.181947 0.016146 200 219 1000 1022 2 1000 1000 0 3
0.166667 0.162840 0.016407 200 194 1000 1009 2 1000 1000 0 3
0.166667 0.190135 0.016509 200 208 1000 1045 2 1000 1000 0 3
0.166667 0.187636 0.016905 200 194 1000 999 2 1000 1000 0 3
0.166667 0.194689 0.016965 200 197 1000 1010 2 1000 1000 0 3
0.166667 0.210294 0.017114 200 193 1000 945 2 1000 1000 0 3
0.166667 0.198762 0.017371 200 201 1000 982 2 1000 1000 0 3
0.166667 0.210893 0.017776 200 210 1000 978 2 1000 1000 0 3
0.166667 0.187563 0.016482 200 203 1000 1047 2 1000 1000 0 3
0.166667 0.211347 0.017513 200 198 1000 993 2 1000 1000 0 3
0.166667 0.177619 0.016278 200 221 1000 1019 2 1000 1000 0 3
0.166667 0.186793 0.017309 200 193 1000 961 2 1000 1000 0 3
0.166667 0.192703 0.016670 200 204 1000 985 2 1000 1000 0 3
0.166667 0.175981 0.016465 200 197 1000 966 2 1000 1000 0 3
0.166667 0.222360 0.016859 200 210 1000 953 2 1000 1000 0 3
0.166667 0.173511 0.016268 200 205 1000 981 2 1000 1000 0 3
0.166667 0.161977 0.016045 200 217 1000 1101 2 1000 1000 0 3
0.166667 0.199540 0.016741 200 190 1000 1023 2 1000 1000 0 3
0.166667 0.170477 0.016532 200 224 1000 1017 2 1000 1000 0 3
0.166667 0.204290 0.017186 200 188 1000 979 2 1000 1000 0 3
0.166667 0.234646 0.017425 200 215 1000 947 2 1000 1000 0 3
0.166667 0.202341 0.016800 200 216 1000 1026 2 1000 1000 0 3
0.166667 0.231019 0.016547 200 219 1000 1030 2 1000 1000 0 3
0.166667 0.209241 0.015750 200 198 1000 1091 2 1000 1000 0 3
0.166667 0.198536 0.017225 200 222 1000 969 2 1000 1000 0 3
0.166667 0.204064 0.017313 200 176 1000 1002 2 1000 1000 0 3
0.166667 0.181964 0.016054 200 195 1000 1008 2 1000 1000 0 3
0.166667 0.183770 0.016914 200 178 1000 978 2 1000 1000 0 3
0.166667 0.164123 0.016946 200 164 1000 991 2 1000 1000 0 3
0.166667 0.179513 0.016977 200 209 1000 992 2 1000 1000 0 3
0.166667 0.168214 0.015878 200 190 1000 1033 2 1000 1000 0 3
0.166667 0.224808 0.016997 200 211 1000 969 2 1000 1000 0 3
0.166667 0.208504 0.016431 200 199 1000 1025 2 1000 1000 0 3
0.166667 0.198292 0.017579 200 189 1000 953 2 1000 1000 0 3
0.166667 0.152269 0.016348 200 191 1000 1026 2 1000 1000 0 3
0.166667 0.182961 0.016402 200 202 1000 999 2 1000 1000 0 3
0.166667 0.163508 0.016679 200 192 1000 977 2 1000 1000 0 3
0.166667 0.152131 0.016591 200 202 1000 995 2 1000 1000 0 3
0.166667 0.157841 0.017120 200 181 1000 964 2 1000 1000 0 3
0.166667 0.161518 0.015915 200 176 1000 1034 2 1000 1000 0 3
0.166667 0.173730 0.016512 200 200 1000 1015 2 1000 1000 0 3
0.166667 0.169377 0.015860 200 198 1000 1065 2 1000 1000 0 3
0.166667 0.189556 0.017574 200 197 1000 979 2 1000 1000 0 3
0.166667 0.160507 0.015996 200 202 1000 1040 2 1000 1000 0 3
0.166667 0.177503 0.015870 200 194 1000 1048 2 1000 1000 0 3
0.166667 0.152265 0.015727 200 181 1000 1046 2 1000 1000 0 3
0.166667 0.166893 0.016339 200 200 1000 978 2 1000 1000 0 3
0.166667 0.166020 0.016315 200 199 1000 1023 2 1000 1000 0 3
0.166667 0.189172 0.016557 200 202 1000 971 2 1000 1000 0 3
0.166667 0.178724 0.015506 200 205 1000 1057 2 1000 1000 0 3
0.166667 0.175030 0.016275 200 195 1000 1033 2 1000 1000 0 3
0.166667 0.217748 0.017114 200 217 1000 992 2 1000 1000 0 3
0.166667 0.165336 0.015976 200 199 1000 1017 2 1000 1000 0 3
0.166667 0.193046 0.016574 200 205 1000 1010 2 1000 1000 0 3
0.166667 0.185399 0.016200 200 208 1000 1013 2 1000 1000 0 3
0.166667 0.202484 0.017029 200 206 1000 960 2 1000 1000 0 3
0.166667 0.208506 0.017009 200 219 1000 1023 2 1000 1000 0 3
0.166667 0.239964 0.017317 200 245 1000 976 2 1000 1000 0 3
0.166667 0.183278 0.016971 200 189 1000 1030 2 1000 1000 0 3
0.166667 0.223779 0.017415 200 212 1000 967 2 1000 1000 0 3
0.166667 0.213169 0.016957 200 220 1000 1015 2 1000 1000 0 3
0.166667 0.211759 0.017554 200 202 1000 964 2 1000 1000 0 3
0.166667 0.179722 0.017164 200 207 1000 1001 2 1000 1000 0 3
0.166667 0.178855 0.016168 200 189 1000 973 2 1000 1000 0 3
0.166667 0.219970 0.016500 200 200 1000 1044 2 1000 1000 0 3
0.166667 0.216466 0.016284 200 197 1000 1080 2 1000 1000 0 3
0.166667 0.182671 0.016428 200 203 1000 1002 2 1000 1000 0 3
0.166667 0.191032 0.016210 200 231 1000 1042 2 1000 1000 0 3
0.166667 0.184305 0.017167 200 194 1000 974 2 1000 1000 0 3
0.166667 0.211478 0.016861 200 227 1000 1008 2 1000 1000 0 3
0.166667 0.163663 0.015967 200 194 1000 1074 2 1000 1000 0 3
0.166667 0.206235 0.016243 200 213 1000 1056 2 1000 1000 0 3
0.166667 0.215500 0.016966 200 181 1000 1006 2 1000 1000 0 3
0.166667 0.180187 0.015676 200 199 1000 1064 2 1000 1000 0 3
0.166667 0.183601 0.016286 200 195 1000 1031 2 1000 1000 0 3
0.166667 0.174416 0.017339 200 198 1000 981 2 1000 1000 0 3
0.166667 0.179955 0.016558 200 190 1000 978 2 1000 1000 0 3
0.166667 0.182261 0.016891 200 220 1000 1006 2 1000 1000 0 3
0.166667 0.225558 0.017728 200 188 1000 941 2 1000 1000 0 3
0.166667 0.159153 0.016036 200 186 1000 1042 2 1000 1000 0 3
0.166667 0.182538 0.016777 200 197 1000 1005 2 1000 1000 0 3
0.166667 0.170586 0.016216 200 179 1000 973 2 1000 1000 0 3
0.166667 0.186820 0.016110 200 193 1000 1062 2 1000 1000 0 3
0.166667 0.172328 0.016764 200 196 1000 987 2 1000 1000 0 3
0.166667 0.182762 0.016516 200 207 1000 1012 2 1000 1000 0 3
0.166667 0.207730 0.017768 200 221 1000 952 2 1000 1000 0 3
0.166667 0.196059 0.016743 200 189 1000 931 2 1000 1000 0 3
0.166667 0.168737 0.017158 200 201 1000 1011 2 1000 1000 0 3
0.166667 0.200149 0.016623 200 197 1000 1014 2 1000 1000 0 3
0.166667 0.188544 0.017225 200 202 1000 946 2 1000 1000 0 3
0.166667 0.192111 0.016504 200 204 1000 996 2 1000 1000 0 3
0.166667 0.196164 0.016492 200 202 1000 1023 2 1000 1000 0 3
0.166667 0.163389 0.015650 200 194 1000 1034 2 1000 1000 0 3
0.166667 0.161432 0.016950 200 208 1000 994 2 1000 1000 0 3
0.166667 0.162497 0.015812 200 215 1000 1052 2 1000 1000 0 3
0.166667 0.165413 0.016232 200 194 1000 990 2 1000 1000 0 3
0.166667 0.188504 0.017240 200 196 1000 986 2 1000 1000 0 3
0.166667 0.170158 0.015766 200 185 1000 1031 2 1000 1000 0 3
0.166667 0.140950 0.015768 200 167 1000 978 2 1000 1000 0 3
0.166667 0.165954 0.016501 200 201 1000 993 2 1000 1000 0 3
0.166667 0.183762 0.016937 200 209 1000 987 2 1000 1000 0 3
0.166667 0.204437 0.016775 200 232 1000 1021 2 1000 1000 0 3
0.166667 0.205833 0.017123 200 201 1000 945 2 1000 1000 0 3
0.166667 0.202862 0.016949 200 212 1000 1018 2 1000 1000 0 3
0.166667 0.204434 0.017182 200 199 1000 959 2 1000 1000 0 3
0.166667 0.177250 0.016992 200 198 1000 1001 2 1000 1000 0 3
0.166667 0.197891 0.016858 200 217 1000 1014 2 1000 1000 0 3
0.166667 0.191406 0.017378 200 222 1000 938 2 1000 1000 0 3
0.166667 0.186511 0.016515 200 186 1000 999 2 1000 1000 0 3
0.166667 0.195779 0.017319 200 202 1000 959 2 1000 1000 0 3
0.166667 0.224749 0.016524 200 197 1000 1045 2 1000 1000 0 3
0.166667 0.224230 0.017653 200 203 1000 1004 2 1000 1000 0 3
0.166667 0.190949 0.016739 200 199 1000 1021 2 1000 1000 0 3
0.166667 0.197847 0.017014 200 204 1000 986 2 1000 1000 0 3
0.166667 0.190494 0.016888 200 195 1000 970 2 1000 1000 0 3
0.166667 0.209533 0.017831 200 212 1000 977 2 1000 1000 0 3
0.166667 0.195507 0.016541 200 199 1000 1017 2 1000 1000 0 3
0.166667 0.209781 0.017777 200 216 1000 966 2 1000 1000 0 3
0.166667 0.191275 0.016705 200 213 1000 1024 2 1000 1000 0 3
0.166667 0.181730 0.016090 200 180 1000 1026 2 1000 1000 0 3
0.166667 0.167969 0.016756 200 197 1000 1033 2 1000 1000 0 3
0.166667 0.171440 0.016904 200 193 1000 972 2 1000 1000 0 3
0.166667 0.196340 0.016293 200 219 1000 1025 2 1000 1000 0 3
0.166667 0.178877 0.016666 200 208 1000 985 2 1000 1000 0 3
0.166667 0.175106 0.016691 200 201 1000 991 2 1000 1000 0 3
0.166667 0.193879 0.016987 200 222 1000 1027 2 1000 1000 0 3
0.166667 0.165979 0.016617 200 181 1000 1021 2 1000 1000 0 3
0.166667 0.187571 0.016305 200 206 1000 1081 2 1000 1000 0 3
0.166667 0.187984 0.016158 200 202 1000 1086 2 1000 1000 0 3
0.166667 0.157577 0.016439 200 193 1000 1037 2 1000 1000 0 3
0.166667 0.176278 0.016389 200 186 1000 986 2 1000 1000 0 3
0.166667 0.182560 0.017094 200 202 1000 970 2 1000 1000 0 3
0.166667 0.199242 0.016438 200 214 1000 1017 2 1000 1000 0 3
0.166667 0.190997 0.016973 200 196 1000 1008 2 1000 1000 0 3
0.166667 0.173640 0.016939 200 178 1000 1042 2 1000 1000 0 3
0.166667 0.195869 0.017124 200 216 1000 945 2 1000 1000 0 3
0.166667 0.177229 0.016125 200 212 1000 1044 2 1000 1000 0 3
0.166667 0.177933 0.016243 200 183 1000 1006 2 1000 1000 0 3
0.166667 0.221359 0.017159 200 224 1000 988 2 1000 1000 0 3
0.166667 0.173589 0.016623 200 187 1000 1005 2 1000 1000 0 3
0.166667 0.194628 0.016534 200 206 1000 1025 2 1000 1000 0 3
0.166667 0.192595 0.017392 200 182 1000 992 2 1000 1000 0 3
0.166667 0.178393 0.016855 200 203 1000 976 2 1000 1000 0 3
0.166667 0.184917 0.017301 200 187 1000 970 2 1000 1000 0 3
0.166667 0.213482 0.016918 200 212 1000 999 2 1000 1000 0 3
0.166667 0.189467 0.016717 200 215 1000 995 2 1000 1000 0 3
0.166667 0.169882 0.016997 200 195 1000 967 2 1000 1000 0 3
0.166667 0.162107 0.016198 200 202 1000 1026 2 1000 1000 0 3
0.166667 0.227008 0.017644 200 189 1000 932 2 1000 1000 0 3
0.166667 0.185866 0.016614 200 202 1000 1005 2 1000 1000 0 3
0.166667 0.176312 0.016237 200 202 1000 989 2 1000 1000 0 3
0.166667 0.172537 0.016783 200 202 1000 1031 2 1000 1000 0 3
0.166667 0.153125 0.016139 200 188 1000 1032 2 1000 1000 0 3
0.166667 0.173736 0.016889 200 210 1000 996 2 1000 1000 0 3
0.166667 0.170279 0.016316 200 184 1000 1003 2 1000 1000 0 3
0.166667 0.157235 0.015771 200 199 1000 1020 2 1000 1000 0 3
0.166667 0.208929 0.017755 200 185 1000 954 2 1000 1000 0 3
0.166667 0.153465 0.016627 200 191 1000 1071 2 1000 1000 0 3
0.166667 0.192511 0.016461 200 204 1000 984 2 1000 1000 0 3
0.166667 0.187015 0.016612 200 188 1000 1023 2 1000 1000 0 3
0.166667 0.210248 0.017173 200 202 1000 969 2 1000 1000 0 3
0.166667 0.184572 0.015878 200 211 1000 1021 2 1000 1000 0 3
0.166667 0.169733 0.015874 200 207 1000 1025 2 1000 1000 0 3
0.166667 0.196220 0.017337 200 223 1000 1006 2 1000 1000 0 3
0.166667 0.191165 0.017340 200 211 1000 942 2 1000 1000 0 3
0.166667 0.207645 0.017028 200 193 1000 982 2 1000 1000 0 3
0.166667 0.182103 0.016813 200 182 1000 987 2 1000 1000 0 3
0.166667 0.191064 0.016755 200 192 1000 961 2 1000 1000 0 3
0.166667 0.214106 0.015980 200 254 1000 1075 2 1000 1000 0 3
0.166667 0.215585 0.016710 200 221 1000 958 2 1000 1000 0 3
0.166667 0.178890 0.015988 200 211 1000 985 2 1000 1000 0 3
0.166667 0.184450 0.016497 200 203 1000 1044 2 1000 1000 0 3
0.166667 0.187113 0.016139 200 217 1000 1067 2 1000 1000 0 3
0.166667 0.168436 0.016033 200 184 1000 1024 2 1000 1000 0 3
0.166667 0.218646 0.017490 200 201 1000 983 2 1000 1000 0 3
0.166667 0.196069 0.016768 200 213 1000 981 2 1000 1000 0 3
0.166667 0.162444 0.016006 200 192 1000 1030 2 1000 1000 0 3
0.166667 0.215133 0.016897 200 225 1000 988 2 1000 1000 0 3
0.166667 0.199754 0.016848 200 215 1000 987 2 1000 1000 0 3
0.166667 0.220407 0.017428 200 223 1000 991 2 1000 1000 0 3
0.166667 0.182947 0.016753 200 189 1000 1005 2 1000 1000 0 3
0.166667 0.167013 0.016723 200 200 1000 1029 2 1000 1000 0 3
0.166667 0.213044 0.016382 200 213 1000 1016 2 1000 1000 0 3
0.166667 0.204584 0.016839 200 216 1000 1018 2 1000 1000 0 3
0.166667 0.178382 0.016748 200 201 1000 1027 2 1000 1000 0 3
0.166667 0.193996 0.016241 200 189 1000 998 2 1000 1000 0 3
0.166667 0.198880 0.016396 200 212 1000 1019 2 1000 1000 0 3
0.166667 0.203494 0.017182 200 216 1000 993 2 1000 1000 0 3
0.166667 0.156053 0.016365 200 196 1000 988 2 1000 1000 0 3
0.166667 0.192506 0.016933 200 193 1000 993 2 1000 1000 0 3
0.166667 0.166173 0.016991 200 180 1000 963 2 1000 1000 0 3
0.166667 0.183362 0.016410 200 198 1000 1006 2 1000 1000 0 3
0.166667 0.150662 0.016035 200 192 1000 1007 2 1000 1000 0 3
0.166667 0.188095 0.016694 200 200 1000 967 2 1000 1000 0 3
0.166667 0.194564 0.016561 200 191 1000 1015 2 1000 1000 0 3
0.166667 0.165226 0.017027 200 195 1000 980 2 1000 1000 0 3
0.166667 0.233521 0.017295 200 226 1000 949 2 1000 1000 0 3
0.166667 0.213112 0.016524 200 208 1000 999 2 1000 1000 0 3
0.166667 0.180167 0.016526 200 186 1000 982 2 1000 1000 0 3
0.166667 0.203080 0.017003 200 210 1000 964 2 1000 1000 0 3
0.166667 0.243237 0.018366 200 229 1000 956 2 1000 1000 0 3
0.166667 0.215447 0.016774 200 221 1000 1039 2 1000 1000 0 3
0.166667 0.210094 0.017681 200 201 1000 952 2 1000 1000 0 3
0.166667 0.209899 0.017080 200 204 1000 1003 2 1000 1000 0 3
0.166667 0.188476 0.016457 200 199 1000 1016 2 1000 1000 0 3
0.166667 0.175711 0.016317 200 196 1000 1014 2 1000 1000 0 3
0.166667 0.174103 0.016866 200 191 1000 988 2 1000 1000 0 3
0.166667 0.179832 0.016422 200 199 1000 998 2 1000 1000 0 3
0.166667 0.243998 0.017096 200 249 1000 985 2 1000 1000 0 3
0.166667 0.193417 0.016636 200 195 1000 993 2 1000 1000 0 3
0.166667 0.195623 0.017247 200 196 1000 995 2 1000 1000 0 3
0.166667 0.168665 0.016613 200 196 1000 1007 2 1000 1000 0 3
0.166667 0.222264 0.017589 200 213 1000 952 2 1000 1000 0 3
0.166667 0.180861 0.015984 200 216 1000 1063 2 1000 1000 0 3
0.166667 0.209386 0.017446 200 212 1000 991 2 1000 1000 0 3
0.166667 0.172179 0.016401 200 182 1000 1012 2 1000 1000 0 3
0.166667 0.176472 0.015571 200 195 1000 1042 2 1000 1000 0 3
0.166667 0.182408 0.016216 200 213 1000 1046 2 1000 1000 0 3
0.166667 0.159623 0.016085 200 189 1000 986 2 1000 1000 0 3
0.166667 0.174763 0.016721 200 190 1000 999 2 1000 1000 0 3
0.166667 0.187701 0.016582 200 189 1000 1011 2 1000 1000 0 3
0.166667 0.185114 0.016484 200 171 1000 994 2 1000 1000 0 3
0.166667 0.189453 0.017064 200 202 1000 998 2 1000 1000 0 3
0.166667 0.215767 0.017960 200 207 1000 948 2 1000 1000 0 3
0.166667 0.166912 0.016021 200 200 1000 1036 2 1000 1000 0 3
0.166667 0.156978 0.015860 200 198 1000 1032 2 1000 1000 0 3
0.166667 0.179189 0.016401 200 203 1000 1032 2 1000 1000 0 3
0.166667 0.164992 0.016677 200 219 1000 1003 2 1000 1000 0 3
0.166667 0.199503 0.017344 200 199 1000 977 2 1000 1000 0 3
0.166667 0.152122 0.016418 200 189 1000 991 2 1000 1000 0 3
0.166667 0.208789 0.016762 200 218 1000 1010 2 1000 1000 0 3
0.166667 0.175462 0.016090 200 187 1000 1059 2 1000 1000 0 3
0.166667 0.184746 0.017042 200 176 1000 978 2 1000 1000 0 3
0.166667 0.157249 0.015938 200 208 1000 1005 2 1000 1000 0 3
0.166667 0.202944 0.016284 200 222 1000 1036 2 1000 1000 0 3
0.166667 0.200030 0.016913 200 227 1000 1033 2 1000 1000 0 3
0.166667 0.214315 0.017185 200 217 1000 998 2 1000 1000 0 3
0.166667 0.169092 0.017252 200 204 1000 991 2 1000 1000 0 3
0.166667 0.158208 0.016143 200 180 1000 1042 2 1000 1000 0 3
0.166667 0.184298 0.016732 200 170 1000 1016 2 1000 1000 0 3
0.166667 0.209980 0.017230 200 208 1000 986 2 1000 1000 0 3
0.166667 0.192275 0.016571 200 215 1000 1012 2 1000 1000 0 3
0.166667 0.160834 0.016237 200 198 1000 1023 2 1000 1000 0 3
0.166667 0.184066 0.016442 200 199 1000 1002 2 1000 1000 0 3
0.166667 0.185234 0.016412 200 201 1000 1000 2 1000 1000 0 3
0.166667 0.170991 0.016482 200 213 1000 1057 2 1000 1000 0 3
0.166667 0.169948 0.015220 200 207 1000 1053 2 1000 1000 0 3
0.166667 0.213078 0.017083 200 205 1000 980 2 1000 1000 0 3
0.166667 0.179563 0.016405 200 182 1000 1016 2 1000 1000 0 3
0.166667 0.149295 0.016025 200 194 1000 1035 2 1000 1000 0 3
0.166667 0.209946 0.016916 200 199 1000 1014 2 1000 1000 0 3
0.166667 0.187430 0.017463 200 211 1000 955 2 1000 1000 0 3
0.166667 0.179459 0.017297 200 195 1000 919 2 1000 1000 0 3
0.166667 0.210915 0.016601 200 214 1000 1025 2 1000 1000 0 3
0.166667 0.211047 0.017038 200 207 1000 991 2 1000 1000 0 3
0.166667 0.185924 0.015886 200 178 1000 1089 2 1000 1000 0 3
0.166667 0.185231 0.016004 200 218 1000 1056 2 1000 1000 0 3
0.166667 0.226061 0.017168 200 198 1000 1007 2 1000 1000 0 3
0.166667 0.190232 0.016628 200 217 1000 1006 2 1000 1000 0 3
0.166667 0.219321 0.017865 200 209 1000 928 2 1000 1000 0 3
0.166667 0.166511 0.015884 200 185 1000 1003 2 1000 1000 0 3
0.166667 0.178568 0.016730 200 191 1000 1004 2 1000 1000 0 3
0.166667 0.197417 0.016434 200 185 1000 1007 2 1000 1000 0 3
0.166667 0.169316 0.016957 200 191 1000 948 2 1000 1000 0 3
0.166667 0.179871 0.016192 200 192 1000 1029 2 1000 1000 0 3
0.166667 0.199718 0.016275 200 192 1000 1021 2 1000 1000 0 3
0.166667 0.189986 0.016262 200 222 1000 1024 2 1000 1000 0 3
0.166667 0.205786 0.016477 200 194 1000 1019 2 1000 1000 0 3
0.166667 0.210866 0.016285 200 202 1000 1046 2 1000 1000 0 3
0.166667 0.181715 0.016746 200 199 1000 1017 2 1000 1000 0 3
0.166667 0.212418 0.017064 200 193 1000 1008 2 1000 1000 0 3
0.166667 0.194756 0.016262 200 180 1000 1085 2 1000 1000 0 3
0.166667 0.179500 0.016566 200 214 1000 941 2 1000 1000 0 3
0.166667 0.200637 0.016952 200 199 1000 988 2 1000 1000 0 3
0.166667 0.197532 0.015880 200 197 1000 1046 2 1000 1000 0 3
0.166667 0.213662 0.017007 200 204 1000 1039 2 1000 1000 0 3
0.166667 0.172433 0.015951 200 176 1000 997 2 1000 1000 0 3
0.166667 0.180286 0.016895 200 211 1000 1003 2 1000 1000 0 3
0.166667 0.170597 0.016784 200 201 1000 991 2 1000 1000 0 3
0.166667 0.210357 0.016985 200 188 1000 1040 2 1000 1000 0 3
0.166667 0.215108 0.017082 200 191 1000 962 2 1000 1000 0 3
0.166667 0.182467 0.016707 200 214 1000 970 2 1000 1000 0 3
0.166667 0.192499 0.017184 200 193 1000 1026 2 1000 1000 0 3
0.166667 0.169826 0.016604 200 216 1000 982 2 1000 1000 0 3
0.166667 0.195611 0.016765 200 207 1000 994 2 1000 1000 0 3
0.166667 0.204607 0.017062 200 176 1000 997 2 1000 1000 0 3
0.166667 0.208670 0.017243 200 203 1000 1004 2 1000 1000 0 3
0.166667 0.200590 0.016752 200 206 1000 982 2 1000 1000 0 3
0.166667 0.156906 0.015951 200 197 1000 997 2 1000 1000 0 3
0.166667 0.217307 0.017159 200 219 1000 973 2 1000 1000 0 3
0.166667 0.189250 0.016962 200 194 1000 1001 2 1000 1000 0 3
0.166667 0.192884 0.016971 200 208 1000 996 2 1000 1000 0 3
0.166667 0.173368 0.016089 200 193 1000 1026 2 1000 1000 0 3
0.166667 0.195418 0.016814 200 199 1000 1040 2 1000 1000 0 3
0.166667 0.152678 0.016208 200 164 1000 984 2 1000 1000 0 3
0.166667 0.181698 0.016260 200 213 1000 1018 2 1000 1000 0 3
0.166667 0.189281 0.016890 200 195 1000 996 2 1000 1000 0 3
0.166667 0.205059 0.016877 200 189 1000 1044 2 1000 1000 0 3
0.166667 0.202438 0.017453 200 196 1000 961 2 1000 1000 0 3
0.166667 0.175174 0.016342 200 168 1000 1007 2 1000 1000 0 3
0.166667 0.195428 0.016698 200 189 1000 1038 2 1000 1000 0 3
0.166667 0.219196 0.016787 200 216 1000 1004 2 1000 1000 0 3
0.166667 0.204386 0.017480 200 189 1000 973 2 1000 1000 0 3
0.166667 0.210934 0.017958 200 203 1000 945 2 1000 1000 0 3
0.166667 0.192522 0.016228 200 213 1000 1000 2 1000 1000 0 3
0.166667 0.192197 0.016681 200 212 1000 1011 2 1000 1000 0 3
0.166667 0.194173 0.016996 200 201 1000 1005 2 1000 1000 0 3
0.166667 0.187531 0.016492 200 201 1000 965 2 1000 1000 0 3
0.166667 0.214094 0.017048 200 212 1000 957 2 1000 1000 0 3
0.166667 0.171555 0.016441 200 188 1000 1027 2 1000 1000 0 3
0.166667 0.197419 0.016220 200 204 1000 1011 2 1000 1000 0 3
0.166667 0.161423 0.016818 200 163 1000 989 2 1000 1000 0 3
0.166667 0.194706 0.016997 200 201 1000 964 2 1000 1000 0 3
0.166667 0.202944 0.016584 200 218 1000 997 2 1000 1000 0 3
0.166667 0.187391 0.016683 200 191 1000 1001 2 1000 1000 0 3
0.166667 0.214961 0.016833 200 212 1000 934 2 1000 1000 0 3
0.166667 0.178767 0.016654 200 192 1000 980 2 1000 1000 0 3
0.166667 0.202011 0.016333 200 208 1000 1069 2 1000 1000 0 3
0.166667 0.238017 0.018291 200 213 1000 896 2 1000 1000 0 3
0.166667 0.159558 0.015501 200 183 1000 1049 2 1000 1000 0 3
0.166667 0.192083 0.017183 200 210 1000 977 2 1000 1000 0 3
0.166667 0.221209 0.016706 200 219 1000 998 2 1000 1000 0 3
0.166667 0.187937 0.016712 200 191 1000 1019 2 1000 1000 0 3
0.166667 0.199832 0.016981 200 210 1000 1037 2 1000 1000 0 3
0.166667 0.152779 0.015401 200 174 1000 1037 2 1000 1000 0 3
0.166667 0.201597 0.016591 200 212 1000 1043 2 1000 1000 0 3
0.166667 0.178236 0.017251 200 196 1000 981 2 1000 1000 0 3
0.166667 0.195911 0.017553 200 200 1000 987 2 1000 1000 0 3
0.166667 0.180484 0.016751 200 192 1000 955 2 1000 1000 0 3
0.166667 0.193314 0.016510 200 183 1000 1031 2 1000 1000 0 3
0.166667 0.145621 0.015838 200 184 1000 1025 2 1000 1000 0 3
0.166667 0.178951 0.016731 200 194 1000 959 2 1000 1000 0 3
0.166667 0.211938 0.017887 200 189 1000 922 2 1000 1000 0 3
0.166667 0.176060 0.016121 200 194 1000 1067 2 1000 1000 0 3
0.166667 0.177250 0.016463 200 190 1000 1011 2 1000 1000 0 3
0.166667 0.169396 0.016775 200 192 1000 1004 2 1000 1000 0 3
0.166667 0.175930 0.016548 200 195 1000 1006 2 1000 1000 0 3
0.166667 0.208800 0.017407 200 185 1000 1001 2 1000 1000 0 3
0.166667 0.184871 0.017148 200 188 1000 941 2 1000 1000 0 3
0.166667 0.215148 0.016064 200 205 1000 1059 2 1000 1000 0 3
0.166667 0.206713 0.017696 200 204 1000 943 2 1000 1000 0 3
0.166667 0.175585 0.015590 200 200 1000 1037 2 1000 1000 0 3
0.166667 0.212841 0.017028 200 220 1000 973 2 1000 1000 0 3
0.166667 0.235192 0.017139 200 219 1000 1037 2 1000 1000 0 3
0.166667 0.189774 0.017084 200 199 1000 1012 2 1000 1000 0 3
0.166667 0.197056 0.016936 200 214 1000 1018 2 1000 1000 0 3
0.166667 0.202231 0.017877 200 208 1000 951 2 1000 1000 0 3
0.166667 0.172348 0.016666 200 202 1000 1025 2 1000 1000 0 3
0.166667 0.199499 0.017529 200 209 1000 959 2 1000 1000 0 3
0.166667 0.199004 0.016578 200 201 1000 984 2 1000 1000 0 3
0.166667 0.197296 0.015956 200 202 1000 1039 2 1000 1000 0 3
0.166667 0.177223 0.016844 200 195 1000 964 2 1000 1000 0 3
0.166667 0.177344 0.016268 200 212 1000 1038 2 1000 1000 0 3
0.166667 0.185498 0.017050 200 208 1000 962 2 1000 1000 0 3
0.166667 0.166031 0.015735 200 195 1000 1006 2 1000 1000 0 3
0.166667 0.208787 0.017331 200 187 1000 940 2 1000 1000 0 3
0.166667 0.182032 0.016282 200 197 1000 993 2 1000 1000 0 3
0.166667 0.173583 0.016611 200 206 1000 1018 2 1000 1000 0 3
0.166667 0.170067 0.016330 200 207 1000 1009 2 1000 1000 0 3
0.166667 0.195381 0.016946 200 203 1000 953 2 1000 1000 0 3
0.166667 0.177764 0.016923 200 184 1000 977 2 1000 1000 0 3
0.166667 0.170329 0.016966 200 181 1000 999 2 1000 1000 0 3
0.166667 0.192535 0.016879 200 193 1000 1003 2 1000 1000 0 3
0.166667 0.204764 0.016726 200 214 1000 958 2 1000 1000 0 3
0.166667 0.202336 0.017539 200 195 1000 973 2 1000 1000 0 3
0.166667 0.184949 0.016593 200 184 1000 1033 2 1000 1000 0 3
0.166667 0.150723 0.016524 200 165 1000 1034 2 1000 1000 0 3
0.166667 0.184300 0.016406 200 206 1000 998 2 1000 1000 0 3
0.166667 0.188742 0.017129 200 216 1000 989 2 1000 1000 0 3
0.166667 0.189981 0.016420 200 173 1000 1062 2 1000 1000 0 3
0.166667 0.176856 0.016550 200 175 1000 1002 2 1000 1000 0 3
0.166667 0.160463 0.016814 200 187 1000 1004 2 1000 1000 0 3
0.166667 0.173835 0.016508 200 184 1000 1022 2 1000 1000 0 3
0.166667 0.163206 0.015606 200 174 1000 1031 2 1000 1000 0 3
0.166667 0.174165 0.015906 200 209 1000 1030 2 1000 1000 0 3
0.166667 0.189004 0.017065 200 219 1000 967 2 1000 1000 0 3
0.166667 0.166946 0.016230 200 193 1000 979 2 1000 1000 0 3
0.166667 0.190108 0.017296 200 199 1000 966 2 1000 1000 0 3
0.166667 0.177192 0.016478 200 201 1000 1014 2 1000 1000 0 3
0.166667 0.197457 0.016741 200 195 1000 983 2 1000 1000 0 3
0.166667 0.208795 0.017289 200 216 1000 970 2 1000 1000 0 3
0.166667 0.201381 0.017041 200 182 1000 970 2 1000 1000 0 3
0.166667 0.204827 0.016637 200 196 1000 985 2 1000 1000 0 3
0.166667 0.215681 0.016918 200 197 1000 998 2 1000 1000 0 3
0.166667 0.185101 0.016981 200 203 1000 988 2 1000 1000 0 3
0.166667 0.207816 0.016232 200 240 1000 1044 2 1000 1000 0 3
0.166667 0.216079 0.017066 200 227 1000 974 2 1000 1000 0 3
0.166667 0.185925 0.016299 200 197 1000 1017 2 1000 1000 0 3
0.166667 0.194740 0.016456 200 196 1000 1024 2 1000 1000 0 3
0.166667 0.216645 0.016650 200 234 1000 998 2 1000 1000 0 3
0.166667 0.174391 0.016743 200 181 1000 1035 2 1000 1000 0 3
0.166667 0.170707 0.016396 200 206 1000 974 2 1000 1000 0 3
0.166667 0.193890 0.016839 200 187 1000 1003 2 1000 1000 0 3
0.166667 0.183451 0.016587 200 190 1000 972 2 1000 1000 0 3
0.166667 0.173962 0.017076 200 197 1000 948 2 1000 1000 0 3
0.166667 0.218664 0.016943 200 219 1000 969 2 1000 1000 0 3
0.166667 0.189977 0.017509 200 209 1000 963 2 1000 1000 0 3
0.166667 0.167238 0.016076 200 210 1000 1048 2 1000 1000 0 3
0.166667 0.174620 0.016515 200 202 1000 1010 2 1000 1000 0 3
0.166667 0.191816 0.016916 200 212 1000 971 2 1000 1000 0 3
0.166667 0.195107 0.017066 200 180 1000 971 2 1000 1000 0 3
0.166667 0.168487 0.016587 200 192 1000 1016 2 1000 1000 0 3
0.166667 0.236406 0.017444 200 207 1000 963 2 1000 1000 0 3
0.166667 0.183030 0.016427 200 194 1000 1042 2 1000 1000 0 3
0.166667 0.186710 0.016740 200 192 1000 958 2 1000 1000 0 3
0.166667 0.188203 0.016506 200 204 1000 1002 2 1000 1000 0 3
0.166667 0.188892 0.017126 200 209 1000 973 2 1000 1000 0 3
0.166667 0.193563 0.016861 200 215 1000 989 2 1000 1000 0 3
0.166667 0.174789 0.016973 200 184 1000 973 2 1000 1000 0 3
0.166667 0.193958 0.016826 200 198 1000 986 2 1000 1000 0 3
0.166667 0.184450 0.016453 200 211 1000 1008 2 1000 1000 0 3
0.166667 0.186351 0.017179 200 208 1000 1007 2 1000 1000 0 3
0.166667 0.180519 0.016769 200 199 1000 970 2 1000 1000 0 3
0.166667 0.223879 0.017458 200 201 1000 992 2 1000 1000 0 3
0.166667 0.166336 0.016412 200 182 1000 1009 2 1000 1000 0 3
0.166667 0.139543 0.016211 200 195 1000 983 2 1000 1000 0 3
0.166667 0.188196 0.016721 200 200 1000 979 2 1000 1000 0 3
0.166667 0.199995 0.017096 200 217 1000 959 2 1000 1000 0 3
0.166667 0.181993 0.016536 200 185 1000 975 2 1000 1000 0 3
0.166667 0.169904 0.016731 200 200 1000 1013 2 1000 1000 0 3
0.166667 0.217796 0.016754 200 202 1000 963 2 1000 1000 0 3
0.166667 0.165313 0.016006 200 187 1000 1044 2 1000 1000 0 3
0.166667 0.196251 0.016780 200 204 1000 981 2 1000 1000 0 3
0.166667 0.176143 0.017263 200 193 1000 992 2 1000 1000 0 3
0.166667 0.192980 0.017056 200 198 1000 990 2 1000 1000 0 3
0.166667 0.164153 0.016357 200 187 1000 1010 2 1000 1000 0 3
0.166667 0.216299 0.017426 200 210 1000 1022 2 1000 1000 0 3
0.166667 0.208893 0.017043 200 231 1000 1001 2 1000 1000 0 3
0.166667 0.188073 0.017272 200 194 1000 983 2 1000 1000 0 3
0.166667 0.173646 0.016338 200 177 1000 1032 2 1000 1000 0 3
0.166667 0.169501 0.016053 200 201 1000 1035 2 1000 1000 0 3
0.166667 0.170599 0.016723 200 202 1000 1025 2 1000 1000 0 3
0.166667 0.203216 0.017020 200 176 1000 969 2 1000 1000 0 3
0.166667 0.180250 0.016390 200 197 1000 1023 2 1000 1000 0 3
0.166667 0.213678 0.016585 200 192 1000 1006 2 1000 1000 0 3
0.166667 0.188215 0.016496 200 201 1000 982 2 1000 1000 0 3
0.166667 0.170535 0.016855 200 210 1000 950 2 1000 1000 0 3
0.166667 0.182950 0.016322 200 202 1000 986 2 1000 1000 0 3
0.166667 0.216774 0.016860 200 229 1000 999 2 1000 1000 0 3
0.166667 0.166742 0.015614 200 227 1000 1037 2 1000 1000 0 3
0.166667 0.204207 0.016521 200 214 1000 982 2 1000 1000 0 3
0.166667 0.202309 0.016476 200 195 1000 1000 2 1000 1000 0 3
0.166667 0.176554 0.017178 200 206 1000 970 2 1000 1000 0 3
0.166667 0.196434 0.016787 200 206 1000 1005 2 1000 1000 0 3
0.166667 0.188036 0.016598 200 210 1000 1049 2 1000 1000 0 3
0.166667 0.187436 0.016416 200 199 1000 1084 2 1000 1000 0 3
0.166667 0.154755 0.016603 200 182 1000 995 2 1000 1000 0 3
0.166667 0.181202 0.016598 200 187 1000 1026 2 1000 1000 0 3
0.166667 0.195872 0.017557 200 175 1000 943 2 1000 1000 0 3
0.166667 0.159995 0.015683 200 201 1000 1041 2 1000 1000 0 3
0.166667 0.187564 0.016223 200 202 1000 1025 2 1000 1000 0 3
0.166667 0.175049 0.015944 200 199 1000 1012 2 1000 1000 0 3
0.166667 0.167266 0.016586 200 213 1000 1032 2 1000 1000 0 3
0.166667 0.188618 0.017529 200 197 1000 973 2 1000 1000 0 3
0.166667 0.200009 0.016615 200 210 1000 1028 2 1000 1000 0 3
0.166667 0.182311 0.015569 200 195 1000 1080 2 1000 1000 0 3
0.166667 0.167678 0.016792 200 183 1000 982 2 1000 1000 0 3
0.166667 0.212358 0.017014 200 211 1000 994 2 1000 1000 0 3
0.166667 0.178463 0.016444 200 217 1000 1003 2 1000 1000 0 3
0.166667 0.181051 0.016577 200 201 1000 1020 2 1000 1000 0 3
0.166667 0.173043 0.016176 200 195 1000 1032 2 1000 1000 0 3
0.166667 0.224867 0.017822 200 219 1000 972 2 1000 1000 0 3
0.166667 0.200897 0.016414 200 190 1000 1005 2 1000 1000 0 3
0.166667 0.182534 0.016167 200 212 1000 971 2 1000 1000 0 3
0.166667 0.191757 0.016899 200 190 1000 1003 2 1000 1000 0 3
0.166667 0.208270 0.016975 200 193 1000 972 2 1000 1000 0 3
0.166667 0.221311 0.017046 200 205 1000 989 2 1000 1000 0 3
0.166667 0.159953 0.016392 200 190 1000 996 2 1000 1000 0 3
0.166667 0.199871 0.016012 200 202 1000 1042 2 1000 1000 0 3
0.166667 0.179819 0.016027 200 203 1000 1010 2 1000 1000 0 3
0.166667 0.177492 0.017095 200 183 1000 997 2 1000 1000 0 3
0.166667 0.190359 0.016528 200 192 1000 979 2 1000 1000 0 3
0.166667 0.215826 0.016707 200 223 1000 1007 2 1000 1000 0 3
0.166667 0.194940 0.016912 200 220 1000 1000 2 1000 1000 0 3
0.166667 0.212394 0.016468 200 194 1000 1070 2 1000 1000 0 3
0.166667 0.161433 0.015818 200 181 1000 1040 2 1000 1000 0 3
0.166667 0.160411 0.016035 200 185 1000 994 2 1000 1000 0 3
0.166667 0.182607 0.016395 200 174 1000 1055 2 1000 1000 0 3
0.166667 0.188522 0.016400 200 203 1000 975 2 1000 1000 0 3
0.166667 0.201201 0.017315 200 210 1000 927 2 1000 1000 0 3
0.166667 0.190385 0.016455 200 218 1000 1016 2 1000 1000 0 3
0.166667 0.192752 0.017047 200 204 1000 956 2 1000 1000 0 3
0.166667 0.196330 0.016485 200 214 1000 980 2 1000 1000 0 3
0.166667 0.192807 0.017083 200 203 1000 941 2 1000 1000 0 3
0.166667 0.195074 0.016935 200 211 1000 984 2 1000 1000 0 3
0.166667 0.168638 0.016175 200 194 1000 998 2 1000 1000 0 3
0.166667 0.186859 0.016311 200 202 1000 1078 2 1000 1000 0 3
0.166667 0.164771 0.016430 200 180 1000 995 2 1000 1000 0 3
0.166667 0.159580 0.015827 200 171 1000 1044 2 1000 1000 0 3
0.166667 0.208204 0.016788 200 216 1000 994 2 1000 1000 0 3
0.166667 0.158629 0.016337 200 172 1000 959 2 1000 1000 0 3
0.166667 0.163385 0.016323 200 209 1000 1009 2 1000 1000 0 3
0.166667 0.218676 0.017575 200 222 1000 947 2 1000 1000 0 3
0.166667 0.184079 0.016704 200 197 1000 1031 2 1000 1000 0 3
0.166667 0.179882 0.016261 200 181 1000 1028 2 1000 1000 0 3
0.166667 0.193467 0.016495 200 202 1000 1018 2 1000 1000 0 3
0.166667 0.176011 0.016456 200 189 1000 1026 2 1000 1000 0 3
0.166667 0.175887 0.016937 200 176 1000 988 2 1000 1000 0 3
0.166667 0.173950 0.016467 200 205 1000 1028 2 1000 1000 0 3
0.166667 0.181614 0.016260 200 198 1000 1000 2 1000 1000 0 3
0.166667 0.173097 0.016112 200 205 1000 999 2 1000 1000 0 3
0.166667 0.168118 0.016170 200 179 1000 1005 2 1000 1000 0 3
0.166667 0.177145 0.017238 200 183 1000 968 2 1000 1000 0 3
0.166667 0.163259 0.016362 200 209 1000 1010 2 1000 1000 0 3
0.166667 0.172090 0.016732 200 183 1000 1002 2 1000 1000 0 3
0.166667 0.181626 0.016023 200 218 1000 1104 2 1000 1000 0 3
0.166667 0.192028 0.016516 200 191 1000 976 2 1000 1000 0 3
0.166667 0.208905 0.016462 200 215 1000 1018 2 1000 1000 0 3
0.166667 0.205025 0.017000 200 222 1000 980 2 1000 1000 0 3
0.166667 0.174131 0.016689 200 215 1000 1003 2 1000 1000 0 3
0.166667 0.171720 0.017177 200 182 1000 1013 2 1000 1000 0 3
0.166667 0.202839 0.017545 200 203 1000 973 2 1000 1000 0 3
0.166667 0.196293 0.017069 200 222 1000 1034 2 1000 1000 0 3
0.166667 0.179192 0.016899 200 202 1000 1001 2 1000 1000 0 3
0.166667 0.200417 0.016789 200 190 1000 997 2 1000 1000 0 3
0.166667 0.197629 0.017053 200 192 1000 1009 2 1000 1000 0 3
0.166667 0.178102 0.016126 200 212 1000 1054 2 1000 1000 0 3
0.166667 0.222518 0.017572 200 210 1000 975 2 1000 1000 0 3
0.166667 0.181543 0.016550 200 216 1000 1024 2 1000 1000 0 3
0.166667 0.155500 0.016630 200 176 1000 1033 2 1000 1000 0 3
0.166667 0.195878 0.017082 200 201 1000 967 2 1000 1000 0 3
0.166667 0.219393 0.017354 200 220 1000 1012 2 1000 1000 0 3
0.166667 0.203211 0.017898 200 202 1000 907 2 1000 1000 0 3
0.166667 0.167716 0.016033 200 187 1000 1014 2 1000 1000 0 3
0.166667 0.203690 0.016053 200 211 1000 1073 2 1000 1000 0 3
0.166667 0.207747 0.017027 200 191 1000 1001 2 1000 1000 0 3
0.166667 0.175636 0.015645 200 201 1000 1015 2 1000 1000 0 3
0.166667 0.204910 0.016644 200 214 1000 1041 2 1000 1000 0 3
0.166667 0.203611 0.017679 200 191 1000 970 2 1000 1000 0 3
0.166667 0.171724 0.016532 200 208 1000 997 2 1000 1000 0 3
0.166667 0.188837 0.016962 200 209 1000 1011 2 1000 1000 0 3
0.166667 0.199743 0.016686 200 211 1000 1012 2 1000 1000 0 3
0.166667 0.198466 0.017664 200 197 1000 943 2 1000 1000 0 3
0.166667 0.185011 0.016971 200 195 1000 1041 2 1000 1000 0 3
0.166667 0.220831 0.016926 200 217 1000 991 2 1000 1000 0 3
0.166667 0.216188 0.016777 200 197 1000 1023 2 1000 1000 0 3
0.166667 0.186780 0.016485 200 183 1000 989 2 1000 1000 0 3
0.166667 0.160580 0.016501 200 189 1000 1003 2 1000 1000 0 3
0.166667 0.174002 0.017070 200 202 1000 971 2 1000 1000 0 3
0.166667 0.164253 0.016371 200 172 1000 1020 2 1000 1000 0 3
0.166667 0.201404 0.017542 200 217 1000 949 2 1000 1000 0 3
0.166667 0.159003 0.015812 200 192 1000 1010 2 1000 1000 0 3
0.166667 0.206820 0.016759 200 206 1000 998 2 1000 1000 0 3
0.166667 0.213113 0.016603 200 224 1000 1054 2 1000 1000 0 3
0.166667 0.178566 0.016618 200 209 1000 983 2 1000 1000 0 3
0.166667 0.184905 0.016844 200 185 1000 1004 2 1000 1000 0 3
0.166667 0.167251 0.015819 200 190 1000 1022 2 1000 1000 0 3
0.166667 0.172891 0.016085 200 175 1000 1011 2 1000 1000 0 3
0.166667 0.160634 0.016882 200 181 1000 981 2 1000 1000 0 3
0.166667 0.182698 0.016662 200 201 1000 1023 2 1000 1000 0 3
0.166667 0.191728 0.016348 200 195 1000 1032 2 1000 1000 0 3
0.166667 0.197220 0.016971 200 193 1000 961 2 1000 1000 0 3
0.166667 0.185544 0.016878 200 191 1000 998 2 1000 1000 0 3
0.166667 0.176282 0.016134 200 205 1000 1010 2 1000 1000 0 3
0.166667 0.179968 0.016994 200 199 1000 997 2 1000 1000 0 3
0.166667 0.213660 0.017238 200 227 1000 988 2 1000 1000 0 3
0.166667 0.204455 0.016536 200 208 1000 1058 2 1000 1000 0 3
0.166667 0.174966 0.016487 200 175 1000 1013 2 1000 1000 0 3
0.166667 0.170672 0.016687 200 201 1000 981 2 1000 1000 0 3
0.166667 0.208825 0.017077 200 221 1000 943 2 1000 1000 0 3
0.166667 0.199949 0.016901 200 188 1000 993 2 1000 1000 0 3
0.166667 0.183197 0.016687 200 192 1000 1018 2 1000 1000 0 3
0.166667 0.178414 0.016352 200 198 1000 1002 2 1000 1000 0 3
0.166667 0.210109 0.017432 200 217 1000 933 2 1000 1000 0 3
0.166667 0.171285 0.016807 200 208 1000 1017 2 1000 1000 0 3
0.166667 0.179318 0.016972 200 196 1000 977 2 1000 1000 0 3
0.166667 0.166784 0.016872 200 203 1000 994 2 1000 1000 0 3
0.166667 0.177026 0.016794 200 214 1000 1029 2 1000 1000 0 3
0.166667 0.194086 0.016777 200 196 1000 1034 2 1000 1000 0 3
0.166667 0.178918 0.015273 200 189 1000 1067 2 1000 1000 0 3
0.166667 0.161787 0.017532 200 185 1000 978 2 1000 1000 0 3
0.166667 0.200506 0.017027 200 206 1000 980 2 1000 1000 0 3
0.166667 0.217920 0.017490 200 197 1000 998 2 1000 1000 0 3
0.166667 0.213694 0.016962 200 208 1000 977 2 1000 1000 0 3
0.166667 0.191116 0.016772 200 190 1000 980 2 1000 1000 0 3
0.166667 0.170040 0.016562 200 192 1000 1015 2 1000 1000 0 3
0.166667 0.216251 0.016443 200 207 1000 963 2 1000 1000 0 3
0.166667 0.213984 0.017157 200 218 1000 988 2 1000 1000 0 3
0.166667 0.222687 0.017533 200 204 1000 989 2 1000 1000 0 3
0.166667 0.171148 0.016171 200 193 1000 1007 2 1000 1000 0 3
0.166667 0.208954 0.016342 200 198 1000 990 2 1000 1000 0 3
0.166667 0.211641 0.017134 200 210 1000 998 2 1000 1000 0 3
0.166667 0.199501 0.017223 200 208 1000 992 2 1000 1000 0 3
0.166667 0.207135 0.017151 200 210 1000 946 2 1000 1000 0 3
0.166667 0.182463 0.016615 200 201 1000 985 2 1000 1000 0 3
0.166667 0.155779 0.016421 200 219 1000 987 2 1000 1000 0 3
0.166667 0.166339 0.016474 200 190 1000 996 2 1000 1000 0 3
0.166667 0.215907 0.017042 200 192 1000 969 2 1000 1000 0 3
0.166667 0.203462 0.017226 200 211 1000 986 2 1000 1000 0 3
0.166667 0.213420 0.016989 200 222 1000 1051 2 1000 1000 0 3
0.166667 0.192687 0.016288 200 204 1000 1020 2 1000 1000 0 3
0.166667 0.180797 0.016792 200 200 1000 1017 2 1000 1000 0 3
0.166667 0.213933 0.017308 200 224 1000 949 2 1000 1000 0 3
0.166667 0.185451 0.017510 200 181 1000 997 2 1000 1000 0 3
0.166667 0.193860 0.017425 200 198 1000 952 2 1000 1000 0 3
0.166667 0.179647 0.016038 200 190 1000 975 2 1000 1000 0 3
0.166667 0.170130 0.016803 200 210 1000 1002 2 1000 1000 0 3
0.166667 0.169481 0.015722 200 189 1000 1084 2 1000 1000 0 3
0.166667 0.195498 0.016625 200 212 1000 992 2 1000 1000 0 3
0.166667 0.192120 0.016613 200 226 1000 1023 2 1000 1000 0 3
0.166667 0.181501 0.016755 200 205 1000 1016 2 1000 1000 0 3
0.166667 0.194896 0.016644 200 199 1000 1000 2 1000 1000 0 3
0.166667 0.212932 0.016787 200 205 1000 1048 2 1000 1000 0 3
0.166667 0.180767 0.017448 200 206 1000 951 2 1000 1000 0 3
0.166667 0.182888 0.016067 200 190 1000 1029 2 1000 1000 0 3
0.166667 0.202490 0.016401 200 207 1000 1045 2 1000 1000 0 3
0.166667 0.217243 0.016957 200 199 1000 977 2 1000 1000 0 3
0.166667 0.200345 0.016380 200 218 1000 1058 2 1000 1000 0 3
0.166667 0.187505 0.017345 200 194 1000 991 2 1000 1000 0 3
0.166667 0.177428 0.016274 200 200 1000 1010 2 1000 1000 0 3
0.166667 0.186936 0.016876 200 174 1000 981 2 1000 1000 0 3
0.166667 0.212611 0.017289 200 210 1000 1002 2 1000 1000 0 3
0.166667 0.180388 0.016427 200 191 1000 1018 2 1000 1000 0 3
0.166667 0.179647 0.016301 200 216 1000 1016 2 1000 1000 0 3
0.166667 0.173360 0.015959 200 209 1000 1027 2 1000 1000 0 3
0.166667 0.174202 0.016147 200 201 1000 1010 2 1000 1000 0 3
0.166667 0.156619 0.015868 200 208 1000 1052 2 1000 1000 0 3
0.166667 0.204350 0.017602 200 210 1000 994 2 1000 1000 0 3
0.166667 0.169298 0.015745 200 206 1000 1084 2 1000 1000 0 3
0.166667 0.178836 0.016456 200 179 1000 991 2 1000 1000 0 3
0.166667 0.211751 0.017701 200 207 1000 1007 2 1000 1000 0 3
0.166667 0.226791 0.017160 200 213 1000 968 2 1000 1000 0 3
0.166667 0.202727 0.016731 200 222 1000 1007 2 1000 1000 0 3
0.166667 0.203057 0.017197 200 228 1000 932 2 1000 1000 0 3
0.166667 0.145919 0.015442 200 199 1000 1027 2 1000 1000 0 3
0.166667 0.202210 0.017158 200 219 1000 988 2 1000 1000 0 3
0.166667 0.189287 0.016816 200 203 1000 957 2 1000 1000 0 3
0.166667 0.171018 0.016767 200 201 1000 1000 2 1000 1000 0 3
0.166667 0.205739 0.017683 200 233 1000 962 2 1000 1000 0 3
0.166667 0.182923 0.016587 200 192 1000 979 2 1000 1000 0 3
0.166667 0.208062 0.017029 200 201 1000 1000 2 1000 1000 0 3
0.166667 0.215394 0.017445 200 201 1000 983 2 1000 1000 0 3
0.166667 0.182629 0.016810 200 209 1000 958 2 1000 1000 0 3
0.166667 0.219616 0.017212 200 213 1000 991 2 1000 1000 0 3
0.166667 0.190035 0.017024 200 189 1000 965 2 1000 1000 0 3
0.166667 0.211140 0.017014 200 215 1000 958 2 1000 1000 0 3
0.166667 0.203579 0.017372 200 199 1000 948 2 1000 1000 0 3
0.166667 0.177190 0.016724 200 200 1000 1009 2 1000 1000 0 3
0.166667 0.207998 0.016971 200 203 1000 981 2 1000 1000 0 3
0.166667 0.160880 0.016685 200 192 1000 971 2 1000 1000 0 3
0.166667 0.170991 0.016816 200 192 1000 1036 2 1000 1000 0 3
0.166667 0.179524 0.017256 200 213 1000 996 2 1000 1000 0 3
0.166667 0.198249 0.016310 200 205 1000 1049 2 1000 1000 0 3
0.166667 0.177919 0.016842 200 190 1000 963 2 1000 1000 0 3
0.166667 0.185867 0.016907 200 195 1000 984 2 1000 1000 0 3
0.166667 0.194239 0.015833 200 225 1000 1032 2 1000 1000 0 3
0.166667 0.221883 0.016956 200 209 1000 985 2 1000 1000 0 3
0.166667 0.203440 0.017192 200 214 1000 959 2 1000 1000 0 3
0.166667 0.187798 0.017299 200 201 1000 966 2 1000 1000 0 3
0.166667 0.197428 0.017022 200 215 1000 998 2 1000 1000 0 3
0.166667 0.202567 0.017304 200 210 1000 982 2 1000 1000 0 3
0.166667 0.149145 0.015344 200 173 1000 1030 2 1000 1000 0 3
0.166667 0.174202 0.016770 200 190 1000 1008 2 1000 1000 0 3
0.166667 0.185090 0.016886 200 186 1000 993 2 1000 1000 0 3
0.166667 0.151089 0.015480 200 196 1000 1071 2 1000 1000 0 3
0.166667 0.163585 0.016508 200 181 1000 1012 2 1000 1000 0 3
0.166667 0.174277 0.016338 200 206 1000 1033 2 1000 1000 0 3
0.166667 0.197339 0.017145 200 192 1000 967 2 1000 1000 0 3
0.166667 0.183185 0.016461 200 202 1000 995 2 1000 1000 0 3
0.166667 0.169239 0.016289 200 216 1000 1002 2 1000 1000 0 3
0.166667 0.185529 0.016718 200 200 1000 1033 2 1000 1000 0 3
0.166667 0.201235 0.016736 200 187 1000 1034 2 1000 1000 0 3
0.166667 0.170803 0.016780 200 183 1000 1039 2 1000 1000 0 3
0.166667 0.193031 0.017262 200 191 1000 933 2 1000 1000 0 3
0.166667 0.179810 0.016359 200 205 1000 1036 2 1000 1000 0 3
0.166667 0.182888 0.016756 200 218 1000 978 2 1000 1000 0 3
0.166667 0.169344 0.015978 200 223 1000 1032 2 1000 1000 0 3
0.166667 0.180970 0.017001 200 190 1000 975 2 1000 1000 0 3
0.166667 0.170661 0.016557 200 178 1000 959 2 1000 1000 0 3
0.166667 0.207106 0.016717 200 217 1000 1001 2 1000 1000 0 3
0.166667 0.188499 0.016834 200 200 1000 953 2 1000 1000 0 3
0.166667 0.159248 0.016602 200 178 1000 1007 2 1000 1000 0 3
0.166667 0.196703 0.017378 200 190 1000 970 2 1000 1000 0 3
0.166667 0.227145 0.016887 200 215 1000 1004 2 1000 1000 0 3
0.166667 0.206710 0.015887 200 220 1000 1048 2 1000 1000 0 3
0.166667 0.174991 0.016339 200 197 1000 993 2 1000 1000 0 3
0.166667 0.198238 0.017009 200 210 1000 1010 2 1000 1000 0 3
0.166667 0.218053 0.016423 200 187 1000 1017 2 1000 1000 0 3
0.166667 0.207415 0.017152 200 195 1000 1005 2 1000 1000 0 3
0.166667 0.166751 0.016147 200 196 1000 988 2 1000 1000 0 3
0.166667 0.176363 0.016924 200 198 1000 982 2 1000 1000 0 3
0.166667 0.213638 0.016967 200 210 1000 976 2 1000 1000 0 3
0.166667 0.205779 0.017216 200 224 1000 993 2 1000 1000 0 3
0.166667 0.173370 0.016829 200 181 1000 960 2 1000 1000 0 3
0.166667 0.160179 0.015980 200 171 1000 1026 2 1000 1000 0 3
0.166667 0.161600 0.016379 200 185 1000 978 2 1000 1000 0 3
0.166667 0.163952 0.016834 200 174 1000 991 2 1000 1000 0 3
0.166667 0.161557 0.015938 200 179 1000 972 2 1000 1000 0 3
0.166667 0.136858 0.016321 200 186 1000 940 2 1000 1000 0 3
0.166667 0.208166 0.017319 200 213 1000 995 2 1000 1000 0 3
0.166667 0.179329 0.016712 200 225 1000 985 2 1000 1000 0 3
0.166667 0.202344 0.017487 200 221 1000 943 2 1000 1000 0 3
0.166667 0.181843 0.015672 200 198 1000 1054 2 1000 1000 0 3
0.166667 0.197813 0.017036 200 227 1000 967 2 1000 1000 0 3
0.166667 0.174758 0.016427 200 196 1000 1033 2 1000 1000 0 3
0.166667 0.227792 0.016772 200 199 1000 1008 2 1000 1000 0 3
0.166667 0.190148 0.017159 200 229 1000 967 2 1000 1000 0 3
0.166667 0.173719 0.017037 200 221 1000 957 2 1000 1000 0 3
0.166667 0.167701 0.016986 200 181 1000 995 2 1000 1000 0 3
0.166667 0.183273 0.016806 200 177 1000 952 2 1000 1000 0 3
0.166667 0.193884 0.016223 200 221 1000 1037 2 1000 1000 0 3
0.166667 0.192173 0.016830 200 204 1000 996 2 1000 1000 0 3
0.166667 0.152902 0.016621 200 172 1000 1011 2 1000 1000 0 3
0.166667 0.179287 0.017138 200 188 1000 986 2 1000 1000 0 3
0.166667 0.156635 0.015801 200 191 1000 1029 2 1000 1000 0 3
0.166667 0.184459 0.016386 200 199 1000 994 2 1000 1000 0 3
0.166667 0.180178 0.016733 200 188 1000 959 2 1000 1000 0 3
0.166667 0.219082 0.017062 200 210 1000 1017 2 1000 1000 0 3
0.166667 0.191630 0.016400 200 229 1000 992 2 1000 1000 0 3
0.166667 0.236933 0.017405 200 190 1000 985 2 1000 1000 0 3
0.166667 0.215841 0.017112 200 196 1000 1007 2 1000 1000 0 3
0.166667 0.208733 0.017551 200 222 1000 974 2 1000 1000 0 3
0.166667 0.186099 0.016490 200 190 1000 985 2 1000 1000 0 3
0.166667 0.176730 0.017104 200 187 1000 973 2 1000 1000 0 3
0.166667 0.212651 0.016600 200 220 1000 1029 2 1000 1000 0 3
0.166667 0.193669 0.017209 200 180 1000 970 2 1000 1000 0 3
0.166667 0.179690 0.016503 200 195 1000 1026 2 1000 1000 0 3
0.166667 0.195153 0.016657 200 205 1000 998 2 1000 1000 0 3
0.166667 0.180388 0.016563 200 197 1000 1001 2 1000 1000 0 3
0.166667 0.208364 0.017633 200 231 1000 955 2 1000 1000 0 3
0.166667 0.165750 0.016391 200 202 1000 992 2 1000 1000 0 3
0.166667 0.199325 0.016559 200 189 1000 998 2 1000 1000 0 3
0.166667 0.210475 0.015838 200 215 1000 1071 2 1000 1000 0 3
0.166667 0.165224 0.017416 200 188 1000 965 2 1000 1000 0 3
0.166667 0.181842 0.016350 200 209 1000 1022 2 1000 1000 0 3
0.166667 0.180545 0.016630 200 197 1000 1017 2 1000 1000 0 3
0.166667 0.179285 0.016252 200 187 1000 1040 2 1000 1000 0 3
0.166667 0.193514 0.016506 200 216 1000 1025 2 1000 1000 0 3
0.166667 0.166590 0.016218 200 183 1000 1026 2 1000 1000 0 3
0.166667 0.221661 0.017150 200 211 1000 1005 2 1000 1000 0 3
0.166667 0.188967 0.016618 200 203 1000 991 2 1000 1000 0 3
0.166667 0.193199 0.016859 200 206 1000 1013 2 1000 1000 0 3
0.166667 0.204475 0.016881 200 189 1000 999 2 1000 1000 0 3
0.166667 0.181787 0.017178 200 207 1000 967 2 1000 1000 0 3
0.166667 0.148865 0.016084 200 181 1000 1024 2 1000 1000 0 3
0.166667 0.172350 0.016513 200 174 1000 963 2 1000 1000 0 3
0.166667 0.216967 0.017685 200 191 1000 969 2 1000 1000 0 3
0.166667 0.162084 0.016757 200 210 1000 947 2 1000 1000 0 3
0.166667 0.225045 0.017124 200 224 1000 1006 2 1000 1000 0 3
0.166667 0.202477 0.015698 200 190 1000 1062 2 1000 1000 0 3
0.166667 0.213490 0.016687 200 206 1000 1032 2 1000 1000 0 3
0.166667 0.203985 0.016953 200 202 1000 1021 2 1000 1000 0 3
0.166667 0.156970 0.016853 200 193 1000 991 2 1000 1000 0 3
0.166667 0.170898 0.016830 200 190 1000 1005 2 1000 1000 0 3
0.166667 0.187661 0.016423 200 207 1000 991 2 1000 1000 0 3
0.166667 0.163546 0.016018 200 193 1000 1055 2 1000 1000 0 3
0.166667 0.204825 0.016821 200 209 1000 971 2 1000 1000 0 3
0.166667 0.210260 0.016629 200 185 1000 1034 2 1000 1000 0 3
0.166667 0.166986 0.016222 200 185 1000 1061 2 1000 1000 0 3
0.166667 0.158712 0.015804 200 193 1000 1025 2 1000 1000 0 3
0.166667 0.175343 0.016752 200 212 1000 1016 2 1000 1000 0 3
0.166667 0.185666 0.016822 200 196 1000 962 2 1000 1000 0 3
0.166667 0.192081 0.016821 200 193 1000 1033 2 1000 1000 0 3
0.166667 0.174439 0.016384 200 191 1000 1018 2 1000 1000 0 3
0.166667 0.188032 0.017338 200 208 1000 962 2 1000 1000 0 3
0.166667 0.201879 0.017279 200 199 1000 990 2 1000 1000 0 3
0.166667 0.186269 0.016153 200 187 1000 1047 2 1000 1000 0 3
0.166667 0.203846 0.017100 200 216 1000 1000 2 1000 1000 0 3
0.166667 0.190081 0.016222 200 216 1000 1022 2 1000 1000 0 3
0.166667 0.181455 0.017155 200 201 1000 1012 2 1000 1000 0 3
0.166667 0.182743 0.015977 200 199 1000 1034 2 1000 1000 0 3
0.166667 0.179856 0.016777 200 195 1000 1022 2 1000 1000 0 3
0.166667 0.186962 0.016863 200 196 1000 1018 2 1000 1000 0 3
0.166667 0.199234 0.016229 200 210 1000 1004 2 1000 1000 0 3
0.166667 0.186586 0.016485 200 206 1000 1014 2 1000 1000 0 3
0.166667 0.216443 0.016580 200 207 1000 1027 2 1000 1000 0 3
0.166667 0.205181 0.017132 200 222 1000 988 2 1000 1000 0 3
0.166667 0.179897 0.016416 200 192 1000 961 2 1000 1000 0 3
0.166667 0.179059 0.015890 200 184 1000 1050 2 1000 1000 0 3
0.166667 0.209462 0.017781 200 187 1000 985 2 1000 1000 0 3
0.166667 0.192517 0.016284 200 212 1000 1030 2 1000 1000 0 3
0.166667 0.147557 0.016049 200 194 1000 987 2 1000 1000 0 3
0.166667 0.192477 0.016963 200 203 1000 1006 2 1000 1000 0 3
0.166667 0.199179 0.016429 200 190 1000 1006 2 1000 1000 0 3
0.166667 0.189501 0.017049 200 195 1000 981 2 1000 1000 0 3
0.166667 0.174200 0.016959 200 217 1000 950 2 1000 1000 0 3
0.166667 0.206939 0.016778 200 197 1000 983 2 1000 1000 0 3
0.166667 0.188115 0.016303 200 205 1000 1005 2 1000 1000 0 3
0.166667 0.186734 0.016891 200 214 1000 977 2 1000 1000 0 3
0.166667 0.182238 0.017175 200 193 1000 983 2 1000 1000 0 3
0.166667 0.184278 0.016698 200 203 1000 963 2 1000 1000 0 3
0.166667 0.191249 0.016390 200 202 1000 1076 2 1000 1000 0 3
0.166667 0.190111 0.016761 200 207 1000 978 2 1000 1000 0 3
0.166667 0.186414 0.016727 200 203 1000 982 2 1000 1000 0 3
0.166667 0.189148 0.017307 200 217 1000 986 2 1000 1000 0 3
0.166667 0.162108 0.016606 200 182 1000 970 2 1000 1000 0 3
0.166667 0.178064 0.016215 200 214 1000 1031 2 1000 1000 0 3
0.166667 0.176530 0.017323 200 211 1000 979 2 1000 1000 0 3
0.166667 0.212386 0.016437 200 212 1000 1020 2 1000 1000 0 3
0.166667 0.185548 0.016957 200 210 1000 975 2 1000 1000 0 3
0.166667 0.216405 0.016904 200 234 1000 995 2 1000 1000 0 3
0.166667 0.178306 0.016392 200 200 1000 1026 2 1000 1000 0 3
0.166667 0.215027 0.017336 200 220 1000 982 2 1000 1000 0 3
0.166667 0.214150 0.017408 200 183 1000 994 2 1000 1000 0 3
0.166667 0.216644 0.016438 200 203 1000 1025 2 1000 1000 0 3
0.166667 0.195008 0.016438 200 203 1000 1031 2 1000 1000 0 3
0.166667 0.143592 0.016058 200 202 1000 1022 2 1000 1000 0 3
0.166667 0.191342 0.016996 200 211 1000 946 2 1000 1000 0 3
0.166667 0.165526 0.016028 200 197 1000 996 2 1000 1000 0 3
0.166667 0.166398 0.016599 200 208 1000 1027 2 1000 1000 0 3
0.166667 0.189052 0.016465 200 204 1000 978 2 1000 1000 0 3
0.166667 0.176529 0.016780 200 206 1000 1046 2 1000 1000 0 3
0.166667 0.151997 0.016259 200 187 1000 1028 2 1000 1000 0 3
0.166667 0.187368 0.015444 200 186 1000 1061 2 1000 1000 0 3
0.166667 0.138557 0.015520 200 186 1000 1048 2 1000 1000 0 3
0.166667 0.161203 0.016179 200 191 1000 999 2 1000 1000 0 3
0.166667 0.167414 0.016471 200 194 1000 962 2 1000 1000 0 3
0.166667 0.213282 0.016639 200 226 1000 1019 2 1000 1000 0 3
0.166667 0.176873 0.016840 200 189 1000 968 2 1000 1000 0 3
0.166667 0.199749 0.016537 200 219 1000 1040 2 1000 1000 0 3
0.166667 0.195310 0.017293 200 210 1000 949 2 1000 1000 0 3
0.166667 0.234805 0.017095 200 192 1000 1011 2 1000 1000 0 3
0.166667 0.179698 0.016898 200 187 1000 995 2 1000 1000 0 3
0.166667 0.210626 0.017887 200 231 1000 943 2 1000 1000 0 3
0.166667 0.192015 0.017248 200 199 1000 955 2 1000 1000 0 3
0.166667 0.232205 0.017732 200 217 1000 975 2 1000 1000 0 3
0.166667 0.189706 0.017049 200 217 1000 1015 2 1000 1000 0 3
0.166667 0.187162 0.016539 200 196 1000 1021 2 1000 1000 0 3
0.166667 0.177115 0.016202 200 208 1000 1066 2 1000 1000 0 3
0.166667 0.184009 0.017016 200 213 1000 1008 2 1000 1000 0 3
0.166667 0.178965 0.016854 200 191 1000 982 2 1000 1000 0 3
0.166667 0.183838 0.016922 200 205 1000 990 2 1000 1000 0 3
0.166667 0.172660 0.016402 200 211 1000 1016 2 1000 1000 0 3
0.166667 0.197048 0.017135 200 223 1000 984 2 1000 1000 0 3
0.166667 0.194813 0.016886 200 193 1000 1002 2 1000 1000 0 3
0.166667 0.157684 0.016152 200 174 1000 999 2 1000 1000 0 3
0.166667 0.168626 0.016473 200 191 1000 1035 2 1000 1000 0 3
0.166667 0.181813 0.016444 200 180 1000 1019 2 1000 1000 0 3
0.166667 0.207782 0.017046 200 208 1000 1011 2 1000 1000 0 3
0.166667 0.170943 0.015640 200 185 1000 1027 2 1000 1000 0 3
0.166667 0.180005 0.016799 200 195 1000 968 2 1000 1000 0 3
0.166667 0.167151 0.016844 200 177 1000 1011 2 1000 1000 0 3
0.166667 0.167448 0.016601 200 209 1000 1034 2 1000 1000 0 3
0.166667 0.152057 0.016450 200 198 1000 997 2 1000 1000 0 3
0.166667 0.232699 0.017969 200 173 1000 926 2 1000 1000 0 3
0.166667 0.168925 0.017033 200 195 1000 947 2 1000 1000 0 3
0.166667 0.196526 0.017019 200 212 1000 976 2 1000 1000 0 3
0.166667 0.183876 0.016319 200 190 1000 1058 2 1000 1000 0 3
0.166667 0.178128 0.016436 200 173 1000 1042 2 1000 1000 0 3
0.166667 0.194474 0.016604 200 206 1000 986 2 1000 1000 0 3
0.166667 0.182926 0.016498 200 191 1000 1044 2 1000 1000 0 3
0.166667 0.171870 0.016667 200 190 1000 968 2 1000 1000 0 3
0.166667 0.213677 0.017216 200 215 1000 1007 2 1000 1000 0 3
0.166667 0.182604 0.017164 200 208 1000 920 2 1000 1000 0 3
0.166667 0.150994 0.016361 200 172 1000 990 2 1000 1000 0 3
0.166667 0.197129 0.016718 200 222 1000 1037 2 1000 1000 0 3
0.166667 0.197971 0.017003 200 192 1000 1047 2 1000 1000 0 3
0.166667 0.194240 0.016736 200 205 1000 960 2 1000 1000 0 3
0.166667 0.161677 0.016788 200 210 1000 968 2 1000 1000 0 3
0.166667 0.187076 0.016692 200 232 1000 963 2 1000 1000 0 3
0.166667 0.175669 0.016349 200 208 1000 1004 2 1000 1000 0 3
0.166667 0.206632 0.016864 200 212 1000 1006 2 1000 1000 0 3
0.166667 0.213276 0.016532 200 196 1000 991 2 1000 1000 0 3
0.166667 0.220033 0.017495 200 206 1000 922 2 1000 1000 0 3
0.166667 0.173951 0.017227 200 185 1000 952 2 1000 1000 0 3
0.166667 0.189220 0.016743 200 221 1000 1003 2 1000 1000 0 3
0.166667 0.202486 0.017079 200 208 1000 1007 2 1000 1000 0 3
0.166667 0.188348 0.016638 200 199 1000 1023 2 1000 1000 0 3
0.166667 0.188027 0.016617 200 195 1000 998 2 1000 1000 0 3
0.166667 0.190382 0.017071 200 203 1000 998 2 1000 1000 0 3
0.166667 0.172934 0.016429 200 206 1000 981 2 1000 1000 0 3
0.166667 0.189920 0.016974 200 179 1000 978 2 1000 1000 0 3
0.166667 0.225564 0.016934 200 240 1000 974 2 1000 1000 0 3
0.166667 0.169112 0.017142 200 186 1000 987 2 1000 1000 0 3
0.166667 0.177343 0.015816 200 200 1000 1062 2 1000 1000 0 3
0.166667 0.182268 0.017336 200 204 1000 931 2 1000 1000 0 3
0.166667 0.177020 0.017147 200 209 1000 975 2 1000 1000 0 3
0.166667 0.207571 0.017090 200 214 1000 979 2 1000 1000 0 3
0.166667 0.179295 0.016253 200 182 1000 1008 2 1000 1000 0 3
0.166667 0.227241 0.017035 200 184 1000 980 2 1000 1000 0 3
0.166667 0.160897 0.016436 200 198 1000 992 2 1000 1000 0 3
0.166667 0.187857 0.016732 200 213 1000 973 2 1000 1000 0 3
0.166667 0.192065 0.017076 200 198 1000 984 2 1000 1000 0 3
0.166667 0.173283 0.016474 200 196 1000 987 2 1000 1000 0 3
0.166667 0.188025 0.016230 200 207 1000 1011 2 1000 1000 0 3
0.166667 0.212766 0.017354 200 185 1000 986 2 1000 1000 0 3
0.166667 0.191406 0.017032 200 206 1000 991 2 1000 1000 0 3
0.166667 0.177226 0.016877 200 199 1000 1016 2 1000 1000 0 3
0.166667 0.207709 0.016638 200 218 1000 987 2 1000 1000 0 3
0.166667 0.172923 0.016530 200 191 1000 979 2 1000 1000 0 3
0.166667 0.176411 0.015800 200 212 1000 1078 2 1000 1000 0 3
0.166667 0.178566 0.017236 200 198 1000 962 2 1000 1000 0 3
0.166667 0.187433 0.017282 200 181 1000 932 2 1000 1000 0 3
0.166667 0.162976 0.016692 200 185 1000 1015 2 1000 1000 0 3
0.166667 0.205758 0.017591 200 196 1000 950 2 1000 1000 0 3
0.166667 0.200891 0.017449 200 199 1000 1012 2 1000 1000 0 3
0.166667 0.186627 0.016672 200 185 1000 1000 2 1000 1000 0 3
0.166667 0.236359 0.017447 200 213 1000 978 2 1000 1000 0 3
0.166667 0.184623 0.016721 200 200 1000 1027 2 1000 1000 0 3
0.166667 0.184573 0.016205 200 199 1000 1034 2 1000 1000 0 3
0.166667 0.188173 0.016498 200 182 1000 1002 2 1000 1000 0 3
0.166667 0.190440 0.016855 200 190 1000 1047 2 1000 1000 0 3
0.166667 0.206298 0.016981 200 201 1000 1035 2 1000 1000 0 3
0.166667 0.217221 0.017278 200 230 1000 977 2 1000 1000 0 3
0.166667 0.177856 0.017117 200 188 1000 970 2 1000 1000 0 3
0.166667 0.186567 0.016857 200 214 1000 1007 2 1000 1000 0 3
0.166667 0.164037 0.016515 200 180 1000 1008 2 1000 1000 0 3
0.166667 0.176479 0.016870 200 213 1000 970 2 1000 1000 0 3
0.166667 0.176391 0.016494 200 205 1000 967 2 1000 1000 0 3
0.166667 0.176614 0.016721 200 186 1000 1008 2 1000 1000 0 3
0.166667 0.206975 0.017277 200 228 1000 946 2 1000 1000 0 3
0.166667 0.180329 0.017402 200 184 1000 969 2 1000 1000 0 3
0.166667 0.194773 0.017151 200 192 1000 1005 2 1000 1000 0 3
0.166667 0.192911 0.016863 200 203 1000 981 2 1000 1000 0 3
0.166667 0.188337 0.016586 200 211 1000 1054 2 1000 1000 0 3
0.166667 0.190581 0.016473 200 233 1000 1020 2 1000 1000 0 3
0.166667 0.206976 0.017556 200 175 1000 987 2 1000 1000 0 3
0.166667 0.182344 0.017320 200 197 1000 991 2 1000 1000 0 3
0.166667 0.170044 0.016584 200 214 1000 1040 2 1000 1000 0 3
0.166667 0.175803 0.016537 200 197 1000 988 2 1000 1000 0 3
0.166667 0.152611 0.016890 200 186 1000 972 2 1000 1000 0 3
0.166667 0.192067 0.017128 200 181 1000 1014 2 1000 1000 0 3
0.166667 0.212875 0.016807 200 221 1000 1008 2 1000 1000 0 3
0.166667 0.221813 0.016651 200 247 1000 1009 2 1000 1000 0 3
0.166667 0.213715 0.016635 200 185 1000 1026 2 1000 1000 0 3
0.166667 0.185148 0.016591 200 213 1000 985 2 1000 1000 0 3
0.166667 0.176910 0.016549 200 202 1000 1004 2 1000 1000 0 3
0.166667 0.169691 0.015559 200 189 1000 1050 2 1000 1000 0 3
0.166667 0.162028 0.016362 200 188 1000 1031 2 1000 1000 0 3
0.166667 0.210865 0.017448 200 213 1000 982 2 1000 1000 0 3
0.166667 0.173904 0.016370 200 188 1000 1003 2 1000 1000 0 3
0.166667 0.217861 0.016559 200 198 1000 1018 2 1000 1000 0 3
0.166667 0.182570 0.017222 200 188 1000 962 2 1000 1000 0 3
0.166667 0.185915 0.016542 200 205 1000 981 2 1000 1000 0 3
0.166667 0.165031 0.015900 200 174 1000 1048 2 1000 1000 0 3
0.166667 0.186572 0.016942 200 224 1000 1003 2 1000 1000 0 3
0.166667 0.159467 0.016960 200 210 1000 988 2 1000 1000 0 3
0.166667 0.190825 0.017238 200 204 1000 979 2 1000 1000 0 3
0.166667 0.187600 0.016517 200 191 1000 985 2 1000 1000 0 3
0.166667 0.179363 0.016570 200 202 1000 1010 2 1000 1000 0 3
0.166667 0.159786 0.016130 200 196 1000 1034 2 1000 1000 0 3
0.166667 0.164580 0.016277 200 175 1000 1071 2 1000 1000 0 3
0.166667 0.178677 0.016006 200 188 1000 1017 2 1000 1000 0 3
0.166667 0.190734 0.017066 200 207 1000 933 2 1000 1000 0 3
0.166667 0.194519 0.016828 200 195 1000 1003 2 1000 1000 0 3
0.166667 0.199040 0.016701 200 205 1000 998 2 1000 1000 0 3
0.166667 0.145406 0.016561 200 189 1000 991 2 1000 1000 0 3
0.166667 0.157771 0.015413 200 184 1000 996 2 1000 1000 0 3
0.166667 0.190858 0.016752 200 209 1000 999 2 1000 1000 0 3
0.166667 0.196152 0.016364 200 204 1000 984 2 1000 1000 0 3
0.166667 0.176485 0.016730 200 183 1000 1014 2 1000 1000 0 3
0.166667 0.198700 0.016262 200 211 1000 1015 2 1000 1000 0 3
0.166667 0.158425 0.017041 200 188 1000 972 2 1000 1000 0 3
0.166667 0.199062 0.016351 200 213 1000 980 2 1000 1000 0 3
0.166667 0.187405 0.017249 200 200 1000 969 2 1000 1000 0 3
0.166667 0.189668 0.016785 200 207 1000 969 2 1000 1000 0 3
0.166667 0.210472 0.016308 200 218 1000 1004 2 1000 1000 0 3
0.166667 0.226101 0.017544 200 201 1000 951 2 1000 1000 0 3
0.166667 0.221581 0.016727 200 184 1000 988 2 1000 1000 0 3
