0.166667 0.157645 0.011562 200 182 1000 1027 1000 1000 100 3
0.166667 0.171119 0.012499 200 200 1000 936 1000 1000 100 3
0.166667 0.158405 0.011697 200 199 1000 1015 1000 1000 100 3
0.166667 0.169923 0.011810 200 213 1000 1020 1000 1000 100 3
0.166667 0.159980 0.011935 200 193 1000 968 1000 1000 100 3
0.166667 0.204520 0.012593 200 243 1000 980 1000 1000 100 3
0.166667 0.159753 0.011723 200 195 1000 994 1000 1000 100 3
0.166667 0.191717 0.012072 200 231 1000 1014 1000 1000 100 3
0.166667 0.166162 0.011618 200 193 1000 1044 1000 1000 100 3
0.166667 0.206937 0.012668 200 218 1000 960 1000 1000 100 3
0.166667 0.146178 0.011429 200 173 1000 1002 1000 1000 100 3
0.166667 0.150408 0.011952 200 165 1000 945 1000 1000 100 3
0.166667 0.148666 0.011268 200 194 1000 1062 1000 1000 100 3
0.166667 0.172309 0.011476 200 204 1000 1059 1000 1000 100 3
0.166667 0.159313 0.011706 200 195 1000 1015 1000 1000 100 3
0.166667 0.148020 0.011416 200 178 1000 1018 1000 1000 100 3
0.166667 0.176590 0.012004 200 212 1000 1012 1000 1000 100 3
0.166667 0.168423 0.012072 200 196 1000 980 1000 1000 100 3
0.166667 0.175255 0.012142 200 202 1000 970 1000 1000 100 3
0.166667 0.161526 0.011765 200 202 1000 1020 1000 1000 100 3
0.166667 0.178577 0.012121 200 218 1000 976 1000 1000 100 3
0.166667 0.181281 0.012018 200 206 1000 1007 1000 1000 100 3
0.166667 0.176505 0.012197 200 206 1000 995 1000 1000 100 3
0.166667 0.173262 0.012061 200 205 1000 995 1000 1000 100 3
0.166667 0.160485 0.011612 200 207 1000 1021 1000 1000 100 3
0.166667 0.173327 0.011940 200 211 1000 1012 1000 1000 100 3
0.166667 0.151685 0.011432 200 220 1000 1073 1000 1000 100 3
0.166667 0.170796 0.011985 200 207 1000 979 1000 1000 100 3
0.166667 0.148171 0.011503 200 182 1000 1025 1000 1000 100 3
0.166667 0.182905 0.012150 200 226 1000 1003 1000 1000 100 3
0.166667 0.171990 0.011873 200 210 1000 1000 1000 1000 100 3
0.166667 0.150497 0.011465 200 164 1000 1033 1000 1000 100 3
0.166667 0.161235 0.011939 200 201 1000 978 1000 1000 100 3
0.166667 0.162591 0.012049 200 203 1000 1000 1000 1000 100 3
0.166667 0.153793 0.011500 200 204 1000 1048 1000 1000 100 3
0.166667 0.158235 0.011609 200 183 1000 1036 1000 1000 100 3
0.166667 0.159349 0.011882 200 213 1000 1012 1000 1000 100 3
0.166667 0.159141 0.011591 200 181 1000 1018 1000 1000 100 3
0.166667 0.156946 0.011536 200 192 1000 1018 1000 1000 100 3
0.166667 0.163049 0.012291 200 193 1000 942 1000 1000 100 3
0.166667 0.151430 0.011426 200 202 1000 1044 1000 1000 100 3
0.166667 0.158376 0.011459 200 185 1000 1024 1000 1000 100 3
0.166667 0.158324 0.011548 200 201 1000 1038 1000 1000 100 3
0.166667 0.172871 0.011779 200 205 1000 1019 1000 1000 100 3
0.166667 0.172879 0.011943 200 210 1000 1009 1000 1000 100 3
0.166667 0.192304 0.012321 200 228 1000 992 1000 1000 100 3
0.166667 0.186370 0.012458 200 202 1000 963 1000 1000 100 3
0.166667 0.155276 0.012113 200 171 1000 966 1000 1000 100 3
0.166667 0.162530 0.011889 200 188 1000 974 1000 1000 100 3
0.166667 0.153053 0.011444 200 180 1000 1040 1000 1000 100 3
0.166667 0.161155 0.011853 200 190 1000 1001 1000 1000 100 3
0.166667 0.167159 0.011601 200 213 1000 1077 1000 1000 100 3
0.166667 0.178931 0.011657 200 245 1000 1085 1000 1000 100 3
0.166667 0.159745 0.011736 200 191 1000 1007 1000 1000 100 3
0.166667 0.159242 0.011727 200 188 1000 1010 1000 1000 100 3
0.166667 0.165256 0.011746 200 201 1000 1023 1000 1000 100 3
0.166667 0.162432 0.011877 200 183 1000 972 1000 1000 100 3
0.166667 0.170261 0.011928 200 198 1000 996 1000 1000 100 3
0.166667 0.169753 0.011939 200 196 1000 986 1000 1000 100 3
0.166667 0.186080 0.011992 200 208 1000 990 1000 1000 100 3
0.166667 0.163425 0.011472 200 186 1000 1009 1000 1000 100 3
0.166667 0.173221 0.011623 200 204 1000 1024 1000 1000 100 3
0.166667 0.172221 0.012241 200 199 1000 975 1000 1000 100 3
0.166667 0.151812 0.011459 200 189 1000 1028 1000 1000 100 3
0.166667 0.176840 0.012643 200 207 1000 949 1000 1000 100 3
0.166667 0.156938 0.011765 200 201 1000 1012 1000 1000 100 3
0.166667 0.166279 0.011880 200 200 1000 990 1000 1000 100 3
0.166667 0.175131 0.012146 200 191 1000 975 1000 1000 100 3
0.166667 0.175872 0.011941 200 212 1000 1002 1000 1000 100 3
0.166667 0.163798 0.011850 200 203 1000 1027 1000 1000 100 3
0.166667 0.170294 0.011850 200 200 1000 1010 1000 1000 100 3
0.166667 0.144725 0.011156 200 190 1000 1060 1000 1000 100 3
0.166667 0.166901 0.011930 200 199 1000 985 1000 1000 100 3
0.166667 0.167646 0.012024 200 201 1000 1006 1000 1000 100 3
0.166667 0.176926 0.012632 200 220 1000 955 1000 1000 100 3
0.166667 0.166519 0.011728 200 213 1000 1012 1000 1000 100 3
0.166667 0.173769 0.012368 200 208 1000 960 1000 1000 100 3
0.166667 0.167517 0.011776 200 196 1000 997 1000 1000 100 3
0.166667 0.175768 0.011724 200 216 1000 1039 1000 1000 100 3
0.166667 0.171128 0.012203 200 200 1000 960 1000 1000 100 3
0.166667 0.173092 0.011788 200 196 1000 1023 1000 1000 100 3
0.166667 0.160173 0.011438 200 204 1000 1056 1000 1000 100 3
0.166667 0.157293 0.011442 200 184 1000 1041 1000 1000 100 3
0.166667 0.149926 0.011325 200 189 1000 1049 1000 1000 100 3
0.166667 0.150028 0.011231 200 170 1000 1037 1000 1000 100 3
0.166667 0.164739 0.012020 200 191 1000 968 1000 1000 100 3
0.166667 0.161544 0.011362 200 191 1000 1049 1000 1000 100 3
0.166667 0.174221 0.011980 200 212 1000 1001 1000 1000 100 3
0.166667 0.171302 0.011796 200 211 1000 1044 1000 1000 100 3
0.166667 0.188732 0.012316 200 228 1000 1014 1000 1000 100 3
0.166667 0.168602 0.012307 200 193 1000 946 1000 1000 100 3
0.166667 0.158679 0.011929 200 195 1000 988 1000 1000 100 3
0.166667 0.169309 0.012053 200 212 1000 976 1000 1000 100 3
0.166667 0.160157 0.011675 200 203 1000 1040 1000 1000 100 3
0.166667 0.161872 0.011724 200 193 1000 1000 1000 1000 100 3
0.166667 0.170267 0.011788 200 193 1000 1023 1000 1000 100 3
0.166667 0.155782 0.011437 200 188 1000 1039 1000 1000 100 3
0.166667 0.176026 0.012441 200 211 1000 953 1000 1000 100 3
0.166667 0.171609 0.011908 200 206 1000 1022 1000 1000 100 3
0.166667 0.178778 0.012291 200 209 1000 972 1000 1000 100 3
0.166667 0.166065 0.012090 200 198 1000 974 1000 1000 100 3
0.166667 0.179490 0.012083 200 211 1000 986 1000 1000 100 3
0.166667 0.157267 0.011823 200 179 1000 987 1000 1000 100 3
0.166667 0.167378 0.012016 200 204 1000 969 1000 1000 100 3
0.166667 0.171073 0.011607 200 204 1000 1025 1000 1000 100 3
0.166667 0.150689 0.011138 200 185 1000 1043 1000 1000 100 3
0.166667 0.180508 0.012188 200 214 1000 1029 1000 1000 100 3
0.166667 0.160069 0.011524 200 193 1000 1010 1000 1000 100 3
0.166667 0.173982 0.012027 200 205 1000 995 1000 1000 100 3
0.166667 0.154843 0.011456 200 190 1000 1009 1000 1000 100 3
0.166667 0.163320 0.012120 200 205 1000 993 1000 1000 100 3
0.166667 0.165524 0.011621 200 207 1000 1038 1000 1000 100 3
0.166667 0.162310 0.011582 200 205 1000 1045 1000 1000 100 3
0.166667 0.167614 0.011927 200 190 1000 990 1000 1000 100 3
0.166667 0.174797 0.012140 200 214 1000 996 1000 1000 100 3
0.166667 0.171141 0.012302 200 188 1000 962 1000 1000 100 3
0.166667 0.174784 0.011894 200 209 1000 991 1000 1000 100 3
0.166667 0.148601 0.011678 200 186 1000 994 1000 1000 100 3
0.166667 0.160696 0.011809 200 202 1000 1019 1000 1000 100 3
0.166667 0.175577 0.012067 200 205 1000 983 1000 1000 100 3
0.166667 0.160831 0.011401 200 206 1000 1055 1000 1000 100 3
0.166667 0.169812 0.011936 200 212 1000 1001 1000 1000 100 3
0.166667 0.180234 0.011727 200 219 1000 1044 1000 1000 100 3
0.166667 0.158090 0.011375 200 201 1000 1036 1000 1000 100 3
0.166667 0.163192 0.011780 200 200 1000 1026 1000 1000 100 3
0.166667 0.149336 0.011427 200 188 1000 1026 1000 1000 100 3
0.166667 0.170451 0.012148 200 197 1000 990 1000 1000 100 3
0.166667 0.169740 0.011833 200 197 1000 1024 1000 1000 100 3
0.166667 0.168737 0.011934 200 212 1000 1010 1000 1000 100 3
0.166667 0.141041 0.011605 200 180 1000 1021 1000 1000 100 3
0.166667 0.150682 0.011654 200 194 1000 1002 1000 1000 100 3
0.166667 0.164819 0.011689 200 215 1000 1037 1000 1000 100 3
0.166667 0.170769 0.011700 200 211 1000 1015 1000 1000 100 3
0.166667 0.184604 0.012415 200 214 1000 971 1000 1000 100 3
0.166667 0.181849 0.012235 200 192 1000 970 1000 1000 100 3
0.166667 0.146702 0.011794 200 184 1000 966 1000 1000 100 3
0.166667 0.176541 0.012387 200 219 1000 959 1000 1000 100 3
0.166667 0.171838 0.011969 200 203 1000 987 1000 1000 100 3
0.166667 0.143718 0.010996 200 185 1000 1061 1000 1000 100 3
0.166667 0.166189 0.012139 200 186 1000 993 1000 1000 100 3
0.166667 0.157446 0.011742 200 188 1000 979 1000 1000 100 3
0.166667 0.141430 0.010946 200 176 1000 1090 1000 1000 100 3
0.166667 0.159043 0.011824 200 193 1000 1003 1000 1000 100 3
0.166667 0.188560 0.012119 200 229 1000 997 1000 1000 100 3
0.166667 0.173813 0.011939 200 196 1000 997 1000 1000 100 3
0.166667 0.163117 0.011815 200 196 1000 1043 1000 1000 100 3
0.166667 0.166333 0.012059 200 208 1000 994 1000 1000 100 3
0.166667 0.166029 0.011759 200 197 1000 985 1000 1000 100 3
0.166667 0.158538 0.011525 200 179 1000 1021 1000 1000 100 3
0.166667 0.171822 0.012003 200 207 1000 999 1000 1000 100 3
0.166667 0.160439 0.011946 200 191 1000 987 1000 1000 100 3
0.166667 0.180172 0.012172 200 221 1000 975 1000 1000 100 3
0.166667 0.157513 0.011734 200 195 1000 966 1000 1000 100 3
0.166667 0.191193 0.012194 200 222 1000 991 1000 1000 100 3
0.166667 0.149147 0.011486 200 192 1000 996 1000 1000 100 3
0.166667 0.203958 0.012944 200 221 1000 919 1000 1000 100 3
0.166667 0.154266 0.011734 200 204 1000 1012 1000 1000 100 3
0.166667 0.165521 0.011903 200 194 1000 970 1000 1000 100 3
0.166667 0.173583 0.012072 200 202 1000 1006 1000 1000 100 3
0.166667 0.170444 0.011751 200 196 1000 1010 1000 1000 100 3
0.166667 0.197723 0.012570 200 223 1000 968 1000 1000 100 3
0.166667 0.182807 0.012465 200 203 1000 967 1000 1000 100 3
0.166667 0.146868 0.011249 200 194 1000 1056 1000 1000 100 3
0.166667 0.140285 0.011250 200 187 1000 1013 1000 1000 100 3
0.166667 0.169571 0.012308 200 216 1000 977 1000 1000 100 3
0.166667 0.174388 0.011811 200 210 1000 1033 1000 1000 100 3
0.166667 0.168058 0.011987 200 201 1000 1005 1000 1000 100 3
0.166667 0.133775 0.011077 200 171 1000 1042 1000 1000 100 3
0.166667 0.174815 0.011884 200 214 1000 1032 1000 1000 100 3
0.166667 0.159619 0.011578 200 199 1000 1034 1000 1000 100 3
0.166667 0.149300 0.011261 200 210 1000 1060 1000 1000 100 3
0.166667 0.198463 0.012202 200 237 1000 1013 1000 1000 100 3
0.166667 0.168692 0.011950 200 205 1000 1019 1000 1000 100 3
0.166667 0.172169 0.012043 200 220 1000 990 1000 1000 100 3
0.166667 0.161290 0.011923 200 195 1000 998 1000 1000 100 3
0.166667 0.163077 0.012060 200 190 1000 978 1000 1000 100 3
0.166667 0.171889 0.012120 200 201 1000 959 1000 1000 100 3
0.166667 0.186033 0.012049 200 227 1000 991 1000 1000 100 3
0.166667 0.171060 0.011750 200 210 1000 1053 1000 1000 100 3
0.166667 0.166949 0.011591 200 202 1000 1026 1000 1000 100 3
0.166667 0.176670 0.012027 200 216 1000 979 1000 1000 100 3
0.166667 0.172542 0.012227 200 196 1000 968 1000 1000 100 3
0.166667 0.167149 0.012092 200 193 1000 982 1000 1000 100 3
0.166667 0.155721 0.011308 200 189 1000 1051 1000 1000 100 3
0.166667 0.180412 0.011785 200 234 1000 1056 1000 1000 100 3
0.166667 0.157879 0.011635 200 188 1000 1025 1000 1000 100 3
0.166667 0.173139 0.011989 200 212 1000 1007 1000 1000 100 3
0.166667 0.177556 0.011864 200 211 1000 1019 1000 1000 100 3
0.166667 0.168467 0.012009 200 200 1000 984 1000 1000 100 3
0.166667 0.170081 0.012274 200 197 1000 960 1000 1000 100 3
0.166667 0.155081 0.011328 200 183 1000 1045 1000 1000 100 3
0.166667 0.171562 0.012084 200 201 1000 1005 1000 1000 100 3
0.166667 0.163568 0.011903 200 207 1000 991 1000 1000 100 3
0.166667 0.182782 0.012009 200 230 1000 1009 1000 1000 100 3
0.166667 0.146062 0.011555 200 163 1000 984 1000 1000 100 3
0.166667 0.148395 0.011813 200 200 1000 1011 1000 1000 100 3
0.166667 0.148452 0.011585 200 177 1000 1010 1000 1000 100 3
0.166667 0.146080 0.011329 200 173 1000 1035 1000 1000 100 3
0.166667 0.163636 0.012070 200 215 1000 1009 1000 1000 100 3
0.166667 0.172268 0.011640 200 204 1000 1049 1000 1000 100 3
0.166667 0.160182 0.011814 200 197 1000 996 1000 1000 100 3
0.166667 0.176098 0.012238 200 189 1000 958 1000 1000 100 3
0.166667 0.170133 0.012059 200 209 1000 1004 1000 1000 100 3
0.166667 0.198106 0.012624 200 224 1000 941 1000 1000 100 3
0.166667 0.175603 0.011947 200 215 1000 1015 1000 1000 100 3
0.166667 0.158872 0.011888 200 193 1000 981 1000 1000 100 3
0.166667 0.146573 0.011397 200 169 1000 1016 1000 1000 100 3
0.166667 0.181667 0.012172 200 226 1000 990 1000 1000 100 3
0.166667 0.188035 0.012886 200 205 1000 942 1000 1000 100 3
0.166667 0.181130 0.012132 200 211 1000 995 1000 1000 100 3
0.166667 0.175373 0.011945 200 216 1000 1039 1000 1000 100 3
0.166667 0.166123 0.011574 200 205 1000 1050 1000 1000 100 3
0.166667 0.170780 0.011829 200 193 1000 1008 1000 1000 100 3
0.166667 0.154223 0.011534 200 177 1000 1028 1000 1000 100 3
0.166667 0.162468 0.011643 200 201 1000 1031 1000 1000 100 3
0.166667 0.146434 0.011363 200 184 1000 1023 1000 1000 100 3
0.166667 0.160995 0.011489 200 200 1000 1060 1000 1000 100 3
0.166667 0.167222 0.011813 200 194 1000 1017 1000 1000 100 3
0.166667 0.152864 0.011280 200 191 1000 1048 1000 1000 100 3
0.166667 0.158968 0.011674 200 191 1000 1006 1000 1000 100 3
0.166667 0.166771 0.012028 200 210 1000 1002 1000 1000 100 3
0.166667 0.130185 0.010822 200 167 1000 1030 1000 1000 100 3
0.166667 0.176891 0.011995 200 211 1000 987 1000 1000 100 3
0.166667 0.178464 0.012276 200 208 1000 976 1000 1000 100 3
0.166667 0.159732 0.012083 200 194 1000 967 1000 1000 100 3
0.166667 0.197469 0.012499 200 229 1000 970 1000 1000 100 3
0.166667 0.171888 0.011846 200 209 1000 1001 1000 1000 100 3
0.166667 0.170305 0.011838 200 207 1000 1022 1000 1000 100 3
0.166667 0.188584 0.012268 200 216 1000 995 1000 1000 100 3
0.166667 0.166397 0.011685 200 208 1000 1051 1000 1000 100 3
0.166667 0.161361 0.012087 200 196 1000 1001 1000 1000 100 3
0.166667 0.177914 0.012312 200 207 1000 980 1000 1000 100 3
0.166667 0.151410 0.011536 200 181 1000 1007 1000 1000 100 3
0.166667 0.161857 0.011965 200 183 1000 984 1000 1000 100 3
0.166667 0.177423 0.012003 200 212 1000 1022 1000 1000 100 3
0.166667 0.181014 0.012299 200 206 1000 964 1000 1000 100 3
0.166667 0.160201 0.011655 200 189 1000 993 1000 1000 100 3
0.166667 0.157208 0.011953 200 188 1000 983 1000 1000 100 3
0.166667 0.163234 0.011780 200 197 1000 1005 1000 1000 100 3
0.166667 0.174569 0.012357 200 198 1000 964 1000 1000 100 3
0.166667 0.166636 0.011777 200 210 1000 1040 1000 1000 100 3
0.166667 0.163355 0.011937 200 194 1000 994 1000 1000 100 3
0.166667 0.157332 0.011536 200 195 1000 1057 1000 1000 100 3
0.166667 0.177889 0.012684 200 200 1000 908 1000 1000 100 3
0.166667 0.188785 0.012258 200 198 1000 949 1000 1000 100 3
0.166667 0.157904 0.011733 200 203 1000 999 1000 1000 100 3
0.166667 0.172116 0.011851 200 201 1000 1018 1000 1000 100 3
0.166667 0.161593 0.011829 200 208 1000 985 1000 1000 100 3
0.166667 0.161906 0.012170 200 179 1000 924 1000 1000 100 3
0.166667 0.195730 0.012665 200 236 1000 939 1000 1000 100 3
0.166667 0.169821 0.012044 200 200 1000 982 1000 1000 100 3
0.166667 0.148559 0.011706 200 183 1000 1016 1000 1000 100 3
0.166667 0.176280 0.012464 200 211 1000 975 1000 1000 100 3
0.166667 0.182819 0.011753 200 225 1000 1045 1000 1000 100 3
0.166667 0.150685 0.011661 200 193 1000 1021 1000 1000 100 3
0.166667 0.148678 0.011515 200 189 1000 1001 1000 1000 100 3
0.166667 0.173757 0.012166 200 200 1000 984 1000 1000 100 3
0.166667 0.192553 0.012574 200 231 1000 972 1000 1000 100 3
0.166667 0.162889 0.011560 200 193 1000 1039 1000 1000 100 3
0.166667 0.172967 0.012022 200 208 1000 1003 1000 1000 100 3
0.166667 0.172990 0.012020 200 194 1000 994 1000 1000 100 3
0.166667 0.183444 0.011829 200 218 1000 1014 1000 1000 100 3
0.166667 0.162824 0.011781 200 190 1000 987 1000 1000 100 3
0.166667 0.202015 0.012692 200 220 1000 960 1000 1000 100 3
0.166667 0.159830 0.011879 200 204 1000 991 1000 1000 100 3
0.166667 0.167441 0.012130 200 206 1000 995 1000 1000 100 3
0.166667 0.154689 0.011337 200 187 1000 1054 1000 1000 100 3
0.166667 0.157505 0.011906 200 199 1000 1002 1000 1000 100 3
0.166667 0.141647 0.011857 200 187 1000 954 1000 1000 100 3
0.166667 0.173085 0.011830 200 215 1000 1024 1000 1000 100 3
0.166667 0.151573 0.011455 200 191 1000 1019 1000 1000 100 3
0.166667 0.165525 0.012096 200 192 1000 982 1000 1000 100 3
0.166667 0.155446 0.011579 200 198 1000 1047 1000 1000 100 3
0.166667 0.183145 0.011972 200 214 1000 1023 1000 1000 100 3
0.166667 0.155468 0.011801 200 199 1000 1021 1000 1000 100 3
0.166667 0.164417 0.012084 200 202 1000 1000 1000 1000 100 3
0.166667 0.160125 0.011539 200 187 1000 1022 1000 1000 100 3
0.166667 0.179822 0.012156 200 210 1000 989 1000 1000 100 3
0.166667 0.149149 0.011423 200 186 1000 1030 1000 1000 100 3
0.166667 0.163257 0.011952 200 215 1000 1004 1000 1000 100 3
0.166667 0.189674 0.012846 200 214 1000 937 1000 1000 100 3
0.166667 0.147492 0.011259 200 193 1000 1045 1000 1000 100 3
0.166667 0.177100 0.012015 200 204 1000 984 1000 1000 100 3
0.166667 0.157122 0.011796 200 187 1000 1014 1000 1000 100 3
0.166667 0.169268 0.012216 200 193 1000 956 1000 1000 100 3
0.166667 0.153109 0.011233 200 195 1000 1077 1000 1000 100 3
0.166667 0.164982 0.011953 200 204 1000 989 1000 1000 100 3
0.166667 0.143929 0.011120 200 171 1000 1056 1000 1000 100 3
0.166667 0.144396 0.011100 200 177 1000 1056 1000 1000 100 3
0.166667 0.181008 0.012132 200 222 1000 983 1000 1000 100 3
0.166667 0.164270 0.011780 200 209 1000 1019 1000 1000 100 3
0.166667 0.164753 0.011909 200 198 1000 1002 1000 1000 100 3
0.166667 0.184873 0.012224 200 218 1000 983 1000 1000 100 3
0.166667 0.176888 0.012053 200 198 1000 981 1000 1000 100 3
0.166667 0.146451 0.011280 200 193 1000 1042 1000 1000 100 3
0.166667 0.152357 0.011256 200 181 1000 1038 1000 1000 100 3
0.166667 0.174584 0.012324 200 201 1000 959 1000 1000 100 3
0.166667 0.164682 0.012004 200 184 1000 964 1000 1000 100 3
0.166667 0.140039 0.011137 200 178 1000 1048 1000 1000 100 3
0.166667 0.181022 0.012042 200 204 1000 1014 1000 1000 100 3
0.166667 0.167840 0.011928 200 203 1000 999 1000 1000 100 3
0.166667 0.144219 0.011495 200 185 1000 1003 1000 1000 100 3
0.166667 0.158607 0.011957 200 191 1000 984 1000 1000 100 3
0.166667 0.177296 0.012442 200 202 1000 931 1000 1000 100 3
0.166667 0.163163 0.011791 200 211 1000 1001 1000 1000 100 3
0.166667 0.174980 0.011898 200 210 1000 1020 1000 1000 100 3
0.166667 0.166859 0.011691 200 201 1000 1005 1000 1000 100 3
0.166667 0.160932 0.012423 200 183 1000 931 1000 1000 100 3
0.166667 0.172295 0.012061 200 210 1000 978 1000 1000 100 3
0.166667 0.165424 0.011795 200 188 1000 1014 1000 1000 100 3
0.166667 0.163256 0.011745 200 196 1000 995 1000 1000 100 3
0.166667 0.149666 0.011312 200 202 1000 1060 1000 1000 100 3
0.166667 0.168554 0.011919 200 188 1000 980 1000 1000 100 3
0.166667 0.154875 0.012014 200 183 1000 968 1000 1000 100 3
0.166667 0.162517 0.012064 200 191 1000 974 1000 1000 100 3
0.166667 0.190164 0.012677 200 205 1000 943 1000 1000 100 3
0.166667 0.155649 0.011921 200 183 1000 991 1000 1000 100 3
0.166667 0.157033 0.011410 200 185 1000 1039 1000 1000 100 3
0.166667 0.165254 0.012090 200 195 1000 944 1000 1000 100 3
0.166667 0.173424 0.012063 200 205 1000 1002 1000 1000 100 3
0.166667 0.154634 0.011600 200 186 1000 1017 1000 1000 100 3
0.166667 0.145386 0.011570 200 177 1000 1008 1000 1000 100 3
0.166667 0.188479 0.012614 200 221 1000 931 1000 1000 100 3
0.166667 0.180216 0.012080 200 214 1000 982 1000 1000 100 3
0.166667 0.171326 0.012094 200 209 1000 982 1000 1000 100 3
0.166667 0.174801 0.011973 200 208 1000 1013 1000 1000 100 3
0.166667 0.183767 0.012399 200 225 1000 966 1000 1000 100 3
0.166667 0.158446 0.011357 200 208 1000 1066 1000 1000 100 3
0.166667 0.191158 0.012385 200 224 1000 967 1000 1000 100 3
0.166667 0.155047 0.011181 200 193 1000 1051 1000 1000 100 3
0.166667 0.171243 0.012239 200 214 1000 962 1000 1000 100 3
0.166667 0.189445 0.012328 200 221 1000 992 1000 1000 100 3
0.166667 0.179627 0.012036 200 205 1000 981 1000 1000 100 3
0.166667 0.138053 0.011114 200 179 1000 1053 1000 1000 100 3
0.166667 0.154984 0.011346 200 190 1000 1049 1000 1000 100 3
0.166667 0.163562 0.011991 200 195 1000 986 1000 1000 100 3
0.166667 0.163364 0.011666 200 190 1000 997 1000 1000 100 3
0.166667 0.190062 0.012153 200 214 1000 982 1000 1000 100 3
0.166667 0.184409 0.012033 200 226 1000 1028 1000 1000 100 3
0.166667 0.155734 0.011685 200 181 1000 997 1000 1000 100 3
0.166667 0.139281 0.010892 200 186 1000 1065 1000 1000 100 3
0.166667 0.171086 0.012307 200 195 1000 971 1000 1000 100 3
0.166667 0.154267 0.011594 200 197 1000 1006 1000 1000 100 3
0.166667 0.167931 0.012179 200 197 1000 967 1000 1000 100 3
0.166667 0.160168 0.011365 200 204 1000 1055 1000 1000 100 3
0.166667 0.164922 0.011609 200 206 1000 1000 1000 1000 100 3
0.166667 0.183565 0.011549 200 217 1000 1067 1000 1000 100 3
0.166667 0.166832 0.011639 200 227 1000 1044 1000 1000 100 3
0.166667 0.148060 0.011076 200 175 1000 1019 1000 1000 100 3
0.166667 0.152616 0.011459 200 186 1000 1014 1000 1000 100 3
0.166667 0.169924 0.012266 200 201 1000 976 1000 1000 100 3
0.166667 0.166371 0.012088 200 207 1000 991 1000 1000 100 3
0.166667 0.157208 0.011377 200 187 1000 1013 1000 1000 100 3
0.166667 0.162354 0.012097 200 186 1000 958 1000 1000 100 3
0.166667 0.164044 0.012130 200 207 1000 975 1000 1000 100 3
0.166667 0.183398 0.012019 200 221 1000 1022 1000 1000 100 3
0.166667 0.173106 0.011984 200 191 1000 983 1000 1000 100 3
0.166667 0.156344 0.011525 200 195 1000 1052 1000 1000 100 3
0.166667 0.166698 0.011886 200 201 1000 998 1000 1000 100 3
0.166667 0.158702 0.011908 200 177 1000 984 1000 1000 100 3
0.166667 0.153736 0.011617 200 191 1000 1012 1000 1000 100 3
0.166667 0.167385 0.011887 200 186 1000 971 1000 1000 100 3
0.166667 0.161800 0.011579 200 193 1000 1025 1000 1000 100 3
0.166667 0.165525 0.012044 200 202 1000 1002 1000 1000 100 3
0.166667 0.187070 0.012495 200 210 1000 938 1000 1000 100 3
0.166667 0.177012 0.012276 200 211 1000 960 1000 1000 100 3
0.166667 0.162370 0.011957 200 215 1000 1002 1000 1000 100 3
0.166667 0.161334 0.011458 200 185 1000 1051 1000 1000 100 3
0.166667 0.175076 0.011630 200 208 1000 1026 1000 1000 100 3
0.166667 0.156466 0.011435 200 215 1000 1053 1000 1000 100 3
0.166667 0.158861 0.011767 200 199 1000 1008 1000 1000 100 3
0.166667 0.167955 0.012027 200 210 1000 997 1000 1000 100 3
0.166667 0.168050 0.011825 200 200 1000 1018 1000 1000 100 3
0.166667 0.151969 0.011489 200 174 1000 1001 1000 1000 100 3
0.166667 0.185165 0.012781 200 204 1000 951 1000 1000 100 3
0.166667 0.181311 0.012319 200 203 1000 961 1000 1000 100 3
0.166667 0.185926 0.012084 200 213 1000 999 1000 1000 100 3
0.166667 0.172893 0.012138 200 194 1000 954 1000 1000 100 3
0.166667 0.158230 0.011511 200 214 1000 1060 1000 1000 100 3
0.166667 0.150200 0.011285 200 192 1000 1043 1000 1000 100 3
0.166667 0.179124 0.012511 200 208 1000 960 1000 1000 100 3
0.166667 0.152404 0.011483 200 187 1000 1046 1000 1000 100 3
0.166667 0.167114 0.012187 200 215 1000 992 1000 1000 100 3
0.166667 0.147767 0.011690 200 170 1000 956 1000 1000 100 3
0.166667 0.157155 0.011737 200 196 1000 1011 1000 1000 100 3
0.166667 0.153742 0.011232 200 190 1000 1038 1000 1000 100 3
0.166667 0.168104 0.011746 200 202 1000 1029 1000 1000 100 3
0.166667 0.168187 0.012021 200 197 1000 989 1000 1000 100 3
0.166667 0.151879 0.012013 200 188 1000 974 1000 1000 100 3
0.166667 0.176870 0.012121 200 205 1000 993 1000 1000 100 3
0.166667 0.164476 0.011875 200 198 1000 994 1000 1000 100 3
0.166667 0.171867 0.012285 200 206 1000 963 1000 1000 100 3
0.166667 0.170864 0.012069 200 213 1000 994 1000 1000 100 3
0.166667 0.142354 0.011247 200 181 1000 1027 1000 1000 100 3
0.166667 0.176351 0.012572 200 196 1000 931 1000 1000 100 3
0.166667 0.177030 0.012208 200 209 1000 987 1000 1000 100 3
0.166667 0.170506 0.012177 200 202 1000 970 1000 1000 100 3
0.166667 0.178019 0.012077 200 202 1000 1011 1000 1000 100 3
0.166667 0.169788 0.011846 200 200 1000 991 1000 1000 100 3
0.166667 0.157350 0.011833 200 181 1000 975 1000 1000 100 3
0.166667 0.187067 0.012724 200 213 1000 931 1000 1000 100 3
0.166667 0.162783 0.011928 200 202 1000 974 1000 1000 100 3
0.166667 0.189737 0.012438 200 226 1000 976 1000 1000 100 3
0.166667 0.158610 0.011621 200 209 1000 1040 1000 1000 100 3
0.166667 0.157568 0.011406 200 198 1000 1044 1000 1000 100 3
0.166667 0.176489 0.011992 200 210 1000 1002 1000 1000 100 3
0.166667 0.164407 0.011786 200 197 1000 997 1000 1000 100 3
0.166667 0.157223 0.011733 200 192 1000 1014 1000 1000 100 3
0.166667 0.154018 0.012068 200 207 1000 980 1000 1000 100 3
0.166667 0.178625 0.011683 200 220 1000 1018 1000 1000 100 3
0.166667 0.157395 0.011945 200 193 1000 999 1000 1000 100 3
0.166667 0.154094 0.011626 200 186 1000 1013 1000 1000 100 3
0.166667 0.189936 0.012641 200 209 1000 945 1000 1000 100 3
0.166667 0.170002 0.011790 200 189 1000 986 1000 1000 100 3
0.166667 0.171640 0.012083 200 199 1000 973 1000 1000 100 3
0.166667 0.151021 0.011426 200 181 1000 1033 1000 1000 100 3
0.166667 0.158087 0.011616 200 187 1000 1039 1000 1000 100 3
0.166667 0.156096 0.011447 200 182 1000 1032 1000 1000 100 3
0.166667 0.164504 0.011567 200 186 1000 1026 1000 1000 100 3
0.166667 0.143721 0.011203 200 192 1000 1032 1000 1000 100 3
0.166667 0.172904 0.011658 200 215 1000 1027 1000 1000 100 3
0.166667 0.179204 0.011950 200 223 1000 1028 1000 1000 100 3
0.166667 0.140598 0.011642 200 171 1000 979 1000 1000 100 3
0.166667 0.162773 0.011476 200 205 1000 1064 1000 1000 100 3
0.166667 0.178462 0.011926 200 213 1000 1020 1000 1000 100 3
0.166667 0.161806 0.011568 200 196 1000 1047 1000 1000 100 3
0.166667 0.170024 0.012347 200 196 1000 950 1000 1000 100 3
0.166667 0.161333 0.011655 200 186 1000 1008 1000 1000 100 3
0.166667 0.142127 0.011174 200 181 1000 1030 1000 1000 100 3
0.166667 0.169104 0.012228 200 212 1000 1003 1000 1000 100 3
0.166667 0.183480 0.012142 200 212 1000 1010 1000 1000 100 3
0.166667 0.163980 0.011708 200 202 1000 1026 1000 1000 100 3
0.166667 0.146756 0.011592 200 192 1000 1019 1000 1000 100 3
0.166667 0.163565 0.011538 200 206 1000 1025 1000 1000 100 3
0.166667 0.194506 0.012324 200 239 1000 988 1000 1000 100 3
0.166667 0.176780 0.012113 200 215 1000 1006 1000 1000 100 3
0.166667 0.185534 0.012214 200 222 1000 999 1000 1000 100 3
0.166667 0.165887 0.011888 200 218 1000 1010 1000 1000 100 3
0.166667 0.175140 0.011835 200 218 1000 1023 1000 1000 100 3
0.166667 0.164813 0.011710 200 187 1000 1011 1000 1000 100 3
0.166667 0.175271 0.011872 200 217 1000 1043 1000 1000 100 3
0.166667 0.146466 0.011431 200 166 1000 1021 1000 1000 100 3
0.166667 0.171835 0.011988 200 212 1000 996 1000 1000 100 3
0.166667 0.166347 0.012048 200 186 1000 972 1000 1000 100 3
0.166667 0.163591 0.011987 200 209 1000 993 1000 1000 100 3
0.166667 0.169412 0.011852 200 211 1000 1024 1000 1000 100 3
0.166667 0.180514 0.012632 200 225 1000 941 1000 1000 100 3
0.166667 0.154049 0.011785 200 187 1000 995 1000 1000 100 3
0.166667 0.167784 0.011846 200 196 1000 1013 1000 1000 100 3
0.166667 0.154621 0.011506 200 188 1000 1025 1000 1000 100 3
0.166667 0.174063 0.011895 200 206 1000 1005 1000 1000 100 3
0.166667 0.161306 0.011651 200 202 1000 1021 1000 1000 100 3
0.166667 0.177250 0.012373 200 209 1000 998 1000 1000 100 3
0.166667 0.183627 0.012655 200 187 1000 948 1000 1000 100 3
0.166667 0.158222 0.011884 200 188 1000 994 1000 1000 100 3
0.166667 0.158840 0.011766 200 180 1000 996 1000 1000 100 3
0.166667 0.169114 0.012243 200 204 1000 1010 1000 1000 100 3
0.166667 0.159578 0.011720 200 189 1000 996 1000 1000 100 3
0.166667 0.169566 0.011834 200 191 1000 991 1000 1000 100 3
0.166667 0.164973 0.011712 200 201 1000 1042 1000 1000 100 3
0.166667 0.164100 0.011626 200 205 1000 1040 1000 1000 100 3
0.166667 0.150428 0.011838 200 199 1000 1002 1000 1000 100 3
0.166667 0.170034 0.012101 200 205 1000 988 1000 1000 100 3
0.166667 0.156809 0.011919 200 189 1000 1006 1000 1000 100 3
0.166667 0.177178 0.012351 200 204 1000 980 1000 1000 100 3
0.166667 0.148929 0.011343 200 176 1000 1021 1000 1000 100 3
0.166667 0.169326 0.011672 200 206 1000 1017 1000 1000 100 3
0.166667 0.159164 0.011773 200 194 1000 978 1000 1000 100 3
0.166667 0.173642 0.011950 200 202 1000 1004 1000 1000 100 3
0.166667 0.147717 0.011344 200 182 1000 1035 1000 1000 100 3
0.166667 0.171919 0.012088 200 212 1000 994 1000 1000 100 3
0.166667 0.170166 0.011871 200 196 1000 1021 1000 1000 100 3
0.166667 0.180728 0.012179 200 218 1000 1011 1000 1000 100 3
0.166667 0.168389 0.012053 200 206 1000 1006 1000 1000 100 3
0.166667 0.155111 0.011418 200 177 1000 1009 1000 1000 100 3
0.166667 0.151567 0.011768 200 177 1000 978 1000 1000 100 3
0.166667 0.156901 0.012079 200 181 1000 947 1000 1000 100 3
0.166667 0.165711 0.011683 200 196 1000 1034 1000 1000 100 3
0.166667 0.186025 0.012125 200 224 1000 1009 1000 1000 100 3
0.166667 0.173661 0.011803 200 225 1000 1039 1000 1000 100 3
0.166667 0.174215 0.012270 200 198 1000 974 1000 1000 100 3
0.166667 0.187876 0.012242 200 226 1000 991 1000 1000 100 3
0.166667 0.168631 0.012052 200 208 1000 995 1000 1000 100 3
0.166667 0.175192 0.012542 200 196 1000 946 1000 1000 100 3
0.166667 0.146120 0.011064 200 171 1000 1048 1000 1000 100 3
0.166667 0.164449 0.011547 200 194 1000 1016 1000 1000 100 3
0.166667 0.154945 0.011874 200 171 1000 944 1000 1000 100 3
0.166667 0.152211 0.011796 200 181 1000 972 1000 1000 100 3
0.166667 0.183168 0.012021 200 205 1000 996 1000 1000 100 3
0.166667 0.161708 0.011744 200 210 1000 1037 1000 1000 100 3
0.166667 0.175440 0.012144 200 217 1000 989 1000 1000 100 3
0.166667 0.165670 0.011600 200 201 1000 1031 1000 1000 100 3
0.166667 0.162791 0.011752 200 193 1000 1009 1000 1000 100 3
0.166667 0.168927 0.011781 200 212 1000 1023 1000 1000 100 3
0.166667 0.173918 0.011982 200 208 1000 1006 1000 1000 100 3
0.166667 0.146386 0.011668 200 203 1000 999 1000 1000 100 3
0.166667 0.160036 0.011719 200 206 1000 1015 1000 1000 100 3
0.166667 0.169664 0.012206 200 195 1000 975 1000 1000 100 3
0.166667 0.168659 0.011664 200 187 1000 1007 1000 1000 100 3
0.166667 0.152993 0.011808 200 188 1000 992 1000 1000 100 3
0.166667 0.143252 0.011090 200 169 1000 1050 1000 1000 100 3
0.166667 0.180414 0.011806 200 217 1000 1041 1000 1000 100 3
0.166667 0.167211 0.011615 200 199 1000 1027 1000 1000 100 3
0.166667 0.164136 0.011739 200 214 1000 1050 1000 1000 100 3
0.166667 0.190510 0.012399 200 222 1000 983 1000 1000 100 3
0.166667 0.164773 0.012044 200 197 1000 969 1000 1000 100 3
0.166667 0.181288 0.012673 200 220 1000 947 1000 1000 100 3
0.166667 0.167804 0.011802 200 210 1000 1010 1000 1000 100 3
0.166667 0.159306 0.011651 200 211 1000 1041 1000 1000 100 3
0.166667 0.176242 0.012059 200 207 1000 994 1000 1000 100 3
0.166667 0.188662 0.012841 200 228 1000 932 1000 1000 100 3
0.166667 0.170746 0.011913 200 206 1000 1006 1000 1000 100 3
0.166667 0.172732 0.012141 200 206 1000 996 1000 1000 100 3
0.166667 0.172191 0.012305 200 204 1000 964 1000 1000 100 3
0.166667 0.170975 0.011992 200 214 1000 997 1000 1000 100 3
0.166667 0.166037 0.012041 200 191 1000 988 1000 1000 100 3
0.166667 0.160168 0.011533 200 194 1000 1025 1000 1000 100 3
0.166667 0.167183 0.012251 200 193 1000 957 1000 1000 100 3
0.166667 0.149721 0.011709 200 192 1000 1014 1000 1000 100 3
0.166667 0.182390 0.012218 200 206 1000 992 1000 1000 100 3
0.166667 0.178245 0.012012 200 213 1000 999 1000 1000 100 3
0.166667 0.166164 0.012127 200 188 1000 960 1000 1000 100 3
0.166667 0.160597 0.011462 200 185 1000 1052 1000 1000 100 3
0.166667 0.192125 0.012105 200 229 1000 999 1000 1000 100 3
0.166667 0.133357 0.011081 200 173 1000 1025 1000 1000 100 3
0.166667 0.172045 0.012016 200 178 1000 972 1000 1000 100 3
0.166667 0.156701 0.011771 200 203 1000 1011 1000 1000 100 3
0.166667 0.174901 0.011908 200 214 1000 1042 1000 1000 100 3
0.166667 0.158314 0.011347 200 200 1000 1069 1000 1000 100 3
0.166667 0.162738 0.012005 200 179 1000 977 1000 1000 100 3
0.166667 0.132366 0.011021 200 166 1000 1035 1000 1000 100 3
0.166667 0.146546 0.011603 200 184 1000 988 1000 1000 100 3
0.166667 0.168379 0.012146 200 190 1000 976 1000 1000 100 3
0.166667 0.147470 0.011504 200 169 1000 1036 1000 1000 100 3
0.166667 0.178788 0.011942 200 213 1000 1018 1000 1000 100 3
0.166667 0.158671 0.011854 200 189 1000 1007 1000 1000 100 3
0.166667 0.158290 0.011577 200 195 1000 1021 1000 1000 100 3
0.166667 0.148936 0.011491 200 171 1000 1010 1000 1000 100 3
0.166667 0.186091 0.012021 200 219 1000 1015 1000 1000 100 3
0.166667 0.175726 0.012309 200 209 1000 943 1000 1000 100 3
0.166667 0.198835 0.012396 200 233 1000 965 1000 1000 100 3
0.166667 0.181026 0.012022 200 220 1000 1016 1000 1000 100 3
0.166667 0.156765 0.011666 200 188 1000 999 1000 1000 100 3
0.166667 0.168947 0.011963 200 205 1000 992 1000 1000 100 3
0.166667 0.174163 0.011852 200 208 1000 998 1000 1000 100 3
0.166667 0.162672 0.011711 200 203 1000 1009 1000 1000 100 3
0.166667 0.170395 0.012036 200 202 1000 1007 1000 1000 100 3
0.166667 0.174619 0.012279 200 215 1000 963 1000 1000 100 3
0.166667 0.166415 0.011856 200 207 1000 1038 1000 1000 100 3
0.166667 0.175056 0.011760 200 232 1000 1074 1000 1000 100 3
0.166667 0.170785 0.012295 200 199 1000 954 1000 1000 100 3
0.166667 0.160996 0.011913 200 193 1000 1032 1000 1000 100 3
0.166667 0.178500 0.012237 200 192 1000 968 1000 1000 100 3
0.166667 0.171924 0.012311 200 200 1000 964 1000 1000 100 3
0.166667 0.176586 0.011777 200 207 1000 1022 1000 1000 100 3
0.166667 0.143380 0.011194 200 184 1000 1040 1000 1000 100 3
0.166667 0.154684 0.011806 200 197 1000 993 1000 1000 100 3
0.166667 0.180985 0.012463 200 208 1000 967 1000 1000 100 3
0.166667 0.166644 0.011964 200 191 1000 987 1000 1000 100 3
0.166667 0.184975 0.012279 200 214 1000 948 1000 1000 100 3
0.166667 0.170691 0.011992 200 202 1000 998 1000 1000 100 3
0.166667 0.177741 0.012176 200 222 1000 975 1000 1000 100 3
0.166667 0.157119 0.012187 200 200 1000 964 1000 1000 100 3
0.166667 0.170277 0.012046 200 214 1000 999 1000 1000 100 3
0.166667 0.167796 0.011480 200 197 1000 1071 1000 1000 100 3
0.166667 0.158281 0.011533 200 208 1000 1055 1000 1000 100 3
0.166667 0.155382 0.011732 200 190 1000 1008 1000 1000 100 3
0.166667 0.155814 0.011509 200 188 1000 1013 1000 1000 100 3
0.166667 0.158947 0.011691 200 191 1000 1002 1000 1000 100 3
0.166667 0.188109 0.012597 200 205 1000 944 1000 1000 100 3
0.166667 0.129720 0.010954 200 156 1000 1018 1000 1000 100 3
0.166667 0.176396 0.011996 200 205 1000 995 1000 1000 100 3
0.166667 0.154977 0.011575 200 195 1000 1002 1000 1000 100 3
0.166667 0.179072 0.011911 200 221 1000 1019 1000 1000 100 3
0.166667 0.186101 0.012430 200 224 1000 1022 1000 1000 100 3
0.166667 0.183277 0.012352 200 211 1000 968 1000 1000 100 3
0.166667 0.174813 0.012229 200 203 1000 993 1000 1000 100 3
0.166667 0.178809 0.012175 200 212 1000 967 1000 1000 100 3
0.166667 0.152229 0.011410 200 195 1000 1015 1000 1000 100 3
0.166667 0.188915 0.012743 200 219 1000 928 1000 1000 100 3
0.166667 0.169811 0.011951 200 205 1000 1002 1000 1000 100 3
0.166667 0.162631 0.011583 200 192 1000 1007 1000 1000 100 3
0.166667 0.169429 0.012048 200 203 1000 995 1000 1000 100 3
0.166667 0.171446 0.011723 200 211 1000 1034 1000 1000 100 3
0.166667 0.166341 0.011765 200 196 1000 994 1000 1000 100 3
0.166667 0.164629 0.011470 200 199 1000 1060 1000 1000 100 3
0.166667 0.198428 0.012849 200 234 1000 951 1000 1000 100 3
0.166667 0.177500 0.012218 200 224 1000 985 1000 1000 100 3
0.166667 0.175461 0.012169 200 206 1000 1006 1000 1000 100 3
0.166667 0.164825 0.012021 200 198 1000 974 1000 1000 100 3
0.166667 0.151313 0.011533 200 179 1000 994 1000 1000 100 3
0.166667 0.180923 0.012179 200 219 1000 995 1000 1000 100 3
0.166667 0.154719 0.011601 200 196 1000 1027 1000 1000 100 3
0.166667 0.163537 0.011775 200 204 1000 1029 1000 1000 100 3
0.166667 0.188199 0.012224 200 218 1000 984 1000 1000 100 3
0.166667 0.173772 0.012131 200 192 1000 972 1000 1000 100 3
0.166667 0.161666 0.012019 200 200 1000 985 1000 1000 100 3
0.166667 0.159212 0.011623 200 185 1000 1020 1000 1000 100 3
0.166667 0.173802 0.011853 200 208 1000 1009 1000 1000 100 3
0.166667 0.156772 0.011959 200 191 1000 968 1000 1000 100 3
0.166667 0.154845 0.011780 200 194 1000 1012 1000 1000 100 3
0.166667 0.159427 0.011779 200 192 1000 1024 1000 1000 100 3
0.166667 0.137291 0.011442 200 177 1000 1007 1000 1000 100 3
0.166667 0.168458 0.011710 200 213 1000 1027 1000 1000 100 3
0.166667 0.144412 0.011335 200 182 1000 1018 1000 1000 100 3
0.166667 0.180865 0.012406 200 208 1000 955 1000 1000 100 3
0.166667 0.184488 0.012348 200 203 1000 977 1000 1000 100 3
0.166667 0.162680 0.012030 200 196 1000 968 1000 1000 100 3
0.166667 0.157322 0.011618 200 196 1000 1019 1000 1000 100 3
0.166667 0.190519 0.012460 200 211 1000 957 1000 1000 100 3
0.166667 0.151609 0.011297 200 179 1000 1034 1000 1000 100 3
0.166667 0.162316 0.011894 200 187 1000 991 1000 1000 100 3
0.166667 0.160308 0.011597 200 206 1000 1020 1000 1000 100 3
0.166667 0.185725 0.012228 200 220 1000 992 1000 1000 100 3
0.166667 0.183131 0.012267 200 200 1000 965 1000 1000 100 3
0.166667 0.137233 0.011430 200 161 1000 986 1000 1000 100 3
0.166667 0.164551 0.012010 200 205 1000 987 1000 1000 100 3
0.166667 0.168223 0.012179 200 185 1000 956 1000 1000 100 3
0.166667 0.176585 0.012277 200 196 1000 971 1000 1000 100 3
0.166667 0.162865 0.011751 200 205 1000 1064 1000 1000 100 3
0.166667 0.168145 0.011621 200 214 1000 1027 1000 1000 100 3
0.166667 0.170691 0.012005 200 187 1000 982 1000 1000 100 3
0.166667 0.165989 0.012041 200 203 1000 969 1000 1000 100 3
0.166667 0.158653 0.011374 200 186 1000 1036 1000 1000 100 3
0.166667 0.165703 0.011761 200 197 1000 1005 1000 1000 100 3
0.166667 0.185709 0.012013 200 220 1000 1007 1000 1000 100 3
0.166667 0.157405 0.011720 200 192 1000 994 1000 1000 100 3
0.166667 0.151813 0.011629 200 180 1000 1016 1000 1000 100 3
0.166667 0.162191 0.011861 200 206 1000 1000 1000 1000 100 3
0.166667 0.180062 0.012449 200 220 1000 973 1000 1000 100 3
0.166667 0.167218 0.012043 200 202 1000 974 1000 1000 100 3
0.166667 0.156413 0.011488 200 192 1000 1018 1000 1000 100 3
0.166667 0.149184 0.011381 200 189 1000 1043 1000 1000 100 3
0.166667 0.160001 0.011841 200 196 1000 992 1000 1000 100 3
0.166667 0.155640 0.011858 200 171 1000 965 1000 1000 100 3
0.166667 0.184817 0.011664 200 227 1000 1061 1000 1000 100 3
0.166667 0.164058 0.012141 200 196 1000 977 1000 1000 100 3
0.166667 0.171010 0.012180 200 192 1000 1000 1000 1000 100 3
0.166667 0.150935 0.011305 200 180 1000 1008 1000 1000 100 3
0.166667 0.177578 0.011797 200 214 1000 1025 1000 1000 100 3
0.166667 0.175916 0.011797 200 205 1000 1021 1000 1000 100 3
0.166667 0.156618 0.011616 200 191 1000 1017 1000 1000 100 3
0.166667 0.169550 0.012000 200 204 1000 1005 1000 1000 100 3
0.166667 0.182273 0.011954 200 221 1000 1012 1000 1000 100 3
0.166667 0.167665 0.012101 200 191 1000 973 1000 1000 100 3
0.166667 0.187062 0.012270 200 219 1000 977 1000 1000 100 3
0.166667 0.154062 0.011270 200 181 1000 1057 1000 1000 100 3
0.166667 0.142335 0.011247 200 170 1000 1025 1000 1000 100 3
0.166667 0.163976 0.011585 200 199 1000 1031 1000 1000 100 3
0.166667 0.152320 0.011757 200 185 1000 977 1000 1000 100 3
0.166667 0.150755 0.011589 200 209 1000 1049 1000 1000 100 3
0.166667 0.163623 0.011760 200 211 1000 1019 1000 1000 100 3
0.166667 0.167010 0.011719 200 212 1000 1043 1000 1000 100 3
0.166667 0.154656 0.011750 200 199 1000 1050 1000 1000 100 3
0.166667 0.167500 0.011693 200 206 1000 1001 1000 1000 100 3
0.166667 0.172754 0.011811 200 206 1000 1006 1000 1000 100 3
0.166667 0.155412 0.011510 200 200 1000 1041 1000 1000 100 3
0.166667 0.167457 0.011840 200 184 1000 995 1000 1000 100 3
0.166667 0.154878 0.011834 200 198 1000 1029 1000 1000 100 3
0.166667 0.147759 0.011293 200 188 1000 1019 1000 1000 100 3
0.166667 0.161130 0.011656 200 198 1000 1014 1000 1000 100 3
0.166667 0.164457 0.012104 200 199 1000 970 1000 1000 100 3
0.166667 0.165367 0.011600 200 203 1000 1029 1000 1000 100 3
0.166667 0.194047 0.012620 200 225 1000 949 1000 1000 100 3
0.166667 0.171612 0.012102 200 204 1000 972 1000 1000 100 3
0.166667 0.151470 0.011705 200 185 1000 990 1000 1000 100 3
0.166667 0.143107 0.011447 200 179 1000 986 1000 1000 100 3
0.166667 0.175444 0.012581 200 187 1000 915 1000 1000 100 3
0.166667 0.170542 0.012311 200 200 1000 939 1000 1000 100 3
0.166667 0.151018 0.011827 200 179 1000 967 1000 1000 100 3
0.166667 0.174090 0.012073 200 223 1000 1010 1000 1000 100 3
0.166667 0.159713 0.011610 200 202 1000 1021 1000 1000 100 3
0.166667 0.154744 0.011435 200 191 1000 1063 1000 1000 100 3
0.166667 0.172443 0.012041 200 198 1000 987 1000 1000 100 3
0.166667 0.161201 0.011471 200 201 1000 1076 1000 1000 100 3
0.166667 0.163861 0.011622 200 195 1000 1027 1000 1000 100 3
0.166667 0.159989 0.011536 200 202 1000 1042 1000 1000 100 3
0.166667 0.160480 0.011785 200 204 1000 1020 1000 1000 100 3
0.166667 0.164575 0.011697 200 203 1000 1010 1000 1000 100 3
0.166667 0.166914 0.011818 200 208 1000 1022 1000 1000 100 3
0.166667 0.176916 0.012096 200 198 1000 999 1000 1000 100 3
0.166667 0.150103 0.011372 200 180 1000 1023 1000 1000 100 3
0.166667 0.162281 0.011804 200 187 1000 991 1000 1000 100 3
0.166667 0.148442 0.011727 200 179 1000 997 1000 1000 100 3
0.166667 0.179085 0.011876 200 210 1000 1014 1000 1000 100 3
0.166667 0.143526 0.011304 200 165 1000 1002 1000 1000 100 3
0.166667 0.146207 0.011467 200 173 1000 1015 1000 1000 100 3
0.166667 0.189298 0.012236 200 226 1000 1002 1000 1000 100 3
0.166667 0.161466 0.012045 200 201 1000 984 1000 1000 100 3
0.166667 0.173172 0.012305 200 215 1000 984 1000 1000 100 3
0.166667 0.180451 0.011979 200 212 1000 1013 1000 1000 100 3
0.166667 0.166584 0.012023 200 191 1000 970 1000 1000 100 3
0.166667 0.168629 0.012000 200 194 1000 978 1000 1000 100 3
0.166667 0.162232 0.011682 200 201 1000 1021 1000 1000 100 3
0.166667 0.158982 0.011854 200 192 1000 1018 1000 1000 100 3
0.166667 0.178444 0.012209 200 224 1000 996 1000 1000 100 3
0.166667 0.130514 0.011369 200 173 1000 987 1000 1000 100 3
0.166667 0.171522 0.011950 200 201 1000 1005 1000 1000 100 3
0.166667 0.162770 0.011586 200 190 1000 1013 1000 1000 100 3
0.166667 0.160371 0.011631 200 191 1000 1017 1000 1000 100 3
0.166667 0.166541 0.011799 200 220 1000 1029 1000 1000 100 3
0.166667 0.182268 0.012180 200 215 1000 972 1000 1000 100 3
0.166667 0.187472 0.012250 200 210 1000 988 1000 1000 100 3
0.166667 0.170102 0.012129 200 203 1000 997 1000 1000 100 3
0.166667 0.157173 0.011568 200 191 1000 1027 1000 1000 100 3
0.166667 0.148332 0.011570 200 183 1000 1025 1000 1000 100 3
0.166667 0.163603 0.011554 200 205 1000 1032 1000 1000 100 3
0.166667 0.165212 0.011633 200 197 1000 1040 1000 1000 100 3
0.166667 0.167091 0.011935 200 202 1000 987 1000 1000 100 3
0.166667 0.172131 0.012416 200 202 1000 950 1000 1000 100 3
0.166667 0.198295 0.012534 200 227 1000 990 1000 1000 100 3
0.166667 0.169167 0.012343 200 212 1000 987 1000 1000 100 3
0.166667 0.147703 0.011458 200 178 1000 992 1000 1000 100 3
0.166667 0.156197 0.011416 200 189 1000 1035 1000 1000 100 3
0.166667 0.156791 0.011772 200 194 1000 1013 1000 1000 100 3
0.166667 0.181891 0.012570 200 208 1000 943 1000 1000 100 3
0.166667 0.172153 0.011792 200 197 1000 1021 1000 1000 100 3
0.166667 0.159490 0.011845 200 185 1000 994 1000 1000 100 3
0.166667 0.192251 0.012361 200 218 1000 997 1000 1000 100 3
0.166667 0.190689 0.012139 200 227 1000 1027 1000 1000 100 3
0.166667 0.158767 0.011881 200 168 1000 984 1000 1000 100 3
0.166667 0.168466 0.012091 200 218 1000 1002 1000 1000 100 3
0.166667 0.166638 0.011424 200 214 1000 1047 1000 1000 100 3
0.166667 0.141329 0.011395 200 155 1000 976 1000 1000 100 3
0.166667 0.168218 0.012164 200 185 1000 968 1000 1000 100 3
0.166667 0.175257 0.012147 200 199 1000 975 1000 1000 100 3
0.166667 0.171676 0.012051 200 210 1000 991 1000 1000 100 3
0.166667 0.183437 0.012232 200 214 1000 961 1000 1000 100 3
0.166667 0.171058 0.011907 200 199 1000 987 1000 1000 100 3
0.166667 0.168439 0.011528 200 200 1000 1028 1000 1000 100 3
0.166667 0.144994 0.011098 200 190 1000 1084 1000 1000 100 3
0.166667 0.155052 0.012008 200 197 1000 990 1000 1000 100 3
0.166667 0.156636 0.011815 200 200 1000 996 1000 1000 100 3
0.166667 0.166872 0.012209 200 192 1000 954 1000 1000 100 3
0.166667 0.185315 0.012352 200 214 1000 1008 1000 1000 100 3
0.166667 0.160879 0.011538 200 192 1000 1016 1000 1000 100 3
0.166667 0.176401 0.012175 200 202 1000 960 1000 1000 100 3
0.166667 0.156582 0.011310 200 192 1000 1045 1000 1000 100 3
0.166667 0.148147 0.011480 200 180 1000 1021 1000 1000 100 3
0.166667 0.173294 0.012061 200 199 1000 991 1000 1000 100 3
0.166667 0.158171 0.011579 200 180 1000 1017 1000 1000 100 3
0.166667 0.173777 0.011971 200 207 1000 999 1000 1000 100 3
0.166667 0.164493 0.011901 200 199 1000 997 1000 1000 100 3
0.166667 0.180811 0.011977 200 211 1000 999 1000 1000 100 3
0.166667 0.178577 0.011878 200 218 1000 1000 1000 1000 100 3
0.166667 0.151024 0.011618 200 178 1000 1004 1000 1000 100 3
0.166667 0.138531 0.011493 200 167 1000 978 1000 1000 100 3
0.166667 0.174309 0.011926 200 217 1000 1018 1000 1000 100 3
0.166667 0.177102 0.012108 200 201 1000 1007 1000 1000 100 3
0.166667 0.157224 0.012073 200 185 1000 953 1000 1000 100 3
0.166667 0.176795 0.011951 200 204 1000 1015 1000 1000 100 3
0.166667 0.168094 0.011963 200 209 1000 994 1000 1000 100 3
0.166667 0.174460 0.012269 200 197 1000 952 1000 1000 100 3
0.166667 0.185978 0.012347 200 209 1000 953 1000 1000 100 3
0.166667 0.177246 0.012299 200 210 1000 985 1000 1000 100 3
0.166667 0.177443 0.012110 200 199 1000 1011 1000 1000 100 3
0.166667 0.169645 0.012129 200 201 1000 970 1000 1000 100 3
0.166667 0.175298 0.012051 200 194 1000 948 1000 1000 100 3
0.166667 0.169989 0.011949 200 209 1000 990 1000 1000 100 3
0.166667 0.159352 0.012005 200 198 1000 960 1000 1000 100 3
0.166667 0.128481 0.011283 200 155 1000 976 1000 1000 100 3
0.166667 0.168734 0.011955 200 188 1000 977 1000 1000 100 3
0.166667 0.145082 0.011868 200 171 1000 959 1000 1000 100 3
0.166667 0.157076 0.011508 200 189 1000 1035 1000 1000 100 3
0.166667 0.147463 0.011196 200 179 1000 1039 1000 1000 100 3
0.166667 0.157232 0.011919 200 193 1000 1013 1000 1000 100 3
0.166667 0.167864 0.011756 200 201 1000 999 1000 1000 100 3
0.166667 0.160523 0.011922 200 202 1000 1008 1000 1000 100 3
0.166667 0.175659 0.011914 200 209 1000 994 1000 1000 100 3
0.166667 0.169182 0.011890 200 200 1000 987 1000 1000 100 3
0.166667 0.137349 0.010942 200 163 1000 1044 1000 1000 100 3
0.166667 0.174464 0.012130 200 202 1000 979 1000 1000 100 3
0.166667 0.160279 0.012158 200 184 1000 975 1000 1000 100 3
0.166667 0.168578 0.012029 200 209 1000 1014 1000 1000 100 3
0.166667 0.172880 0.011970 200 206 1000 1009 1000 1000 100 3
0.166667 0.139285 0.011428 200 187 1000 999 1000 1000 100 3
0.166667 0.177297 0.012365 200 210 1000 967 1000 1000 100 3
0.166667 0.180950 0.012172 200 216 1000 990 1000 1000 100 3
0.166667 0.168903 0.012192 200 183 1000 952 1000 1000 100 3
0.166667 0.179141 0.011950 200 206 1000 1002 1000 1000 100 3
0.166667 0.200145 0.012628 200 227 1000 974 1000 1000 100 3
0.166667 0.160986 0.011400 200 205 1000 1065 1000 1000 100 3
0.166667 0.161410 0.011562 200 198 1000 1031 1000 1000 100 3
0.166667 0.156989 0.012037 200 198 1000 987 1000 1000 100 3
0.166667 0.196863 0.012082 200 239 1000 1018 1000 1000 100 3
0.166667 0.125449 0.011070 200 167 1000 1033 1000 1000 100 3
0.166667 0.171724 0.011771 200 220 1000 1039 1000 1000 100 3
0.166667 0.157774 0.011819 200 191 1000 1003 1000 1000 100 3
0.166667 0.154092 0.011817 200 194 1000 1002 1000 1000 100 3
0.166667 0.186788 0.012443 200 215 1000 975 1000 1000 100 3
0.166667 0.185345 0.012593 200 209 1000 965 1000 1000 100 3
0.166667 0.167573 0.012240 200 195 1000 967 1000 1000 100 3
0.166667 0.144431 0.011288 200 175 1000 1029 1000 1000 100 3
0.166667 0.191199 0.012654 200 210 1000 953 1000 1000 100 3
0.166667 0.174892 0.012052 200 208 1000 1019 1000 1000 100 3
0.166667 0.169042 0.012296 200 188 1000 968 1000 1000 100 3
0.166667 0.147140 0.011477 200 172 1000 989 1000 1000 100 3
0.166667 0.176075 0.012105 200 219 1000 986 1000 1000 100 3
0.166667 0.153071 0.011683 200 192 1000 1015 1000 1000 100 3
0.166667 0.184994 0.012197 200 227 1000 999 1000 1000 100 3
0.166667 0.186927 0.012380 200 219 1000 971 1000 1000 100 3
0.166667 0.180893 0.012324 200 216 1000 1010 1000 1000 100 3
0.166667 0.171368 0.012026 200 198 1000 993 1000 1000 100 3
0.166667 0.189536 0.012337 200 224 1000 977 1000 1000 100 3
0.166667 0.166658 0.012048 200 208 1000 1011 1000 1000 100 3
0.166667 0.172823 0.012294 200 208 1000 966 1000 1000 100 3
0.166667 0.154040 0.011666 200 189 1000 1008 1000 1000 100 3
0.166667 0.152001 0.011481 200 190 1000 1031 1000 1000 100 3
0.166667 0.208487 0.012512 200 256 1000 1006 1000 1000 100 3
0.166667 0.186602 0.011909 200 236 1000 1070 1000 1000 100 3
0.166667 0.173743 0.011788 200 211 1000 1052 1000 1000 100 3
0.166667 0.162785 0.011724 200 188 1000 987 1000 1000 100 3
0.166667 0.169194 0.011868 200 193 1000 984 1000 1000 100 3
0.166667 0.181767 0.011748 200 229 1000 1049 1000 1000 100 3
0.166667 0.167600 0.012032 200 195 1000 998 1000 1000 100 3
0.166667 0.183223 0.012365 200 208 1000 966 1000 1000 100 3
0.166667 0.184857 0.012462 200 210 1000 965 1000 1000 100 3
0.166667 0.176520 0.012131 200 206 1000 981 1000 1000 100 3
0.166667 0.163741 0.011727 200 192 1000 1010 1000 1000 100 3
0.166667 0.169666 0.011761 200 197 1000 1044 1000 1000 100 3
0.166667 0.158517 0.011944 200 194 1000 975 1000 1000 100 3
0.166667 0.168576 0.011571 200 188 1000 1029 1000 1000 100 3
0.166667 0.176101 0.012180 200 205 1000 964 1000 1000 100 3
0.166667 0.159190 0.011374 200 201 1000 1070 1000 1000 100 3
0.166667 0.162087 0.011856 200 198 1000 1019 1000 1000 100 3
0.166667 0.174571 0.012004 200 207 1000 1007 1000 1000 100 3
0.166667 0.164282 0.011861 200 191 1000 1003 1000 1000 100 3
0.166667 0.155213 0.011439 200 185 1000 1017 1000 1000 100 3
0.166667 0.172049 0.011986 200 198 1000 986 1000 1000 100 3
0.166667 0.174286 0.012244 200 202 1000 974 1000 1000 100 3
0.166667 0.145601 0.011619 200 170 1000 999 1000 1000 100 3
0.166667 0.165786 0.012185 200 199 1000 966 1000 1000 100 3
0.166667 0.151655 0.011336 200 207 1000 1076 1000 1000 100 3
0.166667 0.162602 0.011702 200 200 1000 1024 1000 1000 100 3
0.166667 0.181143 0.011979 200 210 1000 1031 1000 1000 100 3
0.166667 0.161513 0.011800 200 188 1000 985 1000 1000 100 3
0.166667 0.165679 0.011782 200 204 1000 1002 1000 1000 100 3
0.166667 0.173685 0.011578 200 218 1000 1074 1000 1000 100 3
0.166667 0.178531 0.012180 200 202 1000 969 1000 1000 100 3
0.166667 0.163624 0.011540 200 199 1000 1033 1000 1000 100 3
0.166667 0.176222 0.011847 200 213 1000 1027 1000 1000 100 3
0.166667 0.147902 0.011265 200 193 1000 1037 1000 1000 100 3
0.166667 0.159312 0.011707 200 177 1000 996 1000 1000 100 3
0.166667 0.158704 0.011648 200 193 1000 1020 1000 1000 100 3
0.166667 0.161542 0.011701 200 184 1000 1034 1000 1000 100 3
0.166667 0.185313 0.012523 200 200 1000 948 1000 1000 100 3
0.166667 0.160340 0.012155 200 188 1000 943 1000 1000 100 3
0.166667 0.165039 0.011666 200 206 1000 1017 1000 1000 100 3
0.166667 0.167319 0.012275 200 201 1000 964 1000 1000 100 3
0.166667 0.180077 0.012204 200 218 1000 1017 1000 1000 100 3
0.166667 0.177489 0.011926 200 231 1000 1004 1000 1000 100 3
0.166667 0.163601 0.011814 200 214 1000 1018 1000 1000 100 3
0.166667 0.166975 0.012378 200 191 1000 955 1000 1000 100 3
0.166667 0.156729 0.011609 200 180 1000 993 1000 1000 100 3
0.166667 0.166843 0.012035 200 208 1000 980 1000 1000 100 3
0.166667 0.171881 0.012457 200 197 1000 943 1000 1000 100 3
0.166667 0.179477 0.012411 200 200 1000 969 1000 1000 100 3
0.166667 0.189872 0.012120 200 233 1000 1003 1000 1000 100 3
0.166667 0.181065 0.011937 200 216 1000 1016 1000 1000 100 3
0.166667 0.174277 0.012273 200 201 1000 971 1000 1000 100 3
0.166667 0.169995 0.011567 200 206 1000 1058 1000 1000 100 3
0.166667 0.160183 0.012031 200 182 1000 954 1000 1000 100 3
0.166667 0.152737 0.011624 200 186 1000 999 1000 1000 100 3
0.166667 0.156637 0.011855 200 188 1000 996 1000 1000 100 3
0.166667 0.152179 0.011354 200 198 1000 1038 1000 1000 100 3
0.166667 0.177164 0.011886 200 214 1000 1010 1000 1000 100 3
0.166667 0.163335 0.012040 200 194 1000 955 1000 1000 100 3
0.166667 0.184050 0.012206 200 226 1000 1002 1000 1000 100 3
0.166667 0.163905 0.011807 200 194 1000 1010 1000 1000 100 3
0.166667 0.159388 0.011809 200 188 1000 989 1000 1000 100 3
0.166667 0.167434 0.011677 200 215 1000 1014 1000 1000 100 3
0.166667 0.163180 0.011595 200 200 1000 1010 1000 1000 100 3
0.166667 0.159117 0.011861 200 195 1000 986 1000 1000 100 3
0.166667 0.149312 0.011628 200 187 1000 997 1000 1000 100 3
0.166667 0.162203 0.011989 200 189 1000 986 1000 1000 100 3
0.166667 0.164891 0.011557 200 206 1000 1017 1000 1000 100 3
0.166667 0.164647 0.011732 200 214 1000 1036 1000 1000 100 3
0.166667 0.170336 0.011994 200 207 1000 1011 1000 1000 100 3
0.166667 0.170464 0.011903 200 205 1000 1012 1000 1000 100 3
0.166667 0.168237 0.011596 200 206 1000 1047 1000 1000 100 3
0.166667 0.144492 0.011217 200 169 1000 1019 1000 1000 100 3
0.166667 0.151048 0.011385 200 187 1000 1021 1000 1000 100 3
0.166667 0.179806 0.012109 200 205 1000 963 1000 1000 100 3
0.166667 0.173377 0.011954 200 206 1000 989 1000 1000 100 3
0.166667 0.166674 0.011651 200 198 1000 1022 1000 1000 100 3
0.166667 0.177676 0.012061 200 206 1000 993 1000 1000 100 3
0.166667 0.180968 0.011973 200 207 1000 1025 1000 1000 100 3
0.166667 0.161081 0.011780 200 195 1000 1030 1000 1000 100 3
0.166667 0.169378 0.011786 200 197 1000 1000 1000 1000 100 3
0.166667 0.168463 0.011871 200 198 1000 1021 1000 1000 100 3
0.166667 0.179825 0.012442 200 206 1000 975 1000 1000 100 3
0.166667 0.153290 0.011731 200 180 1000 989 1000 1000 100 3
0.166667 0.159994 0.011921 200 205 1000 1004 1000 1000 100 3
0.166667 0.166547 0.012032 200 196 1000 976 1000 1000 100 3
0.166667 0.161409 0.011889 200 191 1000 985 1000 1000 100 3
0.166667 0.168406 0.012290 200 199 1000 942 1000 1000 100 3
0.166667 0.187679 0.011996 200 245 1000 1037 1000 1000 100 3
0.166667 0.178862 0.011903 200 220 1000 1039 1000 1000 100 3
0.166667 0.162165 0.011506 200 191 1000 1022 1000 1000 100 3
0.166667 0.161755 0.012067 200 188 1000 980 1000 1000 100 3
0.166667 0.184398 0.012488 200 199 1000 934 1000 1000 100 3
0.166667 0.161710 0.011553 200 192 1000 1014 1000 1000 100 3
0.166667 0.162780 0.011818 200 201 1000 1002 1000 1000 100 3
0.166667 0.142064 0.011529 200 163 1000 959 1000 1000 100 3
0.166667 0.181443 0.012169 200 214 1000 1002 1000 1000 100 3
0.166667 0.154504 0.011380 200 195 1000 1055 1000 1000 100 3
0.166667 0.173862 0.011675 200 203 1000 1036 1000 1000 100 3
0.166667 0.170988 0.012165 200 206 1000 988 1000 1000 100 3
0.166667 0.190191 0.012422 200 238 1000 961 1000 1000 100 3
0.166667 0.156121 0.011723 200 205 1000 996 1000 1000 100 3
0.166667 0.165086 0.011576 200 202 1000 1012 1000 1000 100 3
0.166667 0.176933 0.012329 200 220 1000 981 1000 1000 100 3
0.166667 0.176278 0.012043 200 221 1000 999 1000 1000 100 3
0.166667 0.186778 0.012424 200 215 1000 995 1000 1000 100 3
0.166667 0.162500 0.011763 200 211 1000 1011 1000 1000 100 3
0.166667 0.189222 0.012186 200 225 1000 1017 1000 1000 100 3
0.166667 0.171330 0.012046 200 196 1000 977 1000 1000 100 3
0.166667 0.183638 0.012115 200 211 1000 984 1000 1000 100 3
0.166667 0.140789 0.010943 200 175 1000 1074 1000 1000 100 3
0.166667 0.146524 0.011319 200 172 1000 1029 1000 1000 100 3
0.166667 0.178114 0.011990 200 213 1000 982 1000 1000 100 3
0.166667 0.186803 0.012380 200 220 1000 971 1000 1000 100 3
0.166667 0.182443 0.012542 200 209 1000 949 1000 1000 100 3
0.166667 0.157274 0.011641 200 189 1000 1017 1000 1000 100 3
0.166667 0.184287 0.011796 200 229 1000 1045 1000 1000 100 3
0.166667 0.182550 0.012012 200 241 1000 1029 1000 1000 100 3
0.166667 0.172104 0.012079 200 200 1000 972 1000 1000 100 3
0.166667 0.168535 0.011980 200 191 1000 973 1000 1000 100 3
0.166667 0.185670 0.012133 200 222 1000 1024 1000 1000 100 3
0.166667 0.147396 0.011490 200 189 1000 1004 1000 1000 100 3
0.166667 0.178940 0.012011 200 214 1000 1029 1000 1000 100 3
0.166667 0.162564 0.012329 200 194 1000 947 1000 1000 100 3
0.166667 0.168080 0.011909 200 196 1000 989 1000 1000 100 3
0.166667 0.179912 0.012209 200 199 1000 966 1000 1000 100 3
0.166667 0.196170 0.012893 200 218 1000 910 1000 1000 100 3
0.166667 0.173429 0.012139 200 203 1000 985 1000 1000 100 3
0.166667 0.177558 0.011933 200 207 1000 991 1000 1000 100 3
0.166667 0.133915 0.011044 200 182 1000 1085 1000 1000 100 3
0.166667 0.175409 0.011869 200 221 1000 1024 1000 1000 100 3
0.166667 0.157624 0.011454 200 179 1000 1041 1000 1000 100 3
0.166667 0.152409 0.011484 200 185 1000 1007 1000 1000 100 3
0.166667 0.179721 0.011673 200 219 1000 1066 1000 1000 100 3
0.166667 0.174249 0.012140 200 206 1000 957 1000 1000 100 3
0.166667 0.159836 0.012054 200 186 1000 978 1000 1000 100 3
0.166667 0.170269 0.011377 200 210 1000 1075 1000 1000 100 3
0.166667 0.192564 0.012229 200 236 1000 999 1000 1000 100 3
0.166667 0.161904 0.011868 200 192 1000 988 1000 1000 100 3
0.166667 0.184236 0.012326 200 209 1000 992 1000 1000 100 3
0.166667 0.166201 0.011619 200 188 1000 1021 1000 1000 100 3
0.166667 0.181779 0.012615 200 212 1000 926 1000 1000 100 3
0.166667 0.183972 0.012135 200 225 1000 1010 1000 1000 100 3
0.166667 0.179073 0.012314 200 215 1000 987 1000 1000 100 3
0.166667 0.188410 0.012622 200 216 1000 941 1000 1000 100 3
0.166667 0.168842 0.012114 200 208 1000 977 1000 1000 100 3
0.166667 0.177630 0.012044 200 207 1000 992 1000 1000 100 3
0.166667 0.172623 0.011848 200 210 1000 1027 1000 1000 100 3
0.166667 0.172608 0.012139 200 220 1000 1006 1000 1000 100 3
0.166667 0.175242 0.012058 200 207 1000 1008 1000 1000 100 3
0.166667 0.140803 0.011117 200 172 1000 1055 1000 1000 100 3
0.166667 0.161847 0.011778 200 192 1000 999 1000 1000 100 3
0.166667 0.152467 0.011493 200 195 1000 1023 1000 1000 100 3
0.166667 0.173668 0.012064 200 202 1000 1005 1000 1000 100 3
0.166667 0.145699 0.011609 200 171 1000 1010 1000 1000 100 3
0.166667 0.158311 0.012094 200 207 1000 979 1000 1000 100 3
0.166667 0.167213 0.012009 200 200 1000 1009 1000 1000 100 3
0.166667 0.164992 0.011559 200 203 1000 1041 1000 1000 100 3
0.166667 0.176534 0.011718 200 215 1000 1052 1000 1000 100 3
0.166667 0.159807 0.011724 200 183 1000 1018 1000 1000 100 3
0.166667 0.178356 0.011862 200 207 1000 1017 1000 1000 100 3
0.166667 0.174928 0.012090 200 195 1000 985 1000 1000 100 3
0.166667 0.182847 0.012138 200 206 1000 990 1000 1000 100 3
0.166667 0.169616 0.011933 200 201 1000 987 1000 1000 100 3
0.166667 0.173187 0.012102 200 213 1000 975 1000 1000 100 3
0.166667 0.155735 0.011544 200 189 1000 1022 1000 1000 100 3
0.166667 0.148538 0.011390 200 187 1000 1013 1000 1000 100 3
0.166667 0.165089 0.011609 200 224 1000 1053 1000 1000 100 3
0.166667 0.149889 0.011527 200 185 1000 1021 1000 1000 100 3
0.166667 0.175302 0.012163 200 213 1000 997 1000 1000 100 3
0.166667 0.174200 0.011898 200 218 1000 1020 1000 1000 100 3
0.166667 0.167258 0.011795 200 192 1000 998 1000 1000 100 3
0.166667 0.162494 0.011784 200 195 1000 1005 1000 1000 100 3
0.166667 0.174248 0.012221 200 196 1000 955 1000 1000 100 3
0.166667 0.172718 0.011894 200 202 1000 1009 1000 1000 100 3
0.166667 0.150892 0.011447 200 180 1000 1033 1000 1000 100 3
0.166667 0.175826 0.012048 200 198 1000 1000 1000 1000 100 3
0.166667 0.161150 0.011640 200 189 1000 1004 1000 1000 100 3
0.166667 0.202572 0.012821 200 211 1000 912 1000 1000 100 3
0.166667 0.148261 0.011617 200 190 1000 1017 1000 1000 100 3
0.166667 0.178195 0.012127 200 211 1000 985 1000 1000 100 3
0.166667 0.168401 0.012218 200 206 1000 960 1000 1000 100 3
0.166667 0.177851 0.012040 200 203 1000 1006 1000 1000 100 3
0.166667 0.174010 0.011758 200 207 1000 1010 1000 1000 100 3
0.166667 0.190709 0.012718 200 222 1000 933 1000 1000 100 3
0.166667 0.167645 0.011786 200 197 1000 1010 1000 1000 100 3
0.166667 0.177658 0.012198 200 210 1000 1011 1000 1000 100 3
0.166667 0.158131 0.011682 200 196 1000 1017 1000 1000 100 3
0.166667 0.198971 0.012678 200 211 1000 949 1000 1000 100 3
0.166667 0.182176 0.011997 200 217 1000 1011 1000 1000 100 3
0.166667 0.155823 0.011477 200 188 1000 1039 1000 1000 100 3
0.166667 0.175606 0.012004 200 213 1000 994 1000 1000 100 3
