0.166667 0.198192 0.000031 200 211 1000 1017 1000 1000 100 3
0.166667 0.165353 0.012261 200 198 1000 955 1000 1000 100 3
0.166667 0.161392 0.010784 200 178 1000 960 1000 1000 100 3
0.166667 0.182013 0.022001 200 218 1000 998 1000 1000 100 3
0.166667 0.176942 0.005220 200 208 1000 981 1000 1000 100 3
0.166667 0.176942 0.005220 200 203 1000 976 1000 1000 100 3
0.166667 0.160284 0.011758 200 192 1000 994 1000 1000 100 3
0.166667 0.167049 0.000518 200 186 1000 971 1000 1000 100 3
0.166667 0.203576 0.007278 200 229 1000 924 1000 1000 100 3
0.166667 0.179381 0.902203 200 194 1000 979 1000 1000 100 3
0.166667 0.179381 0.902203 200 195 1000 1021 1000 1000 100 3
0.166667 0.176693 0.012168 200 207 1000 980 1000 1000 100 3
0.166667 0.173500 0.015649 200 209 1000 999 1000 1000 100 3
0.166667 0.183166 0.014991 200 206 1000 1007 1000 1000 100 3
0.166667 0.175074 0.012028 200 200 1000 976 1000 1000 100 3
0.166667 0.165699 0.012074 200 194 1000 970 1000 1000 100 3
0.166667 0.180199 0.012338 200 221 1000 976 1000 1000 100 3
0.166667 0.160319 0.023195 200 178 1000 991 1000 1000 100 3
0.166667 0.144786 0.004257 200 175 1000 1003 1000 1000 100 3
0.166667 0.154992 0.015072 200 194 1000 1052 1000 1000 100 3
0.166667 0.185336 0.000487 200 222 1000 1000 1000 1000 100 3
0.166667 0.185336 0.000487 200 227 1000 961 1000 1000 100 3
0.166667 0.185336 0.000487 200 211 1000 976 1000 1000 100 3
0.166667 0.200000 0.000101 200 188 1000 916 1000 1000 100 3
0.166667 0.197086 0.024864 200 231 1000 973 1000 1000 100 3
0.166667 0.162197 0.011854 200 205 1000 1033 1000 1000 100 3
0.166667 0.162197 0.011854 200 211 1000 1054 1000 1000 100 3
0.166667 0.176819 0.020782 200 222 1000 1013 1000 1000 100 3
0.166667 0.164449 0.019030 200 194 1000 1036 1000 1000 100 3
0.166667 0.166880 0.024475 200 188 1000 991 1000 1000 100 3
0.166667 0.189795 nan 200 198 1000 980 1000 1000 100 3
0.166667 0.189795 nan 200 210 1000 1029 1000 1000 100 3
0.166667 0.192846 0.000138 200 198 1000 1024 1000 1000 100 3
0.166667 0.150731 0.018460 200 178 1000 1002 1000 1000 100 3
0.166667 0.164730 0.002232 200 212 1000 1060 1000 1000 100 3
0.166667 0.153939 0.005512 200 198 1000 995 1000 1000 100 3
0.166667 0.176410 0.007209 200 192 1000 990 1000 1000 100 3
0.166667 0.177914 0.012585 200 200 1000 951 1000 1000 100 3
0.166667 0.177385 0.025178 200 218 1000 980 1000 1000 100 3
0.166667 0.177385 0.025178 200 194 1000 993 1000 1000 100 3
0.166667 0.160293 0.020115 200 182 1000 991 1000 1000 100 3
0.166667 0.186685 0.012294 200 215 1000 975 1000 1000 100 3
0.166667 0.179532 0.012505 200 207 1000 937 1000 1000 100 3
0.166667 0.178202 0.012179 200 206 1000 962 1000 1000 100 3
0.166667 0.157044 0.009262 200 191 1000 1005 1000 1000 100 3
0.166667 0.160099 0.020164 200 199 1000 983 1000 1000 100 3
0.166667 0.160099 0.020164 200 225 1000 964 1000 1000 100 3
0.166667 0.173853 0.030042 200 217 1000 1012 1000 1000 100 3
0.166667 0.167172 0.001990 200 190 1000 972 1000 1000 100 3
0.166667 0.194774 0.027737 200 215 1000 960 1000 1000 100 3
0.166667 0.154959 0.016644 200 184 1000 1042 1000 1000 100 3
0.166667 0.156326 0.011913 200 172 1000 1009 1000 1000 100 3
0.166667 0.167168 0.021943 200 196 1000 984 1000 1000 100 3
0.166667 0.153604 0.005327 200 171 1000 1032 1000 1000 100 3
0.166667 0.182113 0.014833 200 205 1000 981 1000 1000 100 3
0.166667 0.180501 0.000613 200 212 1000 961 1000 1000 100 3
0.166667 0.175371 0.002066 200 212 1000 1002 1000 1000 100 3
0.166667 0.175371 0.002066 200 190 1000 968 1000 1000 100 3
0.166667 0.174346 0.015516 200 200 1000 1031 1000 1000 100 3
0.166667 0.191286 0.021830 200 225 1000 975 1000 1000 100 3
0.166667 0.163398 0.022001 200 192 1000 1011 1000 1000 100 3
0.166667 0.174895 0.011729 200 204 1000 1022 1000 1000 100 3
0.166667 0.184895 0.013052 200 215 1000 1027 1000 1000 100 3
0.166667 0.192516 0.000180 200 194 1000 1002 1000 1000 100 3
0.166667 0.161936 0.011842 200 206 1000 1002 1000 1000 100 3
0.166667 0.181422 0.012066 200 193 1000 967 1000 1000 100 3
0.166667 0.169421 0.021410 200 197 1000 1033 1000 1000 100 3
0.166667 0.167337 0.020219 200 195 1000 1013 1000 1000 100 3
0.166667 0.174445 0.010200 200 204 1000 997 1000 1000 100 3
0.166667 0.188876 0.012415 200 196 1000 967 1000 1000 100 3
0.166667 0.197337 0.012688 200 207 1000 931 1000 1000 100 3
0.166667 0.193696 0.000605 200 219 1000 979 1000 1000 100 3
0.166667 0.193696 0.000605 200 206 1000 1019 1000 1000 100 3
0.166667 0.205014 0.029247 200 249 1000 1017 1000 1000 100 3
0.166667 0.159020 0.023651 200 185 1000 976 1000 1000 100 3
0.166667 0.173423 0.012445 200 194 1000 937 1000 1000 100 3
0.166667 0.173423 0.012445 200 211 1000 966 1000 1000 100 3
0.166667 0.203438 0.011769 200 221 1000 927 1000 1000 100 3
0.166667 0.191874 0.000366 200 189 1000 999 1000 1000 100 3
0.166667 0.162282 0.011417 200 195 1000 1048 1000 1000 100 3
0.166667 0.176407 0.000228 200 188 1000 990 1000 1000 100 3
0.166667 0.168311 0.009230 200 207 1000 1013 1000 1000 100 3
0.166667 0.165072 0.019929 200 201 1000 1019 1000 1000 100 3
0.166667 0.149058 0.011783 200 187 1000 971 1000 1000 100 3
0.166667 0.149058 0.011783 200 203 1000 987 1000 1000 100 3
0.166667 0.179078 0.012376 200 199 1000 931 1000 1000 100 3
0.166667 0.151045 0.023475 200 194 1000 1049 1000 1000 100 3
0.166667 0.170672 0.005592 200 201 1000 992 1000 1000 100 3
0.166667 0.192329 0.000032 200 175 1000 977 1000 1000 100 3
0.166667 0.179987 0.901803 200 227 1000 1034 1000 1000 100 3
0.166667 0.182620 0.012813 200 198 1000 930 1000 1000 100 3
0.166667 0.141096 0.010364 200 182 1000 1071 1000 1000 100 3
0.166667 0.162250 0.011693 200 186 1000 1014 1000 1000 100 3
0.166667 0.159397 0.015173 200 178 1000 947 1000 1000 100 3
0.166667 0.159397 0.015173 200 185 1000 1071 1000 1000 100 3
0.166667 0.176273 0.005341 200 198 1000 959 1000 1000 100 3
0.166667 0.159146 0.011716 200 192 1000 1022 1000 1000 100 3
0.166667 0.159146 0.011716 200 201 1000 982 1000 1000 100 3
0.166667 0.164699 0.011948 200 195 1000 1012 1000 1000 100 3
0.166667 0.178493 0.011994 200 203 1000 1005 1000 1000 100 3
0.166667 0.160731 0.014269 200 185 1000 1010 1000 1000 100 3
0.166667 0.177284 0.011689 200 209 1000 1066 1000 1000 100 3
0.166667 0.158804 0.013670 200 179 1000 976 1000 1000 100 3
0.166667 0.149561 0.015668 200 178 1000 1007 1000 1000 100 3
0.166667 0.168175 0.008920 200 204 1000 1023 1000 1000 100 3
0.166667 0.194653 0.000007 200 210 1000 1013 1000 1000 100 3
0.166667 0.200000 0.000076 200 199 1000 974 1000 1000 100 3
0.166667 0.180159 0.012282 200 197 1000 967 1000 1000 100 3
0.166667 0.200000 0.000177 200 203 1000 1003 1000 1000 100 3
0.166667 0.166633 0.013780 200 181 1000 953 1000 1000 100 3
0.166667 0.172835 0.017949 200 210 1000 1020 1000 1000 100 3
0.166667 0.169116 0.012271 200 192 1000 966 1000 1000 100 3
0.166667 0.175138 0.012160 200 200 1000 981 1000 1000 100 3
0.166667 0.145640 0.010851 200 173 1000 994 1000 1000 100 3
0.166667 0.169443 0.012225 200 192 1000 979 1000 1000 100 3
0.166667 0.169443 0.012225 200 214 1000 1024 1000 1000 100 3
0.166667 0.169443 0.012225 200 203 1000 1011 1000 1000 100 3
0.166667 0.165401 0.012188 200 203 1000 963 1000 1000 100 3
0.166667 0.165401 0.012188 200 190 1000 1035 1000 1000 100 3
0.166667 0.158940 0.027536 200 196 1000 1026 1000 1000 100 3
0.166667 0.200000 0.000324 200 239 1000 1043 1000 1000 100 3
0.166667 0.192369 0.011109 200 219 1000 924 1000 1000 100 3
0.166667 0.192369 0.011109 200 212 1000 1047 1000 1000 100 3
0.166667 0.192369 0.011109 200 205 1000 1005 1000 1000 100 3
0.166667 0.157938 0.016185 200 192 1000 1032 1000 1000 100 3
0.166667 0.157938 0.016185 200 177 1000 994 1000 1000 100 3
0.166667 0.174936 0.006587 200 192 1000 1018 1000 1000 100 3
0.166667 0.172333 0.021805 200 207 1000 1004 1000 1000 100 3
0.166667 0.147470 0.011428 200 185 1000 1027 1000 1000 100 3
0.166667 0.158304 0.000430 200 175 1000 1003 1000 1000 100 3
0.166667 0.158304 0.000430 200 188 1000 996 1000 1000 100 3
0.166667 0.181122 0.012148 200 204 1000 1002 1000 1000 100 3
0.166667 0.188138 0.012266 200 225 1000 988 1000 1000 100 3
0.166667 0.188138 0.012266 200 215 1000 1000 1000 1000 100 3
0.166667 0.174017 0.013968 200 184 1000 953 1000 1000 100 3
0.166667 0.199984 0.000398 200 202 1000 967 1000 1000 100 3
0.166667 0.199984 0.000398 200 198 1000 997 1000 1000 100 3
0.166667 0.167078 0.014599 200 196 1000 1013 1000 1000 100 3
0.166667 0.153874 0.029106 200 186 1000 1025 1000 1000 100 3
0.166667 0.197540 0.020899 200 201 1000 902 1000 1000 100 3
0.166667 0.157259 0.019481 200 179 1000 1010 1000 1000 100 3
0.166667 0.157259 0.019481 200 186 1000 987 1000 1000 100 3
0.166667 0.158883 0.011996 200 194 1000 996 1000 1000 100 3
0.166667 0.180648 0.009363 200 211 1000 972 1000 1000 100 3
0.166667 0.171207 0.011833 200 212 1000 1035 1000 1000 100 3
0.166667 0.171207 0.011833 200 178 1000 1041 1000 1000 100 3
0.166667 0.200000 0.000457 200 206 1000 950 1000 1000 100 3
0.166667 0.188160 0.021885 200 222 1000 1006 1000 1000 100 3
0.166667 0.189591 0.021081 200 221 1000 1000 1000 1000 100 3
0.166667 0.155128 0.011027 200 180 1000 1072 1000 1000 100 3
0.166667 0.155128 0.011027 200 205 1000 975 1000 1000 100 3
0.166667 0.168788 0.010331 200 198 1000 979 1000 1000 100 3
0.166667 0.160167 0.012474 200 194 1000 1003 1000 1000 100 3
0.166667 0.150478 0.011800 200 173 1000 1041 1000 1000 100 3
0.166667 0.193097 nan 200 185 1000 1000 1000 1000 100 3
0.166667 0.181982 0.017475 200 222 1000 979 1000 1000 100 3
0.166667 0.182244 0.000062 200 194 1000 998 1000 1000 100 3
0.166667 0.168640 0.022144 200 194 1000 992 1000 1000 100 3
0.166667 0.168640 0.022144 200 213 1000 1048 1000 1000 100 3
0.166667 0.168640 0.022144 200 205 1000 1020 1000 1000 100 3
0.166667 0.167890 0.029523 200 186 1000 1008 1000 1000 100 3
0.166667 0.167890 0.029523 200 203 1000 1064 1000 1000 100 3
0.166667 0.194485 0.000330 200 195 1000 988 1000 1000 100 3
0.166667 0.148578 0.014890 200 187 1000 1035 1000 1000 100 3
0.166667 0.138308 0.013701 200 166 1000 1039 1000 1000 100 3
0.166667 0.176982 0.002891 200 199 1000 954 1000 1000 100 3
0.166667 0.174928 0.011997 200 197 1000 971 1000 1000 100 3
0.166667 0.152575 0.014915 200 178 1000 1027 1000 1000 100 3
0.166667 0.175010 0.011763 200 212 1000 1003 1000 1000 100 3
0.166667 0.189493 0.012867 200 201 1000 904 1000 1000 100 3
0.166667 0.169467 0.016971 200 203 1000 992 1000 1000 100 3
0.166667 0.148788 0.012459 200 178 1000 997 1000 1000 100 3
0.166667 0.152498 0.012131 200 177 1000 1071 1000 1000 100 3
0.166667 0.152498 0.012131 200 189 1000 989 1000 1000 100 3
0.166667 0.176364 0.016755 200 235 1000 1049 1000 1000 100 3
0.166667 0.176013 nan 200 188 1000 960 1000 1000 100 3
0.166667 0.176013 nan 200 200 1000 1033 1000 1000 100 3
0.166667 0.160407 0.015310 200 199 1000 991 1000 1000 100 3
0.166667 0.159908 0.021950 200 189 1000 1014 1000 1000 100 3
0.166667 0.195806 0.023037 200 232 1000 1011 1000 1000 100 3
0.166667 0.161362 0.011381 200 194 1000 1039 1000 1000 100 3
0.166667 0.162962 0.019816 200 198 1000 988 1000 1000 100 3
0.166667 0.157537 0.022066 200 177 1000 1007 1000 1000 100 3
0.166667 0.157537 0.022066 200 202 1000 1011 1000 1000 100 3
0.166667 0.194578 0.000180 200 203 1000 1006 1000 1000 100 3
0.166667 0.194578 0.000180 200 186 1000 938 1000 1000 100 3
0.166667 0.194578 0.000180 200 198 1000 1002 1000 1000 100 3
0.166667 0.176529 0.000165 200 214 1000 1100 1000 1000 100 3
0.166667 0.189532 nan 200 180 1000 1021 1000 1000 100 3
0.166667 0.187751 0.000103 200 192 1000 1007 1000 1000 100 3
0.166667 0.147284 0.020354 200 168 1000 985 1000 1000 100 3
0.166667 0.182271 0.012084 200 196 1000 979 1000 1000 100 3
0.166667 0.164432 0.014165 200 196 1000 1037 1000 1000 100 3
0.166667 0.169220 0.008997 200 198 1000 992 1000 1000 100 3
0.166667 0.162944 0.011844 200 191 1000 990 1000 1000 100 3
0.166667 0.188740 0.012246 200 210 1000 979 1000 1000 100 3
0.166667 0.187218 0.000260 200 214 1000 1016 1000 1000 100 3
0.166667 0.185969 0.012593 200 232 1000 972 1000 1000 100 3
0.166667 0.152391 0.014981 200 185 1000 1030 1000 1000 100 3
0.166667 0.159222 0.011495 200 189 1000 1017 1000 1000 100 3
0.166667 0.159222 0.011495 200 194 1000 992 1000 1000 100 3
0.166667 0.164471 0.011788 200 196 1000 1022 1000 1000 100 3
0.166667 0.158884 0.011895 200 184 1000 960 1000 1000 100 3
0.166667 0.174856 0.027107 200 199 1000 1003 1000 1000 100 3
0.166667 0.174856 0.027107 200 202 1000 1021 1000 1000 100 3
0.166667 0.177568 0.000286 200 182 1000 1010 1000 1000 100 3
0.166667 0.162826 0.014913 200 184 1000 934 1000 1000 100 3
0.166667 0.178315 0.015703 200 207 1000 972 1000 1000 100 3
0.166667 0.186315 0.008597 200 213 1000 982 1000 1000 100 3
0.166667 0.167576 0.011870 200 205 1000 1005 1000 1000 100 3
0.166667 0.176219 0.014253 200 201 1000 956 1000 1000 100 3
0.166667 0.150838 0.011907 200 179 1000 982 1000 1000 100 3
0.166667 0.144374 0.018353 200 185 1000 1021 1000 1000 100 3
0.166667 0.165692 0.012236 200 201 1000 1014 1000 1000 100 3
0.166667 0.152309 0.010282 200 183 1000 991 1000 1000 100 3
0.166667 0.152309 0.010282 200 199 1000 1030 1000 1000 100 3
0.166667 0.177072 0.012528 200 191 1000 935 1000 1000 100 3
0.166667 0.179598 nan 200 199 1000 1057 1000 1000 100 3
0.166667 0.179598 nan 200 214 1000 1009 1000 1000 100 3
0.166667 0.161927 0.012014 200 202 1000 995 1000 1000 100 3
0.166667 0.161927 0.012014 200 182 1000 934 1000 1000 100 3
0.166667 0.181794 0.004927 200 225 1000 973 1000 1000 100 3
0.166667 0.181794 0.004927 200 211 1000 969 1000 1000 100 3
0.166667 0.173666 0.028746 200 198 1000 996 1000 1000 100 3
0.166667 0.155769 0.018209 200 188 1000 1019 1000 1000 100 3
0.166667 0.177849 nan 200 169 1000 1005 1000 1000 100 3
0.166667 0.178071 0.006510 200 204 1000 999 1000 1000 100 3
0.166667 0.185410 0.019186 200 226 1000 1052 1000 1000 100 3
0.166667 0.182853 0.012028 200 215 1000 1022 1000 1000 100 3
0.166667 0.188174 0.000387 200 195 1000 994 1000 1000 100 3
0.166667 0.188174 0.000387 200 197 1000 969 1000 1000 100 3
0.166667 0.178397 0.004150 200 202 1000 993 1000 1000 100 3
0.166667 0.155709 0.005269 200 196 1000 1003 1000 1000 100 3
0.166667 0.182683 0.000008 200 218 1000 1009 1000 1000 100 3
0.166667 0.182683 0.000008 200 206 1000 980 1000 1000 100 3
0.166667 0.155478 0.021659 200 196 1000 1005 1000 1000 100 3
0.166667 0.155478 0.021659 200 227 1000 1062 1000 1000 100 3
0.166667 0.166537 0.012660 200 205 1000 1030 1000 1000 100 3
0.166667 0.158940 0.010038 200 181 1000 1000 1000 1000 100 3
0.166667 0.158940 0.010038 200 207 1000 1002 1000 1000 100 3
0.166667 0.169471 0.006068 200 199 1000 1005 1000 1000 100 3
0.166667 0.161002 0.011769 200 207 1000 1017 1000 1000 100 3
0.166667 0.180969 0.014362 200 209 1000 1014 1000 1000 100 3
0.166667 0.170179 0.011947 200 199 1000 983 1000 1000 100 3
0.166667 0.166826 0.011875 200 196 1000 991 1000 1000 100 3
0.166667 0.161165 0.025305 200 182 1000 1019 1000 1000 100 3
0.166667 0.161938 0.011538 200 202 1000 1052 1000 1000 100 3
0.166667 0.182923 0.021523 200 236 1000 1013 1000 1000 100 3
0.166667 0.171572 0.005667 200 222 1000 1004 1000 1000 100 3
0.166667 0.173463 0.025757 200 204 1000 1020 1000 1000 100 3
0.166667 0.183567 0.011839 200 214 1000 1014 1000 1000 100 3
0.166667 0.185582 0.012318 200 224 1000 993 1000 1000 100 3
0.166667 0.158910 0.013050 200 193 1000 1032 1000 1000 100 3
0.166667 0.158910 0.013050 200 178 1000 994 1000 1000 100 3
0.166667 0.158910 0.013050 200 227 1000 1028 1000 1000 100 3
0.166667 0.161307 0.001210 200 196 1000 1053 1000 1000 100 3
0.166667 0.170166 0.025631 200 202 1000 1006 1000 1000 100 3
0.166667 0.170166 0.025631 200 208 1000 1023 1000 1000 100 3
0.166667 0.186211 0.012230 200 211 1000 963 1000 1000 100 3
0.166667 0.184795 0.007067 200 199 1000 984 1000 1000 100 3
0.166667 0.165981 0.012178 200 184 1000 962 1000 1000 100 3
0.166667 0.174178 0.004312 200 205 1000 1009 1000 1000 100 3
0.166667 0.159998 0.005269 200 204 1000 1054 1000 1000 100 3
0.166667 0.167200 0.017443 200 201 1000 999 1000 1000 100 3
0.166667 0.157579 0.012822 200 190 1000 1013 1000 1000 100 3
0.166667 0.192839 0.000391 200 191 1000 975 1000 1000 100 3
0.166667 0.200000 0.000147 200 198 1000 962 1000 1000 100 3
0.166667 0.186161 0.021127 200 220 1000 997 1000 1000 100 3
0.166667 0.179625 0.011762 200 217 1000 1032 1000 1000 100 3
0.166667 0.173402 0.016051 200 199 1000 1019 1000 1000 100 3
0.166667 0.184320 0.015626 200 205 1000 968 1000 1000 100 3
0.166667 0.182844 0.005928 200 209 1000 1028 1000 1000 100 3
0.166667 0.182844 0.005928 200 211 1000 1055 1000 1000 100 3
0.166667 0.200000 0.000204 200 188 1000 966 1000 1000 100 3
0.166667 0.177867 0.011625 200 199 1000 1058 1000 1000 100 3
0.166667 0.189179 0.018271 200 214 1000 1002 1000 1000 100 3
0.166667 0.199829 0.014604 200 214 1000 952 1000 1000 100 3
0.166667 0.163110 0.022128 200 200 1000 1046 1000 1000 100 3
0.166667 0.200000 0.018107 200 220 1000 985 1000 1000 100 3
0.166667 0.200000 0.018107 200 215 1000 1000 1000 1000 100 3
0.166667 0.157011 0.012731 200 190 1000 997 1000 1000 100 3
0.166667 0.192998 0.013545 200 229 1000 990 1000 1000 100 3
0.166667 0.182532 0.000232 200 203 1000 973 1000 1000 100 3
0.166667 0.167780 0.018973 200 181 1000 955 1000 1000 100 3
0.166667 0.167780 0.018973 200 198 1000 1007 1000 1000 100 3
0.166667 0.172158 0.012441 200 189 1000 925 1000 1000 100 3
0.166667 0.159024 0.006362 200 202 1000 1010 1000 1000 100 3
0.166667 0.183503 0.019774 200 215 1000 996 1000 1000 100 3
0.166667 0.178723 0.012028 200 197 1000 979 1000 1000 100 3
0.166667 0.185944 0.015356 200 212 1000 993 1000 1000 100 3
0.166667 0.154153 0.011774 200 186 1000 989 1000 1000 100 3
0.166667 0.164729 0.004597 200 196 1000 993 1000 1000 100 3
0.166667 0.147051 0.003394 200 169 1000 966 1000 1000 100 3
0.166667 0.186979 0.012792 200 228 1000 970 1000 1000 100 3
0.166667 0.156176 0.019904 200 194 1000 1005 1000 1000 100 3
0.166667 0.178444 0.020207 200 213 1000 1002 1000 1000 100 3
0.166667 0.192407 0.000051 200 193 1000 1035 1000 1000 100 3
0.166667 0.192407 0.000051 200 201 1000 1084 1000 1000 100 3
0.166667 0.191524 0.026924 200 208 1000 943 1000 1000 100 3
0.166667 0.161457 0.027032 200 181 1000 1022 1000 1000 100 3
0.166667 0.129487 0.018264 200 168 1000 1028 1000 1000 100 3
0.166667 0.178895 0.017449 200 214 1000 1045 1000 1000 100 3
0.166667 0.172326 0.011968 200 229 1000 1021 1000 1000 100 3
0.166667 0.166470 0.020651 200 193 1000 1005 1000 1000 100 3
0.166667 0.149364 0.013355 200 182 1000 980 1000 1000 100 3
0.166667 0.179354 0.016963 200 202 1000 986 1000 1000 100 3
0.166667 0.160201 0.008311 200 194 1000 1017 1000 1000 100 3
0.166667 0.158331 0.019899 200 188 1000 1024 1000 1000 100 3
0.166667 0.199207 0.013662 200 229 1000 945 1000 1000 100 3
0.166667 0.184132 0.011986 200 206 1000 1035 1000 1000 100 3
0.166667 0.183674 0.005255 200 230 1000 1030 1000 1000 100 3
0.166667 0.187363 0.005464 200 228 1000 1096 1000 1000 100 3
0.166667 0.187363 0.005464 200 226 1000 1002 1000 1000 100 3
0.166667 0.187363 0.005464 200 221 1000 1021 1000 1000 100 3
0.166667 0.170593 0.011428 200 216 1000 1045 1000 1000 100 3
0.166667 0.170593 0.011428 200 208 1000 1028 1000 1000 100 3
0.166667 0.160845 0.012089 200 195 1000 982 1000 1000 100 3
0.166667 0.170926 0.011213 200 196 1000 977 1000 1000 100 3
0.166667 0.163335 0.015430 200 183 1000 990 1000 1000 100 3
0.166667 0.184188 nan 200 196 1000 952 1000 1000 100 3
0.166667 0.165627 0.011930 200 191 1000 991 1000 1000 100 3
0.166667 0.145973 0.004209 200 183 1000 1004 1000 1000 100 3
0.166667 0.169882 0.010924 200 199 1000 1027 1000 1000 100 3
0.166667 0.170017 0.011736 200 205 1000 1026 1000 1000 100 3
0.166667 0.180697 0.000765 200 208 1000 975 1000 1000 100 3
0.166667 0.157321 0.028182 200 188 1000 955 1000 1000 100 3
0.166667 0.166538 0.019281 200 196 1000 1022 1000 1000 100 3
0.166667 0.166538 0.019281 200 192 1000 981 1000 1000 100 3
0.166667 0.165736 0.018844 200 195 1000 981 1000 1000 100 3
0.166667 0.165736 0.018844 200 208 1000 970 1000 1000 100 3
0.166667 0.165736 0.018844 200 184 1000 997 1000 1000 100 3
0.166667 0.164637 0.012065 200 187 1000 960 1000 1000 100 3
0.166667 0.173792 0.016996 200 197 1000 1014 1000 1000 100 3
0.166667 0.173792 0.016996 200 171 1000 1077 1000 1000 100 3
0.166667 0.199757 0.003750 200 220 1000 952 1000 1000 100 3
0.166667 0.199757 0.003750 200 207 1000 926 1000 1000 100 3
0.166667 0.174512 0.019525 200 212 1000 1028 1000 1000 100 3
0.166667 0.135380 0.018150 200 169 1000 1012 1000 1000 100 3
0.166667 0.157721 0.017739 200 198 1000 1013 1000 1000 100 3
0.166667 0.165349 0.007119 200 187 1000 993 1000 1000 100 3
0.166667 0.187994 0.012280 200 212 1000 970 1000 1000 100 3
0.166667 0.160948 0.001215 200 191 1000 991 1000 1000 100 3
0.166667 0.155753 0.011290 200 182 1000 1030 1000 1000 100 3
0.166667 0.200000 0.000068 200 209 1000 980 1000 1000 100 3
0.166667 0.170011 0.012452 200 199 1000 1006 1000 1000 100 3
0.166667 0.164803 0.011892 200 182 1000 996 1000 1000 100 3
0.166667 0.163320 0.011768 200 181 1000 978 1000 1000 100 3
0.166667 0.181528 0.012000 200 207 1000 1003 1000 1000 100 3
0.166667 0.176525 0.012803 200 208 1000 972 1000 1000 100 3
0.166667 0.153051 0.016221 200 202 1000 977 1000 1000 100 3
0.166667 0.153051 0.016221 200 196 1000 1042 1000 1000 100 3
0.166667 0.157191 0.014976 200 183 1000 1071 1000 1000 100 3
0.166667 0.180685 0.012038 200 210 1000 998 1000 1000 100 3
0.166667 0.181298 0.011817 200 211 1000 1006 1000 1000 100 3
0.166667 0.168481 0.011922 200 200 1000 1016 1000 1000 100 3
0.166667 0.178483 0.012146 200 205 1000 986 1000 1000 100 3
0.166667 0.195028 0.027279 200 225 1000 986 1000 1000 100 3
0.166667 0.173432 0.006065 200 201 1000 1030 1000 1000 100 3
0.166667 0.179406 0.012363 200 208 1000 946 1000 1000 100 3
0.166667 0.179406 0.012363 200 202 1000 988 1000 1000 100 3
0.166667 0.179406 0.012363 200 184 1000 1068 1000 1000 100 3
0.166667 0.178626 0.025804 200 217 1000 983 1000 1000 100 3
0.166667 0.178626 0.025804 200 190 1000 1001 1000 1000 100 3
0.166667 0.177911 0.011192 200 216 1000 1027 1000 1000 100 3
0.166667 0.177911 0.011192 200 210 1000 1052 1000 1000 100 3
0.166667 0.201497 0.023996 200 223 1000 944 1000 1000 100 3
0.166667 0.164181 0.016957 200 192 1000 1042 1000 1000 100 3
0.166667 0.144586 0.023467 200 179 1000 1033 1000 1000 100 3
0.166667 0.181433 0.011852 200 205 1000 1025 1000 1000 100 3
0.166667 0.181433 0.011852 200 199 1000 1020 1000 1000 100 3
0.166667 0.181433 0.011852 200 187 1000 953 1000 1000 100 3
0.166667 0.157639 0.003314 200 206 1000 1025 1000 1000 100 3
0.166667 0.172463 0.022415 200 210 1000 1039 1000 1000 100 3
0.166667 0.172463 0.022415 200 199 1000 1042 1000 1000 100 3
0.166667 0.141445 0.012856 200 172 1000 1004 1000 1000 100 3
0.166667 0.153545 0.007278 200 176 1000 987 1000 1000 100 3
0.166667 0.153545 0.007278 200 206 1000 984 1000 1000 100 3
0.166667 0.182732 0.012214 200 209 1000 992 1000 1000 100 3
0.166667 0.178774 0.014045 200 204 1000 977 1000 1000 100 3
0.166667 0.178774 0.014045 200 174 1000 974 1000 1000 100 3
0.166667 0.179264 0.002169 200 208 1000 1018 1000 1000 100 3
0.166667 0.187491 0.000215 200 209 1000 942 1000 1000 100 3
0.166667 0.200000 0.003354 200 233 1000 981 1000 1000 100 3
0.166667 0.182682 0.012075 200 223 1000 1004 1000 1000 100 3
0.166667 0.173764 0.024869 200 206 1000 1008 1000 1000 100 3
0.166667 0.164487 0.014005 200 209 1000 1048 1000 1000 100 3
0.166667 0.164487 0.014005 200 184 1000 960 1000 1000 100 3
0.166667 0.148608 0.009869 200 173 1000 993 1000 1000 100 3
0.166667 0.148608 0.009869 200 206 1000 1033 1000 1000 100 3
0.166667 0.185152 0.000153 200 185 1000 1005 1000 1000 100 3
0.166667 0.172517 0.012061 200 192 1000 991 1000 1000 100 3
0.166667 0.178539 0.022833 200 215 1000 1002 1000 1000 100 3
0.166667 0.178539 0.022833 200 189 1000 1033 1000 1000 100 3
0.166667 0.161800 0.011788 200 195 1000 1018 1000 1000 100 3
0.166667 0.161800 0.011788 200 190 1000 954 1000 1000 100 3
0.166667 0.154986 0.010185 200 193 1000 1019 1000 1000 100 3
0.166667 0.165525 0.001881 200 201 1000 1067 1000 1000 100 3
0.166667 0.171495 0.011962 200 190 1000 984 1000 1000 100 3
0.166667 0.178187 0.012154 200 205 1000 997 1000 1000 100 3
0.166667 0.166706 0.003583 200 199 1000 1020 1000 1000 100 3
0.166667 0.170987 0.013353 200 201 1000 989 1000 1000 100 3
0.166667 0.163369 0.912595 200 199 1000 1013 1000 1000 100 3
0.166667 0.163369 0.912595 200 186 1000 984 1000 1000 100 3
0.166667 0.173454 0.011605 200 209 1000 1047 1000 1000 100 3
0.166667 0.165101 0.011863 200 197 1000 1009 1000 1000 100 3
0.166667 0.168925 0.024989 200 193 1000 1018 1000 1000 100 3
0.166667 0.168925 0.024989 200 207 1000 1007 1000 1000 100 3
0.166667 0.168925 0.024989 200 202 1000 998 1000 1000 100 3
0.166667 0.168925 0.024989 200 200 1000 950 1000 1000 100 3
0.166667 0.172723 0.008107 200 199 1000 981 1000 1000 100 3
0.166667 0.172723 0.008107 200 193 1000 1070 1000 1000 100 3
0.166667 0.175167 0.011719 200 211 1000 1044 1000 1000 100 3
0.166667 0.157527 0.011541 200 188 1000 1024 1000 1000 100 3
0.166667 0.182322 0.028659 200 204 1000 965 1000 1000 100 3
0.166667 0.173150 0.032606 200 201 1000 1026 1000 1000 100 3
0.166667 0.187245 0.012101 200 241 1000 1019 1000 1000 100 3
0.166667 0.155949 0.023158 200 196 1000 959 1000 1000 100 3
0.166667 0.176818 0.012353 200 192 1000 976 1000 1000 100 3
0.166667 0.187306 0.026788 200 219 1000 975 1000 1000 100 3
0.166667 0.169240 0.011867 200 195 1000 995 1000 1000 100 3
0.166667 0.177974 0.006987 200 203 1000 987 1000 1000 100 3
0.166667 0.179352 0.012141 200 211 1000 998 1000 1000 100 3
0.166667 0.179352 0.012141 200 180 1000 1022 1000 1000 100 3
0.166667 0.158324 0.005788 200 199 1000 1010 1000 1000 100 3
0.166667 0.158324 0.005788 200 205 1000 1042 1000 1000 100 3
0.166667 0.193425 0.000017 200 200 1000 993 1000 1000 100 3
0.166667 0.189801 0.020434 200 227 1000 1055 1000 1000 100 3
0.166667 0.189801 0.020434 200 189 1000 950 1000 1000 100 3
0.166667 0.189801 0.020434 200 184 1000 1032 1000 1000 100 3
0.166667 0.154670 0.016553 200 183 1000 994 1000 1000 100 3
0.166667 0.191459 0.000091 200 197 1000 953 1000 1000 100 3
0.166667 0.176028 0.017033 200 200 1000 961 1000 1000 100 3
0.166667 0.179817 0.018815 200 200 1000 945 1000 1000 100 3
0.166667 0.179817 0.018815 200 193 1000 1010 1000 1000 100 3
0.166667 0.179817 0.018815 200 216 1000 1063 1000 1000 100 3
0.166667 0.149277 0.018305 200 191 1000 998 1000 1000 100 3
0.166667 0.166020 0.011898 200 188 1000 1000 1000 1000 100 3
0.166667 0.175179 nan 200 205 1000 1004 1000 1000 100 3
0.166667 0.187939 0.012321 200 212 1000 979 1000 1000 100 3
0.166667 0.175133 0.000503 200 198 1000 1040 1000 1000 100 3
0.166667 0.170984 0.023225 200 199 1000 1006 1000 1000 100 3
0.166667 0.169741 0.012101 200 212 1000 982 1000 1000 100 3
0.166667 0.167753 0.021317 200 215 1000 1019 1000 1000 100 3
0.166667 0.167753 0.021317 200 192 1000 1007 1000 1000 100 3
0.166667 0.173861 0.028787 200 200 1000 999 1000 1000 100 3
0.166667 0.170511 0.015611 200 198 1000 980 1000 1000 100 3
0.166667 0.170511 0.015611 200 182 1000 990 1000 1000 100 3
0.166667 0.173728 0.019978 200 206 1000 993 1000 1000 100 3
0.166667 0.157985 0.011656 200 195 1000 1003 1000 1000 100 3
0.166667 0.172683 0.006195 200 218 1000 1017 1000 1000 100 3
0.166667 0.190980 0.021951 200 219 1000 963 1000 1000 100 3
0.166667 0.163557 0.028527 200 199 1000 997 1000 1000 100 3
0.166667 0.183022 0.024809 200 207 1000 954 1000 1000 100 3
0.166667 0.169213 0.015843 200 183 1000 964 1000 1000 100 3
0.166667 0.161200 0.011419 200 187 1000 1026 1000 1000 100 3
0.166667 0.164038 0.011658 200 214 1000 1032 1000 1000 100 3
0.166667 0.161708 0.015753 200 206 1000 1026 1000 1000 100 3
0.166667 0.166346 0.018463 200 190 1000 968 1000 1000 100 3
0.166667 0.191731 0.027177 200 218 1000 981 1000 1000 100 3
0.166667 0.191731 0.027177 200 206 1000 980 1000 1000 100 3
0.166667 0.154491 0.011608 200 186 1000 972 1000 1000 100 3
0.166667 0.161693 0.011979 200 185 1000 984 1000 1000 100 3
0.166667 0.161693 0.011979 200 212 1000 1068 1000 1000 100 3
0.166667 0.160537 0.021627 200 189 1000 1037 1000 1000 100 3
0.166667 0.158075 0.002206 200 175 1000 1007 1000 1000 100 3
0.166667 0.173125 0.014968 200 216 1000 1066 1000 1000 100 3
0.166667 0.175777 0.013480 200 194 1000 1003 1000 1000 100 3
0.166667 0.189709 0.001037 200 220 1000 985 1000 1000 100 3
0.166667 0.176223 0.020637 200 210 1000 1005 1000 1000 100 3
0.166667 0.157868 0.011609 200 206 1000 1008 1000 1000 100 3
0.166667 0.176059 0.000873 200 195 1000 989 1000 1000 100 3
0.166667 0.165081 0.011972 200 189 1000 970 1000 1000 100 3
0.166667 0.165081 0.011972 200 200 1000 1082 1000 1000 100 3
0.166667 0.200000 0.000063 200 213 1000 997 1000 1000 100 3
0.166667 0.154407 0.010915 200 186 1000 924 1000 1000 100 3
0.166667 0.153204 0.011204 200 189 1000 1031 1000 1000 100 3
0.166667 0.176833 0.012240 200 200 1000 966 1000 1000 100 3
0.166667 0.170408 0.023248 200 186 1000 967 1000 1000 100 3
0.166667 0.165206 0.009668 200 185 1000 962 1000 1000 100 3
0.166667 0.194938 0.012846 200 216 1000 954 1000 1000 100 3
0.166667 0.179186 0.011641 200 212 1000 1044 1000 1000 100 3
0.166667 0.198486 0.010688 200 240 1000 984 1000 1000 100 3
0.166667 0.147613 0.011270 200 183 1000 1022 1000 1000 100 3
0.166667 0.199914 0.000002 200 202 1000 1021 1000 1000 100 3
0.166667 0.168585 0.003814 200 191 1000 987 1000 1000 100 3
0.166667 0.191624 0.012482 200 210 1000 965 1000 1000 100 3
0.166667 0.200000 0.000069 200 188 1000 970 1000 1000 100 3
0.166667 0.178352 nan 200 205 1000 1005 1000 1000 100 3
0.166667 0.153123 0.006914 200 186 1000 1027 1000 1000 100 3
0.166667 0.153123 0.006914 200 211 1000 999 1000 1000 100 3
0.166667 0.193754 0.000106 200 197 1000 1032 1000 1000 100 3
0.166667 0.150282 0.013546 200 179 1000 1019 1000 1000 100 3
0.166667 0.171942 0.005313 200 195 1000 991 1000 1000 100 3
0.166667 0.166118 0.014830 200 201 1000 1073 1000 1000 100 3
0.166667 0.142010 0.020047 200 180 1000 1020 1000 1000 100 3
0.166667 0.189646 0.012679 200 203 1000 935 1000 1000 100 3
0.166667 0.177533 0.009722 200 231 1000 1041 1000 1000 100 3
0.166667 0.180811 0.021921 200 202 1000 945 1000 1000 100 3
0.166667 0.182243 0.021869 200 202 1000 942 1000 1000 100 3
0.166667 0.174130 0.001764 200 192 1000 1001 1000 1000 100 3
0.166667 0.164661 0.016587 200 203 1000 1022 1000 1000 100 3
0.166667 0.191815 0.012318 200 224 1000 967 1000 1000 100 3
0.166667 0.176504 0.023619 200 191 1000 941 1000 1000 100 3
0.166667 0.166744 0.009232 200 198 1000 982 1000 1000 100 3
0.166667 0.184397 0.012859 200 212 1000 1026 1000 1000 100 3
0.166667 0.164498 0.011748 200 189 1000 943 1000 1000 100 3
0.166667 0.175340 0.021837 200 203 1000 943 1000 1000 100 3
0.166667 0.175340 0.021837 200 223 1000 1041 1000 1000 100 3
0.166667 0.165682 0.013176 200 194 1000 1044 1000 1000 100 3
0.166667 0.165682 0.013176 200 212 1000 1009 1000 1000 100 3
0.166667 0.170124 0.009479 200 211 1000 1029 1000 1000 100 3
0.166667 0.158582 0.007758 200 196 1000 1056 1000 1000 100 3
0.166667 0.170688 0.011594 200 212 1000 1036 1000 1000 100 3
0.166667 0.154176 0.011605 200 200 1000 1025 1000 1000 100 3
0.166667 0.169008 0.000603 200 204 1000 987 1000 1000 100 3
0.166667 0.174484 0.015697 200 188 1000 1002 1000 1000 100 3
0.166667 0.184217 0.028699 200 217 1000 987 1000 1000 100 3
0.166667 0.154324 0.015464 200 189 1000 1085 1000 1000 100 3
0.166667 0.190579 0.012430 200 207 1000 964 1000 1000 100 3
0.166667 0.190579 0.012430 200 210 1000 998 1000 1000 100 3
0.166667 0.185997 0.019001 200 204 1000 948 1000 1000 100 3
0.166667 0.172707 0.018639 200 187 1000 976 1000 1000 100 3
0.166667 0.168323 0.011786 200 212 1000 995 1000 1000 100 3
0.166667 0.168323 0.011786 200 188 1000 1058 1000 1000 100 3
0.166667 0.177667 0.012307 200 198 1000 964 1000 1000 100 3
0.166667 0.187674 0.025269 200 220 1000 995 1000 1000 100 3
0.166667 0.182989 0.002279 200 214 1000 1055 1000 1000 100 3
0.166667 0.200000 0.000181 200 199 1000 954 1000 1000 100 3
0.166667 0.200000 0.000181 200 214 1000 1016 1000 1000 100 3
0.166667 0.200000 0.000181 200 197 1000 1081 1000 1000 100 3
0.166667 0.184275 0.008695 200 211 1000 965 1000 1000 100 3
0.166667 0.170353 0.022579 200 202 1000 990 1000 1000 100 3
0.166667 0.177327 nan 200 195 1000 1001 1000 1000 100 3
0.166667 0.177327 nan 200 214 1000 1018 1000 1000 100 3
0.166667 0.166143 0.008600 200 194 1000 1051 1000 1000 100 3
0.166667 0.166143 0.008600 200 228 1000 1021 1000 1000 100 3
0.166667 0.166040 0.012610 200 203 1000 1067 1000 1000 100 3
0.166667 0.184382 nan 200 188 1000 1020 1000 1000 100 3
0.166667 0.184382 nan 200 182 1000 948 1000 1000 100 3
0.166667 0.185390 0.004646 200 211 1000 969 1000 1000 100 3
0.166667 0.184905 0.012151 200 225 1000 987 1000 1000 100 3
0.166667 0.184386 nan 200 182 1000 1025 1000 1000 100 3
0.166667 0.186139 0.009155 200 196 1000 914 1000 1000 100 3
0.166667 0.178459 0.000134 200 157 1000 950 1000 1000 100 3
0.166667 0.163144 0.016761 200 187 1000 990 1000 1000 100 3
0.166667 0.169779 0.011795 200 204 1000 993 1000 1000 100 3
0.166667 0.160987 0.011558 200 199 1000 1034 1000 1000 100 3
0.166667 0.188050 0.027959 200 208 1000 1020 1000 1000 100 3
0.166667 0.188050 0.027959 200 212 1000 955 1000 1000 100 3
0.166667 0.171466 0.021250 200 200 1000 1002 1000 1000 100 3
0.166667 0.173991 0.015532 200 225 1000 987 1000 1000 100 3
0.166667 0.183525 0.012097 200 221 1000 1007 1000 1000 100 3
0.166667 0.174158 0.012424 200 190 1000 974 1000 1000 100 3
0.166667 0.167902 0.002884 200 207 1000 981 1000 1000 100 3
0.166667 0.177330 0.009990 200 212 1000 1022 1000 1000 100 3
0.166667 0.177330 0.009990 200 197 1000 1048 1000 1000 100 3
0.166667 0.178671 0.029024 200 202 1000 974 1000 1000 100 3
0.166667 0.154917 0.013549 200 177 1000 1010 1000 1000 100 3
0.166667 0.159141 0.011594 200 198 1000 1062 1000 1000 100 3
0.166667 0.188755 0.000085 200 208 1000 974 1000 1000 100 3
0.166667 0.171987 0.029569 200 187 1000 1006 1000 1000 100 3
0.166667 0.184673 0.005725 200 186 1000 952 1000 1000 100 3
0.166667 0.184673 0.005725 200 204 1000 983 1000 1000 100 3
0.166667 0.180857 0.007843 200 207 1000 965 1000 1000 100 3
0.166667 0.169070 0.011380 200 195 1000 994 1000 1000 100 3
0.166667 0.200000 0.000069 200 214 1000 971 1000 1000 100 3
0.166667 0.177335 0.012926 200 221 1000 1028 1000 1000 100 3
0.166667 0.169391 0.011972 200 186 1000 974 1000 1000 100 3
0.166667 0.169391 0.011972 200 209 1000 1005 1000 1000 100 3
0.166667 0.170798 0.023641 200 191 1000 1000 1000 1000 100 3
0.166667 0.192302 0.020425 200 217 1000 965 1000 1000 100 3
0.166667 0.181222 0.011855 200 199 1000 974 1000 1000 100 3
0.166667 0.200000 0.000070 200 211 1000 1043 1000 1000 100 3
0.166667 0.161498 0.017715 200 207 1000 1079 1000 1000 100 3
0.166667 0.185998 0.018521 200 210 1000 957 1000 1000 100 3
0.166667 0.166196 0.018401 200 192 1000 1013 1000 1000 100 3
0.166667 0.159268 0.011583 200 185 1000 1006 1000 1000 100 3
0.166667 0.151719 0.011886 200 207 1000 1005 1000 1000 100 3
0.166667 0.151719 0.011886 200 198 1000 1036 1000 1000 100 3
0.166667 0.192102 0.000296 200 194 1000 981 1000 1000 100 3
0.166667 0.192102 0.000296 200 170 1000 968 1000 1000 100 3
0.166667 0.185431 0.018362 200 207 1000 964 1000 1000 100 3
0.166667 0.174286 0.012198 200 208 1000 992 1000 1000 100 3
0.166667 0.175422 0.010237 200 191 1000 990 1000 1000 100 3
0.166667 0.175422 0.010237 200 189 1000 1004 1000 1000 100 3
0.166667 0.183106 0.020208 200 233 1000 1029 1000 1000 100 3
0.166667 0.190323 0.000049 200 206 1000 1000 1000 1000 100 3
0.166667 0.172398 0.016172 200 212 1000 1001 1000 1000 100 3
0.166667 0.170616 0.008904 200 199 1000 1018 1000 1000 100 3
0.166667 0.171086 0.027191 200 194 1000 987 1000 1000 100 3
0.166667 0.192309 0.016552 200 207 1000 931 1000 1000 100 3
0.166667 0.166288 0.006596 200 186 1000 992 1000 1000 100 3
0.166667 0.200000 0.000439 200 208 1000 1010 1000 1000 100 3
0.166667 0.168823 0.011580 200 201 1000 1001 1000 1000 100 3
0.166667 0.155572 0.011703 200 180 1000 1010 1000 1000 100 3
0.166667 0.170228 0.011523 200 206 1000 1030 1000 1000 100 3
0.166667 0.193983 0.008760 200 204 1000 990 1000 1000 100 3
0.166667 0.182511 0.024936 200 228 1000 1039 1000 1000 100 3
0.166667 0.170858 0.019166 200 208 1000 1015 1000 1000 100 3
0.166667 0.169591 0.016030 200 189 1000 966 1000 1000 100 3
0.166667 0.169591 0.016030 200 193 1000 970 1000 1000 100 3
0.166667 0.184924 0.011704 200 206 1000 1032 1000 1000 100 3
0.166667 0.148421 0.011602 200 173 1000 987 1000 1000 100 3
0.166667 0.167494 nan 200 199 1000 1005 1000 1000 100 3
0.166667 0.177843 0.002500 200 229 1000 1038 1000 1000 100 3
0.166667 0.188896 0.017222 200 211 1000 998 1000 1000 100 3
0.166667 0.175553 nan 200 200 1000 1026 1000 1000 100 3
0.166667 0.172201 0.031242 200 190 1000 997 1000 1000 100 3
0.166667 0.147146 0.007469 200 179 1000 1016 1000 1000 100 3
0.166667 0.195366 0.007490 200 217 1000 993 1000 1000 100 3
0.166667 0.165452 0.911264 200 194 1000 1003 1000 1000 100 3
0.166667 0.149573 0.016622 200 176 1000 955 1000 1000 100 3
0.166667 0.184910 0.003917 200 215 1000 1010 1000 1000 100 3
0.166667 0.168853 0.017102 200 198 1000 991 1000 1000 100 3
0.166667 0.178868 0.012212 200 203 1000 950 1000 1000 100 3
0.166667 0.178826 0.008416 200 215 1000 1040 1000 1000 100 3
0.166667 0.176926 0.012009 200 214 1000 999 1000 1000 100 3
0.166667 0.150757 0.013230 200 183 1000 987 1000 1000 100 3
0.166667 0.165270 0.025011 200 195 1000 1010 1000 1000 100 3
0.166667 0.165270 0.025011 200 185 1000 1017 1000 1000 100 3
0.166667 0.149027 0.011886 200 170 1000 997 1000 1000 100 3
0.166667 0.179738 nan 200 196 1000 951 1000 1000 100 3
0.166667 0.179738 nan 200 225 1000 1031 1000 1000 100 3
0.166667 0.192585 0.012462 200 216 1000 966 1000 1000 100 3
0.166667 0.183028 0.012390 200 214 1000 980 1000 1000 100 3
0.166667 0.183028 0.012390 200 196 1000 1026 1000 1000 100 3
0.166667 0.173344 0.000508 200 184 1000 1008 1000 1000 100 3
0.166667 0.191279 0.000216 200 193 1000 980 1000 1000 100 3
0.166667 0.170718 0.011907 200 209 1000 1014 1000 1000 100 3
0.166667 0.170718 0.011907 200 191 1000 983 1000 1000 100 3
0.166667 0.191930 0.007506 200 208 1000 927 1000 1000 100 3
0.166667 0.181106 nan 200 206 1000 1047 1000 1000 100 3
0.166667 0.160048 0.037049 200 197 1000 1024 1000 1000 100 3
0.166667 0.193069 0.016321 200 233 1000 981 1000 1000 100 3
0.166667 0.170963 0.005215 200 205 1000 992 1000 1000 100 3
0.166667 0.149054 0.005432 200 177 1000 1027 1000 1000 100 3
0.166667 0.149054 0.005432 200 221 1000 979 1000 1000 100 3
0.166667 0.190755 0.025932 200 206 1000 952 1000 1000 100 3
0.166667 0.150009 0.009292 200 189 1000 1055 1000 1000 100 3
0.166667 0.179741 0.000021 200 190 1000 948 1000 1000 100 3
0.166667 0.179741 0.000021 200 199 1000 1023 1000 1000 100 3
0.166667 0.153040 0.020743 200 198 1000 1074 1000 1000 100 3
0.166667 0.170248 0.037641 200 203 1000 1036 1000 1000 100 3
0.166667 0.170248 0.037641 200 190 1000 979 1000 1000 100 3
0.166667 0.170248 0.037641 200 211 1000 1017 1000 1000 100 3
0.166667 0.172807 0.022721 200 197 1000 1033 1000 1000 100 3
0.166667 0.149449 0.021438 200 177 1000 998 1000 1000 100 3
0.166667 0.175593 0.011786 200 220 1000 1046 1000 1000 100 3
0.166667 0.157036 0.000969 200 187 1000 1029 1000 1000 100 3
0.166667 0.175107 0.014180 200 214 1000 1007 1000 1000 100 3
0.166667 0.171778 nan 200 201 1000 1006 1000 1000 100 3
0.166667 0.171778 nan 200 205 1000 1043 1000 1000 100 3
0.166667 0.141095 0.016186 200 167 1000 1037 1000 1000 100 3
0.166667 0.192167 0.012279 200 213 1000 981 1000 1000 100 3
0.166667 0.174309 0.011776 200 213 1000 993 1000 1000 100 3
0.166667 0.174309 0.011776 200 221 1000 1002 1000 1000 100 3
0.166667 0.157564 0.011584 200 189 1000 1016 1000 1000 100 3
0.166667 0.200000 0.000075 200 199 1000 1052 1000 1000 100 3
0.166667 0.200000 0.000075 200 203 1000 1035 1000 1000 100 3
0.166667 0.181126 0.021718 200 216 1000 1006 1000 1000 100 3
0.166667 0.193111 0.000120 200 197 1000 966 1000 1000 100 3
0.166667 0.151216 0.009373 200 185 1000 986 1000 1000 100 3
0.166667 0.171009 0.022726 200 206 1000 991 1000 1000 100 3
0.166667 0.170125 0.004107 200 210 1000 994 1000 1000 100 3
0.166667 0.200000 0.000443 200 203 1000 954 1000 1000 100 3
0.166667 0.199973 0.000088 200 174 1000 990 1000 1000 100 3
0.166667 0.199973 0.000088 200 202 1000 985 1000 1000 100 3
0.166667 0.167115 0.011848 200 187 1000 996 1000 1000 100 3
0.166667 0.179690 0.000059 200 203 1000 999 1000 1000 100 3
0.166667 0.179690 0.000059 200 223 1000 991 1000 1000 100 3
0.166667 0.176868 0.020777 200 197 1000 998 1000 1000 100 3
0.166667 0.191187 0.000527 200 213 1000 988 1000 1000 100 3
0.166667 0.172634 0.023516 200 207 1000 953 1000 1000 100 3
0.166667 0.164472 0.011982 200 189 1000 985 1000 1000 100 3
0.166667 0.163475 0.011502 200 191 1000 984 1000 1000 100 3
0.166667 0.192961 0.000435 200 234 1000 1013 1000 1000 100 3
0.166667 0.192961 0.000435 200 195 1000 957 1000 1000 100 3
0.166667 0.170979 0.012418 200 189 1000 1020 1000 1000 100 3
0.166667 0.152875 0.009228 200 174 1000 1020 1000 1000 100 3
0.166667 0.162355 0.023428 200 181 1000 1043 1000 1000 100 3
0.166667 0.181400 0.010446 200 214 1000 1014 1000 1000 100 3
0.166667 0.147929 0.011737 200 183 1000 1048 1000 1000 100 3
0.166667 0.190319 0.021774 200 231 1000 1003 1000 1000 100 3
0.166667 0.168026 0.018947 200 202 1000 979 1000 1000 100 3
0.166667 0.173432 0.012311 200 193 1000 923 1000 1000 100 3
0.166667 0.177726 nan 200 202 1000 992 1000 1000 100 3
0.166667 0.159764 0.013624 200 186 1000 978 1000 1000 100 3
0.166667 0.159764 0.013624 200 203 1000 969 1000 1000 100 3
0.166667 0.180110 0.017678 200 224 1000 1052 1000 1000 100 3
0.166667 0.180110 0.017678 200 202 1000 1012 1000 1000 100 3
0.166667 0.161511 0.011683 200 192 1000 1010 1000 1000 100 3
0.166667 0.179685 0.009977 200 210 1000 979 1000 1000 100 3
0.166667 0.176703 0.005533 200 202 1000 973 1000 1000 100 3
0.166667 0.181364 0.012527 200 196 1000 993 1000 1000 100 3
0.166667 0.181364 0.012527 200 185 1000 990 1000 1000 100 3
0.166667 0.181364 0.012527 200 186 1000 1022 1000 1000 100 3
0.166667 0.170532 0.011370 200 207 1000 1003 1000 1000 100 3
0.166667 0.167185 0.013170 200 193 1000 1020 1000 1000 100 3
0.166667 0.187057 0.001448 200 207 1000 1003 1000 1000 100 3
0.166667 0.175391 0.008167 200 198 1000 972 1000 1000 100 3
0.166667 0.167162 0.016439 200 200 1000 983 1000 1000 100 3
0.166667 0.177728 0.011854 200 210 1000 999 1000 1000 100 3
0.166667 0.160584 0.000361 200 169 1000 975 1000 1000 100 3
0.166667 0.167568 0.010265 200 198 1000 1043 1000 1000 100 3
0.166667 0.163424 0.004797 200 193 1000 940 1000 1000 100 3
0.166667 0.177487 0.012411 200 202 1000 956 1000 1000 100 3
0.166667 0.168034 0.007800 200 202 1000 1023 1000 1000 100 3
0.166667 0.181985 0.012352 200 207 1000 966 1000 1000 100 3
0.166667 0.181985 0.012352 200 187 1000 995 1000 1000 100 3
0.166667 0.177131 0.000868 200 211 1000 942 1000 1000 100 3
0.166667 0.199978 0.000724 200 213 1000 956 1000 1000 100 3
0.166667 0.199978 0.000724 200 190 1000 984 1000 1000 100 3
0.166667 0.170808 0.016544 200 208 1000 1010 1000 1000 100 3
0.166667 0.189638 nan 200 176 1000 967 1000 1000 100 3
0.166667 0.189638 nan 200 216 1000 1044 1000 1000 100 3
0.166667 0.200000 0.001278 200 214 1000 980 1000 1000 100 3
0.166667 0.180700 0.012602 200 209 1000 927 1000 1000 100 3
0.166667 0.174914 0.012903 200 219 1000 1054 1000 1000 100 3
0.166667 0.172707 0.001157 200 195 1000 1031 1000 1000 100 3
0.166667 0.175807 0.011635 200 204 1000 1005 1000 1000 100 3
0.166667 0.150505 0.014979 200 188 1000 1063 1000 1000 100 3
0.166667 0.165439 0.002212 200 201 1000 1018 1000 1000 100 3
0.166667 0.165439 0.002212 200 201 1000 1040 1000 1000 100 3
0.166667 0.187643 0.013961 200 213 1000 987 1000 1000 100 3
0.166667 0.159564 0.011699 200 194 1000 1022 1000 1000 100 3
0.166667 0.185306 0.003575 200 215 1000 1015 1000 1000 100 3
0.166667 0.159782 0.026846 200 185 1000 978 1000 1000 100 3
0.166667 0.199992 0.000394 200 203 1000 976 1000 1000 100 3
0.166667 0.199992 0.000394 200 219 1000 1038 1000 1000 100 3
0.166667 0.178017 0.004849 200 204 1000 950 1000 1000 100 3
0.166667 0.186988 0.017357 200 220 1000 966 1000 1000 100 3
0.166667 0.155100 0.011094 200 193 1000 997 1000 1000 100 3
0.166667 0.155100 0.011094 200 176 1000 1038 1000 1000 100 3
0.166667 0.155100 0.011094 200 200 1000 968 1000 1000 100 3
0.166667 0.171322 0.011679 200 201 1000 992 1000 1000 100 3
0.166667 0.163958 0.003745 200 195 1000 971 1000 1000 100 3
0.166667 0.186740 0.012189 200 212 1000 1019 1000 1000 100 3
0.166667 0.145150 0.011648 200 168 1000 1012 1000 1000 100 3
0.166667 0.180303 0.011836 200 222 1000 1015 1000 1000 100 3
0.166667 0.189972 0.012164 200 218 1000 994 1000 1000 100 3
0.166667 0.178213 0.015956 200 207 1000 997 1000 1000 100 3
0.166667 0.173509 0.012261 200 201 1000 1028 1000 1000 100 3
0.166667 0.173509 0.012261 200 193 1000 1031 1000 1000 100 3
0.166667 0.185275 0.000078 200 206 1000 1005 1000 1000 100 3
0.166667 0.173919 0.012120 200 196 1000 972 1000 1000 100 3
0.166667 0.152928 0.002677 200 169 1000 1036 1000 1000 100 3
0.166667 0.196460 0.013024 200 235 1000 963 1000 1000 100 3
0.166667 0.166554 0.011901 200 210 1000 999 1000 1000 100 3
0.166667 0.157836 0.013588 200 192 1000 1014 1000 1000 100 3
0.166667 0.157481 0.011617 200 190 1000 1011 1000 1000 100 3
0.166667 0.179041 0.023740 200 219 1000 1009 1000 1000 100 3
0.166667 0.179041 0.023740 200 192 1000 1017 1000 1000 100 3
0.166667 0.191963 0.018623 200 221 1000 990 1000 1000 100 3
0.166667 0.191963 0.018623 200 184 1000 987 1000 1000 100 3
0.166667 0.163989 0.011666 200 200 1000 1053 1000 1000 100 3
0.166667 0.195549 nan 200 177 1000 962 1000 1000 100 3
0.166667 0.198318 0.032690 200 216 1000 995 1000 1000 100 3
0.166667 0.158081 0.024209 200 191 1000 980 1000 1000 100 3
0.166667 0.166594 0.011995 200 185 1000 977 1000 1000 100 3
0.166667 0.185976 nan 200 186 1000 956 1000 1000 100 3
0.166667 0.167843 0.011813 200 204 1000 1025 1000 1000 100 3
0.166667 0.161769 0.012790 200 181 1000 959 1000 1000 100 3
0.166667 0.145224 0.011967 200 176 1000 1087 1000 1000 100 3
0.166667 0.155760 0.006379 200 192 1000 1038 1000 1000 100 3
0.166667 0.176763 0.014484 200 204 1000 1011 1000 1000 100 3
0.166667 0.168081 0.020009 200 192 1000 1002 1000 1000 100 3
0.166667 0.194633 0.000073 200 195 1000 962 1000 1000 100 3
0.166667 0.163327 0.031013 200 209 1000 1021 1000 1000 100 3
0.166667 0.172142 0.012086 200 208 1000 1003 1000 1000 100 3
0.166667 0.176001 0.012028 200 204 1000 1002 1000 1000 100 3
0.166667 0.193309 0.031026 200 213 1000 954 1000 1000 100 3
0.166667 0.174131 0.017937 200 200 1000 968 1000 1000 100 3
0.166667 0.185731 0.023111 200 218 1000 942 1000 1000 100 3
0.166667 0.167930 0.011755 200 190 1000 985 1000 1000 100 3
0.166667 0.167930 0.011755 200 207 1000 972 1000 1000 100 3
0.166667 0.131464 0.016202 200 179 1000 1031 1000 1000 100 3
0.166667 0.168513 0.007741 200 215 1000 1017 1000 1000 100 3
0.166667 0.175131 0.012007 200 198 1000 985 1000 1000 100 3
0.166667 0.176567 0.010066 200 208 1000 977 1000 1000 100 3
0.166667 0.176567 0.010066 200 213 1000 1019 1000 1000 100 3
0.166667 0.175416 0.025473 200 187 1000 981 1000 1000 100 3
0.166667 0.193823 0.029393 200 202 1000 959 1000 1000 100 3
0.166667 0.200000 0.000064 200 215 1000 984 1000 1000 100 3
0.166667 0.200000 0.000064 200 202 1000 1012 1000 1000 100 3
0.166667 0.169720 0.009969 200 200 1000 984 1000 1000 100 3
0.166667 0.159711 0.013497 200 200 1000 1057 1000 1000 100 3
0.166667 0.166629 0.011762 200 205 1000 1003 1000 1000 100 3
0.166667 0.171823 0.012134 200 205 1000 988 1000 1000 100 3
0.166667 0.171823 0.012134 200 211 1000 997 1000 1000 100 3
0.166667 0.159430 0.009447 200 197 1000 1044 1000 1000 100 3
0.166667 0.199757 0.000707 200 209 1000 950 1000 1000 100 3
0.166667 0.182993 0.029600 200 208 1000 971 1000 1000 100 3
0.166667 0.182993 0.029600 200 195 1000 1020 1000 1000 100 3
0.166667 0.184550 0.012201 200 228 1000 981 1000 1000 100 3
0.166667 0.184550 0.012201 200 204 1000 997 1000 1000 100 3
0.166667 0.188049 0.000787 200 217 1000 982 1000 1000 100 3
0.166667 0.162196 0.011581 200 195 1000 1028 1000 1000 100 3
0.166667 0.162196 0.011581 200 181 1000 996 1000 1000 100 3
0.166667 0.163493 0.012054 200 192 1000 995 1000 1000 100 3
0.166667 0.167599 0.031521 200 197 1000 998 1000 1000 100 3
0.166667 0.167599 0.031521 200 197 1000 1008 1000 1000 100 3
0.166667 0.193033 0.012616 200 215 1000 962 1000 1000 100 3
0.166667 0.154969 0.022199 200 191 1000 1032 1000 1000 100 3
0.166667 0.161307 0.026332 200 187 1000 980 1000 1000 100 3
0.166667 0.178463 0.016704 200 205 1000 988 1000 1000 100 3
0.166667 0.191210 0.000064 200 171 1000 1045 1000 1000 100 3
0.166667 0.191210 0.000064 200 213 1000 1014 1000 1000 100 3
0.166667 0.175193 0.016210 200 189 1000 962 1000 1000 100 3
0.166667 0.184730 0.012128 200 205 1000 979 1000 1000 100 3
0.166667 0.172887 0.012453 200 204 1000 948 1000 1000 100 3
0.166667 0.169241 0.011759 200 212 1000 1028 1000 1000 100 3
0.166667 0.175046 nan 200 167 1000 1011 1000 1000 100 3
0.166667 0.136515 0.010980 200 179 1000 1060 1000 1000 100 3
0.166667 0.136515 0.010980 200 192 1000 989 1000 1000 100 3
0.166667 0.143123 0.011049 200 187 1000 1059 1000 1000 100 3
0.166667 0.149778 0.018498 200 190 1000 1041 1000 1000 100 3
0.166667 0.159636 0.007927 200 188 1000 1013 1000 1000 100 3
0.166667 0.200000 0.000088 200 208 1000 1028 1000 1000 100 3
0.166667 0.184716 nan 200 227 1000 972 1000 1000 100 3
0.166667 0.176338 0.022502 200 197 1000 989 1000 1000 100 3
0.166667 0.176338 0.022502 200 196 1000 974 1000 1000 100 3
0.166667 0.183373 0.012129 200 235 1000 1024 1000 1000 100 3
0.166667 0.158966 0.007146 200 187 1000 1030 1000 1000 100 3
0.166667 0.156072 0.020367 200 202 1000 1033 1000 1000 100 3
0.166667 0.156072 0.020367 200 205 1000 1025 1000 1000 100 3
0.166667 0.171550 0.000523 200 205 1000 963 1000 1000 100 3
0.166667 0.171550 0.000523 200 201 1000 965 1000 1000 100 3
0.166667 0.175642 0.006796 200 212 1000 1010 1000 1000 100 3
0.166667 0.171194 0.038644 200 204 1000 990 1000 1000 100 3
0.166667 0.171194 0.038644 200 175 1000 957 1000 1000 100 3
0.166667 0.171194 0.038644 200 199 1000 1029 1000 1000 100 3
0.166667 0.178020 0.010343 200 205 1000 1020 1000 1000 100 3
0.166667 0.173061 0.011884 200 203 1000 1007 1000 1000 100 3
0.166667 0.154768 0.018726 200 197 1000 1048 1000 1000 100 3
0.166667 0.190233 0.017488 200 210 1000 982 1000 1000 100 3
0.166667 0.190233 0.017488 200 203 1000 976 1000 1000 100 3
0.166667 0.179627 nan 200 180 1000 983 1000 1000 100 3
0.166667 0.177514 0.010836 200 201 1000 984 1000 1000 100 3
0.166667 0.167536 0.011637 200 198 1000 1015 1000 1000 100 3
0.166667 0.167536 0.011637 200 184 1000 1073 1000 1000 100 3
0.166667 0.160229 0.033897 200 188 1000 972 1000 1000 100 3
0.166667 0.160229 0.033897 200 186 1000 1034 1000 1000 100 3
0.166667 0.169911 0.005423 200 190 1000 1011 1000 1000 100 3
0.166667 0.193127 0.008586 200 212 1000 958 1000 1000 100 3
0.166667 0.194968 0.000080 200 188 1000 970 1000 1000 100 3
0.166667 0.192700 0.013076 200 214 1000 969 1000 1000 100 3
0.166667 0.186959 0.000103 200 207 1000 1054 1000 1000 100 3
0.166667 0.162288 0.011741 200 203 1000 1026 1000 1000 100 3
0.166667 0.187143 0.000302 200 195 1000 994 1000 1000 100 3
0.166667 0.187143 0.000302 200 221 1000 1040 1000 1000 100 3
0.166667 0.181406 0.019549 200 207 1000 984 1000 1000 100 3
0.166667 0.158729 0.015578 200 210 1000 1015 1000 1000 100 3
0.166667 0.158975 0.015443 200 197 1000 983 1000 1000 100 3
0.166667 0.148840 0.011664 200 168 1000 964 1000 1000 100 3
0.166667 0.148713 0.012644 200 183 1000 996 1000 1000 100 3
0.166667 0.176665 0.004589 200 195 1000 937 1000 1000 100 3
0.166667 0.155969 0.011920 200 172 1000 990 1000 1000 100 3
0.166667 0.155969 0.011920 200 193 1000 1006 1000 1000 100 3
0.166667 0.158774 0.021431 200 192 1000 992 1000 1000 100 3
0.166667 0.158774 0.021431 200 209 1000 1008 1000 1000 100 3
0.166667 0.173576 0.012044 200 195 1000 972 1000 1000 100 3
0.166667 0.182696 nan 200 200 1000 1033 1000 1000 100 3
0.166667 0.191942 0.000229 200 208 1000 992 1000 1000 100 3
0.166667 0.168544 0.016982 200 202 1000 1021 1000 1000 100 3
0.166667 0.199916 0.000197 200 204 1000 1012 1000 1000 100 3
0.166667 0.195387 0.000315 200 220 1000 1009 1000 1000 100 3
0.166667 0.189869 0.012073 200 224 1000 1010 1000 1000 100 3
0.166667 0.175699 0.011516 200 213 1000 1008 1000 1000 100 3
0.166667 0.184197 0.000665 200 206 1000 986 1000 1000 100 3
0.166667 0.169955 0.012070 200 178 1000 958 1000 1000 100 3
0.166667 0.173802 0.016991 200 206 1000 1027 1000 1000 100 3
0.166667 0.162461 0.011448 200 210 1000 1044 1000 1000 100 3
0.166667 0.162461 0.011448 200 201 1000 1013 1000 1000 100 3
0.166667 0.171735 0.023510 200 201 1000 1005 1000 1000 100 3
0.166667 0.178745 0.000876 200 205 1000 994 1000 1000 100 3
0.166667 0.178745 0.000876 200 193 1000 933 1000 1000 100 3
0.166667 0.164280 0.011779 200 190 1000 977 1000 1000 100 3
0.166667 0.179915 0.009448 200 195 1000 968 1000 1000 100 3
0.166667 0.179915 0.009448 200 204 1000 1000 1000 1000 100 3
0.166667 0.200000 0.000071 200 213 1000 985 1000 1000 100 3
0.166667 0.178275 0.016657 200 206 1000 990 1000 1000 100 3
0.166667 0.136093 0.014276 200 168 1000 971 1000 1000 100 3
0.166667 0.149530 0.019650 200 169 1000 985 1000 1000 100 3
0.166667 0.146988 0.011313 200 198 1000 1052 1000 1000 100 3
0.166667 0.167743 0.029297 200 194 1000 1014 1000 1000 100 3
0.166667 0.193337 0.000010 200 196 1000 1077 1000 1000 100 3
0.166667 0.193924 0.000102 200 207 1000 1003 1000 1000 100 3
0.166667 0.192843 0.016120 200 210 1000 995 1000 1000 100 3
0.166667 0.168766 0.008695 200 201 1000 991 1000 1000 100 3
0.166667 0.168766 0.008695 200 214 1000 1039 1000 1000 100 3
0.166667 0.179602 0.017921 200 210 1000 979 1000 1000 100 3
0.166667 0.179602 0.017921 200 233 1000 977 1000 1000 100 3
0.166667 0.200000 0.000298 200 223 1000 1033 1000 1000 100 3
0.166667 0.200000 0.000298 200 205 1000 996 1000 1000 100 3
0.166667 0.167015 0.000530 200 191 1000 974 1000 1000 100 3
0.166667 0.167015 0.000530 200 191 1000 1076 1000 1000 100 3
0.166667 0.194432 0.000090 200 204 1000 1030 1000 1000 100 3
0.166667 0.194432 0.000090 200 222 1000 1010 1000 1000 100 3
0.166667 0.185219 0.000144 200 205 1000 1003 1000 1000 100 3
0.166667 0.185219 0.000144 200 189 1000 1033 1000 1000 100 3
0.166667 0.153119 0.011634 200 193 1000 1003 1000 1000 100 3
0.166667 0.197760 0.015325 200 222 1000 945 1000 1000 100 3
0.166667 0.169315 0.023623 200 209 1000 1033 1000 1000 100 3
0.166667 0.151550 0.015386 200 183 1000 1033 1000 1000 100 3
0.166667 0.168238 0.017436 200 202 1000 1015 1000 1000 100 3
0.166667 0.178490 nan 200 172 1000 1059 1000 1000 100 3
0.166667 0.162383 0.007418 200 206 1000 1065 1000 1000 100 3
0.166667 0.166929 0.017065 200 203 1000 1025 1000 1000 100 3
0.166667 0.166929 0.017065 200 207 1000 1006 1000 1000 100 3
0.166667 0.166929 0.017065 200 196 1000 991 1000 1000 100 3
0.166667 0.174271 0.012953 200 204 1000 1012 1000 1000 100 3
0.166667 0.171349 0.032377 200 199 1000 996 1000 1000 100 3
0.166667 0.161875 0.011724 200 196 1000 1056 1000 1000 100 3
0.166667 0.156712 0.003373 200 201 1000 1072 1000 1000 100 3
0.166667 0.161584 0.013818 200 193 1000 1016 1000 1000 100 3
0.166667 0.187103 0.021174 200 212 1000 980 1000 1000 100 3
0.166667 0.192816 0.012292 200 222 1000 997 1000 1000 100 3
0.166667 0.188315 0.016358 200 223 1000 974 1000 1000 100 3
0.166667 0.160521 0.011968 200 197 1000 982 1000 1000 100 3
0.166667 0.184328 0.028063 200 216 1000 1003 1000 1000 100 3
0.166667 0.186608 0.019856 200 210 1000 1024 1000 1000 100 3
0.166667 0.186608 0.019856 200 167 1000 1007 1000 1000 100 3
0.166667 0.186608 0.019856 200 199 1000 985 1000 1000 100 3
0.166667 0.183505 0.017033 200 223 1000 994 1000 1000 100 3
0.166667 0.166610 0.011001 200 180 1000 954 1000 1000 100 3
0.166667 0.166610 0.011001 200 196 1000 996 1000 1000 100 3
0.166667 0.138166 0.020889 200 165 1000 1043 1000 1000 100 3
0.166667 0.153066 0.016815 200 181 1000 1084 1000 1000 100 3
0.166667 0.165087 0.011983 200 197 1000 997 1000 1000 100 3
0.166667 0.151314 0.009900 200 181 1000 1035 1000 1000 100 3
0.166667 0.192433 0.000205 200 186 1000 1003 1000 1000 100 3
0.166667 0.192433 0.000205 200 204 1000 1064 1000 1000 100 3
0.166667 0.192433 0.000205 200 187 1000 995 1000 1000 100 3
0.166667 0.162586 0.011703 200 183 1000 1006 1000 1000 100 3
0.166667 0.160426 0.006643 200 199 1000 986 1000 1000 100 3
0.166667 0.194487 0.000245 200 213 1000 1033 1000 1000 100 3
0.166667 0.189806 0.009196 200 213 1000 963 1000 1000 100 3
0.166667 0.194305 0.000145 200 209 1000 1026 1000 1000 100 3
0.166667 0.185515 0.012303 200 222 1000 985 1000 1000 100 3
0.166667 0.194084 0.007080 200 209 1000 982 1000 1000 100 3
0.166667 0.192575 0.000329 200 194 1000 1012 1000 1000 100 3
0.166667 0.192575 0.000329 200 213 1000 1022 1000 1000 100 3
0.166667 0.162885 0.011967 200 201 1000 997 1000 1000 100 3
0.166667 0.181692 0.017167 200 198 1000 946 1000 1000 100 3
0.166667 0.155387 0.011767 200 201 1000 1065 1000 1000 100 3
0.166667 0.158690 0.016491 200 212 1000 1068 1000 1000 100 3
0.166667 0.158690 0.016491 200 175 1000 1036 1000 1000 100 3
0.166667 0.162726 0.007676 200 188 1000 1009 1000 1000 100 3
0.166667 0.182879 0.000446 200 210 1000 977 1000 1000 100 3
0.166667 0.161343 0.017569 200 192 1000 923 1000 1000 100 3
0.166667 0.161343 0.017569 200 183 1000 979 1000 1000 100 3
0.166667 0.171157 0.011394 200 213 1000 1071 1000 1000 100 3
0.166667 0.171157 0.011394 200 199 1000 986 1000 1000 100 3
0.166667 0.167853 0.018232 200 200 1000 993 1000 1000 100 3
0.166667 0.167853 0.018232 200 199 1000 969 1000 1000 100 3
0.166667 0.166620 0.017254 200 188 1000 1023 1000 1000 100 3
0.166667 0.200000 0.000066 200 222 1000 991 1000 1000 100 3
0.166667 0.184720 0.009747 200 213 1000 1033 1000 1000 100 3
0.166667 0.158494 0.018447 200 198 1000 1034 1000 1000 100 3
0.166667 0.144347 0.013547 200 181 1000 1030 1000 1000 100 3
0.166667 0.156253 0.006863 200 180 1000 955 1000 1000 100 3
0.166667 0.156274 0.011787 200 186 1000 990 1000 1000 100 3
0.166667 0.168450 0.017015 200 183 1000 957 1000 1000 100 3
0.166667 0.168450 0.017015 200 184 1000 1029 1000 1000 100 3
0.166667 0.155881 0.001957 200 177 1000 995 1000 1000 100 3
0.166667 0.169344 0.011366 200 200 1000 979 1000 1000 100 3
0.166667 0.171221 0.016742 200 207 1000 995 1000 1000 100 3
0.166667 0.162400 0.014247 200 191 1000 993 1000 1000 100 3
0.166667 0.162400 0.014247 200 195 1000 967 1000 1000 100 3
0.166667 0.194331 0.015225 200 244 1000 1051 1000 1000 100 3
0.166667 0.173242 0.005882 200 206 1000 991 1000 1000 100 3
0.166667 0.171144 0.011856 200 196 1000 992 1000 1000 100 3
0.166667 0.160118 0.019351 200 189 1000 986 1000 1000 100 3
0.166667 0.163770 0.011933 200 207 1000 992 1000 1000 100 3
0.166667 0.163770 0.011933 200 195 1000 1003 1000 1000 100 3
0.166667 0.181152 0.011891 200 208 1000 1015 1000 1000 100 3
0.166667 0.177915 0.017044 200 204 1000 1008 1000 1000 100 3
0.166667 0.184526 0.000418 200 196 1000 962 1000 1000 100 3
0.166667 0.159104 0.011415 200 190 1000 986 1000 1000 100 3
0.166667 0.188224 0.011334 200 213 1000 948 1000 1000 100 3
0.166667 0.168665 0.011925 200 195 1000 989 1000 1000 100 3
0.166667 0.168665 0.011925 200 191 1000 967 1000 1000 100 3
0.166667 0.153453 0.016354 200 175 1000 996 1000 1000 100 3
0.166667 0.187148 0.012070 200 210 1000 1009 1000 1000 100 3
0.166667 0.175122 0.019620 200 198 1000 1000 1000 1000 100 3
0.166667 0.182492 0.008385 200 205 1000 952 1000 1000 100 3
0.166667 0.160457 0.011810 200 202 1000 997 1000 1000 100 3
0.166667 0.163541 0.010235 200 190 1000 993 1000 1000 100 3
0.166667 0.193105 0.000359 200 215 1000 1020 1000 1000 100 3
0.166667 0.179285 nan 200 198 1000 933 1000 1000 100 3
0.166667 0.167715 0.909810 200 200 1000 999 1000 1000 100 3
0.166667 0.170974 0.011527 200 193 1000 1003 1000 1000 100 3
0.166667 0.164089 0.016234 200 182 1000 974 1000 1000 100 3
0.166667 0.196791 0.017559 200 219 1000 964 1000 1000 100 3
0.166667 0.181014 0.012135 200 204 1000 1015 1000 1000 100 3
0.166667 0.178827 0.005104 200 205 1000 1007 1000 1000 100 3
0.166667 0.178827 0.005104 200 212 1000 973 1000 1000 100 3
0.166667 0.195323 0.017111 200 246 1000 1004 1000 1000 100 3
0.166667 0.160598 0.023063 200 184 1000 1018 1000 1000 100 3
0.166667 0.187916 0.015543 200 220 1000 946 1000 1000 100 3
