0.166667 0.118007 0.035265 20 15 100 90 2 1000 1000 0 5
0.166667 0.157381 0.036272 20 20 100 105 2 1000 1000 0 5
0.166667 0.158940 0.034884 20 20 100 112 2 1000 1000 0 5
0.166667 0.182265 0.037813 20 22 100 107 2 1000 1000 0 5
0.166667 0.169402 0.035957 20 21 100 112 2 1000 1000 0 5
0.166667 0.240096 0.040651 20 25 100 104 2 1000 1000 0 5
0.166667 0.162340 0.040563 20 17 100 88 2 1000 1000 0 5
0.166667 0.132551 0.036793 20 15 100 90 2 1000 1000 0 5
0.166667 0.188972 0.038985 20 21 100 97 2 1000 1000 0 5
0.166667 0.182174 0.035904 20 23 100 114 2 1000 1000 0 5
0.166667 0.175301 0.036807 20 23 100 101 2 1000 1000 0 5
0.166667 0.152836 0.035886 20 20 100 104 2 1000 1000 0 5
0.166667 0.107657 0.031693 20 15 100 107 2 1000 1000 0 5
0.166667 0.198783 0.038728 20 21 100 106 2 1000 1000 0 5
0.166667 0.253145 0.041493 20 29 100 94 2 1000 1000 0 5
0.166667 0.115776 0.032355 20 17 100 116 2 1000 1000 0 5
0.166667 0.164608 0.034801 20 22 100 114 2 1000 1000 0 5
0.166667 0.154120 0.037290 20 17 100 101 2 1000 1000 0 5
0.166667 0.120173 0.031008 20 17 100 124 2 1000 1000 0 5
0.166667 0.115729 0.031400 20 14 100 112 2 1000 1000 0 5
0.166667 0.194215 0.039291 20 22 100 98 2 1000 1000 0 5
0.166667 0.169683 0.039215 20 18 100 98 2 1000 1000 0 5
0.166667 0.147909 0.040902 20 15 100 87 2 1000 1000 0 5
0.166667 0.162542 0.040055 20 19 100 87 2 1000 1000 0 5
0.166667 0.214850 0.040419 20 21 100 100 2 1000 1000 0 5
0.166667 0.179004 0.039592 20 18 100 95 2 1000 1000 0 5
0.166667 0.133277 0.035149 20 16 100 104 2 1000 1000 0 5
0.166667 0.122003 0.031901 20 15 100 112 2 1000 1000 0 5
0.166667 0.177129 0.039032 20 23 100 99 2 1000 1000 0 5
0.166667 0.226159 0.041181 20 26 100 102 2 1000 1000 0 5
0.166667 0.208819 0.042336 20 18 100 94 2 1000 1000 0 5
0.166667 0.127125 0.033495 20 13 100 106 2 1000 1000 0 5
0.166667 0.198012 0.037856 20 25 100 104 2 1000 1000 0 5
0.166667 0.183938 0.039815 20 21 100 93 2 1000 1000 0 5
0.166667 0.245332 0.045538 20 25 100 87 2 1000 1000 0 5
0.166667 0.242168 0.041277 20 25 100 96 2 1000 1000 0 5
0.166667 0.133830 0.033551 20 18 100 110 2 1000 1000 0 5
0.166667 0.186599 0.036372 20 25 100 113 2 1000 1000 0 5
0.166667 0.107173 0.033038 20 9 100 103 2 1000 1000 0 5
0.166667 0.224130 0.042862 20 23 100 91 2 1000 1000 0 5
0.166667 0.185432 0.041192 20 17 100 84 2 1000 1000 0 5
0.166667 0.088797 0.029869 20 7 100 105 2 1000 1000 0 5
0.166667 0.163000 0.039046 20 16 100 97 2 1000 1000 0 5
0.166667 0.139399 0.032157 20 18 100 119 2 1000 1000 0 5
0.166667 0.152767 0.038377 20 15 100 87 2 1000 1000 0 5
0.166667 0.228528 0.042096 20 25 100 92 2 1000 1000 0 5
0.166667 0.163446 0.036969 20 18 100 111 2 1000 1000 0 5
0.166667 0.177441 0.039154 20 20 100 94 2 1000 1000 0 5
0.166667 0.194122 0.039589 20 23 100 95 2 1000 1000 0 5
0.166667 0.169204 0.036270 20 21 100 111 2 1000 1000 0 5
0.166667 0.183813 0.038551 20 21 100 104 2 1000 1000 0 5
0.166667 0.180525 0.036455 20 22 100 111 2 1000 1000 0 5
0.166667 0.207862 0.041286 20 24 100 94 2 1000 1000 0 5
0.166667 0.143442 0.033711 20 16 100 109 2 1000 1000 0 5
0.166667 0.237410 0.040375 20 26 100 102 2 1000 1000 0 5
0.166667 0.159901 0.038972 20 17 100 96 2 1000 1000 0 5
0.166667 0.209531 0.044243 20 25 100 85 2 1000 1000 0 5
0.166667 0.096355 0.030509 20 10 100 110 2 1000 1000 0 5
0.166667 0.222695 0.043653 20 23 100 95 2 1000 1000 0 5
0.166667 0.159894 0.037333 20 15 100 97 2 1000 1000 0 5
0.166667 0.107529 0.032715 20 13 100 102 2 1000 1000 0 5
0.166667 0.276725 0.044007 20 28 100 87 2 1000 1000 0 5
0.166667 0.176930 0.037274 20 19 100 98 2 1000 1000 0 5
0.166667 0.145658 0.041459 20 16 100 82 2 1000 1000 0 5
0.166667 0.176785 0.039279 20 17 100 97 2 1000 1000 0 5
0.166667 0.211469 0.040761 20 22 100 100 2 1000 1000 0 5
0.166667 0.191020 0.038571 20 21 100 101 2 1000 1000 0 5
0.166667 0.154522 0.039308 20 16 100 97 2 1000 1000 0 5
0.166667 0.152695 0.035312 20 21 100 108 2 1000 1000 0 5
0.166667 0.141028 0.036231 20 18 100 99 2 1000 1000 0 5
0.166667 0.143485 0.034084 20 17 100 108 2 1000 1000 0 5
0.166667 0.194103 0.039626 20 19 100 102 2 1000 1000 0 5
0.166667 0.142011 0.037337 20 15 100 90 2 1000 1000 0 5
0.166667 0.209152 0.040569 20 22 100 93 2 1000 1000 0 5
0.166667 0.154389 0.036714 20 16 100 102 2 1000 1000 0 5
0.166667 0.218256 0.046477 20 21 100 84 2 1000 1000 0 5
0.166667 0.288933 0.046123 20 27 100 90 2 1000 1000 0 5
0.166667 0.187430 0.037964 20 23 100 111 2 1000 1000 0 5
0.166667 0.202107 0.039040 20 28 100 107 2 1000 1000 0 5
0.166667 0.105135 0.031100 20 10 100 118 2 1000 1000 0 5
0.166667 0.188824 0.035947 20 26 100 117 2 1000 1000 0 5
0.166667 0.229781 0.044096 20 24 100 85 2 1000 1000 0 5
0.166667 0.149958 0.038838 20 12 100 95 2 1000 1000 0 5
0.166667 0.170355 0.038968 20 19 100 96 2 1000 1000 0 5
0.166667 0.210421 0.040183 20 24 100 94 2 1000 1000 0 5
0.166667 0.253886 0.043681 20 28 100 86 2 1000 1000 0 5
0.166667 0.135335 0.033707 20 16 100 105 2 1000 1000 0 5
0.166667 0.105434 0.036001 20 12 100 85 2 1000 1000 0 5
0.166667 0.149071 0.035858 20 18 100 102 2 1000 1000 0 5
0.166667 0.109548 0.033077 20 13 100 108 2 1000 1000 0 5
0.166667 0.225601 0.045801 20 25 100 84 2 1000 1000 0 5
0.166667 0.182972 0.038399 20 20 100 98 2 1000 1000 0 5
0.166667 0.194323 0.039545 20 21 100 99 2 1000 1000 0 5
0.166667 0.223552 0.042807 20 24 100 92 2 1000 1000 0 5
0.166667 0.188865 0.039692 20 19 100 91 2 1000 1000 0 5
0.166667 0.204871 0.038489 20 24 100 105 2 1000 1000 0 5
0.166667 0.206399 0.036077 20 27 100 124 2 1000 1000 0 5
0.166667 0.160760 0.039014 20 15 100 92 2 1000 1000 0 5
0.166667 0.147772 0.036146 20 17 100 99 2 1000 1000 0 5
0.166667 0.182313 0.038081 20 24 100 100 2 1000 1000 0 5
0.166667 0.187958 0.036637 20 25 100 107 2 1000 1000 0 5
0.166667 0.174045 0.038592 20 19 100 94 2 1000 1000 0 5
0.166667 0.191842 0.037591 20 23 100 106 2 1000 1000 0 5
0.166667 0.224823 0.041754 20 26 100 92 2 1000 1000 0 5
0.166667 0.146064 0.034994 20 19 100 105 2 1000 1000 0 5
0.166667 0.171808 0.037572 20 21 100 101 2 1000 1000 0 5
0.166667 0.145094 0.036250 20 19 100 106 2 1000 1000 0 5
0.166667 0.174292 0.037754 20 17 100 97 2 1000 1000 0 5
0.166667 0.187168 0.038790 20 19 100 105 2 1000 1000 0 5
0.166667 0.190466 0.038208 20 25 100 112 2 1000 1000 0 5
0.166667 0.124575 0.035596 20 15 100 99 2 1000 1000 0 5
0.166667 0.154706 0.036913 20 17 100 93 2 1000 1000 0 5
0.166667 0.188290 0.042327 20 19 100 81 2 1000 1000 0 5
0.166667 0.137076 0.036455 20 15 100 93 2 1000 1000 0 5
0.166667 0.157325 0.037422 20 18 100 100 2 1000 1000 0 5
0.166667 0.092882 0.032018 20 11 100 106 2 1000 1000 0 5
0.166667 0.166981 0.038036 20 20 100 94 2 1000 1000 0 5
0.166667 0.190343 0.036490 20 27 100 112 2 1000 1000 0 5
0.166667 0.160689 0.035807 20 17 100 107 2 1000 1000 0 5
0.166667 0.213614 0.039338 20 25 100 104 2 1000 1000 0 5
0.166667 0.142480 0.036068 20 17 100 102 2 1000 1000 0 5
0.166667 0.206398 0.038313 20 26 100 104 2 1000 1000 0 5
0.166667 0.176865 0.042598 20 18 100 82 2 1000 1000 0 5
0.166667 0.177971 0.038075 20 21 100 101 2 1000 1000 0 5
0.166667 0.201979 0.039320 20 24 100 105 2 1000 1000 0 5
0.166667 0.182682 0.037135 20 26 100 113 2 1000 1000 0 5
0.166667 0.086443 0.028207 20 9 100 121 2 1000 1000 0 5
0.166667 0.230885 0.042769 20 26 100 95 2 1000 1000 0 5
0.166667 0.165826 0.036308 20 16 100 99 2 1000 1000 0 5
0.166667 0.225447 0.041938 20 25 100 88 2 1000 1000 0 5
0.166667 0.216494 0.043133 20 19 100 88 2 1000 1000 0 5
0.166667 0.248834 0.044169 20 27 100 84 2 1000 1000 0 5
0.166667 0.213883 0.041504 20 27 100 94 2 1000 1000 0 5
0.166667 0.174341 0.039316 20 23 100 91 2 1000 1000 0 5
0.166667 0.200821 0.039289 20 23 100 99 2 1000 1000 0 5
0.166667 0.178316 0.035135 20 25 100 113 2 1000 1000 0 5
0.166667 0.154198 0.035094 20 19 100 102 2 1000 1000 0 5
0.166667 0.177717 0.035701 20 22 100 119 2 1000 1000 0 5
0.166667 0.062803 0.027170 20 9 100 104 2 1000 1000 0 5
0.166667 0.193544 0.042172 20 20 100 85 2 1000 1000 0 5
0.166667 0.169231 0.037763 20 18 100 111 2 1000 1000 0 5
0.166667 0.119668 0.032327 20 16 100 112 2 1000 1000 0 5
0.166667 0.143401 0.037167 20 16 100 100 2 1000 1000 0 5
0.166667 0.168926 0.039484 20 15 100 93 2 1000 1000 0 5
0.166667 0.205961 0.041082 20 22 100 95 2 1000 1000 0 5
0.166667 0.227879 0.041232 20 25 100 91 2 1000 1000 0 5
0.166667 0.142255 0.035118 20 18 100 103 2 1000 1000 0 5
0.166667 0.210484 0.040634 20 27 100 103 2 1000 1000 0 5
0.166667 0.145797 0.034908 20 18 100 105 2 1000 1000 0 5
0.166667 0.187985 0.035752 20 22 100 115 2 1000 1000 0 5
0.166667 0.110903 0.031576 20 13 100 111 2 1000 1000 0 5
0.166667 0.200214 0.039119 20 28 100 112 2 1000 1000 0 5
0.166667 0.208612 0.041979 20 24 100 87 2 1000 1000 0 5
0.166667 0.171224 0.039323 20 16 100 94 2 1000 1000 0 5
0.166667 0.181677 0.039951 20 21 100 97 2 1000 1000 0 5
0.166667 0.119938 0.033845 20 17 100 101 2 1000 1000 0 5
0.166667 0.148073 0.033524 20 18 100 111 2 1000 1000 0 5
0.166667 0.151156 0.038843 20 17 100 92 2 1000 1000 0 5
0.166667 0.144806 0.036574 20 17 100 100 2 1000 1000 0 5
0.166667 0.156230 0.034552 20 21 100 117 2 1000 1000 0 5
0.166667 0.138391 0.037970 20 14 100 90 2 1000 1000 0 5
0.166667 0.218796 0.040945 20 22 100 97 2 1000 1000 0 5
0.166667 0.110116 0.033069 20 13 100 103 2 1000 1000 0 5
0.166667 0.251703 0.047333 20 21 100 78 2 1000 1000 0 5
0.166667 0.155118 0.035908 20 17 100 110 2 1000 1000 0 5
0.166667 0.291022 0.044180 20 30 100 93 2 1000 1000 0 5
0.166667 0.128998 0.034328 20 17 100 113 2 1000 1000 0 5
0.166667 0.215728 0.041021 20 26 100 93 2 1000 1000 0 5
0.166667 0.141167 0.036030 20 17 100 105 2 1000 1000 0 5
0.166667 0.191882 0.037375 20 23 100 106 2 1000 1000 0 5
0.166667 0.180587 0.037733 20 21 100 107 2 1000 1000 0 5
0.166667 0.194553 0.039524 20 22 100 97 2 1000 1000 0 5
0.166667 0.133570 0.036589 20 18 100 102 2 1000 1000 0 5
0.166667 0.241876 0.042746 20 26 100 95 2 1000 1000 0 5
0.166667 0.155313 0.036864 20 18 100 105 2 1000 1000 0 5
0.166667 0.207959 0.037596 20 26 100 109 2 1000 1000 0 5
0.166667 0.151969 0.034573 20 19 100 112 2 1000 1000 0 5
0.166667 0.176425 0.038642 20 19 100 95 2 1000 1000 0 5
0.166667 0.195316 0.039098 20 22 100 95 2 1000 1000 0 5
0.166667 0.163273 0.039140 20 18 100 91 2 1000 1000 0 5
0.166667 0.117056 0.033218 20 15 100 100 2 1000 1000 0 5
0.166667 0.133575 0.038581 20 12 100 80 2 1000 1000 0 5
0.166667 0.191513 0.038446 20 23 100 101 2 1000 1000 0 5
0.166667 0.194445 0.041188 20 20 100 96 2 1000 1000 0 5
0.166667 0.238990 0.041409 20 26 100 109 2 1000 1000 0 5
0.166667 0.235058 0.039451 20 30 100 103 2 1000 1000 0 5
0.166667 0.136959 0.034996 20 19 100 108 2 1000 1000 0 5
0.166667 0.143315 0.034333 20 16 100 105 2 1000 1000 0 5
0.166667 0.164500 0.034927 20 22 100 116 2 1000 1000 0 5
0.166667 0.170259 0.038249 20 16 100 106 2 1000 1000 0 5
0.166667 0.184835 0.036671 20 26 100 110 2 1000 1000 0 5
0.166667 0.143238 0.037441 20 15 100 95 2 1000 1000 0 5
0.166667 0.294736 0.045746 20 29 100 85 2 1000 1000 0 5
0.166667 0.107183 0.034816 20 13 100 97 2 1000 1000 0 5
0.166667 0.128202 0.035165 20 16 100 102 2 1000 1000 0 5
0.166667 0.146355 0.040647 20 17 100 84 2 1000 1000 0 5
0.166667 0.170856 0.039601 20 19 100 96 2 1000 1000 0 5
0.166667 0.195267 0.041202 20 22 100 92 2 1000 1000 0 5
0.166667 0.077045 0.028928 20 10 100 103 2 1000 1000 0 5
0.166667 0.159717 0.035281 20 20 100 110 2 1000 1000 0 5
0.166667 0.124941 0.034327 20 17 100 105 2 1000 1000 0 5
0.166667 0.163394 0.039770 20 18 100 93 2 1000 1000 0 5
0.166667 0.179308 0.037758 20 22 100 103 2 1000 1000 0 5
0.166667 0.214536 0.039556 20 24 100 106 2 1000 1000 0 5
0.166667 0.167077 0.037986 20 18 100 101 2 1000 1000 0 5
0.166667 0.158513 0.036250 20 16 100 112 2 1000 1000 0 5
0.166667 0.202821 0.040419 20 22 100 100 2 1000 1000 0 5
0.166667 0.150322 0.033801 20 21 100 115 2 1000 1000 0 5
0.166667 0.106504 0.031459 20 17 100 112 2 1000 1000 0 5
0.166667 0.177348 0.041308 20 18 100 83 2 1000 1000 0 5
0.166667 0.135670 0.038573 20 13 100 89 2 1000 1000 0 5
0.166667 0.168059 0.036513 20 19 100 101 2 1000 1000 0 5
0.166667 0.232331 0.039665 20 28 100 104 2 1000 1000 0 5
0.166667 0.120623 0.033895 20 16 100 105 2 1000 1000 0 5
0.166667 0.214404 0.042703 20 22 100 90 2 1000 1000 0 5
0.166667 0.196318 0.040500 20 22 100 96 2 1000 1000 0 5
0.166667 0.100903 0.031558 20 11 100 106 2 1000 1000 0 5
0.166667 0.250079 0.042549 20 24 100 98 2 1000 1000 0 5
0.166667 0.217774 0.038396 20 27 100 109 2 1000 1000 0 5
0.166667 0.189999 0.038529 20 24 100 107 2 1000 1000 0 5
0.166667 0.200406 0.040254 20 21 100 100 2 1000 1000 0 5
0.166667 0.142168 0.034752 20 18 100 110 2 1000 1000 0 5
0.166667 0.203756 0.038102 20 25 100 106 2 1000 1000 0 5
0.166667 0.201466 0.037909 20 25 100 109 2 1000 1000 0 5
0.166667 0.157407 0.037023 20 18 100 99 2 1000 1000 0 5
0.166667 0.190648 0.040312 20 20 100 96 2 1000 1000 0 5
0.166667 0.245379 0.043233 20 27 100 90 2 1000 1000 0 5
0.166667 0.149126 0.034171 20 17 100 107 2 1000 1000 0 5
0.166667 0.160122 0.041579 20 15 100 81 2 1000 1000 0 5
0.166667 0.144705 0.034068 20 18 100 113 2 1000 1000 0 5
0.166667 0.106715 0.033688 20 13 100 100 2 1000 1000 0 5
0.166667 0.182120 0.039537 20 20 100 91 2 1000 1000 0 5
0.166667 0.161493 0.037605 20 19 100 99 2 1000 1000 0 5
0.166667 0.203880 0.041963 20 21 100 90 2 1000 1000 0 5
0.166667 0.158416 0.040229 20 16 100 89 2 1000 1000 0 5
0.166667 0.179637 0.039846 20 20 100 99 2 1000 1000 0 5
0.166667 0.150901 0.037822 20 19 100 96 2 1000 1000 0 5
0.166667 0.109838 0.032534 20 14 100 98 2 1000 1000 0 5
0.166667 0.124777 0.036719 20 14 100 96 2 1000 1000 0 5
0.166667 0.126560 0.033308 20 19 100 112 2 1000 1000 0 5
0.166667 0.199843 0.041204 20 19 100 93 2 1000 1000 0 5
0.166667 0.212203 0.041232 20 22 100 91 2 1000 1000 0 5
0.166667 0.165889 0.034812 20 19 100 110 2 1000 1000 0 5
0.166667 0.123819 0.032888 20 18 100 112 2 1000 1000 0 5
0.166667 0.143115 0.036838 20 17 100 109 2 1000 1000 0 5
0.166667 0.119390 0.031986 20 15 100 120 2 1000 1000 0 5
0.166667 0.107800 0.029486 20 17 100 121 2 1000 1000 0 5
0.166667 0.208782 0.036556 20 31 100 118 2 1000 1000 0 5
0.166667 0.215526 0.040692 20 25 100 100 2 1000 1000 0 5
0.166667 0.163361 0.037598 20 18 100 96 2 1000 1000 0 5
0.166667 0.128813 0.035735 20 14 100 93 2 1000 1000 0 5
0.166667 0.217495 0.042550 20 21 100 93 2 1000 1000 0 5
0.166667 0.202365 0.039860 20 23 100 102 2 1000 1000 0 5
0.166667 0.125653 0.034214 20 17 100 105 2 1000 1000 0 5
0.166667 0.143674 0.033924 20 19 100 113 2 1000 1000 0 5
0.166667 0.205597 0.039857 20 24 100 98 2 1000 1000 0 5
0.166667 0.144469 0.037991 20 16 100 97 2 1000 1000 0 5
0.166667 0.210514 0.038874 20 26 100 104 2 1000 1000 0 5
0.166667 0.165829 0.036865 20 23 100 106 2 1000 1000 0 5
0.166667 0.164760 0.036399 20 20 100 106 2 1000 1000 0 5
0.166667 0.168079 0.042847 20 16 100 78 2 1000 1000 0 5
0.166667 0.168259 0.037305 20 17 100 98 2 1000 1000 0 5
0.166667 0.235996 0.042872 20 26 100 91 2 1000 1000 0 5
0.166667 0.207621 0.040942 20 22 100 93 2 1000 1000 0 5
0.166667 0.226518 0.040940 20 28 100 96 2 1000 1000 0 5
0.166667 0.215215 0.037939 20 27 100 115 2 1000 1000 0 5
0.166667 0.134279 0.033981 20 14 100 110 2 1000 1000 0 5
0.166667 0.087650 0.031156 20 12 100 99 2 1000 1000 0 5
0.166667 0.204058 0.040545 20 20 100 94 2 1000 1000 0 5
0.166667 0.137565 0.037047 20 13 100 93 2 1000 1000 0 5
0.166667 0.139388 0.033762 20 18 100 115 2 1000 1000 0 5
0.166667 0.144555 0.035682 20 19 100 102 2 1000 1000 0 5
0.166667 0.215779 0.039440 20 21 100 99 2 1000 1000 0 5
0.166667 0.126818 0.034638 20 15 100 104 2 1000 1000 0 5
0.166667 0.173413 0.040320 20 17 100 85 2 1000 1000 0 5
0.166667 0.201566 0.043095 20 21 100 87 2 1000 1000 0 5
0.166667 0.161165 0.035035 20 20 100 107 2 1000 1000 0 5
0.166667 0.201997 0.042295 20 21 100 94 2 1000 1000 0 5
0.166667 0.193550 0.038482 20 24 100 105 2 1000 1000 0 5
0.166667 0.253917 0.044428 20 26 100 89 2 1000 1000 0 5
0.166667 0.148491 0.036207 20 15 100 93 2 1000 1000 0 5
0.166667 0.116962 0.032541 20 14 100 115 2 1000 1000 0 5
0.166667 0.103779 0.031377 20 13 100 109 2 1000 1000 0 5
0.166667 0.140055 0.034802 20 25 100 114 2 1000 1000 0 5
0.166667 0.223454 0.042968 20 24 100 96 2 1000 1000 0 5
0.166667 0.237214 0.040158 20 30 100 105 2 1000 1000 0 5
0.166667 0.202038 0.042267 20 20 100 92 2 1000 1000 0 5
0.166667 0.179312 0.036768 20 22 100 110 2 1000 1000 0 5
0.166667 0.076154 0.029902 20 8 100 97 2 1000 1000 0 5
0.166667 0.137023 0.033586 20 16 100 117 2 1000 1000 0 5
0.166667 0.121818 0.030373 20 15 100 114 2 1000 1000 0 5
0.166667 0.184612 0.039891 20 20 100 95 2 1000 1000 0 5
0.166667 0.229568 0.044281 20 21 100 87 2 1000 1000 0 5
0.166667 0.159511 0.037202 20 18 100 107 2 1000 1000 0 5
0.166667 0.126485 0.036645 20 13 100 90 2 1000 1000 0 5
0.166667 0.083133 0.029993 20 11 100 110 2 1000 1000 0 5
0.166667 0.117642 0.033658 20 15 100 103 2 1000 1000 0 5
0.166667 0.145193 0.035552 20 20 100 106 2 1000 1000 0 5
0.166667 0.150230 0.036685 20 18 100 98 2 1000 1000 0 5
0.166667 0.147962 0.035640 20 18 100 110 2 1000 1000 0 5
0.166667 0.112729 0.035786 20 13 100 87 2 1000 1000 0 5
0.166667 0.144487 0.034985 20 14 100 108 2 1000 1000 0 5
0.166667 0.210351 0.043471 20 22 100 87 2 1000 1000 0 5
0.166667 0.191430 0.038416 20 21 100 105 2 1000 1000 0 5
0.166667 0.199174 0.039462 20 25 100 104 2 1000 1000 0 5
0.166667 0.252223 0.043153 20 28 100 95 2 1000 1000 0 5
0.166667 0.121813 0.036774 20 13 100 95 2 1000 1000 0 5
0.166667 0.127075 0.036643 20 14 100 94 2 1000 1000 0 5
0.166667 0.163281 0.035958 20 23 100 112 2 1000 1000 0 5
0.166667 0.206019 0.042018 20 19 100 100 2 1000 1000 0 5
0.166667 0.186831 0.038423 20 20 100 101 2 1000 1000 0 5
0.166667 0.191461 0.037779 20 23 100 104 2 1000 1000 0 5
0.166667 0.172511 0.035346 20 21 100 114 2 1000 1000 0 5
0.166667 0.193950 0.037090 20 24 100 111 2 1000 1000 0 5
0.166667 0.175715 0.040516 20 22 100 91 2 1000 1000 0 5
0.166667 0.133446 0.037372 20 16 100 91 2 1000 1000 0 5
0.166667 0.206066 0.039254 20 21 100 104 2 1000 1000 0 5
0.166667 0.195559 0.038931 20 24 100 103 2 1000 1000 0 5
0.166667 0.130104 0.035939 20 13 100 102 2 1000 1000 0 5
0.166667 0.234417 0.044725 20 23 100 84 2 1000 1000 0 5
0.166667 0.195605 0.039442 20 20 100 99 2 1000 1000 0 5
0.166667 0.199224 0.039108 20 21 100 105 2 1000 1000 0 5
0.166667 0.208189 0.040016 20 25 100 97 2 1000 1000 0 5
0.166667 0.236882 0.041407 20 27 100 92 2 1000 1000 0 5
0.166667 0.126050 0.034381 20 13 100 100 2 1000 1000 0 5
0.166667 0.270408 0.046251 20 29 100 77 2 1000 1000 0 5
0.166667 0.205394 0.040843 20 25 100 92 2 1000 1000 0 5
0.166667 0.095947 0.030631 20 12 100 109 2 1000 1000 0 5
0.166667 0.122095 0.035398 20 15 100 103 2 1000 1000 0 5
0.166667 0.139788 0.035082 20 17 100 102 2 1000 1000 0 5
0.166667 0.150596 0.033953 20 20 100 112 2 1000 1000 0 5
0.166667 0.253631 0.047447 20 25 100 79 2 1000 1000 0 5
0.166667 0.159375 0.037350 20 19 100 98 2 1000 1000 0 5
0.166667 0.162430 0.039179 20 18 100 92 2 1000 1000 0 5
0.166667 0.156427 0.037340 20 17 100 90 2 1000 1000 0 5
0.166667 0.211380 0.038726 20 26 100 107 2 1000 1000 0 5
0.166667 0.194347 0.037400 20 24 100 107 2 1000 1000 0 5
0.166667 0.226918 0.041949 20 26 100 86 2 1000 1000 0 5
0.166667 0.151162 0.035451 20 19 100 109 2 1000 1000 0 5
0.166667 0.176705 0.036912 20 23 100 105 2 1000 1000 0 5
0.166667 0.180171 0.039396 20 19 100 97 2 1000 1000 0 5
0.166667 0.166889 0.040151 20 18 100 87 2 1000 1000 0 5
0.166667 0.157510 0.036924 20 19 100 97 2 1000 1000 0 5
0.166667 0.241607 0.045867 20 22 100 82 2 1000 1000 0 5
0.166667 0.162113 0.034979 20 21 100 108 2 1000 1000 0 5
0.166667 0.224286 0.047390 20 24 100 77 2 1000 1000 0 5
0.166667 0.224366 0.041550 20 23 100 94 2 1000 1000 0 5
0.166667 0.258610 0.042178 20 33 100 96 2 1000 1000 0 5
0.166667 0.164559 0.036480 20 19 100 95 2 1000 1000 0 5
0.166667 0.177963 0.039189 20 17 100 94 2 1000 1000 0 5
0.166667 0.209133 0.039049 20 24 100 102 2 1000 1000 0 5
0.166667 0.184998 0.041120 20 14 100 89 2 1000 1000 0 5
0.166667 0.220662 0.039312 20 27 100 101 2 1000 1000 0 5
0.166667 0.163606 0.037249 20 23 100 109 2 1000 1000 0 5
0.166667 0.176668 0.040874 20 18 100 82 2 1000 1000 0 5
0.166667 0.140663 0.036154 20 13 100 94 2 1000 1000 0 5
0.166667 0.193196 0.044073 20 19 100 86 2 1000 1000 0 5
0.166667 0.125789 0.033661 20 17 100 104 2 1000 1000 0 5
0.166667 0.156135 0.035678 20 16 100 109 2 1000 1000 0 5
0.166667 0.141773 0.037277 20 15 100 93 2 1000 1000 0 5
0.166667 0.150784 0.037627 20 14 100 98 2 1000 1000 0 5
0.166667 0.096816 0.029958 20 15 100 119 2 1000 1000 0 5
0.166667 0.138393 0.034663 20 16 100 101 2 1000 1000 0 5
0.166667 0.076782 0.030105 20 8 100 92 2 1000 1000 0 5
0.166667 0.173403 0.040029 20 20 100 92 2 1000 1000 0 5
0.166667 0.122063 0.032535 20 16 100 112 2 1000 1000 0 5
0.166667 0.154330 0.035820 20 20 100 106 2 1000 1000 0 5
0.166667 0.179739 0.039606 20 19 100 90 2 1000 1000 0 5
0.166667 0.165461 0.037669 20 21 100 100 2 1000 1000 0 5
0.166667 0.181521 0.039773 20 21 100 93 2 1000 1000 0 5
0.166667 0.147454 0.038119 20 13 100 93 2 1000 1000 0 5
0.166667 0.223042 0.039319 20 28 100 101 2 1000 1000 0 5
0.166667 0.253293 0.041921 20 30 100 95 2 1000 1000 0 5
0.166667 0.143045 0.037090 20 13 100 94 2 1000 1000 0 5
0.166667 0.137938 0.036529 20 18 100 98 2 1000 1000 0 5
0.166667 0.176475 0.039430 20 18 100 93 2 1000 1000 0 5
0.166667 0.207317 0.038982 20 27 100 101 2 1000 1000 0 5
0.166667 0.182491 0.036813 20 19 100 105 2 1000 1000 0 5
0.166667 0.156094 0.034499 20 20 100 106 2 1000 1000 0 5
0.166667 0.152009 0.033904 20 20 100 118 2 1000 1000 0 5
0.166667 0.190799 0.040972 20 23 100 91 2 1000 1000 0 5
0.166667 0.169876 0.036248 20 22 100 105 2 1000 1000 0 5
0.166667 0.166940 0.041036 20 18 100 81 2 1000 1000 0 5
0.166667 0.163371 0.036485 20 21 100 102 2 1000 1000 0 5
0.166667 0.205324 0.040161 20 19 100 106 2 1000 1000 0 5
0.166667 0.178955 0.037878 20 19 100 104 2 1000 1000 0 5
0.166667 0.202404 0.038868 20 23 100 101 2 1000 1000 0 5
0.166667 0.101348 0.033022 20 15 100 102 2 1000 1000 0 5
0.166667 0.152232 0.034454 20 21 100 114 2 1000 1000 0 5
0.166667 0.221098 0.042150 20 25 100 93 2 1000 1000 0 5
0.166667 0.155170 0.036767 20 19 100 104 2 1000 1000 0 5
0.166667 0.179159 0.038684 20 22 100 94 2 1000 1000 0 5
0.166667 0.206499 0.041325 20 20 100 96 2 1000 1000 0 5
0.166667 0.260088 0.045570 20 21 100 93 2 1000 1000 0 5
0.166667 0.156398 0.033929 20 21 100 112 2 1000 1000 0 5
0.166667 0.204186 0.039536 20 24 100 103 2 1000 1000 0 5
0.166667 0.243323 0.044199 20 26 100 82 2 1000 1000 0 5
0.166667 0.127952 0.035464 20 16 100 95 2 1000 1000 0 5
0.166667 0.212898 0.037543 20 27 100 110 2 1000 1000 0 5
0.166667 0.158381 0.035438 20 21 100 114 2 1000 1000 0 5
0.166667 0.170364 0.037575 20 18 100 95 2 1000 1000 0 5
0.166667 0.246084 0.045573 20 21 100 84 2 1000 1000 0 5
0.166667 0.098968 0.031517 20 10 100 110 2 1000 1000 0 5
0.166667 0.210905 0.039385 20 24 100 101 2 1000 1000 0 5
0.166667 0.199187 0.035641 20 28 100 118 2 1000 1000 0 5
0.166667 0.154719 0.034747 20 19 100 110 2 1000 1000 0 5
0.166667 0.163466 0.034083 20 25 100 121 2 1000 1000 0 5
0.166667 0.187437 0.038809 20 20 100 100 2 1000 1000 0 5
0.166667 0.115398 0.032743 20 14 100 103 2 1000 1000 0 5
0.166667 0.203954 0.042666 20 17 100 91 2 1000 1000 0 5
0.166667 0.189629 0.039181 20 22 100 93 2 1000 1000 0 5
0.166667 0.182342 0.040875 20 21 100 90 2 1000 1000 0 5
0.166667 0.151716 0.036705 20 17 100 91 2 1000 1000 0 5
0.166667 0.201071 0.043143 20 20 100 85 2 1000 1000 0 5
0.166667 0.127891 0.032733 20 19 100 113 2 1000 1000 0 5
0.166667 0.157699 0.038688 20 18 100 89 2 1000 1000 0 5
0.166667 0.122402 0.031296 20 14 100 115 2 1000 1000 0 5
0.166667 0.156439 0.038989 20 16 100 90 2 1000 1000 0 5
0.166667 0.167288 0.041721 20 17 100 83 2 1000 1000 0 5
0.166667 0.214808 0.038873 20 27 100 102 2 1000 1000 0 5
0.166667 0.160966 0.038277 20 19 100 93 2 1000 1000 0 5
0.166667 0.147205 0.033588 20 23 100 117 2 1000 1000 0 5
0.166667 0.175901 0.040856 20 18 100 90 2 1000 1000 0 5
0.166667 0.241684 0.041577 20 29 100 96 2 1000 1000 0 5
0.166667 0.192907 0.038234 20 21 100 102 2 1000 1000 0 5
0.166667 0.140062 0.036459 20 14 100 97 2 1000 1000 0 5
0.166667 0.262669 0.042339 20 31 100 94 2 1000 1000 0 5
0.166667 0.199382 0.038977 20 23 100 99 2 1000 1000 0 5
0.166667 0.160451 0.037372 20 19 100 97 2 1000 1000 0 5
0.166667 0.119625 0.034457 20 16 100 104 2 1000 1000 0 5
0.166667 0.147302 0.032606 20 21 100 115 2 1000 1000 0 5
0.166667 0.165255 0.038105 20 18 100 101 2 1000 1000 0 5
0.166667 0.260056 0.044536 20 29 100 88 2 1000 1000 0 5
0.166667 0.217107 0.040202 20 25 100 99 2 1000 1000 0 5
0.166667 0.242140 0.041556 20 25 100 102 2 1000 1000 0 5
0.166667 0.118171 0.034651 20 14 100 101 2 1000 1000 0 5
0.166667 0.220879 0.041424 20 23 100 92 2 1000 1000 0 5
0.166667 0.188989 0.037043 20 23 100 113 2 1000 1000 0 5
0.166667 0.193648 0.039368 20 24 100 104 2 1000 1000 0 5
0.166667 0.144224 0.039329 20 15 100 89 2 1000 1000 0 5
0.166667 0.185815 0.038353 20 20 100 100 2 1000 1000 0 5
0.166667 0.189278 0.037663 20 25 100 107 2 1000 1000 0 5
0.166667 0.131134 0.032494 20 18 100 112 2 1000 1000 0 5
0.166667 0.215540 0.041084 20 22 100 91 2 1000 1000 0 5
0.166667 0.218937 0.042099 20 26 100 89 2 1000 1000 0 5
0.166667 0.257621 0.041912 20 32 100 100 2 1000 1000 0 5
0.166667 0.179042 0.039103 20 16 100 98 2 1000 1000 0 5
0.166667 0.206348 0.037654 20 28 100 107 2 1000 1000 0 5
0.166667 0.187781 0.039267 20 22 100 97 2 1000 1000 0 5
0.166667 0.200785 0.037888 20 29 100 108 2 1000 1000 0 5
0.166667 0.185263 0.044523 20 18 100 74 2 1000 1000 0 5
0.166667 0.145037 0.034845 20 17 100 105 2 1000 1000 0 5
0.166667 0.195750 0.039323 20 21 100 100 2 1000 1000 0 5
0.166667 0.220613 0.039068 20 30 100 101 2 1000 1000 0 5
0.166667 0.154170 0.035762 20 16 100 112 2 1000 1000 0 5
0.166667 0.178142 0.037370 20 21 100 111 2 1000 1000 0 5
0.166667 0.228364 0.040906 20 24 100 105 2 1000 1000 0 5
0.166667 0.138192 0.036255 20 18 100 98 2 1000 1000 0 5
0.166667 0.188556 0.036177 20 20 100 113 2 1000 1000 0 5
0.166667 0.168162 0.036314 20 20 100 107 2 1000 1000 0 5
0.166667 0.261339 0.045178 20 27 100 88 2 1000 1000 0 5
0.166667 0.164887 0.041872 20 17 100 87 2 1000 1000 0 5
0.166667 0.154178 0.036111 20 19 100 106 2 1000 1000 0 5
0.166667 0.107953 0.033791 20 14 100 99 2 1000 1000 0 5
0.166667 0.126482 0.035791 20 15 100 100 2 1000 1000 0 5
0.166667 0.194422 0.042604 20 18 100 84 2 1000 1000 0 5
0.166667 0.162464 0.037756 20 16 100 99 2 1000 1000 0 5
0.166667 0.197556 0.039139 20 27 100 98 2 1000 1000 0 5
0.166667 0.170075 0.036820 20 21 100 106 2 1000 1000 0 5
0.166667 0.204402 0.041437 20 26 100 92 2 1000 1000 0 5
0.166667 0.181852 0.040242 20 19 100 96 2 1000 1000 0 5
0.166667 0.145252 0.034349 20 17 100 110 2 1000 1000 0 5
0.166667 0.122692 0.034931 20 15 100 103 2 1000 1000 0 5
0.166667 0.234994 0.044063 20 23 100 87 2 1000 1000 0 5
0.166667 0.138050 0.035201 20 15 100 103 2 1000 1000 0 5
0.166667 0.146119 0.038992 20 15 100 98 2 1000 1000 0 5
0.166667 0.171907 0.042086 20 17 100 81 2 1000 1000 0 5
0.166667 0.192023 0.038438 20 22 100 104 2 1000 1000 0 5
0.166667 0.216788 0.039294 20 27 100 102 2 1000 1000 0 5
0.166667 0.106650 0.029728 20 16 100 120 2 1000 1000 0 5
0.166667 0.223733 0.041320 20 25 100 98 2 1000 1000 0 5
0.166667 0.170516 0.037062 20 20 100 117 2 1000 1000 0 5
0.166667 0.154292 0.037073 20 19 100 106 2 1000 1000 0 5
0.166667 0.221508 0.041871 20 27 100 90 2 1000 1000 0 5
0.166667 0.185642 0.039127 20 23 100 98 2 1000 1000 0 5
0.166667 0.149557 0.034943 20 22 100 113 2 1000 1000 0 5
0.166667 0.181084 0.039312 20 18 100 100 2 1000 1000 0 5
0.166667 0.149211 0.038040 20 17 100 98 2 1000 1000 0 5
0.166667 0.103785 0.032209 20 13 100 107 2 1000 1000 0 5
0.166667 0.158885 0.036948 20 16 100 105 2 1000 1000 0 5
0.166667 0.160466 0.035970 20 19 100 108 2 1000 1000 0 5
0.166667 0.143336 0.036853 20 15 100 101 2 1000 1000 0 5
0.166667 0.105386 0.029460 20 14 100 121 2 1000 1000 0 5
0.166667 0.141627 0.033212 20 19 100 120 2 1000 1000 0 5
0.166667 0.154702 0.033272 20 21 100 121 2 1000 1000 0 5
0.166667 0.196901 0.042201 20 19 100 89 2 1000 1000 0 5
0.166667 0.219679 0.041191 20 23 100 97 2 1000 1000 0 5
0.166667 0.131239 0.032181 20 18 100 122 2 1000 1000 0 5
0.166667 0.220708 0.042752 20 25 100 85 2 1000 1000 0 5
0.166667 0.192812 0.042258 20 19 100 91 2 1000 1000 0 5
0.166667 0.196685 0.041148 20 23 100 95 2 1000 1000 0 5
0.166667 0.173468 0.040106 20 18 100 97 2 1000 1000 0 5
0.166667 0.212453 0.038550 20 29 100 110 2 1000 1000 0 5
0.166667 0.173304 0.038349 20 21 100 98 2 1000 1000 0 5
0.166667 0.129997 0.032049 20 17 100 126 2 1000 1000 0 5
0.166667 0.192795 0.039018 20 22 100 99 2 1000 1000 0 5
0.166667 0.196715 0.040939 20 22 100 90 2 1000 1000 0 5
0.166667 0.228106 0.040915 20 25 100 100 2 1000 1000 0 5
0.166667 0.202118 0.042264 20 21 100 87 2 1000 1000 0 5
0.166667 0.162494 0.038145 20 15 100 96 2 1000 1000 0 5
0.166667 0.137700 0.036999 20 15 100 96 2 1000 1000 0 5
0.166667 0.193758 0.040067 20 20 100 98 2 1000 1000 0 5
0.166667 0.179652 0.041653 20 16 100 90 2 1000 1000 0 5
0.166667 0.162112 0.036061 20 22 100 104 2 1000 1000 0 5
0.166667 0.184669 0.037530 20 22 100 101 2 1000 1000 0 5
0.166667 0.241221 0.040756 20 28 100 95 2 1000 1000 0 5
0.166667 0.167091 0.036623 20 19 100 113 2 1000 1000 0 5
0.166667 0.167135 0.035997 20 19 100 109 2 1000 1000 0 5
0.166667 0.236617 0.043212 20 24 100 92 2 1000 1000 0 5
0.166667 0.134304 0.037303 20 16 100 93 2 1000 1000 0 5
0.166667 0.158627 0.038779 20 18 100 92 2 1000 1000 0 5
0.166667 0.126439 0.035441 20 14 100 95 2 1000 1000 0 5
0.166667 0.164803 0.039981 20 19 100 86 2 1000 1000 0 5
0.166667 0.143760 0.033465 20 19 100 113 2 1000 1000 0 5
0.166667 0.166518 0.041038 20 19 100 86 2 1000 1000 0 5
0.166667 0.189561 0.038096 20 22 100 100 2 1000 1000 0 5
0.166667 0.185239 0.039499 20 24 100 106 2 1000 1000 0 5
0.166667 0.163784 0.036581 20 20 100 108 2 1000 1000 0 5
0.166667 0.114948 0.034209 20 15 100 108 2 1000 1000 0 5
0.166667 0.159577 0.036627 20 17 100 101 2 1000 1000 0 5
0.166667 0.217838 0.043247 20 25 100 86 2 1000 1000 0 5
0.166667 0.170828 0.039297 20 18 100 94 2 1000 1000 0 5
0.166667 0.161451 0.038391 20 16 100 93 2 1000 1000 0 5
0.166667 0.182042 0.037702 20 22 100 107 2 1000 1000 0 5
0.166667 0.185124 0.038415 20 21 100 100 2 1000 1000 0 5
0.166667 0.176086 0.036150 20 20 100 110 2 1000 1000 0 5
0.166667 0.132411 0.031657 20 16 100 124 2 1000 1000 0 5
0.166667 0.256964 0.042706 20 29 100 95 2 1000 1000 0 5
0.166667 0.137756 0.035464 20 17 100 104 2 1000 1000 0 5
0.166667 0.194545 0.039790 20 22 100 96 2 1000 1000 0 5
0.166667 0.103615 0.031666 20 10 100 105 2 1000 1000 0 5
0.166667 0.188526 0.039266 20 20 100 102 2 1000 1000 0 5
0.166667 0.231041 0.037841 20 32 100 112 2 1000 1000 0 5
0.166667 0.194516 0.039111 20 21 100 106 2 1000 1000 0 5
0.166667 0.258257 0.050407 20 20 100 68 2 1000 1000 0 5
0.166667 0.133872 0.035482 20 15 100 99 2 1000 1000 0 5
0.166667 0.092759 0.031945 20 8 100 100 2 1000 1000 0 5
0.166667 0.176876 0.039773 20 18 100 87 2 1000 1000 0 5
0.166667 0.181681 0.038530 20 23 100 103 2 1000 1000 0 5
0.166667 0.228353 0.043804 20 23 100 83 2 1000 1000 0 5
0.166667 0.163198 0.036610 20 20 100 104 2 1000 1000 0 5
0.166667 0.157460 0.034646 20 19 100 118 2 1000 1000 0 5
0.166667 0.185116 0.042355 20 18 100 90 2 1000 1000 0 5
0.166667 0.188714 0.036715 20 25 100 108 2 1000 1000 0 5
0.166667 0.178631 0.038303 20 20 100 94 2 1000 1000 0 5
0.166667 0.229686 0.043561 20 22 100 85 2 1000 1000 0 5
0.166667 0.137135 0.036188 20 16 100 100 2 1000 1000 0 5
0.166667 0.112146 0.032485 20 14 100 114 2 1000 1000 0 5
0.166667 0.188505 0.036451 20 23 100 107 2 1000 1000 0 5
0.166667 0.218476 0.041787 20 23 100 92 2 1000 1000 0 5
0.166667 0.235513 0.039963 20 31 100 101 2 1000 1000 0 5
0.166667 0.207961 0.043701 20 21 100 83 2 1000 1000 0 5
0.166667 0.165525 0.037077 20 18 100 104 2 1000 1000 0 5
0.166667 0.167011 0.036078 20 23 100 114 2 1000 1000 0 5
0.166667 0.220647 0.040551 20 26 100 100 2 1000 1000 0 5
0.166667 0.172320 0.039605 20 19 100 91 2 1000 1000 0 5
0.166667 0.195376 0.037074 20 25 100 103 2 1000 1000 0 5
0.166667 0.142831 0.036373 20 15 100 98 2 1000 1000 0 5
0.166667 0.171029 0.038362 20 22 100 102 2 1000 1000 0 5
0.166667 0.157334 0.036809 20 19 100 105 2 1000 1000 0 5
0.166667 0.195707 0.040119 20 23 100 100 2 1000 1000 0 5
0.166667 0.194996 0.040738 20 22 100 97 2 1000 1000 0 5
0.166667 0.145357 0.035991 20 18 100 94 2 1000 1000 0 5
0.166667 0.085897 0.029548 20 11 100 106 2 1000 1000 0 5
0.166667 0.148497 0.036630 20 17 100 102 2 1000 1000 0 5
0.166667 0.159128 0.036143 20 17 100 111 2 1000 1000 0 5
0.166667 0.250313 0.042980 20 27 100 93 2 1000 1000 0 5
0.166667 0.236393 0.044462 20 28 100 82 2 1000 1000 0 5
0.166667 0.134643 0.033171 20 19 100 119 2 1000 1000 0 5
0.166667 0.169139 0.040663 20 14 100 86 2 1000 1000 0 5
0.166667 0.103642 0.035701 20 13 100 99 2 1000 1000 0 5
0.166667 0.115139 0.033433 20 17 100 103 2 1000 1000 0 5
0.166667 0.157358 0.035415 20 19 100 112 2 1000 1000 0 5
0.166667 0.168403 0.037181 20 17 100 100 2 1000 1000 0 5
0.166667 0.182812 0.041809 20 17 100 83 2 1000 1000 0 5
0.166667 0.202870 0.042298 20 18 100 91 2 1000 1000 0 5
0.166667 0.216038 0.041896 20 24 100 84 2 1000 1000 0 5
0.166667 0.161502 0.035937 20 17 100 117 2 1000 1000 0 5
0.166667 0.205448 0.039053 20 23 100 108 2 1000 1000 0 5
0.166667 0.117857 0.035556 20 12 100 88 2 1000 1000 0 5
0.166667 0.249434 0.044763 20 25 100 84 2 1000 1000 0 5
0.166667 0.216868 0.039853 20 22 100 104 2 1000 1000 0 5
0.166667 0.181284 0.036669 20 21 100 108 2 1000 1000 0 5
0.166667 0.193401 0.039006 20 19 100 106 2 1000 1000 0 5
0.166667 0.119684 0.034821 20 14 100 96 2 1000 1000 0 5
0.166667 0.253181 0.040073 20 28 100 105 2 1000 1000 0 5
0.166667 0.136768 0.035741 20 17 100 100 2 1000 1000 0 5
0.166667 0.221210 0.043520 20 21 100 83 2 1000 1000 0 5
0.166667 0.196981 0.039875 20 24 100 103 2 1000 1000 0 5
0.166667 0.145047 0.037713 20 13 100 91 2 1000 1000 0 5
0.166667 0.152347 0.037473 20 16 100 92 2 1000 1000 0 5
0.166667 0.147523 0.033867 20 18 100 104 2 1000 1000 0 5
0.166667 0.210738 0.039701 20 25 100 104 2 1000 1000 0 5
0.166667 0.144249 0.035124 20 19 100 110 2 1000 1000 0 5
0.166667 0.146536 0.038696 20 14 100 96 2 1000 1000 0 5
0.166667 0.197524 0.041523 20 19 100 86 2 1000 1000 0 5
0.166667 0.148394 0.036492 20 15 100 101 2 1000 1000 0 5
0.166667 0.145059 0.037073 20 14 100 92 2 1000 1000 0 5
0.166667 0.163453 0.042316 20 13 100 80 2 1000 1000 0 5
0.166667 0.187950 0.036090 20 23 100 122 2 1000 1000 0 5
0.166667 0.137424 0.031790 20 21 100 121 2 1000 1000 0 5
0.166667 0.215040 0.041694 20 22 100 93 2 1000 1000 0 5
0.166667 0.228636 0.043546 20 24 100 83 2 1000 1000 0 5
0.166667 0.202576 0.040435 20 21 100 94 2 1000 1000 0 5
0.166667 0.275785 0.044756 20 31 100 86 2 1000 1000 0 5
0.166667 0.171642 0.034341 20 23 100 116 2 1000 1000 0 5
0.166667 0.104327 0.035156 20 8 100 90 2 1000 1000 0 5
0.166667 0.146944 0.034381 20 18 100 117 2 1000 1000 0 5
0.166667 0.172293 0.037272 20 21 100 97 2 1000 1000 0 5
0.166667 0.149745 0.038306 20 18 100 90 2 1000 1000 0 5
0.166667 0.184794 0.042184 20 18 100 85 2 1000 1000 0 5
0.166667 0.205292 0.040776 20 25 100 92 2 1000 1000 0 5
0.166667 0.162219 0.037921 20 19 100 91 2 1000 1000 0 5
0.166667 0.166967 0.040286 20 15 100 92 2 1000 1000 0 5
0.166667 0.171897 0.040855 20 17 100 87 2 1000 1000 0 5
0.166667 0.176179 0.035218 20 23 100 114 2 1000 1000 0 5
0.166667 0.172910 0.037980 20 18 100 108 2 1000 1000 0 5
0.166667 0.121135 0.035756 20 12 100 97 2 1000 1000 0 5
0.166667 0.167579 0.036161 20 20 100 108 2 1000 1000 0 5
0.166667 0.181315 0.039652 20 20 100 100 2 1000 1000 0 5
0.166667 0.082545 0.030601 20 12 100 107 2 1000 1000 0 5
0.166667 0.148710 0.037347 20 16 100 105 2 1000 1000 0 5
0.166667 0.214279 0.038853 20 27 100 104 2 1000 1000 0 5
0.166667 0.181222 0.035759 20 25 100 122 2 1000 1000 0 5
0.166667 0.159787 0.037881 20 16 100 94 2 1000 1000 0 5
0.166667 0.200588 0.041972 20 21 100 92 2 1000 1000 0 5
0.166667 0.226746 0.040682 20 26 100 96 2 1000 1000 0 5
0.166667 0.122288 0.033464 20 16 100 104 2 1000 1000 0 5
0.166667 0.186972 0.040628 20 20 100 95 2 1000 1000 0 5
0.166667 0.132962 0.036157 20 14 100 97 2 1000 1000 0 5
0.166667 0.085380 0.030150 20 13 100 108 2 1000 1000 0 5
0.166667 0.118669 0.034042 20 19 100 113 2 1000 1000 0 5
0.166667 0.190781 0.038320 20 24 100 102 2 1000 1000 0 5
0.166667 0.197111 0.038014 20 23 100 107 2 1000 1000 0 5
0.166667 0.134103 0.034029 20 19 100 111 2 1000 1000 0 5
0.166667 0.195885 0.037726 20 27 100 107 2 1000 1000 0 5
0.166667 0.165262 0.039840 20 17 100 89 2 1000 1000 0 5
0.166667 0.144617 0.036979 20 16 100 94 2 1000 1000 0 5
0.166667 0.181011 0.036751 20 22 100 112 2 1000 1000 0 5
0.166667 0.210048 0.041014 20 22 100 95 2 1000 1000 0 5
0.166667 0.225791 0.044076 20 25 100 82 2 1000 1000 0 5
0.166667 0.289409 0.044383 20 32 100 88 2 1000 1000 0 5
0.166667 0.219096 0.037150 20 30 100 120 2 1000 1000 0 5
0.166667 0.167038 0.039174 20 17 100 94 2 1000 1000 0 5
0.166667 0.162113 0.038185 20 17 100 101 2 1000 1000 0 5
0.166667 0.192781 0.042040 20 18 100 82 2 1000 1000 0 5
0.166667 0.133272 0.034076 20 15 100 110 2 1000 1000 0 5
0.166667 0.157257 0.034505 20 16 100 113 2 1000 1000 0 5
0.166667 0.127914 0.033344 20 19 100 111 2 1000 1000 0 5
0.166667 0.126722 0.034979 20 14 100 101 2 1000 1000 0 5
0.166667 0.175772 0.037083 20 23 100 108 2 1000 1000 0 5
0.166667 0.146061 0.039216 20 15 100 84 2 1000 1000 0 5
0.166667 0.183081 0.035789 20 23 100 119 2 1000 1000 0 5
0.166667 0.128878 0.035220 20 18 100 96 2 1000 1000 0 5
0.166667 0.172844 0.036836 20 21 100 103 2 1000 1000 0 5
0.166667 0.192865 0.040907 20 20 100 89 2 1000 1000 0 5
0.166667 0.198669 0.039318 20 19 100 95 2 1000 1000 0 5
0.166667 0.192569 0.040867 20 22 100 95 2 1000 1000 0 5
0.166667 0.179509 0.039061 20 20 100 95 2 1000 1000 0 5
0.166667 0.140175 0.037233 20 15 100 98 2 1000 1000 0 5
0.166667 0.162440 0.036292 20 18 100 104 2 1000 1000 0 5
0.166667 0.244287 0.041458 20 28 100 93 2 1000 1000 0 5
0.166667 0.097458 0.031599 20 9 100 113 2 1000 1000 0 5
0.166667 0.154738 0.035601 20 17 100 112 2 1000 1000 0 5
0.166667 0.218808 0.039556 20 23 100 101 2 1000 1000 0 5
0.166667 0.165615 0.036283 20 18 100 111 2 1000 1000 0 5
0.166667 0.169937 0.037484 20 19 100 99 2 1000 1000 0 5
0.166667 0.185957 0.038207 20 20 100 106 2 1000 1000 0 5
0.166667 0.157869 0.036567 20 21 100 110 2 1000 1000 0 5
0.166667 0.192753 0.039671 20 21 100 92 2 1000 1000 0 5
0.166667 0.198788 0.036748 20 24 100 118 2 1000 1000 0 5
0.166667 0.099805 0.030352 20 12 100 105 2 1000 1000 0 5
0.166667 0.141418 0.034306 20 17 100 109 2 1000 1000 0 5
0.166667 0.119465 0.029350 20 18 100 127 2 1000 1000 0 5
0.166667 0.216644 0.041318 20 21 100 96 2 1000 1000 0 5
0.166667 0.205481 0.036001 20 25 100 118 2 1000 1000 0 5
0.166667 0.231844 0.039519 20 33 100 104 2 1000 1000 0 5
0.166667 0.142149 0.039066 20 14 100 89 2 1000 1000 0 5
0.166667 0.156930 0.039004 20 20 100 94 2 1000 1000 0 5
0.166667 0.187263 0.040521 20 21 100 85 2 1000 1000 0 5
0.166667 0.205599 0.041345 20 21 100 86 2 1000 1000 0 5
0.166667 0.172312 0.040521 20 16 100 89 2 1000 1000 0 5
0.166667 0.099166 0.032113 20 11 100 102 2 1000 1000 0 5
0.166667 0.152398 0.034507 20 20 100 112 2 1000 1000 0 5
0.166667 0.187578 0.036525 20 26 100 113 2 1000 1000 0 5
0.166667 0.233174 0.045975 20 23 100 78 2 1000 1000 0 5
0.166667 0.110345 0.030397 20 14 100 111 2 1000 1000 0 5
0.166667 0.139681 0.034581 20 16 100 108 2 1000 1000 0 5
0.166667 0.113361 0.030851 20 15 100 115 2 1000 1000 0 5
0.166667 0.195647 0.041419 20 22 100 90 2 1000 1000 0 5
0.166667 0.160291 0.033327 20 25 100 119 2 1000 1000 0 5
0.166667 0.128048 0.035382 20 15 100 98 2 1000 1000 0 5
0.166667 0.122411 0.033590 20 17 100 115 2 1000 1000 0 5
0.166667 0.177772 0.039423 20 21 100 96 2 1000 1000 0 5
0.166667 0.117397 0.031754 20 14 100 114 2 1000 1000 0 5
0.166667 0.165274 0.037269 20 22 100 102 2 1000 1000 0 5
0.166667 0.192157 0.037148 20 24 100 106 2 1000 1000 0 5
0.166667 0.228659 0.039192 20 30 100 112 2 1000 1000 0 5
0.166667 0.150271 0.035698 20 19 100 102 2 1000 1000 0 5
0.166667 0.157443 0.035394 20 17 100 109 2 1000 1000 0 5
0.166667 0.184180 0.037694 20 23 100 107 2 1000 1000 0 5
0.166667 0.214539 0.040092 20 22 100 102 2 1000 1000 0 5
0.166667 0.207287 0.037659 20 26 100 111 2 1000 1000 0 5
0.166667 0.103437 0.035625 20 8 100 85 2 1000 1000 0 5
0.166667 0.148278 0.033211 20 19 100 118 2 1000 1000 0 5
0.166667 0.165843 0.038275 20 21 100 98 2 1000 1000 0 5
0.166667 0.189101 0.035153 20 25 100 123 2 1000 1000 0 5
0.166667 0.156810 0.041305 20 14 100 77 2 1000 1000 0 5
0.166667 0.205810 0.041774 20 20 100 92 2 1000 1000 0 5
0.166667 0.217785 0.045645 20 20 100 82 2 1000 1000 0 5
0.166667 0.217417 0.042623 20 25 100 84 2 1000 1000 0 5
0.166667 0.173190 0.038694 20 23 100 101 2 1000 1000 0 5
0.166667 0.182354 0.038441 20 20 100 101 2 1000 1000 0 5
0.166667 0.235684 0.039785 20 32 100 107 2 1000 1000 0 5
0.166667 0.134782 0.032676 20 15 100 116 2 1000 1000 0 5
0.166667 0.187040 0.038700 20 19 100 103 2 1000 1000 0 5
0.166667 0.198971 0.043048 20 18 100 87 2 1000 1000 0 5
0.166667 0.162857 0.036399 20 17 100 104 2 1000 1000 0 5
0.166667 0.125198 0.031895 20 16 100 117 2 1000 1000 0 5
0.166667 0.162867 0.037448 20 17 100 96 2 1000 1000 0 5
0.166667 0.198063 0.042635 20 22 100 90 2 1000 1000 0 5
0.166667 0.253469 0.042335 20 29 100 96 2 1000 1000 0 5
0.166667 0.158038 0.033274 20 23 100 117 2 1000 1000 0 5
0.166667 0.155908 0.035846 20 20 100 112 2 1000 1000 0 5
0.166667 0.187933 0.036075 20 23 100 113 2 1000 1000 0 5
0.166667 0.194143 0.043138 20 19 100 89 2 1000 1000 0 5
0.166667 0.190943 0.039392 20 19 100 101 2 1000 1000 0 5
0.166667 0.142106 0.033049 20 14 100 125 2 1000 1000 0 5
0.166667 0.152806 0.037066 20 17 100 102 2 1000 1000 0 5
0.166667 0.187500 0.038121 20 22 100 101 2 1000 1000 0 5
0.166667 0.178838 0.039176 20 20 100 100 2 1000 1000 0 5
0.166667 0.195787 0.040321 20 22 100 92 2 1000 1000 0 5
0.166667 0.153776 0.033144 20 21 100 117 2 1000 1000 0 5
0.166667 0.199101 0.040867 20 23 100 92 2 1000 1000 0 5
0.166667 0.238526 0.043225 20 26 100 95 2 1000 1000 0 5
0.166667 0.126948 0.034240 20 14 100 103 2 1000 1000 0 5
0.166667 0.165588 0.041304 20 17 100 90 2 1000 1000 0 5
0.166667 0.176027 0.038365 20 19 100 104 2 1000 1000 0 5
0.166667 0.139363 0.034373 20 18 100 109 2 1000 1000 0 5
0.166667 0.144662 0.034726 20 18 100 110 2 1000 1000 0 5
0.166667 0.168425 0.035665 20 20 100 112 2 1000 1000 0 5
0.166667 0.132655 0.038494 20 13 100 87 2 1000 1000 0 5
0.166667 0.148584 0.035084 20 20 100 115 2 1000 1000 0 5
0.166667 0.107519 0.032904 20 12 100 105 2 1000 1000 0 5
0.166667 0.214318 0.040120 20 24 100 99 2 1000 1000 0 5
0.166667 0.110950 0.033398 20 15 100 107 2 1000 1000 0 5
0.166667 0.172535 0.037273 20 18 100 100 2 1000 1000 0 5
0.166667 0.157610 0.037258 20 17 100 96 2 1000 1000 0 5
0.166667 0.159730 0.037674 20 16 100 94 2 1000 1000 0 5
0.166667 0.159242 0.036129 20 21 100 112 2 1000 1000 0 5
0.166667 0.203026 0.040214 20 23 100 97 2 1000 1000 0 5
0.166667 0.188224 0.039326 20 21 100 95 2 1000 1000 0 5
0.166667 0.151279 0.033761 20 24 100 125 2 1000 1000 0 5
0.166667 0.160852 0.038796 20 17 100 99 2 1000 1000 0 5
0.166667 0.098176 0.032367 20 14 100 109 2 1000 1000 0 5
0.166667 0.208429 0.040710 20 21 100 92 2 1000 1000 0 5
0.166667 0.117392 0.030905 20 13 100 114 2 1000 1000 0 5
0.166667 0.131783 0.033396 20 17 100 116 2 1000 1000 0 5
0.166667 0.240959 0.050922 20 17 100 64 2 1000 1000 0 5
0.166667 0.125125 0.034985 20 14 100 104 2 1000 1000 0 5
0.166667 0.157250 0.036505 20 16 100 97 2 1000 1000 0 5
0.166667 0.160436 0.034599 20 25 100 117 2 1000 1000 0 5
0.166667 0.177687 0.037802 20 21 100 105 2 1000 1000 0 5
0.166667 0.158111 0.034479 20 21 100 116 2 1000 1000 0 5
0.166667 0.159183 0.033766 20 21 100 113 2 1000 1000 0 5
0.166667 0.142371 0.034548 20 16 100 108 2 1000 1000 0 5
0.166667 0.138183 0.034699 20 18 100 111 2 1000 1000 0 5
0.166667 0.234406 0.044405 20 24 100 80 2 1000 1000 0 5
0.166667 0.239339 0.041268 20 27 100 101 2 1000 1000 0 5
0.166667 0.242778 0.044619 20 24 100 82 2 1000 1000 0 5
0.166667 0.178507 0.037065 20 21 100 109 2 1000 1000 0 5
0.166667 0.205704 0.039228 20 22 100 97 2 1000 1000 0 5
0.166667 0.133536 0.034870 20 14 100 101 2 1000 1000 0 5
0.166667 0.191727 0.039526 20 19 100 97 2 1000 1000 0 5
0.166667 0.153597 0.034523 20 18 100 111 2 1000 1000 0 5
0.166667 0.150424 0.039252 20 14 100 87 2 1000 1000 0 5
0.166667 0.177764 0.036919 20 20 100 108 2 1000 1000 0 5
0.166667 0.195928 0.039267 20 23 100 96 2 1000 1000 0 5
0.166667 0.081648 0.031013 20 8 100 99 2 1000 1000 0 5
0.166667 0.197309 0.038945 20 23 100 104 2 1000 1000 0 5
0.166667 0.201254 0.040367 20 23 100 103 2 1000 1000 0 5
0.166667 0.122330 0.035218 20 13 100 98 2 1000 1000 0 5
0.166667 0.119292 0.033082 20 14 100 105 2 1000 1000 0 5
0.166667 0.219329 0.041308 20 27 100 102 2 1000 1000 0 5
0.166667 0.106247 0.033021 20 10 100 106 2 1000 1000 0 5
0.166667 0.173693 0.035538 20 22 100 119 2 1000 1000 0 5
0.166667 0.172828 0.036593 20 20 100 105 2 1000 1000 0 5
0.166667 0.152720 0.037941 20 15 100 91 2 1000 1000 0 5
0.166667 0.208239 0.042734 20 19 100 86 2 1000 1000 0 5
0.166667 0.218700 0.042362 20 25 100 87 2 1000 1000 0 5
0.166667 0.189665 0.039324 20 22 100 102 2 1000 1000 0 5
0.166667 0.181936 0.040384 20 17 100 90 2 1000 1000 0 5
0.166667 0.179475 0.039369 20 17 100 92 2 1000 1000 0 5
0.166667 0.121114 0.035320 20 14 100 99 2 1000 1000 0 5
0.166667 0.196314 0.042245 20 18 100 88 2 1000 1000 0 5
0.166667 0.166939 0.035244 20 19 100 111 2 1000 1000 0 5
0.166667 0.142730 0.035684 20 18 100 98 2 1000 1000 0 5
0.166667 0.181790 0.045005 20 15 100 72 2 1000 1000 0 5
0.166667 0.165912 0.038829 20 14 100 91 2 1000 1000 0 5
0.166667 0.232421 0.041482 20 26 100 99 2 1000 1000 0 5
0.166667 0.135242 0.034308 20 17 100 115 2 1000 1000 0 5
0.166667 0.155889 0.039121 20 19 100 89 2 1000 1000 0 5
0.166667 0.148396 0.034673 20 19 100 109 2 1000 1000 0 5
0.166667 0.150401 0.033409 20 19 100 114 2 1000 1000 0 5
0.166667 0.116329 0.031411 20 13 100 116 2 1000 1000 0 5
0.166667 0.126368 0.032502 20 15 100 111 2 1000 1000 0 5
0.166667 0.142052 0.036682 20 15 100 102 2 1000 1000 0 5
0.166667 0.194146 0.040747 20 22 100 92 2 1000 1000 0 5
0.166667 0.167809 0.037026 20 20 100 103 2 1000 1000 0 5
0.166667 0.211646 0.038656 20 23 100 109 2 1000 1000 0 5
0.166667 0.181231 0.037945 20 19 100 114 2 1000 1000 0 5
0.166667 0.236640 0.045707 20 25 100 81 2 1000 1000 0 5
0.166667 0.206269 0.039982 20 26 100 97 2 1000 1000 0 5
0.166667 0.142864 0.035720 20 17 100 102 2 1000 1000 0 5
0.166667 0.150077 0.035941 20 17 100 104 2 1000 1000 0 5
0.166667 0.200464 0.041721 20 21 100 91 2 1000 1000 0 5
0.166667 0.187942 0.038149 20 20 100 104 2 1000 1000 0 5
0.166667 0.162291 0.040586 20 15 100 82 2 1000 1000 0 5
0.166667 0.129950 0.035482 20 16 100 104 2 1000 1000 0 5
0.166667 0.207821 0.043084 20 23 100 91 2 1000 1000 0 5
0.166667 0.216289 0.039448 20 26 100 106 2 1000 1000 0 5
0.166667 0.141025 0.035287 20 20 100 104 2 1000 1000 0 5
0.166667 0.191613 0.039346 20 21 100 96 2 1000 1000 0 5
0.166667 0.165972 0.035670 20 20 100 109 2 1000 1000 0 5
0.166667 0.137078 0.035434 20 14 100 104 2 1000 1000 0 5
0.166667 0.176036 0.037023 20 19 100 108 2 1000 1000 0 5
0.166667 0.228617 0.045545 20 22 100 81 2 1000 1000 0 5
0.166667 0.154024 0.033979 20 21 100 119 2 1000 1000 0 5
0.166667 0.173584 0.039018 20 16 100 90 2 1000 1000 0 5
0.166667 0.236762 0.041579 20 25 100 104 2 1000 1000 0 5
0.166667 0.168855 0.040388 20 20 100 89 2 1000 1000 0 5
0.166667 0.176058 0.039169 20 21 100 96 2 1000 1000 0 5
0.166667 0.264909 0.042254 20 32 100 93 2 1000 1000 0 5
0.166667 0.133901 0.031188 20 17 100 125 2 1000 1000 0 5
0.166667 0.134068 0.035592 20 17 100 101 2 1000 1000 0 5
0.166667 0.209999 0.040523 20 21 100 90 2 1000 1000 0 5
0.166667 0.209796 0.042071 20 23 100 88 2 1000 1000 0 5
0.166667 0.211175 0.039012 20 29 100 108 2 1000 1000 0 5
0.166667 0.244517 0.039146 20 31 100 109 2 1000 1000 0 5
0.166667 0.222325 0.041090 20 23 100 94 2 1000 1000 0 5
0.166667 0.136791 0.035544 20 16 100 98 2 1000 1000 0 5
0.166667 0.178881 0.036138 20 23 100 108 2 1000 1000 0 5
0.166667 0.153277 0.037203 20 17 100 96 2 1000 1000 0 5
0.166667 0.176871 0.037181 20 19 100 108 2 1000 1000 0 5
0.166667 0.220315 0.039961 20 30 100 101 2 1000 1000 0 5
0.166667 0.171646 0.041931 20 16 100 90 2 1000 1000 0 5
0.166667 0.226909 0.041774 20 28 100 90 2 1000 1000 0 5
0.166667 0.167100 0.039686 20 19 100 91 2 1000 1000 0 5
0.166667 0.132429 0.034984 20 14 100 97 2 1000 1000 0 5
0.166667 0.107071 0.030579 20 15 100 118 2 1000 1000 0 5
0.166667 0.181534 0.036703 20 25 100 107 2 1000 1000 0 5
0.166667 0.181170 0.041417 20 17 100 87 2 1000 1000 0 5
0.166667 0.165117 0.037126 20 21 100 101 2 1000 1000 0 5
0.166667 0.234883 0.043503 20 24 100 85 2 1000 1000 0 5
0.166667 0.184457 0.038452 20 18 100 103 2 1000 1000 0 5
0.166667 0.215526 0.039722 20 23 100 110 2 1000 1000 0 5
0.166667 0.100966 0.031983 20 9 100 109 2 1000 1000 0 5
0.166667 0.165018 0.035826 20 22 100 105 2 1000 1000 0 5
0.166667 0.165852 0.035392 20 24 100 119 2 1000 1000 0 5
0.166667 0.174807 0.036957 20 23 100 104 2 1000 1000 0 5
0.166667 0.143819 0.033315 20 18 100 113 2 1000 1000 0 5
0.166667 0.182055 0.041927 20 17 100 83 2 1000 1000 0 5
0.166667 0.140060 0.038408 20 15 100 94 2 1000 1000 0 5
0.166667 0.107049 0.031883 20 11 100 105 2 1000 1000 0 5
0.166667 0.237799 0.042666 20 28 100 88 2 1000 1000 0 5
0.166667 0.176838 0.036951 20 23 100 105 2 1000 1000 0 5
0.166667 0.090490 0.028838 20 9 100 114 2 1000 1000 0 5
0.166667 0.215267 0.042485 20 20 100 85 2 1000 1000 0 5
0.166667 0.150929 0.036583 20 19 100 94 2 1000 1000 0 5
0.166667 0.167887 0.035438 20 23 100 110 2 1000 1000 0 5
0.166667 0.112726 0.029613 20 15 100 124 2 1000 1000 0 5
0.166667 0.242894 0.042125 20 31 100 92 2 1000 1000 0 5
0.166667 0.198655 0.040926 20 21 100 97 2 1000 1000 0 5
0.166667 0.132585 0.031420 20 19 100 120 2 1000 1000 0 5
0.166667 0.090336 0.030278 20 10 100 106 2 1000 1000 0 5
0.166667 0.203441 0.044164 20 20 100 83 2 1000 1000 0 5
0.166667 0.206159 0.042996 20 21 100 87 2 1000 1000 0 5
0.166667 0.177569 0.040132 20 19 100 93 2 1000 1000 0 5
0.166667 0.228372 0.042246 20 23 100 93 2 1000 1000 0 5
0.166667 0.149112 0.038555 20 17 100 89 2 1000 1000 0 5
0.166667 0.236264 0.041279 20 29 100 96 2 1000 1000 0 5
0.166667 0.182800 0.037556 20 23 100 104 2 1000 1000 0 5
0.166667 0.173349 0.041781 20 16 100 84 2 1000 1000 0 5
0.166667 0.120232 0.035512 20 12 100 93 2 1000 1000 0 5
0.166667 0.204329 0.040449 20 25 100 100 2 1000 1000 0 5
0.166667 0.144956 0.035864 20 18 100 98 2 1000 1000 0 5
0.166667 0.196039 0.041299 20 20 100 93 2 1000 1000 0 5
0.166667 0.128378 0.033915 20 15 100 101 2 1000 1000 0 5
0.166667 0.127082 0.034750 20 14 100 97 2 1000 1000 0 5
0.166667 0.166087 0.039301 20 17 100 98 2 1000 1000 0 5
0.166667 0.220148 0.039934 20 28 100 105 2 1000 1000 0 5
0.166667 0.098247 0.033671 20 13 100 98 2 1000 1000 0 5
0.166667 0.097405 0.032450 20 12 100 95 2 1000 1000 0 5
0.166667 0.209820 0.041303 20 21 100 88 2 1000 1000 0 5
0.166667 0.247211 0.042396 20 28 100 95 2 1000 1000 0 5
0.166667 0.122607 0.039630 20 10 100 76 2 1000 1000 0 5
0.166667 0.181315 0.040320 20 20 100 96 2 1000 1000 0 5
0.166667 0.149567 0.037349 20 14 100 95 2 1000 1000 0 5
0.166667 0.132668 0.034942 20 13 100 102 2 1000 1000 0 5
0.166667 0.153262 0.036537 20 15 100 102 2 1000 1000 0 5
0.166667 0.104068 0.032506 20 14 100 111 2 1000 1000 0 5
0.166667 0.182499 0.039341 20 22 100 91 2 1000 1000 0 5
0.166667 0.154572 0.035601 20 20 100 110 2 1000 1000 0 5
0.166667 0.159752 0.035804 20 20 100 104 2 1000 1000 0 5
0.166667 0.184989 0.038297 20 25 100 103 2 1000 1000 0 5
0.166667 0.111060 0.032938 20 15 100 99 2 1000 1000 0 5
0.166667 0.199876 0.041967 20 20 100 93 2 1000 1000 0 5
0.166667 0.210732 0.038286 20 27 100 106 2 1000 1000 0 5
0.166667 0.117008 0.032953 20 13 100 98 2 1000 1000 0 5
0.166667 0.156129 0.036261 20 18 100 106 2 1000 1000 0 5
0.166667 0.071488 0.026358 20 10 100 120 2 1000 1000 0 5
0.166667 0.187016 0.040061 20 20 100 92 2 1000 1000 0 5
0.166667 0.168144 0.037757 20 19 100 98 2 1000 1000 0 5
0.166667 0.184704 0.036360 20 24 100 111 2 1000 1000 0 5
0.166667 0.084675 0.029883 20 12 100 108 2 1000 1000 0 5
0.166667 0.158409 0.039530 20 16 100 89 2 1000 1000 0 5
0.166667 0.207262 0.041038 20 23 100 92 2 1000 1000 0 5
0.166667 0.162846 0.034793 20 24 100 117 2 1000 1000 0 5
0.166667 0.148981 0.039109 20 14 100 92 2 1000 1000 0 5
0.166667 0.138830 0.035067 20 15 100 100 2 1000 1000 0 5
0.166667 0.171829 0.040192 20 17 100 100 2 1000 1000 0 5
0.166667 0.190535 0.040549 20 23 100 89 2 1000 1000 0 5
0.166667 0.117751 0.034498 20 15 100 97 2 1000 1000 0 5
0.166667 0.170440 0.036422 20 19 100 110 2 1000 1000 0 5
0.166667 0.251981 0.043615 20 26 100 88 2 1000 1000 0 5
0.166667 0.109672 0.033646 20 11 100 103 2 1000 1000 0 5
0.166667 0.250951 0.041162 20 24 100 102 2 1000 1000 0 5
0.166667 0.171934 0.040162 20 21 100 90 2 1000 1000 0 5
0.166667 0.177892 0.038821 20 17 100 95 2 1000 1000 0 5
0.166667 0.161351 0.038097 20 14 100 97 2 1000 1000 0 5
0.166667 0.198938 0.039481 20 21 100 99 2 1000 1000 0 5
0.166667 0.147710 0.039683 20 18 100 88 2 1000 1000 0 5
0.166667 0.172930 0.034387 20 24 100 119 2 1000 1000 0 5
0.166667 0.163694 0.037921 20 20 100 94 2 1000 1000 0 5
0.166667 0.235547 0.040392 20 30 100 101 2 1000 1000 0 5
0.166667 0.168878 0.042265 20 17 100 82 2 1000 1000 0 5
0.166667 0.126336 0.033589 20 15 100 110 2 1000 1000 0 5
0.166667 0.139149 0.036982 20 14 100 98 2 1000 1000 0 5
0.166667 0.123596 0.032619 20 16 100 109 2 1000 1000 0 5
0.166667 0.259347 0.042286 20 30 100 88 2 1000 1000 0 5
0.166667 0.111564 0.034322 20 13 100 104 2 1000 1000 0 5
0.166667 0.209236 0.043799 20 21 100 87 2 1000 1000 0 5
0.166667 0.170968 0.036802 20 21 100 117 2 1000 1000 0 5
0.166667 0.186319 0.040161 20 22 100 92 2 1000 1000 0 5
0.166667 0.223610 0.040962 20 24 100 91 2 1000 1000 0 5
0.166667 0.196783 0.041583 20 23 100 95 2 1000 1000 0 5
0.166667 0.120265 0.030004 20 17 100 123 2 1000 1000 0 5
0.166667 0.203593 0.039744 20 24 100 99 2 1000 1000 0 5
0.166667 0.126922 0.034122 20 14 100 99 2 1000 1000 0 5
0.166667 0.113329 0.031166 20 16 100 112 2 1000 1000 0 5
0.166667 0.237584 0.043188 20 28 100 86 2 1000 1000 0 5
0.166667 0.205108 0.041048 20 23 100 96 2 1000 1000 0 5
0.166667 0.159076 0.038056 20 18 100 96 2 1000 1000 0 5
0.166667 0.165579 0.035479 20 22 100 113 2 1000 1000 0 5
0.166667 0.204029 0.037731 20 28 100 110 2 1000 1000 0 5
0.166667 0.219120 0.042260 20 20 100 99 2 1000 1000 0 5
0.166667 0.197091 0.039066 20 28 100 103 2 1000 1000 0 5
0.166667 0.158875 0.039990 20 15 100 91 2 1000 1000 0 5
0.166667 0.205145 0.038514 20 26 100 107 2 1000 1000 0 5
0.166667 0.184047 0.038801 20 20 100 98 2 1000 1000 0 5
0.166667 0.262728 0.049151 20 24 100 72 2 1000 1000 0 5
0.166667 0.220387 0.042071 20 24 100 85 2 1000 1000 0 5
0.166667 0.118077 0.033785 20 14 100 100 2 1000 1000 0 5
0.166667 0.195783 0.039251 20 22 100 96 2 1000 1000 0 5
0.166667 0.149103 0.038781 20 15 100 92 2 1000 1000 0 5
0.166667 0.207535 0.043102 20 19 100 81 2 1000 1000 0 5
0.166667 0.233376 0.039884 20 27 100 104 2 1000 1000 0 5
0.166667 0.173412 0.039728 20 18 100 93 2 1000 1000 0 5
0.166667 0.143703 0.033920 20 19 100 111 2 1000 1000 0 5
0.166667 0.120129 0.033638 20 16 100 104 2 1000 1000 0 5
0.166667 0.178483 0.038011 20 18 100 103 2 1000 1000 0 5
0.166667 0.155623 0.036044 20 18 100 107 2 1000 1000 0 5
0.166667 0.069023 0.026853 20 8 100 116 2 1000 1000 0 5
0.166667 0.136678 0.037137 20 14 100 93 2 1000 1000 0 5
0.166667 0.189265 0.038597 20 21 100 105 2 1000 1000 0 5
0.166667 0.224258 0.042213 20 25 100 92 2 1000 1000 0 5
0.166667 0.214532 0.040186 20 24 100 99 2 1000 1000 0 5
0.166667 0.190454 0.039700 20 22 100 94 2 1000 1000 0 5
0.166667 0.171612 0.036882 20 21 100 110 2 1000 1000 0 5
0.166667 0.127329 0.034198 20 16 100 107 2 1000 1000 0 5
0.166667 0.145801 0.034935 20 17 100 117 2 1000 1000 0 5
0.166667 0.180078 0.038027 20 22 100 102 2 1000 1000 0 5
0.166667 0.170122 0.040458 20 17 100 92 2 1000 1000 0 5
0.166667 0.176133 0.037388 20 22 100 105 2 1000 1000 0 5
0.166667 0.184881 0.037564 20 24 100 106 2 1000 1000 0 5
0.166667 0.209446 0.041911 20 24 100 94 2 1000 1000 0 5
0.166667 0.165568 0.038875 20 19 100 95 2 1000 1000 0 5
0.166667 0.178272 0.036731 20 20 100 103 2 1000 1000 0 5
0.166667 0.066044 0.027864 20 10 100 102 2 1000 1000 0 5
0.166667 0.166896 0.037827 20 22 100 107 2 1000 1000 0 5
