0.166667 0.165840 0.035461 20 19 100 116 2 1000 1000 0 10
0.166667 0.222706 0.042119 20 24 100 97 2 1000 1000 0 10
0.166667 0.183509 0.038912 20 20 100 99 2 1000 1000 0 10
0.166667 0.230007 0.040295 20 26 100 105 2 1000 1000 0 10
0.166667 0.167191 0.042429 20 15 100 90 2 1000 1000 0 10
0.166667 0.201849 0.041476 20 20 100 104 2 1000 1000 0 10
0.166667 0.224512 0.043694 20 18 100 97 2 1000 1000 0 10
0.166667 0.161200 0.040865 20 17 100 95 2 1000 1000 0 10
0.166667 0.213161 0.039666 20 25 100 103 2 1000 1000 0 10
0.166667 0.221011 0.041617 20 24 100 99 2 1000 1000 0 10
0.166667 0.111696 0.032111 20 14 100 110 2 1000 1000 0 10
0.166667 0.204427 0.040829 20 24 100 101 2 1000 1000 0 10
0.166667 0.140878 0.036928 20 17 100 98 2 1000 1000 0 10
0.166667 0.145845 0.040620 20 14 100 91 2 1000 1000 0 10
0.166667 0.170078 0.040124 20 17 100 99 2 1000 1000 0 10
0.166667 0.158450 0.037402 20 17 100 109 2 1000 1000 0 10
0.166667 0.152132 0.034331 20 18 100 113 2 1000 1000 0 10
0.166667 0.186762 0.040753 20 20 100 92 2 1000 1000 0 10
0.166667 0.119200 0.035128 20 16 100 112 2 1000 1000 0 10
0.166667 0.125911 0.033787 20 14 100 108 2 1000 1000 0 10
0.166667 0.185673 0.040098 20 23 100 95 2 1000 1000 0 10
0.166667 0.197364 0.040891 20 21 100 103 2 1000 1000 0 10
0.166667 0.170474 0.037531 20 18 100 113 2 1000 1000 0 10
0.166667 0.121867 0.034309 20 17 100 108 2 1000 1000 0 10
0.166667 0.186551 0.038608 20 24 100 104 2 1000 1000 0 10
0.166667 0.250248 0.042640 20 25 100 99 2 1000 1000 0 10
0.166667 0.210751 0.042618 20 19 100 90 2 1000 1000 0 10
0.166667 0.138204 0.035695 20 16 100 107 2 1000 1000 0 10
0.166667 0.231709 0.044577 20 22 100 90 2 1000 1000 0 10
0.166667 0.172786 0.040037 20 20 100 95 2 1000 1000 0 10
0.166667 0.116644 0.033842 20 16 100 111 2 1000 1000 0 10
0.166667 0.280648 0.043633 20 32 100 97 2 1000 1000 0 10
0.166667 0.174431 0.041692 20 18 100 94 2 1000 1000 0 10
0.166667 0.141480 0.036351 20 16 100 101 2 1000 1000 0 10
0.166667 0.143936 0.036354 20 16 100 98 2 1000 1000 0 10
0.166667 0.220976 0.040937 20 25 100 97 2 1000 1000 0 10
0.166667 0.218947 0.042729 20 21 100 95 2 1000 1000 0 10
0.166667 0.214818 0.041466 20 21 100 98 2 1000 1000 0 10
0.166667 0.065801 0.029627 20 12 100 112 2 1000 1000 0 10
0.166667 0.159264 0.035886 20 20 100 116 2 1000 1000 0 10
0.166667 0.177830 0.039801 20 19 100 99 2 1000 1000 0 10
0.166667 0.274831 0.046428 20 25 100 86 2 1000 1000 0 10
0.166667 0.205796 0.041541 20 24 100 95 2 1000 1000 0 10
0.166667 0.165718 0.037663 20 21 100 103 2 1000 1000 0 10
0.166667 0.156814 0.035044 20 19 100 109 2 1000 1000 0 10
0.166667 0.164820 0.038864 20 20 100 100 2 1000 1000 0 10
0.166667 0.170351 0.039952 20 16 100 97 2 1000 1000 0 10
0.166667 0.149304 0.037518 20 18 100 108 2 1000 1000 0 10
0.166667 0.184972 0.038383 20 21 100 104 2 1000 1000 0 10
0.166667 0.163737 0.035484 20 21 100 112 2 1000 1000 0 10
0.166667 0.203569 0.042807 20 21 100 90 2 1000 1000 0 10
0.166667 0.094965 0.031172 20 9 100 112 2 1000 1000 0 10
0.166667 0.220880 0.043424 20 22 100 95 2 1000 1000 0 10
0.166667 0.218865 0.042116 20 24 100 97 2 1000 1000 0 10
0.166667 0.132584 0.032920 20 19 100 120 2 1000 1000 0 10
0.166667 0.121314 0.032943 20 13 100 110 2 1000 1000 0 10
0.166667 0.119852 0.036574 20 12 100 100 2 1000 1000 0 10
0.166667 0.219502 0.039807 20 26 100 108 2 1000 1000 0 10
0.166667 0.170787 0.038570 20 19 100 105 2 1000 1000 0 10
0.166667 0.160823 0.036734 20 21 100 104 2 1000 1000 0 10
0.166667 0.166633 0.040646 20 18 100 89 2 1000 1000 0 10
0.166667 0.152517 0.035109 20 21 100 110 2 1000 1000 0 10
0.166667 0.127082 0.033506 20 18 100 110 2 1000 1000 0 10
0.166667 0.141875 0.035486 20 19 100 111 2 1000 1000 0 10
0.166667 0.196462 0.040122 20 19 100 106 2 1000 1000 0 10
0.166667 0.169878 0.037638 20 20 100 102 2 1000 1000 0 10
0.166667 0.253903 0.044645 20 27 100 88 2 1000 1000 0 10
0.166667 0.144523 0.034793 20 19 100 108 2 1000 1000 0 10
0.166667 0.186209 0.039536 20 22 100 102 2 1000 1000 0 10
0.166667 0.179366 0.039372 20 18 100 99 2 1000 1000 0 10
0.166667 0.195916 0.043633 20 20 100 86 2 1000 1000 0 10
0.166667 0.170638 0.042309 20 16 100 89 2 1000 1000 0 10
0.166667 0.146000 0.041411 20 13 100 81 2 1000 1000 0 10
0.166667 0.252207 0.045924 20 21 100 89 2 1000 1000 0 10
0.166667 0.173659 0.044150 20 14 100 80 2 1000 1000 0 10
0.166667 0.237697 0.045327 20 22 100 88 2 1000 1000 0 10
0.166667 0.171083 0.040208 20 15 100 89 2 1000 1000 0 10
0.166667 0.164774 0.043676 20 16 100 78 2 1000 1000 0 10
0.166667 0.193016 0.041104 20 19 100 94 2 1000 1000 0 10
0.166667 0.160629 0.036051 20 20 100 117 2 1000 1000 0 10
0.166667 0.167004 0.036873 20 18 100 110 2 1000 1000 0 10
0.166667 0.221534 0.043473 20 19 100 90 2 1000 1000 0 10
0.166667 0.223122 0.041766 20 23 100 100 2 1000 1000 0 10
0.166667 0.232631 0.043522 20 23 100 87 2 1000 1000 0 10
0.166667 0.197905 0.039211 20 22 100 110 2 1000 1000 0 10
0.166667 0.141832 0.036227 20 17 100 104 2 1000 1000 0 10
0.166667 0.207789 0.039969 20 24 100 102 2 1000 1000 0 10
0.166667 0.304870 0.043648 20 36 100 98 2 1000 1000 0 10
0.166667 0.197135 0.041734 20 21 100 98 2 1000 1000 0 10
0.166667 0.168392 0.040849 20 17 100 86 2 1000 1000 0 10
0.166667 0.213789 0.040951 20 25 100 97 2 1000 1000 0 10
0.166667 0.183021 0.038515 20 19 100 104 2 1000 1000 0 10
0.166667 0.151376 0.043879 20 14 100 80 2 1000 1000 0 10
0.166667 0.188306 0.038668 20 23 100 99 2 1000 1000 0 10
0.166667 0.128358 0.033831 20 15 100 103 2 1000 1000 0 10
0.166667 0.144143 0.035205 20 19 100 111 2 1000 1000 0 10
0.166667 0.210014 0.041118 20 22 100 95 2 1000 1000 0 10
0.166667 0.182652 0.038302 20 20 100 106 2 1000 1000 0 10
0.166667 0.210843 0.041044 20 23 100 95 2 1000 1000 0 10
0.166667 0.194598 0.040535 20 20 100 103 2 1000 1000 0 10
0.166667 0.198235 0.041102 20 18 100 97 2 1000 1000 0 10
0.166667 0.149799 0.038681 20 17 100 94 2 1000 1000 0 10
0.166667 0.217287 0.041291 20 23 100 96 2 1000 1000 0 10
0.166667 0.174833 0.043238 20 15 100 90 2 1000 1000 0 10
0.166667 0.210704 0.040856 20 24 100 99 2 1000 1000 0 10
0.166667 0.174718 0.038752 20 18 100 97 2 1000 1000 0 10
0.166667 0.189362 0.037554 20 23 100 113 2 1000 1000 0 10
0.166667 0.224701 0.043269 20 24 100 94 2 1000 1000 0 10
0.166667 0.170868 0.037421 20 19 100 109 2 1000 1000 0 10
0.166667 0.197026 0.039197 20 25 100 108 2 1000 1000 0 10
0.166667 0.201940 0.038257 20 22 100 109 2 1000 1000 0 10
0.166667 0.193290 0.041918 20 17 100 87 2 1000 1000 0 10
0.166667 0.214387 0.041298 20 25 100 97 2 1000 1000 0 10
0.166667 0.187692 0.042813 20 16 100 90 2 1000 1000 0 10
0.166667 0.225530 0.043545 20 21 100 90 2 1000 1000 0 10
0.166667 0.170973 0.038336 20 19 100 106 2 1000 1000 0 10
0.166667 0.127355 0.033377 20 15 100 108 2 1000 1000 0 10
0.166667 0.235752 0.045687 20 18 100 94 2 1000 1000 0 10
0.166667 0.171925 0.038847 20 17 100 103 2 1000 1000 0 10
0.166667 0.143761 0.037929 20 16 100 92 2 1000 1000 0 10
0.166667 0.221359 0.043650 20 20 100 91 2 1000 1000 0 10
0.166667 0.155076 0.036152 20 18 100 114 2 1000 1000 0 10
0.166667 0.125891 0.033127 20 16 100 107 2 1000 1000 0 10
0.166667 0.188641 0.037302 20 25 100 109 2 1000 1000 0 10
0.166667 0.277537 0.044436 20 27 100 93 2 1000 1000 0 10
0.166667 0.215593 0.042074 20 23 100 94 2 1000 1000 0 10
0.166667 0.212372 0.043715 20 18 100 89 2 1000 1000 0 10
0.166667 0.096692 0.031662 20 11 100 101 2 1000 1000 0 10
0.166667 0.179675 0.038401 20 22 100 102 2 1000 1000 0 10
0.166667 0.195456 0.038523 20 25 100 109 2 1000 1000 0 10
0.166667 0.194523 0.040343 20 20 100 94 2 1000 1000 0 10
0.166667 0.130869 0.036475 20 15 100 97 2 1000 1000 0 10
0.166667 0.179396 0.038785 20 20 100 106 2 1000 1000 0 10
0.166667 0.157205 0.038738 20 17 100 97 2 1000 1000 0 10
0.166667 0.167280 0.036936 20 17 100 112 2 1000 1000 0 10
0.166667 0.134628 0.036500 20 14 100 104 2 1000 1000 0 10
0.166667 0.137031 0.034317 20 16 100 117 2 1000 1000 0 10
0.166667 0.161197 0.038487 20 16 100 103 2 1000 1000 0 10
0.166667 0.230329 0.041991 20 25 100 101 2 1000 1000 0 10
0.166667 0.128386 0.035499 20 13 100 100 2 1000 1000 0 10
0.166667 0.211678 0.041457 20 24 100 95 2 1000 1000 0 10
0.166667 0.183000 0.040978 20 17 100 97 2 1000 1000 0 10
0.166667 0.230856 0.041887 20 25 100 94 2 1000 1000 0 10
0.166667 0.153519 0.035679 20 19 100 107 2 1000 1000 0 10
0.166667 0.161691 0.034241 20 24 100 119 2 1000 1000 0 10
0.166667 0.184909 0.034622 20 26 100 128 2 1000 1000 0 10
0.166667 0.217327 0.041818 20 21 100 98 2 1000 1000 0 10
0.166667 0.168996 0.038454 20 19 100 99 2 1000 1000 0 10
0.166667 0.140836 0.037188 20 18 100 102 2 1000 1000 0 10
0.166667 0.088143 0.032149 20 12 100 108 2 1000 1000 0 10
0.166667 0.234303 0.040437 20 29 100 99 2 1000 1000 0 10
0.166667 0.206684 0.042258 20 21 100 91 2 1000 1000 0 10
0.166667 0.165826 0.038561 20 20 100 105 2 1000 1000 0 10
0.166667 0.141767 0.037949 20 14 100 90 2 1000 1000 0 10
0.166667 0.139735 0.034675 20 17 100 107 2 1000 1000 0 10
0.166667 0.156092 0.043836 20 14 100 74 2 1000 1000 0 10
0.166667 0.244696 0.042343 20 26 100 98 2 1000 1000 0 10
0.166667 0.216801 0.042427 20 23 100 98 2 1000 1000 0 10
0.166667 0.204218 0.038589 20 25 100 107 2 1000 1000 0 10
0.166667 0.224152 0.043512 20 20 100 96 2 1000 1000 0 10
0.166667 0.164460 0.036529 20 18 100 114 2 1000 1000 0 10
0.166667 0.182923 0.037780 20 22 100 107 2 1000 1000 0 10
0.166667 0.173980 0.038517 20 21 100 106 2 1000 1000 0 10
0.166667 0.250005 0.043636 20 25 100 98 2 1000 1000 0 10
0.166667 0.153971 0.037879 20 17 100 100 2 1000 1000 0 10
0.166667 0.168810 0.041020 20 17 100 87 2 1000 1000 0 10
0.166667 0.168036 0.036252 20 24 100 117 2 1000 1000 0 10
0.166667 0.165243 0.035544 20 23 100 124 2 1000 1000 0 10
0.166667 0.144704 0.039065 20 15 100 96 2 1000 1000 0 10
0.166667 0.160509 0.034896 20 23 100 117 2 1000 1000 0 10
0.166667 0.205921 0.038467 20 27 100 110 2 1000 1000 0 10
0.166667 0.228515 0.043773 20 26 100 89 2 1000 1000 0 10
0.166667 0.146122 0.040140 20 11 100 98 2 1000 1000 0 10
0.166667 0.172579 0.043116 20 14 100 80 2 1000 1000 0 10
0.166667 0.148682 0.036802 20 15 100 101 2 1000 1000 0 10
0.166667 0.229762 0.041321 20 26 100 103 2 1000 1000 0 10
0.166667 0.132523 0.035214 20 15 100 110 2 1000 1000 0 10
0.166667 0.151598 0.040450 20 16 100 86 2 1000 1000 0 10
0.166667 0.212045 0.044910 20 22 100 78 2 1000 1000 0 10
0.166667 0.232139 0.043497 20 18 100 105 2 1000 1000 0 10
0.166667 0.188108 0.041576 20 23 100 96 2 1000 1000 0 10
0.166667 0.174176 0.038769 20 19 100 100 2 1000 1000 0 10
0.166667 0.177880 0.037388 20 20 100 110 2 1000 1000 0 10
0.166667 0.176450 0.037210 20 20 100 112 2 1000 1000 0 10
0.166667 0.194735 0.037724 20 26 100 114 2 1000 1000 0 10
0.166667 0.203211 0.040811 20 21 100 103 2 1000 1000 0 10
0.166667 0.151109 0.036223 20 17 100 100 2 1000 1000 0 10
0.166667 0.221901 0.042723 20 25 100 98 2 1000 1000 0 10
0.166667 0.214186 0.042545 20 26 100 94 2 1000 1000 0 10
0.166667 0.187037 0.039420 20 21 100 102 2 1000 1000 0 10
0.166667 0.255120 0.044544 20 28 100 86 2 1000 1000 0 10
0.166667 0.187850 0.041822 20 21 100 94 2 1000 1000 0 10
0.166667 0.200050 0.042273 20 20 100 89 2 1000 1000 0 10
0.166667 0.197035 0.037348 20 23 100 113 2 1000 1000 0 10
0.166667 0.187519 0.037183 20 20 100 110 2 1000 1000 0 10
0.166667 0.232833 0.045178 20 20 100 87 2 1000 1000 0 10
0.166667 0.174123 0.038920 20 19 100 96 2 1000 1000 0 10
0.166667 0.144988 0.036251 20 16 100 100 2 1000 1000 0 10
0.166667 0.203023 0.040840 20 21 100 97 2 1000 1000 0 10
0.166667 0.264367 0.043116 20 25 100 106 2 1000 1000 0 10
0.166667 0.179833 0.037918 20 21 100 104 2 1000 1000 0 10
0.166667 0.203300 0.043758 20 20 100 95 2 1000 1000 0 10
0.166667 0.221088 0.039801 20 27 100 112 2 1000 1000 0 10
0.166667 0.146795 0.035036 20 17 100 113 2 1000 1000 0 10
0.166667 0.218069 0.043352 20 22 100 92 2 1000 1000 0 10
0.166667 0.173868 0.041632 20 15 100 85 2 1000 1000 0 10
0.166667 0.186706 0.040246 20 19 100 97 2 1000 1000 0 10
0.166667 0.238909 0.047046 20 23 100 83 2 1000 1000 0 10
0.166667 0.210719 0.040524 20 23 100 98 2 1000 1000 0 10
0.166667 0.226395 0.042418 20 26 100 102 2 1000 1000 0 10
0.166667 0.203115 0.040541 20 22 100 99 2 1000 1000 0 10
0.166667 0.175583 0.035964 20 22 100 120 2 1000 1000 0 10
0.166667 0.122628 0.032391 20 17 100 120 2 1000 1000 0 10
0.166667 0.170032 0.040502 20 15 100 88 2 1000 1000 0 10
0.166667 0.182258 0.040040 20 22 100 97 2 1000 1000 0 10
0.166667 0.263377 0.043892 20 31 100 95 2 1000 1000 0 10
0.166667 0.207083 0.038158 20 27 100 113 2 1000 1000 0 10
0.166667 0.174256 0.039241 20 19 100 99 2 1000 1000 0 10
0.166667 0.125163 0.037031 20 9 100 96 2 1000 1000 0 10
0.166667 0.289753 0.046005 20 29 100 83 2 1000 1000 0 10
0.166667 0.138131 0.037502 20 16 100 102 2 1000 1000 0 10
0.166667 0.164900 0.037279 20 19 100 103 2 1000 1000 0 10
0.166667 0.106425 0.034047 20 11 100 104 2 1000 1000 0 10
0.166667 0.187791 0.040825 20 19 100 89 2 1000 1000 0 10
0.166667 0.186539 0.039389 20 20 100 94 2 1000 1000 0 10
0.166667 0.144774 0.036458 20 13 100 103 2 1000 1000 0 10
0.166667 0.089058 0.033763 20 9 100 98 2 1000 1000 0 10
0.166667 0.193736 0.040154 20 20 100 98 2 1000 1000 0 10
0.166667 0.173302 0.042589 20 19 100 86 2 1000 1000 0 10
0.166667 0.147374 0.038933 20 13 100 92 2 1000 1000 0 10
0.166667 0.166387 0.038838 20 17 100 101 2 1000 1000 0 10
0.166667 0.216186 0.043483 20 20 100 100 2 1000 1000 0 10
0.166667 0.221795 0.040426 20 23 100 105 2 1000 1000 0 10
0.166667 0.221004 0.044145 20 23 100 84 2 1000 1000 0 10
0.166667 0.190413 0.039466 20 21 100 104 2 1000 1000 0 10
0.166667 0.183497 0.041905 20 18 100 81 2 1000 1000 0 10
0.166667 0.164638 0.037367 20 17 100 102 2 1000 1000 0 10
0.166667 0.140085 0.033462 20 19 100 115 2 1000 1000 0 10
0.166667 0.204624 0.042169 20 19 100 101 2 1000 1000 0 10
0.166667 0.149720 0.035811 20 17 100 103 2 1000 1000 0 10
0.166667 0.193419 0.040157 20 22 100 100 2 1000 1000 0 10
0.166667 0.230942 0.043903 20 23 100 91 2 1000 1000 0 10
0.166667 0.186305 0.037566 20 24 100 109 2 1000 1000 0 10
0.166667 0.253434 0.045247 20 24 100 87 2 1000 1000 0 10
0.166667 0.136454 0.032065 20 17 100 119 2 1000 1000 0 10
0.166667 0.242600 0.044568 20 24 100 87 2 1000 1000 0 10
0.166667 0.248566 0.043461 20 27 100 90 2 1000 1000 0 10
0.166667 0.228749 0.042049 20 25 100 92 2 1000 1000 0 10
0.166667 0.159038 0.035938 20 20 100 107 2 1000 1000 0 10
0.166667 0.106988 0.031632 20 13 100 111 2 1000 1000 0 10
0.166667 0.249899 0.039818 20 33 100 109 2 1000 1000 0 10
0.166667 0.214182 0.042703 20 20 100 85 2 1000 1000 0 10
0.166667 0.143250 0.036986 20 16 100 103 2 1000 1000 0 10
0.166667 0.109379 0.030097 20 14 100 124 2 1000 1000 0 10
0.166667 0.205796 0.039546 20 24 100 100 2 1000 1000 0 10
0.166667 0.195786 0.039648 20 22 100 100 2 1000 1000 0 10
0.166667 0.135815 0.034419 20 17 100 110 2 1000 1000 0 10
0.166667 0.164209 0.038834 20 20 100 94 2 1000 1000 0 10
0.166667 0.204742 0.046064 20 19 100 80 2 1000 1000 0 10
0.166667 0.173592 0.039581 20 18 100 103 2 1000 1000 0 10
0.166667 0.087595 0.032421 20 9 100 95 2 1000 1000 0 10
0.166667 0.086951 0.030620 20 12 100 104 2 1000 1000 0 10
0.166667 0.179948 0.037277 20 18 100 108 2 1000 1000 0 10
0.166667 0.199447 0.042089 20 22 100 89 2 1000 1000 0 10
0.166667 0.111692 0.038329 20 13 100 98 2 1000 1000 0 10
0.166667 0.176475 0.037174 20 20 100 115 2 1000 1000 0 10
0.166667 0.158708 0.041045 20 14 100 83 2 1000 1000 0 10
0.166667 0.173746 0.038100 20 21 100 109 2 1000 1000 0 10
0.166667 0.195909 0.040239 20 20 100 104 2 1000 1000 0 10
0.166667 0.152003 0.039037 20 14 100 98 2 1000 1000 0 10
0.166667 0.158101 0.036136 20 20 100 110 2 1000 1000 0 10
0.166667 0.193378 0.040057 20 17 100 102 2 1000 1000 0 10
0.166667 0.128464 0.035850 20 14 100 105 2 1000 1000 0 10
0.166667 0.211877 0.041779 20 23 100 91 2 1000 1000 0 10
0.166667 0.161679 0.038829 20 19 100 91 2 1000 1000 0 10
0.166667 0.203336 0.040846 20 21 100 104 2 1000 1000 0 10
0.166667 0.185506 0.039176 20 21 100 102 2 1000 1000 0 10
0.166667 0.132095 0.036162 20 16 100 102 2 1000 1000 0 10
0.166667 0.153150 0.033291 20 22 100 122 2 1000 1000 0 10
0.166667 0.096234 0.035676 20 10 100 94 2 1000 1000 0 10
0.166667 0.176205 0.039434 20 22 100 98 2 1000 1000 0 10
0.166667 0.163014 0.040146 20 16 100 84 2 1000 1000 0 10
0.166667 0.107823 0.032670 20 13 100 110 2 1000 1000 0 10
0.166667 0.121287 0.034839 20 14 100 103 2 1000 1000 0 10
0.166667 0.126753 0.031918 20 17 100 122 2 1000 1000 0 10
0.166667 0.137213 0.036082 20 16 100 95 2 1000 1000 0 10
0.166667 0.104960 0.032736 20 12 100 103 2 1000 1000 0 10
0.166667 0.182193 0.037831 20 22 100 107 2 1000 1000 0 10
0.166667 0.255690 0.043954 20 27 100 96 2 1000 1000 0 10
0.166667 0.198591 0.040780 20 23 100 95 2 1000 1000 0 10
0.166667 0.208515 0.045158 20 20 100 82 2 1000 1000 0 10
0.166667 0.201268 0.039593 20 21 100 101 2 1000 1000 0 10
0.166667 0.255038 0.044532 20 26 100 84 2 1000 1000 0 10
0.166667 0.153909 0.035754 20 17 100 109 2 1000 1000 0 10
0.166667 0.175948 0.037466 20 21 100 106 2 1000 1000 0 10
0.166667 0.210454 0.044404 20 22 100 83 2 1000 1000 0 10
0.166667 0.185329 0.042720 20 18 100 84 2 1000 1000 0 10
0.166667 0.128588 0.033505 20 15 100 110 2 1000 1000 0 10
0.166667 0.158406 0.041024 20 14 100 91 2 1000 1000 0 10
0.166667 0.144270 0.033405 20 17 100 115 2 1000 1000 0 10
0.166667 0.111711 0.032500 20 13 100 102 2 1000 1000 0 10
0.166667 0.209691 0.041871 20 22 100 97 2 1000 1000 0 10
0.166667 0.215196 0.039701 20 25 100 108 2 1000 1000 0 10
0.166667 0.115419 0.034038 20 13 100 100 2 1000 1000 0 10
0.166667 0.224880 0.046090 20 20 100 79 2 1000 1000 0 10
0.166667 0.258983 0.044911 20 26 100 86 2 1000 1000 0 10
0.166667 0.250487 0.046885 20 27 100 80 2 1000 1000 0 10
0.166667 0.152559 0.035277 20 18 100 110 2 1000 1000 0 10
0.166667 0.171140 0.038944 20 19 100 91 2 1000 1000 0 10
0.166667 0.104138 0.032421 20 11 100 105 2 1000 1000 0 10
0.166667 0.204990 0.039455 20 20 100 107 2 1000 1000 0 10
0.166667 0.270416 0.045969 20 22 100 87 2 1000 1000 0 10
0.166667 0.159722 0.037185 20 18 100 111 2 1000 1000 0 10
0.166667 0.170140 0.039631 20 17 100 97 2 1000 1000 0 10
0.166667 0.177737 0.037014 20 19 100 122 2 1000 1000 0 10
0.166667 0.158755 0.037457 20 15 100 107 2 1000 1000 0 10
0.166667 0.206726 0.043605 20 19 100 88 2 1000 1000 0 10
0.166667 0.137784 0.036383 20 16 100 97 2 1000 1000 0 10
0.166667 0.183943 0.039123 20 19 100 101 2 1000 1000 0 10
0.166667 0.165430 0.034899 20 18 100 122 2 1000 1000 0 10
0.166667 0.232496 0.040962 20 28 100 100 2 1000 1000 0 10
0.166667 0.186277 0.042601 20 21 100 89 2 1000 1000 0 10
0.166667 0.175292 0.041375 20 16 100 89 2 1000 1000 0 10
0.166667 0.153748 0.034944 20 17 100 110 2 1000 1000 0 10
0.166667 0.199371 0.044982 20 19 100 86 2 1000 1000 0 10
0.166667 0.144253 0.036360 20 16 100 105 2 1000 1000 0 10
0.166667 0.186900 0.043481 20 18 100 81 2 1000 1000 0 10
0.166667 0.238456 0.044301 20 22 100 93 2 1000 1000 0 10
0.166667 0.170067 0.039750 20 17 100 93 2 1000 1000 0 10
0.166667 0.178949 0.037143 20 23 100 110 2 1000 1000 0 10
0.166667 0.202297 0.041126 20 20 100 93 2 1000 1000 0 10
0.166667 0.184645 0.038533 20 20 100 107 2 1000 1000 0 10
0.166667 0.172292 0.036504 20 22 100 109 2 1000 1000 0 10
0.166667 0.160983 0.035593 20 19 100 117 2 1000 1000 0 10
0.166667 0.218609 0.040341 20 23 100 104 2 1000 1000 0 10
0.166667 0.213116 0.040611 20 24 100 99 2 1000 1000 0 10
0.166667 0.181621 0.038222 20 21 100 103 2 1000 1000 0 10
0.166667 0.165179 0.037336 20 19 100 103 2 1000 1000 0 10
0.166667 0.209546 0.043123 20 22 100 87 2 1000 1000 0 10
0.166667 0.171416 0.035406 20 18 100 123 2 1000 1000 0 10
0.166667 0.194106 0.040955 20 18 100 97 2 1000 1000 0 10
0.166667 0.201966 0.042324 20 20 100 94 2 1000 1000 0 10
0.166667 0.221485 0.040247 20 22 100 107 2 1000 1000 0 10
0.166667 0.236942 0.041426 20 23 100 101 2 1000 1000 0 10
0.166667 0.195480 0.037397 20 26 100 114 2 1000 1000 0 10
0.166667 0.123623 0.033276 20 13 100 113 2 1000 1000 0 10
0.166667 0.146255 0.039675 20 12 100 88 2 1000 1000 0 10
0.166667 0.145930 0.036215 20 18 100 102 2 1000 1000 0 10
0.166667 0.172120 0.036695 20 22 100 111 2 1000 1000 0 10
0.166667 0.187613 0.044578 20 17 100 76 2 1000 1000 0 10
0.166667 0.151171 0.037797 20 17 100 95 2 1000 1000 0 10
0.166667 0.202721 0.042057 20 21 100 93 2 1000 1000 0 10
0.166667 0.175365 0.038213 20 18 100 99 2 1000 1000 0 10
0.166667 0.144864 0.035536 20 16 100 106 2 1000 1000 0 10
0.166667 0.089363 0.033348 20 10 100 103 2 1000 1000 0 10
0.166667 0.125582 0.034508 20 14 100 105 2 1000 1000 0 10
0.166667 0.215258 0.039139 20 25 100 110 2 1000 1000 0 10
0.166667 0.223448 0.043757 20 21 100 93 2 1000 1000 0 10
0.166667 0.245590 0.043545 20 29 100 84 2 1000 1000 0 10
0.166667 0.220341 0.042432 20 25 100 93 2 1000 1000 0 10
0.166667 0.165467 0.037218 20 21 100 105 2 1000 1000 0 10
0.166667 0.218982 0.043253 20 20 100 94 2 1000 1000 0 10
0.166667 0.189369 0.040200 20 14 100 104 2 1000 1000 0 10
0.166667 0.164174 0.038069 20 20 100 105 2 1000 1000 0 10
0.166667 0.121166 0.034426 20 12 100 111 2 1000 1000 0 10
0.166667 0.183126 0.040055 20 20 100 95 2 1000 1000 0 10
0.166667 0.202857 0.041920 20 22 100 95 2 1000 1000 0 10
0.166667 0.218304 0.043889 20 19 100 89 2 1000 1000 0 10
0.166667 0.189980 0.037680 20 24 100 110 2 1000 1000 0 10
0.166667 0.153016 0.033368 20 20 100 121 2 1000 1000 0 10
0.166667 0.220722 0.039828 20 22 100 112 2 1000 1000 0 10
0.166667 0.224439 0.039036 20 28 100 109 2 1000 1000 0 10
0.166667 0.238845 0.040427 20 25 100 110 2 1000 1000 0 10
0.166667 0.153896 0.036600 20 18 100 106 2 1000 1000 0 10
0.166667 0.218646 0.046147 20 19 100 79 2 1000 1000 0 10
0.166667 0.186537 0.042132 20 23 100 91 2 1000 1000 0 10
0.166667 0.155504 0.037681 20 17 100 94 2 1000 1000 0 10
0.166667 0.229520 0.040879 20 28 100 97 2 1000 1000 0 10
0.166667 0.184766 0.042427 20 18 100 92 2 1000 1000 0 10
0.166667 0.145511 0.035110 20 16 100 112 2 1000 1000 0 10
0.166667 0.216636 0.039906 20 27 100 112 2 1000 1000 0 10
0.166667 0.201522 0.041590 20 21 100 98 2 1000 1000 0 10
0.166667 0.215642 0.043033 20 20 100 93 2 1000 1000 0 10
0.166667 0.208210 0.040065 20 24 100 102 2 1000 1000 0 10
0.166667 0.126354 0.032530 20 16 100 126 2 1000 1000 0 10
0.166667 0.177667 0.036157 20 24 100 119 2 1000 1000 0 10
0.166667 0.223408 0.042597 20 21 100 103 2 1000 1000 0 10
0.166667 0.170871 0.035383 20 23 100 127 2 1000 1000 0 10
0.166667 0.164339 0.035792 20 18 100 109 2 1000 1000 0 10
0.166667 0.122863 0.033468 20 15 100 102 2 1000 1000 0 10
0.166667 0.205103 0.042616 20 21 100 87 2 1000 1000 0 10
0.166667 0.222026 0.044048 20 21 100 90 2 1000 1000 0 10
0.166667 0.238603 0.046438 20 21 100 83 2 1000 1000 0 10
0.166667 0.156333 0.039508 20 13 100 92 2 1000 1000 0 10
0.166667 0.128890 0.033507 20 16 100 113 2 1000 1000 0 10
0.166667 0.236041 0.042773 20 25 100 98 2 1000 1000 0 10
0.166667 0.236645 0.043821 20 22 100 87 2 1000 1000 0 10
0.166667 0.164873 0.040898 20 16 100 84 2 1000 1000 0 10
0.166667 0.193785 0.045370 20 16 100 79 2 1000 1000 0 10
0.166667 0.141164 0.039759 20 14 100 90 2 1000 1000 0 10
0.166667 0.152593 0.037591 20 20 100 106 2 1000 1000 0 10
0.166667 0.171054 0.037641 20 23 100 105 2 1000 1000 0 10
0.166667 0.233445 0.048742 20 20 100 74 2 1000 1000 0 10
0.166667 0.174844 0.036918 20 20 100 113 2 1000 1000 0 10
0.166667 0.189679 0.040647 20 20 100 92 2 1000 1000 0 10
0.166667 0.231041 0.044498 20 25 100 88 2 1000 1000 0 10
0.166667 0.185441 0.036569 20 27 100 115 2 1000 1000 0 10
0.166667 0.178139 0.037074 20 19 100 115 2 1000 1000 0 10
0.166667 0.187612 0.039838 20 19 100 102 2 1000 1000 0 10
0.166667 0.172513 0.039817 20 19 100 93 2 1000 1000 0 10
0.166667 0.184720 0.038386 20 22 100 97 2 1000 1000 0 10
0.166667 0.138274 0.037453 20 16 100 97 2 1000 1000 0 10
0.166667 0.126398 0.034171 20 14 100 108 2 1000 1000 0 10
0.166667 0.232396 0.046522 20 19 100 93 2 1000 1000 0 10
0.166667 0.191324 0.038376 20 25 100 105 2 1000 1000 0 10
0.166667 0.191364 0.039490 20 22 100 107 2 1000 1000 0 10
0.166667 0.210894 0.037192 20 28 100 117 2 1000 1000 0 10
0.166667 0.172875 0.039065 20 22 100 98 2 1000 1000 0 10
0.166667 0.178993 0.041821 20 18 100 87 2 1000 1000 0 10
0.166667 0.102828 0.036288 20 12 100 92 2 1000 1000 0 10
0.166667 0.166624 0.036576 20 23 100 110 2 1000 1000 0 10
0.166667 0.123270 0.038075 20 11 100 88 2 1000 1000 0 10
0.166667 0.095832 0.031154 20 16 100 129 2 1000 1000 0 10
0.166667 0.159630 0.036289 20 20 100 118 2 1000 1000 0 10
0.166667 0.185005 0.042253 20 17 100 95 2 1000 1000 0 10
0.166667 0.198006 0.038387 20 26 100 109 2 1000 1000 0 10
0.166667 0.222526 0.045176 20 23 100 89 2 1000 1000 0 10
0.166667 0.193452 0.040447 20 22 100 98 2 1000 1000 0 10
0.166667 0.202573 0.040690 20 20 100 92 2 1000 1000 0 10
0.166667 0.132642 0.033752 20 16 100 109 2 1000 1000 0 10
0.166667 0.240125 0.043435 20 25 100 96 2 1000 1000 0 10
0.166667 0.218056 0.039250 20 28 100 117 2 1000 1000 0 10
0.166667 0.186757 0.036417 20 23 100 115 2 1000 1000 0 10
0.166667 0.274371 0.044407 20 30 100 97 2 1000 1000 0 10
0.166667 0.139409 0.035824 20 16 100 102 2 1000 1000 0 10
0.166667 0.172651 0.037009 20 23 100 107 2 1000 1000 0 10
0.166667 0.165750 0.038495 20 18 100 96 2 1000 1000 0 10
0.166667 0.100992 0.030315 20 10 100 116 2 1000 1000 0 10
0.166667 0.252836 0.042559 20 24 100 105 2 1000 1000 0 10
0.166667 0.122704 0.036322 20 14 100 95 2 1000 1000 0 10
0.166667 0.117265 0.033659 20 11 100 108 2 1000 1000 0 10
0.166667 0.149471 0.034250 20 19 100 122 2 1000 1000 0 10
0.166667 0.151275 0.039930 20 17 100 89 2 1000 1000 0 10
0.166667 0.173339 0.036929 20 19 100 118 2 1000 1000 0 10
0.166667 0.229702 0.040811 20 27 100 101 2 1000 1000 0 10
0.166667 0.195813 0.037400 20 24 100 123 2 1000 1000 0 10
0.166667 0.139762 0.036237 20 17 100 105 2 1000 1000 0 10
0.166667 0.180122 0.038719 20 21 100 104 2 1000 1000 0 10
0.166667 0.119994 0.037499 20 15 100 96 2 1000 1000 0 10
0.166667 0.159202 0.035920 20 19 100 112 2 1000 1000 0 10
0.166667 0.176385 0.039545 20 20 100 95 2 1000 1000 0 10
0.166667 0.165299 0.035214 20 22 100 113 2 1000 1000 0 10
0.166667 0.174630 0.038247 20 22 100 104 2 1000 1000 0 10
0.166667 0.223079 0.039425 20 26 100 110 2 1000 1000 0 10
0.166667 0.138430 0.033570 20 17 100 114 2 1000 1000 0 10
0.166667 0.151397 0.035346 20 16 100 111 2 1000 1000 0 10
0.166667 0.153966 0.038530 20 17 100 95 2 1000 1000 0 10
0.166667 0.162626 0.036193 20 18 100 105 2 1000 1000 0 10
0.166667 0.099948 0.031574 20 11 100 108 2 1000 1000 0 10
0.166667 0.177279 0.042397 20 15 100 93 2 1000 1000 0 10
0.166667 0.200766 0.038379 20 26 100 111 2 1000 1000 0 10
0.166667 0.133930 0.033820 20 20 100 112 2 1000 1000 0 10
0.166667 0.181976 0.041869 20 17 100 88 2 1000 1000 0 10
0.166667 0.158635 0.038303 20 16 100 96 2 1000 1000 0 10
0.166667 0.223166 0.043619 20 24 100 95 2 1000 1000 0 10
0.166667 0.228742 0.043691 20 27 100 93 2 1000 1000 0 10
0.166667 0.219353 0.044460 20 21 100 87 2 1000 1000 0 10
0.166667 0.231139 0.041183 20 23 100 106 2 1000 1000 0 10
0.166667 0.177066 0.038141 20 24 100 106 2 1000 1000 0 10
0.166667 0.113615 0.033550 20 17 100 114 2 1000 1000 0 10
0.166667 0.230551 0.042997 20 24 100 99 2 1000 1000 0 10
0.166667 0.191509 0.038020 20 23 100 106 2 1000 1000 0 10
0.166667 0.167150 0.039375 20 15 100 103 2 1000 1000 0 10
0.166667 0.085023 0.030094 20 10 100 112 2 1000 1000 0 10
0.166667 0.220318 0.038722 20 23 100 116 2 1000 1000 0 10
0.166667 0.193650 0.038435 20 25 100 104 2 1000 1000 0 10
0.166667 0.137281 0.033071 20 20 100 116 2 1000 1000 0 10
0.166667 0.233312 0.044353 20 23 100 87 2 1000 1000 0 10
0.166667 0.176729 0.038449 20 17 100 105 2 1000 1000 0 10
0.166667 0.178126 0.038697 20 21 100 99 2 1000 1000 0 10
0.166667 0.199459 0.039109 20 24 100 109 2 1000 1000 0 10
0.166667 0.155201 0.034382 20 20 100 114 2 1000 1000 0 10
0.166667 0.213869 0.041354 20 26 100 92 2 1000 1000 0 10
0.166667 0.177119 0.036335 20 21 100 118 2 1000 1000 0 10
0.166667 0.161594 0.038552 20 20 100 97 2 1000 1000 0 10
0.166667 0.168070 0.036091 20 18 100 116 2 1000 1000 0 10
0.166667 0.130261 0.035023 20 15 100 109 2 1000 1000 0 10
0.166667 0.185153 0.039044 20 23 100 98 2 1000 1000 0 10
0.166667 0.185104 0.039172 20 21 100 98 2 1000 1000 0 10
0.166667 0.194515 0.040139 20 23 100 93 2 1000 1000 0 10
0.166667 0.126762 0.035890 20 13 100 100 2 1000 1000 0 10
0.166667 0.181157 0.040248 20 17 100 99 2 1000 1000 0 10
0.166667 0.260942 0.043952 20 27 100 94 2 1000 1000 0 10
0.166667 0.198536 0.040538 20 24 100 101 2 1000 1000 0 10
0.166667 0.144950 0.036563 20 15 100 95 2 1000 1000 0 10
0.166667 0.203741 0.040032 20 23 100 103 2 1000 1000 0 10
0.166667 0.177180 0.038333 20 22 100 102 2 1000 1000 0 10
0.166667 0.200483 0.042202 20 18 100 97 2 1000 1000 0 10
0.166667 0.141287 0.035934 20 14 100 99 2 1000 1000 0 10
0.166667 0.179079 0.038615 20 22 100 103 2 1000 1000 0 10
0.166667 0.172827 0.040389 20 20 100 94 2 1000 1000 0 10
0.166667 0.133842 0.038064 20 14 100 101 2 1000 1000 0 10
0.166667 0.176547 0.038406 20 23 100 98 2 1000 1000 0 10
0.166667 0.111116 0.033959 20 13 100 101 2 1000 1000 0 10
0.166667 0.205719 0.043022 20 21 100 90 2 1000 1000 0 10
0.166667 0.152160 0.036107 20 19 100 105 2 1000 1000 0 10
0.166667 0.132746 0.035148 20 15 100 100 2 1000 1000 0 10
0.166667 0.164452 0.037536 20 19 100 106 2 1000 1000 0 10
0.166667 0.145437 0.039758 20 15 100 92 2 1000 1000 0 10
0.166667 0.211571 0.043849 20 20 100 88 2 1000 1000 0 10
0.166667 0.140416 0.036534 20 16 100 93 2 1000 1000 0 10
0.166667 0.201348 0.038399 20 26 100 104 2 1000 1000 0 10
0.166667 0.211624 0.042163 20 21 100 99 2 1000 1000 0 10
0.166667 0.199237 0.041139 20 21 100 92 2 1000 1000 0 10
0.166667 0.183483 0.040380 20 19 100 92 2 1000 1000 0 10
0.166667 0.090781 0.033815 20 9 100 92 2 1000 1000 0 10
0.166667 0.263069 0.046496 20 24 100 81 2 1000 1000 0 10
0.166667 0.243441 0.045131 20 21 100 94 2 1000 1000 0 10
0.166667 0.166404 0.036874 20 20 100 108 2 1000 1000 0 10
0.166667 0.231263 0.042529 20 28 100 89 2 1000 1000 0 10
0.166667 0.147272 0.038238 20 14 100 99 2 1000 1000 0 10
0.166667 0.171732 0.034993 20 21 100 122 2 1000 1000 0 10
0.166667 0.173892 0.041145 20 14 100 94 2 1000 1000 0 10
0.166667 0.154451 0.035263 20 18 100 111 2 1000 1000 0 10
0.166667 0.138661 0.038515 20 15 100 95 2 1000 1000 0 10
0.166667 0.175422 0.039928 20 18 100 99 2 1000 1000 0 10
0.166667 0.182932 0.036278 20 23 100 120 2 1000 1000 0 10
0.166667 0.173268 0.039516 20 15 100 104 2 1000 1000 0 10
0.166667 0.139990 0.034373 20 15 100 111 2 1000 1000 0 10
0.166667 0.102074 0.033758 20 10 100 101 2 1000 1000 0 10
0.166667 0.204929 0.042191 20 21 100 109 2 1000 1000 0 10
0.166667 0.189983 0.039200 20 22 100 106 2 1000 1000 0 10
0.166667 0.141827 0.034844 20 17 100 109 2 1000 1000 0 10
0.166667 0.141056 0.037283 20 13 100 98 2 1000 1000 0 10
0.166667 0.136200 0.036643 20 15 100 100 2 1000 1000 0 10
0.166667 0.222103 0.041925 20 24 100 97 2 1000 1000 0 10
0.166667 0.197857 0.041339 20 19 100 92 2 1000 1000 0 10
0.166667 0.203654 0.039006 20 25 100 98 2 1000 1000 0 10
0.166667 0.130416 0.034824 20 17 100 102 2 1000 1000 0 10
0.166667 0.111803 0.033158 20 11 100 105 2 1000 1000 0 10
0.166667 0.198476 0.041646 20 22 100 92 2 1000 1000 0 10
0.166667 0.119603 0.034598 20 8 100 105 2 1000 1000 0 10
0.166667 0.088427 0.033670 20 12 100 103 2 1000 1000 0 10
0.166667 0.122679 0.033935 20 12 100 112 2 1000 1000 0 10
0.166667 0.282640 0.046096 20 29 100 88 2 1000 1000 0 10
0.166667 0.239084 0.047148 20 21 100 76 2 1000 1000 0 10
0.166667 0.130812 0.033757 20 19 100 116 2 1000 1000 0 10
0.166667 0.168829 0.035317 20 20 100 120 2 1000 1000 0 10
0.166667 0.177028 0.037517 20 22 100 107 2 1000 1000 0 10
0.166667 0.213327 0.042509 20 22 100 94 2 1000 1000 0 10
0.166667 0.225844 0.045208 20 23 100 85 2 1000 1000 0 10
0.166667 0.206096 0.042420 20 20 100 92 2 1000 1000 0 10
0.166667 0.172235 0.043145 20 17 100 88 2 1000 1000 0 10
0.166667 0.179058 0.036080 20 22 100 119 2 1000 1000 0 10
0.166667 0.193088 0.040061 20 23 100 98 2 1000 1000 0 10
0.166667 0.184009 0.038449 20 22 100 111 2 1000 1000 0 10
0.166667 0.153161 0.034777 20 19 100 113 2 1000 1000 0 10
0.166667 0.254850 0.043478 20 26 100 94 2 1000 1000 0 10
0.166667 0.144009 0.039659 20 15 100 96 2 1000 1000 0 10
0.166667 0.191065 0.038648 20 23 100 103 2 1000 1000 0 10
0.166667 0.180584 0.041503 20 18 100 96 2 1000 1000 0 10
0.166667 0.188903 0.038815 20 21 100 99 2 1000 1000 0 10
0.166667 0.081376 0.029757 20 10 100 109 2 1000 1000 0 10
0.166667 0.243936 0.045598 20 25 100 84 2 1000 1000 0 10
0.166667 0.225947 0.041759 20 25 100 94 2 1000 1000 0 10
0.166667 0.111667 0.035120 20 13 100 98 2 1000 1000 0 10
0.166667 0.150813 0.037684 20 15 100 106 2 1000 1000 0 10
0.166667 0.175484 0.039522 20 19 100 94 2 1000 1000 0 10
0.166667 0.172999 0.037443 20 20 100 110 2 1000 1000 0 10
0.166667 0.201986 0.039577 20 20 100 104 2 1000 1000 0 10
0.166667 0.203296 0.040581 20 21 100 102 2 1000 1000 0 10
0.166667 0.192284 0.038784 20 20 100 103 2 1000 1000 0 10
0.166667 0.194201 0.039683 20 20 100 99 2 1000 1000 0 10
0.166667 0.174348 0.036845 20 19 100 111 2 1000 1000 0 10
0.166667 0.130915 0.036985 20 12 100 102 2 1000 1000 0 10
0.166667 0.148607 0.037804 20 17 100 105 2 1000 1000 0 10
0.166667 0.124455 0.035923 20 14 100 95 2 1000 1000 0 10
0.166667 0.147172 0.036652 20 17 100 108 2 1000 1000 0 10
0.166667 0.188318 0.035694 20 24 100 123 2 1000 1000 0 10
0.166667 0.208776 0.039849 20 22 100 108 2 1000 1000 0 10
0.166667 0.173018 0.039911 20 19 100 94 2 1000 1000 0 10
0.166667 0.172189 0.039443 20 18 100 97 2 1000 1000 0 10
0.166667 0.191881 0.041503 20 17 100 104 2 1000 1000 0 10
0.166667 0.216640 0.040156 20 24 100 100 2 1000 1000 0 10
0.166667 0.200577 0.044504 20 19 100 86 2 1000 1000 0 10
0.166667 0.247852 0.043348 20 25 100 98 2 1000 1000 0 10
0.166667 0.205629 0.039133 20 26 100 104 2 1000 1000 0 10
0.166667 0.211324 0.041263 20 25 100 101 2 1000 1000 0 10
0.166667 0.179307 0.041726 20 16 100 92 2 1000 1000 0 10
0.166667 0.177042 0.041212 20 20 100 94 2 1000 1000 0 10
0.166667 0.175933 0.039590 20 20 100 97 2 1000 1000 0 10
0.166667 0.105172 0.035669 20 12 100 98 2 1000 1000 0 10
0.166667 0.175599 0.041584 20 15 100 95 2 1000 1000 0 10
0.166667 0.153085 0.037371 20 15 100 98 2 1000 1000 0 10
0.166667 0.183767 0.040746 20 18 100 95 2 1000 1000 0 10
0.166667 0.195852 0.041984 20 20 100 92 2 1000 1000 0 10
0.166667 0.165223 0.034050 20 21 100 123 2 1000 1000 0 10
0.166667 0.176304 0.041421 20 17 100 88 2 1000 1000 0 10
0.166667 0.183398 0.042782 20 13 100 90 2 1000 1000 0 10
0.166667 0.118485 0.036911 20 14 100 91 2 1000 1000 0 10
0.166667 0.178521 0.036066 20 25 100 118 2 1000 1000 0 10
0.166667 0.216012 0.045878 20 21 100 83 2 1000 1000 0 10
0.166667 0.112912 0.033134 20 14 100 112 2 1000 1000 0 10
0.166667 0.121771 0.032981 20 16 100 110 2 1000 1000 0 10
0.166667 0.199017 0.038534 20 24 100 106 2 1000 1000 0 10
0.166667 0.165763 0.041301 20 18 100 93 2 1000 1000 0 10
0.166667 0.187644 0.041719 20 21 100 91 2 1000 1000 0 10
0.166667 0.169296 0.037261 20 20 100 107 2 1000 1000 0 10
0.166667 0.206522 0.042828 20 19 100 88 2 1000 1000 0 10
0.166667 0.140995 0.034809 20 16 100 106 2 1000 1000 0 10
0.166667 0.170947 0.041363 20 16 100 87 2 1000 1000 0 10
0.166667 0.267575 0.046043 20 27 100 85 2 1000 1000 0 10
0.166667 0.181231 0.038307 20 23 100 106 2 1000 1000 0 10
0.166667 0.192563 0.039648 20 23 100 93 2 1000 1000 0 10
0.166667 0.208055 0.041203 20 21 100 101 2 1000 1000 0 10
0.166667 0.185273 0.042353 20 15 100 97 2 1000 1000 0 10
0.166667 0.195257 0.038165 20 26 100 113 2 1000 1000 0 10
0.166667 0.152929 0.037664 20 17 100 99 2 1000 1000 0 10
0.166667 0.122313 0.033103 20 15 100 118 2 1000 1000 0 10
0.166667 0.218110 0.041266 20 24 100 100 2 1000 1000 0 10
0.166667 0.177522 0.037760 20 22 100 103 2 1000 1000 0 10
0.166667 0.120890 0.030685 20 16 100 122 2 1000 1000 0 10
0.166667 0.272443 0.043828 20 28 100 96 2 1000 1000 0 10
0.166667 0.143531 0.036674 20 17 100 99 2 1000 1000 0 10
0.166667 0.175380 0.039491 20 16 100 92 2 1000 1000 0 10
0.166667 0.145369 0.035097 20 16 100 108 2 1000 1000 0 10
0.166667 0.181145 0.039610 20 20 100 104 2 1000 1000 0 10
0.166667 0.235810 0.043876 20 26 100 97 2 1000 1000 0 10
0.166667 0.153794 0.038175 20 15 100 105 2 1000 1000 0 10
0.166667 0.180834 0.040954 20 20 100 93 2 1000 1000 0 10
0.166667 0.119354 0.034325 20 13 100 93 2 1000 1000 0 10
0.166667 0.197416 0.037283 20 22 100 114 2 1000 1000 0 10
0.166667 0.187690 0.041309 20 18 100 90 2 1000 1000 0 10
0.166667 0.168939 0.038662 20 18 100 100 2 1000 1000 0 10
0.166667 0.199138 0.041967 20 20 100 97 2 1000 1000 0 10
0.166667 0.192491 0.041874 20 21 100 96 2 1000 1000 0 10
0.166667 0.151386 0.034527 20 20 100 117 2 1000 1000 0 10
0.166667 0.220256 0.044820 20 22 100 79 2 1000 1000 0 10
0.166667 0.170527 0.038977 20 22 100 96 2 1000 1000 0 10
0.166667 0.169638 0.033977 20 21 100 128 2 1000 1000 0 10
0.166667 0.166813 0.036918 20 20 100 109 2 1000 1000 0 10
0.166667 0.200388 0.038181 20 23 100 111 2 1000 1000 0 10
0.166667 0.179624 0.040566 20 19 100 97 2 1000 1000 0 10
0.166667 0.157028 0.036463 20 19 100 103 2 1000 1000 0 10
0.166667 0.233244 0.041655 20 25 100 98 2 1000 1000 0 10
0.166667 0.209809 0.041424 20 23 100 93 2 1000 1000 0 10
0.166667 0.201903 0.037484 20 23 100 113 2 1000 1000 0 10
0.166667 0.144164 0.033603 20 19 100 113 2 1000 1000 0 10
0.166667 0.191707 0.040744 20 18 100 105 2 1000 1000 0 10
0.166667 0.133454 0.034538 20 15 100 119 2 1000 1000 0 10
0.166667 0.204567 0.040556 20 22 100 100 2 1000 1000 0 10
0.166667 0.138100 0.034751 20 18 100 103 2 1000 1000 0 10
0.166667 0.270206 0.049183 20 20 100 79 2 1000 1000 0 10
0.166667 0.168736 0.035701 20 21 100 117 2 1000 1000 0 10
0.166667 0.173014 0.041882 20 15 100 89 2 1000 1000 0 10
0.166667 0.286894 0.045536 20 31 100 90 2 1000 1000 0 10
0.166667 0.165877 0.037825 20 17 100 102 2 1000 1000 0 10
0.166667 0.204600 0.038611 20 21 100 116 2 1000 1000 0 10
0.166667 0.246700 0.040938 20 30 100 100 2 1000 1000 0 10
0.166667 0.173774 0.039275 20 19 100 106 2 1000 1000 0 10
0.166667 0.171567 0.038316 20 16 100 103 2 1000 1000 0 10
0.166667 0.157828 0.039761 20 16 100 85 2 1000 1000 0 10
0.166667 0.160799 0.037744 20 17 100 104 2 1000 1000 0 10
0.166667 0.183647 0.037819 20 21 100 110 2 1000 1000 0 10
0.166667 0.226836 0.044873 20 21 100 85 2 1000 1000 0 10
0.166667 0.178232 0.038106 20 22 100 101 2 1000 1000 0 10
0.166667 0.185094 0.036813 20 22 100 115 2 1000 1000 0 10
0.166667 0.189011 0.039179 20 23 100 101 2 1000 1000 0 10
0.166667 0.223639 0.040965 20 24 100 100 2 1000 1000 0 10
0.166667 0.271244 0.047345 20 27 100 80 2 1000 1000 0 10
0.166667 0.143550 0.037839 20 15 100 97 2 1000 1000 0 10
0.166667 0.213867 0.041166 20 22 100 101 2 1000 1000 0 10
0.166667 0.166687 0.043589 20 14 100 76 2 1000 1000 0 10
0.166667 0.199026 0.037734 20 24 100 108 2 1000 1000 0 10
0.166667 0.290152 0.041506 20 38 100 109 2 1000 1000 0 10
0.166667 0.239791 0.043062 20 24 100 99 2 1000 1000 0 10
0.166667 0.115155 0.032579 20 15 100 120 2 1000 1000 0 10
0.166667 0.208639 0.040939 20 18 100 103 2 1000 1000 0 10
0.166667 0.165305 0.037798 20 15 100 106 2 1000 1000 0 10
0.166667 0.157303 0.037624 20 17 100 104 2 1000 1000 0 10
0.166667 0.208249 0.041380 20 21 100 99 2 1000 1000 0 10
0.166667 0.233946 0.043472 20 25 100 87 2 1000 1000 0 10
0.166667 0.210413 0.042355 20 21 100 99 2 1000 1000 0 10
0.166667 0.168520 0.038981 20 15 100 102 2 1000 1000 0 10
0.166667 0.148451 0.035870 20 17 100 104 2 1000 1000 0 10
0.166667 0.109108 0.032088 20 12 100 106 2 1000 1000 0 10
0.166667 0.181009 0.044087 20 17 100 87 2 1000 1000 0 10
0.166667 0.166882 0.037754 20 19 100 99 2 1000 1000 0 10
0.166667 0.124284 0.036714 20 15 100 94 2 1000 1000 0 10
0.166667 0.148768 0.041231 20 14 100 89 2 1000 1000 0 10
0.166667 0.159401 0.034923 20 22 100 118 2 1000 1000 0 10
0.166667 0.196392 0.040499 20 20 100 92 2 1000 1000 0 10
0.166667 0.165577 0.040751 20 15 100 100 2 1000 1000 0 10
0.166667 0.129962 0.032334 20 17 100 119 2 1000 1000 0 10
0.166667 0.183846 0.040714 20 19 100 95 2 1000 1000 0 10
0.166667 0.125346 0.041069 20 11 100 80 2 1000 1000 0 10
0.166667 0.160767 0.034941 20 19 100 115 2 1000 1000 0 10
0.166667 0.243300 0.044971 20 23 100 85 2 1000 1000 0 10
0.166667 0.186281 0.036160 20 25 100 115 2 1000 1000 0 10
0.166667 0.185651 0.042682 20 18 100 86 2 1000 1000 0 10
0.166667 0.139084 0.036661 20 14 100 98 2 1000 1000 0 10
0.166667 0.184499 0.039851 20 21 100 105 2 1000 1000 0 10
0.166667 0.196447 0.038889 20 24 100 116 2 1000 1000 0 10
0.166667 0.183198 0.038262 20 21 100 110 2 1000 1000 0 10
0.166667 0.205987 0.044761 20 19 100 89 2 1000 1000 0 10
0.166667 0.165626 0.039294 20 17 100 96 2 1000 1000 0 10
0.166667 0.180035 0.038682 20 21 100 104 2 1000 1000 0 10
0.166667 0.260091 0.044929 20 26 100 89 2 1000 1000 0 10
0.166667 0.160691 0.035144 20 20 100 119 2 1000 1000 0 10
0.166667 0.129534 0.035504 20 15 100 105 2 1000 1000 0 10
0.166667 0.228260 0.044487 20 19 100 88 2 1000 1000 0 10
0.166667 0.201510 0.044364 20 14 100 85 2 1000 1000 0 10
0.166667 0.236412 0.044478 20 21 100 92 2 1000 1000 0 10
0.166667 0.192196 0.039832 20 22 100 102 2 1000 1000 0 10
0.166667 0.198820 0.041216 20 22 100 100 2 1000 1000 0 10
0.166667 0.127730 0.035392 20 11 100 101 2 1000 1000 0 10
0.166667 0.136388 0.033995 20 16 100 113 2 1000 1000 0 10
0.166667 0.252732 0.043405 20 28 100 95 2 1000 1000 0 10
0.166667 0.167193 0.036754 20 17 100 113 2 1000 1000 0 10
0.166667 0.193778 0.040383 20 23 100 95 2 1000 1000 0 10
0.166667 0.175511 0.038553 20 23 100 103 2 1000 1000 0 10
0.166667 0.189683 0.041557 20 19 100 96 2 1000 1000 0 10
0.166667 0.225500 0.045691 20 21 100 83 2 1000 1000 0 10
0.166667 0.209984 0.038859 20 24 100 106 2 1000 1000 0 10
0.166667 0.205333 0.040686 20 24 100 99 2 1000 1000 0 10
0.166667 0.168582 0.039493 20 16 100 103 2 1000 1000 0 10
0.166667 0.255934 0.042204 20 26 100 106 2 1000 1000 0 10
0.166667 0.189620 0.040103 20 23 100 101 2 1000 1000 0 10
0.166667 0.139960 0.033951 20 18 100 113 2 1000 1000 0 10
0.166667 0.215263 0.045301 20 19 100 87 2 1000 1000 0 10
0.166667 0.214338 0.041818 20 23 100 94 2 1000 1000 0 10
0.166667 0.195136 0.040856 20 21 100 95 2 1000 1000 0 10
0.166667 0.099437 0.031949 20 14 100 109 2 1000 1000 0 10
0.166667 0.134269 0.033385 20 19 100 110 2 1000 1000 0 10
0.166667 0.170730 0.038982 20 19 100 98 2 1000 1000 0 10
0.166667 0.162612 0.038103 20 19 100 106 2 1000 1000 0 10
0.166667 0.181841 0.038735 20 22 100 109 2 1000 1000 0 10
0.166667 0.172436 0.040479 20 16 100 95 2 1000 1000 0 10
0.166667 0.185150 0.037103 20 21 100 113 2 1000 1000 0 10
0.166667 0.170159 0.039573 20 16 100 93 2 1000 1000 0 10
0.166667 0.208179 0.042089 20 23 100 93 2 1000 1000 0 10
0.166667 0.230857 0.042918 20 25 100 93 2 1000 1000 0 10
0.166667 0.204337 0.041072 20 19 100 98 2 1000 1000 0 10
0.166667 0.149231 0.035040 20 20 100 114 2 1000 1000 0 10
0.166667 0.195534 0.040195 20 22 100 96 2 1000 1000 0 10
0.166667 0.187948 0.040411 20 20 100 96 2 1000 1000 0 10
0.166667 0.214576 0.040495 20 26 100 102 2 1000 1000 0 10
0.166667 0.218979 0.039619 20 28 100 104 2 1000 1000 0 10
0.166667 0.118600 0.034004 20 14 100 110 2 1000 1000 0 10
0.166667 0.184636 0.038908 20 20 100 104 2 1000 1000 0 10
0.166667 0.111350 0.034729 20 11 100 103 2 1000 1000 0 10
0.166667 0.118129 0.032395 20 15 100 110 2 1000 1000 0 10
0.166667 0.171460 0.039864 20 18 100 100 2 1000 1000 0 10
0.166667 0.168729 0.040482 20 17 100 96 2 1000 1000 0 10
0.166667 0.202399 0.038526 20 24 100 104 2 1000 1000 0 10
0.166667 0.162493 0.037142 20 18 100 104 2 1000 1000 0 10
0.166667 0.128859 0.033324 20 15 100 112 2 1000 1000 0 10
0.166667 0.118579 0.035318 20 14 100 104 2 1000 1000 0 10
0.166667 0.152141 0.034748 20 18 100 112 2 1000 1000 0 10
0.166667 0.138030 0.035818 20 17 100 98 2 1000 1000 0 10
0.166667 0.165983 0.039763 20 18 100 105 2 1000 1000 0 10
0.166667 0.132149 0.035875 20 15 100 99 2 1000 1000 0 10
0.166667 0.221476 0.043108 20 20 100 101 2 1000 1000 0 10
0.166667 0.193321 0.039052 20 24 100 100 2 1000 1000 0 10
0.166667 0.140940 0.036800 20 17 100 103 2 1000 1000 0 10
0.166667 0.191793 0.038024 20 21 100 112 2 1000 1000 0 10
0.166667 0.206044 0.041266 20 19 100 99 2 1000 1000 0 10
0.166667 0.173464 0.037230 20 21 100 110 2 1000 1000 0 10
0.166667 0.194030 0.038297 20 24 100 111 2 1000 1000 0 10
0.166667 0.257841 0.048698 20 22 100 80 2 1000 1000 0 10
0.166667 0.140488 0.034777 20 16 100 107 2 1000 1000 0 10
0.166667 0.219159 0.042089 20 21 100 99 2 1000 1000 0 10
0.166667 0.203942 0.045164 20 17 100 79 2 1000 1000 0 10
0.166667 0.165610 0.038324 20 20 100 96 2 1000 1000 0 10
0.166667 0.266608 0.045466 20 26 100 94 2 1000 1000 0 10
0.166667 0.149495 0.036261 20 19 100 107 2 1000 1000 0 10
0.166667 0.183989 0.038751 20 23 100 101 2 1000 1000 0 10
0.166667 0.141619 0.034201 20 18 100 108 2 1000 1000 0 10
0.166667 0.227907 0.040852 20 25 100 109 2 1000 1000 0 10
0.166667 0.147474 0.037741 20 11 100 98 2 1000 1000 0 10
0.166667 0.206623 0.044797 20 19 100 82 2 1000 1000 0 10
0.166667 0.194841 0.040878 20 19 100 95 2 1000 1000 0 10
0.166667 0.164606 0.038344 20 17 100 98 2 1000 1000 0 10
0.166667 0.182055 0.039856 20 20 100 97 2 1000 1000 0 10
0.166667 0.157153 0.036576 20 15 100 109 2 1000 1000 0 10
0.166667 0.207134 0.041519 20 21 100 102 2 1000 1000 0 10
0.166667 0.213980 0.044920 20 20 100 82 2 1000 1000 0 10
0.166667 0.158471 0.036987 20 19 100 109 2 1000 1000 0 10
0.166667 0.209400 0.041629 20 21 100 93 2 1000 1000 0 10
0.166667 0.166834 0.036910 20 21 100 100 2 1000 1000 0 10
0.166667 0.229083 0.042838 20 24 100 94 2 1000 1000 0 10
0.166667 0.190306 0.039951 20 21 100 101 2 1000 1000 0 10
0.166667 0.243441 0.040983 20 28 100 105 2 1000 1000 0 10
0.166667 0.200979 0.041255 20 25 100 95 2 1000 1000 0 10
0.166667 0.165443 0.037136 20 19 100 113 2 1000 1000 0 10
0.166667 0.088013 0.031903 20 11 100 111 2 1000 1000 0 10
0.166667 0.166597 0.041624 20 16 100 86 2 1000 1000 0 10
0.166667 0.206540 0.040233 20 24 100 108 2 1000 1000 0 10
0.166667 0.195315 0.038552 20 23 100 111 2 1000 1000 0 10
0.166667 0.211139 0.040514 20 23 100 102 2 1000 1000 0 10
0.166667 0.140573 0.036333 20 16 100 103 2 1000 1000 0 10
0.166667 0.214877 0.041626 20 23 100 97 2 1000 1000 0 10
0.166667 0.210743 0.041870 20 23 100 99 2 1000 1000 0 10
0.166667 0.158494 0.037587 20 17 100 101 2 1000 1000 0 10
0.166667 0.145109 0.034429 20 20 100 116 2 1000 1000 0 10
0.166667 0.136038 0.039223 20 15 100 81 2 1000 1000 0 10
0.166667 0.177978 0.037099 20 21 100 114 2 1000 1000 0 10
0.166667 0.184041 0.039147 20 20 100 105 2 1000 1000 0 10
0.166667 0.159170 0.036805 20 14 100 115 2 1000 1000 0 10
0.166667 0.227972 0.043749 20 24 100 85 2 1000 1000 0 10
0.166667 0.168876 0.039025 20 19 100 102 2 1000 1000 0 10
0.166667 0.168184 0.037467 20 21 100 106 2 1000 1000 0 10
0.166667 0.118673 0.030626 20 18 100 130 2 1000 1000 0 10
0.166667 0.195821 0.040520 20 23 100 104 2 1000 1000 0 10
0.166667 0.237401 0.040272 20 28 100 105 2 1000 1000 0 10
0.166667 0.227105 0.042938 20 23 100 92 2 1000 1000 0 10
0.166667 0.224913 0.043717 20 21 100 94 2 1000 1000 0 10
0.166667 0.190772 0.040075 20 20 100 103 2 1000 1000 0 10
0.166667 0.169166 0.038052 20 18 100 99 2 1000 1000 0 10
0.166667 0.204938 0.039197 20 22 100 107 2 1000 1000 0 10
0.166667 0.186524 0.038302 20 21 100 110 2 1000 1000 0 10
0.166667 0.167603 0.038902 20 22 100 100 2 1000 1000 0 10
0.166667 0.156253 0.038820 20 15 100 97 2 1000 1000 0 10
0.166667 0.280195 0.045432 20 27 100 90 2 1000 1000 0 10
0.166667 0.167900 0.039067 20 17 100 99 2 1000 1000 0 10
0.166667 0.192144 0.037194 20 24 100 116 2 1000 1000 0 10
0.166667 0.150475 0.036829 20 15 100 102 2 1000 1000 0 10
0.166667 0.139766 0.037405 20 14 100 95 2 1000 1000 0 10
0.166667 0.174693 0.038812 20 20 100 102 2 1000 1000 0 10
0.166667 0.169171 0.040124 20 22 100 96 2 1000 1000 0 10
0.166667 0.206127 0.042551 20 16 100 99 2 1000 1000 0 10
0.166667 0.200618 0.044307 20 20 100 81 2 1000 1000 0 10
0.166667 0.205186 0.042872 20 18 100 90 2 1000 1000 0 10
0.166667 0.245020 0.042934 20 27 100 102 2 1000 1000 0 10
0.166667 0.126110 0.036402 20 15 100 103 2 1000 1000 0 10
0.166667 0.208796 0.040756 20 22 100 96 2 1000 1000 0 10
0.166667 0.234990 0.044335 20 24 100 89 2 1000 1000 0 10
0.166667 0.236276 0.045085 20 22 100 90 2 1000 1000 0 10
0.166667 0.132659 0.034392 20 14 100 108 2 1000 1000 0 10
0.166667 0.131877 0.037979 20 12 100 94 2 1000 1000 0 10
0.166667 0.149292 0.035899 20 16 100 109 2 1000 1000 0 10
0.166667 0.261246 0.043831 20 27 100 97 2 1000 1000 0 10
0.166667 0.200851 0.036602 20 24 100 119 2 1000 1000 0 10
0.166667 0.101007 0.032862 20 11 100 108 2 1000 1000 0 10
0.166667 0.176412 0.039598 20 22 100 101 2 1000 1000 0 10
0.166667 0.104839 0.031024 20 13 100 116 2 1000 1000 0 10
0.166667 0.141068 0.033974 20 17 100 117 2 1000 1000 0 10
0.166667 0.156053 0.038388 20 16 100 101 2 1000 1000 0 10
0.166667 0.261531 0.046261 20 26 100 88 2 1000 1000 0 10
0.166667 0.175985 0.037165 20 23 100 106 2 1000 1000 0 10
0.166667 0.192874 0.045534 20 15 100 80 2 1000 1000 0 10
0.166667 0.145484 0.038140 20 13 100 91 2 1000 1000 0 10
0.166667 0.260773 0.041941 20 29 100 106 2 1000 1000 0 10
0.166667 0.128777 0.033829 20 15 100 102 2 1000 1000 0 10
0.166667 0.157006 0.042228 20 11 100 92 2 1000 1000 0 10
0.166667 0.170612 0.041093 20 17 100 94 2 1000 1000 0 10
0.166667 0.155654 0.037046 20 16 100 98 2 1000 1000 0 10
0.166667 0.204619 0.043393 20 21 100 89 2 1000 1000 0 10
0.166667 0.132736 0.034264 20 18 100 110 2 1000 1000 0 10
0.166667 0.237004 0.045594 20 23 100 86 2 1000 1000 0 10
0.166667 0.149044 0.038631 20 17 100 97 2 1000 1000 0 10
0.166667 0.160066 0.034906 20 17 100 121 2 1000 1000 0 10
0.166667 0.189054 0.040994 20 21 100 96 2 1000 1000 0 10
0.166667 0.158333 0.040029 20 18 100 99 2 1000 1000 0 10
0.166667 0.161102 0.038156 20 18 100 100 2 1000 1000 0 10
0.166667 0.185966 0.038715 20 21 100 102 2 1000 1000 0 10
0.166667 0.233570 0.041913 20 25 100 98 2 1000 1000 0 10
0.166667 0.113527 0.032275 20 16 100 118 2 1000 1000 0 10
0.166667 0.176950 0.036777 20 20 100 109 2 1000 1000 0 10
0.166667 0.216827 0.041849 20 23 100 92 2 1000 1000 0 10
0.166667 0.149141 0.040641 20 14 100 89 2 1000 1000 0 10
0.166667 0.167969 0.038509 20 21 100 106 2 1000 1000 0 10
0.166667 0.196770 0.040648 20 21 100 104 2 1000 1000 0 10
0.166667 0.211912 0.040665 20 24 100 99 2 1000 1000 0 10
0.166667 0.226687 0.043571 20 23 100 89 2 1000 1000 0 10
0.166667 0.192688 0.038910 20 21 100 107 2 1000 1000 0 10
0.166667 0.168627 0.039540 20 18 100 90 2 1000 1000 0 10
0.166667 0.189655 0.037078 20 21 100 115 2 1000 1000 0 10
0.166667 0.178283 0.037263 20 21 100 103 2 1000 1000 0 10
0.166667 0.163674 0.040633 20 16 100 85 2 1000 1000 0 10
0.166667 0.177550 0.035422 20 22 100 121 2 1000 1000 0 10
0.166667 0.175659 0.039046 20 18 100 94 2 1000 1000 0 10
0.166667 0.181229 0.038277 20 23 100 108 2 1000 1000 0 10
0.166667 0.193441 0.039553 20 19 100 104 2 1000 1000 0 10
0.166667 0.283981 0.046152 20 28 100 85 2 1000 1000 0 10
0.166667 0.193363 0.042568 20 20 100 88 2 1000 1000 0 10
0.166667 0.159706 0.036178 20 15 100 109 2 1000 1000 0 10
0.166667 0.206014 0.043261 20 20 100 88 2 1000 1000 0 10
0.166667 0.210264 0.039632 20 24 100 102 2 1000 1000 0 10
0.166667 0.173647 0.035795 20 20 100 120 2 1000 1000 0 10
0.166667 0.181530 0.039943 20 21 100 96 2 1000 1000 0 10
0.166667 0.186298 0.039527 20 20 100 95 2 1000 1000 0 10
0.166667 0.250560 0.046546 20 22 100 78 2 1000 1000 0 10
0.166667 0.142540 0.037478 20 16 100 94 2 1000 1000 0 10
0.166667 0.126550 0.033524 20 14 100 114 2 1000 1000 0 10
0.166667 0.093150 0.032395 20 11 100 103 2 1000 1000 0 10
0.166667 0.212355 0.042390 20 23 100 93 2 1000 1000 0 10
0.166667 0.179952 0.039938 20 21 100 97 2 1000 1000 0 10
0.166667 0.159384 0.036332 20 19 100 114 2 1000 1000 0 10
0.166667 0.107142 0.034665 20 11 100 94 2 1000 1000 0 10
0.166667 0.152614 0.034603 20 21 100 116 2 1000 1000 0 10
0.166667 0.195823 0.040976 20 21 100 104 2 1000 1000 0 10
0.166667 0.076529 0.031089 20 11 100 105 2 1000 1000 0 10
0.166667 0.176827 0.041339 20 15 100 90 2 1000 1000 0 10
0.166667 0.167174 0.037539 20 16 100 107 2 1000 1000 0 10
0.166667 0.173651 0.039942 20 17 100 94 2 1000 1000 0 10
0.166667 0.124275 0.031543 20 16 100 114 2 1000 1000 0 10
0.166667 0.185937 0.039109 20 18 100 105 2 1000 1000 0 10
0.166667 0.160381 0.037360 20 18 100 107 2 1000 1000 0 10
0.166667 0.215103 0.040839 20 23 100 107 2 1000 1000 0 10
0.166667 0.155648 0.036093 20 19 100 108 2 1000 1000 0 10
0.166667 0.199429 0.043378 20 21 100 88 2 1000 1000 0 10
0.166667 0.237743 0.041506 20 26 100 106 2 1000 1000 0 10
0.166667 0.215440 0.038530 20 28 100 109 2 1000 1000 0 10
0.166667 0.144479 0.037794 20 15 100 92 2 1000 1000 0 10
0.166667 0.243808 0.042106 20 25 100 99 2 1000 1000 0 10
0.166667 0.145790 0.036815 20 20 100 106 2 1000 1000 0 10
0.166667 0.094463 0.033897 20 11 100 99 2 1000 1000 0 10
0.166667 0.137257 0.033231 20 19 100 115 2 1000 1000 0 10
0.166667 0.157660 0.041391 20 16 100 88 2 1000 1000 0 10
0.166667 0.185304 0.036459 20 24 100 115 2 1000 1000 0 10
0.166667 0.132642 0.036574 20 15 100 97 2 1000 1000 0 10
0.166667 0.201455 0.039591 20 21 100 99 2 1000 1000 0 10
0.166667 0.264802 0.041260 20 34 100 107 2 1000 1000 0 10
0.166667 0.082142 0.028377 20 11 100 118 2 1000 1000 0 10
0.166667 0.228640 0.039840 20 29 100 106 2 1000 1000 0 10
0.166667 0.211797 0.043969 20 20 100 85 2 1000 1000 0 10
0.166667 0.127564 0.037813 20 14 100 94 2 1000 1000 0 10
0.166667 0.203692 0.040160 20 22 100 102 2 1000 1000 0 10
0.166667 0.106678 0.030624 20 14 100 118 2 1000 1000 0 10
0.166667 0.164887 0.035516 20 18 100 118 2 1000 1000 0 10
0.166667 0.174883 0.038613 20 17 100 97 2 1000 1000 0 10
0.166667 0.196709 0.036159 20 27 100 120 2 1000 1000 0 10
0.166667 0.139451 0.035100 20 15 100 110 2 1000 1000 0 10
0.166667 0.170295 0.035296 20 23 100 123 2 1000 1000 0 10
0.166667 0.225807 0.043615 20 18 100 95 2 1000 1000 0 10
0.166667 0.222420 0.040055 20 23 100 105 2 1000 1000 0 10
0.166667 0.167587 0.035568 20 21 100 114 2 1000 1000 0 10
0.166667 0.126673 0.033339 20 15 100 117 2 1000 1000 0 10
0.166667 0.126508 0.035063 20 13 100 100 2 1000 1000 0 10
0.166667 0.160043 0.035554 20 19 100 114 2 1000 1000 0 10
0.166667 0.167823 0.042119 20 17 100 92 2 1000 1000 0 10
0.166667 0.111782 0.032520 20 14 100 112 2 1000 1000 0 10
0.166667 0.225361 0.045577 20 19 100 91 2 1000 1000 0 10
0.166667 0.222922 0.041038 20 24 100 106 2 1000 1000 0 10
0.166667 0.220891 0.040931 20 25 100 99 2 1000 1000 0 10
0.166667 0.183374 0.039159 20 19 100 100 2 1000 1000 0 10
0.166667 0.123849 0.031388 20 19 100 120 2 1000 1000 0 10
0.166667 0.169591 0.037346 20 19 100 108 2 1000 1000 0 10
0.166667 0.149357 0.037681 20 16 100 99 2 1000 1000 0 10
0.166667 0.103061 0.031564 20 13 100 108 2 1000 1000 0 10
0.166667 0.200671 0.040616 20 23 100 100 2 1000 1000 0 10
0.166667 0.135030 0.033477 20 17 100 115 2 1000 1000 0 10
0.166667 0.232724 0.039750 20 29 100 112 2 1000 1000 0 10
0.166667 0.130538 0.035186 20 16 100 106 2 1000 1000 0 10
0.166667 0.182781 0.040892 20 17 100 96 2 1000 1000 0 10
0.166667 0.172592 0.039046 20 18 100 99 2 1000 1000 0 10
0.166667 0.174924 0.038583 20 19 100 103 2 1000 1000 0 10
0.166667 0.153467 0.039863 20 14 100 97 2 1000 1000 0 10
0.166667 0.134798 0.034733 20 16 100 101 2 1000 1000 0 10
0.166667 0.221661 0.038142 20 29 100 110 2 1000 1000 0 10
0.166667 0.212424 0.046925 20 16 100 81 2 1000 1000 0 10
0.166667 0.238586 0.040903 20 26 100 108 2 1000 1000 0 10
0.166667 0.102860 0.033698 20 11 100 99 2 1000 1000 0 10
0.166667 0.283656 0.043270 20 33 100 92 2 1000 1000 0 10
0.166667 0.177586 0.036561 20 22 100 115 2 1000 1000 0 10
0.166667 0.169591 0.039963 20 17 100 88 2 1000 1000 0 10
0.166667 0.173054 0.040806 20 19 100 87 2 1000 1000 0 10
0.166667 0.166964 0.037247 20 19 100 102 2 1000 1000 0 10
0.166667 0.118703 0.036662 20 14 100 99 2 1000 1000 0 10
0.166667 0.184966 0.040808 20 19 100 93 2 1000 1000 0 10
0.166667 0.196466 0.038183 20 28 100 107 2 1000 1000 0 10
0.166667 0.162803 0.037067 20 20 100 103 2 1000 1000 0 10
0.166667 0.184280 0.039428 20 20 100 95 2 1000 1000 0 10
0.166667 0.193301 0.041283 20 23 100 90 2 1000 1000 0 10
0.166667 0.181771 0.042411 20 18 100 86 2 1000 1000 0 10
0.166667 0.148200 0.036531 20 18 100 104 2 1000 1000 0 10
0.166667 0.154155 0.044133 20 12 100 78 2 1000 1000 0 10
0.166667 0.160126 0.037157 20 17 100 102 2 1000 1000 0 10
0.166667 0.213846 0.043569 20 20 100 94 2 1000 1000 0 10
0.166667 0.189274 0.039567 20 22 100 101 2 1000 1000 0 10
0.166667 0.216733 0.042101 20 25 100 97 2 1000 1000 0 10
0.166667 0.252384 0.046628 20 23 100 82 2 1000 1000 0 10
0.166667 0.168726 0.039162 20 20 100 95 2 1000 1000 0 10
0.166667 0.222715 0.041900 20 25 100 97 2 1000 1000 0 10
0.166667 0.179050 0.039212 20 20 100 96 2 1000 1000 0 10
0.166667 0.191244 0.038455 20 23 100 105 2 1000 1000 0 10
0.166667 0.131739 0.034206 20 16 100 108 2 1000 1000 0 10
0.166667 0.165867 0.038442 20 15 100 106 2 1000 1000 0 10
0.166667 0.173653 0.036537 20 22 100 105 2 1000 1000 0 10
0.166667 0.183146 0.039803 20 18 100 107 2 1000 1000 0 10
0.166667 0.169226 0.041171 20 18 100 93 2 1000 1000 0 10
0.166667 0.237435 0.039351 20 29 100 118 2 1000 1000 0 10
0.166667 0.168869 0.039121 20 20 100 100 2 1000 1000 0 10
0.166667 0.157464 0.036392 20 17 100 105 2 1000 1000 0 10
0.166667 0.163188 0.039721 20 19 100 97 2 1000 1000 0 10
0.166667 0.218818 0.042856 20 20 100 93 2 1000 1000 0 10
0.166667 0.222366 0.044940 20 19 100 93 2 1000 1000 0 10
0.166667 0.223295 0.040923 20 22 100 101 2 1000 1000 0 10
0.166667 0.136511 0.037631 20 12 100 93 2 1000 1000 0 10
