0.166667 0.160096 0.011925 200 184 1000 989 1000 1000 0 5
0.166667 0.178192 0.012086 200 206 1000 1005 1000 1000 0 5
0.166667 0.187090 0.012193 200 207 1000 987 1000 1000 0 5
0.166667 0.177048 0.012208 200 187 1000 961 1000 1000 0 5
0.166667 0.180857 0.012032 200 204 1000 1017 1000 1000 0 5
0.166667 0.184573 0.012504 200 207 1000 967 1000 1000 0 5
0.166667 0.199599 0.012559 200 216 1000 992 1000 1000 0 5
0.166667 0.181095 0.012143 200 197 1000 991 1000 1000 0 5
0.166667 0.162494 0.011928 200 187 1000 1013 1000 1000 0 5
0.166667 0.192817 0.012436 200 207 1000 978 1000 1000 0 5
0.166667 0.204664 0.012711 200 235 1000 995 1000 1000 0 5
0.166667 0.157812 0.011706 200 174 1000 1013 1000 1000 0 5
0.166667 0.177726 0.012338 200 207 1000 976 1000 1000 0 5
0.166667 0.164114 0.011752 200 204 1000 1038 1000 1000 0 5
0.166667 0.190271 0.012602 200 209 1000 954 1000 1000 0 5
0.166667 0.168234 0.012041 200 214 1000 1030 1000 1000 0 5
0.166667 0.161846 0.011994 200 172 1000 964 1000 1000 0 5
0.166667 0.166197 0.011757 200 187 1000 1018 1000 1000 0 5
0.166667 0.175075 0.011913 200 197 1000 1001 1000 1000 0 5
0.166667 0.170993 0.012201 200 195 1000 974 1000 1000 0 5
0.166667 0.172832 0.012159 200 203 1000 1000 1000 1000 0 5
0.166667 0.159050 0.011707 200 189 1000 1021 1000 1000 0 5
0.166667 0.171394 0.011572 200 197 1000 1054 1000 1000 0 5
0.166667 0.169242 0.012251 200 209 1000 1005 1000 1000 0 5
0.166667 0.183563 0.012283 200 208 1000 1006 1000 1000 0 5
0.166667 0.179811 0.012353 200 206 1000 998 1000 1000 0 5
0.166667 0.172982 0.011952 200 210 1000 1025 1000 1000 0 5
0.166667 0.179603 0.012251 200 217 1000 1027 1000 1000 0 5
0.166667 0.170943 0.011931 200 186 1000 994 1000 1000 0 5
0.166667 0.185917 0.012123 200 218 1000 1027 1000 1000 0 5
0.166667 0.179093 0.012510 200 204 1000 944 1000 1000 0 5
0.166667 0.171261 0.011968 200 203 1000 1004 1000 1000 0 5
0.166667 0.154291 0.011357 200 184 1000 1068 1000 1000 0 5
0.166667 0.165448 0.012029 200 198 1000 1003 1000 1000 0 5
0.166667 0.166946 0.011961 200 192 1000 1016 1000 1000 0 5
0.166667 0.170936 0.012209 200 197 1000 967 1000 1000 0 5
0.166667 0.158014 0.011902 200 173 1000 986 1000 1000 0 5
0.166667 0.163893 0.012127 200 189 1000 979 1000 1000 0 5
0.166667 0.194466 0.012408 200 212 1000 1007 1000 1000 0 5
0.166667 0.181862 0.012596 200 201 1000 953 1000 1000 0 5
0.166667 0.171603 0.011755 200 208 1000 1051 1000 1000 0 5
0.166667 0.177080 0.012104 200 195 1000 970 1000 1000 0 5
0.166667 0.177998 0.012385 200 190 1000 958 1000 1000 0 5
0.166667 0.162455 0.011554 200 203 1000 1036 1000 1000 0 5
0.166667 0.165330 0.011968 200 186 1000 983 1000 1000 0 5
0.166667 0.169826 0.012382 200 184 1000 954 1000 1000 0 5
0.166667 0.166810 0.011953 200 198 1000 1012 1000 1000 0 5
0.166667 0.180020 0.012241 200 219 1000 1005 1000 1000 0 5
0.166667 0.172653 0.011580 200 204 1000 1058 1000 1000 0 5
0.166667 0.173792 0.012188 200 199 1000 987 1000 1000 0 5
0.166667 0.188811 0.012151 200 220 1000 1044 1000 1000 0 5
0.166667 0.205637 0.012566 200 236 1000 999 1000 1000 0 5
0.166667 0.166871 0.011740 200 198 1000 1030 1000 1000 0 5
0.166667 0.171291 0.012026 200 192 1000 1007 1000 1000 0 5
0.166667 0.170849 0.012580 200 184 1000 920 1000 1000 0 5
0.166667 0.160535 0.012027 200 191 1000 981 1000 1000 0 5
0.166667 0.172207 0.012356 200 185 1000 990 1000 1000 0 5
0.166667 0.169290 0.011966 200 184 1000 1009 1000 1000 0 5
0.166667 0.188134 0.012673 200 211 1000 943 1000 1000 0 5
0.166667 0.153997 0.011413 200 181 1000 1035 1000 1000 0 5
0.166667 0.157541 0.011666 200 178 1000 998 1000 1000 0 5
0.166667 0.169660 0.011864 200 198 1000 1018 1000 1000 0 5
0.166667 0.190560 0.012594 200 226 1000 978 1000 1000 0 5
0.166667 0.192491 0.012372 200 225 1000 989 1000 1000 0 5
0.166667 0.185419 0.012255 200 214 1000 988 1000 1000 0 5
0.166667 0.200695 0.012668 200 221 1000 970 1000 1000 0 5
0.166667 0.172993 0.012155 200 205 1000 985 1000 1000 0 5
0.166667 0.180905 0.012199 200 195 1000 1000 1000 1000 0 5
0.166667 0.196320 0.012876 200 212 1000 941 1000 1000 0 5
0.166667 0.160631 0.011309 200 197 1000 1093 1000 1000 0 5
0.166667 0.177526 0.012355 200 204 1000 988 1000 1000 0 5
0.166667 0.178332 0.012152 200 211 1000 1008 1000 1000 0 5
0.166667 0.162719 0.011585 200 197 1000 1038 1000 1000 0 5
0.166667 0.176705 0.012171 200 207 1000 987 1000 1000 0 5
0.166667 0.163835 0.011667 200 179 1000 1009 1000 1000 0 5
0.166667 0.168808 0.011984 200 191 1000 1002 1000 1000 0 5
0.166667 0.187205 0.012618 200 219 1000 963 1000 1000 0 5
0.166667 0.173448 0.012061 200 197 1000 990 1000 1000 0 5
0.166667 0.167227 0.011437 200 201 1000 1060 1000 1000 0 5
0.166667 0.185940 0.012380 200 205 1000 962 1000 1000 0 5
0.166667 0.186995 0.012302 200 203 1000 982 1000 1000 0 5
0.166667 0.181192 0.012108 200 211 1000 1032 1000 1000 0 5
0.166667 0.178234 0.012186 200 211 1000 995 1000 1000 0 5
0.166667 0.176082 0.012338 200 206 1000 989 1000 1000 0 5
0.166667 0.186275 0.012670 200 196 1000 961 1000 1000 0 5
0.166667 0.180098 0.012361 200 209 1000 974 1000 1000 0 5
0.166667 0.190041 0.012552 200 197 1000 937 1000 1000 0 5
0.166667 0.196197 0.012851 200 223 1000 982 1000 1000 0 5
0.166667 0.175105 0.012294 200 194 1000 972 1000 1000 0 5
0.166667 0.173592 0.011967 200 197 1000 1006 1000 1000 0 5
0.166667 0.182100 0.012294 200 210 1000 1009 1000 1000 0 5
0.166667 0.185248 0.012353 200 203 1000 968 1000 1000 0 5
0.166667 0.170156 0.011891 200 177 1000 1017 1000 1000 0 5
0.166667 0.181812 0.012538 200 207 1000 969 1000 1000 0 5
0.166667 0.174416 0.012110 200 202 1000 1019 1000 1000 0 5
0.166667 0.147507 0.011985 200 166 1000 957 1000 1000 0 5
0.166667 0.160798 0.011802 200 181 1000 1022 1000 1000 0 5
0.166667 0.191664 0.012394 200 226 1000 992 1000 1000 0 5
0.166667 0.153625 0.011644 200 183 1000 1031 1000 1000 0 5
0.166667 0.171865 0.012105 200 194 1000 984 1000 1000 0 5
0.166667 0.187033 0.011964 200 215 1000 1041 1000 1000 0 5
0.166667 0.183760 0.012338 200 206 1000 1024 1000 1000 0 5
0.166667 0.180128 0.012207 200 209 1000 1003 1000 1000 0 5
0.166667 0.175041 0.011949 200 209 1000 1017 1000 1000 0 5
0.166667 0.176537 0.011951 200 209 1000 1008 1000 1000 0 5
0.166667 0.171390 0.011977 200 196 1000 1010 1000 1000 0 5
0.166667 0.187854 0.012074 200 225 1000 1017 1000 1000 0 5
0.166667 0.177306 0.012395 200 204 1000 974 1000 1000 0 5
0.166667 0.174839 0.012188 200 200 1000 1001 1000 1000 0 5
0.166667 0.204028 0.012444 200 242 1000 1019 1000 1000 0 5
0.166667 0.148134 0.011440 200 160 1000 1019 1000 1000 0 5
0.166667 0.176963 0.012166 200 197 1000 990 1000 1000 0 5
0.166667 0.177830 0.011969 200 197 1000 1003 1000 1000 0 5
0.166667 0.173639 0.012419 200 187 1000 933 1000 1000 0 5
0.166667 0.174134 0.011810 200 215 1000 1062 1000 1000 0 5
0.166667 0.159647 0.011757 200 194 1000 1029 1000 1000 0 5
0.166667 0.171714 0.011819 200 194 1000 1042 1000 1000 0 5
0.166667 0.166235 0.011822 200 209 1000 1062 1000 1000 0 5
0.166667 0.167606 0.011784 200 192 1000 1027 1000 1000 0 5
0.166667 0.164009 0.011612 200 184 1000 1038 1000 1000 0 5
0.166667 0.177922 0.012381 200 199 1000 975 1000 1000 0 5
0.166667 0.167012 0.012031 200 196 1000 993 1000 1000 0 5
0.166667 0.188993 0.012599 200 201 1000 963 1000 1000 0 5
0.166667 0.184151 0.012284 200 217 1000 983 1000 1000 0 5
0.166667 0.193279 0.012105 200 223 1000 1014 1000 1000 0 5
0.166667 0.169222 0.011911 200 175 1000 993 1000 1000 0 5
0.166667 0.167847 0.011931 200 195 1000 1015 1000 1000 0 5
0.166667 0.194604 0.012547 200 211 1000 999 1000 1000 0 5
0.166667 0.168975 0.011711 200 190 1000 1020 1000 1000 0 5
0.166667 0.186918 0.012310 200 216 1000 1016 1000 1000 0 5
0.166667 0.184097 0.011931 200 220 1000 1039 1000 1000 0 5
0.166667 0.191453 0.012672 200 214 1000 975 1000 1000 0 5
0.166667 0.173961 0.012001 200 188 1000 1005 1000 1000 0 5
0.166667 0.153854 0.011396 200 183 1000 1034 1000 1000 0 5
0.166667 0.162435 0.011663 200 206 1000 1039 1000 1000 0 5
0.166667 0.189982 0.012353 200 211 1000 992 1000 1000 0 5
0.166667 0.171256 0.012209 200 199 1000 1004 1000 1000 0 5
0.166667 0.159455 0.011717 200 174 1000 1021 1000 1000 0 5
0.166667 0.182792 0.012466 200 196 1000 940 1000 1000 0 5
0.166667 0.188273 0.012430 200 224 1000 998 1000 1000 0 5
0.166667 0.158486 0.011823 200 192 1000 1042 1000 1000 0 5
0.166667 0.199052 0.012727 200 214 1000 974 1000 1000 0 5
0.166667 0.165395 0.011995 200 187 1000 984 1000 1000 0 5
0.166667 0.187811 0.012543 200 215 1000 961 1000 1000 0 5
0.166667 0.174607 0.011879 200 220 1000 1040 1000 1000 0 5
0.166667 0.195080 0.012297 200 227 1000 1046 1000 1000 0 5
0.166667 0.184617 0.012437 200 208 1000 1003 1000 1000 0 5
0.166667 0.170636 0.011780 200 202 1000 1012 1000 1000 0 5
0.166667 0.176424 0.012116 200 194 1000 986 1000 1000 0 5
0.166667 0.170878 0.011865 200 216 1000 1042 1000 1000 0 5
0.166667 0.178828 0.012395 200 198 1000 969 1000 1000 0 5
0.166667 0.179401 0.012081 200 198 1000 984 1000 1000 0 5
0.166667 0.191087 0.012237 200 216 1000 1000 1000 1000 0 5
0.166667 0.174759 0.012347 200 192 1000 958 1000 1000 0 5
0.166667 0.169242 0.012344 200 178 1000 973 1000 1000 0 5
0.166667 0.179834 0.012261 200 208 1000 1007 1000 1000 0 5
0.166667 0.170308 0.012189 200 189 1000 979 1000 1000 0 5
0.166667 0.192418 0.012410 200 209 1000 1018 1000 1000 0 5
0.166667 0.180496 0.012054 200 205 1000 1015 1000 1000 0 5
0.166667 0.189242 0.012135 200 198 1000 1012 1000 1000 0 5
0.166667 0.176480 0.011946 200 198 1000 1015 1000 1000 0 5
0.166667 0.193054 0.012427 200 203 1000 978 1000 1000 0 5
0.166667 0.180734 0.012308 200 190 1000 971 1000 1000 0 5
0.166667 0.152747 0.011675 200 170 1000 1014 1000 1000 0 5
0.166667 0.189314 0.012302 200 209 1000 991 1000 1000 0 5
0.166667 0.143303 0.011566 200 175 1000 1000 1000 1000 0 5
0.166667 0.178951 0.012264 200 200 1000 978 1000 1000 0 5
0.166667 0.148063 0.011164 200 182 1000 1068 1000 1000 0 5
0.166667 0.160011 0.011329 200 181 1000 1066 1000 1000 0 5
0.166667 0.193008 0.012699 200 205 1000 955 1000 1000 0 5
0.166667 0.162686 0.012217 200 192 1000 969 1000 1000 0 5
0.166667 0.168687 0.012420 200 184 1000 939 1000 1000 0 5
0.166667 0.169092 0.011991 200 184 1000 997 1000 1000 0 5
0.166667 0.208336 0.012721 200 242 1000 960 1000 1000 0 5
0.166667 0.174084 0.011855 200 185 1000 1028 1000 1000 0 5
0.166667 0.174813 0.012167 200 204 1000 1006 1000 1000 0 5
0.166667 0.147183 0.011845 200 162 1000 1010 1000 1000 0 5
0.166667 0.196458 0.012567 200 217 1000 974 1000 1000 0 5
0.166667 0.162801 0.011949 200 188 1000 1025 1000 1000 0 5
0.166667 0.166972 0.011555 200 187 1000 1040 1000 1000 0 5
0.166667 0.174288 0.011856 200 208 1000 1022 1000 1000 0 5
0.166667 0.169256 0.012148 200 183 1000 989 1000 1000 0 5
0.166667 0.172705 0.011986 200 199 1000 1007 1000 1000 0 5
0.166667 0.180148 0.012390 200 206 1000 1001 1000 1000 0 5
0.166667 0.185098 0.012418 200 223 1000 1014 1000 1000 0 5
0.166667 0.166434 0.012504 200 181 1000 943 1000 1000 0 5
0.166667 0.191228 0.012250 200 214 1000 1004 1000 1000 0 5
0.166667 0.185626 0.012424 200 203 1000 966 1000 1000 0 5
0.166667 0.174020 0.012367 200 203 1000 974 1000 1000 0 5
0.166667 0.172946 0.012032 200 206 1000 1020 1000 1000 0 5
0.166667 0.185023 0.012743 200 196 1000 958 1000 1000 0 5
0.166667 0.163638 0.011680 200 200 1000 1026 1000 1000 0 5
0.166667 0.169469 0.012299 200 205 1000 978 1000 1000 0 5
0.166667 0.183049 0.012249 200 210 1000 988 1000 1000 0 5
0.166667 0.193438 0.012807 200 214 1000 958 1000 1000 0 5
0.166667 0.188029 0.012357 200 215 1000 998 1000 1000 0 5
0.166667 0.184124 0.012383 200 207 1000 971 1000 1000 0 5
0.166667 0.174163 0.012402 200 200 1000 978 1000 1000 0 5
0.166667 0.168025 0.011716 200 214 1000 1032 1000 1000 0 5
0.166667 0.173397 0.012086 200 194 1000 974 1000 1000 0 5
0.166667 0.174064 0.011828 200 207 1000 1020 1000 1000 0 5
0.166667 0.184979 0.012635 200 203 1000 959 1000 1000 0 5
0.166667 0.175523 0.012179 200 212 1000 1012 1000 1000 0 5
0.166667 0.188962 0.012475 200 209 1000 953 1000 1000 0 5
0.166667 0.169984 0.012020 200 189 1000 1018 1000 1000 0 5
0.166667 0.185732 0.012500 200 213 1000 967 1000 1000 0 5
0.166667 0.167810 0.012006 200 201 1000 982 1000 1000 0 5
0.166667 0.174421 0.012064 200 204 1000 1017 1000 1000 0 5
0.166667 0.183303 0.012429 200 207 1000 986 1000 1000 0 5
0.166667 0.217386 0.012798 200 244 1000 990 1000 1000 0 5
0.166667 0.174260 0.012413 200 199 1000 949 1000 1000 0 5
0.166667 0.180635 0.012342 200 207 1000 969 1000 1000 0 5
0.166667 0.168982 0.011822 200 204 1000 1021 1000 1000 0 5
0.166667 0.177773 0.012119 200 199 1000 969 1000 1000 0 5
0.166667 0.183228 0.012040 200 206 1000 1020 1000 1000 0 5
0.166667 0.167114 0.011640 200 189 1000 1037 1000 1000 0 5
0.166667 0.210700 0.013290 200 224 1000 912 1000 1000 0 5
0.166667 0.179483 0.012184 200 217 1000 984 1000 1000 0 5
0.166667 0.172779 0.011918 200 184 1000 1009 1000 1000 0 5
0.166667 0.186225 0.012330 200 207 1000 999 1000 1000 0 5
0.166667 0.184032 0.012027 200 223 1000 1031 1000 1000 0 5
0.166667 0.163607 0.011853 200 194 1000 1038 1000 1000 0 5
0.166667 0.169656 0.012397 200 198 1000 972 1000 1000 0 5
0.166667 0.173801 0.011878 200 210 1000 1056 1000 1000 0 5
0.166667 0.162891 0.011727 200 189 1000 1005 1000 1000 0 5
0.166667 0.174576 0.012232 200 188 1000 959 1000 1000 0 5
0.166667 0.187786 0.012345 200 224 1000 1014 1000 1000 0 5
0.166667 0.175119 0.011964 200 192 1000 996 1000 1000 0 5
0.166667 0.167594 0.011803 200 195 1000 1003 1000 1000 0 5
0.166667 0.180799 0.012012 200 216 1000 1012 1000 1000 0 5
0.166667 0.171808 0.012213 200 185 1000 982 1000 1000 0 5
0.166667 0.168802 0.012070 200 197 1000 1002 1000 1000 0 5
0.166667 0.168297 0.012024 200 199 1000 1002 1000 1000 0 5
0.166667 0.173404 0.012161 200 199 1000 993 1000 1000 0 5
0.166667 0.179832 0.012428 200 201 1000 989 1000 1000 0 5
0.166667 0.176719 0.012388 200 191 1000 982 1000 1000 0 5
0.166667 0.182516 0.012505 200 198 1000 962 1000 1000 0 5
0.166667 0.156101 0.012055 200 180 1000 987 1000 1000 0 5
0.166667 0.162236 0.011695 200 173 1000 1012 1000 1000 0 5
0.166667 0.189091 0.012569 200 196 1000 963 1000 1000 0 5
0.166667 0.162448 0.011668 200 193 1000 1037 1000 1000 0 5
0.166667 0.171279 0.012145 200 196 1000 981 1000 1000 0 5
0.166667 0.176088 0.012047 200 210 1000 1012 1000 1000 0 5
0.166667 0.206142 0.012621 200 238 1000 992 1000 1000 0 5
0.166667 0.166972 0.011388 200 194 1000 1072 1000 1000 0 5
0.166667 0.149602 0.011442 200 193 1000 1032 1000 1000 0 5
0.166667 0.174327 0.012097 200 192 1000 995 1000 1000 0 5
0.166667 0.173317 0.012113 200 195 1000 977 1000 1000 0 5
0.166667 0.178039 0.012283 200 195 1000 967 1000 1000 0 5
0.166667 0.175638 0.012234 200 195 1000 998 1000 1000 0 5
0.166667 0.171395 0.012017 200 213 1000 1023 1000 1000 0 5
0.166667 0.142952 0.011333 200 167 1000 1024 1000 1000 0 5
0.166667 0.172842 0.012059 200 201 1000 1010 1000 1000 0 5
0.166667 0.165195 0.011900 200 188 1000 1010 1000 1000 0 5
0.166667 0.188530 0.012661 200 218 1000 966 1000 1000 0 5
0.166667 0.180568 0.012391 200 209 1000 966 1000 1000 0 5
0.166667 0.172051 0.012275 200 187 1000 982 1000 1000 0 5
0.166667 0.164306 0.012199 200 184 1000 963 1000 1000 0 5
0.166667 0.169223 0.011953 200 182 1000 1012 1000 1000 0 5
0.166667 0.165919 0.011856 200 190 1000 1025 1000 1000 0 5
0.166667 0.165373 0.012294 200 188 1000 965 1000 1000 0 5
0.166667 0.183180 0.012153 200 200 1000 987 1000 1000 0 5
0.166667 0.172811 0.012380 200 192 1000 954 1000 1000 0 5
0.166667 0.160537 0.012092 200 179 1000 991 1000 1000 0 5
0.166667 0.137004 0.011478 200 179 1000 1007 1000 1000 0 5
0.166667 0.162740 0.012170 200 193 1000 978 1000 1000 0 5
0.166667 0.166932 0.011734 200 201 1000 1049 1000 1000 0 5
0.166667 0.160128 0.011462 200 197 1000 1070 1000 1000 0 5
0.166667 0.162106 0.011927 200 186 1000 1016 1000 1000 0 5
0.166667 0.156749 0.011614 200 187 1000 1032 1000 1000 0 5
0.166667 0.183489 0.012670 200 201 1000 945 1000 1000 0 5
0.166667 0.180935 0.011978 200 194 1000 1003 1000 1000 0 5
0.166667 0.179013 0.012177 200 194 1000 1027 1000 1000 0 5
0.166667 0.177193 0.012119 200 223 1000 1042 1000 1000 0 5
0.166667 0.178213 0.012089 200 208 1000 1017 1000 1000 0 5
0.166667 0.167481 0.011780 200 197 1000 1033 1000 1000 0 5
0.166667 0.178485 0.012383 200 209 1000 993 1000 1000 0 5
0.166667 0.175724 0.012191 200 192 1000 983 1000 1000 0 5
0.166667 0.177481 0.012256 200 191 1000 979 1000 1000 0 5
0.166667 0.184801 0.012108 200 213 1000 1006 1000 1000 0 5
0.166667 0.191222 0.012192 200 226 1000 1037 1000 1000 0 5
0.166667 0.164366 0.011789 200 183 1000 1013 1000 1000 0 5
0.166667 0.181485 0.012097 200 207 1000 1030 1000 1000 0 5
0.166667 0.179999 0.012093 200 208 1000 1032 1000 1000 0 5
0.166667 0.191773 0.012392 200 211 1000 1005 1000 1000 0 5
0.166667 0.178026 0.012292 200 193 1000 956 1000 1000 0 5
0.166667 0.191097 0.012720 200 216 1000 965 1000 1000 0 5
0.166667 0.194053 0.012444 200 218 1000 1017 1000 1000 0 5
0.166667 0.190267 0.012016 200 215 1000 1054 1000 1000 0 5
0.166667 0.189659 0.012406 200 200 1000 996 1000 1000 0 5
0.166667 0.168753 0.011970 200 204 1000 1019 1000 1000 0 5
0.166667 0.178035 0.012337 200 211 1000 986 1000 1000 0 5
0.166667 0.162644 0.011886 200 186 1000 1003 1000 1000 0 5
0.166667 0.164269 0.011845 200 185 1000 1016 1000 1000 0 5
0.166667 0.164927 0.011864 200 185 1000 994 1000 1000 0 5
0.166667 0.152254 0.011459 200 178 1000 1047 1000 1000 0 5
0.166667 0.165527 0.011968 200 177 1000 950 1000 1000 0 5
0.166667 0.183163 0.012244 200 210 1000 1006 1000 1000 0 5
0.166667 0.170384 0.012049 200 206 1000 970 1000 1000 0 5
0.166667 0.191384 0.012476 200 210 1000 989 1000 1000 0 5
0.166667 0.177727 0.012047 200 199 1000 993 1000 1000 0 5
0.166667 0.177981 0.012351 200 199 1000 981 1000 1000 0 5
0.166667 0.154656 0.011348 200 188 1000 1058 1000 1000 0 5
0.166667 0.180332 0.012039 200 202 1000 1008 1000 1000 0 5
0.166667 0.181650 0.012282 200 199 1000 1007 1000 1000 0 5
0.166667 0.172116 0.012095 200 194 1000 1000 1000 1000 0 5
0.166667 0.168695 0.011982 200 193 1000 987 1000 1000 0 5
0.166667 0.176097 0.012038 200 200 1000 1013 1000 1000 0 5
0.166667 0.176115 0.012159 200 195 1000 1027 1000 1000 0 5
0.166667 0.173817 0.012090 200 206 1000 1011 1000 1000 0 5
0.166667 0.182090 0.012210 200 201 1000 997 1000 1000 0 5
0.166667 0.182481 0.012224 200 203 1000 994 1000 1000 0 5
0.166667 0.170770 0.011751 200 194 1000 1023 1000 1000 0 5
0.166667 0.160498 0.011725 200 192 1000 1024 1000 1000 0 5
0.166667 0.186235 0.012448 200 214 1000 963 1000 1000 0 5
0.166667 0.168313 0.012234 200 190 1000 959 1000 1000 0 5
0.166667 0.178089 0.011948 200 195 1000 1010 1000 1000 0 5
0.166667 0.169057 0.011742 200 203 1000 1006 1000 1000 0 5
0.166667 0.164187 0.011837 200 178 1000 1040 1000 1000 0 5
0.166667 0.174763 0.012159 200 199 1000 1004 1000 1000 0 5
0.166667 0.192609 0.012200 200 209 1000 999 1000 1000 0 5
0.166667 0.170363 0.012038 200 194 1000 991 1000 1000 0 5
0.166667 0.155624 0.011509 200 168 1000 1013 1000 1000 0 5
0.166667 0.164099 0.011862 200 191 1000 1001 1000 1000 0 5
0.166667 0.169891 0.011808 200 189 1000 995 1000 1000 0 5
0.166667 0.177376 0.012716 200 193 1000 933 1000 1000 0 5
0.166667 0.173716 0.012208 200 203 1000 1012 1000 1000 0 5
0.166667 0.177738 0.012118 200 215 1000 988 1000 1000 0 5
0.166667 0.160893 0.011612 200 185 1000 1050 1000 1000 0 5
0.166667 0.146250 0.011348 200 165 1000 1036 1000 1000 0 5
0.166667 0.186761 0.012283 200 210 1000 996 1000 1000 0 5
0.166667 0.168758 0.011580 200 203 1000 1048 1000 1000 0 5
0.166667 0.178512 0.011738 200 206 1000 1045 1000 1000 0 5
0.166667 0.169788 0.011980 200 194 1000 977 1000 1000 0 5
0.166667 0.164638 0.011968 200 198 1000 1015 1000 1000 0 5
0.166667 0.194655 0.012318 200 225 1000 1017 1000 1000 0 5
0.166667 0.201642 0.012643 200 232 1000 975 1000 1000 0 5
0.166667 0.146630 0.011816 200 169 1000 935 1000 1000 0 5
0.166667 0.180779 0.011893 200 215 1000 1045 1000 1000 0 5
0.166667 0.151632 0.011552 200 187 1000 1034 1000 1000 0 5
0.166667 0.169878 0.012264 200 205 1000 981 1000 1000 0 5
0.166667 0.185895 0.012111 200 208 1000 1037 1000 1000 0 5
0.166667 0.160356 0.011691 200 191 1000 1011 1000 1000 0 5
0.166667 0.174951 0.012555 200 184 1000 968 1000 1000 0 5
0.166667 0.175955 0.012345 200 200 1000 964 1000 1000 0 5
0.166667 0.185545 0.012629 200 209 1000 969 1000 1000 0 5
0.166667 0.188591 0.012275 200 216 1000 1007 1000 1000 0 5
0.166667 0.164933 0.011758 200 205 1000 1031 1000 1000 0 5
0.166667 0.173833 0.012664 200 204 1000 942 1000 1000 0 5
0.166667 0.189940 0.012479 200 205 1000 964 1000 1000 0 5
0.166667 0.195719 0.012974 200 218 1000 945 1000 1000 0 5
0.166667 0.180610 0.012250 200 194 1000 989 1000 1000 0 5
0.166667 0.184671 0.012383 200 190 1000 981 1000 1000 0 5
0.166667 0.160950 0.012068 200 176 1000 985 1000 1000 0 5
0.166667 0.165070 0.011692 200 201 1000 1043 1000 1000 0 5
0.166667 0.167333 0.012026 200 194 1000 970 1000 1000 0 5
0.166667 0.170952 0.011905 200 202 1000 992 1000 1000 0 5
0.166667 0.157384 0.012214 200 182 1000 985 1000 1000 0 5
0.166667 0.188821 0.012283 200 201 1000 983 1000 1000 0 5
0.166667 0.179889 0.012120 200 204 1000 994 1000 1000 0 5
0.166667 0.161260 0.011713 200 189 1000 1041 1000 1000 0 5
0.166667 0.202528 0.012995 200 226 1000 961 1000 1000 0 5
0.166667 0.180869 0.012092 200 209 1000 1011 1000 1000 0 5
0.166667 0.161189 0.011772 200 191 1000 1033 1000 1000 0 5
0.166667 0.165439 0.011761 200 183 1000 1010 1000 1000 0 5
0.166667 0.176946 0.012231 200 191 1000 1000 1000 1000 0 5
0.166667 0.174565 0.011869 200 194 1000 1032 1000 1000 0 5
0.166667 0.166174 0.011758 200 189 1000 1026 1000 1000 0 5
0.166667 0.165528 0.011859 200 187 1000 1012 1000 1000 0 5
0.166667 0.166251 0.011717 200 183 1000 1034 1000 1000 0 5
0.166667 0.164828 0.011437 200 185 1000 1062 1000 1000 0 5
0.166667 0.196049 0.012306 200 223 1000 1008 1000 1000 0 5
0.166667 0.162530 0.011878 200 197 1000 999 1000 1000 0 5
0.166667 0.197342 0.012256 200 216 1000 1012 1000 1000 0 5
0.166667 0.191661 0.012249 200 230 1000 1001 1000 1000 0 5
0.166667 0.179093 0.011931 200 192 1000 1013 1000 1000 0 5
0.166667 0.190849 0.012057 200 225 1000 1030 1000 1000 0 5
0.166667 0.169364 0.011981 200 196 1000 997 1000 1000 0 5
0.166667 0.171286 0.011835 200 190 1000 1017 1000 1000 0 5
0.166667 0.170677 0.012442 200 200 1000 943 1000 1000 0 5
0.166667 0.169270 0.012072 200 194 1000 1015 1000 1000 0 5
0.166667 0.160568 0.011896 200 207 1000 1028 1000 1000 0 5
0.166667 0.162248 0.011664 200 184 1000 1052 1000 1000 0 5
0.166667 0.178746 0.012258 200 200 1000 973 1000 1000 0 5
0.166667 0.190277 0.012249 200 223 1000 1041 1000 1000 0 5
0.166667 0.163933 0.011971 200 184 1000 1002 1000 1000 0 5
0.166667 0.184840 0.012745 200 199 1000 941 1000 1000 0 5
0.166667 0.186781 0.012416 200 210 1000 992 1000 1000 0 5
0.166667 0.183437 0.012642 200 195 1000 963 1000 1000 0 5
0.166667 0.182420 0.012189 200 211 1000 1028 1000 1000 0 5
0.166667 0.186323 0.012337 200 204 1000 962 1000 1000 0 5
0.166667 0.173658 0.011650 200 212 1000 1042 1000 1000 0 5
0.166667 0.172364 0.012073 200 193 1000 984 1000 1000 0 5
0.166667 0.167751 0.011934 200 198 1000 1016 1000 1000 0 5
0.166667 0.174958 0.011951 200 203 1000 1042 1000 1000 0 5
0.166667 0.154727 0.011616 200 173 1000 992 1000 1000 0 5
0.166667 0.172714 0.011902 200 192 1000 1036 1000 1000 0 5
0.166667 0.153736 0.011631 200 171 1000 1003 1000 1000 0 5
0.166667 0.193658 0.012153 200 227 1000 1044 1000 1000 0 5
0.166667 0.167850 0.011407 200 203 1000 1068 1000 1000 0 5
0.166667 0.184212 0.012569 200 216 1000 960 1000 1000 0 5
0.166667 0.179023 0.012083 200 205 1000 984 1000 1000 0 5
0.166667 0.160509 0.012053 200 195 1000 994 1000 1000 0 5
0.166667 0.167988 0.012088 200 195 1000 1008 1000 1000 0 5
0.166667 0.184113 0.012327 200 205 1000 981 1000 1000 0 5
0.166667 0.161907 0.011896 200 183 1000 988 1000 1000 0 5
0.166667 0.147438 0.011472 200 197 1000 1062 1000 1000 0 5
0.166667 0.154611 0.011737 200 187 1000 1016 1000 1000 0 5
0.166667 0.180833 0.012038 200 204 1000 1032 1000 1000 0 5
0.166667 0.192930 0.012453 200 216 1000 1006 1000 1000 0 5
0.166667 0.187762 0.012482 200 201 1000 959 1000 1000 0 5
0.166667 0.200486 0.012559 200 233 1000 983 1000 1000 0 5
0.166667 0.170850 0.011972 200 198 1000 1031 1000 1000 0 5
0.166667 0.180674 0.012221 200 199 1000 969 1000 1000 0 5
0.166667 0.179697 0.011861 200 222 1000 1034 1000 1000 0 5
0.166667 0.172474 0.011734 200 202 1000 1058 1000 1000 0 5
0.166667 0.173912 0.012054 200 205 1000 1006 1000 1000 0 5
0.166667 0.180178 0.012091 200 199 1000 1027 1000 1000 0 5
0.166667 0.173600 0.012118 200 202 1000 998 1000 1000 0 5
0.166667 0.170710 0.012299 200 198 1000 979 1000 1000 0 5
0.166667 0.188012 0.012104 200 211 1000 1021 1000 1000 0 5
0.166667 0.183797 0.012345 200 211 1000 975 1000 1000 0 5
0.166667 0.194899 0.012601 200 230 1000 982 1000 1000 0 5
0.166667 0.184863 0.012171 200 199 1000 995 1000 1000 0 5
0.166667 0.180772 0.011996 200 206 1000 1037 1000 1000 0 5
0.166667 0.155159 0.011469 200 191 1000 1031 1000 1000 0 5
0.166667 0.193469 0.012986 200 210 1000 919 1000 1000 0 5
0.166667 0.175811 0.011938 200 182 1000 999 1000 1000 0 5
0.166667 0.163622 0.011959 200 186 1000 996 1000 1000 0 5
0.166667 0.152101 0.011905 200 174 1000 1010 1000 1000 0 5
0.166667 0.183339 0.012552 200 204 1000 968 1000 1000 0 5
0.166667 0.186355 0.012403 200 204 1000 969 1000 1000 0 5
0.166667 0.178388 0.012371 200 197 1000 969 1000 1000 0 5
0.166667 0.162773 0.011867 200 198 1000 1025 1000 1000 0 5
0.166667 0.178643 0.012097 200 216 1000 1009 1000 1000 0 5
0.166667 0.178900 0.012277 200 200 1000 977 1000 1000 0 5
0.166667 0.187567 0.012265 200 203 1000 986 1000 1000 0 5
0.166667 0.207812 0.012556 200 223 1000 992 1000 1000 0 5
0.166667 0.164363 0.011966 200 188 1000 1018 1000 1000 0 5
0.166667 0.184001 0.012199 200 227 1000 1009 1000 1000 0 5
0.166667 0.162846 0.011686 200 190 1000 995 1000 1000 0 5
0.166667 0.192659 0.011897 200 226 1000 1068 1000 1000 0 5
0.166667 0.146063 0.011427 200 172 1000 1042 1000 1000 0 5
0.166667 0.158410 0.011848 200 168 1000 997 1000 1000 0 5
0.166667 0.157597 0.012204 200 175 1000 972 1000 1000 0 5
0.166667 0.173528 0.012067 200 201 1000 999 1000 1000 0 5
0.166667 0.170418 0.012516 200 192 1000 946 1000 1000 0 5
0.166667 0.150305 0.011906 200 162 1000 995 1000 1000 0 5
0.166667 0.164463 0.011594 200 203 1000 1056 1000 1000 0 5
0.166667 0.172980 0.012080 200 189 1000 950 1000 1000 0 5
0.166667 0.171648 0.012237 200 184 1000 979 1000 1000 0 5
0.166667 0.153349 0.011654 200 190 1000 1051 1000 1000 0 5
0.166667 0.176650 0.011844 200 220 1000 1063 1000 1000 0 5
0.166667 0.166763 0.012064 200 203 1000 997 1000 1000 0 5
0.166667 0.177855 0.012150 200 209 1000 974 1000 1000 0 5
0.166667 0.216256 0.013074 200 230 1000 941 1000 1000 0 5
0.166667 0.173174 0.012130 200 195 1000 975 1000 1000 0 5
0.166667 0.190128 0.012240 200 215 1000 1012 1000 1000 0 5
0.166667 0.176643 0.012517 200 196 1000 982 1000 1000 0 5
0.166667 0.166832 0.012023 200 194 1000 1002 1000 1000 0 5
0.166667 0.188829 0.012383 200 215 1000 987 1000 1000 0 5
0.166667 0.196937 0.012694 200 216 1000 974 1000 1000 0 5
0.166667 0.166911 0.012026 200 194 1000 1012 1000 1000 0 5
0.166667 0.181798 0.012056 200 224 1000 1020 1000 1000 0 5
0.166667 0.192217 0.012639 200 201 1000 947 1000 1000 0 5
0.166667 0.188023 0.012341 200 218 1000 988 1000 1000 0 5
0.166667 0.156829 0.011329 200 181 1000 1090 1000 1000 0 5
0.166667 0.175190 0.012063 200 200 1000 1003 1000 1000 0 5
0.166667 0.181159 0.012382 200 206 1000 968 1000 1000 0 5
0.166667 0.148821 0.011521 200 170 1000 1034 1000 1000 0 5
0.166667 0.166959 0.012052 200 202 1000 986 1000 1000 0 5
0.166667 0.184046 0.012414 200 206 1000 984 1000 1000 0 5
0.166667 0.168945 0.012479 200 192 1000 1004 1000 1000 0 5
0.166667 0.163741 0.011752 200 199 1000 1055 1000 1000 0 5
0.166667 0.172535 0.011808 200 214 1000 1041 1000 1000 0 5
0.166667 0.193523 0.012733 200 219 1000 954 1000 1000 0 5
0.166667 0.172187 0.012355 200 188 1000 957 1000 1000 0 5
0.166667 0.171543 0.012138 200 197 1000 992 1000 1000 0 5
0.166667 0.177250 0.012391 200 214 1000 985 1000 1000 0 5
0.166667 0.187985 0.012227 200 220 1000 997 1000 1000 0 5
0.166667 0.190245 0.012340 200 204 1000 990 1000 1000 0 5
0.166667 0.189481 0.012214 200 227 1000 1033 1000 1000 0 5
0.166667 0.173776 0.012042 200 196 1000 1009 1000 1000 0 5
0.166667 0.181941 0.012483 200 203 1000 968 1000 1000 0 5
0.166667 0.187635 0.012376 200 205 1000 949 1000 1000 0 5
0.166667 0.164919 0.011971 200 184 1000 1010 1000 1000 0 5
0.166667 0.172345 0.012158 200 194 1000 972 1000 1000 0 5
0.166667 0.189785 0.012537 200 229 1000 980 1000 1000 0 5
0.166667 0.166783 0.012190 200 170 1000 965 1000 1000 0 5
0.166667 0.166712 0.011932 200 187 1000 981 1000 1000 0 5
0.166667 0.165355 0.012170 200 191 1000 962 1000 1000 0 5
0.166667 0.169398 0.012425 200 187 1000 950 1000 1000 0 5
0.166667 0.176503 0.012154 200 208 1000 1002 1000 1000 0 5
0.166667 0.181601 0.012057 200 209 1000 999 1000 1000 0 5
0.166667 0.166167 0.011741 200 195 1000 1014 1000 1000 0 5
0.166667 0.161414 0.012218 200 188 1000 956 1000 1000 0 5
0.166667 0.178118 0.012192 200 218 1000 996 1000 1000 0 5
0.166667 0.167016 0.011951 200 202 1000 1036 1000 1000 0 5
0.166667 0.166715 0.011673 200 205 1000 1052 1000 1000 0 5
0.166667 0.169933 0.011897 200 194 1000 991 1000 1000 0 5
0.166667 0.161589 0.011896 200 181 1000 1013 1000 1000 0 5
0.166667 0.163820 0.011810 200 191 1000 1035 1000 1000 0 5
0.166667 0.156649 0.011739 200 182 1000 1037 1000 1000 0 5
0.166667 0.171434 0.012037 200 209 1000 1036 1000 1000 0 5
0.166667 0.181800 0.012341 200 200 1000 993 1000 1000 0 5
0.166667 0.156499 0.011588 200 199 1000 1059 1000 1000 0 5
0.166667 0.171994 0.012011 200 209 1000 1016 1000 1000 0 5
0.166667 0.177274 0.012249 200 204 1000 1025 1000 1000 0 5
0.166667 0.178210 0.012353 200 198 1000 978 1000 1000 0 5
0.166667 0.154596 0.011859 200 184 1000 998 1000 1000 0 5
0.166667 0.179775 0.012392 200 201 1000 964 1000 1000 0 5
0.166667 0.190259 0.012654 200 212 1000 960 1000 1000 0 5
0.166667 0.193232 0.012599 200 215 1000 953 1000 1000 0 5
0.166667 0.167353 0.012132 200 202 1000 992 1000 1000 0 5
0.166667 0.152207 0.011713 200 166 1000 981 1000 1000 0 5
0.166667 0.163673 0.012179 200 187 1000 961 1000 1000 0 5
0.166667 0.176244 0.012179 200 206 1000 1002 1000 1000 0 5
0.166667 0.161709 0.012096 200 183 1000 976 1000 1000 0 5
0.166667 0.194082 0.012871 200 199 1000 931 1000 1000 0 5
0.166667 0.157952 0.011549 200 186 1000 1037 1000 1000 0 5
0.166667 0.168193 0.011933 200 186 1000 995 1000 1000 0 5
0.166667 0.177167 0.012587 200 197 1000 983 1000 1000 0 5
0.166667 0.218934 0.013028 200 245 1000 934 1000 1000 0 5
0.166667 0.166150 0.011866 200 186 1000 1035 1000 1000 0 5
0.166667 0.162831 0.011738 200 203 1000 1073 1000 1000 0 5
0.166667 0.167692 0.012273 200 186 1000 974 1000 1000 0 5
0.166667 0.174964 0.012267 200 208 1000 975 1000 1000 0 5
0.166667 0.179702 0.012452 200 194 1000 965 1000 1000 0 5
0.166667 0.188521 0.012091 200 233 1000 1063 1000 1000 0 5
0.166667 0.184780 0.012557 200 217 1000 971 1000 1000 0 5
0.166667 0.184907 0.012330 200 216 1000 983 1000 1000 0 5
0.166667 0.170328 0.012205 200 200 1000 962 1000 1000 0 5
0.166667 0.168803 0.012179 200 191 1000 1002 1000 1000 0 5
0.166667 0.161349 0.011929 200 191 1000 1008 1000 1000 0 5
0.166667 0.188992 0.012145 200 216 1000 1025 1000 1000 0 5
0.166667 0.153907 0.011525 200 185 1000 1047 1000 1000 0 5
0.166667 0.185480 0.012691 200 195 1000 934 1000 1000 0 5
0.166667 0.188525 0.012553 200 215 1000 991 1000 1000 0 5
0.166667 0.195185 0.012444 200 225 1000 1002 1000 1000 0 5
0.166667 0.179398 0.012478 200 204 1000 994 1000 1000 0 5
0.166667 0.175257 0.012061 200 202 1000 1000 1000 1000 0 5
0.166667 0.203871 0.012655 200 236 1000 977 1000 1000 0 5
0.166667 0.184315 0.012214 200 204 1000 980 1000 1000 0 5
0.166667 0.176955 0.012362 200 207 1000 1008 1000 1000 0 5
0.166667 0.171332 0.011737 200 204 1000 1044 1000 1000 0 5
0.166667 0.180561 0.012032 200 212 1000 1019 1000 1000 0 5
0.166667 0.178834 0.012073 200 199 1000 1002 1000 1000 0 5
0.166667 0.185810 0.012496 200 202 1000 968 1000 1000 0 5
0.166667 0.174762 0.012512 200 188 1000 943 1000 1000 0 5
0.166667 0.164522 0.011701 200 195 1000 1041 1000 1000 0 5
0.166667 0.181199 0.012220 200 202 1000 1009 1000 1000 0 5
0.166667 0.176561 0.011880 200 211 1000 1023 1000 1000 0 5
0.166667 0.173827 0.012074 200 199 1000 989 1000 1000 0 5
0.166667 0.174414 0.012036 200 198 1000 1009 1000 1000 0 5
0.166667 0.143921 0.011530 200 172 1000 990 1000 1000 0 5
0.166667 0.153519 0.011736 200 192 1000 1036 1000 1000 0 5
0.166667 0.181252 0.012223 200 210 1000 979 1000 1000 0 5
0.166667 0.160929 0.011913 200 196 1000 995 1000 1000 0 5
0.166667 0.143285 0.011408 200 166 1000 1010 1000 1000 0 5
0.166667 0.183333 0.012258 200 217 1000 1027 1000 1000 0 5
0.166667 0.179514 0.012148 200 197 1000 956 1000 1000 0 5
0.166667 0.175280 0.012119 200 193 1000 999 1000 1000 0 5
0.166667 0.157200 0.011490 200 185 1000 1022 1000 1000 0 5
0.166667 0.188148 0.012320 200 205 1000 987 1000 1000 0 5
0.166667 0.177658 0.011917 200 198 1000 1009 1000 1000 0 5
0.166667 0.160472 0.011720 200 177 1000 983 1000 1000 0 5
0.166667 0.165861 0.012051 200 190 1000 977 1000 1000 0 5
0.166667 0.178363 0.011702 200 213 1000 1047 1000 1000 0 5
0.166667 0.153575 0.010986 200 197 1000 1102 1000 1000 0 5
0.166667 0.168568 0.011844 200 190 1000 1028 1000 1000 0 5
0.166667 0.176519 0.012005 200 188 1000 996 1000 1000 0 5
0.166667 0.169823 0.011953 200 198 1000 1006 1000 1000 0 5
0.166667 0.189237 0.012072 200 215 1000 1025 1000 1000 0 5
0.166667 0.166653 0.011704 200 190 1000 1036 1000 1000 0 5
0.166667 0.179002 0.012498 200 191 1000 966 1000 1000 0 5
0.166667 0.179807 0.012166 200 199 1000 988 1000 1000 0 5
0.166667 0.200625 0.012780 200 219 1000 973 1000 1000 0 5
0.166667 0.168900 0.012000 200 188 1000 1013 1000 1000 0 5
0.166667 0.183604 0.012643 200 194 1000 949 1000 1000 0 5
0.166667 0.155825 0.011754 200 185 1000 1028 1000 1000 0 5
0.166667 0.172948 0.012240 200 182 1000 990 1000 1000 0 5
0.166667 0.185817 0.012227 200 210 1000 1007 1000 1000 0 5
0.166667 0.171624 0.012058 200 194 1000 1000 1000 1000 0 5
0.166667 0.159425 0.011969 200 201 1000 1032 1000 1000 0 5
0.166667 0.178246 0.012170 200 210 1000 991 1000 1000 0 5
0.166667 0.168240 0.011968 200 203 1000 1003 1000 1000 0 5
0.166667 0.168717 0.012032 200 179 1000 983 1000 1000 0 5
0.166667 0.161633 0.011881 200 197 1000 1008 1000 1000 0 5
0.166667 0.178214 0.012163 200 193 1000 983 1000 1000 0 5
0.166667 0.174219 0.012227 200 198 1000 986 1000 1000 0 5
0.166667 0.166648 0.012024 200 187 1000 1010 1000 1000 0 5
0.166667 0.195039 0.012839 200 215 1000 932 1000 1000 0 5
0.166667 0.181176 0.012440 200 207 1000 963 1000 1000 0 5
0.166667 0.177556 0.012212 200 194 1000 987 1000 1000 0 5
0.166667 0.192308 0.012303 200 224 1000 1002 1000 1000 0 5
0.166667 0.193358 0.012564 200 221 1000 970 1000 1000 0 5
0.166667 0.182172 0.012540 200 213 1000 978 1000 1000 0 5
0.166667 0.197262 0.012927 200 234 1000 956 1000 1000 0 5
0.166667 0.202350 0.012923 200 221 1000 943 1000 1000 0 5
0.166667 0.142880 0.011285 200 177 1000 1042 1000 1000 0 5
0.166667 0.190467 0.012725 200 209 1000 973 1000 1000 0 5
0.166667 0.179190 0.011933 200 196 1000 988 1000 1000 0 5
0.166667 0.149554 0.011829 200 170 1000 979 1000 1000 0 5
0.166667 0.204159 0.013144 200 212 1000 939 1000 1000 0 5
0.166667 0.170874 0.011956 200 192 1000 1028 1000 1000 0 5
0.166667 0.190026 0.012452 200 211 1000 1002 1000 1000 0 5
0.166667 0.171959 0.011859 200 211 1000 1054 1000 1000 0 5
0.166667 0.176005 0.012168 200 217 1000 996 1000 1000 0 5
0.166667 0.193623 0.012188 200 225 1000 1003 1000 1000 0 5
0.166667 0.160547 0.012037 200 177 1000 1007 1000 1000 0 5
0.166667 0.187229 0.012463 200 214 1000 975 1000 1000 0 5
0.166667 0.190541 0.012809 200 203 1000 976 1000 1000 0 5
0.166667 0.187364 0.012311 200 208 1000 1001 1000 1000 0 5
0.166667 0.174028 0.012040 200 191 1000 1030 1000 1000 0 5
0.166667 0.183540 0.012587 200 214 1000 966 1000 1000 0 5
0.166667 0.191913 0.013016 200 219 1000 949 1000 1000 0 5
0.166667 0.199259 0.012653 200 216 1000 947 1000 1000 0 5
0.166667 0.164574 0.011728 200 189 1000 1009 1000 1000 0 5
0.166667 0.183114 0.012299 200 197 1000 981 1000 1000 0 5
0.166667 0.170418 0.011914 200 207 1000 1008 1000 1000 0 5
0.166667 0.176586 0.012291 200 197 1000 956 1000 1000 0 5
0.166667 0.182023 0.011752 200 226 1000 1058 1000 1000 0 5
0.166667 0.162829 0.011817 200 182 1000 1013 1000 1000 0 5
0.166667 0.174411 0.012271 200 188 1000 980 1000 1000 0 5
0.166667 0.159291 0.011861 200 190 1000 1024 1000 1000 0 5
0.166667 0.184047 0.012365 200 220 1000 998 1000 1000 0 5
0.166667 0.176739 0.012406 200 198 1000 982 1000 1000 0 5
0.166667 0.171390 0.012202 200 183 1000 959 1000 1000 0 5
0.166667 0.170169 0.011735 200 210 1000 1028 1000 1000 0 5
0.166667 0.179773 0.012281 200 203 1000 999 1000 1000 0 5
0.166667 0.165191 0.012104 200 185 1000 991 1000 1000 0 5
0.166667 0.175519 0.011882 200 196 1000 997 1000 1000 0 5
0.166667 0.178055 0.012104 200 206 1000 989 1000 1000 0 5
0.166667 0.175735 0.012225 200 196 1000 987 1000 1000 0 5
0.166667 0.193908 0.012752 200 219 1000 945 1000 1000 0 5
0.166667 0.166218 0.011897 200 212 1000 1020 1000 1000 0 5
0.166667 0.167437 0.011680 200 178 1000 1020 1000 1000 0 5
0.166667 0.165034 0.012130 200 177 1000 973 1000 1000 0 5
0.166667 0.165614 0.011567 200 188 1000 1011 1000 1000 0 5
0.166667 0.184557 0.012234 200 194 1000 979 1000 1000 0 5
0.166667 0.169269 0.012039 200 196 1000 983 1000 1000 0 5
0.166667 0.188710 0.012506 200 205 1000 985 1000 1000 0 5
0.166667 0.182523 0.012312 200 194 1000 997 1000 1000 0 5
0.166667 0.170427 0.012006 200 204 1000 989 1000 1000 0 5
0.166667 0.179673 0.012257 200 198 1000 1011 1000 1000 0 5
0.166667 0.181553 0.012630 200 225 1000 983 1000 1000 0 5
0.166667 0.159756 0.011932 200 178 1000 997 1000 1000 0 5
0.166667 0.152741 0.011652 200 175 1000 999 1000 1000 0 5
0.166667 0.186004 0.011927 200 224 1000 1055 1000 1000 0 5
0.166667 0.170709 0.011930 200 201 1000 1042 1000 1000 0 5
0.166667 0.172491 0.011880 200 214 1000 1020 1000 1000 0 5
0.166667 0.178704 0.012420 200 216 1000 974 1000 1000 0 5
0.166667 0.175047 0.011954 200 199 1000 994 1000 1000 0 5
0.166667 0.182422 0.012585 200 191 1000 939 1000 1000 0 5
0.166667 0.178270 0.012535 200 195 1000 947 1000 1000 0 5
0.166667 0.177360 0.012415 200 191 1000 994 1000 1000 0 5
0.166667 0.154512 0.011474 200 191 1000 1043 1000 1000 0 5
0.166667 0.195052 0.012509 200 220 1000 980 1000 1000 0 5
0.166667 0.169765 0.011856 200 199 1000 1039 1000 1000 0 5
0.166667 0.166420 0.011969 200 179 1000 990 1000 1000 0 5
0.166667 0.176547 0.012061 200 207 1000 997 1000 1000 0 5
0.166667 0.175207 0.012206 200 206 1000 979 1000 1000 0 5
0.166667 0.162063 0.011988 200 192 1000 973 1000 1000 0 5
0.166667 0.168895 0.011974 200 189 1000 996 1000 1000 0 5
0.166667 0.188314 0.012213 200 206 1000 1008 1000 1000 0 5
0.166667 0.156743 0.011935 200 184 1000 1012 1000 1000 0 5
0.166667 0.158058 0.011555 200 176 1000 997 1000 1000 0 5
0.166667 0.190608 0.012402 200 207 1000 987 1000 1000 0 5
0.166667 0.210329 0.012896 200 226 1000 952 1000 1000 0 5
0.166667 0.196325 0.012307 200 227 1000 1009 1000 1000 0 5
0.166667 0.179759 0.012377 200 190 1000 944 1000 1000 0 5
0.166667 0.173531 0.011882 200 208 1000 1045 1000 1000 0 5
0.166667 0.186839 0.012216 200 209 1000 998 1000 1000 0 5
0.166667 0.185759 0.012170 200 204 1000 999 1000 1000 0 5
0.166667 0.191587 0.012315 200 219 1000 996 1000 1000 0 5
0.166667 0.178252 0.012097 200 213 1000 995 1000 1000 0 5
0.166667 0.192293 0.012782 200 199 1000 944 1000 1000 0 5
0.166667 0.181209 0.012029 200 193 1000 1007 1000 1000 0 5
0.166667 0.161073 0.012076 200 189 1000 968 1000 1000 0 5
0.166667 0.172331 0.012348 200 187 1000 965 1000 1000 0 5
0.166667 0.186814 0.012219 200 247 1000 1042 1000 1000 0 5
0.166667 0.157704 0.011557 200 182 1000 1007 1000 1000 0 5
0.166667 0.182034 0.012059 200 204 1000 992 1000 1000 0 5
0.166667 0.184458 0.012825 200 202 1000 911 1000 1000 0 5
0.166667 0.180881 0.011998 200 215 1000 1039 1000 1000 0 5
0.166667 0.172583 0.011974 200 203 1000 986 1000 1000 0 5
0.166667 0.171830 0.011992 200 191 1000 991 1000 1000 0 5
0.166667 0.170372 0.012389 200 192 1000 963 1000 1000 0 5
0.166667 0.146878 0.011786 200 173 1000 996 1000 1000 0 5
0.166667 0.173625 0.012096 200 184 1000 965 1000 1000 0 5
0.166667 0.183132 0.011796 200 218 1000 1059 1000 1000 0 5
0.166667 0.179020 0.012225 200 197 1000 982 1000 1000 0 5
0.166667 0.166158 0.011704 200 186 1000 1022 1000 1000 0 5
0.166667 0.188720 0.012845 200 209 1000 931 1000 1000 0 5
0.166667 0.178538 0.012199 200 195 1000 988 1000 1000 0 5
0.166667 0.174845 0.012098 200 187 1000 1025 1000 1000 0 5
0.166667 0.181688 0.012647 200 195 1000 950 1000 1000 0 5
0.166667 0.205325 0.012823 200 231 1000 974 1000 1000 0 5
0.166667 0.171521 0.011810 200 205 1000 1047 1000 1000 0 5
0.166667 0.171867 0.012188 200 185 1000 982 1000 1000 0 5
0.166667 0.182384 0.012026 200 226 1000 1020 1000 1000 0 5
0.166667 0.200472 0.012471 200 219 1000 976 1000 1000 0 5
0.166667 0.177830 0.011962 200 189 1000 989 1000 1000 0 5
0.166667 0.191891 0.012628 200 205 1000 968 1000 1000 0 5
0.166667 0.142206 0.011011 200 178 1000 1062 1000 1000 0 5
0.166667 0.166291 0.011465 200 213 1000 1072 1000 1000 0 5
0.166667 0.163896 0.012016 200 183 1000 986 1000 1000 0 5
0.166667 0.176424 0.012223 200 189 1000 955 1000 1000 0 5
0.166667 0.184717 0.012589 200 205 1000 964 1000 1000 0 5
0.166667 0.174806 0.011931 200 208 1000 1066 1000 1000 0 5
0.166667 0.164141 0.012059 200 195 1000 994 1000 1000 0 5
0.166667 0.169841 0.012175 200 186 1000 961 1000 1000 0 5
0.166667 0.187821 0.012496 200 208 1000 957 1000 1000 0 5
0.166667 0.210311 0.013113 200 239 1000 948 1000 1000 0 5
0.166667 0.165274 0.012214 200 178 1000 954 1000 1000 0 5
0.166667 0.160881 0.011771 200 186 1000 1028 1000 1000 0 5
0.166667 0.150982 0.011512 200 174 1000 995 1000 1000 0 5
0.166667 0.170691 0.012249 200 177 1000 956 1000 1000 0 5
0.166667 0.182706 0.012271 200 198 1000 953 1000 1000 0 5
0.166667 0.174012 0.012010 200 201 1000 1042 1000 1000 0 5
0.166667 0.192861 0.012198 200 242 1000 1030 1000 1000 0 5
0.166667 0.194299 0.012736 200 212 1000 951 1000 1000 0 5
0.166667 0.173742 0.011804 200 197 1000 1017 1000 1000 0 5
0.166667 0.177673 0.012458 200 197 1000 956 1000 1000 0 5
0.166667 0.172502 0.012392 200 185 1000 957 1000 1000 0 5
0.166667 0.174910 0.011910 200 185 1000 1028 1000 1000 0 5
0.166667 0.184386 0.012448 200 209 1000 977 1000 1000 0 5
0.166667 0.186045 0.012167 200 202 1000 1001 1000 1000 0 5
0.166667 0.165050 0.012293 200 189 1000 985 1000 1000 0 5
0.166667 0.174497 0.012399 200 204 1000 951 1000 1000 0 5
0.166667 0.190446 0.012803 200 212 1000 945 1000 1000 0 5
0.166667 0.193653 0.012771 200 216 1000 963 1000 1000 0 5
0.166667 0.167644 0.011864 200 189 1000 1009 1000 1000 0 5
0.166667 0.166962 0.011845 200 198 1000 1029 1000 1000 0 5
0.166667 0.178477 0.012584 200 207 1000 941 1000 1000 0 5
0.166667 0.165087 0.012041 200 182 1000 1017 1000 1000 0 5
0.166667 0.190373 0.012481 200 214 1000 977 1000 1000 0 5
0.166667 0.175534 0.012005 200 208 1000 1011 1000 1000 0 5
0.166667 0.174659 0.012059 200 194 1000 999 1000 1000 0 5
0.166667 0.187472 0.012012 200 212 1000 1017 1000 1000 0 5
0.166667 0.173560 0.012163 200 194 1000 982 1000 1000 0 5
0.166667 0.180807 0.012063 200 207 1000 1029 1000 1000 0 5
0.166667 0.168925 0.011733 200 182 1000 1026 1000 1000 0 5
0.166667 0.151515 0.011533 200 175 1000 1026 1000 1000 0 5
0.166667 0.163540 0.011714 200 197 1000 1014 1000 1000 0 5
0.166667 0.163731 0.011643 200 198 1000 1021 1000 1000 0 5
0.166667 0.161697 0.011588 200 186 1000 1055 1000 1000 0 5
0.166667 0.178401 0.012067 200 204 1000 1021 1000 1000 0 5
0.166667 0.174353 0.012087 200 192 1000 1002 1000 1000 0 5
0.166667 0.161743 0.011367 200 183 1000 1075 1000 1000 0 5
0.166667 0.190294 0.012248 200 204 1000 1023 1000 1000 0 5
0.166667 0.187614 0.012285 200 218 1000 1045 1000 1000 0 5
0.166667 0.157085 0.011820 200 178 1000 1004 1000 1000 0 5
0.166667 0.178514 0.012211 200 201 1000 1019 1000 1000 0 5
0.166667 0.170547 0.011863 200 192 1000 1031 1000 1000 0 5
0.166667 0.146753 0.011351 200 174 1000 1028 1000 1000 0 5
0.166667 0.174536 0.012242 200 195 1000 984 1000 1000 0 5
0.166667 0.186720 0.012235 200 215 1000 1004 1000 1000 0 5
0.166667 0.174088 0.012469 200 181 1000 926 1000 1000 0 5
0.166667 0.175981 0.012292 200 195 1000 995 1000 1000 0 5
0.166667 0.190141 0.012823 200 204 1000 913 1000 1000 0 5
0.166667 0.190597 0.012344 200 229 1000 989 1000 1000 0 5
0.166667 0.214828 0.012614 200 246 1000 1011 1000 1000 0 5
0.166667 0.156800 0.011558 200 172 1000 1011 1000 1000 0 5
0.166667 0.182883 0.012072 200 210 1000 1042 1000 1000 0 5
0.166667 0.151622 0.011603 200 172 1000 1005 1000 1000 0 5
0.166667 0.178604 0.012260 200 201 1000 988 1000 1000 0 5
0.166667 0.182813 0.012446 200 210 1000 956 1000 1000 0 5
0.166667 0.157116 0.011640 200 179 1000 1021 1000 1000 0 5
0.166667 0.163427 0.011694 200 189 1000 1025 1000 1000 0 5
0.166667 0.184746 0.012037 200 204 1000 1022 1000 1000 0 5
0.166667 0.151467 0.011899 200 171 1000 978 1000 1000 0 5
0.166667 0.152136 0.011613 200 199 1000 1019 1000 1000 0 5
0.166667 0.193214 0.012314 200 217 1000 998 1000 1000 0 5
0.166667 0.180898 0.011933 200 204 1000 1009 1000 1000 0 5
0.166667 0.149381 0.011545 200 168 1000 1039 1000 1000 0 5
0.166667 0.188702 0.012141 200 211 1000 994 1000 1000 0 5
0.166667 0.162476 0.011746 200 189 1000 1006 1000 1000 0 5
0.166667 0.195380 0.012626 200 227 1000 979 1000 1000 0 5
0.166667 0.173761 0.012145 200 198 1000 981 1000 1000 0 5
0.166667 0.162202 0.011701 200 185 1000 1037 1000 1000 0 5
0.166667 0.172976 0.012246 200 207 1000 1002 1000 1000 0 5
0.166667 0.163847 0.011959 200 186 1000 1014 1000 1000 0 5
0.166667 0.166303 0.011648 200 184 1000 1021 1000 1000 0 5
0.166667 0.194099 0.012568 200 228 1000 987 1000 1000 0 5
0.166667 0.179753 0.011740 200 207 1000 1018 1000 1000 0 5
0.166667 0.154128 0.011999 200 176 1000 991 1000 1000 0 5
0.166667 0.170334 0.011920 200 192 1000 1005 1000 1000 0 5
0.166667 0.162052 0.012240 200 176 1000 973 1000 1000 0 5
0.166667 0.174675 0.012177 200 195 1000 980 1000 1000 0 5
0.166667 0.153865 0.011860 200 170 1000 1006 1000 1000 0 5
0.166667 0.178994 0.011696 200 192 1000 1054 1000 1000 0 5
0.166667 0.169269 0.012037 200 179 1000 976 1000 1000 0 5
0.166667 0.191248 0.012502 200 230 1000 1005 1000 1000 0 5
0.166667 0.190619 0.013050 200 213 1000 909 1000 1000 0 5
0.166667 0.181814 0.012169 200 210 1000 1018 1000 1000 0 5
0.166667 0.190645 0.012402 200 211 1000 957 1000 1000 0 5
0.166667 0.171496 0.011872 200 204 1000 1043 1000 1000 0 5
0.166667 0.174680 0.012250 200 182 1000 976 1000 1000 0 5
0.166667 0.160496 0.012075 200 177 1000 949 1000 1000 0 5
0.166667 0.169136 0.011996 200 178 1000 992 1000 1000 0 5
0.166667 0.195339 0.012357 200 227 1000 1002 1000 1000 0 5
0.166667 0.178288 0.012090 200 199 1000 1002 1000 1000 0 5
0.166667 0.190674 0.012532 200 207 1000 974 1000 1000 0 5
0.166667 0.149899 0.011519 200 175 1000 1013 1000 1000 0 5
0.166667 0.157644 0.011627 200 194 1000 1063 1000 1000 0 5
0.166667 0.162510 0.011965 200 181 1000 992 1000 1000 0 5
0.166667 0.178149 0.012076 200 188 1000 1021 1000 1000 0 5
0.166667 0.163862 0.011946 200 200 1000 1045 1000 1000 0 5
0.166667 0.178307 0.011980 200 201 1000 1030 1000 1000 0 5
0.166667 0.173773 0.012120 200 195 1000 998 1000 1000 0 5
0.166667 0.188417 0.012138 200 228 1000 1026 1000 1000 0 5
0.166667 0.170240 0.011687 200 182 1000 1011 1000 1000 0 5
0.166667 0.167607 0.011836 200 190 1000 988 1000 1000 0 5
0.166667 0.199052 0.012494 200 222 1000 997 1000 1000 0 5
0.166667 0.168543 0.012178 200 205 1000 1010 1000 1000 0 5
0.166667 0.178813 0.012079 200 196 1000 1007 1000 1000 0 5
0.166667 0.137437 0.010967 200 173 1000 1056 1000 1000 0 5
0.166667 0.177207 0.012168 200 215 1000 1020 1000 1000 0 5
0.166667 0.190773 0.012423 200 218 1000 1007 1000 1000 0 5
0.166667 0.195527 0.012661 200 210 1000 950 1000 1000 0 5
0.166667 0.178732 0.012550 200 207 1000 972 1000 1000 0 5
0.166667 0.158087 0.011548 200 196 1000 1043 1000 1000 0 5
0.166667 0.168302 0.011988 200 197 1000 1003 1000 1000 0 5
0.166667 0.175782 0.012058 200 199 1000 997 1000 1000 0 5
0.166667 0.151510 0.011269 200 175 1000 1074 1000 1000 0 5
0.166667 0.190338 0.012480 200 209 1000 993 1000 1000 0 5
0.166667 0.168279 0.011852 200 189 1000 996 1000 1000 0 5
0.166667 0.178089 0.011911 200 223 1000 1036 1000 1000 0 5
0.166667 0.178639 0.011947 200 215 1000 1051 1000 1000 0 5
0.166667 0.197125 0.012856 200 216 1000 957 1000 1000 0 5
0.166667 0.163065 0.012219 200 179 1000 981 1000 1000 0 5
0.166667 0.158594 0.011763 200 177 1000 1004 1000 1000 0 5
0.166667 0.156028 0.011052 200 180 1000 1111 1000 1000 0 5
0.166667 0.184031 0.012461 200 199 1000 933 1000 1000 0 5
0.166667 0.179763 0.012174 200 199 1000 981 1000 1000 0 5
0.166667 0.174861 0.011912 200 196 1000 1032 1000 1000 0 5
0.166667 0.177878 0.012273 200 206 1000 989 1000 1000 0 5
0.166667 0.168504 0.012078 200 190 1000 996 1000 1000 0 5
0.166667 0.176297 0.011891 200 196 1000 1038 1000 1000 0 5
0.166667 0.174861 0.012274 200 206 1000 992 1000 1000 0 5
0.166667 0.155018 0.011801 200 181 1000 1035 1000 1000 0 5
0.166667 0.177212 0.012317 200 190 1000 973 1000 1000 0 5
0.166667 0.168242 0.011967 200 208 1000 1002 1000 1000 0 5
0.166667 0.149046 0.011541 200 179 1000 1055 1000 1000 0 5
0.166667 0.174983 0.012159 200 207 1000 998 1000 1000 0 5
0.166667 0.168000 0.012313 200 182 1000 934 1000 1000 0 5
0.166667 0.184602 0.012353 200 213 1000 1004 1000 1000 0 5
0.166667 0.184470 0.012406 200 211 1000 1014 1000 1000 0 5
0.166667 0.183033 0.012526 200 203 1000 953 1000 1000 0 5
0.166667 0.190536 0.012281 200 214 1000 995 1000 1000 0 5
0.166667 0.168172 0.011881 200 208 1000 1040 1000 1000 0 5
0.166667 0.170003 0.012605 200 197 1000 956 1000 1000 0 5
0.166667 0.196151 0.012187 200 221 1000 1004 1000 1000 0 5
0.166667 0.174475 0.011841 200 192 1000 1014 1000 1000 0 5
0.166667 0.169527 0.011858 200 196 1000 1037 1000 1000 0 5
0.166667 0.181835 0.012200 200 199 1000 993 1000 1000 0 5
0.166667 0.169537 0.011806 200 199 1000 1016 1000 1000 0 5
0.166667 0.164183 0.012021 200 188 1000 1002 1000 1000 0 5
0.166667 0.177937 0.012492 200 204 1000 952 1000 1000 0 5
0.166667 0.169832 0.012121 200 194 1000 979 1000 1000 0 5
0.166667 0.157391 0.011473 200 185 1000 1042 1000 1000 0 5
0.166667 0.182476 0.012591 200 204 1000 963 1000 1000 0 5
0.166667 0.163022 0.012048 200 175 1000 964 1000 1000 0 5
0.166667 0.159670 0.011975 200 190 1000 1014 1000 1000 0 5
0.166667 0.172271 0.011882 200 194 1000 1003 1000 1000 0 5
0.166667 0.179465 0.012079 200 200 1000 1012 1000 1000 0 5
0.166667 0.188566 0.012350 200 206 1000 971 1000 1000 0 5
0.166667 0.174466 0.011998 200 209 1000 1018 1000 1000 0 5
0.166667 0.160231 0.012034 200 189 1000 984 1000 1000 0 5
0.166667 0.180510 0.012416 200 214 1000 989 1000 1000 0 5
0.166667 0.177388 0.012427 200 206 1000 959 1000 1000 0 5
0.166667 0.160741 0.011172 200 195 1000 1093 1000 1000 0 5
0.166667 0.156052 0.011763 200 175 1000 1025 1000 1000 0 5
0.166667 0.169350 0.011939 200 192 1000 1013 1000 1000 0 5
0.166667 0.188218 0.012113 200 209 1000 1025 1000 1000 0 5
0.166667 0.185121 0.012271 200 208 1000 1005 1000 1000 0 5
0.166667 0.158559 0.011455 200 190 1000 1023 1000 1000 0 5
0.166667 0.170619 0.012254 200 199 1000 971 1000 1000 0 5
0.166667 0.154000 0.011518 200 191 1000 1041 1000 1000 0 5
0.166667 0.183237 0.012408 200 206 1000 1015 1000 1000 0 5
0.166667 0.166760 0.011666 200 208 1000 1042 1000 1000 0 5
0.166667 0.154221 0.012007 200 165 1000 970 1000 1000 0 5
0.166667 0.186283 0.012677 200 199 1000 939 1000 1000 0 5
0.166667 0.194040 0.012535 200 207 1000 976 1000 1000 0 5
0.166667 0.171032 0.012245 200 197 1000 973 1000 1000 0 5
0.166667 0.167308 0.011708 200 199 1000 1038 1000 1000 0 5
0.166667 0.178696 0.012162 200 192 1000 993 1000 1000 0 5
0.166667 0.179272 0.011958 200 202 1000 1040 1000 1000 0 5
0.166667 0.184154 0.012584 200 228 1000 1014 1000 1000 0 5
0.166667 0.173781 0.012073 200 182 1000 1015 1000 1000 0 5
0.166667 0.170650 0.011933 200 199 1000 1026 1000 1000 0 5
0.166667 0.188098 0.012320 200 223 1000 1011 1000 1000 0 5
0.166667 0.186490 0.012573 200 189 1000 931 1000 1000 0 5
0.166667 0.173536 0.012497 200 194 1000 974 1000 1000 0 5
0.166667 0.175483 0.011576 200 205 1000 1054 1000 1000 0 5
0.166667 0.182999 0.012005 200 213 1000 1040 1000 1000 0 5
0.166667 0.186503 0.012677 200 210 1000 957 1000 1000 0 5
0.166667 0.164639 0.011738 200 199 1000 1007 1000 1000 0 5
0.166667 0.168931 0.012143 200 188 1000 979 1000 1000 0 5
0.166667 0.167384 0.012156 200 174 1000 989 1000 1000 0 5
0.166667 0.166176 0.011796 200 180 1000 1032 1000 1000 0 5
0.166667 0.190176 0.012223 200 211 1000 997 1000 1000 0 5
0.166667 0.181138 0.012233 200 209 1000 994 1000 1000 0 5
0.166667 0.150181 0.011322 200 180 1000 1037 1000 1000 0 5
0.166667 0.150646 0.011437 200 179 1000 1030 1000 1000 0 5
0.166667 0.170538 0.011955 200 197 1000 1011 1000 1000 0 5
0.166667 0.151543 0.011203 200 181 1000 1063 1000 1000 0 5
0.166667 0.169039 0.011889 200 179 1000 998 1000 1000 0 5
0.166667 0.170803 0.012003 200 200 1000 989 1000 1000 0 5
0.166667 0.143037 0.011737 200 170 1000 1013 1000 1000 0 5
0.166667 0.180992 0.012265 200 208 1000 984 1000 1000 0 5
0.166667 0.149364 0.011178 200 191 1000 1053 1000 1000 0 5
0.166667 0.178807 0.012160 200 206 1000 991 1000 1000 0 5
0.166667 0.147317 0.011300 200 175 1000 1047 1000 1000 0 5
0.166667 0.180851 0.012247 200 210 1000 1004 1000 1000 0 5
0.166667 0.154078 0.011814 200 178 1000 988 1000 1000 0 5
0.166667 0.153210 0.011572 200 183 1000 1014 1000 1000 0 5
0.166667 0.171873 0.011935 200 194 1000 1029 1000 1000 0 5
0.166667 0.176729 0.012360 200 197 1000 966 1000 1000 0 5
0.166667 0.185558 0.012410 200 208 1000 948 1000 1000 0 5
0.166667 0.184933 0.012597 200 207 1000 946 1000 1000 0 5
0.166667 0.194796 0.012299 200 214 1000 1012 1000 1000 0 5
0.166667 0.198258 0.012760 200 222 1000 951 1000 1000 0 5
0.166667 0.170784 0.011838 200 188 1000 973 1000 1000 0 5
0.166667 0.157435 0.011758 200 170 1000 1015 1000 1000 0 5
0.166667 0.183736 0.012256 200 214 1000 1003 1000 1000 0 5
0.166667 0.194153 0.012438 200 217 1000 966 1000 1000 0 5
0.166667 0.193209 0.012339 200 212 1000 992 1000 1000 0 5
0.166667 0.187225 0.011886 200 216 1000 1025 1000 1000 0 5
0.166667 0.172947 0.012093 200 197 1000 1006 1000 1000 0 5
0.166667 0.170613 0.011779 200 193 1000 1006 1000 1000 0 5
0.166667 0.175365 0.012335 200 181 1000 984 1000 1000 0 5
0.166667 0.163894 0.011874 200 177 1000 1026 1000 1000 0 5
0.166667 0.168954 0.012389 200 186 1000 963 1000 1000 0 5
0.166667 0.191867 0.012251 200 223 1000 998 1000 1000 0 5
0.166667 0.180420 0.012153 200 203 1000 983 1000 1000 0 5
0.166667 0.185287 0.012437 200 208 1000 956 1000 1000 0 5
0.166667 0.160745 0.011656 200 186 1000 1010 1000 1000 0 5
0.166667 0.196910 0.012929 200 214 1000 946 1000 1000 0 5
0.166667 0.165965 0.011767 200 199 1000 1038 1000 1000 0 5
0.166667 0.172449 0.012243 200 189 1000 963 1000 1000 0 5
0.166667 0.166656 0.012100 200 186 1000 969 1000 1000 0 5
0.166667 0.163794 0.011795 200 191 1000 1012 1000 1000 0 5
0.166667 0.179347 0.012261 200 193 1000 1007 1000 1000 0 5
0.166667 0.178539 0.011956 200 220 1000 1078 1000 1000 0 5
0.166667 0.190937 0.012490 200 211 1000 985 1000 1000 0 5
0.166667 0.155961 0.012015 200 192 1000 984 1000 1000 0 5
0.166667 0.163904 0.011484 200 212 1000 1080 1000 1000 0 5
0.166667 0.179776 0.012360 200 192 1000 925 1000 1000 0 5
0.166667 0.162311 0.011645 200 183 1000 1013 1000 1000 0 5
0.166667 0.176651 0.012407 200 185 1000 938 1000 1000 0 5
0.166667 0.179630 0.012027 200 199 1000 1003 1000 1000 0 5
0.166667 0.182763 0.012433 200 203 1000 977 1000 1000 0 5
0.166667 0.180641 0.012614 200 196 1000 957 1000 1000 0 5
0.166667 0.162498 0.011541 200 199 1000 1054 1000 1000 0 5
0.166667 0.171530 0.012238 200 190 1000 982 1000 1000 0 5
0.166667 0.171354 0.011926 200 187 1000 995 1000 1000 0 5
0.166667 0.162038 0.012042 200 169 1000 966 1000 1000 0 5
0.166667 0.160022 0.011896 200 172 1000 975 1000 1000 0 5
0.166667 0.179967 0.012323 200 197 1000 1015 1000 1000 0 5
0.166667 0.182838 0.012079 200 212 1000 1028 1000 1000 0 5
0.166667 0.181935 0.012281 200 217 1000 987 1000 1000 0 5
0.166667 0.174359 0.012252 200 204 1000 972 1000 1000 0 5
0.166667 0.158557 0.011560 200 174 1000 1023 1000 1000 0 5
0.166667 0.167042 0.012344 200 189 1000 996 1000 1000 0 5
0.166667 0.169409 0.011938 200 199 1000 985 1000 1000 0 5
0.166667 0.148375 0.011581 200 172 1000 1010 1000 1000 0 5
0.166667 0.182119 0.012613 200 194 1000 934 1000 1000 0 5
0.166667 0.173963 0.012084 200 209 1000 1000 1000 1000 0 5
0.166667 0.172668 0.012222 200 187 1000 974 1000 1000 0 5
0.166667 0.172414 0.012039 200 201 1000 1003 1000 1000 0 5
0.166667 0.202850 0.012225 200 246 1000 1011 1000 1000 0 5
0.166667 0.181451 0.012439 200 210 1000 978 1000 1000 0 5
0.166667 0.172835 0.011923 200 192 1000 991 1000 1000 0 5
0.166667 0.170768 0.012163 200 196 1000 974 1000 1000 0 5
0.166667 0.182608 0.012686 200 211 1000 957 1000 1000 0 5
0.166667 0.179957 0.012119 200 201 1000 1004 1000 1000 0 5
0.166667 0.188288 0.012755 200 198 1000 965 1000 1000 0 5
0.166667 0.171987 0.011581 200 212 1000 1070 1000 1000 0 5
0.166667 0.191013 0.012389 200 220 1000 987 1000 1000 0 5
0.166667 0.177696 0.012228 200 218 1000 1029 1000 1000 0 5
0.166667 0.163395 0.011822 200 182 1000 1004 1000 1000 0 5
0.166667 0.163491 0.011911 200 194 1000 1003 1000 1000 0 5
0.166667 0.186569 0.012182 200 213 1000 989 1000 1000 0 5
0.166667 0.204350 0.012847 200 230 1000 1007 1000 1000 0 5
0.166667 0.178906 0.012273 200 204 1000 988 1000 1000 0 5
0.166667 0.192843 0.012835 200 212 1000 955 1000 1000 0 5
0.166667 0.172615 0.011851 200 190 1000 997 1000 1000 0 5
0.166667 0.158273 0.011691 200 196 1000 1039 1000 1000 0 5
0.166667 0.181216 0.011973 200 213 1000 1081 1000 1000 0 5
0.166667 0.183494 0.012228 200 207 1000 979 1000 1000 0 5
0.166667 0.168093 0.011798 200 207 1000 1016 1000 1000 0 5
0.166667 0.177864 0.012250 200 201 1000 970 1000 1000 0 5
0.166667 0.193903 0.012308 200 222 1000 1023 1000 1000 0 5
0.166667 0.166992 0.011723 200 193 1000 1024 1000 1000 0 5
0.166667 0.154738 0.011802 200 196 1000 996 1000 1000 0 5
0.166667 0.167003 0.012112 200 192 1000 996 1000 1000 0 5
0.166667 0.181928 0.012200 200 218 1000 1045 1000 1000 0 5
0.166667 0.172939 0.012028 200 204 1000 1012 1000 1000 0 5
