0.166667 0.153772 0.011574 200 184 1000 1005 10000 10000 0 10
0.166667 0.149642 0.011278 200 178 1000 1017 10000 10000 0 10
0.166667 0.177966 0.011965 200 213 1000 973 10000 10000 0 10
0.166667 0.176054 0.012162 200 201 1000 949 10000 10000 0 10
0.166667 0.154692 0.011583 200 179 1000 982 10000 10000 0 10
0.166667 0.175631 0.011623 200 209 1000 1043 10000 10000 0 10
0.166667 0.193188 0.012016 200 239 1000 1000 10000 10000 0 10
0.166667 0.167917 0.011781 200 198 1000 999 10000 10000 0 10
0.166667 0.162048 0.011870 200 191 1000 951 10000 10000 0 10
0.166667 0.171374 0.011872 200 189 1000 1004 10000 10000 0 10
0.166667 0.169196 0.011611 200 202 1000 1009 10000 10000 0 10
0.166667 0.177909 0.012079 200 201 1000 958 10000 10000 0 10
0.166667 0.182706 0.012058 200 217 1000 976 10000 10000 0 10
0.166667 0.184368 0.012455 200 205 1000 936 10000 10000 0 10
0.166667 0.183397 0.011809 200 220 1000 1016 10000 10000 0 10
0.166667 0.169728 0.011897 200 205 1000 963 10000 10000 0 10
0.166667 0.178176 0.011398 200 227 1000 1065 10000 10000 0 10
0.166667 0.164406 0.011544 200 193 1000 1004 10000 10000 0 10
0.166667 0.174791 0.011677 200 217 1000 1015 10000 10000 0 10
0.166667 0.175227 0.011798 200 204 1000 1008 10000 10000 0 10
0.166667 0.189161 0.012068 200 221 1000 1008 10000 10000 0 10
0.166667 0.162865 0.011625 200 192 1000 989 10000 10000 0 10
0.166667 0.172414 0.012129 200 199 1000 948 10000 10000 0 10
0.166667 0.167038 0.011748 200 186 1000 989 10000 10000 0 10
0.166667 0.148017 0.010981 200 191 1000 1057 10000 10000 0 10
0.166667 0.170051 0.011813 200 197 1000 991 10000 10000 0 10
0.166667 0.190660 0.012429 200 208 1000 963 10000 10000 0 10
0.166667 0.170275 0.011726 200 199 1000 1010 10000 10000 0 10
0.166667 0.182684 0.012188 200 218 1000 978 10000 10000 0 10
0.166667 0.194840 0.012350 200 221 1000 955 10000 10000 0 10
0.166667 0.181844 0.011884 200 210 1000 1003 10000 10000 0 10
0.166667 0.162037 0.011720 200 184 1000 959 10000 10000 0 10
0.166667 0.181064 0.011900 200 215 1000 1007 10000 10000 0 10
0.166667 0.149998 0.011155 200 184 1000 1051 10000 10000 0 10
0.166667 0.175259 0.012044 200 210 1000 991 10000 10000 0 10
0.166667 0.165805 0.011630 200 201 1000 1013 10000 10000 0 10
0.166667 0.160371 0.011441 200 187 1000 993 10000 10000 0 10
0.166667 0.178847 0.012050 200 211 1000 959 10000 10000 0 10
0.166667 0.162430 0.011725 200 192 1000 991 10000 10000 0 10
0.166667 0.189890 0.012083 200 225 1000 1004 10000 10000 0 10
0.166667 0.158945 0.011275 200 197 1000 1045 10000 10000 0 10
0.166667 0.146756 0.011306 200 175 1000 988 10000 10000 0 10
0.166667 0.175852 0.011762 200 217 1000 1031 10000 10000 0 10
0.166667 0.170225 0.011934 200 194 1000 970 10000 10000 0 10
0.166667 0.174781 0.011831 200 209 1000 985 10000 10000 0 10
0.166667 0.180794 0.012229 200 206 1000 947 10000 10000 0 10
0.166667 0.175096 0.011782 200 212 1000 1009 10000 10000 0 10
0.166667 0.173378 0.011886 200 199 1000 979 10000 10000 0 10
0.166667 0.160044 0.011581 200 188 1000 998 10000 10000 0 10
0.166667 0.176135 0.012088 200 197 1000 965 10000 10000 0 10
0.166667 0.163520 0.011668 200 188 1000 1007 10000 10000 0 10
0.166667 0.159643 0.011542 200 193 1000 1010 10000 10000 0 10
0.166667 0.159159 0.011826 200 182 1000 957 10000 10000 0 10
0.166667 0.172234 0.011603 200 213 1000 1039 10000 10000 0 10
0.166667 0.183744 0.012215 200 204 1000 953 10000 10000 0 10
0.166667 0.170982 0.011558 200 214 1000 1017 10000 10000 0 10
0.166667 0.167320 0.011459 200 211 1000 1024 10000 10000 0 10
0.166667 0.190936 0.012196 200 224 1000 981 10000 10000 0 10
0.166667 0.162719 0.011992 200 181 1000 972 10000 10000 0 10
0.166667 0.188591 0.012069 200 215 1000 987 10000 10000 0 10
0.166667 0.165872 0.011598 200 194 1000 1003 10000 10000 0 10
0.166667 0.172871 0.011724 200 210 1000 1008 10000 10000 0 10
0.166667 0.162915 0.011679 200 188 1000 1032 10000 10000 0 10
0.166667 0.179888 0.012251 200 207 1000 932 10000 10000 0 10
0.166667 0.191120 0.012004 200 225 1000 1012 10000 10000 0 10
0.166667 0.182469 0.011892 200 217 1000 987 10000 10000 0 10
0.166667 0.164927 0.011380 200 216 1000 1049 10000 10000 0 10
0.166667 0.169593 0.011805 200 206 1000 1012 10000 10000 0 10
0.166667 0.169065 0.011733 200 212 1000 1001 10000 10000 0 10
0.166667 0.166010 0.011752 200 201 1000 985 10000 10000 0 10
0.166667 0.187421 0.012144 200 213 1000 986 10000 10000 0 10
0.166667 0.144454 0.011300 200 162 1000 980 10000 10000 0 10
0.166667 0.160064 0.011413 200 196 1000 1029 10000 10000 0 10
0.166667 0.159559 0.011975 200 180 1000 929 10000 10000 0 10
0.166667 0.166254 0.011549 200 213 1000 1018 10000 10000 0 10
0.166667 0.186200 0.012386 200 208 1000 938 10000 10000 0 10
0.166667 0.174393 0.012071 200 196 1000 981 10000 10000 0 10
0.166667 0.160948 0.011473 200 190 1000 1012 10000 10000 0 10
0.166667 0.176459 0.011891 200 215 1000 994 10000 10000 0 10
0.166667 0.156811 0.011558 200 189 1000 1016 10000 10000 0 10
0.166667 0.192129 0.012346 200 216 1000 968 10000 10000 0 10
0.166667 0.184833 0.012183 200 212 1000 981 10000 10000 0 10
0.166667 0.189173 0.012181 200 221 1000 973 10000 10000 0 10
0.166667 0.135039 0.010883 200 162 1000 1014 10000 10000 0 10
0.166667 0.178098 0.011873 200 203 1000 1000 10000 10000 0 10
0.166667 0.158432 0.011560 200 183 1000 1000 10000 10000 0 10
0.166667 0.158331 0.011569 200 202 1000 1004 10000 10000 0 10
0.166667 0.167040 0.011649 200 203 1000 987 10000 10000 0 10
0.166667 0.167535 0.011707 200 191 1000 994 10000 10000 0 10
0.166667 0.177721 0.011787 200 201 1000 1018 10000 10000 0 10
0.166667 0.179897 0.011967 200 210 1000 992 10000 10000 0 10
0.166667 0.169838 0.011643 200 199 1000 1022 10000 10000 0 10
0.166667 0.174470 0.012008 200 203 1000 958 10000 10000 0 10
0.166667 0.188033 0.012082 200 232 1000 987 10000 10000 0 10
0.166667 0.177720 0.011748 200 219 1000 1023 10000 10000 0 10
0.166667 0.189207 0.012366 200 211 1000 952 10000 10000 0 10
0.166667 0.175431 0.011970 200 195 1000 997 10000 10000 0 10
0.166667 0.163584 0.011706 200 189 1000 1004 10000 10000 0 10
0.166667 0.176602 0.011945 200 202 1000 974 10000 10000 0 10
0.166667 0.166198 0.011822 200 190 1000 979 10000 10000 0 10
0.166667 0.173364 0.011940 200 205 1000 972 10000 10000 0 10
0.166667 0.165617 0.011361 200 205 1000 1055 10000 10000 0 10
0.166667 0.171697 0.011472 200 207 1000 1059 10000 10000 0 10
0.166667 0.179629 0.012007 200 220 1000 972 10000 10000 0 10
0.166667 0.175146 0.011621 200 211 1000 1036 10000 10000 0 10
0.166667 0.155036 0.011344 200 191 1000 1003 10000 10000 0 10
0.166667 0.159139 0.011812 200 180 1000 959 10000 10000 0 10
0.166667 0.157246 0.011577 200 184 1000 995 10000 10000 0 10
0.166667 0.182506 0.011872 200 221 1000 988 10000 10000 0 10
0.166667 0.176773 0.011850 200 214 1000 989 10000 10000 0 10
0.166667 0.194788 0.012393 200 229 1000 960 10000 10000 0 10
0.166667 0.162012 0.011768 200 195 1000 980 10000 10000 0 10
0.166667 0.164580 0.011584 200 184 1000 994 10000 10000 0 10
0.166667 0.190242 0.012205 200 224 1000 981 10000 10000 0 10
0.166667 0.141080 0.010628 200 179 1000 1108 10000 10000 0 10
0.166667 0.151568 0.011404 200 177 1000 1014 10000 10000 0 10
0.166667 0.166318 0.011638 200 196 1000 1006 10000 10000 0 10
0.166667 0.165073 0.011691 200 193 1000 993 10000 10000 0 10
0.166667 0.158758 0.011423 200 197 1000 1028 10000 10000 0 10
0.166667 0.187521 0.012228 200 211 1000 963 10000 10000 0 10
0.166667 0.189055 0.012298 200 220 1000 978 10000 10000 0 10
0.166667 0.170237 0.011911 200 198 1000 979 10000 10000 0 10
0.166667 0.172148 0.012138 200 186 1000 946 10000 10000 0 10
0.166667 0.155470 0.011382 200 194 1000 1020 10000 10000 0 10
0.166667 0.162001 0.011760 200 188 1000 969 10000 10000 0 10
0.166667 0.160079 0.011185 200 199 1000 1064 10000 10000 0 10
0.166667 0.179123 0.012055 200 214 1000 970 10000 10000 0 10
0.166667 0.150792 0.011234 200 178 1000 1007 10000 10000 0 10
0.166667 0.136807 0.010787 200 170 1000 1041 10000 10000 0 10
0.166667 0.162729 0.011823 200 183 1000 948 10000 10000 0 10
0.166667 0.133920 0.010688 200 167 1000 1047 10000 10000 0 10
0.166667 0.139785 0.011026 200 170 1000 1042 10000 10000 0 10
0.166667 0.172201 0.011495 200 206 1000 1042 10000 10000 0 10
0.166667 0.163729 0.011479 200 196 1000 1028 10000 10000 0 10
0.166667 0.164450 0.011657 200 195 1000 996 10000 10000 0 10
0.166667 0.135018 0.010925 200 161 1000 1014 10000 10000 0 10
0.166667 0.150542 0.011350 200 168 1000 1003 10000 10000 0 10
0.166667 0.158955 0.011406 200 202 1000 1033 10000 10000 0 10
0.166667 0.173025 0.011597 200 209 1000 1022 10000 10000 0 10
0.166667 0.183769 0.012103 200 212 1000 965 10000 10000 0 10
0.166667 0.166662 0.011769 200 199 1000 976 10000 10000 0 10
0.166667 0.168790 0.011937 200 208 1000 961 10000 10000 0 10
0.166667 0.163974 0.011464 200 189 1000 1028 10000 10000 0 10
0.166667 0.159519 0.011627 200 194 1000 995 10000 10000 0 10
0.166667 0.177425 0.011640 200 218 1000 1018 10000 10000 0 10
0.166667 0.159549 0.011613 200 180 1000 965 10000 10000 0 10
0.166667 0.181116 0.011875 200 221 1000 994 10000 10000 0 10
0.166667 0.167700 0.011844 200 193 1000 959 10000 10000 0 10
0.166667 0.155259 0.011398 200 183 1000 1022 10000 10000 0 10
0.166667 0.170265 0.011747 200 200 1000 1002 10000 10000 0 10
0.166667 0.161829 0.011754 200 187 1000 1005 10000 10000 0 10
0.166667 0.170547 0.011782 200 207 1000 976 10000 10000 0 10
0.166667 0.169378 0.011680 200 206 1000 1005 10000 10000 0 10
0.166667 0.147885 0.011463 200 175 1000 959 10000 10000 0 10
0.166667 0.143474 0.011123 200 164 1000 1043 10000 10000 0 10
0.166667 0.148869 0.011126 200 181 1000 1028 10000 10000 0 10
0.166667 0.175285 0.011914 200 206 1000 989 10000 10000 0 10
0.166667 0.194867 0.012156 200 223 1000 1011 10000 10000 0 10
0.166667 0.171055 0.011847 200 199 1000 979 10000 10000 0 10
0.166667 0.159763 0.011330 200 200 1000 1042 10000 10000 0 10
0.166667 0.153487 0.011422 200 178 1000 1003 10000 10000 0 10
0.166667 0.173306 0.011751 200 218 1000 987 10000 10000 0 10
0.166667 0.163613 0.011538 200 202 1000 1002 10000 10000 0 10
0.166667 0.169820 0.011863 200 210 1000 983 10000 10000 0 10
0.166667 0.185433 0.012039 200 216 1000 986 10000 10000 0 10
0.166667 0.172803 0.011991 200 197 1000 987 10000 10000 0 10
0.166667 0.162997 0.011247 200 202 1000 1041 10000 10000 0 10
0.166667 0.161462 0.011449 200 205 1000 1020 10000 10000 0 10
0.166667 0.162818 0.011685 200 182 1000 999 10000 10000 0 10
0.166667 0.158673 0.011964 200 179 1000 944 10000 10000 0 10
0.166667 0.171428 0.011630 200 207 1000 1016 10000 10000 0 10
0.166667 0.184272 0.012445 200 212 1000 945 10000 10000 0 10
0.166667 0.174876 0.011767 200 210 1000 1020 10000 10000 0 10
0.166667 0.151328 0.011236 200 183 1000 1030 10000 10000 0 10
0.166667 0.181423 0.011917 200 213 1000 1000 10000 10000 0 10
0.166667 0.179106 0.012060 200 211 1000 999 10000 10000 0 10
0.166667 0.177498 0.011602 200 220 1000 1044 10000 10000 0 10
0.166667 0.151623 0.011579 200 171 1000 973 10000 10000 0 10
0.166667 0.175613 0.011600 200 204 1000 1031 10000 10000 0 10
0.166667 0.181762 0.012157 200 214 1000 952 10000 10000 0 10
0.166667 0.173747 0.012123 200 193 1000 951 10000 10000 0 10
0.166667 0.149721 0.011393 200 177 1000 989 10000 10000 0 10
0.166667 0.189899 0.011953 200 228 1000 990 10000 10000 0 10
0.166667 0.185157 0.012037 200 215 1000 979 10000 10000 0 10
0.166667 0.185102 0.012306 200 210 1000 945 10000 10000 0 10
0.166667 0.175273 0.011773 200 198 1000 996 10000 10000 0 10
0.166667 0.188926 0.012117 200 217 1000 985 10000 10000 0 10
0.166667 0.171961 0.011868 200 207 1000 995 10000 10000 0 10
0.166667 0.169852 0.011501 200 197 1000 1018 10000 10000 0 10
0.166667 0.162379 0.011725 200 199 1000 987 10000 10000 0 10
0.166667 0.160654 0.011400 200 197 1000 1041 10000 10000 0 10
0.166667 0.193497 0.012379 200 223 1000 968 10000 10000 0 10
0.166667 0.177821 0.011682 200 216 1000 1001 10000 10000 0 10
0.166667 0.162110 0.011485 200 191 1000 1028 10000 10000 0 10
0.166667 0.172058 0.011713 200 205 1000 1014 10000 10000 0 10
0.166667 0.162525 0.011357 200 189 1000 1024 10000 10000 0 10
0.166667 0.194548 0.012057 200 238 1000 1015 10000 10000 0 10
0.166667 0.177938 0.011936 200 210 1000 982 10000 10000 0 10
0.166667 0.187831 0.012346 200 213 1000 952 10000 10000 0 10
0.166667 0.193003 0.011988 200 220 1000 1018 10000 10000 0 10
0.166667 0.144198 0.011323 200 176 1000 999 10000 10000 0 10
0.166667 0.160624 0.011479 200 195 1000 1027 10000 10000 0 10
0.166667 0.186695 0.011978 200 214 1000 1007 10000 10000 0 10
0.166667 0.177674 0.011959 200 207 1000 988 10000 10000 0 10
0.166667 0.185984 0.012035 200 227 1000 999 10000 10000 0 10
0.166667 0.164766 0.011523 200 193 1000 1019 10000 10000 0 10
0.166667 0.167188 0.011579 200 203 1000 1020 10000 10000 0 10
0.166667 0.165225 0.011190 200 210 1000 1075 10000 10000 0 10
0.166667 0.143385 0.011137 200 178 1000 1012 10000 10000 0 10
0.166667 0.187617 0.011872 200 223 1000 1018 10000 10000 0 10
0.166667 0.175512 0.011952 200 204 1000 974 10000 10000 0 10
0.166667 0.174034 0.011870 200 210 1000 975 10000 10000 0 10
0.166667 0.158107 0.011291 200 200 1000 1059 10000 10000 0 10
0.166667 0.164930 0.011856 200 194 1000 957 10000 10000 0 10
0.166667 0.169154 0.011944 200 198 1000 968 10000 10000 0 10
0.166667 0.176220 0.012024 200 217 1000 992 10000 10000 0 10
0.166667 0.156734 0.011480 200 186 1000 984 10000 10000 0 10
0.166667 0.165337 0.011857 200 196 1000 962 10000 10000 0 10
0.166667 0.174618 0.011793 200 211 1000 1012 10000 10000 0 10
0.166667 0.160704 0.011776 200 180 1000 985 10000 10000 0 10
0.166667 0.161228 0.011181 200 198 1000 1071 10000 10000 0 10
0.166667 0.186111 0.011792 200 214 1000 1027 10000 10000 0 10
0.166667 0.153726 0.011246 200 180 1000 1029 10000 10000 0 10
0.166667 0.170613 0.011837 200 212 1000 988 10000 10000 0 10
0.166667 0.143364 0.011168 200 168 1000 1043 10000 10000 0 10
0.166667 0.188147 0.012238 200 220 1000 953 10000 10000 0 10
0.166667 0.168175 0.011617 200 201 1000 1025 10000 10000 0 10
0.166667 0.158888 0.011487 200 191 1000 1028 10000 10000 0 10
0.166667 0.168300 0.011517 200 211 1000 1028 10000 10000 0 10
0.166667 0.146411 0.011246 200 162 1000 1016 10000 10000 0 10
0.166667 0.156823 0.011098 200 198 1000 1059 10000 10000 0 10
0.166667 0.166389 0.011782 200 195 1000 993 10000 10000 0 10
0.166667 0.163675 0.011640 200 189 1000 994 10000 10000 0 10
0.166667 0.133507 0.010603 200 168 1000 1088 10000 10000 0 10
0.166667 0.158335 0.011313 200 187 1000 1039 10000 10000 0 10
0.166667 0.139952 0.011219 200 164 1000 981 10000 10000 0 10
0.166667 0.163222 0.011866 200 178 1000 993 10000 10000 0 10
0.166667 0.149206 0.011237 200 179 1000 1013 10000 10000 0 10
0.166667 0.171869 0.012005 200 206 1000 965 10000 10000 0 10
0.166667 0.172116 0.011898 200 201 1000 973 10000 10000 0 10
0.166667 0.165380 0.011720 200 190 1000 986 10000 10000 0 10
0.166667 0.171823 0.011847 200 201 1000 975 10000 10000 0 10
0.166667 0.151729 0.011435 200 182 1000 979 10000 10000 0 10
0.166667 0.175476 0.011985 200 198 1000 979 10000 10000 0 10
0.166667 0.163896 0.011675 200 202 1000 997 10000 10000 0 10
0.166667 0.158568 0.011391 200 207 1000 1033 10000 10000 0 10
0.166667 0.154950 0.011533 200 185 1000 991 10000 10000 0 10
0.166667 0.151077 0.011178 200 190 1000 1027 10000 10000 0 10
0.166667 0.171891 0.011743 200 202 1000 1016 10000 10000 0 10
0.166667 0.176449 0.012310 200 198 1000 940 10000 10000 0 10
0.166667 0.161180 0.011837 200 173 1000 967 10000 10000 0 10
0.166667 0.182334 0.012297 200 201 1000 944 10000 10000 0 10
0.166667 0.179887 0.011456 200 226 1000 1069 10000 10000 0 10
0.166667 0.168316 0.011926 200 197 1000 978 10000 10000 0 10
0.166667 0.161299 0.011600 200 185 1000 985 10000 10000 0 10
0.166667 0.167146 0.011502 200 207 1000 1018 10000 10000 0 10
0.166667 0.146108 0.011237 200 173 1000 1009 10000 10000 0 10
0.166667 0.185810 0.012086 200 227 1000 984 10000 10000 0 10
0.166667 0.181550 0.012293 200 206 1000 946 10000 10000 0 10
0.166667 0.172992 0.011759 200 192 1000 999 10000 10000 0 10
0.166667 0.186578 0.011878 200 225 1000 1009 10000 10000 0 10
0.166667 0.176067 0.011942 200 212 1000 964 10000 10000 0 10
0.166667 0.149917 0.011137 200 190 1000 1026 10000 10000 0 10
0.166667 0.167732 0.011800 200 211 1000 992 10000 10000 0 10
0.166667 0.174787 0.012424 200 182 1000 914 10000 10000 0 10
0.166667 0.156342 0.011893 200 173 1000 959 10000 10000 0 10
0.166667 0.178006 0.012012 200 208 1000 972 10000 10000 0 10
0.166667 0.152611 0.011583 200 174 1000 984 10000 10000 0 10
0.166667 0.151250 0.011429 200 176 1000 1004 10000 10000 0 10
0.166667 0.153982 0.011511 200 176 1000 985 10000 10000 0 10
0.166667 0.172061 0.011587 200 204 1000 1035 10000 10000 0 10
0.166667 0.173650 0.011723 200 210 1000 1014 10000 10000 0 10
0.166667 0.183132 0.011991 200 217 1000 1008 10000 10000 0 10
0.166667 0.164215 0.011661 200 197 1000 995 10000 10000 0 10
0.166667 0.164689 0.011685 200 196 1000 990 10000 10000 0 10
0.166667 0.185188 0.012066 200 228 1000 979 10000 10000 0 10
0.166667 0.188085 0.012490 200 212 1000 953 10000 10000 0 10
0.166667 0.152161 0.011544 200 175 1000 987 10000 10000 0 10
0.166667 0.182313 0.011677 200 220 1000 1038 10000 10000 0 10
0.166667 0.150826 0.011257 200 181 1000 1027 10000 10000 0 10
0.166667 0.151965 0.011387 200 188 1000 980 10000 10000 0 10
0.166667 0.153722 0.011304 200 189 1000 1008 10000 10000 0 10
0.166667 0.156889 0.011036 200 196 1000 1067 10000 10000 0 10
0.166667 0.170744 0.011613 200 212 1000 1000 10000 10000 0 10
0.166667 0.167165 0.011436 200 208 1000 1026 10000 10000 0 10
0.166667 0.160752 0.011467 200 193 1000 1020 10000 10000 0 10
0.166667 0.155450 0.011552 200 179 1000 1011 10000 10000 0 10
0.166667 0.180279 0.012285 200 205 1000 942 10000 10000 0 10
0.166667 0.170494 0.011860 200 209 1000 976 10000 10000 0 10
0.166667 0.172945 0.011873 200 220 1000 984 10000 10000 0 10
0.166667 0.160009 0.011707 200 181 1000 982 10000 10000 0 10
0.166667 0.179474 0.011993 200 204 1000 1013 10000 10000 0 10
0.166667 0.161405 0.011485 200 204 1000 1022 10000 10000 0 10
0.166667 0.166708 0.011877 200 192 1000 995 10000 10000 0 10
0.166667 0.166375 0.011507 200 201 1000 1013 10000 10000 0 10
0.166667 0.196904 0.012322 200 238 1000 967 10000 10000 0 10
0.166667 0.161213 0.011528 200 197 1000 1030 10000 10000 0 10
0.166667 0.167773 0.011727 200 199 1000 1009 10000 10000 0 10
0.166667 0.184696 0.012492 200 200 1000 939 10000 10000 0 10
0.166667 0.155454 0.011436 200 194 1000 1014 10000 10000 0 10
0.166667 0.180778 0.011942 200 214 1000 1012 10000 10000 0 10
0.166667 0.153432 0.011470 200 175 1000 975 10000 10000 0 10
0.166667 0.178744 0.011918 200 213 1000 988 10000 10000 0 10
0.166667 0.157053 0.011438 200 186 1000 1018 10000 10000 0 10
0.166667 0.177770 0.012017 200 209 1000 976 10000 10000 0 10
0.166667 0.166545 0.011594 200 192 1000 1005 10000 10000 0 10
0.166667 0.160938 0.011501 200 199 1000 1010 10000 10000 0 10
0.166667 0.176388 0.011920 200 205 1000 993 10000 10000 0 10
0.166667 0.171367 0.012149 200 202 1000 947 10000 10000 0 10
0.166667 0.185646 0.012187 200 201 1000 982 10000 10000 0 10
0.166667 0.155001 0.011398 200 177 1000 1003 10000 10000 0 10
0.166667 0.170103 0.011697 200 196 1000 1007 10000 10000 0 10
0.166667 0.158370 0.011287 200 183 1000 1048 10000 10000 0 10
0.166667 0.171252 0.011469 200 220 1000 1049 10000 10000 0 10
0.166667 0.165169 0.011795 200 187 1000 983 10000 10000 0 10
0.166667 0.184963 0.012020 200 219 1000 1000 10000 10000 0 10
0.166667 0.170526 0.011555 200 211 1000 1029 10000 10000 0 10
0.166667 0.165982 0.011350 200 208 1000 1053 10000 10000 0 10
0.166667 0.170375 0.011719 200 207 1000 997 10000 10000 0 10
0.166667 0.183594 0.012095 200 211 1000 973 10000 10000 0 10
0.166667 0.155135 0.011397 200 182 1000 1014 10000 10000 0 10
0.166667 0.175298 0.011716 200 203 1000 1005 10000 10000 0 10
0.166667 0.152316 0.011357 200 181 1000 999 10000 10000 0 10
0.166667 0.177607 0.011765 200 213 1000 1008 10000 10000 0 10
0.166667 0.149881 0.011067 200 183 1000 1059 10000 10000 0 10
0.166667 0.193058 0.012228 200 224 1000 999 10000 10000 0 10
0.166667 0.170155 0.011346 200 208 1000 1069 10000 10000 0 10
0.166667 0.164646 0.011671 200 198 1000 1009 10000 10000 0 10
0.166667 0.154306 0.011028 200 203 1000 1068 10000 10000 0 10
0.166667 0.170907 0.011821 200 204 1000 1002 10000 10000 0 10
0.166667 0.164562 0.011350 200 199 1000 1045 10000 10000 0 10
0.166667 0.167053 0.011533 200 198 1000 1043 10000 10000 0 10
0.166667 0.146016 0.011164 200 175 1000 1011 10000 10000 0 10
0.166667 0.137997 0.010682 200 183 1000 1061 10000 10000 0 10
0.166667 0.181752 0.012173 200 205 1000 941 10000 10000 0 10
0.166667 0.174855 0.012032 200 198 1000 957 10000 10000 0 10
0.166667 0.153130 0.011293 200 182 1000 1024 10000 10000 0 10
0.166667 0.169828 0.011933 200 198 1000 972 10000 10000 0 10
0.166667 0.173837 0.011975 200 213 1000 991 10000 10000 0 10
0.166667 0.154400 0.011511 200 184 1000 987 10000 10000 0 10
0.166667 0.162806 0.011569 200 198 1000 1001 10000 10000 0 10
0.166667 0.172451 0.011972 200 204 1000 978 10000 10000 0 10
0.166667 0.186836 0.012144 200 219 1000 985 10000 10000 0 10
0.166667 0.184016 0.011965 200 229 1000 1004 10000 10000 0 10
0.166667 0.175610 0.011882 200 199 1000 1007 10000 10000 0 10
0.166667 0.179033 0.012147 200 200 1000 961 10000 10000 0 10
0.166667 0.173506 0.011668 200 202 1000 1008 10000 10000 0 10
0.166667 0.161657 0.011488 200 201 1000 999 10000 10000 0 10
0.166667 0.179849 0.012347 200 200 1000 937 10000 10000 0 10
0.166667 0.161958 0.011380 200 197 1000 1011 10000 10000 0 10
0.166667 0.182171 0.011967 200 222 1000 981 10000 10000 0 10
0.166667 0.170463 0.011652 200 205 1000 1001 10000 10000 0 10
0.166667 0.173804 0.012155 200 193 1000 937 10000 10000 0 10
0.166667 0.171704 0.011824 200 192 1000 986 10000 10000 0 10
0.166667 0.183949 0.011654 200 220 1000 1052 10000 10000 0 10
0.166667 0.168266 0.011753 200 189 1000 978 10000 10000 0 10
0.166667 0.168759 0.011731 200 206 1000 979 10000 10000 0 10
0.166667 0.163403 0.011841 200 191 1000 973 10000 10000 0 10
0.166667 0.171114 0.012027 200 194 1000 958 10000 10000 0 10
0.166667 0.178455 0.011854 200 211 1000 999 10000 10000 0 10
0.166667 0.155395 0.011475 200 174 1000 998 10000 10000 0 10
0.166667 0.173051 0.011482 200 217 1000 1046 10000 10000 0 10
0.166667 0.175690 0.011790 200 208 1000 1006 10000 10000 0 10
0.166667 0.157553 0.011477 200 193 1000 994 10000 10000 0 10
0.166667 0.171957 0.011988 200 190 1000 960 10000 10000 0 10
0.166667 0.170481 0.011696 200 196 1000 1004 10000 10000 0 10
0.166667 0.169651 0.011810 200 195 1000 999 10000 10000 0 10
0.166667 0.146669 0.011088 200 184 1000 1049 10000 10000 0 10
0.166667 0.162439 0.011280 200 207 1000 1057 10000 10000 0 10
0.166667 0.152390 0.011082 200 191 1000 1061 10000 10000 0 10
0.166667 0.164566 0.011840 200 187 1000 957 10000 10000 0 10
0.166667 0.170366 0.011614 200 206 1000 1024 10000 10000 0 10
0.166667 0.156779 0.011342 200 193 1000 1018 10000 10000 0 10
0.166667 0.157612 0.011402 200 188 1000 1016 10000 10000 0 10
0.166667 0.146062 0.011161 200 183 1000 1030 10000 10000 0 10
0.166667 0.193438 0.012260 200 233 1000 978 10000 10000 0 10
0.166667 0.185650 0.012032 200 213 1000 997 10000 10000 0 10
0.166667 0.153613 0.011423 200 182 1000 1012 10000 10000 0 10
0.166667 0.159249 0.011441 200 198 1000 1005 10000 10000 0 10
0.166667 0.158918 0.011338 200 201 1000 1040 10000 10000 0 10
0.166667 0.163791 0.011401 200 203 1000 1030 10000 10000 0 10
0.166667 0.161306 0.011449 200 197 1000 1009 10000 10000 0 10
0.166667 0.170984 0.011615 200 212 1000 1014 10000 10000 0 10
0.166667 0.195255 0.012106 200 238 1000 1003 10000 10000 0 10
0.166667 0.159641 0.011343 200 192 1000 1034 10000 10000 0 10
0.166667 0.139559 0.011239 200 174 1000 1008 10000 10000 0 10
0.166667 0.186006 0.011947 200 228 1000 1014 10000 10000 0 10
0.166667 0.159608 0.011498 200 197 1000 1014 10000 10000 0 10
0.166667 0.163503 0.011743 200 196 1000 981 10000 10000 0 10
0.166667 0.167963 0.011833 200 190 1000 967 10000 10000 0 10
0.166667 0.181610 0.011820 200 208 1000 1017 10000 10000 0 10
0.166667 0.173512 0.011909 200 192 1000 989 10000 10000 0 10
0.166667 0.156761 0.011537 200 188 1000 993 10000 10000 0 10
0.166667 0.179522 0.011814 200 216 1000 1018 10000 10000 0 10
0.166667 0.166680 0.012036 200 193 1000 943 10000 10000 0 10
0.166667 0.158314 0.011291 200 194 1000 1047 10000 10000 0 10
0.166667 0.173176 0.011872 200 207 1000 1003 10000 10000 0 10
0.166667 0.155660 0.011381 200 194 1000 1032 10000 10000 0 10
0.166667 0.171871 0.011657 200 215 1000 1007 10000 10000 0 10
0.166667 0.173659 0.011817 200 208 1000 1008 10000 10000 0 10
0.166667 0.176820 0.011994 200 204 1000 970 10000 10000 0 10
0.166667 0.169397 0.011756 200 199 1000 1003 10000 10000 0 10
0.166667 0.173811 0.011894 200 211 1000 990 10000 10000 0 10
0.166667 0.166178 0.011516 200 209 1000 1027 10000 10000 0 10
0.166667 0.174171 0.011869 200 198 1000 991 10000 10000 0 10
0.166667 0.178403 0.012003 200 206 1000 988 10000 10000 0 10
0.166667 0.181576 0.011988 200 217 1000 992 10000 10000 0 10
0.166667 0.175636 0.011694 200 218 1000 1025 10000 10000 0 10
0.166667 0.157309 0.011514 200 188 1000 1005 10000 10000 0 10
0.166667 0.188307 0.011884 200 229 1000 1023 10000 10000 0 10
0.166667 0.164252 0.011521 200 189 1000 1029 10000 10000 0 10
0.166667 0.167759 0.011492 200 196 1000 1042 10000 10000 0 10
0.166667 0.166276 0.011449 200 201 1000 1016 10000 10000 0 10
0.166667 0.165832 0.011634 200 198 1000 1006 10000 10000 0 10
0.166667 0.189806 0.012128 200 213 1000 1010 10000 10000 0 10
0.166667 0.186444 0.012361 200 210 1000 930 10000 10000 0 10
0.166667 0.173742 0.011961 200 195 1000 967 10000 10000 0 10
0.166667 0.151705 0.011185 200 181 1000 1028 10000 10000 0 10
0.166667 0.161410 0.011134 200 213 1000 1068 10000 10000 0 10
0.166667 0.163135 0.011876 200 195 1000 967 10000 10000 0 10
0.166667 0.142847 0.010951 200 176 1000 1043 10000 10000 0 10
0.166667 0.168788 0.011562 200 208 1000 1014 10000 10000 0 10
0.166667 0.159480 0.011514 200 193 1000 1016 10000 10000 0 10
0.166667 0.152067 0.011146 200 192 1000 1042 10000 10000 0 10
0.166667 0.184737 0.011908 200 220 1000 1011 10000 10000 0 10
0.166667 0.183662 0.012502 200 195 1000 922 10000 10000 0 10
0.166667 0.167318 0.011896 200 188 1000 988 10000 10000 0 10
0.166667 0.174830 0.012228 200 194 1000 942 10000 10000 0 10
0.166667 0.171028 0.011871 200 189 1000 991 10000 10000 0 10
0.166667 0.169434 0.011556 200 211 1000 1023 10000 10000 0 10
0.166667 0.168423 0.011970 200 190 1000 977 10000 10000 0 10
0.166667 0.152867 0.011398 200 173 1000 1015 10000 10000 0 10
0.166667 0.193551 0.012394 200 226 1000 968 10000 10000 0 10
0.166667 0.159120 0.011417 200 189 1000 1037 10000 10000 0 10
0.166667 0.185159 0.011969 200 223 1000 997 10000 10000 0 10
0.166667 0.163930 0.011631 200 192 1000 1013 10000 10000 0 10
0.166667 0.169713 0.011788 200 208 1000 986 10000 10000 0 10
0.166667 0.164249 0.011427 200 196 1000 1028 10000 10000 0 10
0.166667 0.174018 0.012247 200 199 1000 931 10000 10000 0 10
0.166667 0.175036 0.012271 200 205 1000 910 10000 10000 0 10
0.166667 0.182560 0.012062 200 214 1000 972 10000 10000 0 10
0.166667 0.186168 0.012321 200 214 1000 965 10000 10000 0 10
0.166667 0.173550 0.011673 200 212 1000 1012 10000 10000 0 10
0.166667 0.154760 0.011377 200 182 1000 1022 10000 10000 0 10
0.166667 0.169443 0.011974 200 193 1000 961 10000 10000 0 10
0.166667 0.173321 0.011938 200 201 1000 956 10000 10000 0 10
0.166667 0.160747 0.011363 200 198 1000 1030 10000 10000 0 10
0.166667 0.173488 0.012119 200 196 1000 959 10000 10000 0 10
0.166667 0.160025 0.011394 200 190 1000 1016 10000 10000 0 10
0.166667 0.177249 0.012046 200 206 1000 975 10000 10000 0 10
0.166667 0.154427 0.011312 200 191 1000 1014 10000 10000 0 10
0.166667 0.185548 0.011995 200 220 1000 996 10000 10000 0 10
0.166667 0.168227 0.011660 200 202 1000 1002 10000 10000 0 10
0.166667 0.168459 0.011740 200 199 1000 994 10000 10000 0 10
0.166667 0.189698 0.012187 200 226 1000 976 10000 10000 0 10
0.166667 0.170273 0.011683 200 203 1000 1019 10000 10000 0 10
0.166667 0.168019 0.011573 200 203 1000 998 10000 10000 0 10
0.166667 0.185869 0.012212 200 220 1000 971 10000 10000 0 10
0.166667 0.153843 0.011097 200 195 1000 1050 10000 10000 0 10
0.166667 0.174835 0.011727 200 206 1000 1008 10000 10000 0 10
0.166667 0.172630 0.011728 200 203 1000 1008 10000 10000 0 10
0.166667 0.157081 0.011326 200 184 1000 1032 10000 10000 0 10
0.166667 0.156188 0.011492 200 180 1000 981 10000 10000 0 10
0.166667 0.172270 0.011751 200 199 1000 1015 10000 10000 0 10
0.166667 0.156531 0.010992 200 207 1000 1076 10000 10000 0 10
0.166667 0.148874 0.011107 200 188 1000 1039 10000 10000 0 10
0.166667 0.192503 0.012144 200 227 1000 985 10000 10000 0 10
0.166667 0.165604 0.011818 200 195 1000 1012 10000 10000 0 10
0.166667 0.158271 0.011457 200 187 1000 1016 10000 10000 0 10
0.166667 0.168180 0.011883 200 187 1000 972 10000 10000 0 10
0.166667 0.159291 0.011782 200 182 1000 953 10000 10000 0 10
0.166667 0.175070 0.012087 200 198 1000 966 10000 10000 0 10
0.166667 0.158424 0.011539 200 183 1000 996 10000 10000 0 10
0.166667 0.168447 0.011956 200 199 1000 982 10000 10000 0 10
0.166667 0.185813 0.012383 200 211 1000 938 10000 10000 0 10
0.166667 0.172041 0.011309 200 219 1000 1062 10000 10000 0 10
0.166667 0.164048 0.011677 200 193 1000 981 10000 10000 0 10
0.166667 0.169533 0.011754 200 192 1000 1010 10000 10000 0 10
0.166667 0.172481 0.011713 200 208 1000 1015 10000 10000 0 10
0.166667 0.173794 0.011979 200 196 1000 980 10000 10000 0 10
0.166667 0.181845 0.011967 200 209 1000 988 10000 10000 0 10
0.166667 0.156766 0.011464 200 190 1000 997 10000 10000 0 10
0.166667 0.171623 0.011564 200 202 1000 1025 10000 10000 0 10
0.166667 0.186214 0.012447 200 216 1000 939 10000 10000 0 10
0.166667 0.167534 0.011889 200 191 1000 974 10000 10000 0 10
0.166667 0.154483 0.011395 200 182 1000 1022 10000 10000 0 10
0.166667 0.188747 0.012291 200 224 1000 947 10000 10000 0 10
0.166667 0.161693 0.011657 200 195 1000 986 10000 10000 0 10
0.166667 0.146246 0.011121 200 173 1000 1022 10000 10000 0 10
0.166667 0.176432 0.011873 200 212 1000 992 10000 10000 0 10
0.166667 0.163545 0.011482 200 201 1000 1029 10000 10000 0 10
0.166667 0.163665 0.011719 200 193 1000 987 10000 10000 0 10
0.166667 0.177737 0.011862 200 205 1000 1001 10000 10000 0 10
0.166667 0.155514 0.011334 200 187 1000 1024 10000 10000 0 10
0.166667 0.179743 0.011931 200 208 1000 987 10000 10000 0 10
0.166667 0.162135 0.011486 200 197 1000 987 10000 10000 0 10
0.166667 0.170376 0.011776 200 203 1000 1003 10000 10000 0 10
0.166667 0.160251 0.011093 200 203 1000 1067 10000 10000 0 10
0.166667 0.161038 0.011156 200 189 1000 1062 10000 10000 0 10
0.166667 0.164564 0.011796 200 187 1000 979 10000 10000 0 10
0.166667 0.161541 0.011590 200 191 1000 993 10000 10000 0 10
0.166667 0.156126 0.011495 200 179 1000 992 10000 10000 0 10
0.166667 0.177342 0.011774 200 223 1000 1041 10000 10000 0 10
0.166667 0.170940 0.011809 200 195 1000 996 10000 10000 0 10
0.166667 0.171497 0.011544 200 209 1000 1048 10000 10000 0 10
0.166667 0.157854 0.011328 200 191 1000 1023 10000 10000 0 10
0.166667 0.143025 0.011041 200 173 1000 1040 10000 10000 0 10
0.166667 0.167764 0.011941 200 193 1000 968 10000 10000 0 10
0.166667 0.156757 0.011290 200 193 1000 1034 10000 10000 0 10
0.166667 0.179526 0.011717 200 221 1000 1004 10000 10000 0 10
0.166667 0.162023 0.011511 200 197 1000 1019 10000 10000 0 10
0.166667 0.153661 0.011193 200 198 1000 1033 10000 10000 0 10
0.166667 0.172318 0.011587 200 212 1000 1022 10000 10000 0 10
0.166667 0.183989 0.012278 200 221 1000 946 10000 10000 0 10
0.166667 0.166092 0.011408 200 203 1000 1041 10000 10000 0 10
0.166667 0.183181 0.011997 200 219 1000 996 10000 10000 0 10
0.166667 0.185494 0.012147 200 206 1000 1005 10000 10000 0 10
0.166667 0.196358 0.012280 200 227 1000 985 10000 10000 0 10
0.166667 0.182254 0.011860 200 225 1000 1007 10000 10000 0 10
0.166667 0.163161 0.011693 200 184 1000 987 10000 10000 0 10
0.166667 0.175770 0.011778 200 204 1000 1024 10000 10000 0 10
0.166667 0.156332 0.011517 200 178 1000 986 10000 10000 0 10
0.166667 0.165822 0.011776 200 187 1000 1006 10000 10000 0 10
0.166667 0.162874 0.011454 200 196 1000 1044 10000 10000 0 10
0.166667 0.175798 0.011977 200 201 1000 974 10000 10000 0 10
0.166667 0.184795 0.012403 200 211 1000 929 10000 10000 0 10
0.166667 0.159594 0.011501 200 193 1000 988 10000 10000 0 10
0.166667 0.161073 0.011332 200 197 1000 1050 10000 10000 0 10
0.166667 0.168855 0.011710 200 204 1000 1020 10000 10000 0 10
0.166667 0.178575 0.012174 200 200 1000 964 10000 10000 0 10
0.166667 0.168191 0.011477 200 214 1000 1038 10000 10000 0 10
0.166667 0.164703 0.011580 200 193 1000 1007 10000 10000 0 10
0.166667 0.153158 0.011453 200 183 1000 991 10000 10000 0 10
0.166667 0.163705 0.011221 200 199 1000 1059 10000 10000 0 10
0.166667 0.148177 0.011057 200 187 1000 1050 10000 10000 0 10
0.166667 0.164112 0.011609 200 197 1000 987 10000 10000 0 10
0.166667 0.175216 0.012132 200 192 1000 949 10000 10000 0 10
0.166667 0.178200 0.012135 200 204 1000 960 10000 10000 0 10
0.166667 0.185385 0.012168 200 211 1000 965 10000 10000 0 10
0.166667 0.169146 0.011747 200 208 1000 993 10000 10000 0 10
0.166667 0.161956 0.011474 200 191 1000 1013 10000 10000 0 10
0.166667 0.165101 0.011671 200 199 1000 974 10000 10000 0 10
0.166667 0.177733 0.012038 200 197 1000 966 10000 10000 0 10
0.166667 0.156172 0.011623 200 189 1000 983 10000 10000 0 10
0.166667 0.168947 0.011684 200 200 1000 1013 10000 10000 0 10
0.166667 0.183899 0.011580 200 241 1000 1060 10000 10000 0 10
0.166667 0.162667 0.011474 200 210 1000 1016 10000 10000 0 10
0.166667 0.158758 0.011266 200 192 1000 1046 10000 10000 0 10
0.166667 0.159499 0.011322 200 193 1000 1035 10000 10000 0 10
0.166667 0.157133 0.011841 200 179 1000 934 10000 10000 0 10
0.166667 0.167796 0.011724 200 197 1000 1015 10000 10000 0 10
0.166667 0.172087 0.011714 200 207 1000 1009 10000 10000 0 10
0.166667 0.150745 0.011210 200 184 1000 1028 10000 10000 0 10
0.166667 0.157133 0.011759 200 180 1000 961 10000 10000 0 10
0.166667 0.174782 0.012201 200 190 1000 948 10000 10000 0 10
0.166667 0.165128 0.011694 200 199 1000 1007 10000 10000 0 10
0.166667 0.156880 0.011415 200 183 1000 1019 10000 10000 0 10
0.166667 0.175326 0.011880 200 210 1000 996 10000 10000 0 10
0.166667 0.174344 0.011689 200 198 1000 1025 10000 10000 0 10
0.166667 0.172416 0.011650 200 199 1000 1009 10000 10000 0 10
0.166667 0.159900 0.011276 200 198 1000 1065 10000 10000 0 10
0.166667 0.160367 0.011522 200 191 1000 1006 10000 10000 0 10
0.166667 0.159045 0.011365 200 181 1000 1036 10000 10000 0 10
0.166667 0.139297 0.010859 200 170 1000 1024 10000 10000 0 10
0.166667 0.152618 0.011089 200 196 1000 1063 10000 10000 0 10
0.166667 0.162971 0.011876 200 187 1000 966 10000 10000 0 10
0.166667 0.151680 0.011151 200 179 1000 1047 10000 10000 0 10
0.166667 0.179501 0.011714 200 213 1000 1029 10000 10000 0 10
0.166667 0.160203 0.011413 200 192 1000 995 10000 10000 0 10
0.166667 0.167023 0.011952 200 191 1000 953 10000 10000 0 10
0.166667 0.171207 0.011770 200 203 1000 989 10000 10000 0 10
0.166667 0.175540 0.011625 200 216 1000 1024 10000 10000 0 10
0.166667 0.147058 0.010910 200 176 1000 1064 10000 10000 0 10
0.166667 0.171370 0.011570 200 214 1000 1052 10000 10000 0 10
0.166667 0.151086 0.011591 200 180 1000 970 10000 10000 0 10
0.166667 0.164528 0.011631 200 195 1000 1026 10000 10000 0 10
0.166667 0.171793 0.011747 200 207 1000 985 10000 10000 0 10
0.166667 0.157417 0.011170 200 196 1000 1052 10000 10000 0 10
0.166667 0.181477 0.012277 200 196 1000 977 10000 10000 0 10
0.166667 0.169467 0.011816 200 194 1000 974 10000 10000 0 10
0.166667 0.159667 0.011683 200 179 1000 967 10000 10000 0 10
0.166667 0.173232 0.011985 200 202 1000 991 10000 10000 0 10
0.166667 0.148834 0.011270 200 189 1000 1018 10000 10000 0 10
0.166667 0.156685 0.011447 200 190 1000 1020 10000 10000 0 10
0.166667 0.183127 0.011937 200 222 1000 1004 10000 10000 0 10
0.166667 0.162852 0.011431 200 197 1000 1036 10000 10000 0 10
0.166667 0.163200 0.011577 200 191 1000 1004 10000 10000 0 10
0.166667 0.159410 0.011483 200 197 1000 1020 10000 10000 0 10
0.166667 0.164060 0.011663 200 185 1000 968 10000 10000 0 10
0.166667 0.186688 0.012072 200 221 1000 992 10000 10000 0 10
0.166667 0.169080 0.011877 200 194 1000 960 10000 10000 0 10
0.166667 0.197990 0.012341 200 229 1000 956 10000 10000 0 10
0.166667 0.167928 0.011796 200 191 1000 1020 10000 10000 0 10
0.166667 0.160035 0.011343 200 188 1000 1015 10000 10000 0 10
0.166667 0.176170 0.012143 200 200 1000 940 10000 10000 0 10
0.166667 0.157507 0.011467 200 186 1000 1001 10000 10000 0 10
0.166667 0.171298 0.011844 200 206 1000 995 10000 10000 0 10
0.166667 0.176368 0.012272 200 206 1000 953 10000 10000 0 10
0.166667 0.156414 0.011308 200 200 1000 1027 10000 10000 0 10
0.166667 0.160539 0.011623 200 183 1000 985 10000 10000 0 10
0.166667 0.174726 0.011829 200 213 1000 998 10000 10000 0 10
0.166667 0.162628 0.011379 200 199 1000 1039 10000 10000 0 10
0.166667 0.159642 0.011740 200 192 1000 989 10000 10000 0 10
0.166667 0.166722 0.011697 200 197 1000 1001 10000 10000 0 10
0.166667 0.164410 0.011451 200 195 1000 1027 10000 10000 0 10
0.166667 0.189229 0.012041 200 212 1000 999 10000 10000 0 10
0.166667 0.148704 0.011241 200 178 1000 1024 10000 10000 0 10
0.166667 0.158741 0.011354 200 193 1000 1039 10000 10000 0 10
0.166667 0.175116 0.012035 200 208 1000 963 10000 10000 0 10
0.166667 0.183311 0.012097 200 215 1000 960 10000 10000 0 10
0.166667 0.152896 0.011333 200 187 1000 1017 10000 10000 0 10
0.166667 0.156342 0.011586 200 184 1000 972 10000 10000 0 10
0.166667 0.161090 0.011637 200 191 1000 984 10000 10000 0 10
0.166667 0.148770 0.011511 200 176 1000 988 10000 10000 0 10
0.166667 0.158612 0.011501 200 193 1000 1004 10000 10000 0 10
0.166667 0.162119 0.011902 200 177 1000 948 10000 10000 0 10
0.166667 0.174298 0.011854 200 199 1000 996 10000 10000 0 10
0.166667 0.170309 0.011661 200 203 1000 1003 10000 10000 0 10
0.166667 0.167993 0.011809 200 196 1000 1007 10000 10000 0 10
0.166667 0.173389 0.011879 200 208 1000 969 10000 10000 0 10
0.166667 0.154021 0.011247 200 187 1000 1037 10000 10000 0 10
0.166667 0.183104 0.012022 200 228 1000 991 10000 10000 0 10
0.166667 0.142613 0.010887 200 184 1000 1042 10000 10000 0 10
0.166667 0.167011 0.011964 200 195 1000 959 10000 10000 0 10
0.166667 0.165445 0.011890 200 197 1000 969 10000 10000 0 10
0.166667 0.175894 0.012154 200 200 1000 965 10000 10000 0 10
0.166667 0.178619 0.012146 200 209 1000 954 10000 10000 0 10
0.166667 0.168401 0.011989 200 191 1000 972 10000 10000 0 10
0.166667 0.181320 0.011977 200 215 1000 1001 10000 10000 0 10
0.166667 0.153168 0.011684 200 174 1000 982 10000 10000 0 10
0.166667 0.151562 0.011496 200 178 1000 983 10000 10000 0 10
0.166667 0.168829 0.011538 200 214 1000 1025 10000 10000 0 10
0.166667 0.155275 0.011034 200 188 1000 1065 10000 10000 0 10
0.166667 0.154733 0.011579 200 181 1000 992 10000 10000 0 10
0.166667 0.162525 0.011696 200 186 1000 982 10000 10000 0 10
0.166667 0.152832 0.011456 200 187 1000 997 10000 10000 0 10
0.166667 0.153684 0.011428 200 184 1000 997 10000 10000 0 10
0.166667 0.153274 0.011020 200 193 1000 1074 10000 10000 0 10
0.166667 0.183343 0.012000 200 209 1000 981 10000 10000 0 10
0.166667 0.173944 0.011443 200 209 1000 1053 10000 10000 0 10
0.166667 0.164326 0.011585 200 180 1000 1011 10000 10000 0 10
0.166667 0.180172 0.011738 200 220 1000 1026 10000 10000 0 10
0.166667 0.147325 0.011424 200 169 1000 989 10000 10000 0 10
0.166667 0.153841 0.011235 200 179 1000 1014 10000 10000 0 10
0.166667 0.185719 0.011974 200 226 1000 978 10000 10000 0 10
0.166667 0.154646 0.011584 200 180 1000 971 10000 10000 0 10
0.166667 0.181690 0.012052 200 210 1000 989 10000 10000 0 10
0.166667 0.153144 0.011056 200 190 1000 1065 10000 10000 0 10
0.166667 0.159451 0.011628 200 183 1000 979 10000 10000 0 10
0.166667 0.186870 0.011918 200 220 1000 1005 10000 10000 0 10
0.166667 0.160240 0.011677 200 189 1000 989 10000 10000 0 10
0.166667 0.185430 0.011946 200 213 1000 1000 10000 10000 0 10
0.166667 0.163690 0.011796 200 193 1000 991 10000 10000 0 10
0.166667 0.167740 0.011500 200 204 1000 1049 10000 10000 0 10
0.166667 0.166687 0.011345 200 207 1000 1067 10000 10000 0 10
0.166667 0.177050 0.012039 200 199 1000 1000 10000 10000 0 10
0.166667 0.161334 0.011531 200 193 1000 999 10000 10000 0 10
0.166667 0.152172 0.011261 200 184 1000 1024 10000 10000 0 10
0.166667 0.170706 0.011906 200 197 1000 985 10000 10000 0 10
0.166667 0.168162 0.011294 200 218 1000 1068 10000 10000 0 10
0.166667 0.164881 0.011708 200 189 1000 983 10000 10000 0 10
0.166667 0.162485 0.011483 200 188 1000 1019 10000 10000 0 10
0.166667 0.162630 0.011725 200 193 1000 1014 10000 10000 0 10
0.166667 0.174365 0.012022 200 201 1000 953 10000 10000 0 10
0.166667 0.169967 0.011743 200 211 1000 982 10000 10000 0 10
0.166667 0.161077 0.011523 200 184 1000 1016 10000 10000 0 10
0.166667 0.170401 0.011892 200 195 1000 988 10000 10000 0 10
0.166667 0.172662 0.011679 200 208 1000 1013 10000 10000 0 10
0.166667 0.183124 0.012240 200 215 1000 953 10000 10000 0 10
0.166667 0.183227 0.012158 200 208 1000 967 10000 10000 0 10
0.166667 0.173080 0.011529 200 217 1000 1031 10000 10000 0 10
0.166667 0.160166 0.011524 200 192 1000 1007 10000 10000 0 10
0.166667 0.157162 0.011227 200 198 1000 1042 10000 10000 0 10
0.166667 0.151067 0.011498 200 176 1000 965 10000 10000 0 10
0.166667 0.154782 0.011348 200 180 1000 1006 10000 10000 0 10
0.166667 0.162983 0.011659 200 192 1000 983 10000 10000 0 10
0.166667 0.185825 0.012207 200 205 1000 973 10000 10000 0 10
0.166667 0.166305 0.011717 200 198 1000 987 10000 10000 0 10
0.166667 0.161467 0.011352 200 198 1000 1043 10000 10000 0 10
0.166667 0.156993 0.011494 200 195 1000 1028 10000 10000 0 10
0.166667 0.174838 0.011960 200 213 1000 966 10000 10000 0 10
0.166667 0.156048 0.011376 200 185 1000 1032 10000 10000 0 10
0.166667 0.194035 0.012184 200 222 1000 987 10000 10000 0 10
0.166667 0.166811 0.011583 200 205 1000 1031 10000 10000 0 10
0.166667 0.150839 0.011352 200 180 1000 1002 10000 10000 0 10
0.166667 0.170210 0.011785 200 203 1000 1002 10000 10000 0 10
0.166667 0.172055 0.011920 200 202 1000 974 10000 10000 0 10
0.166667 0.188712 0.012097 200 214 1000 976 10000 10000 0 10
0.166667 0.168978 0.011509 200 207 1000 1029 10000 10000 0 10
0.166667 0.163507 0.011406 200 205 1000 1040 10000 10000 0 10
0.166667 0.161600 0.011552 200 198 1000 998 10000 10000 0 10
0.166667 0.158846 0.011332 200 193 1000 1022 10000 10000 0 10
0.166667 0.158209 0.011299 200 196 1000 1028 10000 10000 0 10
0.166667 0.168285 0.011554 200 199 1000 1028 10000 10000 0 10
0.166667 0.179351 0.011634 200 214 1000 1036 10000 10000 0 10
0.166667 0.163006 0.011628 200 199 1000 1019 10000 10000 0 10
0.166667 0.167685 0.011508 200 198 1000 1007 10000 10000 0 10
0.166667 0.164837 0.011523 200 205 1000 1030 10000 10000 0 10
0.166667 0.174046 0.012111 200 196 1000 942 10000 10000 0 10
0.166667 0.175750 0.012251 200 196 1000 953 10000 10000 0 10
0.166667 0.180825 0.011872 200 215 1000 1009 10000 10000 0 10
0.166667 0.168219 0.012024 200 180 1000 965 10000 10000 0 10
0.166667 0.190638 0.012206 200 224 1000 984 10000 10000 0 10
0.166667 0.151763 0.011441 200 184 1000 997 10000 10000 0 10
0.166667 0.160379 0.011535 200 195 1000 1011 10000 10000 0 10
0.166667 0.151153 0.011233 200 180 1000 1023 10000 10000 0 10
0.166667 0.163056 0.011054 200 201 1000 1094 10000 10000 0 10
0.166667 0.158262 0.011341 200 191 1000 1037 10000 10000 0 10
0.166667 0.165350 0.011738 200 197 1000 983 10000 10000 0 10
0.166667 0.155295 0.011416 200 183 1000 1012 10000 10000 0 10
0.166667 0.177523 0.012008 200 212 1000 970 10000 10000 0 10
0.166667 0.192067 0.012298 200 229 1000 962 10000 10000 0 10
0.166667 0.180009 0.011943 200 205 1000 981 10000 10000 0 10
0.166667 0.169162 0.011964 200 186 1000 955 10000 10000 0 10
0.166667 0.177627 0.011699 200 203 1000 1013 10000 10000 0 10
0.166667 0.185742 0.011977 200 216 1000 990 10000 10000 0 10
0.166667 0.185557 0.012311 200 208 1000 962 10000 10000 0 10
0.166667 0.157304 0.011657 200 185 1000 971 10000 10000 0 10
0.166667 0.162794 0.011815 200 196 1000 977 10000 10000 0 10
0.166667 0.161963 0.011716 200 192 1000 1000 10000 10000 0 10
0.166667 0.173450 0.012149 200 210 1000 964 10000 10000 0 10
0.166667 0.166963 0.011807 200 200 1000 995 10000 10000 0 10
0.166667 0.150556 0.010904 200 191 1000 1090 10000 10000 0 10
0.166667 0.152084 0.011651 200 168 1000 962 10000 10000 0 10
0.166667 0.167129 0.011699 200 190 1000 980 10000 10000 0 10
0.166667 0.162484 0.011569 200 186 1000 1006 10000 10000 0 10
0.166667 0.158515 0.011360 200 187 1000 1016 10000 10000 0 10
0.166667 0.160810 0.011556 200 187 1000 1015 10000 10000 0 10
0.166667 0.165359 0.011406 200 189 1000 1037 10000 10000 0 10
0.166667 0.176729 0.011867 200 210 1000 1005 10000 10000 0 10
0.166667 0.184839 0.012339 200 205 1000 945 10000 10000 0 10
0.166667 0.167438 0.011594 200 213 1000 1021 10000 10000 0 10
0.166667 0.168655 0.011927 200 191 1000 978 10000 10000 0 10
0.166667 0.155832 0.011214 200 190 1000 1033 10000 10000 0 10
0.166667 0.153958 0.011040 200 190 1000 1047 10000 10000 0 10
0.166667 0.138692 0.010862 200 160 1000 1044 10000 10000 0 10
0.166667 0.180315 0.012161 200 199 1000 942 10000 10000 0 10
0.166667 0.183003 0.012164 200 217 1000 980 10000 10000 0 10
0.166667 0.172044 0.012048 200 197 1000 969 10000 10000 0 10
0.166667 0.160076 0.011596 200 190 1000 1000 10000 10000 0 10
0.166667 0.182915 0.012033 200 224 1000 999 10000 10000 0 10
0.166667 0.172977 0.011673 200 204 1000 1023 10000 10000 0 10
0.166667 0.175308 0.011799 200 213 1000 1003 10000 10000 0 10
0.166667 0.171907 0.011837 200 201 1000 990 10000 10000 0 10
0.166667 0.161552 0.011553 200 193 1000 1003 10000 10000 0 10
0.166667 0.172634 0.011874 200 200 1000 997 10000 10000 0 10
0.166667 0.160042 0.011490 200 191 1000 1024 10000 10000 0 10
0.166667 0.151590 0.011318 200 179 1000 991 10000 10000 0 10
0.166667 0.177948 0.012015 200 214 1000 983 10000 10000 0 10
0.166667 0.155590 0.011582 200 183 1000 979 10000 10000 0 10
0.166667 0.172256 0.011675 200 201 1000 1034 10000 10000 0 10
0.166667 0.143901 0.011199 200 174 1000 1004 10000 10000 0 10
0.166667 0.165120 0.011592 200 187 1000 1001 10000 10000 0 10
0.166667 0.171393 0.012065 200 203 1000 966 10000 10000 0 10
0.166667 0.181750 0.011986 200 217 1000 989 10000 10000 0 10
0.166667 0.164181 0.011711 200 189 1000 990 10000 10000 0 10
0.166667 0.156551 0.011278 200 190 1000 1020 10000 10000 0 10
0.166667 0.153986 0.011446 200 187 1000 990 10000 10000 0 10
0.166667 0.170520 0.011579 200 204 1000 1029 10000 10000 0 10
0.166667 0.164830 0.011730 200 197 1000 993 10000 10000 0 10
0.166667 0.153375 0.011414 200 177 1000 1008 10000 10000 0 10
0.166667 0.171156 0.011387 200 219 1000 1069 10000 10000 0 10
0.166667 0.170517 0.011375 200 219 1000 1056 10000 10000 0 10
0.166667 0.180549 0.011979 200 202 1000 997 10000 10000 0 10
0.166667 0.180989 0.012446 200 197 1000 919 10000 10000 0 10
0.166667 0.178422 0.011998 200 214 1000 992 10000 10000 0 10
0.166667 0.151180 0.011303 200 185 1000 1040 10000 10000 0 10
0.166667 0.160144 0.011040 200 208 1000 1065 10000 10000 0 10
0.166667 0.186490 0.012006 200 225 1000 999 10000 10000 0 10
0.166667 0.169716 0.011771 200 197 1000 985 10000 10000 0 10
0.166667 0.158684 0.011422 200 194 1000 1013 10000 10000 0 10
0.166667 0.175827 0.012066 200 199 1000 983 10000 10000 0 10
0.166667 0.183870 0.012052 200 224 1000 995 10000 10000 0 10
0.166667 0.179116 0.012192 200 196 1000 945 10000 10000 0 10
0.166667 0.191833 0.012419 200 219 1000 928 10000 10000 0 10
0.166667 0.174618 0.011869 200 206 1000 972 10000 10000 0 10
0.166667 0.160532 0.011492 200 200 1000 993 10000 10000 0 10
0.166667 0.166557 0.011663 200 206 1000 1009 10000 10000 0 10
0.166667 0.154632 0.011177 200 189 1000 1023 10000 10000 0 10
0.166667 0.168176 0.011748 200 203 1000 1013 10000 10000 0 10
0.166667 0.166207 0.011596 200 196 1000 1019 10000 10000 0 10
0.166667 0.165955 0.011638 200 200 1000 1009 10000 10000 0 10
0.166667 0.171906 0.011731 200 219 1000 1012 10000 10000 0 10
0.166667 0.180681 0.012105 200 210 1000 972 10000 10000 0 10
0.166667 0.180614 0.011841 200 216 1000 1013 10000 10000 0 10
0.166667 0.184017 0.012015 200 216 1000 1008 10000 10000 0 10
0.166667 0.165907 0.011308 200 215 1000 1070 10000 10000 0 10
0.166667 0.158688 0.011610 200 201 1000 988 10000 10000 0 10
0.166667 0.165344 0.011730 200 193 1000 985 10000 10000 0 10
0.166667 0.179969 0.011886 200 210 1000 1007 10000 10000 0 10
0.166667 0.180216 0.012211 200 204 1000 960 10000 10000 0 10
0.166667 0.165589 0.011434 200 200 1000 1025 10000 10000 0 10
0.166667 0.174249 0.011951 200 203 1000 981 10000 10000 0 10
0.166667 0.166146 0.011814 200 195 1000 987 10000 10000 0 10
0.166667 0.180356 0.012077 200 203 1000 982 10000 10000 0 10
0.166667 0.167346 0.012072 200 183 1000 948 10000 10000 0 10
0.166667 0.156969 0.011416 200 190 1000 997 10000 10000 0 10
0.166667 0.161488 0.011474 200 187 1000 1013 10000 10000 0 10
0.166667 0.177409 0.011904 200 204 1000 995 10000 10000 0 10
0.166667 0.161815 0.011665 200 181 1000 993 10000 10000 0 10
0.166667 0.163069 0.011719 200 180 1000 984 10000 10000 0 10
0.166667 0.185428 0.012193 200 215 1000 964 10000 10000 0 10
0.166667 0.170213 0.011849 200 203 1000 986 10000 10000 0 10
0.166667 0.155177 0.011696 200 178 1000 971 10000 10000 0 10
0.166667 0.167111 0.011674 200 196 1000 998 10000 10000 0 10
0.166667 0.203225 0.012300 200 233 1000 983 10000 10000 0 10
0.166667 0.150966 0.011235 200 170 1000 1031 10000 10000 0 10
0.166667 0.177673 0.011707 200 206 1000 1018 10000 10000 0 10
0.166667 0.168772 0.011741 200 195 1000 996 10000 10000 0 10
0.166667 0.163096 0.011371 200 202 1000 1029 10000 10000 0 10
0.166667 0.172363 0.011947 200 199 1000 985 10000 10000 0 10
0.166667 0.168243 0.011509 200 206 1000 1021 10000 10000 0 10
0.166667 0.178812 0.011546 200 221 1000 1032 10000 10000 0 10
0.166667 0.172266 0.011780 200 213 1000 994 10000 10000 0 10
0.166667 0.168885 0.011596 200 199 1000 1022 10000 10000 0 10
0.166667 0.165549 0.011709 200 194 1000 967 10000 10000 0 10
0.166667 0.170251 0.011527 200 218 1000 1062 10000 10000 0 10
0.166667 0.166817 0.011511 200 199 1000 1022 10000 10000 0 10
0.166667 0.190546 0.012055 200 225 1000 1009 10000 10000 0 10
0.166667 0.164045 0.011708 200 208 1000 998 10000 10000 0 10
0.166667 0.174573 0.011840 200 210 1000 988 10000 10000 0 10
0.166667 0.150665 0.011149 200 181 1000 1035 10000 10000 0 10
0.166667 0.182011 0.011849 200 220 1000 998 10000 10000 0 10
0.166667 0.177360 0.011695 200 218 1000 1022 10000 10000 0 10
0.166667 0.166351 0.011660 200 193 1000 997 10000 10000 0 10
0.166667 0.172158 0.011330 200 208 1000 1083 10000 10000 0 10
0.166667 0.163919 0.011581 200 196 1000 1011 10000 10000 0 10
0.166667 0.181368 0.011758 200 227 1000 1051 10000 10000 0 10
0.166667 0.169615 0.011884 200 200 1000 978 10000 10000 0 10
0.166667 0.168564 0.011596 200 208 1000 1029 10000 10000 0 10
0.166667 0.153842 0.011340 200 186 1000 1006 10000 10000 0 10
0.166667 0.174586 0.011697 200 204 1000 1018 10000 10000 0 10
0.166667 0.167069 0.011676 200 195 1000 1008 10000 10000 0 10
0.166667 0.161311 0.011669 200 183 1000 970 10000 10000 0 10
0.166667 0.157337 0.012106 200 168 1000 910 10000 10000 0 10
0.166667 0.160236 0.011480 200 193 1000 1014 10000 10000 0 10
0.166667 0.165118 0.011507 200 184 1000 1006 10000 10000 0 10
0.166667 0.168207 0.011968 200 190 1000 950 10000 10000 0 10
0.166667 0.169241 0.011801 200 190 1000 994 10000 10000 0 10
0.166667 0.176979 0.011913 200 204 1000 992 10000 10000 0 10
0.166667 0.215522 0.013189 200 237 1000 886 10000 10000 0 10
0.166667 0.177874 0.011779 200 217 1000 1017 10000 10000 0 10
0.166667 0.160097 0.011617 200 188 1000 977 10000 10000 0 10
0.166667 0.166488 0.011310 200 210 1000 1044 10000 10000 0 10
0.166667 0.159286 0.011403 200 199 1000 1048 10000 10000 0 10
0.166667 0.165187 0.011465 200 200 1000 1032 10000 10000 0 10
0.166667 0.172701 0.011679 200 200 1000 992 10000 10000 0 10
0.166667 0.197734 0.012109 200 236 1000 1016 10000 10000 0 10
0.166667 0.194541 0.012517 200 215 1000 948 10000 10000 0 10
0.166667 0.149839 0.011229 200 188 1000 1034 10000 10000 0 10
0.166667 0.176165 0.012083 200 202 1000 962 10000 10000 0 10
0.166667 0.152206 0.011377 200 178 1000 981 10000 10000 0 10
0.166667 0.180949 0.011822 200 208 1000 1009 10000 10000 0 10
0.166667 0.170854 0.011632 200 208 1000 1028 10000 10000 0 10
0.166667 0.170724 0.011775 200 202 1000 1006 10000 10000 0 10
0.166667 0.179609 0.011862 200 209 1000 1005 10000 10000 0 10
0.166667 0.166497 0.011713 200 202 1000 986 10000 10000 0 10
0.166667 0.189761 0.012687 200 198 1000 902 10000 10000 0 10
0.166667 0.173739 0.011702 200 205 1000 1002 10000 10000 0 10
0.166667 0.162952 0.011754 200 186 1000 963 10000 10000 0 10
0.166667 0.169704 0.011527 200 201 1000 1031 10000 10000 0 10
0.166667 0.173530 0.012049 200 190 1000 951 10000 10000 0 10
0.166667 0.182339 0.012096 200 201 1000 980 10000 10000 0 10
0.166667 0.178913 0.011714 200 226 1000 1006 10000 10000 0 10
0.166667 0.175216 0.011916 200 212 1000 997 10000 10000 0 10
0.166667 0.168282 0.011647 200 185 1000 1030 10000 10000 0 10
0.166667 0.148112 0.011018 200 180 1000 1030 10000 10000 0 10
0.166667 0.156412 0.011572 200 175 1000 988 10000 10000 0 10
0.166667 0.167286 0.011462 200 206 1000 1044 10000 10000 0 10
0.166667 0.183767 0.012233 200 219 1000 974 10000 10000 0 10
0.166667 0.158921 0.011549 200 184 1000 1019 10000 10000 0 10
0.166667 0.178283 0.011888 200 205 1000 981 10000 10000 0 10
0.166667 0.180015 0.012030 200 214 1000 985 10000 10000 0 10
0.166667 0.179829 0.011974 200 212 1000 987 10000 10000 0 10
0.166667 0.161828 0.011919 200 177 1000 966 10000 10000 0 10
0.166667 0.157105 0.011460 200 180 1000 996 10000 10000 0 10
0.166667 0.175664 0.012281 200 200 1000 922 10000 10000 0 10
0.166667 0.154435 0.011086 200 197 1000 1043 10000 10000 0 10
0.166667 0.195912 0.012174 200 242 1000 1001 10000 10000 0 10
0.166667 0.160227 0.011166 200 204 1000 1054 10000 10000 0 10
0.166667 0.171920 0.011789 200 205 1000 1000 10000 10000 0 10
0.166667 0.172390 0.011792 200 197 1000 983 10000 10000 0 10
0.166667 0.152545 0.011435 200 179 1000 995 10000 10000 0 10
0.166667 0.160900 0.011519 200 187 1000 1009 10000 10000 0 10
0.166667 0.173981 0.011757 200 211 1000 1028 10000 10000 0 10
0.166667 0.178611 0.011986 200 208 1000 987 10000 10000 0 10
0.166667 0.162232 0.011867 200 176 1000 973 10000 10000 0 10
0.166667 0.174576 0.011782 200 202 1000 993 10000 10000 0 10
0.166667 0.153937 0.011605 200 182 1000 970 10000 10000 0 10
0.166667 0.197148 0.012270 200 238 1000 996 10000 10000 0 10
0.166667 0.161798 0.011371 200 199 1000 1023 10000 10000 0 10
0.166667 0.193089 0.011993 200 240 1000 1027 10000 10000 0 10
0.166667 0.158477 0.011708 200 189 1000 977 10000 10000 0 10
0.166667 0.157309 0.011354 200 195 1000 1015 10000 10000 0 10
0.166667 0.179430 0.011863 200 211 1000 1001 10000 10000 0 10
0.166667 0.165883 0.011425 200 196 1000 1054 10000 10000 0 10
0.166667 0.161556 0.011448 200 197 1000 1018 10000 10000 0 10
0.166667 0.161177 0.011212 200 206 1000 1058 10000 10000 0 10
0.166667 0.168415 0.011613 200 213 1000 1013 10000 10000 0 10
0.166667 0.156391 0.011318 200 186 1000 1016 10000 10000 0 10
0.166667 0.162607 0.011614 200 207 1000 1005 10000 10000 0 10
0.166667 0.167934 0.011927 200 184 1000 954 10000 10000 0 10
0.166667 0.166620 0.011458 200 199 1000 1029 10000 10000 0 10
0.166667 0.158855 0.011419 200 195 1000 1009 10000 10000 0 10
0.166667 0.172075 0.011608 200 205 1000 1036 10000 10000 0 10
0.166667 0.169866 0.011660 200 209 1000 1025 10000 10000 0 10
0.166667 0.152738 0.010915 200 199 1000 1088 10000 10000 0 10
0.166667 0.149899 0.011722 200 174 1000 939 10000 10000 0 10
0.166667 0.157617 0.011371 200 199 1000 1023 10000 10000 0 10
0.166667 0.160894 0.011548 200 190 1000 995 10000 10000 0 10
0.166667 0.178484 0.012010 200 211 1000 993 10000 10000 0 10
0.166667 0.188347 0.012440 200 213 1000 930 10000 10000 0 10
0.166667 0.158215 0.011280 200 197 1000 1056 10000 10000 0 10
0.166667 0.169835 0.011844 200 202 1000 992 10000 10000 0 10
0.166667 0.150202 0.011118 200 187 1000 1011 10000 10000 0 10
0.166667 0.154138 0.011428 200 187 1000 1012 10000 10000 0 10
0.166667 0.169550 0.012105 200 194 1000 932 10000 10000 0 10
0.166667 0.167147 0.011424 200 200 1000 1051 10000 10000 0 10
0.166667 0.171051 0.011668 200 202 1000 1027 10000 10000 0 10
0.166667 0.173384 0.011715 200 211 1000 996 10000 10000 0 10
0.166667 0.174618 0.011795 200 214 1000 1014 10000 10000 0 10
0.166667 0.163327 0.011663 200 202 1000 990 10000 10000 0 10
0.166667 0.168296 0.011571 200 203 1000 999 10000 10000 0 10
0.166667 0.166715 0.011560 200 205 1000 1013 10000 10000 0 10
0.166667 0.186878 0.011934 200 224 1000 1022 10000 10000 0 10
0.166667 0.178340 0.011844 200 214 1000 995 10000 10000 0 10
0.166667 0.149078 0.011081 200 171 1000 1051 10000 10000 0 10
0.166667 0.169090 0.011726 200 204 1000 1025 10000 10000 0 10
0.166667 0.149121 0.011303 200 181 1000 1005 10000 10000 0 10
0.166667 0.162072 0.011370 200 200 1000 1045 10000 10000 0 10
0.166667 0.162381 0.011811 200 187 1000 987 10000 10000 0 10
0.166667 0.166860 0.011680 200 192 1000 994 10000 10000 0 10
0.166667 0.171025 0.011631 200 212 1000 1021 10000 10000 0 10
0.166667 0.153820 0.011615 200 178 1000 968 10000 10000 0 10
0.166667 0.173678 0.011675 200 201 1000 1010 10000 10000 0 10
0.166667 0.157800 0.011513 200 178 1000 1015 10000 10000 0 10
0.166667 0.175466 0.011663 200 213 1000 1037 10000 10000 0 10
0.166667 0.170763 0.011730 200 197 1000 998 10000 10000 0 10
0.166667 0.159972 0.011219 200 212 1000 1052 10000 10000 0 10
0.166667 0.154695 0.011080 200 190 1000 1063 10000 10000 0 10
0.166667 0.157174 0.011617 200 178 1000 972 10000 10000 0 10
0.166667 0.178385 0.012225 200 199 1000 948 10000 10000 0 10
0.166667 0.160629 0.011651 200 186 1000 967 10000 10000 0 10
0.166667 0.158264 0.011349 200 192 1000 1037 10000 10000 0 10
0.166667 0.140318 0.010801 200 184 1000 1079 10000 10000 0 10
0.166667 0.171735 0.011824 200 193 1000 1010 10000 10000 0 10
0.166667 0.160249 0.011543 200 199 1000 999 10000 10000 0 10
0.166667 0.155906 0.011105 200 184 1000 1070 10000 10000 0 10
0.166667 0.184127 0.012207 200 222 1000 956 10000 10000 0 10
0.166667 0.149841 0.011418 200 169 1000 984 10000 10000 0 10
0.166667 0.169087 0.011600 200 199 1000 1030 10000 10000 0 10
0.166667 0.172535 0.011941 200 201 1000 987 10000 10000 0 10
0.166667 0.176413 0.011875 200 213 1000 1006 10000 10000 0 10
0.166667 0.166247 0.011844 200 186 1000 962 10000 10000 0 10
0.166667 0.184754 0.011953 200 223 1000 1009 10000 10000 0 10
0.166667 0.168960 0.011811 200 200 1000 976 10000 10000 0 10
0.166667 0.183441 0.012107 200 217 1000 968 10000 10000 0 10
0.166667 0.158638 0.011282 200 186 1000 1035 10000 10000 0 10
0.166667 0.155198 0.011136 200 188 1000 1052 10000 10000 0 10
0.166667 0.160705 0.011435 200 194 1000 1012 10000 10000 0 10
0.166667 0.184937 0.011985 200 220 1000 1005 10000 10000 0 10
0.166667 0.164974 0.011603 200 204 1000 1018 10000 10000 0 10
0.166667 0.142856 0.011169 200 176 1000 1005 10000 10000 0 10
0.166667 0.164188 0.011733 200 192 1000 985 10000 10000 0 10
0.166667 0.156117 0.011438 200 188 1000 997 10000 10000 0 10
0.166667 0.185777 0.012240 200 219 1000 981 10000 10000 0 10
0.166667 0.184454 0.011777 200 219 1000 1023 10000 10000 0 10
0.166667 0.184382 0.012024 200 214 1000 972 10000 10000 0 10
0.166667 0.163570 0.011274 200 201 1000 1051 10000 10000 0 10
0.166667 0.153994 0.011236 200 175 1000 1052 10000 10000 0 10
0.166667 0.187983 0.012003 200 227 1000 996 10000 10000 0 10
0.166667 0.156566 0.011516 200 178 1000 980 10000 10000 0 10
0.166667 0.161680 0.011535 200 198 1000 1010 10000 10000 0 10
0.166667 0.194270 0.012395 200 216 1000 963 10000 10000 0 10
0.166667 0.183796 0.011781 200 221 1000 1034 10000 10000 0 10
0.166667 0.165463 0.011838 200 186 1000 960 10000 10000 0 10
0.166667 0.168237 0.011658 200 194 1000 1006 10000 10000 0 10
0.166667 0.192856 0.012117 200 219 1000 985 10000 10000 0 10
0.166667 0.143704 0.011063 200 179 1000 1019 10000 10000 0 10
0.166667 0.171839 0.011700 200 208 1000 1010 10000 10000 0 10
0.166667 0.172997 0.011846 200 203 1000 989 10000 10000 0 10
0.166667 0.187397 0.012156 200 213 1000 989 10000 10000 0 10
0.166667 0.180647 0.011679 200 220 1000 1029 10000 10000 0 10
0.166667 0.187665 0.012215 200 218 1000 984 10000 10000 0 10
0.166667 0.175986 0.011732 200 221 1000 1022 10000 10000 0 10
0.166667 0.175649 0.011891 200 195 1000 992 10000 10000 0 10
0.166667 0.153379 0.011465 200 177 1000 985 10000 10000 0 10
0.166667 0.167809 0.011991 200 194 1000 982 10000 10000 0 10
0.166667 0.185522 0.012006 200 220 1000 1002 10000 10000 0 10
0.166667 0.180135 0.011776 200 216 1000 997 10000 10000 0 10
0.166667 0.166603 0.011804 200 202 1000 978 10000 10000 0 10
0.166667 0.176435 0.011552 200 227 1000 1065 10000 10000 0 10
0.166667 0.171803 0.012110 200 202 1000 946 10000 10000 0 10
0.166667 0.157826 0.011262 200 192 1000 1036 10000 10000 0 10
0.166667 0.169874 0.011635 200 207 1000 1006 10000 10000 0 10
0.166667 0.166967 0.011472 200 196 1000 1049 10000 10000 0 10
0.166667 0.158418 0.011228 200 193 1000 1036 10000 10000 0 10
0.166667 0.175482 0.011759 200 218 1000 998 10000 10000 0 10
0.166667 0.183967 0.011984 200 224 1000 974 10000 10000 0 10
0.166667 0.182308 0.012045 200 211 1000 975 10000 10000 0 10
