0.166667 0.172863 0.011982 200 195 1000 1006 1000 1000 100 5
0.166667 0.173346 0.012008 200 194 1000 997 1000 1000 100 5
0.166667 0.183507 0.012468 200 193 1000 990 1000 1000 100 5
0.166667 0.151472 0.011767 200 192 1000 997 1000 1000 100 5
0.166667 0.184264 0.012413 200 202 1000 974 1000 1000 100 5
0.166667 0.196863 0.012171 200 231 1000 1024 1000 1000 100 5
0.166667 0.157738 0.011732 200 190 1000 1043 1000 1000 100 5
0.166667 0.178257 0.012103 200 200 1000 1002 1000 1000 100 5
0.166667 0.181792 0.012223 200 218 1000 1039 1000 1000 100 5
0.166667 0.173232 0.012335 200 201 1000 977 1000 1000 100 5
0.166667 0.162732 0.011859 200 188 1000 1018 1000 1000 100 5
0.166667 0.165651 0.011709 200 196 1000 1027 1000 1000 100 5
0.166667 0.189483 0.012632 200 222 1000 983 1000 1000 100 5
0.166667 0.185394 0.012397 200 217 1000 1014 1000 1000 100 5
0.166667 0.158927 0.011303 200 190 1000 1075 1000 1000 100 5
0.166667 0.165977 0.011874 200 200 1000 1038 1000 1000 100 5
0.166667 0.171805 0.012394 200 192 1000 960 1000 1000 100 5
0.166667 0.170474 0.012052 200 189 1000 1001 1000 1000 100 5
0.166667 0.171262 0.012337 200 182 1000 965 1000 1000 100 5
0.166667 0.163906 0.011771 200 181 1000 1028 1000 1000 100 5
0.166667 0.172605 0.011970 200 209 1000 1037 1000 1000 100 5
0.166667 0.157609 0.011619 200 203 1000 1044 1000 1000 100 5
0.166667 0.164978 0.011977 200 175 1000 981 1000 1000 100 5
0.166667 0.183234 0.012216 200 207 1000 1023 1000 1000 100 5
0.166667 0.164255 0.011901 200 186 1000 1005 1000 1000 100 5
0.166667 0.169470 0.011841 200 204 1000 1028 1000 1000 100 5
0.166667 0.186893 0.012334 200 203 1000 969 1000 1000 100 5
0.166667 0.181608 0.012120 200 208 1000 990 1000 1000 100 5
0.166667 0.158850 0.012105 200 174 1000 989 1000 1000 100 5
0.166667 0.171953 0.012465 200 186 1000 964 1000 1000 100 5
0.166667 0.199524 0.012865 200 208 1000 945 1000 1000 100 5
0.166667 0.178666 0.012885 200 185 1000 918 1000 1000 100 5
0.166667 0.187542 0.012464 200 216 1000 982 1000 1000 100 5
0.166667 0.154613 0.011868 200 176 1000 997 1000 1000 100 5
0.166667 0.167898 0.011506 200 209 1000 1047 1000 1000 100 5
0.166667 0.159206 0.012128 200 183 1000 983 1000 1000 100 5
0.166667 0.180986 0.012163 200 208 1000 1009 1000 1000 100 5
0.166667 0.170182 0.012059 200 216 1000 993 1000 1000 100 5
0.166667 0.164550 0.011639 200 192 1000 1019 1000 1000 100 5
0.166667 0.166499 0.012017 200 189 1000 991 1000 1000 100 5
0.166667 0.179123 0.012167 200 208 1000 1016 1000 1000 100 5
0.166667 0.171886 0.012086 200 205 1000 1002 1000 1000 100 5
0.166667 0.176978 0.012091 200 202 1000 1012 1000 1000 100 5
0.166667 0.164097 0.011788 200 183 1000 1017 1000 1000 100 5
0.166667 0.171783 0.012226 200 208 1000 1000 1000 1000 100 5
0.166667 0.187510 0.012424 200 209 1000 1008 1000 1000 100 5
0.166667 0.172505 0.012838 200 176 1000 900 1000 1000 100 5
0.166667 0.143137 0.011453 200 183 1000 1038 1000 1000 100 5
0.166667 0.175667 0.012094 200 207 1000 998 1000 1000 100 5
0.166667 0.174677 0.012283 200 199 1000 1012 1000 1000 100 5
0.166667 0.149843 0.011600 200 170 1000 986 1000 1000 100 5
0.166667 0.186772 0.012493 200 202 1000 975 1000 1000 100 5
0.166667 0.152949 0.012183 200 169 1000 955 1000 1000 100 5
0.166667 0.184272 0.012428 200 221 1000 984 1000 1000 100 5
0.166667 0.165775 0.011909 200 195 1000 989 1000 1000 100 5
0.166667 0.157058 0.011423 200 190 1000 1066 1000 1000 100 5
0.166667 0.184259 0.011872 200 228 1000 1073 1000 1000 100 5
0.166667 0.184056 0.012666 200 201 1000 941 1000 1000 100 5
0.166667 0.164945 0.012045 200 194 1000 1000 1000 1000 100 5
0.166667 0.179085 0.012141 200 205 1000 1016 1000 1000 100 5
0.166667 0.180355 0.012154 200 197 1000 1009 1000 1000 100 5
0.166667 0.182655 0.012180 200 201 1000 1012 1000 1000 100 5
0.166667 0.176937 0.012042 200 197 1000 999 1000 1000 100 5
0.166667 0.178595 0.012252 200 207 1000 1006 1000 1000 100 5
0.166667 0.173894 0.012022 200 200 1000 993 1000 1000 100 5
0.166667 0.157263 0.011885 200 197 1000 1017 1000 1000 100 5
0.166667 0.186836 0.012591 200 214 1000 964 1000 1000 100 5
0.166667 0.188539 0.012378 200 211 1000 998 1000 1000 100 5
0.166667 0.161191 0.011786 200 179 1000 1034 1000 1000 100 5
0.166667 0.177426 0.012211 200 215 1000 1007 1000 1000 100 5
0.166667 0.153022 0.012031 200 192 1000 967 1000 1000 100 5
0.166667 0.204017 0.012919 200 223 1000 950 1000 1000 100 5
0.166667 0.163715 0.012077 200 194 1000 1014 1000 1000 100 5
0.166667 0.180397 0.012305 200 206 1000 987 1000 1000 100 5
0.166667 0.147193 0.012014 200 169 1000 953 1000 1000 100 5
0.166667 0.173217 0.012162 200 197 1000 1001 1000 1000 100 5
0.166667 0.180022 0.012255 200 203 1000 990 1000 1000 100 5
0.166667 0.160929 0.011772 200 184 1000 998 1000 1000 100 5
0.166667 0.188760 0.011864 200 227 1000 1059 1000 1000 100 5
0.166667 0.188772 0.012142 200 216 1000 1019 1000 1000 100 5
0.166667 0.148868 0.011677 200 171 1000 980 1000 1000 100 5
0.166667 0.175588 0.012100 200 206 1000 1006 1000 1000 100 5
0.166667 0.196584 0.012751 200 229 1000 966 1000 1000 100 5
0.166667 0.146758 0.011920 200 183 1000 990 1000 1000 100 5
0.166667 0.164934 0.012047 200 194 1000 993 1000 1000 100 5
0.166667 0.167425 0.011831 200 189 1000 1023 1000 1000 100 5
0.166667 0.149304 0.011619 200 181 1000 1026 1000 1000 100 5
0.166667 0.179025 0.012498 200 203 1000 950 1000 1000 100 5
0.166667 0.179308 0.012219 200 203 1000 1008 1000 1000 100 5
0.166667 0.162030 0.011665 200 201 1000 1025 1000 1000 100 5
0.166667 0.158474 0.011454 200 197 1000 1037 1000 1000 100 5
0.166667 0.175531 0.012270 200 216 1000 998 1000 1000 100 5
0.166667 0.167991 0.011859 200 198 1000 1027 1000 1000 100 5
0.166667 0.172527 0.012176 200 198 1000 1013 1000 1000 100 5
0.166667 0.178499 0.012021 200 204 1000 1010 1000 1000 100 5
0.166667 0.197565 0.012545 200 228 1000 982 1000 1000 100 5
0.166667 0.182672 0.012246 200 215 1000 989 1000 1000 100 5
0.166667 0.157640 0.011653 200 207 1000 1041 1000 1000 100 5
0.166667 0.173244 0.012378 200 205 1000 988 1000 1000 100 5
0.166667 0.193883 0.012559 200 211 1000 978 1000 1000 100 5
0.166667 0.181828 0.012098 200 207 1000 998 1000 1000 100 5
0.166667 0.189794 0.012356 200 213 1000 1006 1000 1000 100 5
0.166667 0.183404 0.012497 200 203 1000 985 1000 1000 100 5
0.166667 0.175549 0.012115 200 221 1000 1020 1000 1000 100 5
0.166667 0.191434 0.012721 200 211 1000 952 1000 1000 100 5
0.166667 0.179959 0.011741 200 216 1000 1042 1000 1000 100 5
0.166667 0.171983 0.012449 200 197 1000 973 1000 1000 100 5
0.166667 0.181358 0.012087 200 222 1000 1035 1000 1000 100 5
0.166667 0.153129 0.011730 200 192 1000 1034 1000 1000 100 5
0.166667 0.168921 0.012172 200 199 1000 996 1000 1000 100 5
0.166667 0.162113 0.011685 200 178 1000 1032 1000 1000 100 5
0.166667 0.183499 0.012164 200 210 1000 1014 1000 1000 100 5
0.166667 0.162831 0.012369 200 177 1000 963 1000 1000 100 5
0.166667 0.165108 0.011694 200 204 1000 1043 1000 1000 100 5
0.166667 0.130587 0.011239 200 155 1000 1034 1000 1000 100 5
0.166667 0.190531 0.012523 200 213 1000 991 1000 1000 100 5
0.166667 0.180121 0.012034 200 200 1000 1006 1000 1000 100 5
0.166667 0.184644 0.012598 200 219 1000 953 1000 1000 100 5
0.166667 0.174483 0.012652 200 188 1000 924 1000 1000 100 5
0.166667 0.177888 0.012239 200 203 1000 977 1000 1000 100 5
0.166667 0.174994 0.012003 200 215 1000 1018 1000 1000 100 5
0.166667 0.166771 0.012165 200 195 1000 996 1000 1000 100 5
0.166667 0.157932 0.011948 200 184 1000 1004 1000 1000 100 5
0.166667 0.166964 0.011886 200 195 1000 1044 1000 1000 100 5
0.166667 0.153282 0.011542 200 188 1000 1028 1000 1000 100 5
0.166667 0.168513 0.011984 200 206 1000 1001 1000 1000 100 5
0.166667 0.148855 0.011314 200 183 1000 1046 1000 1000 100 5
0.166667 0.193468 0.012297 200 242 1000 1020 1000 1000 100 5
0.166667 0.189196 0.012763 200 210 1000 958 1000 1000 100 5
0.166667 0.160599 0.011402 200 188 1000 1048 1000 1000 100 5
0.166667 0.152069 0.011546 200 178 1000 1014 1000 1000 100 5
0.166667 0.181835 0.012296 200 215 1000 997 1000 1000 100 5
0.166667 0.189195 0.012305 200 231 1000 1027 1000 1000 100 5
0.166667 0.179951 0.011871 200 209 1000 1034 1000 1000 100 5
0.166667 0.180657 0.012122 200 205 1000 1012 1000 1000 100 5
0.166667 0.192215 0.012182 200 210 1000 1042 1000 1000 100 5
0.166667 0.169855 0.012281 200 186 1000 969 1000 1000 100 5
0.166667 0.163808 0.012177 200 191 1000 984 1000 1000 100 5
0.166667 0.173784 0.012342 200 203 1000 982 1000 1000 100 5
0.166667 0.167952 0.012071 200 183 1000 989 1000 1000 100 5
0.166667 0.186760 0.012232 200 198 1000 1006 1000 1000 100 5
0.166667 0.186017 0.012588 200 211 1000 967 1000 1000 100 5
0.166667 0.198984 0.012529 200 216 1000 993 1000 1000 100 5
0.166667 0.186952 0.012182 200 215 1000 1033 1000 1000 100 5
0.166667 0.205182 0.013035 200 218 1000 928 1000 1000 100 5
0.166667 0.172943 0.012042 200 203 1000 1042 1000 1000 100 5
0.166667 0.172994 0.012411 200 187 1000 939 1000 1000 100 5
0.166667 0.170184 0.012200 200 208 1000 984 1000 1000 100 5
0.166667 0.176518 0.012305 200 199 1000 1010 1000 1000 100 5
0.166667 0.175583 0.012121 200 216 1000 1034 1000 1000 100 5
0.166667 0.177067 0.012163 200 203 1000 1033 1000 1000 100 5
0.166667 0.172117 0.012051 200 209 1000 1015 1000 1000 100 5
0.166667 0.193557 0.012782 200 206 1000 938 1000 1000 100 5
0.166667 0.188765 0.012765 200 206 1000 942 1000 1000 100 5
0.166667 0.184719 0.012740 200 205 1000 945 1000 1000 100 5
0.166667 0.165882 0.012363 200 177 1000 958 1000 1000 100 5
0.166667 0.147801 0.011490 200 177 1000 1005 1000 1000 100 5
0.166667 0.181611 0.012306 200 207 1000 1018 1000 1000 100 5
0.166667 0.173146 0.012393 200 199 1000 984 1000 1000 100 5
0.166667 0.144152 0.011681 200 165 1000 980 1000 1000 100 5
0.166667 0.197278 0.012705 200 210 1000 957 1000 1000 100 5
0.166667 0.166758 0.011950 200 190 1000 992 1000 1000 100 5
0.166667 0.157741 0.011734 200 181 1000 1010 1000 1000 100 5
0.166667 0.155806 0.011457 200 196 1000 1037 1000 1000 100 5
0.166667 0.157511 0.011684 200 181 1000 1040 1000 1000 100 5
0.166667 0.192831 0.012770 200 220 1000 968 1000 1000 100 5
0.166667 0.181486 0.012274 200 204 1000 1003 1000 1000 100 5
0.166667 0.199791 0.012358 200 215 1000 998 1000 1000 100 5
0.166667 0.191224 0.012531 200 199 1000 956 1000 1000 100 5
0.166667 0.163781 0.011514 200 189 1000 1038 1000 1000 100 5
0.166667 0.160675 0.011962 200 183 1000 973 1000 1000 100 5
0.166667 0.173301 0.012267 200 202 1000 992 1000 1000 100 5
0.166667 0.148660 0.011844 200 162 1000 964 1000 1000 100 5
0.166667 0.202924 0.012866 200 216 1000 953 1000 1000 100 5
0.166667 0.179676 0.012343 200 195 1000 977 1000 1000 100 5
0.166667 0.157499 0.011658 200 185 1000 1013 1000 1000 100 5
0.166667 0.148403 0.011888 200 181 1000 987 1000 1000 100 5
0.166667 0.179658 0.012042 200 225 1000 1011 1000 1000 100 5
0.166667 0.186337 0.012109 200 212 1000 1043 1000 1000 100 5
0.166667 0.176850 0.012425 200 212 1000 991 1000 1000 100 5
0.166667 0.172592 0.012373 200 201 1000 968 1000 1000 100 5
0.166667 0.177755 0.012448 200 200 1000 964 1000 1000 100 5
0.166667 0.167237 0.012467 200 193 1000 955 1000 1000 100 5
0.166667 0.181561 0.012479 200 223 1000 1010 1000 1000 100 5
0.166667 0.169578 0.011847 200 196 1000 1036 1000 1000 100 5
0.166667 0.177787 0.011941 200 206 1000 1028 1000 1000 100 5
0.166667 0.171914 0.011912 200 208 1000 1021 1000 1000 100 5
0.166667 0.172611 0.012016 200 198 1000 997 1000 1000 100 5
0.166667 0.166127 0.011936 200 192 1000 989 1000 1000 100 5
0.166667 0.187060 0.012731 200 210 1000 977 1000 1000 100 5
0.166667 0.172641 0.011891 200 202 1000 1035 1000 1000 100 5
0.166667 0.189958 0.012466 200 204 1000 975 1000 1000 100 5
0.166667 0.184524 0.012875 200 199 1000 937 1000 1000 100 5
0.166667 0.182998 0.012252 200 216 1000 998 1000 1000 100 5
0.166667 0.156075 0.011670 200 180 1000 1008 1000 1000 100 5
0.166667 0.165473 0.011952 200 189 1000 1010 1000 1000 100 5
0.166667 0.157174 0.011889 200 177 1000 989 1000 1000 100 5
0.166667 0.171963 0.012266 200 206 1000 1009 1000 1000 100 5
0.166667 0.157242 0.011996 200 185 1000 999 1000 1000 100 5
0.166667 0.172120 0.011991 200 209 1000 1043 1000 1000 100 5
0.166667 0.167319 0.012029 200 193 1000 998 1000 1000 100 5
0.166667 0.174685 0.012174 200 214 1000 997 1000 1000 100 5
0.166667 0.173944 0.012249 200 203 1000 1004 1000 1000 100 5
0.166667 0.170069 0.011878 200 195 1000 1016 1000 1000 100 5
0.166667 0.158749 0.011939 200 172 1000 957 1000 1000 100 5
0.166667 0.148017 0.011346 200 176 1000 1022 1000 1000 100 5
0.166667 0.167051 0.011958 200 190 1000 1008 1000 1000 100 5
0.166667 0.179772 0.012482 200 193 1000 983 1000 1000 100 5
0.166667 0.176965 0.012134 200 209 1000 1022 1000 1000 100 5
0.166667 0.191162 0.012359 200 223 1000 1033 1000 1000 100 5
0.166667 0.182161 0.012274 200 212 1000 971 1000 1000 100 5
0.166667 0.174906 0.012009 200 197 1000 1007 1000 1000 100 5
0.166667 0.183496 0.012331 200 221 1000 1007 1000 1000 100 5
0.166667 0.182811 0.012382 200 206 1000 988 1000 1000 100 5
0.166667 0.205476 0.012913 200 227 1000 949 1000 1000 100 5
0.166667 0.197027 0.012577 200 217 1000 992 1000 1000 100 5
0.166667 0.157257 0.011666 200 187 1000 1022 1000 1000 100 5
0.166667 0.191609 0.012424 200 224 1000 992 1000 1000 100 5
0.166667 0.178232 0.012444 200 202 1000 991 1000 1000 100 5
0.166667 0.157736 0.011705 200 183 1000 1015 1000 1000 100 5
0.166667 0.171934 0.011953 200 199 1000 1018 1000 1000 100 5
0.166667 0.183144 0.012482 200 193 1000 965 1000 1000 100 5
0.166667 0.161601 0.011760 200 196 1000 1056 1000 1000 100 5
0.166667 0.188868 0.012532 200 222 1000 998 1000 1000 100 5
0.166667 0.184228 0.012320 200 218 1000 1008 1000 1000 100 5
0.166667 0.191468 0.012314 200 217 1000 1015 1000 1000 100 5
0.166667 0.179903 0.012583 200 204 1000 966 1000 1000 100 5
0.166667 0.172062 0.012186 200 207 1000 1029 1000 1000 100 5
0.166667 0.155803 0.011720 200 180 1000 1031 1000 1000 100 5
0.166667 0.161153 0.012091 200 180 1000 966 1000 1000 100 5
0.166667 0.174701 0.012096 200 194 1000 995 1000 1000 100 5
0.166667 0.198596 0.012529 200 211 1000 992 1000 1000 100 5
0.166667 0.167247 0.011874 200 192 1000 1019 1000 1000 100 5
0.166667 0.194979 0.012232 200 219 1000 1008 1000 1000 100 5
0.166667 0.164453 0.012058 200 174 1000 985 1000 1000 100 5
0.166667 0.189678 0.012464 200 213 1000 984 1000 1000 100 5
0.166667 0.184010 0.012664 200 203 1000 949 1000 1000 100 5
0.166667 0.176452 0.012482 200 193 1000 952 1000 1000 100 5
0.166667 0.171656 0.012144 200 199 1000 986 1000 1000 100 5
0.166667 0.173397 0.012442 200 197 1000 979 1000 1000 100 5
0.166667 0.156556 0.011701 200 176 1000 1008 1000 1000 100 5
0.166667 0.172110 0.012168 200 183 1000 988 1000 1000 100 5
0.166667 0.186174 0.012014 200 206 1000 1047 1000 1000 100 5
0.166667 0.176388 0.012399 200 193 1000 982 1000 1000 100 5
0.166667 0.170430 0.012191 200 199 1000 972 1000 1000 100 5
0.166667 0.169488 0.012190 200 192 1000 952 1000 1000 100 5
0.166667 0.178017 0.012330 200 187 1000 963 1000 1000 100 5
0.166667 0.201174 0.012551 200 209 1000 988 1000 1000 100 5
0.166667 0.191090 0.012426 200 220 1000 1022 1000 1000 100 5
0.166667 0.138486 0.011337 200 165 1000 1030 1000 1000 100 5
0.166667 0.168007 0.012245 200 184 1000 1001 1000 1000 100 5
0.166667 0.176598 0.012092 200 206 1000 1021 1000 1000 100 5
0.166667 0.198866 0.012575 200 229 1000 1000 1000 1000 100 5
0.166667 0.169479 0.011981 200 202 1000 988 1000 1000 100 5
0.166667 0.171078 0.011843 200 209 1000 1029 1000 1000 100 5
0.166667 0.180269 0.012473 200 207 1000 976 1000 1000 100 5
0.166667 0.176370 0.012445 200 206 1000 982 1000 1000 100 5
0.166667 0.191402 0.012277 200 231 1000 1037 1000 1000 100 5
0.166667 0.151512 0.011609 200 170 1000 1012 1000 1000 100 5
0.166667 0.175144 0.012212 200 203 1000 1002 1000 1000 100 5
0.166667 0.204116 0.012815 200 209 1000 977 1000 1000 100 5
0.166667 0.196682 0.012506 200 231 1000 986 1000 1000 100 5
0.166667 0.193563 0.012746 200 214 1000 962 1000 1000 100 5
0.166667 0.186381 0.012577 200 208 1000 986 1000 1000 100 5
0.166667 0.168828 0.012337 200 189 1000 978 1000 1000 100 5
0.166667 0.178752 0.012270 200 207 1000 990 1000 1000 100 5
0.166667 0.179917 0.012035 200 218 1000 1035 1000 1000 100 5
0.166667 0.183989 0.012667 200 195 1000 932 1000 1000 100 5
0.166667 0.173067 0.012477 200 181 1000 954 1000 1000 100 5
0.166667 0.168946 0.011853 200 196 1000 1027 1000 1000 100 5
0.166667 0.184856 0.012412 200 215 1000 1010 1000 1000 100 5
0.166667 0.157321 0.011849 200 179 1000 1008 1000 1000 100 5
0.166667 0.171428 0.012170 200 201 1000 994 1000 1000 100 5
0.166667 0.189025 0.012155 200 208 1000 1007 1000 1000 100 5
0.166667 0.154175 0.011976 200 169 1000 985 1000 1000 100 5
0.166667 0.168150 0.012117 200 201 1000 1003 1000 1000 100 5
0.166667 0.154571 0.011673 200 172 1000 984 1000 1000 100 5
0.166667 0.155795 0.011659 200 189 1000 1024 1000 1000 100 5
0.166667 0.156864 0.011405 200 191 1000 1084 1000 1000 100 5
0.166667 0.162023 0.011809 200 176 1000 1022 1000 1000 100 5
0.166667 0.159530 0.011883 200 191 1000 998 1000 1000 100 5
0.166667 0.169333 0.011582 200 195 1000 1068 1000 1000 100 5
0.166667 0.155097 0.011995 200 181 1000 992 1000 1000 100 5
0.166667 0.168024 0.011790 200 208 1000 1041 1000 1000 100 5
0.166667 0.172009 0.011728 200 218 1000 1059 1000 1000 100 5
0.166667 0.180252 0.011985 200 207 1000 1026 1000 1000 100 5
0.166667 0.176446 0.012100 200 204 1000 1018 1000 1000 100 5
0.166667 0.173308 0.012111 200 200 1000 1024 1000 1000 100 5
0.166667 0.187521 0.012251 200 210 1000 1007 1000 1000 100 5
0.166667 0.195768 0.012201 200 231 1000 1010 1000 1000 100 5
0.166667 0.172398 0.012216 200 197 1000 987 1000 1000 100 5
0.166667 0.178980 0.011899 200 202 1000 1031 1000 1000 100 5
0.166667 0.159359 0.011462 200 176 1000 1004 1000 1000 100 5
0.166667 0.172800 0.012278 200 192 1000 980 1000 1000 100 5
0.166667 0.170979 0.011886 200 190 1000 1005 1000 1000 100 5
0.166667 0.179648 0.012159 200 215 1000 1020 1000 1000 100 5
0.166667 0.144950 0.011681 200 169 1000 990 1000 1000 100 5
0.166667 0.163945 0.011736 200 202 1000 1043 1000 1000 100 5
0.166667 0.165457 0.011933 200 187 1000 998 1000 1000 100 5
0.166667 0.192818 0.012686 200 226 1000 976 1000 1000 100 5
0.166667 0.134080 0.011204 200 155 1000 994 1000 1000 100 5
0.166667 0.163665 0.011612 200 194 1000 1039 1000 1000 100 5
0.166667 0.173966 0.012137 200 188 1000 997 1000 1000 100 5
0.166667 0.180875 0.012320 200 212 1000 996 1000 1000 100 5
0.166667 0.168725 0.012076 200 205 1000 1003 1000 1000 100 5
0.166667 0.188322 0.012517 200 213 1000 990 1000 1000 100 5
0.166667 0.185627 0.012423 200 209 1000 968 1000 1000 100 5
0.166667 0.169907 0.012028 200 199 1000 1018 1000 1000 100 5
0.166667 0.169783 0.011607 200 196 1000 1041 1000 1000 100 5
0.166667 0.175991 0.012353 200 196 1000 987 1000 1000 100 5
0.166667 0.173861 0.011966 200 213 1000 1044 1000 1000 100 5
0.166667 0.159626 0.011589 200 185 1000 1036 1000 1000 100 5
0.166667 0.178504 0.012084 200 211 1000 1047 1000 1000 100 5
0.166667 0.158350 0.012121 200 181 1000 979 1000 1000 100 5
0.166667 0.165143 0.011840 200 186 1000 1005 1000 1000 100 5
0.166667 0.167844 0.011977 200 193 1000 1017 1000 1000 100 5
0.166667 0.177712 0.012421 200 204 1000 970 1000 1000 100 5
0.166667 0.188061 0.012194 200 223 1000 1003 1000 1000 100 5
0.166667 0.151747 0.011309 200 187 1000 1064 1000 1000 100 5
0.166667 0.168863 0.012341 200 197 1000 978 1000 1000 100 5
0.166667 0.182184 0.012235 200 211 1000 1032 1000 1000 100 5
0.166667 0.208917 0.012668 200 234 1000 985 1000 1000 100 5
0.166667 0.171952 0.011807 200 203 1000 1046 1000 1000 100 5
0.166667 0.170353 0.011950 200 203 1000 1035 1000 1000 100 5
0.166667 0.144620 0.011403 200 165 1000 1003 1000 1000 100 5
0.166667 0.185094 0.012026 200 229 1000 1062 1000 1000 100 5
0.166667 0.165881 0.012061 200 193 1000 995 1000 1000 100 5
0.166667 0.183548 0.012502 200 208 1000 983 1000 1000 100 5
0.166667 0.181601 0.012159 200 214 1000 1019 1000 1000 100 5
0.166667 0.162855 0.011938 200 192 1000 992 1000 1000 100 5
0.166667 0.160155 0.011867 200 196 1000 1017 1000 1000 100 5
0.166667 0.173548 0.012365 200 189 1000 965 1000 1000 100 5
0.166667 0.161695 0.011720 200 177 1000 1022 1000 1000 100 5
0.166667 0.180577 0.012308 200 213 1000 998 1000 1000 100 5
0.166667 0.172926 0.012144 200 200 1000 1023 1000 1000 100 5
0.166667 0.173242 0.012085 200 201 1000 994 1000 1000 100 5
0.166667 0.171577 0.012602 200 197 1000 940 1000 1000 100 5
0.166667 0.179476 0.012207 200 191 1000 995 1000 1000 100 5
0.166667 0.189008 0.012565 200 203 1000 960 1000 1000 100 5
0.166667 0.174151 0.012517 200 178 1000 948 1000 1000 100 5
0.166667 0.189649 0.012469 200 215 1000 992 1000 1000 100 5
0.166667 0.172677 0.012034 200 201 1000 1026 1000 1000 100 5
0.166667 0.157473 0.012015 200 187 1000 982 1000 1000 100 5
0.166667 0.189658 0.012306 200 211 1000 994 1000 1000 100 5
0.166667 0.162694 0.011952 200 187 1000 1004 1000 1000 100 5
0.166667 0.139596 0.011670 200 150 1000 979 1000 1000 100 5
0.166667 0.196229 0.012406 200 230 1000 1017 1000 1000 100 5
0.166667 0.163569 0.012010 200 198 1000 995 1000 1000 100 5
0.166667 0.165420 0.011527 200 199 1000 1072 1000 1000 100 5
0.166667 0.159313 0.011882 200 186 1000 1012 1000 1000 100 5
0.166667 0.168440 0.012064 200 185 1000 1000 1000 1000 100 5
0.166667 0.166409 0.012015 200 211 1000 1009 1000 1000 100 5
0.166667 0.154536 0.011826 200 186 1000 1011 1000 1000 100 5
0.166667 0.166727 0.012057 200 207 1000 1051 1000 1000 100 5
0.166667 0.174278 0.012122 200 204 1000 1002 1000 1000 100 5
0.166667 0.172858 0.011938 200 197 1000 1027 1000 1000 100 5
0.166667 0.175050 0.011873 200 195 1000 1041 1000 1000 100 5
0.166667 0.170550 0.012237 200 189 1000 962 1000 1000 100 5
0.166667 0.157584 0.011566 200 180 1000 1045 1000 1000 100 5
0.166667 0.173534 0.012302 200 203 1000 1000 1000 1000 100 5
0.166667 0.188144 0.012561 200 219 1000 994 1000 1000 100 5
0.166667 0.167323 0.011814 200 213 1000 1041 1000 1000 100 5
0.166667 0.181603 0.012282 200 211 1000 981 1000 1000 100 5
0.166667 0.175962 0.012545 200 194 1000 960 1000 1000 100 5
0.166667 0.159005 0.012260 200 177 1000 946 1000 1000 100 5
0.166667 0.165312 0.011790 200 211 1000 1026 1000 1000 100 5
0.166667 0.154145 0.011862 200 179 1000 1007 1000 1000 100 5
0.166667 0.162147 0.011936 200 189 1000 1012 1000 1000 100 5
0.166667 0.167749 0.011814 200 176 1000 1024 1000 1000 100 5
0.166667 0.175982 0.012428 200 205 1000 986 1000 1000 100 5
0.166667 0.179482 0.012543 200 202 1000 928 1000 1000 100 5
0.166667 0.162090 0.011641 200 178 1000 1035 1000 1000 100 5
0.166667 0.194460 0.012653 200 205 1000 967 1000 1000 100 5
0.166667 0.151005 0.011671 200 180 1000 1009 1000 1000 100 5
0.166667 0.165180 0.011727 200 185 1000 1018 1000 1000 100 5
0.166667 0.165885 0.011840 200 180 1000 997 1000 1000 100 5
0.166667 0.192146 0.013135 200 217 1000 929 1000 1000 100 5
0.166667 0.156753 0.011608 200 179 1000 1039 1000 1000 100 5
0.166667 0.172046 0.012209 200 187 1000 980 1000 1000 100 5
0.166667 0.175080 0.012387 200 187 1000 973 1000 1000 100 5
0.166667 0.185485 0.012322 200 207 1000 1001 1000 1000 100 5
0.166667 0.168835 0.011907 200 189 1000 1013 1000 1000 100 5
0.166667 0.184889 0.012621 200 195 1000 950 1000 1000 100 5
0.166667 0.189734 0.012386 200 205 1000 990 1000 1000 100 5
0.166667 0.187298 0.012700 200 207 1000 940 1000 1000 100 5
0.166667 0.169140 0.011834 200 196 1000 1026 1000 1000 100 5
0.166667 0.185429 0.012688 200 191 1000 935 1000 1000 100 5
0.166667 0.167411 0.012011 200 207 1000 1020 1000 1000 100 5
0.166667 0.181510 0.012657 200 189 1000 975 1000 1000 100 5
0.166667 0.145487 0.011259 200 162 1000 1031 1000 1000 100 5
0.166667 0.163520 0.012040 200 192 1000 990 1000 1000 100 5
0.166667 0.169419 0.011996 200 203 1000 1012 1000 1000 100 5
0.166667 0.163919 0.011941 200 197 1000 1025 1000 1000 100 5
0.166667 0.186302 0.012412 200 199 1000 968 1000 1000 100 5
0.166667 0.190410 0.012549 200 220 1000 1000 1000 1000 100 5
0.166667 0.175459 0.012275 200 187 1000 964 1000 1000 100 5
0.166667 0.162728 0.011872 200 183 1000 1005 1000 1000 100 5
0.166667 0.153469 0.011474 200 184 1000 1078 1000 1000 100 5
0.166667 0.176830 0.012386 200 205 1000 978 1000 1000 100 5
0.166667 0.162624 0.012265 200 189 1000 966 1000 1000 100 5
0.166667 0.201186 0.012764 200 217 1000 952 1000 1000 100 5
0.166667 0.189263 0.012732 200 211 1000 948 1000 1000 100 5
0.166667 0.170092 0.012467 200 193 1000 955 1000 1000 100 5
0.166667 0.178892 0.012194 200 198 1000 1026 1000 1000 100 5
0.166667 0.184329 0.012117 200 220 1000 1004 1000 1000 100 5
0.166667 0.167298 0.011947 200 197 1000 1010 1000 1000 100 5
0.166667 0.166011 0.011940 200 198 1000 990 1000 1000 100 5
0.166667 0.195047 0.012639 200 222 1000 985 1000 1000 100 5
0.166667 0.136772 0.010988 200 161 1000 1047 1000 1000 100 5
0.166667 0.187413 0.012288 200 206 1000 1008 1000 1000 100 5
0.166667 0.185609 0.012019 200 220 1000 1043 1000 1000 100 5
0.166667 0.176488 0.012251 200 206 1000 983 1000 1000 100 5
0.166667 0.152483 0.011815 200 168 1000 993 1000 1000 100 5
0.166667 0.174534 0.011914 200 201 1000 1021 1000 1000 100 5
0.166667 0.166630 0.011819 200 188 1000 1009 1000 1000 100 5
0.166667 0.170005 0.011848 200 194 1000 1034 1000 1000 100 5
0.166667 0.164350 0.012076 200 192 1000 1006 1000 1000 100 5
0.166667 0.163197 0.011633 200 197 1000 1028 1000 1000 100 5
0.166667 0.162452 0.011739 200 182 1000 1027 1000 1000 100 5
0.166667 0.180348 0.012467 200 220 1000 1017 1000 1000 100 5
0.166667 0.166345 0.011878 200 193 1000 989 1000 1000 100 5
0.166667 0.166484 0.012077 200 194 1000 996 1000 1000 100 5
0.166667 0.196220 0.012718 200 217 1000 966 1000 1000 100 5
0.166667 0.163086 0.011921 200 187 1000 1022 1000 1000 100 5
0.166667 0.166659 0.011863 200 199 1000 1010 1000 1000 100 5
0.166667 0.173342 0.012239 200 196 1000 997 1000 1000 100 5
0.166667 0.189736 0.012418 200 227 1000 999 1000 1000 100 5
0.166667 0.184446 0.012468 200 216 1000 982 1000 1000 100 5
0.166667 0.169224 0.011854 200 198 1000 1030 1000 1000 100 5
0.166667 0.159212 0.011554 200 178 1000 1025 1000 1000 100 5
0.166667 0.142630 0.011404 200 182 1000 1039 1000 1000 100 5
0.166667 0.194526 0.012581 200 214 1000 999 1000 1000 100 5
0.166667 0.171269 0.012162 200 199 1000 1004 1000 1000 100 5
0.166667 0.159854 0.011825 200 204 1000 1033 1000 1000 100 5
0.166667 0.185717 0.012430 200 213 1000 1001 1000 1000 100 5
0.166667 0.161718 0.011841 200 165 1000 1000 1000 1000 100 5
0.166667 0.193123 0.012263 200 238 1000 1025 1000 1000 100 5
0.166667 0.141466 0.011305 200 166 1000 1043 1000 1000 100 5
0.166667 0.173190 0.011901 200 215 1000 1026 1000 1000 100 5
0.166667 0.153401 0.011510 200 188 1000 1054 1000 1000 100 5
0.166667 0.170525 0.011725 200 201 1000 1028 1000 1000 100 5
0.166667 0.174936 0.012178 200 194 1000 1002 1000 1000 100 5
0.166667 0.174575 0.012080 200 199 1000 985 1000 1000 100 5
0.166667 0.161135 0.011778 200 188 1000 1046 1000 1000 100 5
0.166667 0.172905 0.012162 200 203 1000 1000 1000 1000 100 5
0.166667 0.177668 0.012516 200 190 1000 979 1000 1000 100 5
0.166667 0.177033 0.012372 200 207 1000 1007 1000 1000 100 5
0.166667 0.156857 0.011740 200 181 1000 1013 1000 1000 100 5
0.166667 0.177384 0.012006 200 195 1000 999 1000 1000 100 5
0.166667 0.149093 0.011691 200 170 1000 1005 1000 1000 100 5
0.166667 0.176942 0.012218 200 194 1000 998 1000 1000 100 5
0.166667 0.154215 0.011797 200 174 1000 983 1000 1000 100 5
0.166667 0.177248 0.011930 200 207 1000 1059 1000 1000 100 5
0.166667 0.158999 0.011918 200 186 1000 989 1000 1000 100 5
0.166667 0.193882 0.012491 200 223 1000 996 1000 1000 100 5
0.166667 0.173103 0.011589 200 206 1000 1058 1000 1000 100 5
0.166667 0.171041 0.012332 200 193 1000 992 1000 1000 100 5
0.166667 0.175822 0.012164 200 195 1000 1013 1000 1000 100 5
0.166667 0.176774 0.012034 200 205 1000 998 1000 1000 100 5
0.166667 0.178894 0.012252 200 205 1000 997 1000 1000 100 5
0.166667 0.172037 0.012220 200 196 1000 999 1000 1000 100 5
0.166667 0.160945 0.011850 200 201 1000 1028 1000 1000 100 5
0.166667 0.160551 0.012048 200 188 1000 992 1000 1000 100 5
0.166667 0.163150 0.011884 200 208 1000 1037 1000 1000 100 5
0.166667 0.160366 0.012103 200 202 1000 993 1000 1000 100 5
0.166667 0.182111 0.012583 200 211 1000 957 1000 1000 100 5
0.166667 0.194976 0.012371 200 232 1000 1016 1000 1000 100 5
0.166667 0.186976 0.012559 200 202 1000 994 1000 1000 100 5
0.166667 0.153738 0.011786 200 175 1000 1004 1000 1000 100 5
0.166667 0.185759 0.012247 200 219 1000 1001 1000 1000 100 5
0.166667 0.164752 0.011865 200 178 1000 983 1000 1000 100 5
0.166667 0.192952 0.012603 200 214 1000 977 1000 1000 100 5
0.166667 0.179955 0.012813 200 204 1000 931 1000 1000 100 5
0.166667 0.151001 0.011831 200 173 1000 979 1000 1000 100 5
0.166667 0.167408 0.011747 200 202 1000 1028 1000 1000 100 5
0.166667 0.187180 0.012739 200 213 1000 963 1000 1000 100 5
0.166667 0.162401 0.012085 200 198 1000 1009 1000 1000 100 5
0.166667 0.172815 0.012367 200 194 1000 965 1000 1000 100 5
0.166667 0.165211 0.011788 200 197 1000 1019 1000 1000 100 5
0.166667 0.160898 0.011882 200 180 1000 972 1000 1000 100 5
0.166667 0.190325 0.012506 200 212 1000 979 1000 1000 100 5
0.166667 0.182780 0.012225 200 213 1000 1008 1000 1000 100 5
0.166667 0.157428 0.011569 200 195 1000 1030 1000 1000 100 5
0.166667 0.167524 0.012386 200 192 1000 984 1000 1000 100 5
0.166667 0.181599 0.011896 200 221 1000 1052 1000 1000 100 5
0.166667 0.168140 0.011611 200 190 1000 1074 1000 1000 100 5
0.166667 0.154103 0.011804 200 182 1000 989 1000 1000 100 5
0.166667 0.180851 0.012240 200 200 1000 1033 1000 1000 100 5
0.166667 0.174508 0.011781 200 210 1000 1039 1000 1000 100 5
0.166667 0.148330 0.011460 200 173 1000 1014 1000 1000 100 5
0.166667 0.148553 0.011632 200 179 1000 1027 1000 1000 100 5
0.166667 0.167988 0.011893 200 186 1000 1021 1000 1000 100 5
0.166667 0.172780 0.012259 200 209 1000 989 1000 1000 100 5
0.166667 0.176617 0.012122 200 205 1000 1009 1000 1000 100 5
0.166667 0.178922 0.012658 200 176 1000 925 1000 1000 100 5
0.166667 0.194013 0.013050 200 214 1000 946 1000 1000 100 5
0.166667 0.135565 0.011500 200 166 1000 1015 1000 1000 100 5
0.166667 0.172056 0.012380 200 189 1000 971 1000 1000 100 5
0.166667 0.160711 0.011908 200 204 1000 1054 1000 1000 100 5
0.166667 0.170092 0.012127 200 187 1000 979 1000 1000 100 5
0.166667 0.162400 0.011792 200 186 1000 1025 1000 1000 100 5
0.166667 0.177125 0.012350 200 192 1000 977 1000 1000 100 5
0.166667 0.185658 0.012199 200 221 1000 1012 1000 1000 100 5
0.166667 0.173098 0.011772 200 220 1000 1065 1000 1000 100 5
0.166667 0.198358 0.012722 200 210 1000 946 1000 1000 100 5
0.166667 0.169168 0.012094 200 199 1000 986 1000 1000 100 5
0.166667 0.170338 0.011771 200 206 1000 1053 1000 1000 100 5
0.166667 0.168660 0.011940 200 210 1000 1047 1000 1000 100 5
0.166667 0.155997 0.011750 200 175 1000 1013 1000 1000 100 5
0.166667 0.158525 0.011651 200 175 1000 1036 1000 1000 100 5
0.166667 0.187456 0.012468 200 219 1000 973 1000 1000 100 5
0.166667 0.189687 0.012404 200 208 1000 986 1000 1000 100 5
0.166667 0.190590 0.012452 200 211 1000 977 1000 1000 100 5
0.166667 0.189368 0.012919 200 202 1000 914 1000 1000 100 5
0.166667 0.192528 0.012642 200 218 1000 968 1000 1000 100 5
0.166667 0.170241 0.011637 200 204 1000 1047 1000 1000 100 5
0.166667 0.184663 0.012319 200 208 1000 981 1000 1000 100 5
0.166667 0.171010 0.012298 200 182 1000 975 1000 1000 100 5
0.166667 0.166288 0.011753 200 198 1000 1057 1000 1000 100 5
0.166667 0.200858 0.012729 200 223 1000 976 1000 1000 100 5
0.166667 0.185503 0.012467 200 210 1000 996 1000 1000 100 5
0.166667 0.164970 0.012122 200 193 1000 1030 1000 1000 100 5
0.166667 0.162922 0.011840 200 192 1000 1014 1000 1000 100 5
0.166667 0.150707 0.011661 200 181 1000 1026 1000 1000 100 5
0.166667 0.168066 0.011603 200 197 1000 1051 1000 1000 100 5
0.166667 0.177901 0.011819 200 208 1000 1037 1000 1000 100 5
0.166667 0.154648 0.011621 200 185 1000 1035 1000 1000 100 5
0.166667 0.184627 0.012307 200 204 1000 993 1000 1000 100 5
0.166667 0.164698 0.012259 200 177 1000 968 1000 1000 100 5
0.166667 0.160547 0.011900 200 177 1000 986 1000 1000 100 5
0.166667 0.180424 0.012045 200 210 1000 1026 1000 1000 100 5
0.166667 0.175635 0.012393 200 210 1000 1004 1000 1000 100 5
0.166667 0.176872 0.012278 200 194 1000 979 1000 1000 100 5
0.166667 0.181146 0.012488 200 214 1000 1008 1000 1000 100 5
0.166667 0.148570 0.011722 200 193 1000 1020 1000 1000 100 5
0.166667 0.162301 0.012483 200 196 1000 961 1000 1000 100 5
0.166667 0.158766 0.011877 200 173 1000 976 1000 1000 100 5
0.166667 0.169694 0.011827 200 182 1000 1002 1000 1000 100 5
0.166667 0.177821 0.011971 200 220 1000 1040 1000 1000 100 5
0.166667 0.186162 0.012079 200 211 1000 1006 1000 1000 100 5
0.166667 0.167631 0.012345 200 190 1000 963 1000 1000 100 5
0.166667 0.197222 0.012841 200 217 1000 938 1000 1000 100 5
0.166667 0.164968 0.012340 200 203 1000 993 1000 1000 100 5
0.166667 0.161337 0.011939 200 195 1000 1011 1000 1000 100 5
0.166667 0.178738 0.012504 200 216 1000 953 1000 1000 100 5
0.166667 0.164754 0.011927 200 203 1000 1009 1000 1000 100 5
0.166667 0.175113 0.012315 200 209 1000 992 1000 1000 100 5
0.166667 0.171050 0.012256 200 192 1000 967 1000 1000 100 5
0.166667 0.179118 0.011932 200 214 1000 1062 1000 1000 100 5
0.166667 0.167915 0.012617 200 198 1000 967 1000 1000 100 5
0.166667 0.165639 0.011855 200 187 1000 1013 1000 1000 100 5
0.166667 0.162323 0.012065 200 184 1000 975 1000 1000 100 5
0.166667 0.181627 0.012182 200 223 1000 1023 1000 1000 100 5
0.166667 0.185867 0.012500 200 223 1000 961 1000 1000 100 5
0.166667 0.175717 0.012021 200 207 1000 1017 1000 1000 100 5
0.166667 0.168675 0.012060 200 194 1000 995 1000 1000 100 5
0.166667 0.202520 0.012575 200 227 1000 996 1000 1000 100 5
0.166667 0.156217 0.011784 200 178 1000 1012 1000 1000 100 5
0.166667 0.166000 0.012083 200 190 1000 1014 1000 1000 100 5
0.166667 0.162374 0.012061 200 194 1000 1010 1000 1000 100 5
0.166667 0.139215 0.011264 200 154 1000 1021 1000 1000 100 5
0.166667 0.164005 0.012037 200 171 1000 958 1000 1000 100 5
0.166667 0.185392 0.012480 200 214 1000 1009 1000 1000 100 5
0.166667 0.153395 0.011721 200 178 1000 1014 1000 1000 100 5
0.166667 0.166892 0.011828 200 196 1000 1007 1000 1000 100 5
0.166667 0.193438 0.012806 200 211 1000 973 1000 1000 100 5
0.166667 0.165371 0.012132 200 198 1000 967 1000 1000 100 5
0.166667 0.170689 0.012048 200 200 1000 988 1000 1000 100 5
0.166667 0.184750 0.012549 200 203 1000 937 1000 1000 100 5
0.166667 0.182278 0.012265 200 221 1000 1030 1000 1000 100 5
0.166667 0.167338 0.011988 200 216 1000 1043 1000 1000 100 5
0.166667 0.175041 0.011841 200 213 1000 1078 1000 1000 100 5
0.166667 0.173004 0.011970 200 204 1000 1016 1000 1000 100 5
0.166667 0.182601 0.012614 200 209 1000 970 1000 1000 100 5
0.166667 0.202530 0.012749 200 214 1000 949 1000 1000 100 5
0.166667 0.176993 0.011899 200 214 1000 1025 1000 1000 100 5
0.166667 0.165645 0.012337 200 185 1000 968 1000 1000 100 5
0.166667 0.181426 0.012625 200 195 1000 943 1000 1000 100 5
0.166667 0.175994 0.012029 200 208 1000 1041 1000 1000 100 5
0.166667 0.174995 0.012230 200 214 1000 1006 1000 1000 100 5
0.166667 0.171664 0.012136 200 205 1000 1003 1000 1000 100 5
0.166667 0.193706 0.012555 200 215 1000 989 1000 1000 100 5
0.166667 0.179736 0.012044 200 208 1000 1007 1000 1000 100 5
0.166667 0.174272 0.011873 200 205 1000 1034 1000 1000 100 5
0.166667 0.158432 0.011860 200 190 1000 1003 1000 1000 100 5
0.166667 0.175872 0.011907 200 206 1000 1020 1000 1000 100 5
0.166667 0.174010 0.012169 200 195 1000 976 1000 1000 100 5
0.166667 0.179302 0.012195 200 199 1000 997 1000 1000 100 5
0.166667 0.181144 0.012102 200 212 1000 1007 1000 1000 100 5
0.166667 0.152923 0.011424 200 186 1000 1036 1000 1000 100 5
0.166667 0.207144 0.012711 200 217 1000 968 1000 1000 100 5
0.166667 0.158549 0.011805 200 201 1000 1052 1000 1000 100 5
0.166667 0.183015 0.012436 200 203 1000 999 1000 1000 100 5
0.166667 0.172701 0.012083 200 192 1000 1014 1000 1000 100 5
0.166667 0.166309 0.012235 200 196 1000 981 1000 1000 100 5
0.166667 0.167190 0.012302 200 187 1000 978 1000 1000 100 5
0.166667 0.160770 0.011605 200 188 1000 1027 1000 1000 100 5
0.166667 0.181300 0.012208 200 200 1000 991 1000 1000 100 5
0.166667 0.173711 0.012345 200 193 1000 948 1000 1000 100 5
0.166667 0.162829 0.011764 200 178 1000 1010 1000 1000 100 5
0.166667 0.150908 0.011517 200 191 1000 1058 1000 1000 100 5
0.166667 0.182405 0.012302 200 213 1000 1004 1000 1000 100 5
0.166667 0.172367 0.012281 200 215 1000 1026 1000 1000 100 5
0.166667 0.187641 0.012103 200 209 1000 1017 1000 1000 100 5
0.166667 0.183025 0.012339 200 210 1000 1007 1000 1000 100 5
0.166667 0.183600 0.012760 200 211 1000 964 1000 1000 100 5
0.166667 0.147247 0.011387 200 175 1000 1039 1000 1000 100 5
0.166667 0.178873 0.012051 200 210 1000 1031 1000 1000 100 5
0.166667 0.152267 0.011589 200 171 1000 1007 1000 1000 100 5
0.166667 0.161697 0.012186 200 177 1000 957 1000 1000 100 5
0.166667 0.172441 0.012372 200 201 1000 984 1000 1000 100 5
0.166667 0.165935 0.011945 200 201 1000 1029 1000 1000 100 5
0.166667 0.180864 0.012173 200 207 1000 1026 1000 1000 100 5
0.166667 0.161210 0.012031 200 175 1000 996 1000 1000 100 5
0.166667 0.176663 0.012344 200 198 1000 992 1000 1000 100 5
0.166667 0.172668 0.011818 200 205 1000 1047 1000 1000 100 5
0.166667 0.163792 0.012125 200 185 1000 971 1000 1000 100 5
0.166667 0.165576 0.012224 200 185 1000 964 1000 1000 100 5
0.166667 0.172270 0.011992 200 212 1000 1054 1000 1000 100 5
0.166667 0.177225 0.012186 200 203 1000 983 1000 1000 100 5
0.166667 0.164784 0.011623 200 193 1000 1041 1000 1000 100 5
0.166667 0.180433 0.012549 200 211 1000 962 1000 1000 100 5
0.166667 0.168597 0.012104 200 185 1000 969 1000 1000 100 5
0.166667 0.201338 0.012965 200 227 1000 964 1000 1000 100 5
0.166667 0.197866 0.012585 200 228 1000 989 1000 1000 100 5
0.166667 0.166156 0.011528 200 199 1000 1054 1000 1000 100 5
0.166667 0.165314 0.011913 200 194 1000 1021 1000 1000 100 5
0.166667 0.191320 0.012377 200 212 1000 1000 1000 1000 100 5
0.166667 0.162445 0.011517 200 198 1000 1053 1000 1000 100 5
0.166667 0.170824 0.012061 200 212 1000 1011 1000 1000 100 5
0.166667 0.186559 0.012257 200 208 1000 1003 1000 1000 100 5
0.166667 0.172212 0.012341 200 194 1000 992 1000 1000 100 5
0.166667 0.174822 0.011959 200 196 1000 1000 1000 1000 100 5
0.166667 0.156316 0.011620 200 187 1000 1024 1000 1000 100 5
0.166667 0.157379 0.012047 200 181 1000 982 1000 1000 100 5
0.166667 0.162073 0.011946 200 195 1000 981 1000 1000 100 5
0.166667 0.182016 0.012186 200 217 1000 1051 1000 1000 100 5
0.166667 0.186254 0.012387 200 204 1000 988 1000 1000 100 5
0.166667 0.169620 0.011865 200 196 1000 1004 1000 1000 100 5
0.166667 0.173794 0.011781 200 211 1000 1021 1000 1000 100 5
0.166667 0.162596 0.011836 200 182 1000 1011 1000 1000 100 5
0.166667 0.161754 0.012086 200 176 1000 965 1000 1000 100 5
0.166667 0.174249 0.012405 200 201 1000 966 1000 1000 100 5
0.166667 0.178885 0.012590 200 201 1000 943 1000 1000 100 5
0.166667 0.171609 0.012126 200 194 1000 969 1000 1000 100 5
0.166667 0.170575 0.012160 200 214 1000 1005 1000 1000 100 5
0.166667 0.174425 0.012162 200 206 1000 1000 1000 1000 100 5
0.166667 0.162651 0.012041 200 187 1000 962 1000 1000 100 5
0.166667 0.165331 0.012359 200 165 1000 916 1000 1000 100 5
0.166667 0.154914 0.011947 200 189 1000 999 1000 1000 100 5
0.166667 0.176743 0.012099 200 202 1000 1037 1000 1000 100 5
0.166667 0.175867 0.012122 200 213 1000 1029 1000 1000 100 5
0.166667 0.170912 0.011769 200 198 1000 1028 1000 1000 100 5
0.166667 0.167917 0.011772 200 198 1000 1058 1000 1000 100 5
0.166667 0.155677 0.011969 200 188 1000 981 1000 1000 100 5
0.166667 0.172522 0.012455 200 200 1000 972 1000 1000 100 5
0.166667 0.177166 0.012289 200 219 1000 1001 1000 1000 100 5
0.166667 0.179574 0.012372 200 199 1000 1005 1000 1000 100 5
0.166667 0.161387 0.011964 200 196 1000 1011 1000 1000 100 5
0.166667 0.171089 0.012028 200 186 1000 1005 1000 1000 100 5
0.166667 0.187363 0.012727 200 222 1000 970 1000 1000 100 5
0.166667 0.170928 0.012164 200 201 1000 999 1000 1000 100 5
0.166667 0.183668 0.012927 200 200 1000 925 1000 1000 100 5
0.166667 0.170060 0.012237 200 205 1000 996 1000 1000 100 5
0.166667 0.179899 0.012698 200 197 1000 923 1000 1000 100 5
0.166667 0.160940 0.011740 200 179 1000 997 1000 1000 100 5
0.166667 0.178704 0.012095 200 197 1000 1000 1000 1000 100 5
0.166667 0.168289 0.011944 200 185 1000 1009 1000 1000 100 5
0.166667 0.163370 0.012048 200 195 1000 1007 1000 1000 100 5
0.166667 0.161086 0.011662 200 195 1000 1037 1000 1000 100 5
0.166667 0.186537 0.012441 200 191 1000 946 1000 1000 100 5
0.166667 0.164514 0.011881 200 199 1000 1010 1000 1000 100 5
0.166667 0.170135 0.011867 200 191 1000 1010 1000 1000 100 5
0.166667 0.177568 0.012077 200 235 1000 1042 1000 1000 100 5
0.166667 0.196692 0.013011 200 207 1000 934 1000 1000 100 5
0.166667 0.156122 0.011725 200 177 1000 1036 1000 1000 100 5
0.166667 0.175730 0.012172 200 195 1000 976 1000 1000 100 5
0.166667 0.175134 0.012182 200 198 1000 993 1000 1000 100 5
0.166667 0.178531 0.012471 200 208 1000 974 1000 1000 100 5
0.166667 0.187317 0.012749 200 215 1000 969 1000 1000 100 5
0.166667 0.186907 0.012270 200 222 1000 992 1000 1000 100 5
0.166667 0.178467 0.012520 200 189 1000 968 1000 1000 100 5
0.166667 0.178335 0.012030 200 219 1000 1037 1000 1000 100 5
0.166667 0.169647 0.012357 200 210 1000 987 1000 1000 100 5
0.166667 0.168864 0.012472 200 194 1000 958 1000 1000 100 5
0.166667 0.180068 0.012253 200 209 1000 995 1000 1000 100 5
0.166667 0.166692 0.011821 200 179 1000 1017 1000 1000 100 5
0.166667 0.176277 0.012394 200 192 1000 992 1000 1000 100 5
0.166667 0.159779 0.011935 200 189 1000 982 1000 1000 100 5
0.166667 0.170926 0.012041 200 197 1000 999 1000 1000 100 5
0.166667 0.186082 0.012728 200 203 1000 948 1000 1000 100 5
0.166667 0.195229 0.012688 200 204 1000 940 1000 1000 100 5
0.166667 0.188093 0.012066 200 217 1000 1008 1000 1000 100 5
0.166667 0.179742 0.012277 200 194 1000 979 1000 1000 100 5
0.166667 0.185301 0.012177 200 228 1000 1018 1000 1000 100 5
0.166667 0.150742 0.011649 200 196 1000 1047 1000 1000 100 5
0.166667 0.170313 0.012174 200 210 1000 1016 1000 1000 100 5
0.166667 0.177533 0.012258 200 198 1000 972 1000 1000 100 5
0.166667 0.185170 0.013083 200 205 1000 901 1000 1000 100 5
0.166667 0.170698 0.012120 200 212 1000 1017 1000 1000 100 5
0.166667 0.161448 0.011723 200 193 1000 1028 1000 1000 100 5
0.166667 0.207315 0.012823 200 239 1000 979 1000 1000 100 5
0.166667 0.187151 0.012274 200 207 1000 988 1000 1000 100 5
0.166667 0.179387 0.012445 200 198 1000 945 1000 1000 100 5
0.166667 0.180464 0.011932 200 217 1000 1045 1000 1000 100 5
0.166667 0.176821 0.012313 200 203 1000 995 1000 1000 100 5
0.166667 0.159292 0.012140 200 193 1000 962 1000 1000 100 5
0.166667 0.153568 0.011889 200 177 1000 1004 1000 1000 100 5
0.166667 0.154006 0.011840 200 194 1000 1001 1000 1000 100 5
0.166667 0.171457 0.011971 200 185 1000 1032 1000 1000 100 5
0.166667 0.181543 0.012347 200 215 1000 1006 1000 1000 100 5
0.166667 0.177213 0.012317 200 201 1000 966 1000 1000 100 5
0.166667 0.184381 0.011967 200 216 1000 1030 1000 1000 100 5
0.166667 0.173066 0.012113 200 198 1000 997 1000 1000 100 5
0.166667 0.190721 0.012446 200 227 1000 1008 1000 1000 100 5
0.166667 0.185508 0.012429 200 213 1000 977 1000 1000 100 5
0.166667 0.163092 0.011585 200 202 1000 1044 1000 1000 100 5
0.166667 0.180570 0.011960 200 197 1000 1007 1000 1000 100 5
0.166667 0.175061 0.012113 200 207 1000 1004 1000 1000 100 5
0.166667 0.163513 0.011989 200 188 1000 1011 1000 1000 100 5
0.166667 0.184770 0.012378 200 210 1000 994 1000 1000 100 5
0.166667 0.178252 0.012159 200 209 1000 995 1000 1000 100 5
0.166667 0.182228 0.012593 200 203 1000 954 1000 1000 100 5
0.166667 0.175368 0.012281 200 193 1000 984 1000 1000 100 5
0.166667 0.176284 0.012283 200 202 1000 998 1000 1000 100 5
0.166667 0.165146 0.012343 200 194 1000 971 1000 1000 100 5
0.166667 0.169328 0.012079 200 186 1000 990 1000 1000 100 5
0.166667 0.168209 0.011885 200 193 1000 1022 1000 1000 100 5
0.166667 0.161754 0.012031 200 184 1000 1002 1000 1000 100 5
0.166667 0.153422 0.011609 200 187 1000 1050 1000 1000 100 5
0.166667 0.199659 0.012735 200 221 1000 988 1000 1000 100 5
0.166667 0.171019 0.012553 200 193 1000 944 1000 1000 100 5
0.166667 0.189167 0.012354 200 213 1000 1020 1000 1000 100 5
0.166667 0.175618 0.012231 200 200 1000 1006 1000 1000 100 5
0.166667 0.170195 0.012237 200 199 1000 981 1000 1000 100 5
0.166667 0.179992 0.012144 200 215 1000 1028 1000 1000 100 5
0.166667 0.180730 0.012310 200 209 1000 1012 1000 1000 100 5
0.166667 0.184153 0.012515 200 196 1000 932 1000 1000 100 5
0.166667 0.144629 0.011919 200 171 1000 956 1000 1000 100 5
0.166667 0.177542 0.012449 200 203 1000 968 1000 1000 100 5
0.166667 0.156530 0.011713 200 202 1000 1056 1000 1000 100 5
0.166667 0.165078 0.012080 200 197 1000 982 1000 1000 100 5
0.166667 0.170348 0.012105 200 205 1000 1001 1000 1000 100 5
0.166667 0.175309 0.011648 200 199 1000 1041 1000 1000 100 5
0.166667 0.159455 0.011786 200 186 1000 1018 1000 1000 100 5
0.166667 0.171865 0.011957 200 209 1000 1014 1000 1000 100 5
0.166667 0.172264 0.012392 200 195 1000 974 1000 1000 100 5
0.166667 0.195197 0.012802 200 213 1000 930 1000 1000 100 5
0.166667 0.176834 0.012412 200 197 1000 975 1000 1000 100 5
0.166667 0.166528 0.011561 200 188 1000 1063 1000 1000 100 5
0.166667 0.174923 0.012735 200 197 1000 947 1000 1000 100 5
0.166667 0.191162 0.012374 200 215 1000 1004 1000 1000 100 5
0.166667 0.202312 0.012637 200 241 1000 994 1000 1000 100 5
0.166667 0.165010 0.012086 200 177 1000 968 1000 1000 100 5
0.166667 0.173895 0.012271 200 195 1000 972 1000 1000 100 5
0.166667 0.186548 0.012560 200 213 1000 975 1000 1000 100 5
0.166667 0.169042 0.012021 200 200 1000 1004 1000 1000 100 5
0.166667 0.188538 0.012596 200 220 1000 976 1000 1000 100 5
0.166667 0.169935 0.011896 200 195 1000 1028 1000 1000 100 5
0.166667 0.167539 0.011966 200 193 1000 1024 1000 1000 100 5
0.166667 0.173292 0.011851 200 202 1000 1032 1000 1000 100 5
0.166667 0.171002 0.011946 200 198 1000 1010 1000 1000 100 5
0.166667 0.191626 0.012887 200 202 1000 952 1000 1000 100 5
0.166667 0.167974 0.011563 200 202 1000 1060 1000 1000 100 5
0.166667 0.174272 0.012451 200 210 1000 978 1000 1000 100 5
0.166667 0.171731 0.011973 200 204 1000 994 1000 1000 100 5
0.166667 0.174489 0.012185 200 190 1000 967 1000 1000 100 5
0.166667 0.169345 0.011937 200 186 1000 1000 1000 1000 100 5
0.166667 0.163929 0.011968 200 194 1000 984 1000 1000 100 5
0.166667 0.174800 0.012154 200 196 1000 1008 1000 1000 100 5
0.166667 0.166608 0.012136 200 200 1000 990 1000 1000 100 5
0.166667 0.163284 0.011830 200 190 1000 1011 1000 1000 100 5
0.166667 0.174436 0.012161 200 207 1000 996 1000 1000 100 5
0.166667 0.180341 0.012392 200 224 1000 997 1000 1000 100 5
0.166667 0.159288 0.011829 200 179 1000 1020 1000 1000 100 5
0.166667 0.176481 0.012055 200 206 1000 1018 1000 1000 100 5
0.166667 0.183381 0.012128 200 208 1000 1004 1000 1000 100 5
0.166667 0.180929 0.012084 200 211 1000 1024 1000 1000 100 5
0.166667 0.187554 0.012915 200 204 1000 916 1000 1000 100 5
0.166667 0.163358 0.011895 200 196 1000 990 1000 1000 100 5
0.166667 0.178651 0.012239 200 216 1000 1004 1000 1000 100 5
0.166667 0.172629 0.011961 200 186 1000 1013 1000 1000 100 5
0.166667 0.162626 0.012095 200 193 1000 978 1000 1000 100 5
0.166667 0.173880 0.012321 200 203 1000 1001 1000 1000 100 5
0.166667 0.191921 0.012472 200 219 1000 986 1000 1000 100 5
0.166667 0.172232 0.011892 200 198 1000 1054 1000 1000 100 5
0.166667 0.175879 0.012198 200 197 1000 983 1000 1000 100 5
0.166667 0.186651 0.012541 200 205 1000 957 1000 1000 100 5
0.166667 0.177271 0.012005 200 223 1000 1020 1000 1000 100 5
0.166667 0.169741 0.011945 200 199 1000 1022 1000 1000 100 5
0.166667 0.175774 0.012223 200 187 1000 973 1000 1000 100 5
0.166667 0.182701 0.012564 200 209 1000 972 1000 1000 100 5
0.166667 0.184011 0.012216 200 221 1000 1011 1000 1000 100 5
0.166667 0.183101 0.012114 200 215 1000 1011 1000 1000 100 5
0.166667 0.172561 0.012410 200 208 1000 989 1000 1000 100 5
0.166667 0.176705 0.012433 200 206 1000 976 1000 1000 100 5
0.166667 0.163908 0.012031 200 194 1000 998 1000 1000 100 5
0.166667 0.172176 0.012028 200 197 1000 992 1000 1000 100 5
0.166667 0.165869 0.011975 200 192 1000 1004 1000 1000 100 5
0.166667 0.177812 0.012228 200 204 1000 1004 1000 1000 100 5
0.166667 0.183436 0.012366 200 202 1000 995 1000 1000 100 5
0.166667 0.159278 0.011862 200 206 1000 1032 1000 1000 100 5
0.166667 0.163838 0.012135 200 188 1000 997 1000 1000 100 5
0.166667 0.163213 0.011958 200 184 1000 999 1000 1000 100 5
0.166667 0.183906 0.012473 200 207 1000 959 1000 1000 100 5
0.166667 0.169729 0.011762 200 202 1000 1028 1000 1000 100 5
0.166667 0.165239 0.012427 200 189 1000 984 1000 1000 100 5
0.166667 0.198919 0.012594 200 221 1000 971 1000 1000 100 5
0.166667 0.165035 0.011855 200 199 1000 1011 1000 1000 100 5
0.166667 0.160744 0.011777 200 190 1000 1000 1000 1000 100 5
0.166667 0.178071 0.012086 200 206 1000 1005 1000 1000 100 5
0.166667 0.168269 0.012249 200 190 1000 988 1000 1000 100 5
0.166667 0.184803 0.012304 200 202 1000 1009 1000 1000 100 5
0.166667 0.205887 0.012950 200 225 1000 964 1000 1000 100 5
0.166667 0.186859 0.012246 200 225 1000 1045 1000 1000 100 5
0.166667 0.158441 0.011651 200 179 1000 1023 1000 1000 100 5
0.166667 0.200830 0.013073 200 215 1000 953 1000 1000 100 5
0.166667 0.167060 0.012562 200 179 1000 918 1000 1000 100 5
0.166667 0.181253 0.012276 200 195 1000 972 1000 1000 100 5
0.166667 0.198655 0.012763 200 211 1000 954 1000 1000 100 5
0.166667 0.164406 0.012159 200 183 1000 969 1000 1000 100 5
0.166667 0.182062 0.012090 200 199 1000 1034 1000 1000 100 5
0.166667 0.168936 0.011997 200 207 1000 1018 1000 1000 100 5
0.166667 0.166214 0.011787 200 205 1000 1058 1000 1000 100 5
0.166667 0.161638 0.011338 200 194 1000 1092 1000 1000 100 5
0.166667 0.173729 0.012019 200 200 1000 997 1000 1000 100 5
0.166667 0.175136 0.011812 200 218 1000 1031 1000 1000 100 5
0.166667 0.179944 0.012048 200 205 1000 1024 1000 1000 100 5
0.166667 0.167668 0.012158 200 196 1000 983 1000 1000 100 5
0.166667 0.157533 0.011538 200 173 1000 1027 1000 1000 100 5
0.166667 0.175810 0.012341 200 195 1000 962 1000 1000 100 5
0.166667 0.159328 0.011764 200 189 1000 1006 1000 1000 100 5
0.166667 0.178755 0.011940 200 226 1000 1021 1000 1000 100 5
0.166667 0.182713 0.012561 200 203 1000 961 1000 1000 100 5
0.166667 0.173719 0.012811 200 186 1000 904 1000 1000 100 5
0.166667 0.171066 0.012224 200 195 1000 1005 1000 1000 100 5
0.166667 0.159585 0.011782 200 182 1000 1011 1000 1000 100 5
0.166667 0.163475 0.012086 200 190 1000 997 1000 1000 100 5
0.166667 0.189520 0.012283 200 208 1000 982 1000 1000 100 5
0.166667 0.177597 0.011959 200 205 1000 1016 1000 1000 100 5
0.166667 0.176099 0.012852 200 191 1000 928 1000 1000 100 5
0.166667 0.168565 0.011842 200 200 1000 1028 1000 1000 100 5
0.166667 0.187223 0.012248 200 216 1000 1023 1000 1000 100 5
0.166667 0.171852 0.011793 200 212 1000 1049 1000 1000 100 5
0.166667 0.180033 0.012485 200 205 1000 982 1000 1000 100 5
0.166667 0.173776 0.012149 200 205 1000 997 1000 1000 100 5
0.166667 0.191383 0.012041 200 230 1000 1040 1000 1000 100 5
0.166667 0.160544 0.011486 200 198 1000 1053 1000 1000 100 5
0.166667 0.180697 0.012449 200 198 1000 976 1000 1000 100 5
0.166667 0.185472 0.012216 200 224 1000 986 1000 1000 100 5
0.166667 0.153981 0.012248 200 185 1000 972 1000 1000 100 5
0.166667 0.162800 0.011878 200 190 1000 1004 1000 1000 100 5
0.166667 0.162062 0.011865 200 193 1000 1022 1000 1000 100 5
0.166667 0.154360 0.012282 200 194 1000 981 1000 1000 100 5
0.166667 0.196173 0.012595 200 220 1000 969 1000 1000 100 5
0.166667 0.172672 0.012306 200 205 1000 966 1000 1000 100 5
0.166667 0.160034 0.011907 200 197 1000 1008 1000 1000 100 5
0.166667 0.169268 0.012164 200 187 1000 990 1000 1000 100 5
0.166667 0.176294 0.012161 200 195 1000 981 1000 1000 100 5
0.166667 0.156893 0.011881 200 181 1000 997 1000 1000 100 5
0.166667 0.171465 0.012181 200 181 1000 985 1000 1000 100 5
0.166667 0.163012 0.011945 200 191 1000 1006 1000 1000 100 5
0.166667 0.185976 0.012474 200 208 1000 969 1000 1000 100 5
0.166667 0.165291 0.012403 200 177 1000 943 1000 1000 100 5
0.166667 0.165344 0.012054 200 185 1000 995 1000 1000 100 5
0.166667 0.156953 0.011530 200 193 1000 1054 1000 1000 100 5
0.166667 0.191687 0.012603 200 216 1000 975 1000 1000 100 5
0.166667 0.176268 0.012030 200 217 1000 1021 1000 1000 100 5
0.166667 0.170410 0.011928 200 205 1000 1029 1000 1000 100 5
0.166667 0.178059 0.011991 200 201 1000 1011 1000 1000 100 5
0.166667 0.156649 0.011941 200 183 1000 994 1000 1000 100 5
0.166667 0.177673 0.011992 200 218 1000 1016 1000 1000 100 5
0.166667 0.165554 0.011850 200 202 1000 1026 1000 1000 100 5
0.166667 0.184561 0.012177 200 209 1000 984 1000 1000 100 5
0.166667 0.186175 0.012773 200 205 1000 951 1000 1000 100 5
0.166667 0.154872 0.012175 200 175 1000 930 1000 1000 100 5
0.166667 0.162687 0.011784 200 183 1000 1019 1000 1000 100 5
0.166667 0.180134 0.012088 200 188 1000 1005 1000 1000 100 5
0.166667 0.169175 0.011711 200 197 1000 1057 1000 1000 100 5
0.166667 0.177874 0.011991 200 199 1000 1004 1000 1000 100 5
0.166667 0.169832 0.012100 200 193 1000 965 1000 1000 100 5
0.166667 0.189027 0.012157 200 214 1000 1025 1000 1000 100 5
0.166667 0.165797 0.012220 200 195 1000 980 1000 1000 100 5
0.166667 0.178312 0.012634 200 197 1000 952 1000 1000 100 5
0.166667 0.168714 0.011636 200 195 1000 1041 1000 1000 100 5
0.166667 0.178350 0.012794 200 198 1000 937 1000 1000 100 5
0.166667 0.178743 0.012177 200 190 1000 1006 1000 1000 100 5
0.166667 0.185585 0.012369 200 202 1000 967 1000 1000 100 5
0.166667 0.167150 0.011586 200 199 1000 1049 1000 1000 100 5
0.166667 0.173070 0.012309 200 210 1000 992 1000 1000 100 5
0.166667 0.171968 0.012535 200 204 1000 962 1000 1000 100 5
0.166667 0.181886 0.012501 200 211 1000 976 1000 1000 100 5
0.166667 0.165939 0.012221 200 171 1000 970 1000 1000 100 5
0.166667 0.147755 0.011250 200 176 1000 1060 1000 1000 100 5
0.166667 0.197563 0.012764 200 209 1000 945 1000 1000 100 5
0.166667 0.172721 0.012153 200 184 1000 1009 1000 1000 100 5
0.166667 0.166108 0.011928 200 195 1000 1001 1000 1000 100 5
0.166667 0.174073 0.012107 200 194 1000 970 1000 1000 100 5
0.166667 0.170354 0.012213 200 204 1000 984 1000 1000 100 5
0.166667 0.169852 0.012235 200 202 1000 990 1000 1000 100 5
0.166667 0.177827 0.012312 200 214 1000 957 1000 1000 100 5
0.166667 0.144169 0.011341 200 176 1000 1019 1000 1000 100 5
0.166667 0.183822 0.012084 200 210 1000 1048 1000 1000 100 5
0.166667 0.177934 0.012289 200 217 1000 1009 1000 1000 100 5
0.166667 0.131059 0.011153 200 167 1000 1019 1000 1000 100 5
0.166667 0.183356 0.012544 200 209 1000 975 1000 1000 100 5
0.166667 0.178639 0.011683 200 199 1000 1066 1000 1000 100 5
0.166667 0.171840 0.011715 200 203 1000 1055 1000 1000 100 5
0.166667 0.153823 0.011721 200 183 1000 1000 1000 1000 100 5
0.166667 0.155383 0.011782 200 177 1000 1006 1000 1000 100 5
0.166667 0.175570 0.012084 200 191 1000 992 1000 1000 100 5
0.166667 0.180380 0.012340 200 213 1000 994 1000 1000 100 5
0.166667 0.175553 0.012126 200 206 1000 990 1000 1000 100 5
0.166667 0.185278 0.012439 200 210 1000 979 1000 1000 100 5
0.166667 0.172499 0.011975 200 197 1000 1028 1000 1000 100 5
0.166667 0.153043 0.011452 200 184 1000 1022 1000 1000 100 5
0.166667 0.158690 0.012080 200 183 1000 981 1000 1000 100 5
0.166667 0.165982 0.011833 200 213 1000 1059 1000 1000 100 5
0.166667 0.163115 0.011915 200 193 1000 1009 1000 1000 100 5
0.166667 0.171375 0.012534 200 206 1000 962 1000 1000 100 5
0.166667 0.168741 0.012166 200 196 1000 986 1000 1000 100 5
0.166667 0.163604 0.011864 200 185 1000 972 1000 1000 100 5
0.166667 0.157079 0.011380 200 200 1000 1065 1000 1000 100 5
0.166667 0.185265 0.012067 200 208 1000 1013 1000 1000 100 5
0.166667 0.171056 0.011884 200 214 1000 1028 1000 1000 100 5
0.166667 0.166094 0.011797 200 191 1000 1041 1000 1000 100 5
0.166667 0.185213 0.012406 200 206 1000 975 1000 1000 100 5
0.166667 0.174985 0.012038 200 190 1000 1014 1000 1000 100 5
0.166667 0.171721 0.011917 200 212 1000 1023 1000 1000 100 5
0.166667 0.157688 0.011797 200 174 1000 1030 1000 1000 100 5
0.166667 0.179800 0.012447 200 202 1000 961 1000 1000 100 5
0.166667 0.176849 0.012131 200 202 1000 994 1000 1000 100 5
0.166667 0.171413 0.011935 200 191 1000 1003 1000 1000 100 5
0.166667 0.179272 0.012305 200 193 1000 1010 1000 1000 100 5
0.166667 0.162107 0.011642 200 200 1000 1065 1000 1000 100 5
0.166667 0.143462 0.011379 200 189 1000 1062 1000 1000 100 5
0.166667 0.175830 0.011924 200 205 1000 1022 1000 1000 100 5
0.166667 0.159578 0.012152 200 191 1000 988 1000 1000 100 5
0.166667 0.185075 0.012520 200 205 1000 969 1000 1000 100 5
0.166667 0.159763 0.011928 200 189 1000 1010 1000 1000 100 5
0.166667 0.175983 0.011973 200 201 1000 1011 1000 1000 100 5
0.166667 0.179478 0.012215 200 206 1000 998 1000 1000 100 5
0.166667 0.167575 0.012166 200 186 1000 963 1000 1000 100 5
0.166667 0.172913 0.012148 200 192 1000 973 1000 1000 100 5
0.166667 0.151219 0.011739 200 178 1000 996 1000 1000 100 5
0.166667 0.180131 0.012609 200 204 1000 969 1000 1000 100 5
0.166667 0.162918 0.011798 200 191 1000 994 1000 1000 100 5
0.166667 0.169582 0.011683 200 196 1000 1047 1000 1000 100 5
0.166667 0.184370 0.012362 200 208 1000 995 1000 1000 100 5
0.166667 0.156522 0.011637 200 185 1000 1012 1000 1000 100 5
0.166667 0.169691 0.011709 200 196 1000 1021 1000 1000 100 5
0.166667 0.152893 0.011642 200 176 1000 1024 1000 1000 100 5
0.166667 0.186608 0.012264 200 203 1000 1019 1000 1000 100 5
0.166667 0.189600 0.012520 200 204 1000 984 1000 1000 100 5
0.166667 0.145695 0.011570 200 179 1000 1010 1000 1000 100 5
0.166667 0.143656 0.011511 200 170 1000 1034 1000 1000 100 5
0.166667 0.179370 0.012268 200 210 1000 1010 1000 1000 100 5
0.166667 0.153027 0.011753 200 186 1000 1003 1000 1000 100 5
0.166667 0.164028 0.012146 200 186 1000 974 1000 1000 100 5
0.166667 0.182696 0.012465 200 203 1000 995 1000 1000 100 5
0.166667 0.149024 0.012076 200 161 1000 924 1000 1000 100 5
0.166667 0.172766 0.011936 200 200 1000 1006 1000 1000 100 5
0.166667 0.171957 0.011701 200 203 1000 1030 1000 1000 100 5
0.166667 0.183578 0.012685 200 202 1000 968 1000 1000 100 5
0.166667 0.176268 0.012203 200 195 1000 999 1000 1000 100 5
0.166667 0.173962 0.012248 200 193 1000 990 1000 1000 100 5
0.166667 0.166929 0.012304 200 184 1000 949 1000 1000 100 5
0.166667 0.196192 0.012379 200 216 1000 992 1000 1000 100 5
0.166667 0.172761 0.011906 200 191 1000 1014 1000 1000 100 5
0.166667 0.183544 0.012121 200 209 1000 1019 1000 1000 100 5
0.166667 0.189886 0.012740 200 206 1000 970 1000 1000 100 5
0.166667 0.179269 0.012399 200 208 1000 989 1000 1000 100 5
0.166667 0.179447 0.012261 200 205 1000 973 1000 1000 100 5
0.166667 0.177124 0.012098 200 211 1000 1036 1000 1000 100 5
0.166667 0.158551 0.011575 200 191 1000 1023 1000 1000 100 5
0.166667 0.161473 0.011783 200 187 1000 1008 1000 1000 100 5
0.166667 0.173599 0.011690 200 208 1000 1054 1000 1000 100 5
0.166667 0.173919 0.012077 200 190 1000 998 1000 1000 100 5
0.166667 0.166383 0.011881 200 186 1000 984 1000 1000 100 5
0.166667 0.170759 0.012296 200 192 1000 979 1000 1000 100 5
0.166667 0.186032 0.012365 200 205 1000 974 1000 1000 100 5
0.166667 0.182343 0.012116 200 203 1000 996 1000 1000 100 5
0.166667 0.159374 0.011888 200 183 1000 989 1000 1000 100 5
0.166667 0.181400 0.012154 200 207 1000 995 1000 1000 100 5
0.166667 0.189180 0.012205 200 208 1000 1034 1000 1000 100 5
0.166667 0.192169 0.012194 200 225 1000 1039 1000 1000 100 5
0.166667 0.182451 0.012464 200 205 1000 972 1000 1000 100 5
0.166667 0.160982 0.012112 200 197 1000 1000 1000 1000 100 5
0.166667 0.170333 0.011988 200 197 1000 1015 1000 1000 100 5
0.166667 0.171140 0.012027 200 189 1000 999 1000 1000 100 5
0.166667 0.182411 0.012066 200 214 1000 1046 1000 1000 100 5
0.166667 0.163786 0.011891 200 193 1000 1016 1000 1000 100 5
0.166667 0.188103 0.012659 200 209 1000 957 1000 1000 100 5
0.166667 0.178072 0.012409 200 215 1000 996 1000 1000 100 5
0.166667 0.179704 0.012412 200 186 1000 956 1000 1000 100 5
0.166667 0.168373 0.011987 200 198 1000 996 1000 1000 100 5
0.166667 0.162952 0.011992 200 189 1000 1008 1000 1000 100 5
0.166667 0.172246 0.012503 200 203 1000 966 1000 1000 100 5
0.166667 0.168957 0.012288 200 192 1000 981 1000 1000 100 5
0.166667 0.174813 0.012158 200 208 1000 1024 1000 1000 100 5
