0.166667 0.164054 0.011398 200 200 1000 1013 50000 50000 0 5
0.166667 0.166462 0.011847 200 189 1000 971 50000 50000 0 5
0.166667 0.163239 0.011440 200 197 1000 1021 50000 50000 0 5
0.166667 0.174698 0.011683 200 219 1000 1011 50000 50000 0 5
0.166667 0.178117 0.011661 200 217 1000 1000 50000 50000 0 5
0.166667 0.163076 0.011589 200 198 1000 996 50000 50000 0 5
0.166667 0.181419 0.012105 200 216 1000 965 50000 50000 0 5
0.166667 0.170248 0.011568 200 209 1000 1009 50000 50000 0 5
0.166667 0.158842 0.011274 200 202 1000 1051 50000 50000 0 5
0.166667 0.164834 0.011639 200 189 1000 986 50000 50000 0 5
0.166667 0.173245 0.011714 200 211 1000 990 50000 50000 0 5
0.166667 0.153116 0.011495 200 171 1000 978 50000 50000 0 5
0.166667 0.182883 0.011996 200 220 1000 984 50000 50000 0 5
0.166667 0.178080 0.011995 200 213 1000 960 50000 50000 0 5
0.166667 0.170496 0.011863 200 202 1000 966 50000 50000 0 5
0.166667 0.175199 0.011756 200 213 1000 992 50000 50000 0 5
0.166667 0.159344 0.011403 200 190 1000 1013 50000 50000 0 5
0.166667 0.161527 0.011289 200 204 1000 1026 50000 50000 0 5
0.166667 0.161207 0.011174 200 203 1000 1042 50000 50000 0 5
0.166667 0.148853 0.011123 200 181 1000 1015 50000 50000 0 5
0.166667 0.162496 0.011518 200 197 1000 1016 50000 50000 0 5
0.166667 0.173339 0.011803 200 208 1000 980 50000 50000 0 5
0.166667 0.170921 0.011783 200 207 1000 992 50000 50000 0 5
0.166667 0.166477 0.011472 200 206 1000 1008 50000 50000 0 5
0.166667 0.152335 0.011061 200 190 1000 1033 50000 50000 0 5
0.166667 0.158603 0.011275 200 200 1000 1018 50000 50000 0 5
0.166667 0.161016 0.011363 200 193 1000 1017 50000 50000 0 5
0.166667 0.153216 0.011444 200 176 1000 984 50000 50000 0 5
0.166667 0.170806 0.012010 200 194 1000 970 50000 50000 0 5
0.166667 0.169082 0.011627 200 219 1000 983 50000 50000 0 5
0.166667 0.177027 0.012341 200 196 1000 926 50000 50000 0 5
0.166667 0.168348 0.011639 200 204 1000 1006 50000 50000 0 5
0.166667 0.146172 0.011304 200 185 1000 983 50000 50000 0 5
0.166667 0.186393 0.011851 200 229 1000 1028 50000 50000 0 5
0.166667 0.162043 0.011367 200 209 1000 1019 50000 50000 0 5
0.166667 0.172969 0.011765 200 206 1000 990 50000 50000 0 5
0.166667 0.170893 0.011779 200 212 1000 976 50000 50000 0 5
0.166667 0.162806 0.011525 200 191 1000 988 50000 50000 0 5
0.166667 0.165018 0.011735 200 196 1000 972 50000 50000 0 5
0.166667 0.162326 0.011422 200 192 1000 1022 50000 50000 0 5
0.166667 0.164905 0.011735 200 195 1000 971 50000 50000 0 5
0.166667 0.148924 0.011155 200 181 1000 1004 50000 50000 0 5
0.166667 0.154266 0.011527 200 183 1000 970 50000 50000 0 5
0.166667 0.163286 0.011419 200 209 1000 1007 50000 50000 0 5
0.166667 0.164446 0.011388 200 204 1000 1020 50000 50000 0 5
0.166667 0.165186 0.011369 200 210 1000 1045 50000 50000 0 5
0.166667 0.182771 0.011977 200 220 1000 972 50000 50000 0 5
0.166667 0.143812 0.010971 200 183 1000 1031 50000 50000 0 5
0.166667 0.147880 0.010931 200 193 1000 1052 50000 50000 0 5
0.166667 0.157743 0.011246 200 194 1000 1045 50000 50000 0 5
0.166667 0.164704 0.011649 200 200 1000 996 50000 50000 0 5
0.166667 0.170258 0.011547 200 220 1000 1008 50000 50000 0 5
0.166667 0.180527 0.011931 200 216 1000 968 50000 50000 0 5
0.166667 0.180403 0.011957 200 216 1000 974 50000 50000 0 5
0.166667 0.178639 0.011788 200 216 1000 1005 50000 50000 0 5
0.166667 0.151160 0.011476 200 169 1000 955 50000 50000 0 5
0.166667 0.168871 0.011228 200 209 1000 1068 50000 50000 0 5
0.166667 0.165411 0.011571 200 200 1000 985 50000 50000 0 5
0.166667 0.169409 0.011720 200 207 1000 999 50000 50000 0 5
0.166667 0.156550 0.011494 200 187 1000 990 50000 50000 0 5
0.166667 0.152266 0.011376 200 187 1000 1019 50000 50000 0 5
0.166667 0.171326 0.011575 200 203 1000 1030 50000 50000 0 5
0.166667 0.151923 0.011445 200 182 1000 988 50000 50000 0 5
0.166667 0.174213 0.012139 200 204 1000 920 50000 50000 0 5
0.166667 0.162654 0.011384 200 194 1000 1013 50000 50000 0 5
0.166667 0.164469 0.011625 200 192 1000 998 50000 50000 0 5
0.166667 0.152880 0.011273 200 189 1000 1008 50000 50000 0 5
0.166667 0.154643 0.011195 200 192 1000 1026 50000 50000 0 5
0.166667 0.170203 0.011570 200 217 1000 1002 50000 50000 0 5
0.166667 0.153056 0.011250 200 189 1000 1002 50000 50000 0 5
0.166667 0.173653 0.011814 200 197 1000 990 50000 50000 0 5
0.166667 0.163705 0.011617 200 189 1000 989 50000 50000 0 5
0.166667 0.179741 0.011798 200 218 1000 999 50000 50000 0 5
0.166667 0.171601 0.011619 200 221 1000 1017 50000 50000 0 5
0.166667 0.172461 0.011861 200 214 1000 982 50000 50000 0 5
0.166667 0.153317 0.011411 200 190 1000 992 50000 50000 0 5
0.166667 0.164538 0.011427 200 205 1000 1030 50000 50000 0 5
0.166667 0.174325 0.011579 200 221 1000 1001 50000 50000 0 5
0.166667 0.174429 0.012090 200 209 1000 939 50000 50000 0 5
0.166667 0.179786 0.011604 200 223 1000 1020 50000 50000 0 5
0.166667 0.171307 0.011693 200 197 1000 1017 50000 50000 0 5
0.166667 0.164746 0.011678 200 194 1000 964 50000 50000 0 5
0.166667 0.155186 0.011307 200 188 1000 1004 50000 50000 0 5
0.166667 0.174594 0.011781 200 217 1000 999 50000 50000 0 5
0.166667 0.163171 0.011635 200 200 1000 981 50000 50000 0 5
0.166667 0.182900 0.011847 200 227 1000 993 50000 50000 0 5
0.166667 0.147822 0.011419 200 172 1000 977 50000 50000 0 5
0.166667 0.181398 0.011970 200 216 1000 985 50000 50000 0 5
0.166667 0.170941 0.011717 200 198 1000 1001 50000 50000 0 5
0.166667 0.176364 0.011992 200 210 1000 953 50000 50000 0 5
0.166667 0.162923 0.011502 200 206 1000 998 50000 50000 0 5
0.166667 0.192065 0.011872 200 238 1000 1026 50000 50000 0 5
0.166667 0.164092 0.011769 200 199 1000 950 50000 50000 0 5
0.166667 0.171815 0.011754 200 207 1000 998 50000 50000 0 5
0.166667 0.178036 0.011487 200 223 1000 1036 50000 50000 0 5
0.166667 0.187939 0.012166 200 219 1000 956 50000 50000 0 5
0.166667 0.175380 0.012166 200 196 1000 925 50000 50000 0 5
0.166667 0.151421 0.011356 200 191 1000 996 50000 50000 0 5
0.166667 0.179926 0.011718 200 222 1000 1028 50000 50000 0 5
0.166667 0.154965 0.011225 200 190 1000 1011 50000 50000 0 5
0.166667 0.166525 0.011807 200 192 1000 971 50000 50000 0 5
0.166667 0.174604 0.012112 200 196 1000 951 50000 50000 0 5
0.166667 0.168685 0.011637 200 203 1000 1024 50000 50000 0 5
0.166667 0.156458 0.011405 200 188 1000 1016 50000 50000 0 5
0.166667 0.176103 0.011851 200 211 1000 996 50000 50000 0 5
0.166667 0.158465 0.011363 200 192 1000 996 50000 50000 0 5
0.166667 0.168761 0.011355 200 219 1000 1034 50000 50000 0 5
0.166667 0.144545 0.011091 200 171 1000 1025 50000 50000 0 5
0.166667 0.194449 0.012346 200 217 1000 966 50000 50000 0 5
0.166667 0.163993 0.011682 200 191 1000 968 50000 50000 0 5
0.166667 0.181875 0.011942 200 205 1000 1008 50000 50000 0 5
0.166667 0.178935 0.011953 200 207 1000 979 50000 50000 0 5
0.166667 0.167127 0.011420 200 209 1000 1015 50000 50000 0 5
0.166667 0.166054 0.011715 200 198 1000 980 50000 50000 0 5
0.166667 0.175272 0.011813 200 210 1000 976 50000 50000 0 5
0.166667 0.163956 0.011348 200 205 1000 1025 50000 50000 0 5
0.166667 0.191252 0.012051 200 224 1000 1001 50000 50000 0 5
0.166667 0.172485 0.011575 200 223 1000 1021 50000 50000 0 5
0.166667 0.169322 0.011798 200 209 1000 982 50000 50000 0 5
0.166667 0.158694 0.011390 200 187 1000 1009 50000 50000 0 5
0.166667 0.163832 0.011792 200 197 1000 960 50000 50000 0 5
0.166667 0.178413 0.011845 200 211 1000 1000 50000 50000 0 5
0.166667 0.141818 0.011059 200 174 1000 1015 50000 50000 0 5
0.166667 0.177197 0.011943 200 198 1000 970 50000 50000 0 5
0.166667 0.173424 0.011752 200 203 1000 1002 50000 50000 0 5
0.166667 0.162972 0.011613 200 195 1000 1000 50000 50000 0 5
0.166667 0.182222 0.011984 200 217 1000 987 50000 50000 0 5
0.166667 0.163044 0.011490 200 202 1000 1010 50000 50000 0 5
0.166667 0.172940 0.011871 200 198 1000 964 50000 50000 0 5
0.166667 0.180799 0.011747 200 223 1000 1005 50000 50000 0 5
0.166667 0.159917 0.011527 200 187 1000 992 50000 50000 0 5
0.166667 0.162930 0.011439 200 205 1000 1022 50000 50000 0 5
0.166667 0.164667 0.011567 200 198 1000 970 50000 50000 0 5
0.166667 0.171970 0.011854 200 202 1000 978 50000 50000 0 5
0.166667 0.175149 0.011877 200 205 1000 977 50000 50000 0 5
0.166667 0.170232 0.011598 200 208 1000 986 50000 50000 0 5
0.166667 0.151508 0.010971 200 193 1000 1055 50000 50000 0 5
0.166667 0.164094 0.011618 200 204 1000 1005 50000 50000 0 5
0.166667 0.157860 0.011791 200 187 1000 943 50000 50000 0 5
0.166667 0.133555 0.010749 200 172 1000 1012 50000 50000 0 5
0.166667 0.170801 0.011406 200 214 1000 1039 50000 50000 0 5
0.166667 0.149758 0.011172 200 187 1000 1021 50000 50000 0 5
0.166667 0.160331 0.011445 200 201 1000 1002 50000 50000 0 5
0.166667 0.164896 0.011257 200 212 1000 1076 50000 50000 0 5
0.166667 0.182921 0.012004 200 213 1000 970 50000 50000 0 5
0.166667 0.164475 0.011360 200 203 1000 1012 50000 50000 0 5
0.166667 0.162421 0.011637 200 184 1000 977 50000 50000 0 5
0.166667 0.170513 0.011814 200 198 1000 975 50000 50000 0 5
0.166667 0.160692 0.011484 200 196 1000 993 50000 50000 0 5
0.166667 0.133909 0.010849 200 166 1000 1032 50000 50000 0 5
0.166667 0.163382 0.011863 200 188 1000 950 50000 50000 0 5
0.166667 0.173237 0.011733 200 213 1000 994 50000 50000 0 5
0.166667 0.168906 0.011660 200 199 1000 988 50000 50000 0 5
0.166667 0.160546 0.011358 200 203 1000 1022 50000 50000 0 5
0.166667 0.170996 0.011752 200 205 1000 986 50000 50000 0 5
0.166667 0.156589 0.011508 200 178 1000 987 50000 50000 0 5
0.166667 0.149739 0.011228 200 178 1000 994 50000 50000 0 5
0.166667 0.153544 0.011161 200 189 1000 1031 50000 50000 0 5
0.166667 0.166302 0.011919 200 184 1000 936 50000 50000 0 5
0.166667 0.153294 0.011499 200 173 1000 975 50000 50000 0 5
0.166667 0.146473 0.011041 200 197 1000 1031 50000 50000 0 5
0.166667 0.170790 0.011622 200 209 1000 999 50000 50000 0 5
0.166667 0.185842 0.011950 200 233 1000 994 50000 50000 0 5
0.166667 0.146019 0.011027 200 180 1000 1012 50000 50000 0 5
0.166667 0.176058 0.011880 200 203 1000 979 50000 50000 0 5
0.166667 0.166751 0.011436 200 206 1000 1046 50000 50000 0 5
0.166667 0.159914 0.011244 200 205 1000 1037 50000 50000 0 5
0.166667 0.160515 0.011860 200 187 1000 935 50000 50000 0 5
0.166667 0.171779 0.011507 200 211 1000 1041 50000 50000 0 5
0.166667 0.175637 0.011778 200 206 1000 1002 50000 50000 0 5
0.166667 0.174833 0.011735 200 219 1000 994 50000 50000 0 5
0.166667 0.162789 0.011508 200 195 1000 1001 50000 50000 0 5
0.166667 0.169636 0.011597 200 217 1000 1016 50000 50000 0 5
0.166667 0.173603 0.012051 200 210 1000 946 50000 50000 0 5
0.166667 0.164451 0.011519 200 202 1000 1004 50000 50000 0 5
0.166667 0.184167 0.011868 200 228 1000 998 50000 50000 0 5
0.166667 0.183306 0.011800 200 221 1000 1008 50000 50000 0 5
0.166667 0.157215 0.011192 200 193 1000 1019 50000 50000 0 5
0.166667 0.172890 0.011997 200 193 1000 962 50000 50000 0 5
0.166667 0.154255 0.011359 200 190 1000 990 50000 50000 0 5
0.166667 0.147853 0.011233 200 179 1000 994 50000 50000 0 5
0.166667 0.162043 0.011301 200 206 1000 1045 50000 50000 0 5
0.166667 0.146654 0.011144 200 185 1000 1030 50000 50000 0 5
0.166667 0.170352 0.011581 200 204 1000 1011 50000 50000 0 5
0.166667 0.168948 0.011421 200 209 1000 1026 50000 50000 0 5
0.166667 0.148293 0.011274 200 175 1000 991 50000 50000 0 5
0.166667 0.159582 0.011332 200 199 1000 1031 50000 50000 0 5
0.166667 0.136263 0.011017 200 179 1000 993 50000 50000 0 5
0.166667 0.157371 0.011314 200 199 1000 1028 50000 50000 0 5
0.166667 0.169983 0.011712 200 201 1000 980 50000 50000 0 5
0.166667 0.150140 0.011274 200 175 1000 1019 50000 50000 0 5
0.166667 0.172809 0.012265 200 198 1000 904 50000 50000 0 5
0.166667 0.166976 0.011850 200 196 1000 956 50000 50000 0 5
0.166667 0.176820 0.011724 200 214 1000 1006 50000 50000 0 5
0.166667 0.174245 0.011948 200 200 1000 961 50000 50000 0 5
0.166667 0.166895 0.011741 200 193 1000 968 50000 50000 0 5
0.166667 0.167471 0.011807 200 190 1000 965 50000 50000 0 5
0.166667 0.176579 0.011365 200 224 1000 1047 50000 50000 0 5
0.166667 0.164842 0.011454 200 199 1000 1033 50000 50000 0 5
0.166667 0.137877 0.010750 200 168 1000 1054 50000 50000 0 5
0.166667 0.175067 0.011837 200 207 1000 983 50000 50000 0 5
0.166667 0.154275 0.011015 200 192 1000 1055 50000 50000 0 5
0.166667 0.162556 0.011623 200 197 1000 986 50000 50000 0 5
0.166667 0.148757 0.011048 200 184 1000 1012 50000 50000 0 5
0.166667 0.174667 0.011796 200 214 1000 987 50000 50000 0 5
0.166667 0.178141 0.011801 200 221 1000 995 50000 50000 0 5
0.166667 0.169530 0.011236 200 221 1000 1063 50000 50000 0 5
0.166667 0.167105 0.011725 200 191 1000 990 50000 50000 0 5
0.166667 0.155333 0.011500 200 190 1000 980 50000 50000 0 5
0.166667 0.154357 0.011370 200 179 1000 1013 50000 50000 0 5
0.166667 0.160993 0.011444 200 200 1000 1025 50000 50000 0 5
0.166667 0.170968 0.011981 200 197 1000 969 50000 50000 0 5
0.166667 0.168849 0.011495 200 212 1000 1015 50000 50000 0 5
0.166667 0.177053 0.011984 200 208 1000 954 50000 50000 0 5
0.166667 0.152960 0.011597 200 170 1000 963 50000 50000 0 5
0.166667 0.179720 0.011802 200 227 1000 986 50000 50000 0 5
0.166667 0.175866 0.011653 200 220 1000 1015 50000 50000 0 5
0.166667 0.142875 0.010911 200 184 1000 1025 50000 50000 0 5
0.166667 0.141093 0.010885 200 177 1000 1039 50000 50000 0 5
0.166667 0.162571 0.011644 200 200 1000 999 50000 50000 0 5
0.166667 0.169719 0.011384 200 214 1000 1037 50000 50000 0 5
0.166667 0.153208 0.011397 200 179 1000 963 50000 50000 0 5
0.166667 0.190378 0.011788 200 236 1000 1007 50000 50000 0 5
0.166667 0.156234 0.011650 200 187 1000 957 50000 50000 0 5
0.166667 0.159207 0.011218 200 207 1000 1043 50000 50000 0 5
0.166667 0.179469 0.011625 200 221 1000 1029 50000 50000 0 5
0.166667 0.164910 0.011663 200 192 1000 968 50000 50000 0 5
0.166667 0.158852 0.011124 200 214 1000 1050 50000 50000 0 5
0.166667 0.154498 0.011424 200 190 1000 1016 50000 50000 0 5
0.166667 0.166084 0.011304 200 204 1000 1050 50000 50000 0 5
0.166667 0.166347 0.011739 200 195 1000 968 50000 50000 0 5
0.166667 0.156123 0.011433 200 190 1000 984 50000 50000 0 5
0.166667 0.176925 0.011676 200 227 1000 1008 50000 50000 0 5
0.166667 0.178928 0.011772 200 219 1000 992 50000 50000 0 5
0.166667 0.175078 0.012003 200 211 1000 962 50000 50000 0 5
0.166667 0.163759 0.011849 200 193 1000 936 50000 50000 0 5
0.166667 0.168244 0.011966 200 193 1000 931 50000 50000 0 5
0.166667 0.179481 0.012082 200 214 1000 956 50000 50000 0 5
0.166667 0.164065 0.011522 200 203 1000 984 50000 50000 0 5
0.166667 0.158178 0.011456 200 183 1000 1011 50000 50000 0 5
0.166667 0.168667 0.011542 200 204 1000 1021 50000 50000 0 5
0.166667 0.164912 0.011639 200 201 1000 1004 50000 50000 0 5
0.166667 0.149450 0.010989 200 185 1000 1065 50000 50000 0 5
0.166667 0.162154 0.011407 200 197 1000 1012 50000 50000 0 5
0.166667 0.139213 0.011040 200 167 1000 1001 50000 50000 0 5
0.166667 0.166701 0.011821 200 183 1000 968 50000 50000 0 5
0.166667 0.151732 0.011406 200 181 1000 983 50000 50000 0 5
0.166667 0.154183 0.011316 200 187 1000 998 50000 50000 0 5
0.166667 0.144226 0.011040 200 186 1000 1017 50000 50000 0 5
0.166667 0.178752 0.011758 200 220 1000 1014 50000 50000 0 5
0.166667 0.177312 0.012117 200 198 1000 948 50000 50000 0 5
0.166667 0.175499 0.011815 200 206 1000 985 50000 50000 0 5
0.166667 0.173813 0.011831 200 206 1000 979 50000 50000 0 5
0.166667 0.158985 0.011653 200 187 1000 991 50000 50000 0 5
0.166667 0.151552 0.010949 200 199 1000 1041 50000 50000 0 5
0.166667 0.172015 0.011560 200 218 1000 1027 50000 50000 0 5
0.166667 0.183193 0.011816 200 216 1000 1001 50000 50000 0 5
0.166667 0.174333 0.011577 200 215 1000 1033 50000 50000 0 5
0.166667 0.183020 0.012337 200 208 1000 933 50000 50000 0 5
0.166667 0.179070 0.011812 200 217 1000 992 50000 50000 0 5
0.166667 0.171574 0.011682 200 206 1000 997 50000 50000 0 5
0.166667 0.175497 0.012221 200 200 1000 925 50000 50000 0 5
0.166667 0.148255 0.011098 200 183 1000 1031 50000 50000 0 5
0.166667 0.158257 0.011229 200 194 1000 1031 50000 50000 0 5
0.166667 0.181310 0.011937 200 220 1000 980 50000 50000 0 5
0.166667 0.159431 0.011640 200 173 1000 980 50000 50000 0 5
0.166667 0.158184 0.011202 200 198 1000 1040 50000 50000 0 5
0.166667 0.155246 0.011277 200 196 1000 1004 50000 50000 0 5
0.166667 0.153401 0.011194 200 182 1000 1039 50000 50000 0 5
0.166667 0.171448 0.012180 200 187 1000 949 50000 50000 0 5
0.166667 0.169084 0.011934 200 195 1000 957 50000 50000 0 5
0.166667 0.176736 0.011921 200 216 1000 963 50000 50000 0 5
0.166667 0.159727 0.011415 200 188 1000 1000 50000 50000 0 5
0.166667 0.165753 0.011535 200 198 1000 1003 50000 50000 0 5
0.166667 0.157448 0.011210 200 199 1000 1027 50000 50000 0 5
0.166667 0.160837 0.011776 200 190 1000 950 50000 50000 0 5
0.166667 0.185912 0.011859 200 220 1000 998 50000 50000 0 5
0.166667 0.170197 0.011565 200 198 1000 1000 50000 50000 0 5
0.166667 0.169448 0.011539 200 205 1000 1011 50000 50000 0 5
0.166667 0.158348 0.011510 200 196 1000 997 50000 50000 0 5
0.166667 0.141973 0.011015 200 187 1000 1008 50000 50000 0 5
0.166667 0.166551 0.011683 200 198 1000 996 50000 50000 0 5
0.166667 0.158441 0.011352 200 192 1000 1000 50000 50000 0 5
0.166667 0.169269 0.011531 200 211 1000 1027 50000 50000 0 5
0.166667 0.161795 0.011329 200 200 1000 1023 50000 50000 0 5
0.166667 0.145879 0.011194 200 180 1000 996 50000 50000 0 5
0.166667 0.158559 0.011565 200 194 1000 975 50000 50000 0 5
0.166667 0.149151 0.011254 200 188 1000 985 50000 50000 0 5
0.166667 0.177164 0.011496 200 217 1000 1059 50000 50000 0 5
0.166667 0.149839 0.011285 200 182 1000 995 50000 50000 0 5
0.166667 0.149932 0.011345 200 176 1000 998 50000 50000 0 5
0.166667 0.179245 0.012024 200 219 1000 966 50000 50000 0 5
0.166667 0.149636 0.011012 200 186 1000 1020 50000 50000 0 5
0.166667 0.169294 0.011782 200 208 1000 973 50000 50000 0 5
0.166667 0.174614 0.011647 200 206 1000 1006 50000 50000 0 5
0.166667 0.184521 0.012196 200 218 1000 964 50000 50000 0 5
0.166667 0.133652 0.010755 200 155 1000 1029 50000 50000 0 5
0.166667 0.162213 0.011330 200 205 1000 1026 50000 50000 0 5
0.166667 0.158963 0.011384 200 197 1000 1013 50000 50000 0 5
0.166667 0.178333 0.012101 200 208 1000 964 50000 50000 0 5
0.166667 0.161315 0.011636 200 186 1000 998 50000 50000 0 5
0.166667 0.181768 0.011862 200 222 1000 996 50000 50000 0 5
0.166667 0.168906 0.011890 200 193 1000 973 50000 50000 0 5
0.166667 0.186971 0.012516 200 202 1000 913 50000 50000 0 5
0.166667 0.154603 0.011243 200 191 1000 1019 50000 50000 0 5
0.166667 0.164130 0.011473 200 197 1000 1029 50000 50000 0 5
0.166667 0.145059 0.010830 200 182 1000 1064 50000 50000 0 5
0.166667 0.161226 0.011378 200 200 1000 1024 50000 50000 0 5
0.166667 0.159094 0.011251 200 200 1000 1052 50000 50000 0 5
0.166667 0.172199 0.011596 200 203 1000 997 50000 50000 0 5
0.166667 0.163045 0.011710 200 186 1000 970 50000 50000 0 5
0.166667 0.149208 0.011265 200 185 1000 988 50000 50000 0 5
0.166667 0.173126 0.011929 200 206 1000 949 50000 50000 0 5
0.166667 0.157864 0.011269 200 193 1000 1029 50000 50000 0 5
0.166667 0.161316 0.011563 200 202 1000 990 50000 50000 0 5
0.166667 0.160327 0.011429 200 203 1000 1015 50000 50000 0 5
0.166667 0.163708 0.011589 200 192 1000 987 50000 50000 0 5
0.166667 0.149651 0.010952 200 196 1000 1035 50000 50000 0 5
0.166667 0.164802 0.011485 200 203 1000 1027 50000 50000 0 5
0.166667 0.175912 0.011562 200 215 1000 1048 50000 50000 0 5
0.166667 0.160873 0.011255 200 208 1000 1033 50000 50000 0 5
0.166667 0.183591 0.011784 200 222 1000 1010 50000 50000 0 5
0.166667 0.164266 0.011888 200 192 1000 960 50000 50000 0 5
0.166667 0.164845 0.011457 200 207 1000 1013 50000 50000 0 5
0.166667 0.151543 0.011022 200 179 1000 1032 50000 50000 0 5
0.166667 0.159165 0.011233 200 195 1000 1041 50000 50000 0 5
0.166667 0.158958 0.011422 200 196 1000 1008 50000 50000 0 5
0.166667 0.172275 0.011862 200 209 1000 981 50000 50000 0 5
0.166667 0.171687 0.011893 200 201 1000 976 50000 50000 0 5
0.166667 0.174031 0.011644 200 220 1000 1011 50000 50000 0 5
0.166667 0.168281 0.011887 200 195 1000 961 50000 50000 0 5
0.166667 0.166004 0.011544 200 203 1000 1004 50000 50000 0 5
0.166667 0.175895 0.011616 200 210 1000 1048 50000 50000 0 5
0.166667 0.169031 0.011660 200 207 1000 1001 50000 50000 0 5
0.166667 0.173098 0.011829 200 208 1000 992 50000 50000 0 5
0.166667 0.159937 0.011364 200 200 1000 1011 50000 50000 0 5
0.166667 0.163766 0.011459 200 197 1000 1004 50000 50000 0 5
0.166667 0.160554 0.011381 200 214 1000 1011 50000 50000 0 5
0.166667 0.179827 0.011922 200 211 1000 975 50000 50000 0 5
0.166667 0.167651 0.011659 200 199 1000 986 50000 50000 0 5
0.166667 0.149602 0.011231 200 177 1000 1008 50000 50000 0 5
0.166667 0.168315 0.011536 200 203 1000 1014 50000 50000 0 5
0.166667 0.159343 0.011213 200 198 1000 1029 50000 50000 0 5
0.166667 0.167479 0.011525 200 198 1000 1022 50000 50000 0 5
0.166667 0.181492 0.011957 200 223 1000 962 50000 50000 0 5
0.166667 0.175258 0.011810 200 209 1000 1006 50000 50000 0 5
0.166667 0.150693 0.011057 200 185 1000 1036 50000 50000 0 5
0.166667 0.177943 0.012183 200 202 1000 947 50000 50000 0 5
0.166667 0.148179 0.011171 200 188 1000 999 50000 50000 0 5
0.166667 0.167443 0.011573 200 201 1000 1002 50000 50000 0 5
0.166667 0.164639 0.011597 200 192 1000 996 50000 50000 0 5
0.166667 0.155878 0.011589 200 178 1000 987 50000 50000 0 5
0.166667 0.153988 0.011361 200 179 1000 989 50000 50000 0 5
0.166667 0.155342 0.011121 200 195 1000 1037 50000 50000 0 5
0.166667 0.152296 0.011294 200 188 1000 1010 50000 50000 0 5
0.166667 0.174359 0.011682 200 209 1000 1017 50000 50000 0 5
0.166667 0.176374 0.011820 200 210 1000 980 50000 50000 0 5
0.166667 0.151360 0.010813 200 206 1000 1088 50000 50000 0 5
0.166667 0.146157 0.010830 200 180 1000 1068 50000 50000 0 5
0.166667 0.150956 0.011173 200 185 1000 999 50000 50000 0 5
0.166667 0.169728 0.011604 200 209 1000 1012 50000 50000 0 5
0.166667 0.171376 0.011679 200 210 1000 991 50000 50000 0 5
0.166667 0.179347 0.011863 200 211 1000 980 50000 50000 0 5
0.166667 0.159863 0.011288 200 205 1000 1026 50000 50000 0 5
0.166667 0.180378 0.012146 200 214 1000 950 50000 50000 0 5
0.166667 0.174432 0.011654 200 219 1000 1009 50000 50000 0 5
0.166667 0.159962 0.011491 200 196 1000 997 50000 50000 0 5
0.166667 0.155670 0.011398 200 175 1000 999 50000 50000 0 5
0.166667 0.155956 0.011490 200 198 1000 993 50000 50000 0 5
0.166667 0.158196 0.011466 200 190 1000 1006 50000 50000 0 5
0.166667 0.168599 0.011595 200 222 1000 999 50000 50000 0 5
0.166667 0.140479 0.011121 200 170 1000 995 50000 50000 0 5
0.166667 0.169659 0.012045 200 198 1000 933 50000 50000 0 5
0.166667 0.171352 0.011727 200 195 1000 997 50000 50000 0 5
0.166667 0.167917 0.011417 200 213 1000 1014 50000 50000 0 5
0.166667 0.161051 0.011636 200 195 1000 987 50000 50000 0 5
0.166667 0.169126 0.011342 200 216 1000 1066 50000 50000 0 5
0.166667 0.166975 0.011636 200 197 1000 997 50000 50000 0 5
0.166667 0.160479 0.011715 200 193 1000 975 50000 50000 0 5
0.166667 0.155864 0.011389 200 185 1000 993 50000 50000 0 5
0.166667 0.165642 0.011317 200 204 1000 1044 50000 50000 0 5
0.166667 0.157014 0.011484 200 192 1000 1000 50000 50000 0 5
0.166667 0.161008 0.011713 200 187 1000 974 50000 50000 0 5
0.166667 0.145534 0.010864 200 196 1000 1060 50000 50000 0 5
0.166667 0.162210 0.011122 200 210 1000 1079 50000 50000 0 5
0.166667 0.143772 0.011155 200 171 1000 994 50000 50000 0 5
0.166667 0.164477 0.011465 200 207 1000 1028 50000 50000 0 5
0.166667 0.144467 0.011051 200 182 1000 1017 50000 50000 0 5
0.166667 0.168848 0.011871 200 196 1000 957 50000 50000 0 5
0.166667 0.179812 0.012125 200 201 1000 973 50000 50000 0 5
0.166667 0.177363 0.011857 200 213 1000 996 50000 50000 0 5
0.166667 0.176152 0.011841 200 215 1000 979 50000 50000 0 5
0.166667 0.148467 0.010935 200 181 1000 1034 50000 50000 0 5
0.166667 0.159469 0.011483 200 193 1000 994 50000 50000 0 5
0.166667 0.192853 0.012160 200 228 1000 1016 50000 50000 0 5
0.166667 0.154643 0.011129 200 196 1000 1039 50000 50000 0 5
0.166667 0.179301 0.011901 200 213 1000 983 50000 50000 0 5
0.166667 0.152070 0.011411 200 174 1000 976 50000 50000 0 5
0.166667 0.177120 0.011811 200 230 1000 979 50000 50000 0 5
0.166667 0.163007 0.011459 200 201 1000 1003 50000 50000 0 5
0.166667 0.167271 0.011561 200 206 1000 1013 50000 50000 0 5
0.166667 0.158086 0.011712 200 180 1000 975 50000 50000 0 5
0.166667 0.155423 0.010975 200 195 1000 1065 50000 50000 0 5
0.166667 0.173273 0.011991 200 202 1000 946 50000 50000 0 5
0.166667 0.185121 0.012144 200 211 1000 949 50000 50000 0 5
0.166667 0.178314 0.012277 200 198 1000 916 50000 50000 0 5
0.166667 0.162387 0.011339 200 209 1000 1042 50000 50000 0 5
0.166667 0.162855 0.011780 200 198 1000 947 50000 50000 0 5
0.166667 0.166056 0.011543 200 198 1000 1004 50000 50000 0 5
0.166667 0.165548 0.011724 200 197 1000 973 50000 50000 0 5
0.166667 0.171517 0.011300 200 219 1000 1071 50000 50000 0 5
0.166667 0.171339 0.011833 200 199 1000 963 50000 50000 0 5
0.166667 0.177015 0.012298 200 203 1000 915 50000 50000 0 5
0.166667 0.181741 0.011940 200 223 1000 994 50000 50000 0 5
0.166667 0.167672 0.011230 200 223 1000 1048 50000 50000 0 5
0.166667 0.140940 0.011056 200 174 1000 1014 50000 50000 0 5
0.166667 0.181124 0.011741 200 216 1000 1015 50000 50000 0 5
0.166667 0.156127 0.011531 200 188 1000 976 50000 50000 0 5
0.166667 0.167077 0.011645 200 203 1000 1007 50000 50000 0 5
0.166667 0.172560 0.011747 200 200 1000 998 50000 50000 0 5
0.166667 0.174151 0.011895 200 213 1000 963 50000 50000 0 5
0.166667 0.179893 0.012055 200 216 1000 980 50000 50000 0 5
0.166667 0.150977 0.011098 200 192 1000 1037 50000 50000 0 5
0.166667 0.173090 0.011521 200 213 1000 1016 50000 50000 0 5
0.166667 0.174905 0.012128 200 207 1000 939 50000 50000 0 5
0.166667 0.170309 0.011795 200 198 1000 972 50000 50000 0 5
0.166667 0.162077 0.011906 200 183 1000 950 50000 50000 0 5
0.166667 0.164996 0.011743 200 193 1000 995 50000 50000 0 5
0.166667 0.160145 0.011690 200 196 1000 968 50000 50000 0 5
0.166667 0.166678 0.011769 200 198 1000 975 50000 50000 0 5
0.166667 0.168745 0.011642 200 202 1000 1010 50000 50000 0 5
0.166667 0.163172 0.011602 200 199 1000 992 50000 50000 0 5
0.166667 0.160208 0.011522 200 191 1000 979 50000 50000 0 5
0.166667 0.167139 0.011487 200 210 1000 1023 50000 50000 0 5
0.166667 0.144047 0.011190 200 173 1000 991 50000 50000 0 5
0.166667 0.154882 0.011471 200 196 1000 983 50000 50000 0 5
0.166667 0.163545 0.011796 200 195 1000 936 50000 50000 0 5
0.166667 0.164741 0.011620 200 198 1000 998 50000 50000 0 5
0.166667 0.157926 0.011682 200 187 1000 962 50000 50000 0 5
0.166667 0.157659 0.011408 200 186 1000 998 50000 50000 0 5
0.166667 0.173667 0.011643 200 213 1000 1019 50000 50000 0 5
0.166667 0.184833 0.011993 200 217 1000 980 50000 50000 0 5
0.166667 0.165824 0.011933 200 191 1000 944 50000 50000 0 5
0.166667 0.163668 0.011625 200 202 1000 993 50000 50000 0 5
0.166667 0.156093 0.011329 200 196 1000 1003 50000 50000 0 5
0.166667 0.165099 0.011500 200 203 1000 1024 50000 50000 0 5
0.166667 0.156537 0.011368 200 183 1000 1000 50000 50000 0 5
0.166667 0.164135 0.011455 200 208 1000 1023 50000 50000 0 5
0.166667 0.172515 0.011758 200 207 1000 989 50000 50000 0 5
0.166667 0.174924 0.011786 200 209 1000 984 50000 50000 0 5
0.166667 0.168851 0.011689 200 203 1000 965 50000 50000 0 5
0.166667 0.169669 0.011737 200 202 1000 987 50000 50000 0 5
0.166667 0.171413 0.011667 200 209 1000 1002 50000 50000 0 5
0.166667 0.145363 0.011182 200 173 1000 1000 50000 50000 0 5
0.166667 0.184119 0.011983 200 221 1000 971 50000 50000 0 5
0.166667 0.190246 0.012189 200 218 1000 981 50000 50000 0 5
0.166667 0.179031 0.011824 200 215 1000 993 50000 50000 0 5
0.166667 0.183747 0.012023 200 218 1000 963 50000 50000 0 5
0.166667 0.162619 0.011610 200 197 1000 976 50000 50000 0 5
0.166667 0.154385 0.011553 200 183 1000 944 50000 50000 0 5
0.166667 0.173865 0.011999 200 208 1000 957 50000 50000 0 5
0.166667 0.147819 0.011093 200 187 1000 1031 50000 50000 0 5
0.166667 0.154725 0.011286 200 194 1000 1025 50000 50000 0 5
0.166667 0.168128 0.011781 200 193 1000 962 50000 50000 0 5
0.166667 0.161425 0.011628 200 206 1000 964 50000 50000 0 5
0.166667 0.186475 0.011911 200 224 1000 992 50000 50000 0 5
0.166667 0.183058 0.011845 200 229 1000 996 50000 50000 0 5
0.166667 0.182397 0.011953 200 217 1000 978 50000 50000 0 5
0.166667 0.164467 0.011387 200 201 1000 1019 50000 50000 0 5
0.166667 0.166148 0.011446 200 209 1000 1025 50000 50000 0 5
0.166667 0.173684 0.011694 200 204 1000 993 50000 50000 0 5
0.166667 0.172551 0.011843 200 205 1000 971 50000 50000 0 5
0.166667 0.174388 0.012027 200 209 1000 943 50000 50000 0 5
0.166667 0.162129 0.011619 200 194 1000 998 50000 50000 0 5
0.166667 0.155048 0.011323 200 196 1000 987 50000 50000 0 5
0.166667 0.173690 0.011779 200 209 1000 997 50000 50000 0 5
0.166667 0.172050 0.011582 200 210 1000 1000 50000 50000 0 5
0.166667 0.165193 0.011180 200 211 1000 1074 50000 50000 0 5
0.166667 0.159338 0.011377 200 195 1000 1039 50000 50000 0 5
0.166667 0.168485 0.011870 200 203 1000 972 50000 50000 0 5
0.166667 0.162399 0.011144 200 205 1000 1059 50000 50000 0 5
0.166667 0.179924 0.011919 200 210 1000 966 50000 50000 0 5
0.166667 0.158684 0.011443 200 193 1000 997 50000 50000 0 5
0.166667 0.171435 0.012003 200 198 1000 958 50000 50000 0 5
0.166667 0.156904 0.011499 200 187 1000 988 50000 50000 0 5
0.166667 0.172478 0.011825 200 201 1000 966 50000 50000 0 5
0.166667 0.161121 0.011330 200 195 1000 1044 50000 50000 0 5
0.166667 0.168440 0.011643 200 195 1000 992 50000 50000 0 5
0.166667 0.153248 0.011303 200 188 1000 1009 50000 50000 0 5
0.166667 0.156825 0.011444 200 185 1000 1003 50000 50000 0 5
0.166667 0.157077 0.011476 200 183 1000 1002 50000 50000 0 5
0.166667 0.186383 0.012223 200 213 1000 957 50000 50000 0 5
0.166667 0.174606 0.012041 200 211 1000 943 50000 50000 0 5
0.166667 0.158064 0.011321 200 192 1000 1017 50000 50000 0 5
0.166667 0.148317 0.011354 200 173 1000 983 50000 50000 0 5
0.166667 0.151319 0.011413 200 177 1000 986 50000 50000 0 5
0.166667 0.177761 0.011770 200 222 1000 991 50000 50000 0 5
0.166667 0.177342 0.011724 200 219 1000 1002 50000 50000 0 5
0.166667 0.170477 0.011579 200 211 1000 1014 50000 50000 0 5
0.166667 0.156180 0.010950 200 203 1000 1056 50000 50000 0 5
0.166667 0.178697 0.011717 200 206 1000 1030 50000 50000 0 5
0.166667 0.189697 0.011960 200 222 1000 1004 50000 50000 0 5
0.166667 0.149493 0.011400 200 178 1000 975 50000 50000 0 5
0.166667 0.165600 0.011622 200 196 1000 1002 50000 50000 0 5
0.166667 0.151942 0.011034 200 193 1000 1037 50000 50000 0 5
0.166667 0.163597 0.011451 200 207 1000 1006 50000 50000 0 5
0.166667 0.193799 0.012189 200 229 1000 978 50000 50000 0 5
0.166667 0.185838 0.011971 200 215 1000 977 50000 50000 0 5
0.166667 0.178800 0.011943 200 204 1000 978 50000 50000 0 5
0.166667 0.150834 0.011044 200 190 1000 1047 50000 50000 0 5
0.166667 0.144311 0.011216 200 168 1000 1003 50000 50000 0 5
0.166667 0.158777 0.011368 200 197 1000 1003 50000 50000 0 5
0.166667 0.179794 0.011803 200 209 1000 1006 50000 50000 0 5
0.166667 0.170847 0.011643 200 208 1000 985 50000 50000 0 5
0.166667 0.167991 0.011513 200 205 1000 1017 50000 50000 0 5
0.166667 0.167795 0.011508 200 202 1000 1018 50000 50000 0 5
0.166667 0.188089 0.012125 200 219 1000 972 50000 50000 0 5
0.166667 0.165035 0.011544 200 203 1000 997 50000 50000 0 5
0.166667 0.160072 0.011196 200 204 1000 1047 50000 50000 0 5
0.166667 0.154488 0.011316 200 194 1000 1022 50000 50000 0 5
0.166667 0.164976 0.011674 200 193 1000 988 50000 50000 0 5
0.166667 0.165687 0.011168 200 217 1000 1075 50000 50000 0 5
0.166667 0.178388 0.012212 200 193 1000 944 50000 50000 0 5
0.166667 0.154328 0.011080 200 202 1000 1062 50000 50000 0 5
0.166667 0.175961 0.011605 200 213 1000 1024 50000 50000 0 5
0.166667 0.157690 0.011407 200 191 1000 994 50000 50000 0 5
0.166667 0.140660 0.011046 200 177 1000 1015 50000 50000 0 5
0.166667 0.161928 0.011599 200 200 1000 975 50000 50000 0 5
0.166667 0.136411 0.010937 200 174 1000 1005 50000 50000 0 5
0.166667 0.176107 0.011765 200 214 1000 986 50000 50000 0 5
0.166667 0.165431 0.011617 200 193 1000 1002 50000 50000 0 5
0.166667 0.158771 0.011144 200 206 1000 1057 50000 50000 0 5
0.166667 0.176970 0.011953 200 207 1000 990 50000 50000 0 5
0.166667 0.175377 0.011663 200 221 1000 998 50000 50000 0 5
0.166667 0.153516 0.011479 200 171 1000 984 50000 50000 0 5
0.166667 0.142727 0.010899 200 187 1000 1032 50000 50000 0 5
0.166667 0.169252 0.011520 200 208 1000 1023 50000 50000 0 5
0.166667 0.155011 0.011538 200 181 1000 963 50000 50000 0 5
0.166667 0.185243 0.011885 200 217 1000 999 50000 50000 0 5
0.166667 0.187590 0.012232 200 215 1000 960 50000 50000 0 5
0.166667 0.166822 0.011836 200 198 1000 956 50000 50000 0 5
0.166667 0.184698 0.012145 200 215 1000 972 50000 50000 0 5
0.166667 0.166306 0.011633 200 197 1000 1001 50000 50000 0 5
0.166667 0.168005 0.011868 200 197 1000 960 50000 50000 0 5
0.166667 0.184140 0.011932 200 217 1000 996 50000 50000 0 5
0.166667 0.174759 0.011694 200 208 1000 997 50000 50000 0 5
0.166667 0.168723 0.011752 200 195 1000 993 50000 50000 0 5
0.166667 0.136354 0.011083 200 166 1000 972 50000 50000 0 5
0.166667 0.156572 0.011261 200 201 1000 1022 50000 50000 0 5
0.166667 0.135172 0.010654 200 174 1000 1063 50000 50000 0 5
0.166667 0.161758 0.011256 200 210 1000 1027 50000 50000 0 5
0.166667 0.159888 0.011374 200 200 1000 1007 50000 50000 0 5
0.166667 0.156462 0.011352 200 191 1000 1010 50000 50000 0 5
0.166667 0.175179 0.011990 200 210 1000 955 50000 50000 0 5
0.166667 0.177226 0.012021 200 205 1000 970 50000 50000 0 5
0.166667 0.175699 0.011779 200 209 1000 990 50000 50000 0 5
0.166667 0.160380 0.011437 200 202 1000 999 50000 50000 0 5
0.166667 0.169157 0.011359 200 218 1000 1032 50000 50000 0 5
0.166667 0.147711 0.010929 200 191 1000 1060 50000 50000 0 5
0.166667 0.146086 0.010999 200 181 1000 1041 50000 50000 0 5
0.166667 0.170800 0.011769 200 201 1000 985 50000 50000 0 5
0.166667 0.183147 0.011752 200 225 1000 1016 50000 50000 0 5
0.166667 0.150944 0.011335 200 182 1000 990 50000 50000 0 5
0.166667 0.157323 0.011526 200 189 1000 986 50000 50000 0 5
0.166667 0.189287 0.012328 200 214 1000 964 50000 50000 0 5
0.166667 0.169529 0.011535 200 208 1000 1011 50000 50000 0 5
0.166667 0.170757 0.011722 200 212 1000 975 50000 50000 0 5
0.166667 0.165211 0.011463 200 201 1000 1032 50000 50000 0 5
0.166667 0.177139 0.012047 200 205 1000 964 50000 50000 0 5
0.166667 0.168618 0.011230 200 223 1000 1048 50000 50000 0 5
0.166667 0.174074 0.011790 200 204 1000 985 50000 50000 0 5
0.166667 0.164234 0.011744 200 184 1000 966 50000 50000 0 5
0.166667 0.171878 0.011570 200 212 1000 1023 50000 50000 0 5
0.166667 0.153637 0.011128 200 193 1000 1047 50000 50000 0 5
0.166667 0.162558 0.011437 200 202 1000 1016 50000 50000 0 5
0.166667 0.176361 0.011803 200 203 1000 985 50000 50000 0 5
0.166667 0.156002 0.011522 200 186 1000 981 50000 50000 0 5
0.166667 0.172162 0.011767 200 208 1000 974 50000 50000 0 5
0.166667 0.163577 0.011375 200 206 1000 1034 50000 50000 0 5
0.166667 0.161188 0.011522 200 193 1000 993 50000 50000 0 5
0.166667 0.137885 0.010842 200 168 1000 1028 50000 50000 0 5
0.166667 0.158691 0.011418 200 192 1000 1007 50000 50000 0 5
0.166667 0.160991 0.011670 200 193 1000 981 50000 50000 0 5
0.166667 0.161291 0.011652 200 197 1000 978 50000 50000 0 5
0.166667 0.171762 0.011778 200 204 1000 978 50000 50000 0 5
0.166667 0.168699 0.011837 200 197 1000 959 50000 50000 0 5
0.166667 0.164757 0.011395 200 206 1000 1033 50000 50000 0 5
0.166667 0.172452 0.011853 200 201 1000 957 50000 50000 0 5
0.166667 0.154278 0.011449 200 180 1000 976 50000 50000 0 5
0.166667 0.163907 0.011506 200 200 1000 1007 50000 50000 0 5
0.166667 0.179104 0.011998 200 213 1000 973 50000 50000 0 5
0.166667 0.156294 0.011338 200 193 1000 1035 50000 50000 0 5
0.166667 0.160381 0.011289 200 197 1000 1020 50000 50000 0 5
0.166667 0.171416 0.011523 200 218 1000 1021 50000 50000 0 5
0.166667 0.173622 0.011616 200 214 1000 1014 50000 50000 0 5
0.166667 0.152156 0.011167 200 186 1000 1037 50000 50000 0 5
0.166667 0.183914 0.011837 200 225 1000 979 50000 50000 0 5
0.166667 0.169395 0.011580 200 217 1000 1008 50000 50000 0 5
0.166667 0.173441 0.011919 200 209 1000 961 50000 50000 0 5
0.166667 0.147029 0.010917 200 178 1000 1062 50000 50000 0 5
0.166667 0.133447 0.010658 200 171 1000 1037 50000 50000 0 5
0.166667 0.168129 0.011488 200 204 1000 1038 50000 50000 0 5
0.166667 0.176526 0.011801 200 207 1000 993 50000 50000 0 5
0.166667 0.159215 0.011274 200 192 1000 1019 50000 50000 0 5
0.166667 0.160535 0.011370 200 203 1000 1024 50000 50000 0 5
0.166667 0.159690 0.011805 200 185 1000 939 50000 50000 0 5
0.166667 0.148772 0.011209 200 179 1000 1001 50000 50000 0 5
0.166667 0.161843 0.011389 200 198 1000 1029 50000 50000 0 5
0.166667 0.170625 0.011637 200 206 1000 1009 50000 50000 0 5
0.166667 0.170644 0.011757 200 204 1000 997 50000 50000 0 5
0.166667 0.161131 0.011383 200 202 1000 1023 50000 50000 0 5
0.166667 0.176862 0.011756 200 214 1000 1004 50000 50000 0 5
0.166667 0.159260 0.011458 200 198 1000 1006 50000 50000 0 5
0.166667 0.146282 0.010981 200 185 1000 1042 50000 50000 0 5
0.166667 0.152546 0.011141 200 183 1000 1024 50000 50000 0 5
0.166667 0.146910 0.011311 200 181 1000 976 50000 50000 0 5
0.166667 0.160922 0.011310 200 201 1000 1026 50000 50000 0 5
0.166667 0.177759 0.011857 200 208 1000 998 50000 50000 0 5
0.166667 0.150655 0.010856 200 201 1000 1073 50000 50000 0 5
0.166667 0.168647 0.011484 200 212 1000 1021 50000 50000 0 5
0.166667 0.167469 0.011627 200 200 1000 998 50000 50000 0 5
0.166667 0.163203 0.011466 200 200 1000 1000 50000 50000 0 5
0.166667 0.172032 0.012166 200 202 1000 925 50000 50000 0 5
0.166667 0.155161 0.011173 200 198 1000 1023 50000 50000 0 5
0.166667 0.179010 0.011938 200 213 1000 986 50000 50000 0 5
0.166667 0.140791 0.011051 200 170 1000 996 50000 50000 0 5
0.166667 0.169512 0.011779 200 198 1000 977 50000 50000 0 5
0.166667 0.176683 0.012101 200 203 1000 947 50000 50000 0 5
0.166667 0.145982 0.010971 200 188 1000 1051 50000 50000 0 5
0.166667 0.151687 0.011128 200 194 1000 1032 50000 50000 0 5
0.166667 0.184318 0.012025 200 221 1000 974 50000 50000 0 5
0.166667 0.164742 0.011543 200 203 1000 1014 50000 50000 0 5
0.166667 0.174327 0.011745 200 208 1000 994 50000 50000 0 5
0.166667 0.198308 0.012345 200 232 1000 950 50000 50000 0 5
0.166667 0.169503 0.011836 200 190 1000 997 50000 50000 0 5
0.166667 0.170787 0.011705 200 205 1000 1001 50000 50000 0 5
0.166667 0.169854 0.011807 200 198 1000 971 50000 50000 0 5
0.166667 0.175911 0.011736 200 215 1000 994 50000 50000 0 5
0.166667 0.168269 0.011389 200 214 1000 1019 50000 50000 0 5
0.166667 0.153099 0.011273 200 195 1000 992 50000 50000 0 5
0.166667 0.186421 0.011989 200 226 1000 984 50000 50000 0 5
0.166667 0.155617 0.011402 200 193 1000 989 50000 50000 0 5
0.166667 0.158469 0.011631 200 193 1000 953 50000 50000 0 5
0.166667 0.158695 0.011249 200 203 1000 1035 50000 50000 0 5
0.166667 0.167387 0.011384 200 201 1000 1036 50000 50000 0 5
0.166667 0.175589 0.011969 200 201 1000 982 50000 50000 0 5
0.166667 0.159390 0.011325 200 198 1000 1020 50000 50000 0 5
0.166667 0.172355 0.011850 200 203 1000 971 50000 50000 0 5
0.166667 0.177849 0.011703 200 220 1000 1003 50000 50000 0 5
0.166667 0.171759 0.012017 200 205 1000 941 50000 50000 0 5
0.166667 0.150017 0.011148 200 178 1000 1001 50000 50000 0 5
0.166667 0.169030 0.011679 200 199 1000 1001 50000 50000 0 5
0.166667 0.151309 0.011419 200 186 1000 971 50000 50000 0 5
0.166667 0.153614 0.011132 200 202 1000 1025 50000 50000 0 5
0.166667 0.177189 0.011689 200 230 1000 1007 50000 50000 0 5
0.166667 0.160158 0.011558 200 184 1000 988 50000 50000 0 5
0.166667 0.172740 0.011508 200 216 1000 1035 50000 50000 0 5
0.166667 0.175705 0.011689 200 213 1000 1003 50000 50000 0 5
0.166667 0.159799 0.011515 200 194 1000 996 50000 50000 0 5
0.166667 0.167061 0.011827 200 202 1000 959 50000 50000 0 5
0.166667 0.157959 0.011469 200 187 1000 997 50000 50000 0 5
0.166667 0.168093 0.011751 200 204 1000 978 50000 50000 0 5
0.166667 0.182627 0.012317 200 198 1000 937 50000 50000 0 5
0.166667 0.178076 0.012038 200 217 1000 961 50000 50000 0 5
0.166667 0.183846 0.011953 200 218 1000 989 50000 50000 0 5
0.166667 0.168418 0.011616 200 202 1000 990 50000 50000 0 5
0.166667 0.165507 0.011637 200 205 1000 993 50000 50000 0 5
0.166667 0.168628 0.011746 200 205 1000 976 50000 50000 0 5
0.166667 0.176500 0.011806 200 210 1000 986 50000 50000 0 5
0.166667 0.167844 0.011526 200 200 1000 1022 50000 50000 0 5
0.166667 0.147234 0.011334 200 181 1000 981 50000 50000 0 5
0.166667 0.172625 0.012032 200 197 1000 955 50000 50000 0 5
0.166667 0.158369 0.011549 200 198 1000 992 50000 50000 0 5
0.166667 0.174438 0.011932 200 205 1000 955 50000 50000 0 5
0.166667 0.157288 0.011397 200 197 1000 996 50000 50000 0 5
0.166667 0.153453 0.011116 200 194 1000 1042 50000 50000 0 5
0.166667 0.155663 0.011305 200 198 1000 1009 50000 50000 0 5
0.166667 0.155087 0.011352 200 187 1000 1016 50000 50000 0 5
0.166667 0.152953 0.011527 200 195 1000 973 50000 50000 0 5
0.166667 0.167069 0.011521 200 204 1000 1004 50000 50000 0 5
0.166667 0.151088 0.011162 200 191 1000 1025 50000 50000 0 5
0.166667 0.160686 0.011503 200 185 1000 1014 50000 50000 0 5
0.166667 0.153212 0.011236 200 189 1000 1024 50000 50000 0 5
0.166667 0.148017 0.011081 200 175 1000 1016 50000 50000 0 5
0.166667 0.156192 0.011253 200 184 1000 1024 50000 50000 0 5
0.166667 0.171927 0.011706 200 209 1000 987 50000 50000 0 5
0.166667 0.166797 0.011413 200 214 1000 1019 50000 50000 0 5
0.166667 0.177327 0.011540 200 222 1000 1040 50000 50000 0 5
0.166667 0.156491 0.011391 200 198 1000 1007 50000 50000 0 5
0.166667 0.158040 0.011483 200 195 1000 984 50000 50000 0 5
0.166667 0.155477 0.011010 200 204 1000 1057 50000 50000 0 5
0.166667 0.145754 0.011065 200 175 1000 1014 50000 50000 0 5
0.166667 0.166197 0.011634 200 195 1000 981 50000 50000 0 5
0.166667 0.171829 0.011902 200 210 1000 948 50000 50000 0 5
0.166667 0.165487 0.011334 200 209 1000 1044 50000 50000 0 5
0.166667 0.182024 0.011807 200 230 1000 1006 50000 50000 0 5
0.166667 0.178496 0.011687 200 223 1000 1006 50000 50000 0 5
0.166667 0.159758 0.011531 200 187 1000 998 50000 50000 0 5
0.166667 0.154758 0.011312 200 190 1000 1020 50000 50000 0 5
0.166667 0.151457 0.011155 200 197 1000 1020 50000 50000 0 5
0.166667 0.156131 0.011592 200 174 1000 966 50000 50000 0 5
0.166667 0.175133 0.011738 200 214 1000 1010 50000 50000 0 5
0.166667 0.168534 0.011541 200 212 1000 1003 50000 50000 0 5
0.166667 0.168879 0.011926 200 197 1000 961 50000 50000 0 5
0.166667 0.177401 0.011565 200 220 1000 1034 50000 50000 0 5
0.166667 0.184540 0.011830 200 218 1000 1017 50000 50000 0 5
0.166667 0.161068 0.011516 200 195 1000 995 50000 50000 0 5
0.166667 0.142525 0.011041 200 177 1000 1020 50000 50000 0 5
0.166667 0.178712 0.011701 200 225 1000 1003 50000 50000 0 5
0.166667 0.170976 0.011696 200 203 1000 1010 50000 50000 0 5
0.166667 0.166059 0.011991 200 176 1000 940 50000 50000 0 5
0.166667 0.176160 0.011758 200 208 1000 995 50000 50000 0 5
0.166667 0.167082 0.011403 200 208 1000 1026 50000 50000 0 5
0.166667 0.181394 0.011908 200 224 1000 984 50000 50000 0 5
0.166667 0.172743 0.011478 200 224 1000 1036 50000 50000 0 5
0.166667 0.172881 0.011767 200 205 1000 988 50000 50000 0 5
0.166667 0.177000 0.011946 200 208 1000 975 50000 50000 0 5
0.166667 0.163260 0.011651 200 200 1000 974 50000 50000 0 5
0.166667 0.169741 0.011531 200 213 1000 1005 50000 50000 0 5
0.166667 0.178875 0.011940 200 213 1000 975 50000 50000 0 5
0.166667 0.157407 0.011524 200 190 1000 966 50000 50000 0 5
0.166667 0.150859 0.011084 200 202 1000 1036 50000 50000 0 5
0.166667 0.170659 0.011640 200 218 1000 981 50000 50000 0 5
0.166667 0.166807 0.011561 200 205 1000 1006 50000 50000 0 5
0.166667 0.171151 0.011641 200 211 1000 1000 50000 50000 0 5
0.166667 0.185347 0.011916 200 232 1000 977 50000 50000 0 5
0.166667 0.167335 0.011932 200 196 1000 948 50000 50000 0 5
0.166667 0.155495 0.011359 200 183 1000 1009 50000 50000 0 5
0.166667 0.177486 0.011685 200 219 1000 1008 50000 50000 0 5
0.166667 0.182516 0.011866 200 227 1000 998 50000 50000 0 5
0.166667 0.152887 0.011126 200 194 1000 1031 50000 50000 0 5
0.166667 0.168168 0.012058 200 199 1000 949 50000 50000 0 5
0.166667 0.160767 0.011549 200 187 1000 995 50000 50000 0 5
0.166667 0.176915 0.011898 200 201 1000 981 50000 50000 0 5
0.166667 0.157715 0.011272 200 188 1000 1024 50000 50000 0 5
0.166667 0.164705 0.011250 200 208 1000 1036 50000 50000 0 5
0.166667 0.175803 0.011768 200 213 1000 1006 50000 50000 0 5
0.166667 0.158683 0.011384 200 201 1000 1027 50000 50000 0 5
0.166667 0.169992 0.011576 200 206 1000 1010 50000 50000 0 5
0.166667 0.154575 0.011344 200 191 1000 996 50000 50000 0 5
0.166667 0.159644 0.011663 200 181 1000 973 50000 50000 0 5
0.166667 0.156732 0.011310 200 187 1000 1023 50000 50000 0 5
0.166667 0.160309 0.011101 200 200 1000 1054 50000 50000 0 5
0.166667 0.161613 0.011315 200 193 1000 1049 50000 50000 0 5
0.166667 0.179580 0.012268 200 195 1000 927 50000 50000 0 5
0.166667 0.179001 0.011972 200 212 1000 976 50000 50000 0 5
0.166667 0.170448 0.011357 200 218 1000 1048 50000 50000 0 5
0.166667 0.164354 0.011487 200 204 1000 1024 50000 50000 0 5
0.166667 0.158791 0.011356 200 199 1000 1029 50000 50000 0 5
0.166667 0.152621 0.011280 200 184 1000 1009 50000 50000 0 5
0.166667 0.174629 0.011585 200 210 1000 1029 50000 50000 0 5
0.166667 0.186754 0.012126 200 216 1000 970 50000 50000 0 5
0.166667 0.176163 0.011989 200 209 1000 947 50000 50000 0 5
0.166667 0.152500 0.011117 200 188 1000 1030 50000 50000 0 5
0.166667 0.177770 0.011963 200 214 1000 951 50000 50000 0 5
0.166667 0.165445 0.011483 200 204 1000 1012 50000 50000 0 5
0.166667 0.159572 0.011235 200 191 1000 1056 50000 50000 0 5
0.166667 0.150460 0.011185 200 181 1000 1012 50000 50000 0 5
0.166667 0.164158 0.011338 200 206 1000 1029 50000 50000 0 5
0.166667 0.154542 0.011367 200 188 1000 993 50000 50000 0 5
0.166667 0.175895 0.011728 200 217 1000 1010 50000 50000 0 5
0.166667 0.161151 0.011389 200 208 1000 1024 50000 50000 0 5
0.166667 0.157576 0.011528 200 183 1000 988 50000 50000 0 5
0.166667 0.151639 0.011572 200 178 1000 993 50000 50000 0 5
0.166667 0.166661 0.011844 200 193 1000 962 50000 50000 0 5
0.166667 0.174882 0.011776 200 207 1000 1007 50000 50000 0 5
0.166667 0.168319 0.011801 200 188 1000 961 50000 50000 0 5
0.166667 0.146980 0.011010 200 186 1000 1030 50000 50000 0 5
0.166667 0.165496 0.011601 200 200 1000 989 50000 50000 0 5
0.166667 0.153976 0.011021 200 195 1000 1041 50000 50000 0 5
0.166667 0.170571 0.011762 200 196 1000 976 50000 50000 0 5
0.166667 0.177081 0.011805 200 211 1000 988 50000 50000 0 5
0.166667 0.170848 0.011638 200 212 1000 1008 50000 50000 0 5
0.166667 0.174762 0.011599 200 216 1000 1005 50000 50000 0 5
0.166667 0.182822 0.011873 200 230 1000 1001 50000 50000 0 5
0.166667 0.162191 0.011603 200 203 1000 985 50000 50000 0 5
0.166667 0.162953 0.011308 200 205 1000 1055 50000 50000 0 5
0.166667 0.170482 0.011597 200 219 1000 1009 50000 50000 0 5
0.166667 0.199683 0.012710 200 230 1000 913 50000 50000 0 5
0.166667 0.132803 0.010820 200 169 1000 1009 50000 50000 0 5
0.166667 0.153831 0.011283 200 189 1000 1009 50000 50000 0 5
0.166667 0.186107 0.012330 200 205 1000 942 50000 50000 0 5
0.166667 0.187670 0.012424 200 204 1000 934 50000 50000 0 5
0.166667 0.172249 0.011913 200 203 1000 968 50000 50000 0 5
0.166667 0.154158 0.011072 200 196 1000 1050 50000 50000 0 5
0.166667 0.168349 0.011701 200 195 1000 994 50000 50000 0 5
0.166667 0.179363 0.012071 200 216 1000 952 50000 50000 0 5
0.166667 0.168415 0.011787 200 197 1000 971 50000 50000 0 5
0.166667 0.184646 0.012006 200 223 1000 984 50000 50000 0 5
0.166667 0.149258 0.011383 200 176 1000 962 50000 50000 0 5
0.166667 0.168860 0.011474 200 208 1000 1036 50000 50000 0 5
0.166667 0.154249 0.011555 200 179 1000 954 50000 50000 0 5
0.166667 0.154892 0.011157 200 193 1000 1032 50000 50000 0 5
0.166667 0.176020 0.011439 200 219 1000 1055 50000 50000 0 5
0.166667 0.154870 0.011440 200 189 1000 990 50000 50000 0 5
0.166667 0.153230 0.010905 200 205 1000 1056 50000 50000 0 5
0.166667 0.149390 0.011236 200 181 1000 1003 50000 50000 0 5
0.166667 0.161727 0.011346 200 203 1000 1024 50000 50000 0 5
0.166667 0.160418 0.011472 200 204 1000 1016 50000 50000 0 5
0.166667 0.169273 0.012074 200 186 1000 935 50000 50000 0 5
0.166667 0.181137 0.011735 200 222 1000 1013 50000 50000 0 5
0.166667 0.146494 0.011326 200 176 1000 973 50000 50000 0 5
0.166667 0.164349 0.011541 200 206 1000 1007 50000 50000 0 5
0.166667 0.173922 0.011428 200 223 1000 1041 50000 50000 0 5
0.166667 0.158988 0.011252 200 195 1000 1037 50000 50000 0 5
0.166667 0.150772 0.011270 200 192 1000 976 50000 50000 0 5
0.166667 0.168240 0.011871 200 191 1000 979 50000 50000 0 5
0.166667 0.154282 0.011558 200 181 1000 969 50000 50000 0 5
0.166667 0.151827 0.011063 200 192 1000 1045 50000 50000 0 5
0.166667 0.180753 0.011683 200 226 1000 1016 50000 50000 0 5
0.166667 0.156228 0.011198 200 192 1000 1035 50000 50000 0 5
0.166667 0.179146 0.011864 200 209 1000 981 50000 50000 0 5
0.166667 0.187702 0.012000 200 226 1000 988 50000 50000 0 5
0.166667 0.162098 0.011610 200 198 1000 978 50000 50000 0 5
0.166667 0.178469 0.012029 200 216 1000 959 50000 50000 0 5
0.166667 0.153614 0.011245 200 194 1000 1032 50000 50000 0 5
0.166667 0.171802 0.011798 200 208 1000 983 50000 50000 0 5
0.166667 0.168076 0.011661 200 204 1000 984 50000 50000 0 5
0.166667 0.181879 0.011902 200 226 1000 982 50000 50000 0 5
0.166667 0.170806 0.011859 200 198 1000 953 50000 50000 0 5
0.166667 0.167826 0.011542 200 211 1000 1020 50000 50000 0 5
0.166667 0.158415 0.011488 200 180 1000 988 50000 50000 0 5
0.166667 0.155796 0.011194 200 195 1000 1036 50000 50000 0 5
0.166667 0.163254 0.011514 200 187 1000 982 50000 50000 0 5
0.166667 0.165662 0.011558 200 194 1000 1009 50000 50000 0 5
0.166667 0.186173 0.011821 200 227 1000 1021 50000 50000 0 5
0.166667 0.171278 0.011793 200 205 1000 987 50000 50000 0 5
0.166667 0.175696 0.011799 200 216 1000 990 50000 50000 0 5
0.166667 0.173324 0.011525 200 209 1000 1022 50000 50000 0 5
0.166667 0.151542 0.011379 200 194 1000 986 50000 50000 0 5
0.166667 0.167645 0.011905 200 195 1000 947 50000 50000 0 5
0.166667 0.168549 0.011784 200 206 1000 962 50000 50000 0 5
0.166667 0.171595 0.011613 200 213 1000 993 50000 50000 0 5
0.166667 0.146580 0.011036 200 184 1000 1034 50000 50000 0 5
0.166667 0.159080 0.011152 200 204 1000 1050 50000 50000 0 5
0.166667 0.175640 0.011649 200 223 1000 1006 50000 50000 0 5
0.166667 0.160368 0.011483 200 199 1000 1005 50000 50000 0 5
0.166667 0.167432 0.011944 200 194 1000 950 50000 50000 0 5
0.166667 0.155154 0.011134 200 200 1000 1052 50000 50000 0 5
0.166667 0.167770 0.011348 200 210 1000 1047 50000 50000 0 5
0.166667 0.166153 0.011492 200 199 1000 1019 50000 50000 0 5
0.166667 0.155202 0.011322 200 187 1000 1018 50000 50000 0 5
0.166667 0.180736 0.011837 200 223 1000 1002 50000 50000 0 5
0.166667 0.182006 0.011986 200 219 1000 982 50000 50000 0 5
0.166667 0.167807 0.011989 200 199 1000 934 50000 50000 0 5
0.166667 0.167843 0.011510 200 212 1000 996 50000 50000 0 5
0.166667 0.176117 0.011715 200 213 1000 1017 50000 50000 0 5
0.166667 0.162092 0.011758 200 183 1000 970 50000 50000 0 5
0.166667 0.167192 0.011659 200 201 1000 982 50000 50000 0 5
0.166667 0.145168 0.011097 200 181 1000 1006 50000 50000 0 5
0.166667 0.185279 0.011996 200 225 1000 988 50000 50000 0 5
0.166667 0.163035 0.011339 200 201 1000 1043 50000 50000 0 5
0.166667 0.149244 0.011061 200 185 1000 1046 50000 50000 0 5
0.166667 0.179711 0.011775 200 205 1000 1001 50000 50000 0 5
0.166667 0.161870 0.011699 200 191 1000 971 50000 50000 0 5
0.166667 0.147803 0.011415 200 172 1000 966 50000 50000 0 5
0.166667 0.179346 0.011864 200 211 1000 970 50000 50000 0 5
0.166667 0.161199 0.011338 200 193 1000 1027 50000 50000 0 5
0.166667 0.175375 0.012039 200 206 1000 949 50000 50000 0 5
0.166667 0.171163 0.011755 200 208 1000 981 50000 50000 0 5
0.166667 0.170095 0.011580 200 210 1000 1027 50000 50000 0 5
0.166667 0.198080 0.012550 200 228 1000 949 50000 50000 0 5
0.166667 0.160682 0.011326 200 204 1000 1014 50000 50000 0 5
0.166667 0.172404 0.011841 200 201 1000 987 50000 50000 0 5
0.166667 0.178639 0.011989 200 217 1000 970 50000 50000 0 5
0.166667 0.176758 0.011866 200 204 1000 993 50000 50000 0 5
0.166667 0.177322 0.012004 200 216 1000 958 50000 50000 0 5
0.166667 0.170558 0.011670 200 202 1000 1006 50000 50000 0 5
0.166667 0.158109 0.011240 200 198 1000 1041 50000 50000 0 5
0.166667 0.170360 0.011897 200 196 1000 966 50000 50000 0 5
0.166667 0.164572 0.011521 200 209 1000 1004 50000 50000 0 5
0.166667 0.158251 0.011341 200 194 1000 1013 50000 50000 0 5
0.166667 0.178254 0.011697 200 229 1000 1008 50000 50000 0 5
0.166667 0.178396 0.011825 200 206 1000 993 50000 50000 0 5
0.166667 0.164607 0.011842 200 184 1000 943 50000 50000 0 5
0.166667 0.168129 0.011773 200 192 1000 990 50000 50000 0 5
0.166667 0.158080 0.011370 200 196 1000 1004 50000 50000 0 5
0.166667 0.182656 0.011930 200 223 1000 991 50000 50000 0 5
0.166667 0.176527 0.011821 200 217 1000 997 50000 50000 0 5
0.166667 0.168097 0.011585 200 204 1000 999 50000 50000 0 5
0.166667 0.162104 0.011539 200 189 1000 1002 50000 50000 0 5
0.166667 0.174364 0.011607 200 209 1000 1026 50000 50000 0 5
0.166667 0.158470 0.011728 200 185 1000 941 50000 50000 0 5
0.166667 0.154314 0.011273 200 196 1000 1026 50000 50000 0 5
0.166667 0.170028 0.011915 200 196 1000 964 50000 50000 0 5
0.166667 0.184566 0.012035 200 218 1000 978 50000 50000 0 5
0.166667 0.150977 0.011301 200 178 1000 1011 50000 50000 0 5
0.166667 0.164100 0.011545 200 197 1000 997 50000 50000 0 5
0.166667 0.170268 0.011881 200 202 1000 951 50000 50000 0 5
0.166667 0.176787 0.011692 200 218 1000 1024 50000 50000 0 5
0.166667 0.168404 0.011761 200 194 1000 991 50000 50000 0 5
0.166667 0.167764 0.011919 200 194 1000 939 50000 50000 0 5
0.166667 0.163219 0.011480 200 196 1000 1012 50000 50000 0 5
0.166667 0.169455 0.012016 200 201 1000 932 50000 50000 0 5
0.166667 0.167970 0.011681 200 195 1000 990 50000 50000 0 5
0.166667 0.188711 0.012072 200 225 1000 965 50000 50000 0 5
0.166667 0.173185 0.011713 200 214 1000 990 50000 50000 0 5
0.166667 0.164451 0.011456 200 193 1000 1020 50000 50000 0 5
0.166667 0.128675 0.010707 200 157 1000 1023 50000 50000 0 5
0.166667 0.156464 0.011480 200 179 1000 976 50000 50000 0 5
0.166667 0.183694 0.011922 200 224 1000 998 50000 50000 0 5
0.166667 0.161667 0.011224 200 201 1000 1039 50000 50000 0 5
0.166667 0.159670 0.011408 200 189 1000 1019 50000 50000 0 5
0.166667 0.169795 0.011602 200 207 1000 1015 50000 50000 0 5
0.166667 0.143085 0.010822 200 181 1000 1051 50000 50000 0 5
0.166667 0.168138 0.011486 200 199 1000 1042 50000 50000 0 5
0.166667 0.161328 0.011641 200 192 1000 972 50000 50000 0 5
0.166667 0.184794 0.011981 200 217 1000 982 50000 50000 0 5
0.166667 0.151822 0.011031 200 185 1000 1037 50000 50000 0 5
0.166667 0.160484 0.011283 200 201 1000 1025 50000 50000 0 5
0.166667 0.162564 0.011643 200 204 1000 987 50000 50000 0 5
0.166667 0.169297 0.011659 200 209 1000 985 50000 50000 0 5
0.166667 0.163626 0.011455 200 194 1000 1019 50000 50000 0 5
0.166667 0.167480 0.011692 200 196 1000 985 50000 50000 0 5
0.166667 0.163025 0.011462 200 204 1000 998 50000 50000 0 5
0.166667 0.178185 0.011533 200 220 1000 1052 50000 50000 0 5
0.166667 0.179997 0.012054 200 206 1000 948 50000 50000 0 5
0.166667 0.160299 0.011521 200 205 1000 988 50000 50000 0 5
0.166667 0.181503 0.011838 200 206 1000 1027 50000 50000 0 5
0.166667 0.170362 0.011927 200 207 1000 961 50000 50000 0 5
0.166667 0.139580 0.010797 200 175 1000 1014 50000 50000 0 5
0.166667 0.179803 0.011798 200 218 1000 996 50000 50000 0 5
0.166667 0.141646 0.011094 200 181 1000 1005 50000 50000 0 5
0.166667 0.171467 0.012033 200 190 1000 944 50000 50000 0 5
0.166667 0.177846 0.011688 200 222 1000 1019 50000 50000 0 5
0.166667 0.169019 0.011586 200 202 1000 1009 50000 50000 0 5
0.166667 0.150217 0.011390 200 178 1000 990 50000 50000 0 5
0.166667 0.171507 0.012029 200 209 1000 957 50000 50000 0 5
0.166667 0.163809 0.011606 200 194 1000 976 50000 50000 0 5
0.166667 0.170698 0.011568 200 203 1000 1024 50000 50000 0 5
0.166667 0.189095 0.012076 200 232 1000 975 50000 50000 0 5
0.166667 0.161990 0.011637 200 193 1000 969 50000 50000 0 5
0.166667 0.154027 0.011378 200 182 1000 981 50000 50000 0 5
0.166667 0.166137 0.011653 200 199 1000 990 50000 50000 0 5
0.166667 0.159792 0.011516 200 188 1000 985 50000 50000 0 5
0.166667 0.180278 0.011813 200 219 1000 991 50000 50000 0 5
0.166667 0.154212 0.011569 200 192 1000 960 50000 50000 0 5
0.166667 0.157926 0.011626 200 172 1000 964 50000 50000 0 5
0.166667 0.161146 0.011180 200 209 1000 1051 50000 50000 0 5
0.166667 0.172091 0.011348 200 220 1000 1056 50000 50000 0 5
0.166667 0.180832 0.011865 200 211 1000 1006 50000 50000 0 5
0.166667 0.175233 0.011927 200 199 1000 982 50000 50000 0 5
0.166667 0.162272 0.011863 200 182 1000 946 50000 50000 0 5
0.166667 0.165100 0.011629 200 199 1000 987 50000 50000 0 5
0.166667 0.176472 0.011894 200 195 1000 980 50000 50000 0 5
0.166667 0.165509 0.011946 200 191 1000 940 50000 50000 0 5
0.166667 0.160029 0.011529 200 198 1000 980 50000 50000 0 5
0.166667 0.181746 0.011876 200 226 1000 997 50000 50000 0 5
0.166667 0.149857 0.011058 200 192 1000 1036 50000 50000 0 5
0.166667 0.182678 0.011948 200 220 1000 989 50000 50000 0 5
0.166667 0.161253 0.011243 200 202 1000 1038 50000 50000 0 5
0.166667 0.164859 0.011595 200 194 1000 990 50000 50000 0 5
0.166667 0.154443 0.011322 200 197 1000 1002 50000 50000 0 5
0.166667 0.169528 0.011466 200 202 1000 1032 50000 50000 0 5
0.166667 0.181813 0.011860 200 222 1000 1013 50000 50000 0 5
0.166667 0.174099 0.012059 200 203 1000 958 50000 50000 0 5
0.166667 0.161501 0.011626 200 182 1000 990 50000 50000 0 5
0.166667 0.163067 0.011497 200 204 1000 1017 50000 50000 0 5
0.166667 0.154866 0.011537 200 180 1000 957 50000 50000 0 5
0.166667 0.150213 0.011171 200 190 1000 1014 50000 50000 0 5
0.166667 0.166650 0.012178 200 188 1000 926 50000 50000 0 5
0.166667 0.161727 0.011362 200 201 1000 1020 50000 50000 0 5
0.166667 0.167968 0.011236 200 215 1000 1067 50000 50000 0 5
0.166667 0.173132 0.011699 200 202 1000 1003 50000 50000 0 5
0.166667 0.163269 0.011513 200 198 1000 1003 50000 50000 0 5
0.166667 0.169297 0.011541 200 198 1000 1020 50000 50000 0 5
0.166667 0.162012 0.011241 200 201 1000 1033 50000 50000 0 5
0.166667 0.177654 0.011738 200 218 1000 1013 50000 50000 0 5
0.166667 0.170559 0.011436 200 209 1000 1043 50000 50000 0 5
0.166667 0.161852 0.011458 200 195 1000 1014 50000 50000 0 5
0.166667 0.154812 0.011477 200 186 1000 974 50000 50000 0 5
0.166667 0.157315 0.011593 200 181 1000 964 50000 50000 0 5
0.166667 0.156133 0.011396 200 183 1000 1010 50000 50000 0 5
0.166667 0.175172 0.011880 200 215 1000 963 50000 50000 0 5
0.166667 0.176105 0.011752 200 209 1000 996 50000 50000 0 5
0.166667 0.190232 0.012077 200 236 1000 982 50000 50000 0 5
0.166667 0.171499 0.011750 200 209 1000 971 50000 50000 0 5
0.166667 0.172497 0.011709 200 207 1000 996 50000 50000 0 5
0.166667 0.168942 0.011811 200 205 1000 976 50000 50000 0 5
0.166667 0.196254 0.012539 200 225 1000 932 50000 50000 0 5
0.166667 0.166617 0.012091 200 188 1000 919 50000 50000 0 5
0.166667 0.149983 0.011041 200 177 1000 1024 50000 50000 0 5
0.166667 0.170524 0.011611 200 211 1000 1011 50000 50000 0 5
0.166667 0.176888 0.011722 200 216 1000 983 50000 50000 0 5
0.166667 0.151135 0.011376 200 183 1000 993 50000 50000 0 5
0.166667 0.164882 0.011473 200 201 1000 995 50000 50000 0 5
0.166667 0.177808 0.012057 200 215 1000 943 50000 50000 0 5
0.166667 0.178118 0.012078 200 209 1000 948 50000 50000 0 5
0.166667 0.160960 0.011364 200 200 1000 1012 50000 50000 0 5
0.166667 0.162832 0.011541 200 195 1000 1004 50000 50000 0 5
0.166667 0.182186 0.012160 200 210 1000 966 50000 50000 0 5
0.166667 0.172167 0.011997 200 203 1000 957 50000 50000 0 5
0.166667 0.177736 0.011764 200 222 1000 1002 50000 50000 0 5
0.166667 0.169362 0.011549 200 203 1000 1016 50000 50000 0 5
0.166667 0.180881 0.011964 200 197 1000 981 50000 50000 0 5
0.166667 0.148680 0.011099 200 186 1000 1015 50000 50000 0 5
0.166667 0.182820 0.011913 200 214 1000 995 50000 50000 0 5
0.166667 0.178038 0.011773 200 221 1000 998 50000 50000 0 5
0.166667 0.174371 0.011817 200 212 1000 978 50000 50000 0 5
0.166667 0.148950 0.010951 200 176 1000 1083 50000 50000 0 5
