0.166667 0.160504 0.011644 200 196 1000 1013 2 1000 1000 1000 3
0.166667 0.162453 0.011781 200 197 1000 1011 2 1000 1000 1000 3
0.166667 0.170021 0.012262 200 198 1000 977 2 1000 1000 1000 3
0.166667 0.198487 0.012557 200 232 1000 946 2 1000 1000 1000 3
0.166667 0.183931 0.012220 200 216 1000 976 2 1000 1000 1000 3
0.166667 0.170129 0.011930 200 206 1000 1004 2 1000 1000 1000 3
0.166667 0.153862 0.011590 200 186 1000 989 2 1000 1000 1000 3
0.166667 0.158243 0.011442 200 192 1000 1028 2 1000 1000 1000 3
0.166667 0.172969 0.012121 200 193 1000 976 2 1000 1000 1000 3
0.166667 0.150683 0.011699 200 185 1000 1001 2 1000 1000 1000 3
0.166667 0.139682 0.011586 200 166 1000 986 2 1000 1000 1000 3
0.166667 0.140452 0.011457 200 171 1000 998 2 1000 1000 1000 3
0.166667 0.174647 0.012027 200 202 1000 990 2 1000 1000 1000 3
0.166667 0.159204 0.011515 200 199 1000 1016 2 1000 1000 1000 3
0.166667 0.142857 0.011126 200 170 1000 1027 2 1000 1000 1000 3
0.166667 0.172797 0.011857 200 201 1000 995 2 1000 1000 1000 3
0.166667 0.192012 0.012156 200 230 1000 1020 2 1000 1000 1000 3
0.166667 0.180363 0.012068 200 220 1000 1011 2 1000 1000 1000 3
0.166667 0.172171 0.011732 200 199 1000 1010 2 1000 1000 1000 3
0.166667 0.191678 0.012741 200 230 1000 932 2 1000 1000 1000 3
0.166667 0.149313 0.010853 200 199 1000 1110 2 1000 1000 1000 3
0.166667 0.179929 0.012434 200 198 1000 972 2 1000 1000 1000 3
0.166667 0.152611 0.011641 200 187 1000 1030 2 1000 1000 1000 3
0.166667 0.154834 0.011458 200 197 1000 1037 2 1000 1000 1000 3
0.166667 0.161275 0.011646 200 199 1000 1020 2 1000 1000 1000 3
0.166667 0.140055 0.011469 200 177 1000 1005 2 1000 1000 1000 3
0.166667 0.170388 0.011742 200 206 1000 1019 2 1000 1000 1000 3
0.166667 0.164596 0.012132 200 190 1000 951 2 1000 1000 1000 3
0.166667 0.182189 0.012476 200 213 1000 953 2 1000 1000 1000 3
0.166667 0.180693 0.011898 200 236 1000 1048 2 1000 1000 1000 3
0.166667 0.186788 0.012450 200 224 1000 969 2 1000 1000 1000 3
0.166667 0.159120 0.011616 200 183 1000 1026 2 1000 1000 1000 3
0.166667 0.165714 0.012032 200 201 1000 987 2 1000 1000 1000 3
0.166667 0.175550 0.011796 200 210 1000 1021 2 1000 1000 1000 3
0.166667 0.189836 0.012617 200 218 1000 936 2 1000 1000 1000 3
0.166667 0.167625 0.011564 200 207 1000 1036 2 1000 1000 1000 3
0.166667 0.181601 0.012093 200 217 1000 1008 2 1000 1000 1000 3
0.166667 0.178987 0.012393 200 198 1000 949 2 1000 1000 1000 3
0.166667 0.163388 0.011486 200 199 1000 1057 2 1000 1000 1000 3
0.166667 0.168019 0.011984 200 182 1000 971 2 1000 1000 1000 3
0.166667 0.163621 0.011958 200 186 1000 989 2 1000 1000 1000 3
0.166667 0.179455 0.012423 200 208 1000 940 2 1000 1000 1000 3
0.166667 0.163295 0.011606 200 195 1000 999 2 1000 1000 1000 3
0.166667 0.193005 0.012126 200 222 1000 1036 2 1000 1000 1000 3
0.166667 0.149351 0.011519 200 184 1000 1018 2 1000 1000 1000 3
0.166667 0.164092 0.012260 200 196 1000 955 2 1000 1000 1000 3
0.166667 0.158497 0.011504 200 199 1000 1031 2 1000 1000 1000 3
0.166667 0.167940 0.011820 200 206 1000 1009 2 1000 1000 1000 3
0.166667 0.170607 0.011870 200 209 1000 1007 2 1000 1000 1000 3
0.166667 0.140260 0.010901 200 178 1000 1065 2 1000 1000 1000 3
0.166667 0.171669 0.011926 200 207 1000 993 2 1000 1000 1000 3
0.166667 0.172598 0.011965 200 197 1000 994 2 1000 1000 1000 3
0.166667 0.173540 0.011761 200 202 1000 1041 2 1000 1000 1000 3
0.166667 0.161921 0.011970 200 188 1000 970 2 1000 1000 1000 3
0.166667 0.165884 0.011403 200 194 1000 1042 2 1000 1000 1000 3
0.166667 0.177295 0.012466 200 204 1000 950 2 1000 1000 1000 3
0.166667 0.152264 0.011509 200 193 1000 1033 2 1000 1000 1000 3
0.166667 0.172956 0.012047 200 200 1000 985 2 1000 1000 1000 3
0.166667 0.163437 0.011832 200 209 1000 1011 2 1000 1000 1000 3
0.166667 0.152175 0.011729 200 182 1000 973 2 1000 1000 1000 3
0.166667 0.178466 0.012179 200 211 1000 998 2 1000 1000 1000 3
0.166667 0.167616 0.012427 200 190 1000 941 2 1000 1000 1000 3
0.166667 0.184409 0.012036 200 221 1000 1037 2 1000 1000 1000 3
0.166667 0.158710 0.011586 200 199 1000 1022 2 1000 1000 1000 3
0.166667 0.175989 0.012125 200 208 1000 967 2 1000 1000 1000 3
0.166667 0.163051 0.011780 200 199 1000 1008 2 1000 1000 1000 3
0.166667 0.167549 0.012265 200 184 1000 943 2 1000 1000 1000 3
0.166667 0.172192 0.012276 200 208 1000 992 2 1000 1000 1000 3
0.166667 0.164163 0.011390 200 203 1000 1057 2 1000 1000 1000 3
0.166667 0.158372 0.011980 200 179 1000 930 2 1000 1000 1000 3
0.166667 0.158184 0.011847 200 189 1000 971 2 1000 1000 1000 3
0.166667 0.159557 0.011788 200 208 1000 1034 2 1000 1000 1000 3
0.166667 0.173479 0.011964 200 196 1000 1003 2 1000 1000 1000 3
0.166667 0.159842 0.011567 200 196 1000 1012 2 1000 1000 1000 3
0.166667 0.168208 0.011812 200 201 1000 1017 2 1000 1000 1000 3
0.166667 0.184844 0.012855 200 213 1000 908 2 1000 1000 1000 3
0.166667 0.177344 0.012057 200 208 1000 974 2 1000 1000 1000 3
0.166667 0.175974 0.011887 200 214 1000 1040 2 1000 1000 1000 3
0.166667 0.167709 0.012108 200 193 1000 965 2 1000 1000 1000 3
0.166667 0.173026 0.012072 200 208 1000 993 2 1000 1000 1000 3
0.166667 0.151896 0.011632 200 200 1000 1044 2 1000 1000 1000 3
0.166667 0.166085 0.011825 200 193 1000 989 2 1000 1000 1000 3
0.166667 0.146606 0.011144 200 185 1000 1075 2 1000 1000 1000 3
0.166667 0.173331 0.012279 200 217 1000 960 2 1000 1000 1000 3
0.166667 0.160640 0.011589 200 192 1000 1004 2 1000 1000 1000 3
0.166667 0.180631 0.012086 200 211 1000 998 2 1000 1000 1000 3
0.166667 0.160868 0.011531 200 198 1000 1056 2 1000 1000 1000 3
0.166667 0.171795 0.011924 200 200 1000 1005 2 1000 1000 1000 3
0.166667 0.141349 0.011579 200 182 1000 991 2 1000 1000 1000 3
0.166667 0.159337 0.011804 200 195 1000 1017 2 1000 1000 1000 3
0.166667 0.159758 0.011626 200 208 1000 1021 2 1000 1000 1000 3
0.166667 0.174969 0.012025 200 195 1000 971 2 1000 1000 1000 3
0.166667 0.142063 0.011215 200 177 1000 1014 2 1000 1000 1000 3
0.166667 0.163949 0.011562 200 201 1000 1041 2 1000 1000 1000 3
0.166667 0.162153 0.011404 200 192 1000 1040 2 1000 1000 1000 3
0.166667 0.183461 0.012636 200 210 1000 945 2 1000 1000 1000 3
0.166667 0.161897 0.011925 200 206 1000 987 2 1000 1000 1000 3
0.166667 0.140651 0.011394 200 186 1000 1019 2 1000 1000 1000 3
0.166667 0.157764 0.011646 200 207 1000 1020 2 1000 1000 1000 3
0.166667 0.157633 0.011562 200 199 1000 1022 2 1000 1000 1000 3
0.166667 0.160127 0.011756 200 181 1000 994 2 1000 1000 1000 3
0.166667 0.171737 0.012407 200 204 1000 949 2 1000 1000 1000 3
0.166667 0.170692 0.011884 200 191 1000 1019 2 1000 1000 1000 3
0.166667 0.153601 0.011358 200 186 1000 1042 2 1000 1000 1000 3
0.166667 0.177877 0.012223 200 199 1000 965 2 1000 1000 1000 3
0.166667 0.155947 0.011834 200 203 1000 1008 2 1000 1000 1000 3
0.166667 0.149340 0.011470 200 177 1000 1013 2 1000 1000 1000 3
0.166667 0.175387 0.011729 200 211 1000 1054 2 1000 1000 1000 3
0.166667 0.167764 0.012066 200 195 1000 965 2 1000 1000 1000 3
0.166667 0.178654 0.012344 200 212 1000 951 2 1000 1000 1000 3
0.166667 0.177468 0.012248 200 218 1000 981 2 1000 1000 1000 3
0.166667 0.149809 0.011375 200 182 1000 1021 2 1000 1000 1000 3
0.166667 0.141640 0.011713 200 177 1000 1014 2 1000 1000 1000 3
0.166667 0.160620 0.012049 200 187 1000 982 2 1000 1000 1000 3
0.166667 0.153359 0.011677 200 186 1000 986 2 1000 1000 1000 3
0.166667 0.174924 0.012020 200 206 1000 999 2 1000 1000 1000 3
0.166667 0.201543 0.012741 200 237 1000 937 2 1000 1000 1000 3
0.166667 0.161626 0.011974 200 206 1000 969 2 1000 1000 1000 3
0.166667 0.162724 0.011515 200 206 1000 1071 2 1000 1000 1000 3
0.166667 0.162723 0.011611 200 206 1000 1034 2 1000 1000 1000 3
0.166667 0.165969 0.011918 200 194 1000 977 2 1000 1000 1000 3
0.166667 0.166463 0.011821 200 202 1000 1000 2 1000 1000 1000 3
0.166667 0.164324 0.012157 200 188 1000 970 2 1000 1000 1000 3
0.166667 0.180196 0.012569 200 188 1000 932 2 1000 1000 1000 3
0.166667 0.189422 0.012352 200 218 1000 995 2 1000 1000 1000 3
0.166667 0.150849 0.011326 200 189 1000 1027 2 1000 1000 1000 3
0.166667 0.171925 0.012000 200 202 1000 1002 2 1000 1000 1000 3
0.166667 0.173692 0.012288 200 209 1000 949 2 1000 1000 1000 3
0.166667 0.188758 0.012485 200 224 1000 973 2 1000 1000 1000 3
0.166667 0.173042 0.011874 200 209 1000 1049 2 1000 1000 1000 3
0.166667 0.136933 0.011600 200 171 1000 984 2 1000 1000 1000 3
0.166667 0.175691 0.012152 200 209 1000 1007 2 1000 1000 1000 3
0.166667 0.165011 0.011727 200 206 1000 1022 2 1000 1000 1000 3
0.166667 0.165520 0.011714 200 202 1000 1023 2 1000 1000 1000 3
0.166667 0.161820 0.011763 200 204 1000 1007 2 1000 1000 1000 3
0.166667 0.173884 0.011969 200 200 1000 991 2 1000 1000 1000 3
0.166667 0.173377 0.011959 200 210 1000 996 2 1000 1000 1000 3
0.166667 0.154963 0.011597 200 192 1000 1001 2 1000 1000 1000 3
0.166667 0.157811 0.011690 200 188 1000 995 2 1000 1000 1000 3
0.166667 0.153049 0.011801 200 182 1000 977 2 1000 1000 1000 3
0.166667 0.170403 0.012060 200 191 1000 967 2 1000 1000 1000 3
0.166667 0.179029 0.012113 200 214 1000 1012 2 1000 1000 1000 3
0.166667 0.164450 0.011721 200 202 1000 1022 2 1000 1000 1000 3
0.166667 0.185223 0.012368 200 233 1000 966 2 1000 1000 1000 3
0.166667 0.166001 0.011851 200 190 1000 998 2 1000 1000 1000 3
0.166667 0.181453 0.012051 200 224 1000 1005 2 1000 1000 1000 3
0.166667 0.156902 0.011509 200 186 1000 1017 2 1000 1000 1000 3
0.166667 0.172902 0.012107 200 204 1000 978 2 1000 1000 1000 3
0.166667 0.160548 0.011584 200 200 1000 1019 2 1000 1000 1000 3
0.166667 0.168032 0.011984 200 211 1000 984 2 1000 1000 1000 3
0.166667 0.157048 0.011862 200 200 1000 1003 2 1000 1000 1000 3
0.166667 0.170602 0.011973 200 200 1000 999 2 1000 1000 1000 3
0.166667 0.162932 0.011710 200 202 1000 1012 2 1000 1000 1000 3
0.166667 0.171910 0.012305 200 193 1000 951 2 1000 1000 1000 3
0.166667 0.135476 0.011301 200 163 1000 994 2 1000 1000 1000 3
0.166667 0.159117 0.011609 200 195 1000 1026 2 1000 1000 1000 3
0.166667 0.131254 0.010945 200 162 1000 1036 2 1000 1000 1000 3
0.166667 0.159319 0.012061 200 191 1000 940 2 1000 1000 1000 3
0.166667 0.161148 0.011666 200 197 1000 1030 2 1000 1000 1000 3
0.166667 0.193835 0.012458 200 218 1000 970 2 1000 1000 1000 3
0.166667 0.154414 0.011880 200 173 1000 968 2 1000 1000 1000 3
0.166667 0.188429 0.012695 200 214 1000 960 2 1000 1000 1000 3
0.166667 0.163972 0.011756 200 209 1000 1061 2 1000 1000 1000 3
0.166667 0.177377 0.012168 200 212 1000 998 2 1000 1000 1000 3
0.166667 0.163874 0.011889 200 195 1000 992 2 1000 1000 1000 3
0.166667 0.182548 0.012364 200 215 1000 984 2 1000 1000 1000 3
0.166667 0.163630 0.012000 200 178 1000 984 2 1000 1000 1000 3
0.166667 0.177133 0.012063 200 213 1000 979 2 1000 1000 1000 3
0.166667 0.178610 0.011897 200 225 1000 1025 2 1000 1000 1000 3
0.166667 0.157817 0.011587 200 184 1000 1014 2 1000 1000 1000 3
0.166667 0.160466 0.011594 200 182 1000 1012 2 1000 1000 1000 3
0.166667 0.164218 0.011605 200 191 1000 1003 2 1000 1000 1000 3
0.166667 0.158470 0.012095 200 177 1000 938 2 1000 1000 1000 3
0.166667 0.144792 0.011490 200 188 1000 1012 2 1000 1000 1000 3
0.166667 0.173352 0.011905 200 200 1000 1007 2 1000 1000 1000 3
0.166667 0.177175 0.012213 200 204 1000 979 2 1000 1000 1000 3
0.166667 0.157813 0.011768 200 196 1000 1010 2 1000 1000 1000 3
0.166667 0.173556 0.011704 200 211 1000 1039 2 1000 1000 1000 3
0.166667 0.166923 0.012064 200 193 1000 998 2 1000 1000 1000 3
0.166667 0.149196 0.011669 200 184 1000 1006 2 1000 1000 1000 3
0.166667 0.181444 0.012276 200 211 1000 974 2 1000 1000 1000 3
0.166667 0.159405 0.011703 200 199 1000 1040 2 1000 1000 1000 3
0.166667 0.159236 0.012019 200 184 1000 973 2 1000 1000 1000 3
0.166667 0.158206 0.011957 200 181 1000 987 2 1000 1000 1000 3
0.166667 0.151021 0.011479 200 203 1000 1017 2 1000 1000 1000 3
0.166667 0.188382 0.012322 200 230 1000 994 2 1000 1000 1000 3
0.166667 0.188085 0.011776 200 226 1000 1074 2 1000 1000 1000 3
0.166667 0.183372 0.012341 200 223 1000 973 2 1000 1000 1000 3
0.166667 0.138701 0.011026 200 175 1000 1038 2 1000 1000 1000 3
0.166667 0.146864 0.011270 200 171 1000 1002 2 1000 1000 1000 3
0.166667 0.161347 0.011594 200 200 1000 1015 2 1000 1000 1000 3
0.166667 0.156606 0.011528 200 194 1000 1028 2 1000 1000 1000 3
0.166667 0.157904 0.011675 200 197 1000 1011 2 1000 1000 1000 3
0.166667 0.169495 0.012041 200 193 1000 994 2 1000 1000 1000 3
0.166667 0.170195 0.012146 200 195 1000 992 2 1000 1000 1000 3
0.166667 0.196900 0.012516 200 219 1000 979 2 1000 1000 1000 3
0.166667 0.159002 0.012132 200 195 1000 970 2 1000 1000 1000 3
0.166667 0.147231 0.011494 200 172 1000 1019 2 1000 1000 1000 3
0.166667 0.161480 0.011809 200 197 1000 995 2 1000 1000 1000 3
0.166667 0.164534 0.011884 200 192 1000 985 2 1000 1000 1000 3
0.166667 0.150017 0.011085 200 197 1000 1074 2 1000 1000 1000 3
0.166667 0.162417 0.011753 200 196 1000 998 2 1000 1000 1000 3
0.166667 0.189101 0.012352 200 239 1000 1001 2 1000 1000 1000 3
0.166667 0.172176 0.011524 200 207 1000 1033 2 1000 1000 1000 3
0.166667 0.161806 0.012031 200 189 1000 985 2 1000 1000 1000 3
0.166667 0.175655 0.012029 200 199 1000 1002 2 1000 1000 1000 3
0.166667 0.178130 0.012181 200 210 1000 991 2 1000 1000 1000 3
0.166667 0.183735 0.012270 200 222 1000 997 2 1000 1000 1000 3
0.166667 0.185098 0.012441 200 216 1000 959 2 1000 1000 1000 3
0.166667 0.154549 0.012013 200 190 1000 979 2 1000 1000 1000 3
0.166667 0.163747 0.011943 200 192 1000 1023 2 1000 1000 1000 3
0.166667 0.185393 0.012312 200 214 1000 981 2 1000 1000 1000 3
0.166667 0.155364 0.011522 200 191 1000 1038 2 1000 1000 1000 3
0.166667 0.163934 0.011985 200 208 1000 995 2 1000 1000 1000 3
0.166667 0.176473 0.012156 200 198 1000 978 2 1000 1000 1000 3
0.166667 0.194424 0.011955 200 239 1000 1046 2 1000 1000 1000 3
0.166667 0.173404 0.011974 200 219 1000 1025 2 1000 1000 1000 3
0.166667 0.164897 0.011843 200 198 1000 995 2 1000 1000 1000 3
0.166667 0.171189 0.011702 200 224 1000 1024 2 1000 1000 1000 3
0.166667 0.165470 0.012011 200 215 1000 1009 2 1000 1000 1000 3
0.166667 0.150790 0.011658 200 190 1000 994 2 1000 1000 1000 3
0.166667 0.172954 0.011738 200 210 1000 1026 2 1000 1000 1000 3
0.166667 0.152151 0.011809 200 182 1000 989 2 1000 1000 1000 3
0.166667 0.158728 0.011990 200 198 1000 990 2 1000 1000 1000 3
0.166667 0.157128 0.011819 200 192 1000 997 2 1000 1000 1000 3
0.166667 0.191294 0.012082 200 234 1000 1045 2 1000 1000 1000 3
0.166667 0.176917 0.011766 200 210 1000 1009 2 1000 1000 1000 3
0.166667 0.158047 0.011935 200 195 1000 976 2 1000 1000 1000 3
0.166667 0.154274 0.012041 200 197 1000 975 2 1000 1000 1000 3
0.166667 0.177898 0.011987 200 211 1000 1011 2 1000 1000 1000 3
0.166667 0.171134 0.012527 200 203 1000 936 2 1000 1000 1000 3
0.166667 0.155948 0.011649 200 194 1000 1019 2 1000 1000 1000 3
0.166667 0.160809 0.011869 200 201 1000 992 2 1000 1000 1000 3
0.166667 0.149035 0.011842 200 174 1000 947 2 1000 1000 1000 3
0.166667 0.149580 0.011804 200 190 1000 986 2 1000 1000 1000 3
0.166667 0.172054 0.011780 200 205 1000 1037 2 1000 1000 1000 3
0.166667 0.158478 0.011968 200 197 1000 994 2 1000 1000 1000 3
0.166667 0.155068 0.011822 200 193 1000 1019 2 1000 1000 1000 3
0.166667 0.168879 0.012298 200 184 1000 942 2 1000 1000 1000 3
0.166667 0.172983 0.012078 200 204 1000 998 2 1000 1000 1000 3
0.166667 0.180816 0.012097 200 213 1000 996 2 1000 1000 1000 3
0.166667 0.166814 0.011948 200 209 1000 1013 2 1000 1000 1000 3
0.166667 0.158470 0.011691 200 199 1000 1012 2 1000 1000 1000 3
0.166667 0.159577 0.011129 200 186 1000 1093 2 1000 1000 1000 3
0.166667 0.143854 0.011136 200 173 1000 1046 2 1000 1000 1000 3
0.166667 0.174454 0.011637 200 207 1000 1035 2 1000 1000 1000 3
0.166667 0.177790 0.012059 200 207 1000 1020 2 1000 1000 1000 3
0.166667 0.174709 0.012012 200 198 1000 976 2 1000 1000 1000 3
0.166667 0.153804 0.011604 200 184 1000 1013 2 1000 1000 1000 3
0.166667 0.172124 0.012114 200 195 1000 991 2 1000 1000 1000 3
0.166667 0.182054 0.012160 200 212 1000 1005 2 1000 1000 1000 3
0.166667 0.162881 0.011557 200 189 1000 1032 2 1000 1000 1000 3
0.166667 0.172388 0.011843 200 197 1000 1029 2 1000 1000 1000 3
0.166667 0.163951 0.011996 200 178 1000 968 2 1000 1000 1000 3
0.166667 0.154312 0.012042 200 192 1000 963 2 1000 1000 1000 3
0.166667 0.175486 0.011982 200 206 1000 1020 2 1000 1000 1000 3
0.166667 0.159525 0.011477 200 196 1000 1034 2 1000 1000 1000 3
0.166667 0.151714 0.011382 200 195 1000 1019 2 1000 1000 1000 3
0.166667 0.152775 0.011415 200 184 1000 1035 2 1000 1000 1000 3
0.166667 0.174926 0.012054 200 211 1000 982 2 1000 1000 1000 3
0.166667 0.179925 0.012173 200 203 1000 997 2 1000 1000 1000 3
0.166667 0.172317 0.011964 200 205 1000 1005 2 1000 1000 1000 3
0.166667 0.165003 0.011855 200 203 1000 1012 2 1000 1000 1000 3
0.166667 0.170936 0.012424 200 193 1000 956 2 1000 1000 1000 3
0.166667 0.155844 0.011552 200 186 1000 994 2 1000 1000 1000 3
0.166667 0.150092 0.011344 200 189 1000 1040 2 1000 1000 1000 3
0.166667 0.145896 0.010962 200 184 1000 1056 2 1000 1000 1000 3
0.166667 0.167915 0.012140 200 196 1000 969 2 1000 1000 1000 3
0.166667 0.183008 0.011938 200 214 1000 1033 2 1000 1000 1000 3
0.166667 0.158422 0.011844 200 187 1000 973 2 1000 1000 1000 3
0.166667 0.176112 0.012181 200 208 1000 993 2 1000 1000 1000 3
0.166667 0.170674 0.012084 200 197 1000 986 2 1000 1000 1000 3
0.166667 0.163396 0.011643 200 191 1000 1001 2 1000 1000 1000 3
0.166667 0.158263 0.011847 200 203 1000 1005 2 1000 1000 1000 3
0.166667 0.165385 0.011889 200 196 1000 987 2 1000 1000 1000 3
0.166667 0.157841 0.011508 200 197 1000 1050 2 1000 1000 1000 3
0.166667 0.143887 0.011536 200 173 1000 966 2 1000 1000 1000 3
0.166667 0.172173 0.012235 200 181 1000 958 2 1000 1000 1000 3
0.166667 0.164485 0.011961 200 208 1000 997 2 1000 1000 1000 3
0.166667 0.175578 0.012279 200 216 1000 958 2 1000 1000 1000 3
0.166667 0.168056 0.012119 200 201 1000 982 2 1000 1000 1000 3
0.166667 0.190679 0.011903 200 233 1000 1056 2 1000 1000 1000 3
0.166667 0.148015 0.011172 200 177 1000 1018 2 1000 1000 1000 3
0.166667 0.168781 0.012031 200 199 1000 986 2 1000 1000 1000 3
0.166667 0.162799 0.011813 200 194 1000 980 2 1000 1000 1000 3
0.166667 0.176963 0.012231 200 209 1000 963 2 1000 1000 1000 3
0.166667 0.165792 0.011737 200 204 1000 1026 2 1000 1000 1000 3
0.166667 0.150351 0.011576 200 179 1000 997 2 1000 1000 1000 3
0.166667 0.147103 0.011191 200 197 1000 1052 2 1000 1000 1000 3
0.166667 0.151194 0.011571 200 176 1000 994 2 1000 1000 1000 3
0.166667 0.169421 0.011715 200 196 1000 1029 2 1000 1000 1000 3
0.166667 0.180800 0.012370 200 205 1000 962 2 1000 1000 1000 3
0.166667 0.181563 0.012271 200 207 1000 981 2 1000 1000 1000 3
0.166667 0.158940 0.011599 200 218 1000 1041 2 1000 1000 1000 3
0.166667 0.186007 0.012043 200 218 1000 1004 2 1000 1000 1000 3
0.166667 0.162135 0.012104 200 190 1000 950 2 1000 1000 1000 3
0.166667 0.165671 0.011610 200 194 1000 1032 2 1000 1000 1000 3
0.166667 0.169418 0.011709 200 214 1000 1034 2 1000 1000 1000 3
0.166667 0.141824 0.011095 200 176 1000 1021 2 1000 1000 1000 3
0.166667 0.168320 0.012080 200 193 1000 988 2 1000 1000 1000 3
0.166667 0.137146 0.011513 200 165 1000 964 2 1000 1000 1000 3
0.166667 0.169695 0.011888 200 205 1000 984 2 1000 1000 1000 3
0.166667 0.167019 0.011909 200 200 1000 982 2 1000 1000 1000 3
0.166667 0.163328 0.011850 200 183 1000 960 2 1000 1000 1000 3
0.166667 0.171940 0.012207 200 188 1000 946 2 1000 1000 1000 3
0.166667 0.167213 0.011813 200 211 1000 1010 2 1000 1000 1000 3
0.166667 0.146321 0.011603 200 187 1000 1013 2 1000 1000 1000 3
0.166667 0.170671 0.012009 200 194 1000 980 2 1000 1000 1000 3
0.166667 0.162069 0.011575 200 198 1000 1041 2 1000 1000 1000 3
0.166667 0.163931 0.012457 200 185 1000 917 2 1000 1000 1000 3
0.166667 0.181500 0.012347 200 205 1000 965 2 1000 1000 1000 3
0.166667 0.192603 0.012266 200 245 1000 994 2 1000 1000 1000 3
0.166667 0.161471 0.012102 200 197 1000 977 2 1000 1000 1000 3
0.166667 0.169826 0.012236 200 197 1000 968 2 1000 1000 1000 3
0.166667 0.197675 0.012305 200 234 1000 1026 2 1000 1000 1000 3
0.166667 0.190401 0.012478 200 220 1000 962 2 1000 1000 1000 3
0.166667 0.166194 0.012186 200 197 1000 968 2 1000 1000 1000 3
0.166667 0.166444 0.011717 200 196 1000 1019 2 1000 1000 1000 3
0.166667 0.188802 0.012297 200 222 1000 987 2 1000 1000 1000 3
0.166667 0.171522 0.011977 200 200 1000 993 2 1000 1000 1000 3
0.166667 0.179823 0.012060 200 227 1000 997 2 1000 1000 1000 3
0.166667 0.184809 0.012224 200 202 1000 1009 2 1000 1000 1000 3
0.166667 0.170054 0.012098 200 199 1000 982 2 1000 1000 1000 3
0.166667 0.160973 0.011899 200 198 1000 1012 2 1000 1000 1000 3
0.166667 0.156675 0.011864 200 191 1000 1009 2 1000 1000 1000 3
0.166667 0.175761 0.011818 200 209 1000 1024 2 1000 1000 1000 3
0.166667 0.156746 0.011820 200 195 1000 990 2 1000 1000 1000 3
0.166667 0.145570 0.011915 200 177 1000 968 2 1000 1000 1000 3
0.166667 0.170734 0.012334 200 187 1000 943 2 1000 1000 1000 3
0.166667 0.154343 0.011773 200 182 1000 1003 2 1000 1000 1000 3
0.166667 0.167097 0.011923 200 190 1000 995 2 1000 1000 1000 3
0.166667 0.156513 0.011733 200 189 1000 996 2 1000 1000 1000 3
0.166667 0.174048 0.011888 200 208 1000 1014 2 1000 1000 1000 3
0.166667 0.174945 0.012006 200 216 1000 1000 2 1000 1000 1000 3
0.166667 0.150404 0.011864 200 190 1000 971 2 1000 1000 1000 3
0.166667 0.179325 0.012305 200 194 1000 939 2 1000 1000 1000 3
0.166667 0.162018 0.011596 200 186 1000 1023 2 1000 1000 1000 3
0.166667 0.172229 0.012330 200 192 1000 950 2 1000 1000 1000 3
0.166667 0.169225 0.011907 200 196 1000 986 2 1000 1000 1000 3
0.166667 0.160557 0.011794 200 190 1000 1007 2 1000 1000 1000 3
0.166667 0.182414 0.012361 200 216 1000 963 2 1000 1000 1000 3
0.166667 0.164041 0.011889 200 195 1000 996 2 1000 1000 1000 3
0.166667 0.155647 0.011471 200 194 1000 1061 2 1000 1000 1000 3
0.166667 0.171611 0.012097 200 202 1000 964 2 1000 1000 1000 3
0.166667 0.161868 0.011817 200 195 1000 1010 2 1000 1000 1000 3
0.166667 0.167043 0.012062 200 201 1000 975 2 1000 1000 1000 3
0.166667 0.163361 0.011669 200 198 1000 995 2 1000 1000 1000 3
0.166667 0.152238 0.011754 200 173 1000 947 2 1000 1000 1000 3
0.166667 0.173738 0.012317 200 202 1000 954 2 1000 1000 1000 3
0.166667 0.151322 0.011360 200 196 1000 1069 2 1000 1000 1000 3
0.166667 0.152610 0.011448 200 189 1000 1034 2 1000 1000 1000 3
0.166667 0.150053 0.011233 200 187 1000 1052 2 1000 1000 1000 3
0.166667 0.181969 0.012125 200 214 1000 1001 2 1000 1000 1000 3
0.166667 0.158799 0.011502 200 196 1000 1054 2 1000 1000 1000 3
0.166667 0.173415 0.012094 200 214 1000 996 2 1000 1000 1000 3
0.166667 0.166551 0.012164 200 199 1000 955 2 1000 1000 1000 3
0.166667 0.166508 0.011951 200 203 1000 1017 2 1000 1000 1000 3
0.166667 0.162562 0.012117 200 182 1000 947 2 1000 1000 1000 3
0.166667 0.170560 0.011874 200 208 1000 1022 2 1000 1000 1000 3
0.166667 0.156049 0.011813 200 183 1000 1005 2 1000 1000 1000 3
0.166667 0.170905 0.011837 200 203 1000 994 2 1000 1000 1000 3
0.166667 0.159607 0.011788 200 192 1000 979 2 1000 1000 1000 3
0.166667 0.151547 0.011442 200 184 1000 1033 2 1000 1000 1000 3
0.166667 0.172434 0.012503 200 186 1000 930 2 1000 1000 1000 3
0.166667 0.163465 0.011949 200 198 1000 1010 2 1000 1000 1000 3
0.166667 0.176543 0.011955 200 222 1000 1020 2 1000 1000 1000 3
0.166667 0.164281 0.011458 200 201 1000 1065 2 1000 1000 1000 3
0.166667 0.171685 0.011835 200 213 1000 1052 2 1000 1000 1000 3
0.166667 0.142240 0.011177 200 173 1000 1029 2 1000 1000 1000 3
0.166667 0.193088 0.012886 200 228 1000 915 2 1000 1000 1000 3
0.166667 0.160808 0.012303 200 180 1000 926 2 1000 1000 1000 3
0.166667 0.165379 0.011912 200 191 1000 985 2 1000 1000 1000 3
0.166667 0.155524 0.011497 200 189 1000 1035 2 1000 1000 1000 3
0.166667 0.155809 0.012093 200 184 1000 960 2 1000 1000 1000 3
0.166667 0.164098 0.011699 200 196 1000 1008 2 1000 1000 1000 3
0.166667 0.173849 0.011876 200 194 1000 1004 2 1000 1000 1000 3
0.166667 0.143723 0.011270 200 180 1000 1041 2 1000 1000 1000 3
0.166667 0.145885 0.011353 200 166 1000 1005 2 1000 1000 1000 3
0.166667 0.148931 0.011700 200 202 1000 1030 2 1000 1000 1000 3
0.166667 0.195934 0.012218 200 235 1000 1011 2 1000 1000 1000 3
0.166667 0.161121 0.011637 200 200 1000 1021 2 1000 1000 1000 3
0.166667 0.172128 0.012133 200 192 1000 953 2 1000 1000 1000 3
0.166667 0.157698 0.011746 200 201 1000 1018 2 1000 1000 1000 3
0.166667 0.162266 0.011853 200 201 1000 1009 2 1000 1000 1000 3
0.166667 0.164495 0.011863 200 193 1000 999 2 1000 1000 1000 3
0.166667 0.154307 0.011771 200 190 1000 991 2 1000 1000 1000 3
0.166667 0.153472 0.011551 200 186 1000 992 2 1000 1000 1000 3
0.166667 0.177412 0.012732 200 198 1000 928 2 1000 1000 1000 3
0.166667 0.169432 0.011990 200 188 1000 979 2 1000 1000 1000 3
0.166667 0.165853 0.011744 200 211 1000 1014 2 1000 1000 1000 3
0.166667 0.177185 0.011990 200 213 1000 1013 2 1000 1000 1000 3
0.166667 0.159126 0.011956 200 211 1000 986 2 1000 1000 1000 3
0.166667 0.180853 0.012007 200 202 1000 1006 2 1000 1000 1000 3
0.166667 0.166976 0.012076 200 181 1000 965 2 1000 1000 1000 3
0.166667 0.169966 0.012047 200 191 1000 973 2 1000 1000 1000 3
0.166667 0.156209 0.011866 200 186 1000 965 2 1000 1000 1000 3
0.166667 0.146332 0.011509 200 181 1000 1045 2 1000 1000 1000 3
0.166667 0.180398 0.012315 200 219 1000 967 2 1000 1000 1000 3
0.166667 0.183094 0.012023 200 208 1000 1017 2 1000 1000 1000 3
0.166667 0.158074 0.011630 200 194 1000 1015 2 1000 1000 1000 3
0.166667 0.166207 0.011966 200 191 1000 996 2 1000 1000 1000 3
0.166667 0.155645 0.011487 200 192 1000 1017 2 1000 1000 1000 3
0.166667 0.178901 0.012132 200 215 1000 986 2 1000 1000 1000 3
0.166667 0.168339 0.011942 200 201 1000 991 2 1000 1000 1000 3
0.166667 0.159785 0.011947 200 190 1000 981 2 1000 1000 1000 3
0.166667 0.174084 0.012291 200 198 1000 964 2 1000 1000 1000 3
0.166667 0.163382 0.012091 200 207 1000 976 2 1000 1000 1000 3
0.166667 0.142815 0.011541 200 175 1000 988 2 1000 1000 1000 3
0.166667 0.170394 0.011862 200 192 1000 1013 2 1000 1000 1000 3
0.166667 0.170689 0.011790 200 214 1000 1013 2 1000 1000 1000 3
0.166667 0.180632 0.012288 200 217 1000 967 2 1000 1000 1000 3
0.166667 0.179574 0.011986 200 203 1000 1023 2 1000 1000 1000 3
0.166667 0.184684 0.012541 200 212 1000 958 2 1000 1000 1000 3
0.166667 0.167647 0.012091 200 196 1000 975 2 1000 1000 1000 3
0.166667 0.177577 0.012570 200 197 1000 935 2 1000 1000 1000 3
0.166667 0.166440 0.011912 200 188 1000 974 2 1000 1000 1000 3
0.166667 0.169531 0.011787 200 206 1000 1018 2 1000 1000 1000 3
0.166667 0.170922 0.011743 200 217 1000 1025 2 1000 1000 1000 3
0.166667 0.163798 0.012279 200 201 1000 953 2 1000 1000 1000 3
0.166667 0.164753 0.011786 200 199 1000 1009 2 1000 1000 1000 3
0.166667 0.156566 0.011752 200 179 1000 977 2 1000 1000 1000 3
0.166667 0.173835 0.012303 200 191 1000 968 2 1000 1000 1000 3
0.166667 0.155535 0.011689 200 195 1000 1040 2 1000 1000 1000 3
0.166667 0.176685 0.011909 200 234 1000 1035 2 1000 1000 1000 3
0.166667 0.194493 0.012467 200 235 1000 979 2 1000 1000 1000 3
0.166667 0.179778 0.012195 200 226 1000 987 2 1000 1000 1000 3
0.166667 0.148092 0.011515 200 179 1000 998 2 1000 1000 1000 3
0.166667 0.170802 0.012051 200 197 1000 985 2 1000 1000 1000 3
0.166667 0.181357 0.012605 200 216 1000 957 2 1000 1000 1000 3
0.166667 0.151751 0.011905 200 191 1000 977 2 1000 1000 1000 3
0.166667 0.154277 0.011628 200 195 1000 1003 2 1000 1000 1000 3
0.166667 0.170875 0.012479 200 190 1000 937 2 1000 1000 1000 3
0.166667 0.168382 0.012075 200 196 1000 973 2 1000 1000 1000 3
0.166667 0.172108 0.011839 200 213 1000 1045 2 1000 1000 1000 3
0.166667 0.169801 0.012160 200 189 1000 961 2 1000 1000 1000 3
0.166667 0.198478 0.012469 200 218 1000 971 2 1000 1000 1000 3
0.166667 0.160389 0.011776 200 196 1000 993 2 1000 1000 1000 3
0.166667 0.167744 0.012045 200 191 1000 1008 2 1000 1000 1000 3
0.166667 0.168593 0.011829 200 202 1000 997 2 1000 1000 1000 3
0.166667 0.184273 0.012452 200 208 1000 962 2 1000 1000 1000 3
0.166667 0.177945 0.012123 200 211 1000 960 2 1000 1000 1000 3
0.166667 0.160103 0.011866 200 200 1000 967 2 1000 1000 1000 3
0.166667 0.190950 0.012562 200 232 1000 978 2 1000 1000 1000 3
0.166667 0.144820 0.011354 200 195 1000 1049 2 1000 1000 1000 3
0.166667 0.171312 0.012079 200 209 1000 991 2 1000 1000 1000 3
0.166667 0.151897 0.011618 200 174 1000 1003 2 1000 1000 1000 3
0.166667 0.181338 0.012528 200 198 1000 986 2 1000 1000 1000 3
0.166667 0.165500 0.011960 200 195 1000 980 2 1000 1000 1000 3
0.166667 0.162903 0.011751 200 195 1000 1024 2 1000 1000 1000 3
0.166667 0.152655 0.012044 200 188 1000 963 2 1000 1000 1000 3
0.166667 0.192016 0.012761 200 215 1000 945 2 1000 1000 1000 3
0.166667 0.166513 0.012105 200 202 1000 976 2 1000 1000 1000 3
0.166667 0.166160 0.012190 200 192 1000 975 2 1000 1000 1000 3
0.166667 0.164757 0.011896 200 200 1000 1019 2 1000 1000 1000 3
0.166667 0.151420 0.011305 200 202 1000 1079 2 1000 1000 1000 3
0.166667 0.167593 0.011540 200 192 1000 1048 2 1000 1000 1000 3
0.166667 0.157258 0.011488 200 181 1000 999 2 1000 1000 1000 3
0.166667 0.149204 0.011483 200 177 1000 1023 2 1000 1000 1000 3
0.166667 0.172136 0.011708 200 211 1000 1020 2 1000 1000 1000 3
0.166667 0.163850 0.011409 200 206 1000 1056 2 1000 1000 1000 3
0.166667 0.169618 0.011680 200 225 1000 1055 2 1000 1000 1000 3
0.166667 0.162099 0.012011 200 195 1000 991 2 1000 1000 1000 3
0.166667 0.187994 0.012121 200 218 1000 1022 2 1000 1000 1000 3
0.166667 0.163964 0.011778 200 205 1000 1023 2 1000 1000 1000 3
0.166667 0.186373 0.012413 200 205 1000 951 2 1000 1000 1000 3
0.166667 0.189128 0.012432 200 226 1000 981 2 1000 1000 1000 3
0.166667 0.190208 0.012437 200 209 1000 976 2 1000 1000 1000 3
0.166667 0.180278 0.012085 200 217 1000 992 2 1000 1000 1000 3
0.166667 0.164465 0.012129 200 199 1000 957 2 1000 1000 1000 3
0.166667 0.170542 0.011785 200 209 1000 1015 2 1000 1000 1000 3
0.166667 0.174029 0.012130 200 202 1000 986 2 1000 1000 1000 3
0.166667 0.157634 0.012004 200 190 1000 980 2 1000 1000 1000 3
0.166667 0.155564 0.011811 200 189 1000 1029 2 1000 1000 1000 3
0.166667 0.144403 0.011404 200 188 1000 1027 2 1000 1000 1000 3
0.166667 0.159912 0.012100 200 179 1000 940 2 1000 1000 1000 3
0.166667 0.187926 0.012503 200 209 1000 949 2 1000 1000 1000 3
0.166667 0.148781 0.011364 200 190 1000 1033 2 1000 1000 1000 3
0.166667 0.171437 0.012098 200 191 1000 958 2 1000 1000 1000 3
0.166667 0.153262 0.011475 200 191 1000 1023 2 1000 1000 1000 3
0.166667 0.171946 0.012216 200 201 1000 977 2 1000 1000 1000 3
0.166667 0.168928 0.011842 200 194 1000 1009 2 1000 1000 1000 3
0.166667 0.184921 0.012230 200 215 1000 990 2 1000 1000 1000 3
0.166667 0.159762 0.012161 200 179 1000 955 2 1000 1000 1000 3
0.166667 0.156118 0.011818 200 192 1000 968 2 1000 1000 1000 3
0.166667 0.157431 0.011542 200 216 1000 1051 2 1000 1000 1000 3
0.166667 0.170584 0.011988 200 200 1000 988 2 1000 1000 1000 3
0.166667 0.169592 0.011556 200 208 1000 1034 2 1000 1000 1000 3
0.166667 0.166432 0.011911 200 208 1000 1023 2 1000 1000 1000 3
0.166667 0.156544 0.011752 200 198 1000 1032 2 1000 1000 1000 3
0.166667 0.145158 0.011292 200 195 1000 1052 2 1000 1000 1000 3
0.166667 0.160539 0.011707 200 195 1000 1016 2 1000 1000 1000 3
0.166667 0.167572 0.011719 200 192 1000 1009 2 1000 1000 1000 3
0.166667 0.158778 0.011717 200 191 1000 995 2 1000 1000 1000 3
0.166667 0.160879 0.011746 200 199 1000 1012 2 1000 1000 1000 3
0.166667 0.166645 0.011896 200 195 1000 994 2 1000 1000 1000 3
0.166667 0.152448 0.011818 200 179 1000 974 2 1000 1000 1000 3
0.166667 0.163773 0.012081 200 181 1000 952 2 1000 1000 1000 3
0.166667 0.167246 0.011764 200 191 1000 1006 2 1000 1000 1000 3
0.166667 0.146177 0.011488 200 178 1000 994 2 1000 1000 1000 3
0.166667 0.171424 0.012335 200 207 1000 956 2 1000 1000 1000 3
0.166667 0.147608 0.011318 200 188 1000 1028 2 1000 1000 1000 3
0.166667 0.163463 0.011830 200 190 1000 1018 2 1000 1000 1000 3
0.166667 0.169356 0.012249 200 200 1000 988 2 1000 1000 1000 3
0.166667 0.159853 0.011773 200 183 1000 984 2 1000 1000 1000 3
0.166667 0.167937 0.012201 200 180 1000 932 2 1000 1000 1000 3
0.166667 0.159646 0.011764 200 214 1000 1002 2 1000 1000 1000 3
0.166667 0.178043 0.012131 200 199 1000 975 2 1000 1000 1000 3
0.166667 0.187419 0.012076 200 218 1000 1027 2 1000 1000 1000 3
0.166667 0.151113 0.011721 200 174 1000 981 2 1000 1000 1000 3
0.166667 0.176052 0.012468 200 194 1000 933 2 1000 1000 1000 3
0.166667 0.158191 0.011471 200 187 1000 1039 2 1000 1000 1000 3
0.166667 0.166509 0.011870 200 204 1000 1006 2 1000 1000 1000 3
0.166667 0.206051 0.012850 200 224 1000 943 2 1000 1000 1000 3
0.166667 0.163936 0.012053 200 199 1000 981 2 1000 1000 1000 3
0.166667 0.185137 0.012026 200 214 1000 1002 2 1000 1000 1000 3
0.166667 0.163181 0.012136 200 195 1000 957 2 1000 1000 1000 3
0.166667 0.174867 0.012462 200 212 1000 960 2 1000 1000 1000 3
0.166667 0.174098 0.012044 200 192 1000 961 2 1000 1000 1000 3
0.166667 0.145669 0.011250 200 180 1000 1026 2 1000 1000 1000 3
0.166667 0.164299 0.011728 200 185 1000 979 2 1000 1000 1000 3
0.166667 0.185333 0.012114 200 221 1000 1028 2 1000 1000 1000 3
0.166667 0.161423 0.011337 200 206 1000 1049 2 1000 1000 1000 3
0.166667 0.176411 0.011975 200 210 1000 1018 2 1000 1000 1000 3
0.166667 0.155323 0.011809 200 187 1000 968 2 1000 1000 1000 3
0.166667 0.167224 0.011946 200 197 1000 987 2 1000 1000 1000 3
0.166667 0.159983 0.011446 200 200 1000 1042 2 1000 1000 1000 3
0.166667 0.153825 0.011662 200 196 1000 1021 2 1000 1000 1000 3
0.166667 0.154029 0.011787 200 187 1000 985 2 1000 1000 1000 3
0.166667 0.168085 0.011684 200 204 1000 1006 2 1000 1000 1000 3
0.166667 0.170721 0.011725 200 201 1000 1031 2 1000 1000 1000 3
0.166667 0.165522 0.012160 200 194 1000 959 2 1000 1000 1000 3
0.166667 0.149999 0.011691 200 184 1000 1012 2 1000 1000 1000 3
0.166667 0.165458 0.011913 200 193 1000 1004 2 1000 1000 1000 3
0.166667 0.168435 0.011733 200 203 1000 1018 2 1000 1000 1000 3
0.166667 0.180315 0.011898 200 227 1000 1002 2 1000 1000 1000 3
0.166667 0.153920 0.011503 200 193 1000 1030 2 1000 1000 1000 3
0.166667 0.184015 0.012096 200 216 1000 989 2 1000 1000 1000 3
0.166667 0.176973 0.012155 200 208 1000 981 2 1000 1000 1000 3
0.166667 0.162797 0.011527 200 195 1000 1042 2 1000 1000 1000 3
0.166667 0.164287 0.011603 200 201 1000 1028 2 1000 1000 1000 3
0.166667 0.168813 0.011905 200 194 1000 969 2 1000 1000 1000 3
0.166667 0.152080 0.011832 200 181 1000 1009 2 1000 1000 1000 3
0.166667 0.176132 0.012373 200 215 1000 986 2 1000 1000 1000 3
0.166667 0.179348 0.012347 200 206 1000 946 2 1000 1000 1000 3
0.166667 0.164681 0.012270 200 188 1000 956 2 1000 1000 1000 3
0.166667 0.158520 0.011887 200 189 1000 992 2 1000 1000 1000 3
0.166667 0.172950 0.011978 200 204 1000 1004 2 1000 1000 1000 3
0.166667 0.184705 0.012413 200 195 1000 969 2 1000 1000 1000 3
0.166667 0.179962 0.012138 200 215 1000 997 2 1000 1000 1000 3
0.166667 0.177389 0.012478 200 201 1000 951 2 1000 1000 1000 3
0.166667 0.178729 0.012013 200 221 1000 1021 2 1000 1000 1000 3
0.166667 0.173908 0.012192 200 201 1000 972 2 1000 1000 1000 3
0.166667 0.192766 0.012086 200 228 1000 1020 2 1000 1000 1000 3
0.166667 0.136015 0.011234 200 159 1000 995 2 1000 1000 1000 3
0.166667 0.167268 0.012025 200 201 1000 997 2 1000 1000 1000 3
0.166667 0.128809 0.010944 200 173 1000 1013 2 1000 1000 1000 3
0.166667 0.166237 0.011730 200 209 1000 1037 2 1000 1000 1000 3
0.166667 0.168469 0.012535 200 187 1000 928 2 1000 1000 1000 3
0.166667 0.173923 0.012089 200 206 1000 976 2 1000 1000 1000 3
0.166667 0.176963 0.012667 200 212 1000 945 2 1000 1000 1000 3
0.166667 0.176385 0.012041 200 217 1000 994 2 1000 1000 1000 3
0.166667 0.159002 0.012046 200 187 1000 996 2 1000 1000 1000 3
0.166667 0.170084 0.011931 200 212 1000 1002 2 1000 1000 1000 3
0.166667 0.160496 0.011883 200 191 1000 988 2 1000 1000 1000 3
0.166667 0.150712 0.011409 200 202 1000 1070 2 1000 1000 1000 3
0.166667 0.167198 0.011877 200 199 1000 999 2 1000 1000 1000 3
0.166667 0.167276 0.011961 200 202 1000 1005 2 1000 1000 1000 3
0.166667 0.177532 0.011963 200 203 1000 989 2 1000 1000 1000 3
0.166667 0.166780 0.011883 200 185 1000 1034 2 1000 1000 1000 3
0.166667 0.171091 0.011734 200 210 1000 1044 2 1000 1000 1000 3
0.166667 0.181708 0.012421 200 212 1000 973 2 1000 1000 1000 3
0.166667 0.207185 0.012733 200 215 1000 987 2 1000 1000 1000 3
0.166667 0.164303 0.012054 200 185 1000 948 2 1000 1000 1000 3
0.166667 0.169417 0.012121 200 201 1000 976 2 1000 1000 1000 3
0.166667 0.170799 0.012303 200 200 1000 978 2 1000 1000 1000 3
0.166667 0.158784 0.011930 200 179 1000 985 2 1000 1000 1000 3
0.166667 0.174723 0.012387 200 218 1000 984 2 1000 1000 1000 3
0.166667 0.139588 0.011584 200 165 1000 947 2 1000 1000 1000 3
0.166667 0.154969 0.011830 200 189 1000 998 2 1000 1000 1000 3
0.166667 0.167754 0.011876 200 207 1000 1012 2 1000 1000 1000 3
0.166667 0.146126 0.011835 200 166 1000 964 2 1000 1000 1000 3
0.166667 0.182306 0.012090 200 206 1000 996 2 1000 1000 1000 3
0.166667 0.170090 0.011960 200 195 1000 987 2 1000 1000 1000 3
0.166667 0.146851 0.011360 200 193 1000 1020 2 1000 1000 1000 3
0.166667 0.169960 0.011984 200 188 1000 966 2 1000 1000 1000 3
0.166667 0.176051 0.012050 200 204 1000 1010 2 1000 1000 1000 3
0.166667 0.170246 0.011726 200 208 1000 1047 2 1000 1000 1000 3
0.166667 0.185962 0.012679 200 226 1000 945 2 1000 1000 1000 3
0.166667 0.175499 0.012033 200 198 1000 982 2 1000 1000 1000 3
0.166667 0.187793 0.012207 200 201 1000 980 2 1000 1000 1000 3
0.166667 0.175867 0.012227 200 218 1000 995 2 1000 1000 1000 3
0.166667 0.171514 0.011632 200 225 1000 1046 2 1000 1000 1000 3
0.166667 0.176106 0.012133 200 205 1000 984 2 1000 1000 1000 3
0.166667 0.177956 0.012608 200 200 1000 943 2 1000 1000 1000 3
0.166667 0.165243 0.011571 200 200 1000 1045 2 1000 1000 1000 3
0.166667 0.149680 0.011392 200 171 1000 1003 2 1000 1000 1000 3
0.166667 0.179595 0.012593 200 202 1000 933 2 1000 1000 1000 3
0.166667 0.158436 0.012292 200 174 1000 928 2 1000 1000 1000 3
0.166667 0.174995 0.012037 200 191 1000 1004 2 1000 1000 1000 3
0.166667 0.164927 0.011986 200 191 1000 978 2 1000 1000 1000 3
0.166667 0.161009 0.011661 200 199 1000 1030 2 1000 1000 1000 3
0.166667 0.158990 0.011536 200 194 1000 1026 2 1000 1000 1000 3
0.166667 0.159119 0.011618 200 188 1000 1019 2 1000 1000 1000 3
0.166667 0.177213 0.012414 200 201 1000 965 2 1000 1000 1000 3
0.166667 0.161799 0.011742 200 186 1000 993 2 1000 1000 1000 3
0.166667 0.181668 0.012063 200 204 1000 995 2 1000 1000 1000 3
0.166667 0.153178 0.011354 200 197 1000 1050 2 1000 1000 1000 3
0.166667 0.164874 0.011662 200 200 1000 1034 2 1000 1000 1000 3
0.166667 0.156324 0.011587 200 195 1000 1034 2 1000 1000 1000 3
0.166667 0.148351 0.011188 200 181 1000 1042 2 1000 1000 1000 3
0.166667 0.174703 0.011966 200 200 1000 1004 2 1000 1000 1000 3
0.166667 0.151674 0.011559 200 186 1000 1033 2 1000 1000 1000 3
0.166667 0.152468 0.011527 200 179 1000 1005 2 1000 1000 1000 3
0.166667 0.154973 0.011811 200 176 1000 973 2 1000 1000 1000 3
0.166667 0.169640 0.011971 200 196 1000 990 2 1000 1000 1000 3
0.166667 0.160920 0.011555 200 206 1000 1042 2 1000 1000 1000 3
0.166667 0.160247 0.011368 200 188 1000 1054 2 1000 1000 1000 3
0.166667 0.168184 0.011867 200 194 1000 1000 2 1000 1000 1000 3
0.166667 0.163776 0.011713 200 198 1000 1040 2 1000 1000 1000 3
0.166667 0.156047 0.011857 200 189 1000 1002 2 1000 1000 1000 3
0.166667 0.160562 0.012151 200 194 1000 984 2 1000 1000 1000 3
0.166667 0.146213 0.010965 200 191 1000 1073 2 1000 1000 1000 3
0.166667 0.165354 0.011730 200 192 1000 997 2 1000 1000 1000 3
0.166667 0.161212 0.011640 200 195 1000 1036 2 1000 1000 1000 3
0.166667 0.184116 0.012149 200 208 1000 998 2 1000 1000 1000 3
0.166667 0.144295 0.011435 200 187 1000 1023 2 1000 1000 1000 3
0.166667 0.158058 0.011822 200 189 1000 1008 2 1000 1000 1000 3
0.166667 0.177096 0.011944 200 203 1000 991 2 1000 1000 1000 3
0.166667 0.152795 0.011191 200 183 1000 1046 2 1000 1000 1000 3
0.166667 0.157942 0.011835 200 193 1000 975 2 1000 1000 1000 3
0.166667 0.161354 0.011982 200 198 1000 972 2 1000 1000 1000 3
0.166667 0.155380 0.011534 200 184 1000 1004 2 1000 1000 1000 3
0.166667 0.165152 0.011702 200 194 1000 1009 2 1000 1000 1000 3
0.166667 0.166912 0.011662 200 199 1000 1043 2 1000 1000 1000 3
0.166667 0.152570 0.011961 200 187 1000 964 2 1000 1000 1000 3
0.166667 0.161046 0.011795 200 192 1000 987 2 1000 1000 1000 3
0.166667 0.186745 0.012408 200 214 1000 961 2 1000 1000 1000 3
0.166667 0.175096 0.012300 200 203 1000 969 2 1000 1000 1000 3
0.166667 0.173060 0.012269 200 204 1000 958 2 1000 1000 1000 3
0.166667 0.158141 0.011927 200 188 1000 975 2 1000 1000 1000 3
0.166667 0.173545 0.012035 200 210 1000 989 2 1000 1000 1000 3
0.166667 0.166808 0.011490 200 189 1000 1016 2 1000 1000 1000 3
0.166667 0.148635 0.011322 200 193 1000 1043 2 1000 1000 1000 3
0.166667 0.180390 0.012262 200 213 1000 978 2 1000 1000 1000 3
0.166667 0.158830 0.011372 200 211 1000 1062 2 1000 1000 1000 3
0.166667 0.161104 0.011987 200 203 1000 1005 2 1000 1000 1000 3
0.166667 0.171464 0.012195 200 193 1000 957 2 1000 1000 1000 3
0.166667 0.176411 0.012038 200 206 1000 1019 2 1000 1000 1000 3
0.166667 0.182603 0.012043 200 214 1000 1020 2 1000 1000 1000 3
0.166667 0.179658 0.012484 200 209 1000 948 2 1000 1000 1000 3
0.166667 0.171385 0.011969 200 209 1000 1003 2 1000 1000 1000 3
0.166667 0.166268 0.012047 200 196 1000 978 2 1000 1000 1000 3
0.166667 0.179859 0.011823 200 217 1000 1046 2 1000 1000 1000 3
0.166667 0.151756 0.011286 200 197 1000 1058 2 1000 1000 1000 3
0.166667 0.174284 0.012063 200 208 1000 1020 2 1000 1000 1000 3
0.166667 0.177421 0.012059 200 220 1000 1010 2 1000 1000 1000 3
0.166667 0.172265 0.012021 200 203 1000 1004 2 1000 1000 1000 3
0.166667 0.166534 0.011952 200 203 1000 1006 2 1000 1000 1000 3
0.166667 0.177282 0.011966 200 228 1000 1010 2 1000 1000 1000 3
0.166667 0.171177 0.011902 200 214 1000 1011 2 1000 1000 1000 3
0.166667 0.138191 0.011105 200 168 1000 1039 2 1000 1000 1000 3
0.166667 0.181110 0.012003 200 212 1000 1004 2 1000 1000 1000 3
0.166667 0.171775 0.012201 200 188 1000 947 2 1000 1000 1000 3
0.166667 0.191438 0.012563 200 227 1000 968 2 1000 1000 1000 3
0.166667 0.156321 0.011436 200 199 1000 1036 2 1000 1000 1000 3
0.166667 0.164347 0.011852 200 206 1000 996 2 1000 1000 1000 3
0.166667 0.160816 0.011414 200 195 1000 1066 2 1000 1000 1000 3
0.166667 0.172569 0.011797 200 213 1000 1030 2 1000 1000 1000 3
0.166667 0.150553 0.011484 200 178 1000 1029 2 1000 1000 1000 3
0.166667 0.189653 0.012425 200 217 1000 973 2 1000 1000 1000 3
0.166667 0.160876 0.011559 200 199 1000 1054 2 1000 1000 1000 3
0.166667 0.182116 0.012513 200 215 1000 967 2 1000 1000 1000 3
0.166667 0.185894 0.012870 200 209 1000 954 2 1000 1000 1000 3
0.166667 0.170448 0.012097 200 204 1000 994 2 1000 1000 1000 3
0.166667 0.161279 0.011666 200 193 1000 1005 2 1000 1000 1000 3
0.166667 0.157537 0.011553 200 202 1000 1021 2 1000 1000 1000 3
0.166667 0.149183 0.011564 200 169 1000 989 2 1000 1000 1000 3
0.166667 0.164144 0.011603 200 204 1000 1024 2 1000 1000 1000 3
0.166667 0.163299 0.011930 200 197 1000 994 2 1000 1000 1000 3
0.166667 0.172927 0.012259 200 199 1000 957 2 1000 1000 1000 3
0.166667 0.162041 0.011624 200 194 1000 1002 2 1000 1000 1000 3
0.166667 0.184177 0.012548 200 198 1000 923 2 1000 1000 1000 3
0.166667 0.174230 0.011869 200 202 1000 994 2 1000 1000 1000 3
0.166667 0.174939 0.012208 200 205 1000 961 2 1000 1000 1000 3
0.166667 0.173340 0.012255 200 204 1000 983 2 1000 1000 1000 3
0.166667 0.199237 0.012640 200 238 1000 968 2 1000 1000 1000 3
0.166667 0.163175 0.011886 200 205 1000 1007 2 1000 1000 1000 3
0.166667 0.185837 0.012245 200 216 1000 982 2 1000 1000 1000 3
0.166667 0.181810 0.012269 200 218 1000 970 2 1000 1000 1000 3
0.166667 0.160220 0.011799 200 193 1000 1001 2 1000 1000 1000 3
0.166667 0.176666 0.012177 200 203 1000 992 2 1000 1000 1000 3
0.166667 0.169509 0.011608 200 209 1000 1040 2 1000 1000 1000 3
0.166667 0.163372 0.012009 200 200 1000 990 2 1000 1000 1000 3
0.166667 0.190453 0.012486 200 235 1000 978 2 1000 1000 1000 3
0.166667 0.175504 0.012079 200 199 1000 1001 2 1000 1000 1000 3
0.166667 0.161071 0.011486 200 198 1000 1044 2 1000 1000 1000 3
0.166667 0.165188 0.011814 200 191 1000 1049 2 1000 1000 1000 3
0.166667 0.146494 0.011757 200 173 1000 961 2 1000 1000 1000 3
0.166667 0.194988 0.012126 200 251 1000 1033 2 1000 1000 1000 3
0.166667 0.160517 0.011578 200 191 1000 1032 2 1000 1000 1000 3
0.166667 0.176263 0.011675 200 216 1000 1049 2 1000 1000 1000 3
0.166667 0.174375 0.012495 200 198 1000 957 2 1000 1000 1000 3
0.166667 0.173972 0.011948 200 196 1000 992 2 1000 1000 1000 3
0.166667 0.154538 0.011564 200 190 1000 1012 2 1000 1000 1000 3
0.166667 0.167801 0.011749 200 198 1000 1012 2 1000 1000 1000 3
0.166667 0.166462 0.011653 200 210 1000 1037 2 1000 1000 1000 3
0.166667 0.168726 0.011699 200 210 1000 1022 2 1000 1000 1000 3
0.166667 0.163212 0.011710 200 196 1000 1016 2 1000 1000 1000 3
0.166667 0.192298 0.012564 200 226 1000 968 2 1000 1000 1000 3
0.166667 0.156399 0.011521 200 195 1000 999 2 1000 1000 1000 3
0.166667 0.166277 0.011900 200 206 1000 1001 2 1000 1000 1000 3
0.166667 0.171675 0.011907 200 207 1000 1028 2 1000 1000 1000 3
0.166667 0.167171 0.011863 200 203 1000 997 2 1000 1000 1000 3
0.166667 0.184336 0.012124 200 217 1000 1000 2 1000 1000 1000 3
0.166667 0.138073 0.011349 200 163 1000 1013 2 1000 1000 1000 3
0.166667 0.158902 0.012083 200 197 1000 967 2 1000 1000 1000 3
0.166667 0.184003 0.012032 200 228 1000 1017 2 1000 1000 1000 3
0.166667 0.161635 0.011784 200 202 1000 1019 2 1000 1000 1000 3
0.166667 0.143947 0.011315 200 180 1000 991 2 1000 1000 1000 3
0.166667 0.165591 0.011878 200 194 1000 983 2 1000 1000 1000 3
0.166667 0.159894 0.011597 200 208 1000 1019 2 1000 1000 1000 3
0.166667 0.167692 0.011794 200 197 1000 1005 2 1000 1000 1000 3
0.166667 0.160035 0.012091 200 185 1000 950 2 1000 1000 1000 3
0.166667 0.178351 0.012067 200 194 1000 1010 2 1000 1000 1000 3
0.166667 0.195460 0.012563 200 227 1000 984 2 1000 1000 1000 3
0.166667 0.173411 0.012128 200 227 1000 1004 2 1000 1000 1000 3
0.166667 0.144625 0.011540 200 185 1000 1011 2 1000 1000 1000 3
0.166667 0.169203 0.011642 200 193 1000 1024 2 1000 1000 1000 3
0.166667 0.171073 0.011841 200 197 1000 1003 2 1000 1000 1000 3
0.166667 0.161671 0.011872 200 192 1000 999 2 1000 1000 1000 3
0.166667 0.171473 0.012149 200 204 1000 964 2 1000 1000 1000 3
0.166667 0.174819 0.012215 200 210 1000 963 2 1000 1000 1000 3
0.166667 0.151071 0.011715 200 188 1000 987 2 1000 1000 1000 3
0.166667 0.156500 0.011666 200 194 1000 1016 2 1000 1000 1000 3
0.166667 0.196205 0.012370 200 231 1000 990 2 1000 1000 1000 3
0.166667 0.172023 0.012008 200 214 1000 1006 2 1000 1000 1000 3
0.166667 0.163989 0.011954 200 195 1000 951 2 1000 1000 1000 3
0.166667 0.168985 0.012469 200 193 1000 947 2 1000 1000 1000 3
0.166667 0.174736 0.012127 200 211 1000 982 2 1000 1000 1000 3
0.166667 0.160716 0.011518 200 210 1000 1064 2 1000 1000 1000 3
0.166667 0.181325 0.012146 200 218 1000 1014 2 1000 1000 1000 3
0.166667 0.168778 0.011767 200 194 1000 999 2 1000 1000 1000 3
0.166667 0.180082 0.012331 200 201 1000 988 2 1000 1000 1000 3
0.166667 0.142515 0.011268 200 184 1000 1037 2 1000 1000 1000 3
0.166667 0.148914 0.011642 200 171 1000 993 2 1000 1000 1000 3
0.166667 0.163989 0.011863 200 199 1000 1013 2 1000 1000 1000 3
0.166667 0.161646 0.011640 200 196 1000 1032 2 1000 1000 1000 3
0.166667 0.166597 0.011230 200 218 1000 1067 2 1000 1000 1000 3
0.166667 0.152502 0.011627 200 177 1000 983 2 1000 1000 1000 3
0.166667 0.174488 0.011904 200 208 1000 1015 2 1000 1000 1000 3
0.166667 0.191538 0.012344 200 225 1000 1009 2 1000 1000 1000 3
0.166667 0.158632 0.011989 200 211 1000 997 2 1000 1000 1000 3
0.166667 0.187993 0.012156 200 227 1000 1009 2 1000 1000 1000 3
0.166667 0.149143 0.011831 200 177 1000 977 2 1000 1000 1000 3
0.166667 0.164172 0.011674 200 204 1000 1042 2 1000 1000 1000 3
0.166667 0.176087 0.012014 200 218 1000 1025 2 1000 1000 1000 3
0.166667 0.201319 0.012667 200 233 1000 955 2 1000 1000 1000 3
0.166667 0.182194 0.011958 200 223 1000 1011 2 1000 1000 1000 3
0.166667 0.162863 0.011615 200 193 1000 1000 2 1000 1000 1000 3
0.166667 0.158798 0.011487 200 191 1000 1027 2 1000 1000 1000 3
0.166667 0.149998 0.011565 200 177 1000 999 2 1000 1000 1000 3
0.166667 0.155158 0.011704 200 173 1000 1008 2 1000 1000 1000 3
0.166667 0.160413 0.011918 200 180 1000 993 2 1000 1000 1000 3
0.166667 0.187161 0.012117 200 229 1000 1005 2 1000 1000 1000 3
0.166667 0.166487 0.012116 200 184 1000 951 2 1000 1000 1000 3
0.166667 0.158370 0.011381 200 198 1000 1042 2 1000 1000 1000 3
0.166667 0.158474 0.011598 200 193 1000 1014 2 1000 1000 1000 3
0.166667 0.158885 0.011977 200 195 1000 983 2 1000 1000 1000 3
0.166667 0.171109 0.012134 200 212 1000 983 2 1000 1000 1000 3
0.166667 0.177614 0.012231 200 205 1000 962 2 1000 1000 1000 3
0.166667 0.152648 0.011603 200 178 1000 1036 2 1000 1000 1000 3
0.166667 0.155867 0.011800 200 181 1000 994 2 1000 1000 1000 3
0.166667 0.167027 0.011833 200 196 1000 1013 2 1000 1000 1000 3
0.166667 0.167919 0.012159 200 189 1000 980 2 1000 1000 1000 3
0.166667 0.176369 0.012461 200 204 1000 971 2 1000 1000 1000 3
0.166667 0.162038 0.011930 200 186 1000 991 2 1000 1000 1000 3
0.166667 0.155137 0.011731 200 180 1000 998 2 1000 1000 1000 3
0.166667 0.169812 0.011902 200 189 1000 996 2 1000 1000 1000 3
0.166667 0.153667 0.011467 200 200 1000 1040 2 1000 1000 1000 3
0.166667 0.172918 0.011856 200 200 1000 1015 2 1000 1000 1000 3
0.166667 0.152191 0.011514 200 191 1000 1020 2 1000 1000 1000 3
0.166667 0.183146 0.012676 200 209 1000 919 2 1000 1000 1000 3
0.166667 0.190245 0.012428 200 218 1000 962 2 1000 1000 1000 3
0.166667 0.159981 0.011722 200 195 1000 1022 2 1000 1000 1000 3
0.166667 0.157047 0.011645 200 204 1000 1026 2 1000 1000 1000 3
0.166667 0.179748 0.012208 200 214 1000 1007 2 1000 1000 1000 3
0.166667 0.186581 0.012416 200 217 1000 972 2 1000 1000 1000 3
0.166667 0.166366 0.012018 200 186 1000 948 2 1000 1000 1000 3
0.166667 0.151098 0.011144 200 196 1000 1042 2 1000 1000 1000 3
0.166667 0.144065 0.011329 200 194 1000 1055 2 1000 1000 1000 3
0.166667 0.170299 0.012170 200 205 1000 983 2 1000 1000 1000 3
0.166667 0.157993 0.011676 200 192 1000 977 2 1000 1000 1000 3
0.166667 0.187550 0.012081 200 227 1000 1027 2 1000 1000 1000 3
0.166667 0.161204 0.011533 200 187 1000 1007 2 1000 1000 1000 3
0.166667 0.183015 0.011956 200 230 1000 1011 2 1000 1000 1000 3
0.166667 0.145882 0.011306 200 169 1000 1022 2 1000 1000 1000 3
0.166667 0.171671 0.011971 200 202 1000 975 2 1000 1000 1000 3
0.166667 0.185717 0.012411 200 223 1000 983 2 1000 1000 1000 3
0.166667 0.177796 0.012324 200 205 1000 980 2 1000 1000 1000 3
0.166667 0.157299 0.011907 200 183 1000 978 2 1000 1000 1000 3
0.166667 0.166777 0.012309 200 190 1000 951 2 1000 1000 1000 3
0.166667 0.188499 0.012623 200 213 1000 939 2 1000 1000 1000 3
0.166667 0.170518 0.011821 200 191 1000 990 2 1000 1000 1000 3
0.166667 0.161657 0.011789 200 194 1000 1017 2 1000 1000 1000 3
0.166667 0.171219 0.011951 200 210 1000 999 2 1000 1000 1000 3
0.166667 0.144275 0.011192 200 171 1000 1022 2 1000 1000 1000 3
0.166667 0.162209 0.011789 200 195 1000 1027 2 1000 1000 1000 3
0.166667 0.172094 0.012059 200 203 1000 954 2 1000 1000 1000 3
0.166667 0.172487 0.011803 200 198 1000 1015 2 1000 1000 1000 3
0.166667 0.177019 0.011848 200 218 1000 1051 2 1000 1000 1000 3
0.166667 0.128376 0.011168 200 152 1000 1013 2 1000 1000 1000 3
0.166667 0.177683 0.012272 200 185 1000 946 2 1000 1000 1000 3
0.166667 0.173800 0.011987 200 199 1000 1013 2 1000 1000 1000 3
0.166667 0.183725 0.012432 200 234 1000 995 2 1000 1000 1000 3
0.166667 0.168281 0.011768 200 218 1000 1026 2 1000 1000 1000 3
0.166667 0.156947 0.011315 200 208 1000 1080 2 1000 1000 1000 3
0.166667 0.170184 0.012495 200 194 1000 941 2 1000 1000 1000 3
0.166667 0.140423 0.011573 200 165 1000 980 2 1000 1000 1000 3
0.166667 0.169459 0.011840 200 193 1000 1007 2 1000 1000 1000 3
0.166667 0.158685 0.011529 200 189 1000 1015 2 1000 1000 1000 3
0.166667 0.160394 0.011841 200 190 1000 985 2 1000 1000 1000 3
0.166667 0.174228 0.012162 200 213 1000 996 2 1000 1000 1000 3
0.166667 0.174154 0.012304 200 197 1000 963 2 1000 1000 1000 3
0.166667 0.181380 0.012724 200 203 1000 949 2 1000 1000 1000 3
0.166667 0.175377 0.011878 200 198 1000 1013 2 1000 1000 1000 3
0.166667 0.185787 0.012544 200 198 1000 941 2 1000 1000 1000 3
0.166667 0.185465 0.012396 200 209 1000 986 2 1000 1000 1000 3
0.166667 0.155059 0.011845 200 183 1000 971 2 1000 1000 1000 3
0.166667 0.164466 0.011671 200 203 1000 1008 2 1000 1000 1000 3
0.166667 0.166647 0.011718 200 203 1000 1017 2 1000 1000 1000 3
0.166667 0.164382 0.011914 200 202 1000 1007 2 1000 1000 1000 3
0.166667 0.183359 0.011889 200 208 1000 1020 2 1000 1000 1000 3
0.166667 0.174418 0.012240 200 199 1000 967 2 1000 1000 1000 3
0.166667 0.165921 0.011765 200 208 1000 1014 2 1000 1000 1000 3
0.166667 0.153605 0.011842 200 195 1000 994 2 1000 1000 1000 3
0.166667 0.176502 0.012349 200 202 1000 946 2 1000 1000 1000 3
0.166667 0.180749 0.012147 200 205 1000 966 2 1000 1000 1000 3
0.166667 0.161005 0.011783 200 176 1000 992 2 1000 1000 1000 3
0.166667 0.174396 0.011964 200 221 1000 1021 2 1000 1000 1000 3
0.166667 0.172142 0.011953 200 209 1000 1005 2 1000 1000 1000 3
0.166667 0.170757 0.011735 200 201 1000 1019 2 1000 1000 1000 3
0.166667 0.167249 0.011796 200 209 1000 1009 2 1000 1000 1000 3
0.166667 0.159580 0.011775 200 191 1000 994 2 1000 1000 1000 3
0.166667 0.181068 0.012055 200 197 1000 1012 2 1000 1000 1000 3
0.166667 0.163579 0.012008 200 217 1000 994 2 1000 1000 1000 3
0.166667 0.189540 0.012342 200 200 1000 969 2 1000 1000 1000 3
0.166667 0.157249 0.011443 200 194 1000 1039 2 1000 1000 1000 3
0.166667 0.182830 0.012331 200 202 1000 950 2 1000 1000 1000 3
0.166667 0.158004 0.011653 200 187 1000 1011 2 1000 1000 1000 3
0.166667 0.162830 0.011747 200 207 1000 1021 2 1000 1000 1000 3
0.166667 0.174110 0.011846 200 217 1000 1000 2 1000 1000 1000 3
0.166667 0.167447 0.012018 200 192 1000 1001 2 1000 1000 1000 3
0.166667 0.170448 0.012010 200 205 1000 993 2 1000 1000 1000 3
0.166667 0.183315 0.012227 200 212 1000 976 2 1000 1000 1000 3
0.166667 0.153667 0.011785 200 191 1000 986 2 1000 1000 1000 3
0.166667 0.169735 0.011869 200 202 1000 978 2 1000 1000 1000 3
0.166667 0.184905 0.012019 200 232 1000 1033 2 1000 1000 1000 3
0.166667 0.155340 0.011878 200 173 1000 961 2 1000 1000 1000 3
0.166667 0.160159 0.011837 200 194 1000 985 2 1000 1000 1000 3
0.166667 0.154662 0.011642 200 190 1000 993 2 1000 1000 1000 3
0.166667 0.149245 0.011559 200 180 1000 971 2 1000 1000 1000 3
0.166667 0.156299 0.011952 200 183 1000 964 2 1000 1000 1000 3
0.166667 0.158453 0.011671 200 192 1000 1039 2 1000 1000 1000 3
0.166667 0.182214 0.012224 200 200 1000 963 2 1000 1000 1000 3
0.166667 0.165117 0.012025 200 209 1000 1017 2 1000 1000 1000 3
0.166667 0.169281 0.011739 200 209 1000 1032 2 1000 1000 1000 3
0.166667 0.184807 0.012267 200 217 1000 978 2 1000 1000 1000 3
0.166667 0.177689 0.012179 200 195 1000 970 2 1000 1000 1000 3
0.166667 0.164789 0.011964 200 203 1000 1034 2 1000 1000 1000 3
0.166667 0.156252 0.011787 200 182 1000 1012 2 1000 1000 1000 3
0.166667 0.174280 0.012077 200 217 1000 1007 2 1000 1000 1000 3
0.166667 0.175762 0.011744 200 211 1000 1034 2 1000 1000 1000 3
0.166667 0.188223 0.012503 200 207 1000 936 2 1000 1000 1000 3
0.166667 0.153650 0.011486 200 186 1000 1003 2 1000 1000 1000 3
0.166667 0.162650 0.011870 200 190 1000 961 2 1000 1000 1000 3
0.166667 0.162522 0.011877 200 204 1000 1014 2 1000 1000 1000 3
0.166667 0.177129 0.011713 200 208 1000 1017 2 1000 1000 1000 3
0.166667 0.158443 0.011606 200 207 1000 1051 2 1000 1000 1000 3
0.166667 0.167658 0.012054 200 198 1000 991 2 1000 1000 1000 3
0.166667 0.176938 0.012107 200 205 1000 999 2 1000 1000 1000 3
0.166667 0.170429 0.011930 200 210 1000 1015 2 1000 1000 1000 3
0.166667 0.172513 0.011939 200 193 1000 973 2 1000 1000 1000 3
0.166667 0.173762 0.012141 200 212 1000 1007 2 1000 1000 1000 3
0.166667 0.178584 0.012176 200 205 1000 990 2 1000 1000 1000 3
0.166667 0.162367 0.011815 200 177 1000 967 2 1000 1000 1000 3
0.166667 0.177994 0.012136 200 213 1000 1007 2 1000 1000 1000 3
0.166667 0.147838 0.011311 200 183 1000 1043 2 1000 1000 1000 3
0.166667 0.175441 0.011965 200 220 1000 1023 2 1000 1000 1000 3
0.166667 0.149182 0.011395 200 184 1000 1061 2 1000 1000 1000 3
0.166667 0.180438 0.012559 200 202 1000 950 2 1000 1000 1000 3
0.166667 0.151980 0.011367 200 200 1000 1034 2 1000 1000 1000 3
0.166667 0.157864 0.011406 200 203 1000 1069 2 1000 1000 1000 3
0.166667 0.167747 0.011825 200 205 1000 980 2 1000 1000 1000 3
0.166667 0.190321 0.012288 200 235 1000 1000 2 1000 1000 1000 3
0.166667 0.185546 0.012206 200 220 1000 1014 2 1000 1000 1000 3
0.166667 0.170488 0.012084 200 199 1000 977 2 1000 1000 1000 3
0.166667 0.173875 0.011931 200 208 1000 1001 2 1000 1000 1000 3
0.166667 0.160598 0.011584 200 184 1000 1018 2 1000 1000 1000 3
0.166667 0.149744 0.011617 200 178 1000 1005 2 1000 1000 1000 3
0.166667 0.155479 0.011769 200 176 1000 981 2 1000 1000 1000 3
0.166667 0.174643 0.011865 200 210 1000 998 2 1000 1000 1000 3
0.166667 0.184810 0.012361 200 229 1000 988 2 1000 1000 1000 3
0.166667 0.166310 0.011741 200 200 1000 1022 2 1000 1000 1000 3
0.166667 0.159992 0.011879 200 193 1000 978 2 1000 1000 1000 3
0.166667 0.167545 0.011877 200 189 1000 992 2 1000 1000 1000 3
0.166667 0.170561 0.012106 200 206 1000 975 2 1000 1000 1000 3
0.166667 0.183112 0.012308 200 213 1000 990 2 1000 1000 1000 3
0.166667 0.173684 0.012081 200 210 1000 981 2 1000 1000 1000 3
0.166667 0.175292 0.012078 200 207 1000 1002 2 1000 1000 1000 3
0.166667 0.166176 0.011639 200 219 1000 1046 2 1000 1000 1000 3
0.166667 0.185945 0.012452 200 220 1000 947 2 1000 1000 1000 3
0.166667 0.164057 0.012181 200 188 1000 950 2 1000 1000 1000 3
0.166667 0.135588 0.011663 200 175 1000 978 2 1000 1000 1000 3
0.166667 0.169031 0.011941 200 211 1000 998 2 1000 1000 1000 3
0.166667 0.178100 0.012362 200 204 1000 986 2 1000 1000 1000 3
0.166667 0.154251 0.011424 200 199 1000 1023 2 1000 1000 1000 3
0.166667 0.155400 0.011666 200 185 1000 993 2 1000 1000 1000 3
0.166667 0.156565 0.011297 200 206 1000 1049 2 1000 1000 1000 3
0.166667 0.164668 0.011815 200 198 1000 1012 2 1000 1000 1000 3
0.166667 0.160700 0.011734 200 214 1000 1003 2 1000 1000 1000 3
0.166667 0.182970 0.012241 200 213 1000 971 2 1000 1000 1000 3
0.166667 0.175208 0.012053 200 210 1000 974 2 1000 1000 1000 3
0.166667 0.167293 0.012276 200 185 1000 958 2 1000 1000 1000 3
0.166667 0.162277 0.011844 200 195 1000 987 2 1000 1000 1000 3
0.166667 0.167206 0.011980 200 199 1000 982 2 1000 1000 1000 3
0.166667 0.154438 0.011697 200 181 1000 987 2 1000 1000 1000 3
0.166667 0.158769 0.012063 200 185 1000 962 2 1000 1000 1000 3
0.166667 0.165694 0.011758 200 203 1000 991 2 1000 1000 1000 3
0.166667 0.160190 0.011588 200 193 1000 1003 2 1000 1000 1000 3
0.166667 0.175307 0.011967 200 193 1000 991 2 1000 1000 1000 3
0.166667 0.159866 0.011815 200 183 1000 1006 2 1000 1000 1000 3
0.166667 0.182275 0.012129 200 222 1000 1006 2 1000 1000 1000 3
0.166667 0.134629 0.011048 200 179 1000 1051 2 1000 1000 1000 3
0.166667 0.166019 0.011989 200 178 1000 967 2 1000 1000 1000 3
0.166667 0.154753 0.011839 200 189 1000 1030 2 1000 1000 1000 3
0.166667 0.168152 0.012002 200 203 1000 997 2 1000 1000 1000 3
0.166667 0.147531 0.011294 200 194 1000 1050 2 1000 1000 1000 3
0.166667 0.189770 0.012424 200 228 1000 977 2 1000 1000 1000 3
0.166667 0.183606 0.012520 200 211 1000 936 2 1000 1000 1000 3
0.166667 0.155410 0.011613 200 192 1000 1010 2 1000 1000 1000 3
0.166667 0.167329 0.011772 200 204 1000 1037 2 1000 1000 1000 3
0.166667 0.153307 0.011642 200 176 1000 977 2 1000 1000 1000 3
0.166667 0.157338 0.011342 200 202 1000 1081 2 1000 1000 1000 3
0.166667 0.177876 0.011827 200 217 1000 1044 2 1000 1000 1000 3
0.166667 0.196295 0.012392 200 229 1000 1006 2 1000 1000 1000 3
0.166667 0.154375 0.011694 200 191 1000 1037 2 1000 1000 1000 3
0.166667 0.170917 0.012190 200 207 1000 976 2 1000 1000 1000 3
0.166667 0.172570 0.012139 200 189 1000 988 2 1000 1000 1000 3
0.166667 0.164727 0.011886 200 190 1000 1008 2 1000 1000 1000 3
0.166667 0.165420 0.012171 200 192 1000 966 2 1000 1000 1000 3
0.166667 0.150255 0.011369 200 191 1000 1063 2 1000 1000 1000 3
0.166667 0.165983 0.012003 200 201 1000 980 2 1000 1000 1000 3
0.166667 0.173558 0.012023 200 212 1000 1003 2 1000 1000 1000 3
0.166667 0.141435 0.011278 200 165 1000 1017 2 1000 1000 1000 3
0.166667 0.156397 0.011369 200 192 1000 1038 2 1000 1000 1000 3
0.166667 0.164959 0.011687 200 188 1000 1007 2 1000 1000 1000 3
0.166667 0.149722 0.011360 200 189 1000 1027 2 1000 1000 1000 3
0.166667 0.169495 0.011894 200 198 1000 1016 2 1000 1000 1000 3
0.166667 0.176535 0.012084 200 213 1000 980 2 1000 1000 1000 3
0.166667 0.154067 0.011875 200 177 1000 974 2 1000 1000 1000 3
0.166667 0.152797 0.011407 200 195 1000 1050 2 1000 1000 1000 3
0.166667 0.164525 0.011922 200 189 1000 959 2 1000 1000 1000 3
0.166667 0.155729 0.011671 200 205 1000 1016 2 1000 1000 1000 3
0.166667 0.163375 0.011738 200 208 1000 1029 2 1000 1000 1000 3
0.166667 0.176020 0.011851 200 212 1000 1029 2 1000 1000 1000 3
0.166667 0.157510 0.011477 200 184 1000 1018 2 1000 1000 1000 3
0.166667 0.147957 0.011242 200 188 1000 1033 2 1000 1000 1000 3
0.166667 0.162171 0.011801 200 182 1000 977 2 1000 1000 1000 3
0.166667 0.193183 0.012354 200 223 1000 995 2 1000 1000 1000 3
0.166667 0.174514 0.011878 200 211 1000 1035 2 1000 1000 1000 3
0.166667 0.154677 0.011552 200 191 1000 1041 2 1000 1000 1000 3
0.166667 0.173261 0.012160 200 199 1000 985 2 1000 1000 1000 3
0.166667 0.165203 0.011891 200 200 1000 998 2 1000 1000 1000 3
0.166667 0.180136 0.012068 200 198 1000 989 2 1000 1000 1000 3
0.166667 0.150401 0.011650 200 189 1000 1002 2 1000 1000 1000 3
0.166667 0.178221 0.012263 200 201 1000 992 2 1000 1000 1000 3
0.166667 0.169283 0.012025 200 197 1000 980 2 1000 1000 1000 3
0.166667 0.179612 0.012356 200 207 1000 941 2 1000 1000 1000 3
0.166667 0.159095 0.011701 200 194 1000 1003 2 1000 1000 1000 3
0.166667 0.156247 0.011543 200 189 1000 997 2 1000 1000 1000 3
0.166667 0.147275 0.011381 200 181 1000 1021 2 1000 1000 1000 3
0.166667 0.168234 0.012385 200 202 1000 962 2 1000 1000 1000 3
0.166667 0.166279 0.011669 200 185 1000 1001 2 1000 1000 1000 3
0.166667 0.161451 0.011980 200 195 1000 965 2 1000 1000 1000 3
0.166667 0.142565 0.011259 200 180 1000 1046 2 1000 1000 1000 3
0.166667 0.176057 0.011637 200 221 1000 1059 2 1000 1000 1000 3
0.166667 0.145305 0.011675 200 178 1000 968 2 1000 1000 1000 3
0.166667 0.180012 0.012120 200 199 1000 985 2 1000 1000 1000 3
0.166667 0.178618 0.012031 200 214 1000 992 2 1000 1000 1000 3
0.166667 0.174143 0.012570 200 204 1000 908 2 1000 1000 1000 3
0.166667 0.162394 0.011866 200 196 1000 997 2 1000 1000 1000 3
0.166667 0.160339 0.011537 200 191 1000 1025 2 1000 1000 1000 3
0.166667 0.162242 0.011732 200 207 1000 1026 2 1000 1000 1000 3
0.166667 0.170544 0.012077 200 207 1000 1003 2 1000 1000 1000 3
0.166667 0.145868 0.011324 200 191 1000 1031 2 1000 1000 1000 3
0.166667 0.163567 0.011741 200 202 1000 1022 2 1000 1000 1000 3
0.166667 0.150116 0.011900 200 176 1000 956 2 1000 1000 1000 3
0.166667 0.163722 0.011850 200 191 1000 989 2 1000 1000 1000 3
0.166667 0.184467 0.012232 200 207 1000 998 2 1000 1000 1000 3
0.166667 0.184765 0.012373 200 212 1000 958 2 1000 1000 1000 3
