0.166667 0.186914 0.012188 200 1000 5000 10000 0 5
0.166667 0.148986 0.011264 200 1000 5000 10000 0 5
0.166667 0.173223 0.011761 200 1000 5000 10000 0 5
0.166667 0.167488 0.011804 200 1000 5000 10000 0 5
0.166667 0.163958 0.011902 200 1000 5000 10000 0 5
0.166667 0.167884 0.011521 200 1000 5000 10000 0 5
0.166667 0.158238 0.011520 200 1000 5000 10000 0 5
0.166667 0.154723 0.011190 200 1000 5000 10000 0 5
0.166667 0.164748 0.011475 200 1000 5000 10000 0 5
0.166667 0.166172 0.012338 200 1000 5000 10000 0 5
