0.166667 0.228841 0.015449 200 227 1000 942 1 1000 1000 0 10
0.166667 0.154151 0.014006 200 193 1000 1063 1 1000 1000 0 10
0.166667 0.176693 0.014724 200 190 1000 1009 1 1000 1000 0 10
0.166667 0.154393 0.014632 200 198 1000 1008 1 1000 1000 0 10
0.166667 0.165450 0.014266 200 205 1000 1071 1 1000 1000 0 10
0.166667 0.149517 0.014586 200 177 1000 1007 1 1000 1000 0 10
0.166667 0.143652 0.013843 200 187 1000 1056 1 1000 1000 0 10
0.166667 0.169654 0.014459 200 190 1000 994 1 1000 1000 0 10
0.166667 0.201345 0.015731 200 213 1000 929 1 1000 1000 0 10
0.166667 0.150904 0.014685 200 203 1000 1013 1 1000 1000 0 10
0.166667 0.167228 0.015105 200 198 1000 997 1 1000 1000 0 10
0.166667 0.185632 0.015459 200 202 1000 974 1 1000 1000 0 10
0.166667 0.175019 0.014564 200 214 1000 1009 1 1000 1000 0 10
0.166667 0.215882 0.015894 200 209 1000 944 1 1000 1000 0 10
0.166667 0.158056 0.014771 200 189 1000 1018 1 1000 1000 0 10
0.166667 0.166256 0.015369 200 203 1000 940 1 1000 1000 0 10
0.166667 0.163892 0.014512 200 191 1000 1025 1 1000 1000 0 10
0.166667 0.129838 0.014838 200 181 1000 1027 1 1000 1000 0 10
0.166667 0.169169 0.015135 200 198 1000 985 1 1000 1000 0 10
0.166667 0.172596 0.014751 200 183 1000 1007 1 1000 1000 0 10
0.166667 0.184421 0.014739 200 211 1000 1018 1 1000 1000 0 10
0.166667 0.214879 0.014801 200 215 1000 1046 1 1000 1000 0 10
0.166667 0.148366 0.014754 200 206 1000 995 1 1000 1000 0 10
0.166667 0.158090 0.014306 200 194 1000 1035 1 1000 1000 0 10
0.166667 0.163078 0.014471 200 181 1000 1001 1 1000 1000 0 10
0.166667 0.196463 0.015243 200 208 1000 970 1 1000 1000 0 10
0.166667 0.174985 0.015231 200 197 1000 990 1 1000 1000 0 10
0.166667 0.163953 0.014226 200 211 1000 1018 1 1000 1000 0 10
0.166667 0.168158 0.014752 200 190 1000 992 1 1000 1000 0 10
0.166667 0.158489 0.015234 200 194 1000 987 1 1000 1000 0 10
0.166667 0.175557 0.015507 200 188 1000 961 1 1000 1000 0 10
0.166667 0.220737 0.015367 200 217 1000 965 1 1000 1000 0 10
0.166667 0.168838 0.015140 200 189 1000 1010 1 1000 1000 0 10
0.166667 0.169648 0.014981 200 197 1000 999 1 1000 1000 0 10
0.166667 0.146527 0.014662 200 183 1000 1018 1 1000 1000 0 10
0.166667 0.189932 0.015452 200 196 1000 983 1 1000 1000 0 10
0.166667 0.170759 0.014823 200 200 1000 1005 1 1000 1000 0 10
0.166667 0.189636 0.015075 200 219 1000 991 1 1000 1000 0 10
0.166667 0.175654 0.014898 200 189 1000 981 1 1000 1000 0 10
0.166667 0.188398 0.015145 200 211 1000 994 1 1000 1000 0 10
0.166667 0.166405 0.014696 200 211 1000 998 1 1000 1000 0 10
0.166667 0.162895 0.014914 200 196 1000 971 1 1000 1000 0 10
0.166667 0.169142 0.015041 200 212 1000 1013 1 1000 1000 0 10
0.166667 0.155472 0.014436 200 181 1000 1011 1 1000 1000 0 10
0.166667 0.162333 0.014711 200 195 1000 1028 1 1000 1000 0 10
0.166667 0.159866 0.014527 200 201 1000 1020 1 1000 1000 0 10
0.166667 0.192373 0.015495 200 188 1000 971 1 1000 1000 0 10
0.166667 0.181324 0.015432 200 209 1000 972 1 1000 1000 0 10
0.166667 0.171459 0.015097 200 191 1000 960 1 1000 1000 0 10
0.166667 0.172537 0.014754 200 179 1000 1038 1 1000 1000 0 10
0.166667 0.190912 0.015016 200 223 1000 984 1 1000 1000 0 10
0.166667 0.205522 0.015730 200 205 1000 935 1 1000 1000 0 10
0.166667 0.185550 0.014741 200 185 1000 1041 1 1000 1000 0 10
0.166667 0.159198 0.015201 200 199 1000 1014 1 1000 1000 0 10
0.166667 0.195912 0.015003 200 198 1000 1007 1 1000 1000 0 10
0.166667 0.172156 0.014789 200 181 1000 983 1 1000 1000 0 10
0.166667 0.173247 0.015179 200 203 1000 1010 1 1000 1000 0 10
0.166667 0.159840 0.014661 200 209 1000 1032 1 1000 1000 0 10
0.166667 0.164396 0.014404 200 177 1000 962 1 1000 1000 0 10
0.166667 0.167533 0.015020 200 193 1000 1012 1 1000 1000 0 10
0.166667 0.193220 0.014832 200 213 1000 976 1 1000 1000 0 10
0.166667 0.171450 0.015616 200 195 1000 966 1 1000 1000 0 10
0.166667 0.183621 0.015548 200 190 1000 973 1 1000 1000 0 10
0.166667 0.190966 0.015218 200 215 1000 1007 1 1000 1000 0 10
0.166667 0.209919 0.015306 200 226 1000 977 1 1000 1000 0 10
0.166667 0.183868 0.014899 200 203 1000 992 1 1000 1000 0 10
0.166667 0.150725 0.014244 200 199 1000 1071 1 1000 1000 0 10
0.166667 0.186689 0.015363 200 176 1000 947 1 1000 1000 0 10
0.166667 0.167465 0.014187 200 210 1000 1059 1 1000 1000 0 10
0.166667 0.210269 0.015478 200 205 1000 982 1 1000 1000 0 10
0.166667 0.178483 0.014922 200 200 1000 1004 1 1000 1000 0 10
0.166667 0.197989 0.015515 200 219 1000 948 1 1000 1000 0 10
0.166667 0.194812 0.014784 200 214 1000 994 1 1000 1000 0 10
0.166667 0.159078 0.015194 200 215 1000 1000 1 1000 1000 0 10
0.166667 0.166780 0.014837 200 216 1000 1020 1 1000 1000 0 10
0.166667 0.230304 0.015210 200 223 1000 965 1 1000 1000 0 10
0.166667 0.176543 0.015196 200 212 1000 972 1 1000 1000 0 10
0.166667 0.172626 0.014271 200 221 1000 1048 1 1000 1000 0 10
0.166667 0.145832 0.015012 200 180 1000 1011 1 1000 1000 0 10
0.166667 0.180552 0.015078 200 203 1000 1022 1 1000 1000 0 10
0.166667 0.202772 0.015635 200 202 1000 987 1 1000 1000 0 10
0.166667 0.181873 0.015000 200 186 1000 988 1 1000 1000 0 10
0.166667 0.189945 0.015890 200 191 1000 960 1 1000 1000 0 10
0.166667 0.152552 0.014885 200 211 1000 1026 1 1000 1000 0 10
0.166667 0.173449 0.015667 200 193 1000 935 1 1000 1000 0 10
0.166667 0.148528 0.014450 200 205 1000 1037 1 1000 1000 0 10
0.166667 0.157569 0.014738 200 169 1000 993 1 1000 1000 0 10
0.166667 0.183152 0.014616 200 209 1000 1004 1 1000 1000 0 10
0.166667 0.205852 0.015363 200 233 1000 995 1 1000 1000 0 10
0.166667 0.214320 0.015814 200 236 1000 932 1 1000 1000 0 10
0.166667 0.160821 0.014209 200 202 1000 1044 1 1000 1000 0 10
0.166667 0.163158 0.014758 200 194 1000 1013 1 1000 1000 0 10
0.166667 0.177645 0.014980 200 209 1000 993 1 1000 1000 0 10
0.166667 0.166770 0.014299 200 186 1000 1057 1 1000 1000 0 10
0.166667 0.177629 0.014975 200 214 1000 1027 1 1000 1000 0 10
0.166667 0.141932 0.014624 200 182 1000 1044 1 1000 1000 0 10
0.166667 0.161426 0.015075 200 202 1000 1010 1 1000 1000 0 10
0.166667 0.171772 0.015065 200 218 1000 1018 1 1000 1000 0 10
0.166667 0.190123 0.015294 200 208 1000 1016 1 1000 1000 0 10
0.166667 0.195250 0.015943 200 217 1000 921 1 1000 1000 0 10
0.166667 0.167908 0.014669 200 215 1000 1001 1 1000 1000 0 10
0.166667 0.155939 0.014445 200 177 1000 984 1 1000 1000 0 10
0.166667 0.182540 0.014986 200 197 1000 997 1 1000 1000 0 10
0.166667 0.186994 0.014872 200 208 1000 997 1 1000 1000 0 10
0.166667 0.136801 0.014527 200 183 1000 1008 1 1000 1000 0 10
0.166667 0.179668 0.015973 200 213 1000 949 1 1000 1000 0 10
0.166667 0.137920 0.014656 200 199 1000 964 1 1000 1000 0 10
0.166667 0.175288 0.014927 200 185 1000 1030 1 1000 1000 0 10
0.166667 0.149909 0.014712 200 190 1000 1025 1 1000 1000 0 10
0.166667 0.166877 0.014758 200 205 1000 1025 1 1000 1000 0 10
0.166667 0.176926 0.015030 200 182 1000 931 1 1000 1000 0 10
0.166667 0.169209 0.014883 200 189 1000 998 1 1000 1000 0 10
0.166667 0.183794 0.014796 200 197 1000 1005 1 1000 1000 0 10
0.166667 0.173551 0.014120 200 205 1000 1048 1 1000 1000 0 10
0.166667 0.194388 0.015204 200 210 1000 929 1 1000 1000 0 10
0.166667 0.186370 0.015224 200 214 1000 943 1 1000 1000 0 10
0.166667 0.173778 0.014936 200 187 1000 977 1 1000 1000 0 10
0.166667 0.175225 0.015091 200 207 1000 1007 1 1000 1000 0 10
0.166667 0.194460 0.014803 200 242 1000 1022 1 1000 1000 0 10
0.166667 0.169292 0.015225 200 190 1000 931 1 1000 1000 0 10
0.166667 0.166055 0.015324 200 192 1000 973 1 1000 1000 0 10
0.166667 0.163340 0.014404 200 177 1000 975 1 1000 1000 0 10
0.166667 0.160757 0.014749 200 189 1000 1064 1 1000 1000 0 10
0.166667 0.170568 0.015014 200 214 1000 1017 1 1000 1000 0 10
0.166667 0.167432 0.015176 200 186 1000 974 1 1000 1000 0 10
0.166667 0.179682 0.014940 200 194 1000 1002 1 1000 1000 0 10
0.166667 0.197683 0.014782 200 206 1000 970 1 1000 1000 0 10
0.166667 0.184368 0.015614 200 200 1000 914 1 1000 1000 0 10
0.166667 0.152056 0.014409 200 193 1000 1034 1 1000 1000 0 10
0.166667 0.182341 0.015643 200 191 1000 926 1 1000 1000 0 10
0.166667 0.160826 0.014367 200 182 1000 1053 1 1000 1000 0 10
0.166667 0.175259 0.014625 200 205 1000 1061 1 1000 1000 0 10
0.166667 0.161104 0.015030 200 204 1000 1032 1 1000 1000 0 10
0.166667 0.160565 0.014915 200 187 1000 1015 1 1000 1000 0 10
0.166667 0.192352 0.014887 200 205 1000 1034 1 1000 1000 0 10
0.166667 0.204291 0.015233 200 212 1000 950 1 1000 1000 0 10
0.166667 0.171958 0.014359 200 185 1000 1003 1 1000 1000 0 10
0.166667 0.182714 0.014159 200 220 1000 1057 1 1000 1000 0 10
0.166667 0.174530 0.015771 200 222 1000 975 1 1000 1000 0 10
0.166667 0.136500 0.013758 200 188 1000 1060 1 1000 1000 0 10
0.166667 0.177893 0.015217 200 200 1000 1001 1 1000 1000 0 10
0.166667 0.181345 0.014919 200 207 1000 1037 1 1000 1000 0 10
0.166667 0.155888 0.014385 200 175 1000 1033 1 1000 1000 0 10
0.166667 0.163631 0.014726 200 194 1000 1043 1 1000 1000 0 10
0.166667 0.156669 0.015137 200 204 1000 1009 1 1000 1000 0 10
0.166667 0.198539 0.014424 200 232 1000 1012 1 1000 1000 0 10
0.166667 0.185656 0.014880 200 208 1000 1007 1 1000 1000 0 10
0.166667 0.187110 0.014024 200 216 1000 1059 1 1000 1000 0 10
0.166667 0.156283 0.014512 200 187 1000 1005 1 1000 1000 0 10
0.166667 0.166544 0.014884 200 186 1000 1019 1 1000 1000 0 10
0.166667 0.187563 0.014942 200 204 1000 994 1 1000 1000 0 10
0.166667 0.188128 0.015308 200 203 1000 992 1 1000 1000 0 10
0.166667 0.169999 0.014549 200 197 1000 1009 1 1000 1000 0 10
0.166667 0.169077 0.014927 200 181 1000 1018 1 1000 1000 0 10
0.166667 0.187825 0.015414 200 188 1000 1011 1 1000 1000 0 10
0.166667 0.177998 0.014871 200 196 1000 997 1 1000 1000 0 10
0.166667 0.171414 0.015061 200 198 1000 965 1 1000 1000 0 10
0.166667 0.188151 0.014577 200 205 1000 1011 1 1000 1000 0 10
0.166667 0.177238 0.014759 200 201 1000 994 1 1000 1000 0 10
0.166667 0.150600 0.014887 200 188 1000 1037 1 1000 1000 0 10
0.166667 0.171810 0.015171 200 193 1000 989 1 1000 1000 0 10
0.166667 0.154057 0.015029 200 197 1000 940 1 1000 1000 0 10
0.166667 0.160756 0.015158 200 199 1000 1029 1 1000 1000 0 10
0.166667 0.175467 0.014886 200 201 1000 1002 1 1000 1000 0 10
0.166667 0.184995 0.014559 200 204 1000 1029 1 1000 1000 0 10
0.166667 0.166469 0.014839 200 203 1000 991 1 1000 1000 0 10
0.166667 0.155260 0.014783 200 197 1000 996 1 1000 1000 0 10
0.166667 0.140912 0.014034 200 187 1000 1054 1 1000 1000 0 10
0.166667 0.145356 0.014622 200 204 1000 1016 1 1000 1000 0 10
0.166667 0.191552 0.015035 200 214 1000 978 1 1000 1000 0 10
0.166667 0.181411 0.015505 200 194 1000 939 1 1000 1000 0 10
0.166667 0.134073 0.013826 200 189 1000 1058 1 1000 1000 0 10
0.166667 0.179656 0.015295 200 204 1000 953 1 1000 1000 0 10
0.166667 0.166490 0.014521 200 188 1000 1023 1 1000 1000 0 10
0.166667 0.174262 0.015033 200 220 1000 1027 1 1000 1000 0 10
0.166667 0.170249 0.015121 200 202 1000 1007 1 1000 1000 0 10
0.166667 0.164355 0.014651 200 185 1000 1005 1 1000 1000 0 10
0.166667 0.160813 0.014165 200 198 1000 1039 1 1000 1000 0 10
0.166667 0.158358 0.014702 200 202 1000 1012 1 1000 1000 0 10
0.166667 0.184703 0.015160 200 217 1000 974 1 1000 1000 0 10
0.166667 0.171557 0.014522 200 204 1000 1036 1 1000 1000 0 10
0.166667 0.137214 0.014329 200 178 1000 1050 1 1000 1000 0 10
0.166667 0.166775 0.014567 200 200 1000 998 1 1000 1000 0 10
0.166667 0.173951 0.014750 200 196 1000 976 1 1000 1000 0 10
0.166667 0.196093 0.015209 200 211 1000 966 1 1000 1000 0 10
0.166667 0.189547 0.015356 200 190 1000 974 1 1000 1000 0 10
0.166667 0.174691 0.015381 200 206 1000 952 1 1000 1000 0 10
0.166667 0.180496 0.014481 200 220 1000 1018 1 1000 1000 0 10
0.166667 0.195280 0.015375 200 185 1000 977 1 1000 1000 0 10
0.166667 0.159444 0.015215 200 210 1000 1015 1 1000 1000 0 10
0.166667 0.177668 0.015544 200 199 1000 951 1 1000 1000 0 10
0.166667 0.144704 0.014044 200 204 1000 1081 1 1000 1000 0 10
0.166667 0.182390 0.014744 200 197 1000 998 1 1000 1000 0 10
0.166667 0.144332 0.015568 200 187 1000 961 1 1000 1000 0 10
0.166667 0.184569 0.014329 200 206 1000 1075 1 1000 1000 0 10
0.166667 0.178447 0.015165 200 194 1000 1003 1 1000 1000 0 10
0.166667 0.179077 0.014750 200 175 1000 959 1 1000 1000 0 10
0.166667 0.187874 0.015084 200 195 1000 966 1 1000 1000 0 10
0.166667 0.153065 0.014637 200 197 1000 1015 1 1000 1000 0 10
0.166667 0.173033 0.014818 200 185 1000 982 1 1000 1000 0 10
0.166667 0.161072 0.015002 200 200 1000 1006 1 1000 1000 0 10
0.166667 0.161596 0.014635 200 210 1000 1045 1 1000 1000 0 10
0.166667 0.158553 0.014791 200 196 1000 1045 1 1000 1000 0 10
0.166667 0.173622 0.014987 200 200 1000 1029 1 1000 1000 0 10
0.166667 0.177369 0.015213 200 184 1000 1009 1 1000 1000 0 10
0.166667 0.145535 0.014886 200 207 1000 1022 1 1000 1000 0 10
0.166667 0.181183 0.015126 200 192 1000 983 1 1000 1000 0 10
0.166667 0.155113 0.014409 200 171 1000 994 1 1000 1000 0 10
0.166667 0.203016 0.015743 200 214 1000 1009 1 1000 1000 0 10
0.166667 0.180343 0.014739 200 197 1000 1003 1 1000 1000 0 10
0.166667 0.217364 0.015551 200 229 1000 1003 1 1000 1000 0 10
0.166667 0.208945 0.015538 200 213 1000 967 1 1000 1000 0 10
0.166667 0.178450 0.015308 200 217 1000 970 1 1000 1000 0 10
0.166667 0.226374 0.015565 200 225 1000 979 1 1000 1000 0 10
0.166667 0.172191 0.015133 200 193 1000 984 1 1000 1000 0 10
0.166667 0.187629 0.015958 200 202 1000 989 1 1000 1000 0 10
0.166667 0.173014 0.014505 200 202 1000 1034 1 1000 1000 0 10
0.166667 0.176686 0.015370 200 200 1000 983 1 1000 1000 0 10
0.166667 0.215690 0.015002 200 212 1000 1006 1 1000 1000 0 10
0.166667 0.180317 0.014496 200 199 1000 1039 1 1000 1000 0 10
0.166667 0.185479 0.015149 200 205 1000 970 1 1000 1000 0 10
0.166667 0.155016 0.015043 200 207 1000 991 1 1000 1000 0 10
0.166667 0.162525 0.014987 200 196 1000 974 1 1000 1000 0 10
0.166667 0.187248 0.015112 200 194 1000 986 1 1000 1000 0 10
0.166667 0.171582 0.014725 200 206 1000 984 1 1000 1000 0 10
0.166667 0.163881 0.015416 200 203 1000 972 1 1000 1000 0 10
0.166667 0.160023 0.014960 200 201 1000 1001 1 1000 1000 0 10
0.166667 0.168364 0.014965 200 188 1000 989 1 1000 1000 0 10
0.166667 0.166519 0.014907 200 198 1000 1014 1 1000 1000 0 10
0.166667 0.188401 0.014807 200 205 1000 1006 1 1000 1000 0 10
0.166667 0.183494 0.015540 200 209 1000 976 1 1000 1000 0 10
0.166667 0.174865 0.015379 200 218 1000 979 1 1000 1000 0 10
0.166667 0.162332 0.014470 200 206 1000 1029 1 1000 1000 0 10
0.166667 0.158776 0.015288 200 212 1000 955 1 1000 1000 0 10
0.166667 0.185808 0.014861 200 198 1000 1052 1 1000 1000 0 10
0.166667 0.187317 0.015110 200 217 1000 1048 1 1000 1000 0 10
0.166667 0.202390 0.015769 200 225 1000 950 1 1000 1000 0 10
0.166667 0.199147 0.014931 200 230 1000 1034 1 1000 1000 0 10
0.166667 0.168034 0.015257 200 203 1000 1035 1 1000 1000 0 10
0.166667 0.220403 0.015534 200 227 1000 983 1 1000 1000 0 10
0.166667 0.149755 0.015010 200 182 1000 989 1 1000 1000 0 10
0.166667 0.167238 0.015069 200 197 1000 989 1 1000 1000 0 10
0.166667 0.206876 0.015953 200 218 1000 901 1 1000 1000 0 10
0.166667 0.157034 0.014487 200 187 1000 989 1 1000 1000 0 10
0.166667 0.157321 0.015346 200 200 1000 990 1 1000 1000 0 10
0.166667 0.180851 0.014820 200 213 1000 1005 1 1000 1000 0 10
0.166667 0.151171 0.014998 200 200 1000 1034 1 1000 1000 0 10
0.166667 0.154002 0.014553 200 173 1000 1015 1 1000 1000 0 10
0.166667 0.169043 0.014481 200 215 1000 1033 1 1000 1000 0 10
0.166667 0.127628 0.014468 200 171 1000 1013 1 1000 1000 0 10
0.166667 0.170855 0.014479 200 210 1000 1026 1 1000 1000 0 10
0.166667 0.163001 0.015002 200 225 1000 1017 1 1000 1000 0 10
0.166667 0.186321 0.014653 200 190 1000 1014 1 1000 1000 0 10
0.166667 0.210736 0.015094 200 206 1000 988 1 1000 1000 0 10
0.166667 0.162860 0.015101 200 199 1000 994 1 1000 1000 0 10
0.166667 0.148824 0.014207 200 203 1000 1072 1 1000 1000 0 10
0.166667 0.173223 0.015119 200 201 1000 960 1 1000 1000 0 10
0.166667 0.153257 0.014428 200 191 1000 1099 1 1000 1000 0 10
0.166667 0.150982 0.014738 200 192 1000 990 1 1000 1000 0 10
0.166667 0.176490 0.014335 200 207 1000 1063 1 1000 1000 0 10
0.166667 0.163397 0.014926 200 193 1000 983 1 1000 1000 0 10
0.166667 0.158473 0.014280 200 204 1000 1036 1 1000 1000 0 10
0.166667 0.188380 0.015048 200 216 1000 1010 1 1000 1000 0 10
0.166667 0.184775 0.015622 200 202 1000 935 1 1000 1000 0 10
0.166667 0.198771 0.015143 200 214 1000 1009 1 1000 1000 0 10
0.166667 0.157967 0.015016 200 200 1000 991 1 1000 1000 0 10
0.166667 0.183454 0.015091 200 189 1000 1013 1 1000 1000 0 10
0.166667 0.158343 0.014609 200 188 1000 1002 1 1000 1000 0 10
0.166667 0.208815 0.015322 200 219 1000 1029 1 1000 1000 0 10
0.166667 0.177272 0.014855 200 202 1000 974 1 1000 1000 0 10
0.166667 0.155462 0.014810 200 185 1000 984 1 1000 1000 0 10
0.166667 0.160647 0.014912 200 196 1000 1014 1 1000 1000 0 10
0.166667 0.173878 0.015582 200 197 1000 953 1 1000 1000 0 10
0.166667 0.206426 0.015796 200 238 1000 979 1 1000 1000 0 10
0.166667 0.121196 0.014184 200 176 1000 1045 1 1000 1000 0 10
0.166667 0.180201 0.014758 200 199 1000 1021 1 1000 1000 0 10
0.166667 0.209247 0.015141 200 236 1000 999 1 1000 1000 0 10
0.166667 0.181910 0.014688 200 207 1000 987 1 1000 1000 0 10
0.166667 0.149366 0.014132 200 192 1000 1003 1 1000 1000 0 10
0.166667 0.153402 0.014404 200 192 1000 1006 1 1000 1000 0 10
0.166667 0.172002 0.014777 200 210 1000 1027 1 1000 1000 0 10
0.166667 0.183470 0.015653 200 211 1000 1010 1 1000 1000 0 10
0.166667 0.172396 0.014915 200 197 1000 1012 1 1000 1000 0 10
0.166667 0.142530 0.014540 200 170 1000 987 1 1000 1000 0 10
0.166667 0.173433 0.015463 200 200 1000 943 1 1000 1000 0 10
0.166667 0.162266 0.014941 200 211 1000 1036 1 1000 1000 0 10
0.166667 0.184706 0.015206 200 198 1000 941 1 1000 1000 0 10
0.166667 0.195381 0.015022 200 205 1000 1001 1 1000 1000 0 10
0.166667 0.176758 0.014695 200 186 1000 1041 1 1000 1000 0 10
0.166667 0.153748 0.015203 200 182 1000 977 1 1000 1000 0 10
0.166667 0.192678 0.014755 200 204 1000 1009 1 1000 1000 0 10
0.166667 0.205576 0.015714 200 228 1000 935 1 1000 1000 0 10
0.166667 0.183482 0.015358 200 196 1000 970 1 1000 1000 0 10
0.166667 0.161478 0.014542 200 190 1000 1080 1 1000 1000 0 10
0.166667 0.161732 0.014279 200 202 1000 1044 1 1000 1000 0 10
0.166667 0.172736 0.015133 200 216 1000 1025 1 1000 1000 0 10
0.166667 0.187718 0.014499 200 196 1000 1012 1 1000 1000 0 10
0.166667 0.207573 0.014968 200 207 1000 1012 1 1000 1000 0 10
0.166667 0.174828 0.015397 200 178 1000 1011 1 1000 1000 0 10
0.166667 0.162344 0.014541 200 196 1000 1020 1 1000 1000 0 10
0.166667 0.168296 0.014591 200 229 1000 1043 1 1000 1000 0 10
0.166667 0.146419 0.014233 200 177 1000 1005 1 1000 1000 0 10
0.166667 0.193023 0.014912 200 220 1000 996 1 1000 1000 0 10
0.166667 0.169700 0.015621 200 184 1000 910 1 1000 1000 0 10
0.166667 0.183908 0.014876 200 192 1000 1005 1 1000 1000 0 10
0.166667 0.180032 0.015785 200 181 1000 938 1 1000 1000 0 10
0.166667 0.165867 0.015404 200 208 1000 1021 1 1000 1000 0 10
0.166667 0.166253 0.014401 200 187 1000 1041 1 1000 1000 0 10
0.166667 0.176942 0.014442 200 210 1000 1045 1 1000 1000 0 10
0.166667 0.177021 0.015670 200 211 1000 1009 1 1000 1000 0 10
0.166667 0.165796 0.014968 200 204 1000 1039 1 1000 1000 0 10
0.166667 0.162688 0.014876 200 182 1000 1008 1 1000 1000 0 10
0.166667 0.180169 0.015612 200 203 1000 988 1 1000 1000 0 10
0.166667 0.174070 0.015264 200 204 1000 995 1 1000 1000 0 10
0.166667 0.173315 0.015666 200 227 1000 1020 1 1000 1000 0 10
0.166667 0.184777 0.015098 200 211 1000 976 1 1000 1000 0 10
0.166667 0.186964 0.014913 200 208 1000 1021 1 1000 1000 0 10
0.166667 0.151127 0.014660 200 193 1000 992 1 1000 1000 0 10
0.166667 0.187317 0.015374 200 189 1000 987 1 1000 1000 0 10
0.166667 0.158114 0.014519 200 188 1000 1038 1 1000 1000 0 10
0.166667 0.177783 0.015027 200 219 1000 988 1 1000 1000 0 10
0.166667 0.165317 0.015441 200 183 1000 962 1 1000 1000 0 10
0.166667 0.164623 0.014672 200 185 1000 1003 1 1000 1000 0 10
0.166667 0.172374 0.015078 200 192 1000 1011 1 1000 1000 0 10
0.166667 0.160983 0.014504 200 210 1000 1033 1 1000 1000 0 10
0.166667 0.195825 0.014812 200 205 1000 984 1 1000 1000 0 10
0.166667 0.172196 0.015239 200 232 1000 1031 1 1000 1000 0 10
0.166667 0.159479 0.014384 200 192 1000 1000 1 1000 1000 0 10
0.166667 0.181076 0.014959 200 199 1000 990 1 1000 1000 0 10
0.166667 0.175511 0.015209 200 179 1000 969 1 1000 1000 0 10
0.166667 0.169005 0.015084 200 230 1000 1027 1 1000 1000 0 10
0.166667 0.195075 0.015241 200 202 1000 989 1 1000 1000 0 10
0.166667 0.174655 0.015376 200 211 1000 985 1 1000 1000 0 10
0.166667 0.174931 0.015665 200 181 1000 954 1 1000 1000 0 10
0.166667 0.187348 0.014997 200 198 1000 1005 1 1000 1000 0 10
0.166667 0.159030 0.014618 200 184 1000 1030 1 1000 1000 0 10
0.166667 0.202226 0.014927 200 211 1000 972 1 1000 1000 0 10
0.166667 0.185362 0.014466 200 209 1000 1032 1 1000 1000 0 10
0.166667 0.176424 0.014624 200 211 1000 1039 1 1000 1000 0 10
0.166667 0.194028 0.014734 200 204 1000 1015 1 1000 1000 0 10
0.166667 0.172095 0.014499 200 192 1000 1033 1 1000 1000 0 10
0.166667 0.174027 0.014659 200 216 1000 1038 1 1000 1000 0 10
0.166667 0.199206 0.015107 200 225 1000 979 1 1000 1000 0 10
0.166667 0.173670 0.015228 200 211 1000 960 1 1000 1000 0 10
0.166667 0.173123 0.015182 200 250 1000 1019 1 1000 1000 0 10
0.166667 0.178793 0.015242 200 197 1000 973 1 1000 1000 0 10
0.166667 0.194209 0.015441 200 219 1000 994 1 1000 1000 0 10
0.166667 0.140274 0.014408 200 193 1000 1056 1 1000 1000 0 10
0.166667 0.188900 0.015109 200 201 1000 985 1 1000 1000 0 10
0.166667 0.164377 0.014989 200 174 1000 990 1 1000 1000 0 10
0.166667 0.180634 0.015088 200 197 1000 1010 1 1000 1000 0 10
0.166667 0.167344 0.014949 200 204 1000 988 1 1000 1000 0 10
0.166667 0.135299 0.013769 200 168 1000 1016 1 1000 1000 0 10
0.166667 0.147132 0.014639 200 196 1000 990 1 1000 1000 0 10
0.166667 0.173031 0.014940 200 205 1000 1023 1 1000 1000 0 10
0.166667 0.153393 0.014579 200 199 1000 1061 1 1000 1000 0 10
0.166667 0.171669 0.014691 200 201 1000 1018 1 1000 1000 0 10
0.166667 0.160149 0.013977 200 210 1000 1069 1 1000 1000 0 10
0.166667 0.169706 0.015248 200 213 1000 988 1 1000 1000 0 10
0.166667 0.177888 0.015260 200 210 1000 991 1 1000 1000 0 10
0.166667 0.184548 0.015070 200 216 1000 1000 1 1000 1000 0 10
0.166667 0.159820 0.014582 200 177 1000 978 1 1000 1000 0 10
0.166667 0.168744 0.014598 200 186 1000 985 1 1000 1000 0 10
0.166667 0.174902 0.015023 200 193 1000 953 1 1000 1000 0 10
0.166667 0.168482 0.015161 200 202 1000 1014 1 1000 1000 0 10
0.166667 0.186010 0.015079 200 190 1000 980 1 1000 1000 0 10
0.166667 0.164898 0.014777 200 185 1000 973 1 1000 1000 0 10
0.166667 0.158923 0.014666 200 219 1000 1025 1 1000 1000 0 10
0.166667 0.194623 0.015212 200 211 1000 975 1 1000 1000 0 10
0.166667 0.150200 0.014711 200 191 1000 1005 1 1000 1000 0 10
0.166667 0.159208 0.014515 200 185 1000 1002 1 1000 1000 0 10
0.166667 0.168698 0.014627 200 208 1000 1053 1 1000 1000 0 10
0.166667 0.172054 0.014776 200 209 1000 971 1 1000 1000 0 10
0.166667 0.179971 0.015068 200 200 1000 1004 1 1000 1000 0 10
0.166667 0.192870 0.015158 200 236 1000 1019 1 1000 1000 0 10
0.166667 0.191302 0.014982 200 213 1000 1008 1 1000 1000 0 10
0.166667 0.163068 0.015082 200 188 1000 988 1 1000 1000 0 10
0.166667 0.199547 0.015126 200 215 1000 987 1 1000 1000 0 10
0.166667 0.160377 0.015141 200 189 1000 960 1 1000 1000 0 10
0.166667 0.176560 0.015212 200 197 1000 934 1 1000 1000 0 10
0.166667 0.179150 0.014718 200 220 1000 1012 1 1000 1000 0 10
0.166667 0.164784 0.014280 200 204 1000 1022 1 1000 1000 0 10
0.166667 0.156554 0.015106 200 192 1000 965 1 1000 1000 0 10
0.166667 0.165984 0.014583 200 211 1000 1049 1 1000 1000 0 10
0.166667 0.178468 0.014433 200 213 1000 1041 1 1000 1000 0 10
0.166667 0.197759 0.015414 200 223 1000 998 1 1000 1000 0 10
0.166667 0.170702 0.014808 200 183 1000 1010 1 1000 1000 0 10
0.166667 0.194982 0.014886 200 213 1000 994 1 1000 1000 0 10
0.166667 0.179685 0.014472 200 222 1000 1033 1 1000 1000 0 10
0.166667 0.145832 0.014241 200 184 1000 1031 1 1000 1000 0 10
0.166667 0.145522 0.014883 200 169 1000 1006 1 1000 1000 0 10
0.166667 0.156190 0.013854 200 198 1000 1049 1 1000 1000 0 10
0.166667 0.189563 0.015744 200 202 1000 961 1 1000 1000 0 10
0.166667 0.183919 0.015133 200 205 1000 1000 1 1000 1000 0 10
0.166667 0.190823 0.015226 200 214 1000 995 1 1000 1000 0 10
0.166667 0.165106 0.015022 200 178 1000 966 1 1000 1000 0 10
0.166667 0.169206 0.014805 200 203 1000 983 1 1000 1000 0 10
0.166667 0.178236 0.015448 200 204 1000 1011 1 1000 1000 0 10
0.166667 0.191077 0.015179 200 205 1000 1019 1 1000 1000 0 10
0.166667 0.151925 0.014865 200 169 1000 1013 1 1000 1000 0 10
0.166667 0.169299 0.015494 200 187 1000 913 1 1000 1000 0 10
0.166667 0.153248 0.015127 200 177 1000 974 1 1000 1000 0 10
0.166667 0.192817 0.015805 200 191 1000 955 1 1000 1000 0 10
0.166667 0.163458 0.014852 200 196 1000 1012 1 1000 1000 0 10
0.166667 0.132531 0.014219 200 185 1000 1030 1 1000 1000 0 10
0.166667 0.183794 0.015014 200 199 1000 988 1 1000 1000 0 10
0.166667 0.142653 0.015093 200 176 1000 971 1 1000 1000 0 10
0.166667 0.174388 0.014553 200 228 1000 998 1 1000 1000 0 10
0.166667 0.175775 0.015136 200 218 1000 974 1 1000 1000 0 10
0.166667 0.188022 0.015628 200 213 1000 991 1 1000 1000 0 10
0.166667 0.186038 0.015223 200 207 1000 960 1 1000 1000 0 10
0.166667 0.142831 0.014887 200 191 1000 1038 1 1000 1000 0 10
0.166667 0.184332 0.014307 200 200 1000 1024 1 1000 1000 0 10
0.166667 0.158014 0.015034 200 192 1000 983 1 1000 1000 0 10
0.166667 0.164216 0.014086 200 203 1000 1053 1 1000 1000 0 10
0.166667 0.192743 0.015505 200 221 1000 984 1 1000 1000 0 10
0.166667 0.182396 0.015001 200 205 1000 980 1 1000 1000 0 10
0.166667 0.203002 0.015324 200 203 1000 952 1 1000 1000 0 10
0.166667 0.183783 0.016204 200 173 1000 906 1 1000 1000 0 10
0.166667 0.171664 0.014763 200 182 1000 979 1 1000 1000 0 10
0.166667 0.150603 0.014842 200 184 1000 964 1 1000 1000 0 10
0.166667 0.179345 0.015206 200 199 1000 939 1 1000 1000 0 10
0.166667 0.186715 0.014888 200 217 1000 993 1 1000 1000 0 10
0.166667 0.171669 0.014908 200 190 1000 993 1 1000 1000 0 10
0.166667 0.187310 0.015130 200 214 1000 1001 1 1000 1000 0 10
0.166667 0.179139 0.015245 200 203 1000 982 1 1000 1000 0 10
0.166667 0.183125 0.014397 200 205 1000 1044 1 1000 1000 0 10
0.166667 0.191371 0.014956 200 199 1000 1008 1 1000 1000 0 10
0.166667 0.188058 0.015672 200 207 1000 941 1 1000 1000 0 10
0.166667 0.201108 0.014869 200 241 1000 1003 1 1000 1000 0 10
0.166667 0.165201 0.014315 200 192 1000 1017 1 1000 1000 0 10
0.166667 0.160764 0.014336 200 200 1000 1011 1 1000 1000 0 10
0.166667 0.193246 0.014995 200 212 1000 1015 1 1000 1000 0 10
0.166667 0.175283 0.014801 200 207 1000 1030 1 1000 1000 0 10
0.166667 0.180630 0.014790 200 216 1000 1021 1 1000 1000 0 10
0.166667 0.175536 0.014910 200 209 1000 968 1 1000 1000 0 10
0.166667 0.167355 0.015086 200 175 1000 1010 1 1000 1000 0 10
0.166667 0.149550 0.014926 200 207 1000 1012 1 1000 1000 0 10
0.166667 0.168417 0.014776 200 196 1000 993 1 1000 1000 0 10
0.166667 0.183177 0.014951 200 218 1000 1014 1 1000 1000 0 10
0.166667 0.214863 0.015201 200 218 1000 1004 1 1000 1000 0 10
0.166667 0.172942 0.014987 200 200 1000 980 1 1000 1000 0 10
0.166667 0.175825 0.015404 200 206 1000 994 1 1000 1000 0 10
0.166667 0.189280 0.015649 200 205 1000 923 1 1000 1000 0 10
0.166667 0.168804 0.014408 200 196 1000 1036 1 1000 1000 0 10
0.166667 0.205316 0.015562 200 206 1000 966 1 1000 1000 0 10
0.166667 0.163512 0.015129 200 194 1000 978 1 1000 1000 0 10
0.166667 0.138514 0.014209 200 194 1000 1031 1 1000 1000 0 10
0.166667 0.163980 0.015952 200 202 1000 946 1 1000 1000 0 10
0.166667 0.153713 0.015403 200 194 1000 961 1 1000 1000 0 10
0.166667 0.157355 0.014302 200 191 1000 1038 1 1000 1000 0 10
0.166667 0.188072 0.014980 200 192 1000 987 1 1000 1000 0 10
0.166667 0.177795 0.015205 200 215 1000 992 1 1000 1000 0 10
0.166667 0.150061 0.014130 200 204 1000 1028 1 1000 1000 0 10
0.166667 0.174509 0.014748 200 217 1000 1021 1 1000 1000 0 10
0.166667 0.179972 0.015026 200 203 1000 1029 1 1000 1000 0 10
0.166667 0.181703 0.015765 200 204 1000 973 1 1000 1000 0 10
0.166667 0.167950 0.014735 200 194 1000 1018 1 1000 1000 0 10
0.166667 0.159399 0.014535 200 208 1000 1045 1 1000 1000 0 10
0.166667 0.180570 0.014745 200 194 1000 1037 1 1000 1000 0 10
0.166667 0.162701 0.014606 200 180 1000 1016 1 1000 1000 0 10
0.166667 0.167038 0.014454 200 209 1000 995 1 1000 1000 0 10
0.166667 0.177994 0.015491 200 199 1000 945 1 1000 1000 0 10
0.166667 0.187056 0.014473 200 198 1000 1022 1 1000 1000 0 10
0.166667 0.168159 0.015246 200 182 1000 946 1 1000 1000 0 10
0.166667 0.175315 0.014626 200 204 1000 938 1 1000 1000 0 10
0.166667 0.214898 0.016289 200 217 1000 905 1 1000 1000 0 10
0.166667 0.195032 0.014961 200 221 1000 1010 1 1000 1000 0 10
0.166667 0.193070 0.014806 200 215 1000 1005 1 1000 1000 0 10
0.166667 0.195101 0.015117 200 206 1000 994 1 1000 1000 0 10
0.166667 0.160873 0.015206 200 182 1000 1026 1 1000 1000 0 10
0.166667 0.192992 0.015485 200 204 1000 944 1 1000 1000 0 10
0.166667 0.159302 0.015495 200 195 1000 967 1 1000 1000 0 10
0.166667 0.165095 0.014745 200 194 1000 987 1 1000 1000 0 10
0.166667 0.188077 0.015083 200 200 1000 980 1 1000 1000 0 10
0.166667 0.175614 0.014731 200 212 1000 1037 1 1000 1000 0 10
0.166667 0.149436 0.014813 200 197 1000 1002 1 1000 1000 0 10
0.166667 0.163395 0.014928 200 192 1000 1022 1 1000 1000 0 10
0.166667 0.185133 0.015119 200 203 1000 983 1 1000 1000 0 10
0.166667 0.183294 0.016064 200 191 1000 989 1 1000 1000 0 10
0.166667 0.167086 0.015026 200 199 1000 1021 1 1000 1000 0 10
0.166667 0.178990 0.015037 200 215 1000 987 1 1000 1000 0 10
0.166667 0.185013 0.014366 200 214 1000 1052 1 1000 1000 0 10
0.166667 0.172522 0.014036 200 175 1000 1068 1 1000 1000 0 10
0.166667 0.180064 0.014760 200 208 1000 1040 1 1000 1000 0 10
0.166667 0.205434 0.015719 200 209 1000 954 1 1000 1000 0 10
0.166667 0.192487 0.014983 200 209 1000 1001 1 1000 1000 0 10
0.166667 0.196180 0.015430 200 201 1000 945 1 1000 1000 0 10
0.166667 0.169260 0.015274 200 185 1000 950 1 1000 1000 0 10
0.166667 0.196097 0.015255 200 202 1000 1008 1 1000 1000 0 10
0.166667 0.173776 0.015021 200 199 1000 1011 1 1000 1000 0 10
0.166667 0.200228 0.014878 200 210 1000 946 1 1000 1000 0 10
0.166667 0.150445 0.014430 200 183 1000 1076 1 1000 1000 0 10
0.166667 0.184155 0.014068 200 226 1000 1064 1 1000 1000 0 10
0.166667 0.164493 0.015359 200 208 1000 952 1 1000 1000 0 10
0.166667 0.199681 0.015015 200 208 1000 1017 1 1000 1000 0 10
0.166667 0.189729 0.014850 200 208 1000 1029 1 1000 1000 0 10
0.166667 0.167097 0.014845 200 192 1000 981 1 1000 1000 0 10
0.166667 0.169422 0.014866 200 194 1000 983 1 1000 1000 0 10
0.166667 0.171399 0.015342 200 205 1000 936 1 1000 1000 0 10
0.166667 0.138048 0.014310 200 178 1000 1026 1 1000 1000 0 10
0.166667 0.182159 0.015027 200 196 1000 1011 1 1000 1000 0 10
0.166667 0.179278 0.014479 200 206 1000 1026 1 1000 1000 0 10
0.166667 0.207493 0.015587 200 224 1000 957 1 1000 1000 0 10
0.166667 0.175359 0.014958 200 199 1000 987 1 1000 1000 0 10
0.166667 0.155426 0.015199 200 200 1000 1025 1 1000 1000 0 10
0.166667 0.172045 0.015076 200 182 1000 1004 1 1000 1000 0 10
0.166667 0.188724 0.014813 200 209 1000 1001 1 1000 1000 0 10
0.166667 0.195630 0.015072 200 223 1000 989 1 1000 1000 0 10
0.166667 0.189694 0.015752 200 205 1000 991 1 1000 1000 0 10
0.166667 0.160467 0.014960 200 186 1000 984 1 1000 1000 0 10
0.166667 0.193636 0.015143 200 201 1000 974 1 1000 1000 0 10
0.166667 0.177022 0.015021 200 198 1000 973 1 1000 1000 0 10
0.166667 0.171503 0.014417 200 222 1000 1058 1 1000 1000 0 10
0.166667 0.168009 0.014765 200 209 1000 1058 1 1000 1000 0 10
0.166667 0.179330 0.015255 200 224 1000 989 1 1000 1000 0 10
0.166667 0.176351 0.014692 200 201 1000 1040 1 1000 1000 0 10
0.166667 0.169913 0.014968 200 197 1000 1017 1 1000 1000 0 10
0.166667 0.195426 0.015283 200 222 1000 957 1 1000 1000 0 10
0.166667 0.196520 0.015598 200 202 1000 965 1 1000 1000 0 10
0.166667 0.179611 0.015053 200 191 1000 967 1 1000 1000 0 10
0.166667 0.158754 0.014781 200 194 1000 979 1 1000 1000 0 10
0.166667 0.233294 0.016057 200 228 1000 932 1 1000 1000 0 10
0.166667 0.173883 0.014801 200 199 1000 1001 1 1000 1000 0 10
0.166667 0.191312 0.014951 200 220 1000 976 1 1000 1000 0 10
0.166667 0.183394 0.014753 200 201 1000 1047 1 1000 1000 0 10
0.166667 0.200187 0.014952 200 222 1000 953 1 1000 1000 0 10
0.166667 0.143953 0.014324 200 216 1000 1041 1 1000 1000 0 10
0.166667 0.176056 0.015163 200 209 1000 982 1 1000 1000 0 10
0.166667 0.183541 0.014732 200 200 1000 1003 1 1000 1000 0 10
0.166667 0.206227 0.014852 200 236 1000 972 1 1000 1000 0 10
0.166667 0.163515 0.014781 200 206 1000 1027 1 1000 1000 0 10
0.166667 0.219366 0.014825 200 217 1000 1007 1 1000 1000 0 10
0.166667 0.175703 0.015332 200 191 1000 964 1 1000 1000 0 10
0.166667 0.205615 0.015411 200 219 1000 999 1 1000 1000 0 10
0.166667 0.198225 0.015657 200 212 1000 929 1 1000 1000 0 10
0.166667 0.200444 0.015203 200 195 1000 991 1 1000 1000 0 10
0.166667 0.184728 0.014790 200 204 1000 986 1 1000 1000 0 10
0.166667 0.159431 0.015401 200 179 1000 998 1 1000 1000 0 10
0.166667 0.177695 0.014904 200 201 1000 1030 1 1000 1000 0 10
0.166667 0.129135 0.014428 200 181 1000 1031 1 1000 1000 0 10
0.166667 0.162772 0.015194 200 190 1000 963 1 1000 1000 0 10
0.166667 0.186019 0.015153 200 190 1000 1031 1 1000 1000 0 10
0.166667 0.161363 0.014870 200 196 1000 1009 1 1000 1000 0 10
0.166667 0.193965 0.014992 200 215 1000 1012 1 1000 1000 0 10
0.166667 0.184117 0.014827 200 207 1000 1036 1 1000 1000 0 10
0.166667 0.187804 0.015012 200 185 1000 955 1 1000 1000 0 10
0.166667 0.153089 0.014857 200 194 1000 1007 1 1000 1000 0 10
0.166667 0.189836 0.015392 200 207 1000 947 1 1000 1000 0 10
0.166667 0.203287 0.015075 200 199 1000 1026 1 1000 1000 0 10
0.166667 0.164037 0.014172 200 204 1000 1007 1 1000 1000 0 10
0.166667 0.166543 0.014179 200 188 1000 1042 1 1000 1000 0 10
0.166667 0.192128 0.015296 200 200 1000 979 1 1000 1000 0 10
0.166667 0.169911 0.014779 200 196 1000 1022 1 1000 1000 0 10
0.166667 0.170530 0.015137 200 207 1000 1013 1 1000 1000 0 10
0.166667 0.137832 0.014699 200 173 1000 1008 1 1000 1000 0 10
0.166667 0.198132 0.014812 200 223 1000 992 1 1000 1000 0 10
0.166667 0.152974 0.014657 200 208 1000 1013 1 1000 1000 0 10
0.166667 0.172051 0.015036 200 193 1000 1039 1 1000 1000 0 10
0.166667 0.186537 0.015931 200 209 1000 956 1 1000 1000 0 10
0.166667 0.128337 0.015089 200 164 1000 1009 1 1000 1000 0 10
0.166667 0.188950 0.015144 200 200 1000 982 1 1000 1000 0 10
0.166667 0.172342 0.014983 200 184 1000 1005 1 1000 1000 0 10
0.166667 0.166369 0.014648 200 177 1000 1014 1 1000 1000 0 10
0.166667 0.164989 0.014384 200 187 1000 999 1 1000 1000 0 10
0.166667 0.172930 0.014914 200 202 1000 1006 1 1000 1000 0 10
0.166667 0.168534 0.014729 200 198 1000 1004 1 1000 1000 0 10
0.166667 0.162005 0.015243 200 185 1000 982 1 1000 1000 0 10
0.166667 0.175435 0.014251 200 219 1000 1059 1 1000 1000 0 10
0.166667 0.147472 0.014395 200 197 1000 1027 1 1000 1000 0 10
0.166667 0.160011 0.014584 200 191 1000 1030 1 1000 1000 0 10
0.166667 0.193152 0.015245 200 216 1000 954 1 1000 1000 0 10
0.166667 0.188693 0.015228 200 214 1000 968 1 1000 1000 0 10
0.166667 0.169415 0.014605 200 193 1000 1032 1 1000 1000 0 10
0.166667 0.152227 0.014363 200 183 1000 1009 1 1000 1000 0 10
0.166667 0.184058 0.014888 200 208 1000 988 1 1000 1000 0 10
0.166667 0.171654 0.015124 200 188 1000 981 1 1000 1000 0 10
0.166667 0.172884 0.015041 200 176 1000 989 1 1000 1000 0 10
0.166667 0.168782 0.014917 200 194 1000 1000 1 1000 1000 0 10
0.166667 0.175187 0.015279 200 192 1000 943 1 1000 1000 0 10
0.166667 0.150880 0.014149 200 181 1000 1026 1 1000 1000 0 10
0.166667 0.181347 0.015053 200 207 1000 981 1 1000 1000 0 10
0.166667 0.180616 0.014675 200 192 1000 999 1 1000 1000 0 10
0.166667 0.188895 0.015014 200 221 1000 1011 1 1000 1000 0 10
0.166667 0.188698 0.014656 200 227 1000 999 1 1000 1000 0 10
0.166667 0.138039 0.015152 200 183 1000 989 1 1000 1000 0 10
0.166667 0.190173 0.015622 200 213 1000 994 1 1000 1000 0 10
0.166667 0.177254 0.014737 200 211 1000 1044 1 1000 1000 0 10
0.166667 0.161447 0.015079 200 196 1000 992 1 1000 1000 0 10
0.166667 0.162541 0.014612 200 202 1000 997 1 1000 1000 0 10
0.166667 0.189740 0.015095 200 193 1000 1021 1 1000 1000 0 10
0.166667 0.197276 0.015378 200 215 1000 982 1 1000 1000 0 10
0.166667 0.168737 0.014432 200 225 1000 988 1 1000 1000 0 10
0.166667 0.155383 0.014342 200 194 1000 1050 1 1000 1000 0 10
0.166667 0.164558 0.014834 200 194 1000 1017 1 1000 1000 0 10
0.166667 0.163852 0.014631 200 184 1000 1024 1 1000 1000 0 10
0.166667 0.206904 0.015614 200 223 1000 963 1 1000 1000 0 10
0.166667 0.156718 0.015223 200 202 1000 972 1 1000 1000 0 10
0.166667 0.165085 0.015316 200 196 1000 1003 1 1000 1000 0 10
0.166667 0.196105 0.015242 200 202 1000 1001 1 1000 1000 0 10
0.166667 0.192264 0.015121 200 204 1000 1015 1 1000 1000 0 10
0.166667 0.155627 0.014386 200 193 1000 1019 1 1000 1000 0 10
0.166667 0.150268 0.014569 200 194 1000 1026 1 1000 1000 0 10
0.166667 0.176279 0.015171 200 205 1000 999 1 1000 1000 0 10
0.166667 0.168234 0.015301 200 202 1000 976 1 1000 1000 0 10
0.166667 0.198118 0.015008 200 204 1000 1023 1 1000 1000 0 10
0.166667 0.181769 0.015095 200 187 1000 965 1 1000 1000 0 10
0.166667 0.170625 0.015051 200 203 1000 984 1 1000 1000 0 10
0.166667 0.191441 0.015227 200 217 1000 949 1 1000 1000 0 10
0.166667 0.189622 0.015344 200 201 1000 921 1 1000 1000 0 10
0.166667 0.168776 0.014736 200 188 1000 996 1 1000 1000 0 10
0.166667 0.148910 0.015009 200 194 1000 1001 1 1000 1000 0 10
0.166667 0.184872 0.015137 200 196 1000 956 1 1000 1000 0 10
0.166667 0.173586 0.014658 200 196 1000 988 1 1000 1000 0 10
0.166667 0.151529 0.014629 200 182 1000 1008 1 1000 1000 0 10
0.166667 0.171385 0.014583 200 215 1000 1007 1 1000 1000 0 10
0.166667 0.143186 0.014844 200 175 1000 978 1 1000 1000 0 10
0.166667 0.199790 0.015187 200 202 1000 971 1 1000 1000 0 10
0.166667 0.178784 0.014498 200 195 1000 1036 1 1000 1000 0 10
0.166667 0.177119 0.014732 200 200 1000 1004 1 1000 1000 0 10
0.166667 0.199888 0.014997 200 213 1000 1008 1 1000 1000 0 10
0.166667 0.153198 0.014529 200 197 1000 1033 1 1000 1000 0 10
0.166667 0.175081 0.014805 200 204 1000 1009 1 1000 1000 0 10
0.166667 0.187010 0.015061 200 215 1000 992 1 1000 1000 0 10
0.166667 0.184091 0.015572 200 205 1000 986 1 1000 1000 0 10
0.166667 0.170049 0.015245 200 210 1000 956 1 1000 1000 0 10
0.166667 0.185721 0.015078 200 201 1000 1010 1 1000 1000 0 10
0.166667 0.161213 0.015396 200 210 1000 993 1 1000 1000 0 10
0.166667 0.181248 0.014392 200 212 1000 1033 1 1000 1000 0 10
0.166667 0.156236 0.015170 200 195 1000 984 1 1000 1000 0 10
0.166667 0.201166 0.015183 200 211 1000 971 1 1000 1000 0 10
0.166667 0.178679 0.014742 200 185 1000 1030 1 1000 1000 0 10
0.166667 0.193251 0.016009 200 209 1000 946 1 1000 1000 0 10
0.166667 0.182842 0.015254 200 203 1000 992 1 1000 1000 0 10
0.166667 0.208962 0.015005 200 221 1000 1025 1 1000 1000 0 10
0.166667 0.180699 0.015229 200 199 1000 984 1 1000 1000 0 10
0.166667 0.175060 0.015061 200 202 1000 1021 1 1000 1000 0 10
0.166667 0.148458 0.014442 200 196 1000 1035 1 1000 1000 0 10
0.166667 0.167574 0.015165 200 186 1000 997 1 1000 1000 0 10
0.166667 0.209283 0.014955 200 221 1000 1031 1 1000 1000 0 10
0.166667 0.205427 0.015477 200 217 1000 963 1 1000 1000 0 10
0.166667 0.203340 0.015195 200 202 1000 994 1 1000 1000 0 10
0.166667 0.144521 0.014229 200 182 1000 1020 1 1000 1000 0 10
0.166667 0.156938 0.014379 200 175 1000 1005 1 1000 1000 0 10
0.166667 0.172311 0.014847 200 200 1000 991 1 1000 1000 0 10
0.166667 0.198644 0.014859 200 201 1000 1046 1 1000 1000 0 10
0.166667 0.156683 0.014939 200 209 1000 988 1 1000 1000 0 10
0.166667 0.181028 0.014607 200 222 1000 1042 1 1000 1000 0 10
0.166667 0.188803 0.014922 200 214 1000 969 1 1000 1000 0 10
0.166667 0.160826 0.014933 200 201 1000 956 1 1000 1000 0 10
0.166667 0.171543 0.015336 200 190 1000 945 1 1000 1000 0 10
0.166667 0.150399 0.014351 200 181 1000 1022 1 1000 1000 0 10
0.166667 0.159887 0.014609 200 203 1000 1031 1 1000 1000 0 10
0.166667 0.184403 0.015850 200 186 1000 951 1 1000 1000 0 10
0.166667 0.195904 0.014664 200 225 1000 1018 1 1000 1000 0 10
0.166667 0.212434 0.015586 200 218 1000 953 1 1000 1000 0 10
0.166667 0.196263 0.014981 200 218 1000 1011 1 1000 1000 0 10
0.166667 0.184676 0.015513 200 193 1000 964 1 1000 1000 0 10
0.166667 0.193175 0.015216 200 196 1000 999 1 1000 1000 0 10
0.166667 0.136083 0.015073 200 189 1000 1002 1 1000 1000 0 10
0.166667 0.174559 0.015240 200 214 1000 1001 1 1000 1000 0 10
0.166667 0.171316 0.014928 200 196 1000 1033 1 1000 1000 0 10
0.166667 0.164499 0.014391 200 218 1000 1057 1 1000 1000 0 10
0.166667 0.209791 0.015262 200 212 1000 1011 1 1000 1000 0 10
0.166667 0.186409 0.015661 200 222 1000 970 1 1000 1000 0 10
0.166667 0.190475 0.015478 200 193 1000 991 1 1000 1000 0 10
0.166667 0.151199 0.015182 200 185 1000 977 1 1000 1000 0 10
0.166667 0.182296 0.015619 200 198 1000 1011 1 1000 1000 0 10
0.166667 0.168260 0.014830 200 207 1000 983 1 1000 1000 0 10
0.166667 0.168620 0.014856 200 194 1000 993 1 1000 1000 0 10
0.166667 0.170527 0.014770 200 207 1000 1004 1 1000 1000 0 10
0.166667 0.169826 0.014865 200 195 1000 1015 1 1000 1000 0 10
0.166667 0.158877 0.014650 200 191 1000 1008 1 1000 1000 0 10
0.166667 0.136520 0.014115 200 201 1000 985 1 1000 1000 0 10
0.166667 0.183686 0.014718 200 205 1000 1024 1 1000 1000 0 10
0.166667 0.154623 0.014925 200 190 1000 1000 1 1000 1000 0 10
0.166667 0.172625 0.014253 200 194 1000 1048 1 1000 1000 0 10
0.166667 0.171914 0.015370 200 207 1000 988 1 1000 1000 0 10
0.166667 0.170427 0.015159 200 188 1000 1015 1 1000 1000 0 10
0.166667 0.163799 0.015491 200 210 1000 967 1 1000 1000 0 10
0.166667 0.153313 0.014947 200 185 1000 1001 1 1000 1000 0 10
0.166667 0.187796 0.014952 200 206 1000 999 1 1000 1000 0 10
0.166667 0.158634 0.014872 200 181 1000 984 1 1000 1000 0 10
0.166667 0.180956 0.014699 200 204 1000 993 1 1000 1000 0 10
0.166667 0.178336 0.014941 200 197 1000 1021 1 1000 1000 0 10
0.166667 0.129802 0.014216 200 175 1000 1022 1 1000 1000 0 10
0.166667 0.171247 0.014793 200 203 1000 986 1 1000 1000 0 10
0.166667 0.183026 0.014481 200 189 1000 1021 1 1000 1000 0 10
0.166667 0.183879 0.015298 200 227 1000 980 1 1000 1000 0 10
0.166667 0.173361 0.014483 200 191 1000 985 1 1000 1000 0 10
0.166667 0.180552 0.014916 200 206 1000 991 1 1000 1000 0 10
0.166667 0.166622 0.015604 200 203 1000 973 1 1000 1000 0 10
0.166667 0.174403 0.015346 200 202 1000 984 1 1000 1000 0 10
0.166667 0.167615 0.015012 200 183 1000 977 1 1000 1000 0 10
0.166667 0.143526 0.015193 200 176 1000 990 1 1000 1000 0 10
0.166667 0.170509 0.014575 200 195 1000 1020 1 1000 1000 0 10
0.166667 0.201745 0.015315 200 204 1000 954 1 1000 1000 0 10
0.166667 0.169590 0.014941 200 200 1000 1032 1 1000 1000 0 10
0.166667 0.166219 0.015258 200 183 1000 992 1 1000 1000 0 10
0.166667 0.149719 0.014241 200 179 1000 1042 1 1000 1000 0 10
0.166667 0.205101 0.014748 200 210 1000 1022 1 1000 1000 0 10
0.166667 0.153495 0.014518 200 197 1000 1020 1 1000 1000 0 10
0.166667 0.169357 0.015138 200 192 1000 1007 1 1000 1000 0 10
0.166667 0.179246 0.014875 200 187 1000 1001 1 1000 1000 0 10
0.166667 0.192437 0.015169 200 219 1000 997 1 1000 1000 0 10
0.166667 0.181370 0.015176 200 220 1000 1013 1 1000 1000 0 10
0.166667 0.165756 0.015239 200 214 1000 1034 1 1000 1000 0 10
0.166667 0.178944 0.014980 200 197 1000 1031 1 1000 1000 0 10
0.166667 0.216367 0.016079 200 219 1000 946 1 1000 1000 0 10
0.166667 0.188367 0.014481 200 208 1000 1028 1 1000 1000 0 10
0.166667 0.152083 0.014635 200 180 1000 985 1 1000 1000 0 10
0.166667 0.180165 0.014302 200 194 1000 1067 1 1000 1000 0 10
0.166667 0.180020 0.015004 200 197 1000 1003 1 1000 1000 0 10
0.166667 0.167035 0.015246 200 186 1000 1002 1 1000 1000 0 10
0.166667 0.194423 0.015152 200 199 1000 937 1 1000 1000 0 10
0.166667 0.170760 0.015022 200 204 1000 1039 1 1000 1000 0 10
0.166667 0.185123 0.014957 200 225 1000 1010 1 1000 1000 0 10
0.166667 0.166145 0.014892 200 205 1000 978 1 1000 1000 0 10
0.166667 0.193172 0.014810 200 224 1000 1016 1 1000 1000 0 10
0.166667 0.154362 0.015150 200 200 1000 966 1 1000 1000 0 10
0.166667 0.202558 0.014620 200 225 1000 1006 1 1000 1000 0 10
0.166667 0.176384 0.014783 200 188 1000 1009 1 1000 1000 0 10
0.166667 0.152067 0.013800 200 207 1000 1096 1 1000 1000 0 10
0.166667 0.205837 0.015650 200 202 1000 980 1 1000 1000 0 10
0.166667 0.161106 0.015439 200 197 1000 996 1 1000 1000 0 10
0.166667 0.166459 0.014525 200 186 1000 965 1 1000 1000 0 10
0.166667 0.142527 0.014979 200 182 1000 966 1 1000 1000 0 10
0.166667 0.133062 0.013981 200 189 1000 1052 1 1000 1000 0 10
0.166667 0.135788 0.014727 200 182 1000 1035 1 1000 1000 0 10
0.166667 0.177520 0.015074 200 221 1000 1047 1 1000 1000 0 10
0.166667 0.188172 0.015581 200 220 1000 956 1 1000 1000 0 10
0.166667 0.152277 0.014409 200 165 1000 1009 1 1000 1000 0 10
0.166667 0.166364 0.015118 200 181 1000 993 1 1000 1000 0 10
0.166667 0.178266 0.015119 200 199 1000 997 1 1000 1000 0 10
0.166667 0.170732 0.015192 200 221 1000 992 1 1000 1000 0 10
0.166667 0.191690 0.014867 200 202 1000 997 1 1000 1000 0 10
0.166667 0.207677 0.015306 200 231 1000 1004 1 1000 1000 0 10
0.166667 0.163075 0.015264 200 204 1000 1009 1 1000 1000 0 10
0.166667 0.165688 0.015110 200 209 1000 1028 1 1000 1000 0 10
0.166667 0.156652 0.014354 200 223 1000 1055 1 1000 1000 0 10
0.166667 0.182240 0.015575 200 197 1000 955 1 1000 1000 0 10
0.166667 0.168086 0.015318 200 184 1000 982 1 1000 1000 0 10
0.166667 0.175676 0.015300 200 199 1000 962 1 1000 1000 0 10
0.166667 0.181167 0.014663 200 215 1000 1061 1 1000 1000 0 10
0.166667 0.175715 0.015225 200 220 1000 1004 1 1000 1000 0 10
0.166667 0.167262 0.014887 200 209 1000 974 1 1000 1000 0 10
0.166667 0.176694 0.014767 200 218 1000 1006 1 1000 1000 0 10
0.166667 0.174719 0.015137 200 199 1000 1025 1 1000 1000 0 10
0.166667 0.155383 0.014881 200 209 1000 1025 1 1000 1000 0 10
0.166667 0.165346 0.014913 200 201 1000 972 1 1000 1000 0 10
0.166667 0.170065 0.015003 200 183 1000 984 1 1000 1000 0 10
0.166667 0.152778 0.014835 200 181 1000 1003 1 1000 1000 0 10
0.166667 0.211475 0.015195 200 232 1000 1025 1 1000 1000 0 10
0.166667 0.175854 0.015024 200 215 1000 976 1 1000 1000 0 10
0.166667 0.164812 0.014628 200 183 1000 984 1 1000 1000 0 10
0.166667 0.160945 0.015085 200 177 1000 995 1 1000 1000 0 10
0.166667 0.173774 0.014773 200 189 1000 998 1 1000 1000 0 10
0.166667 0.194364 0.014766 200 199 1000 1013 1 1000 1000 0 10
0.166667 0.178608 0.014461 200 217 1000 1008 1 1000 1000 0 10
0.166667 0.191697 0.014884 200 200 1000 1023 1 1000 1000 0 10
0.166667 0.138196 0.014551 200 189 1000 980 1 1000 1000 0 10
0.166667 0.159339 0.015020 200 177 1000 1000 1 1000 1000 0 10
0.166667 0.158021 0.014033 200 201 1000 1062 1 1000 1000 0 10
0.166667 0.152933 0.014368 200 222 1000 1066 1 1000 1000 0 10
0.166667 0.195843 0.015272 200 228 1000 994 1 1000 1000 0 10
0.166667 0.167980 0.014905 200 194 1000 989 1 1000 1000 0 10
0.166667 0.192595 0.014852 200 211 1000 987 1 1000 1000 0 10
0.166667 0.162030 0.015043 200 211 1000 944 1 1000 1000 0 10
0.166667 0.182702 0.014784 200 197 1000 1001 1 1000 1000 0 10
0.166667 0.169762 0.015265 200 182 1000 992 1 1000 1000 0 10
0.166667 0.210235 0.015573 200 195 1000 963 1 1000 1000 0 10
0.166667 0.161785 0.014909 200 184 1000 1009 1 1000 1000 0 10
0.166667 0.162106 0.015080 200 199 1000 1026 1 1000 1000 0 10
0.166667 0.144210 0.015001 200 208 1000 962 1 1000 1000 0 10
0.166667 0.185196 0.015429 200 224 1000 951 1 1000 1000 0 10
0.166667 0.183337 0.015025 200 209 1000 998 1 1000 1000 0 10
0.166667 0.178597 0.014949 200 217 1000 1026 1 1000 1000 0 10
0.166667 0.179918 0.015079 200 196 1000 977 1 1000 1000 0 10
0.166667 0.192815 0.015136 200 215 1000 975 1 1000 1000 0 10
0.166667 0.194095 0.014609 200 206 1000 1045 1 1000 1000 0 10
0.166667 0.167911 0.014834 200 192 1000 1014 1 1000 1000 0 10
0.166667 0.194075 0.014958 200 234 1000 989 1 1000 1000 0 10
0.166667 0.140575 0.015015 200 194 1000 991 1 1000 1000 0 10
0.166667 0.194924 0.015189 200 215 1000 1026 1 1000 1000 0 10
0.166667 0.185834 0.015067 200 191 1000 967 1 1000 1000 0 10
0.166667 0.179075 0.015463 200 197 1000 972 1 1000 1000 0 10
0.166667 0.168938 0.015010 200 187 1000 951 1 1000 1000 0 10
0.166667 0.189295 0.015773 200 228 1000 943 1 1000 1000 0 10
0.166667 0.190701 0.014996 200 206 1000 993 1 1000 1000 0 10
0.166667 0.187501 0.015291 200 192 1000 972 1 1000 1000 0 10
0.166667 0.176571 0.015153 200 200 1000 985 1 1000 1000 0 10
0.166667 0.175070 0.014557 200 212 1000 1052 1 1000 1000 0 10
0.166667 0.188801 0.014263 200 210 1000 1056 1 1000 1000 0 10
0.166667 0.199972 0.015198 200 211 1000 1008 1 1000 1000 0 10
0.166667 0.161814 0.015718 200 199 1000 934 1 1000 1000 0 10
0.166667 0.231690 0.015710 200 216 1000 962 1 1000 1000 0 10
0.166667 0.154454 0.014064 200 185 1000 1025 1 1000 1000 0 10
0.166667 0.176243 0.014937 200 180 1000 976 1 1000 1000 0 10
0.166667 0.170237 0.015425 200 187 1000 972 1 1000 1000 0 10
0.166667 0.145426 0.014486 200 188 1000 1007 1 1000 1000 0 10
0.166667 0.179820 0.014456 200 199 1000 1037 1 1000 1000 0 10
0.166667 0.159159 0.014568 200 177 1000 992 1 1000 1000 0 10
0.166667 0.171807 0.014885 200 210 1000 979 1 1000 1000 0 10
0.166667 0.185361 0.015194 200 206 1000 970 1 1000 1000 0 10
0.166667 0.176122 0.014523 200 192 1000 1027 1 1000 1000 0 10
0.166667 0.172635 0.014771 200 196 1000 1013 1 1000 1000 0 10
0.166667 0.162571 0.014693 200 211 1000 1047 1 1000 1000 0 10
0.166667 0.177203 0.015052 200 174 1000 989 1 1000 1000 0 10
0.166667 0.188326 0.015391 200 232 1000 965 1 1000 1000 0 10
0.166667 0.208877 0.014898 200 223 1000 995 1 1000 1000 0 10
0.166667 0.183487 0.014782 200 196 1000 1012 1 1000 1000 0 10
0.166667 0.184644 0.015101 200 198 1000 970 1 1000 1000 0 10
0.166667 0.208186 0.015206 200 191 1000 1000 1 1000 1000 0 10
0.166667 0.182855 0.014999 200 184 1000 1017 1 1000 1000 0 10
0.166667 0.201322 0.015731 200 216 1000 959 1 1000 1000 0 10
0.166667 0.170334 0.015069 200 207 1000 995 1 1000 1000 0 10
0.166667 0.181312 0.015281 200 194 1000 961 1 1000 1000 0 10
0.166667 0.176309 0.015886 200 211 1000 955 1 1000 1000 0 10
0.166667 0.176103 0.014980 200 191 1000 979 1 1000 1000 0 10
0.166667 0.138995 0.014739 200 177 1000 988 1 1000 1000 0 10
0.166667 0.179660 0.014584 200 191 1000 1015 1 1000 1000 0 10
0.166667 0.186857 0.015375 200 223 1000 979 1 1000 1000 0 10
0.166667 0.184545 0.015155 200 199 1000 997 1 1000 1000 0 10
0.166667 0.171659 0.015339 200 205 1000 951 1 1000 1000 0 10
0.166667 0.175474 0.015412 200 191 1000 973 1 1000 1000 0 10
0.166667 0.170921 0.014907 200 212 1000 1017 1 1000 1000 0 10
0.166667 0.168293 0.015576 200 189 1000 963 1 1000 1000 0 10
0.166667 0.159820 0.014211 200 200 1000 1000 1 1000 1000 0 10
0.166667 0.170921 0.015370 200 210 1000 951 1 1000 1000 0 10
0.166667 0.152909 0.014231 200 201 1000 1040 1 1000 1000 0 10
0.166667 0.171426 0.014068 200 212 1000 1055 1 1000 1000 0 10
0.166667 0.166609 0.014314 200 185 1000 1046 1 1000 1000 0 10
0.166667 0.154553 0.015311 200 201 1000 1005 1 1000 1000 0 10
0.166667 0.198976 0.014938 200 235 1000 987 1 1000 1000 0 10
0.166667 0.141695 0.014642 200 192 1000 1016 1 1000 1000 0 10
0.166667 0.173880 0.015392 200 201 1000 978 1 1000 1000 0 10
0.166667 0.156993 0.014406 200 188 1000 968 1 1000 1000 0 10
0.166667 0.163144 0.014284 200 190 1000 1041 1 1000 1000 0 10
0.166667 0.165367 0.014787 200 203 1000 1025 1 1000 1000 0 10
0.166667 0.198583 0.014715 200 205 1000 994 1 1000 1000 0 10
0.166667 0.166762 0.014514 200 188 1000 1000 1 1000 1000 0 10
0.166667 0.203303 0.015236 200 222 1000 961 1 1000 1000 0 10
0.166667 0.161931 0.014446 200 185 1000 1031 1 1000 1000 0 10
0.166667 0.185379 0.014826 200 212 1000 1001 1 1000 1000 0 10
0.166667 0.172024 0.014898 200 212 1000 1057 1 1000 1000 0 10
0.166667 0.196693 0.015273 200 212 1000 961 1 1000 1000 0 10
0.166667 0.184812 0.014715 200 224 1000 979 1 1000 1000 0 10
0.166667 0.184695 0.014368 200 229 1000 1039 1 1000 1000 0 10
0.166667 0.145482 0.015093 200 182 1000 986 1 1000 1000 0 10
0.166667 0.165199 0.015161 200 194 1000 993 1 1000 1000 0 10
0.166667 0.171336 0.015285 200 190 1000 987 1 1000 1000 0 10
0.166667 0.208730 0.015126 200 219 1000 992 1 1000 1000 0 10
0.166667 0.187891 0.015465 200 193 1000 965 1 1000 1000 0 10
0.166667 0.187462 0.014675 200 223 1000 1013 1 1000 1000 0 10
0.166667 0.167422 0.014964 200 184 1000 1013 1 1000 1000 0 10
0.166667 0.189407 0.014931 200 192 1000 949 1 1000 1000 0 10
0.166667 0.192671 0.015010 200 220 1000 1014 1 1000 1000 0 10
0.166667 0.173910 0.014695 200 165 1000 986 1 1000 1000 0 10
0.166667 0.171228 0.014893 200 218 1000 1017 1 1000 1000 0 10
0.166667 0.193175 0.015331 200 203 1000 961 1 1000 1000 0 10
0.166667 0.160659 0.014630 200 200 1000 1032 1 1000 1000 0 10
0.166667 0.166779 0.014779 200 187 1000 1024 1 1000 1000 0 10
0.166667 0.176949 0.015377 200 173 1000 935 1 1000 1000 0 10
0.166667 0.162496 0.014819 200 201 1000 1021 1 1000 1000 0 10
0.166667 0.186160 0.015196 200 213 1000 977 1 1000 1000 0 10
0.166667 0.190487 0.015632 200 222 1000 950 1 1000 1000 0 10
0.166667 0.198445 0.015280 200 193 1000 992 1 1000 1000 0 10
0.166667 0.130133 0.014732 200 181 1000 1003 1 1000 1000 0 10
0.166667 0.166808 0.014666 200 194 1000 1046 1 1000 1000 0 10
0.166667 0.171271 0.015725 200 202 1000 978 1 1000 1000 0 10
0.166667 0.168347 0.014464 200 193 1000 1059 1 1000 1000 0 10
0.166667 0.196230 0.015462 200 206 1000 946 1 1000 1000 0 10
0.166667 0.157901 0.014530 200 182 1000 1025 1 1000 1000 0 10
0.166667 0.176004 0.014945 200 204 1000 1010 1 1000 1000 0 10
0.166667 0.184067 0.014602 200 189 1000 981 1 1000 1000 0 10
0.166667 0.185246 0.014934 200 204 1000 975 1 1000 1000 0 10
0.166667 0.190464 0.014903 200 195 1000 1052 1 1000 1000 0 10
0.166667 0.175263 0.015070 200 198 1000 1003 1 1000 1000 0 10
0.166667 0.171601 0.015033 200 186 1000 988 1 1000 1000 0 10
0.166667 0.201774 0.014853 200 222 1000 1067 1 1000 1000 0 10
0.166667 0.187417 0.014804 200 226 1000 998 1 1000 1000 0 10
0.166667 0.173164 0.014424 200 207 1000 1031 1 1000 1000 0 10
0.166667 0.169255 0.014958 200 192 1000 1017 1 1000 1000 0 10
0.166667 0.195387 0.015403 200 221 1000 960 1 1000 1000 0 10
0.166667 0.196211 0.015528 200 182 1000 928 1 1000 1000 0 10
0.166667 0.169373 0.014834 200 182 1000 1028 1 1000 1000 0 10
0.166667 0.176494 0.015245 200 207 1000 998 1 1000 1000 0 10
0.166667 0.150876 0.014899 200 190 1000 1015 1 1000 1000 0 10
0.166667 0.157954 0.014851 200 183 1000 1030 1 1000 1000 0 10
0.166667 0.167517 0.015035 200 185 1000 972 1 1000 1000 0 10
0.166667 0.181255 0.014638 200 208 1000 1026 1 1000 1000 0 10
0.166667 0.151582 0.015199 200 185 1000 1031 1 1000 1000 0 10
0.166667 0.177274 0.014352 200 206 1000 1019 1 1000 1000 0 10
0.166667 0.169768 0.014946 200 191 1000 1003 1 1000 1000 0 10
0.166667 0.131658 0.014411 200 143 1000 1019 1 1000 1000 0 10
0.166667 0.166402 0.014706 200 185 1000 974 1 1000 1000 0 10
0.166667 0.148478 0.015086 200 199 1000 1012 1 1000 1000 0 10
0.166667 0.188855 0.015039 200 226 1000 1008 1 1000 1000 0 10
0.166667 0.147242 0.014545 200 214 1000 1025 1 1000 1000 0 10
0.166667 0.204757 0.015335 200 224 1000 961 1 1000 1000 0 10
0.166667 0.175769 0.014455 200 180 1000 964 1 1000 1000 0 10
0.166667 0.147703 0.014119 200 207 1000 1072 1 1000 1000 0 10
0.166667 0.175252 0.014920 200 200 1000 990 1 1000 1000 0 10
0.166667 0.167689 0.014102 200 206 1000 1051 1 1000 1000 0 10
0.166667 0.167661 0.014885 200 184 1000 973 1 1000 1000 0 10
0.166667 0.191274 0.014883 200 202 1000 1014 1 1000 1000 0 10
0.166667 0.163108 0.014511 200 175 1000 1037 1 1000 1000 0 10
0.166667 0.198786 0.014605 200 213 1000 1020 1 1000 1000 0 10
0.166667 0.157283 0.014693 200 189 1000 1028 1 1000 1000 0 10
0.166667 0.169871 0.014486 200 203 1000 1022 1 1000 1000 0 10
0.166667 0.185634 0.014689 200 196 1000 1033 1 1000 1000 0 10
0.166667 0.138260 0.014943 200 189 1000 1010 1 1000 1000 0 10
0.166667 0.186381 0.014706 200 199 1000 1025 1 1000 1000 0 10
0.166667 0.184552 0.014600 200 206 1000 984 1 1000 1000 0 10
0.166667 0.174049 0.014790 200 200 1000 970 1 1000 1000 0 10
0.166667 0.178898 0.014844 200 213 1000 972 1 1000 1000 0 10
0.166667 0.185099 0.014354 200 209 1000 1070 1 1000 1000 0 10
0.166667 0.186441 0.014363 200 197 1000 1034 1 1000 1000 0 10
0.166667 0.167600 0.014569 200 202 1000 1037 1 1000 1000 0 10
0.166667 0.140114 0.014522 200 185 1000 1012 1 1000 1000 0 10
0.166667 0.172641 0.015144 200 206 1000 1020 1 1000 1000 0 10
0.166667 0.175798 0.015016 200 186 1000 965 1 1000 1000 0 10
0.166667 0.157117 0.014736 200 187 1000 995 1 1000 1000 0 10
0.166667 0.197607 0.014931 200 200 1000 983 1 1000 1000 0 10
0.166667 0.155660 0.014707 200 194 1000 999 1 1000 1000 0 10
0.166667 0.149148 0.014502 200 191 1000 1053 1 1000 1000 0 10
0.166667 0.173521 0.015068 200 197 1000 992 1 1000 1000 0 10
0.166667 0.165267 0.015409 200 218 1000 982 1 1000 1000 0 10
0.166667 0.174334 0.014398 200 195 1000 1029 1 1000 1000 0 10
0.166667 0.177178 0.014438 200 184 1000 1024 1 1000 1000 0 10
0.166667 0.182187 0.014315 200 193 1000 1001 1 1000 1000 0 10
0.166667 0.167774 0.015413 200 173 1000 1008 1 1000 1000 0 10
0.166667 0.188597 0.015103 200 191 1000 1023 1 1000 1000 0 10
0.166667 0.203657 0.015455 200 214 1000 966 1 1000 1000 0 10
0.166667 0.184674 0.014959 200 199 1000 1014 1 1000 1000 0 10
0.166667 0.179131 0.015212 200 208 1000 1008 1 1000 1000 0 10
0.166667 0.175579 0.015381 200 189 1000 991 1 1000 1000 0 10
0.166667 0.184738 0.015254 200 203 1000 984 1 1000 1000 0 10
0.166667 0.170478 0.015426 200 220 1000 1011 1 1000 1000 0 10
0.166667 0.163201 0.014196 200 174 1000 1056 1 1000 1000 0 10
0.166667 0.160316 0.014994 200 190 1000 967 1 1000 1000 0 10
0.166667 0.190753 0.015707 200 222 1000 968 1 1000 1000 0 10
0.166667 0.162085 0.014941 200 185 1000 1042 1 1000 1000 0 10
0.166667 0.188179 0.014747 200 200 1000 976 1 1000 1000 0 10
0.166667 0.169792 0.014346 200 192 1000 1013 1 1000 1000 0 10
0.166667 0.157816 0.014703 200 204 1000 1012 1 1000 1000 0 10
0.166667 0.188839 0.015785 200 200 1000 947 1 1000 1000 0 10
0.166667 0.184377 0.014665 200 209 1000 1020 1 1000 1000 0 10
0.166667 0.158105 0.014356 200 183 1000 1063 1 1000 1000 0 10
0.166667 0.169650 0.014658 200 189 1000 1011 1 1000 1000 0 10
0.166667 0.136757 0.014347 200 182 1000 1045 1 1000 1000 0 10
0.166667 0.172249 0.014892 200 189 1000 962 1 1000 1000 0 10
0.166667 0.192745 0.015683 200 217 1000 961 1 1000 1000 0 10
0.166667 0.195797 0.014862 200 195 1000 1003 1 1000 1000 0 10
0.166667 0.182587 0.015135 200 241 1000 998 1 1000 1000 0 10
0.166667 0.174825 0.014988 200 199 1000 1042 1 1000 1000 0 10
0.166667 0.161352 0.014739 200 200 1000 1013 1 1000 1000 0 10
0.166667 0.190079 0.014886 200 195 1000 952 1 1000 1000 0 10
0.166667 0.160554 0.015157 200 194 1000 979 1 1000 1000 0 10
0.166667 0.193623 0.015375 200 219 1000 970 1 1000 1000 0 10
0.166667 0.187189 0.015515 200 216 1000 1017 1 1000 1000 0 10
0.166667 0.176539 0.015197 200 186 1000 984 1 1000 1000 0 10
0.166667 0.157282 0.014483 200 191 1000 1007 1 1000 1000 0 10
0.166667 0.184845 0.015490 200 193 1000 939 1 1000 1000 0 10
0.166667 0.181846 0.015138 200 217 1000 1016 1 1000 1000 0 10
0.166667 0.161549 0.014890 200 209 1000 1024 1 1000 1000 0 10
0.166667 0.176117 0.014874 200 200 1000 1004 1 1000 1000 0 10
0.166667 0.173223 0.014839 200 192 1000 1015 1 1000 1000 0 10
0.166667 0.159693 0.015055 200 205 1000 1001 1 1000 1000 0 10
0.166667 0.156652 0.014888 200 198 1000 974 1 1000 1000 0 10
0.166667 0.169847 0.014634 200 196 1000 1036 1 1000 1000 0 10
0.166667 0.152820 0.015653 200 183 1000 956 1 1000 1000 0 10
0.166667 0.163116 0.014610 200 195 1000 1014 1 1000 1000 0 10
0.166667 0.162608 0.014326 200 199 1000 1053 1 1000 1000 0 10
0.166667 0.187381 0.014836 200 200 1000 1009 1 1000 1000 0 10
0.166667 0.124112 0.015502 200 191 1000 952 1 1000 1000 0 10
0.166667 0.179613 0.014636 200 198 1000 991 1 1000 1000 0 10
0.166667 0.149813 0.014481 200 182 1000 991 1 1000 1000 0 10
0.166667 0.163495 0.014765 200 198 1000 984 1 1000 1000 0 10
0.166667 0.196010 0.015053 200 190 1000 978 1 1000 1000 0 10
0.166667 0.205922 0.015210 200 212 1000 975 1 1000 1000 0 10
0.166667 0.197316 0.014878 200 217 1000 1005 1 1000 1000 0 10
0.166667 0.136294 0.015274 200 194 1000 985 1 1000 1000 0 10
0.166667 0.185341 0.015177 200 213 1000 939 1 1000 1000 0 10
0.166667 0.160767 0.015260 200 211 1000 1001 1 1000 1000 0 10
0.166667 0.175627 0.015095 200 206 1000 992 1 1000 1000 0 10
0.166667 0.160235 0.014837 200 197 1000 1002 1 1000 1000 0 10
0.166667 0.179990 0.015425 200 246 1000 967 1 1000 1000 0 10
0.166667 0.148360 0.014677 200 193 1000 1038 1 1000 1000 0 10
0.166667 0.173465 0.014523 200 221 1000 1041 1 1000 1000 0 10
0.166667 0.177612 0.015698 200 174 1000 951 1 1000 1000 0 10
0.166667 0.169255 0.014694 200 206 1000 981 1 1000 1000 0 10
0.166667 0.170384 0.014823 200 213 1000 1038 1 1000 1000 0 10
0.166667 0.172624 0.015043 200 194 1000 992 1 1000 1000 0 10
0.166667 0.183982 0.015448 200 197 1000 961 1 1000 1000 0 10
0.166667 0.174821 0.015035 200 213 1000 1008 1 1000 1000 0 10
0.166667 0.160461 0.014383 200 176 1000 997 1 1000 1000 0 10
0.166667 0.159997 0.013760 200 202 1000 1059 1 1000 1000 0 10
0.166667 0.170691 0.014919 200 200 1000 1044 1 1000 1000 0 10
0.166667 0.175876 0.015214 200 207 1000 956 1 1000 1000 0 10
