0.166667 0.175937 0.012351 200 196 1000 945 2 1000 1000 1000 5
0.166667 0.193100 0.012109 200 216 1000 1027 2 1000 1000 1000 5
0.166667 0.176343 0.012091 200 206 1000 1022 2 1000 1000 1000 5
0.166667 0.170704 0.012081 200 190 1000 998 2 1000 1000 1000 5
0.166667 0.180086 0.011949 200 207 1000 1039 2 1000 1000 1000 5
0.166667 0.153394 0.012035 200 186 1000 990 2 1000 1000 1000 5
0.166667 0.164393 0.012045 200 192 1000 989 2 1000 1000 1000 5
0.166667 0.176689 0.011823 200 225 1000 1060 2 1000 1000 1000 5
0.166667 0.160968 0.011880 200 180 1000 982 2 1000 1000 1000 5
0.166667 0.193313 0.012543 200 209 1000 959 2 1000 1000 1000 5
0.166667 0.166486 0.012186 200 198 1000 982 2 1000 1000 1000 5
0.166667 0.160127 0.012066 200 176 1000 982 2 1000 1000 1000 5
0.166667 0.178861 0.012181 200 207 1000 986 2 1000 1000 1000 5
0.166667 0.188101 0.012258 200 215 1000 1011 2 1000 1000 1000 5
0.166667 0.179651 0.012487 200 216 1000 974 2 1000 1000 1000 5
0.166667 0.170108 0.012026 200 199 1000 1010 2 1000 1000 1000 5
0.166667 0.174532 0.012239 200 198 1000 980 2 1000 1000 1000 5
0.166667 0.184173 0.012110 200 219 1000 1006 2 1000 1000 1000 5
0.166667 0.161391 0.011406 200 191 1000 1056 2 1000 1000 1000 5
0.166667 0.178298 0.012075 200 205 1000 1023 2 1000 1000 1000 5
0.166667 0.188671 0.012672 200 215 1000 981 2 1000 1000 1000 5
0.166667 0.184605 0.012373 200 222 1000 996 2 1000 1000 1000 5
0.166667 0.149789 0.011612 200 175 1000 1011 2 1000 1000 1000 5
0.166667 0.178022 0.012372 200 199 1000 983 2 1000 1000 1000 5
0.166667 0.157780 0.011670 200 181 1000 1003 2 1000 1000 1000 5
0.166667 0.165891 0.012005 200 183 1000 993 2 1000 1000 1000 5
0.166667 0.163733 0.012166 200 174 1000 968 2 1000 1000 1000 5
0.166667 0.177800 0.012164 200 202 1000 1033 2 1000 1000 1000 5
0.166667 0.180957 0.012192 200 202 1000 993 2 1000 1000 1000 5
0.166667 0.190861 0.012273 200 225 1000 1011 2 1000 1000 1000 5
0.166667 0.176752 0.012337 200 195 1000 970 2 1000 1000 1000 5
0.166667 0.184248 0.012249 200 200 1000 989 2 1000 1000 1000 5
0.166667 0.179269 0.012251 200 191 1000 984 2 1000 1000 1000 5
0.166667 0.207163 0.013072 200 214 1000 913 2 1000 1000 1000 5
0.166667 0.168752 0.012192 200 208 1000 996 2 1000 1000 1000 5
0.166667 0.144288 0.011254 200 184 1000 1087 2 1000 1000 1000 5
0.166667 0.181005 0.011986 200 206 1000 1057 2 1000 1000 1000 5
0.166667 0.176699 0.012030 200 205 1000 1013 2 1000 1000 1000 5
0.166667 0.164850 0.012009 200 202 1000 999 2 1000 1000 1000 5
0.166667 0.182169 0.012737 200 202 1000 938 2 1000 1000 1000 5
0.166667 0.188752 0.012289 200 220 1000 1017 2 1000 1000 1000 5
0.166667 0.161134 0.012050 200 189 1000 1001 2 1000 1000 1000 5
0.166667 0.170345 0.011994 200 182 1000 994 2 1000 1000 1000 5
0.166667 0.164340 0.011842 200 193 1000 992 2 1000 1000 1000 5
0.166667 0.194839 0.012705 200 207 1000 980 2 1000 1000 1000 5
0.166667 0.132096 0.010937 200 158 1000 1038 2 1000 1000 1000 5
0.166667 0.167723 0.012015 200 192 1000 993 2 1000 1000 1000 5
0.166667 0.158478 0.011895 200 190 1000 1013 2 1000 1000 1000 5
0.166667 0.169827 0.012241 200 197 1000 1003 2 1000 1000 1000 5
0.166667 0.175628 0.012247 200 193 1000 991 2 1000 1000 1000 5
0.166667 0.176815 0.012339 200 204 1000 967 2 1000 1000 1000 5
0.166667 0.187698 0.012654 200 196 1000 979 2 1000 1000 1000 5
0.166667 0.172648 0.011876 200 199 1000 1053 2 1000 1000 1000 5
0.166667 0.167046 0.012181 200 211 1000 1008 2 1000 1000 1000 5
0.166667 0.165679 0.012299 200 188 1000 970 2 1000 1000 1000 5
0.166667 0.177209 0.012630 200 198 1000 950 2 1000 1000 1000 5
0.166667 0.192831 0.012306 200 214 1000 990 2 1000 1000 1000 5
0.166667 0.163463 0.011793 200 189 1000 1030 2 1000 1000 1000 5
0.166667 0.193352 0.012498 200 213 1000 986 2 1000 1000 1000 5
0.166667 0.190263 0.012318 200 218 1000 1017 2 1000 1000 1000 5
0.166667 0.165351 0.011859 200 185 1000 999 2 1000 1000 1000 5
0.166667 0.161375 0.012037 200 202 1000 1003 2 1000 1000 1000 5
0.166667 0.167604 0.012115 200 190 1000 983 2 1000 1000 1000 5
0.166667 0.153511 0.011877 200 177 1000 976 2 1000 1000 1000 5
0.166667 0.168806 0.012108 200 185 1000 1008 2 1000 1000 1000 5
0.166667 0.171589 0.012217 200 198 1000 987 2 1000 1000 1000 5
0.166667 0.166430 0.011673 200 205 1000 1040 2 1000 1000 1000 5
0.166667 0.164390 0.011589 200 187 1000 1032 2 1000 1000 1000 5
0.166667 0.158238 0.011777 200 190 1000 1012 2 1000 1000 1000 5
0.166667 0.192053 0.012389 200 230 1000 997 2 1000 1000 1000 5
0.166667 0.192726 0.012628 200 221 1000 998 2 1000 1000 1000 5
0.166667 0.183865 0.011875 200 207 1000 1063 2 1000 1000 1000 5
0.166667 0.160599 0.011366 200 192 1000 1089 2 1000 1000 1000 5
0.166667 0.153112 0.011563 200 174 1000 1023 2 1000 1000 1000 5
0.166667 0.168882 0.011829 200 201 1000 1013 2 1000 1000 1000 5
0.166667 0.164313 0.011776 200 186 1000 1020 2 1000 1000 1000 5
0.166667 0.176765 0.012137 200 205 1000 1026 2 1000 1000 1000 5
0.166667 0.173041 0.011989 200 204 1000 1011 2 1000 1000 1000 5
0.166667 0.152577 0.011499 200 180 1000 1036 2 1000 1000 1000 5
0.166667 0.163938 0.012318 200 195 1000 957 2 1000 1000 1000 5
0.166667 0.152959 0.012089 200 182 1000 971 2 1000 1000 1000 5
0.166667 0.176728 0.012528 200 204 1000 970 2 1000 1000 1000 5
0.166667 0.164523 0.011747 200 200 1000 1033 2 1000 1000 1000 5
0.166667 0.168946 0.012292 200 199 1000 980 2 1000 1000 1000 5
0.166667 0.175954 0.012346 200 184 1000 975 2 1000 1000 1000 5
0.166667 0.199924 0.012504 200 233 1000 987 2 1000 1000 1000 5
0.166667 0.170420 0.012305 200 195 1000 957 2 1000 1000 1000 5
0.166667 0.187229 0.012264 200 222 1000 1022 2 1000 1000 1000 5
0.166667 0.171225 0.012113 200 200 1000 1011 2 1000 1000 1000 5
0.166667 0.180148 0.012354 200 207 1000 1004 2 1000 1000 1000 5
0.166667 0.179497 0.012259 200 205 1000 993 2 1000 1000 1000 5
0.166667 0.165468 0.012160 200 196 1000 998 2 1000 1000 1000 5
0.166667 0.166916 0.012581 200 181 1000 968 2 1000 1000 1000 5
0.166667 0.192226 0.012727 200 203 1000 949 2 1000 1000 1000 5
0.166667 0.188636 0.012223 200 211 1000 1004 2 1000 1000 1000 5
0.166667 0.185278 0.012284 200 206 1000 1009 2 1000 1000 1000 5
0.166667 0.186441 0.012887 200 199 1000 934 2 1000 1000 1000 5
0.166667 0.181934 0.012452 200 205 1000 981 2 1000 1000 1000 5
0.166667 0.193839 0.012841 200 211 1000 969 2 1000 1000 1000 5
0.166667 0.173903 0.012386 200 191 1000 967 2 1000 1000 1000 5
0.166667 0.166405 0.011908 200 195 1000 1007 2 1000 1000 1000 5
0.166667 0.174189 0.012121 200 208 1000 1021 2 1000 1000 1000 5
0.166667 0.161529 0.012030 200 202 1000 984 2 1000 1000 1000 5
0.166667 0.193213 0.012396 200 227 1000 1020 2 1000 1000 1000 5
0.166667 0.162385 0.012177 200 202 1000 997 2 1000 1000 1000 5
0.166667 0.215113 0.012864 200 229 1000 961 2 1000 1000 1000 5
0.166667 0.163193 0.011502 200 189 1000 1047 2 1000 1000 1000 5
0.166667 0.170412 0.012091 200 209 1000 997 2 1000 1000 1000 5
0.166667 0.149311 0.011965 200 185 1000 978 2 1000 1000 1000 5
0.166667 0.161586 0.011920 200 195 1000 999 2 1000 1000 1000 5
0.166667 0.174036 0.012110 200 199 1000 977 2 1000 1000 1000 5
0.166667 0.184513 0.012424 200 211 1000 998 2 1000 1000 1000 5
0.166667 0.162145 0.012327 200 195 1000 970 2 1000 1000 1000 5
0.166667 0.184393 0.012346 200 200 1000 988 2 1000 1000 1000 5
0.166667 0.160312 0.011948 200 190 1000 995 2 1000 1000 1000 5
0.166667 0.186861 0.012336 200 203 1000 980 2 1000 1000 1000 5
0.166667 0.171133 0.011601 200 204 1000 1034 2 1000 1000 1000 5
0.166667 0.180811 0.012253 200 207 1000 990 2 1000 1000 1000 5
0.166667 0.150641 0.011645 200 187 1000 1013 2 1000 1000 1000 5
0.166667 0.170793 0.012295 200 189 1000 991 2 1000 1000 1000 5
0.166667 0.188619 0.011975 200 222 1000 1056 2 1000 1000 1000 5
0.166667 0.185347 0.012310 200 215 1000 1005 2 1000 1000 1000 5
0.166667 0.172572 0.011890 200 195 1000 1021 2 1000 1000 1000 5
0.166667 0.164084 0.011734 200 190 1000 1043 2 1000 1000 1000 5
0.166667 0.164572 0.012073 200 175 1000 963 2 1000 1000 1000 5
0.166667 0.176537 0.012383 200 193 1000 1002 2 1000 1000 1000 5
0.166667 0.176146 0.011694 200 213 1000 1064 2 1000 1000 1000 5
0.166667 0.186734 0.012214 200 217 1000 996 2 1000 1000 1000 5
0.166667 0.186038 0.012169 200 215 1000 996 2 1000 1000 1000 5
0.166667 0.148816 0.011936 200 174 1000 987 2 1000 1000 1000 5
0.166667 0.181026 0.012459 200 190 1000 959 2 1000 1000 1000 5
0.166667 0.181413 0.012213 200 200 1000 995 2 1000 1000 1000 5
0.166667 0.143817 0.011656 200 152 1000 983 2 1000 1000 1000 5
0.166667 0.170620 0.011896 200 198 1000 1026 2 1000 1000 1000 5
0.166667 0.171514 0.011931 200 205 1000 990 2 1000 1000 1000 5
0.166667 0.158709 0.012136 200 191 1000 991 2 1000 1000 1000 5
0.166667 0.171792 0.012083 200 189 1000 1006 2 1000 1000 1000 5
0.166667 0.158292 0.011687 200 192 1000 1018 2 1000 1000 1000 5
0.166667 0.183687 0.012211 200 201 1000 1000 2 1000 1000 1000 5
0.166667 0.186736 0.012404 200 212 1000 951 2 1000 1000 1000 5
0.166667 0.146793 0.011675 200 160 1000 990 2 1000 1000 1000 5
0.166667 0.172781 0.011951 200 193 1000 1018 2 1000 1000 1000 5
0.166667 0.157591 0.011595 200 183 1000 1002 2 1000 1000 1000 5
0.166667 0.176677 0.011935 200 211 1000 1020 2 1000 1000 1000 5
0.166667 0.169262 0.011758 200 201 1000 1026 2 1000 1000 1000 5
0.166667 0.188891 0.012125 200 213 1000 1001 2 1000 1000 1000 5
0.166667 0.160898 0.011880 200 197 1000 1044 2 1000 1000 1000 5
0.166667 0.162544 0.011900 200 188 1000 969 2 1000 1000 1000 5
0.166667 0.177236 0.011799 200 211 1000 1056 2 1000 1000 1000 5
0.166667 0.196502 0.012519 200 215 1000 977 2 1000 1000 1000 5
0.166667 0.161142 0.011941 200 177 1000 1005 2 1000 1000 1000 5
0.166667 0.186594 0.012287 200 218 1000 995 2 1000 1000 1000 5
0.166667 0.166541 0.012077 200 194 1000 996 2 1000 1000 1000 5
0.166667 0.174246 0.012399 200 191 1000 971 2 1000 1000 1000 5
0.166667 0.168551 0.012061 200 200 1000 1004 2 1000 1000 1000 5
0.166667 0.150854 0.011897 200 171 1000 1009 2 1000 1000 1000 5
0.166667 0.161865 0.011822 200 206 1000 1040 2 1000 1000 1000 5
0.166667 0.178735 0.012279 200 202 1000 1001 2 1000 1000 1000 5
0.166667 0.188433 0.013003 200 210 1000 914 2 1000 1000 1000 5
0.166667 0.183233 0.012419 200 222 1000 1002 2 1000 1000 1000 5
0.166667 0.183640 0.012609 200 191 1000 974 2 1000 1000 1000 5
0.166667 0.174814 0.012387 200 187 1000 982 2 1000 1000 1000 5
0.166667 0.168584 0.011991 200 173 1000 1002 2 1000 1000 1000 5
0.166667 0.178084 0.012114 200 189 1000 978 2 1000 1000 1000 5
0.166667 0.160053 0.012118 200 171 1000 980 2 1000 1000 1000 5
0.166667 0.148487 0.011533 200 173 1000 1018 2 1000 1000 1000 5
0.166667 0.191308 0.012805 200 215 1000 965 2 1000 1000 1000 5
0.166667 0.177527 0.012108 200 201 1000 1011 2 1000 1000 1000 5
0.166667 0.161530 0.011956 200 178 1000 990 2 1000 1000 1000 5
0.166667 0.194235 0.012850 200 230 1000 956 2 1000 1000 1000 5
0.166667 0.181549 0.012571 200 212 1000 978 2 1000 1000 1000 5
0.166667 0.165078 0.012114 200 197 1000 966 2 1000 1000 1000 5
0.166667 0.183881 0.012478 200 212 1000 1001 2 1000 1000 1000 5
0.166667 0.177762 0.011980 200 196 1000 1009 2 1000 1000 1000 5
0.166667 0.189528 0.012220 200 219 1000 1027 2 1000 1000 1000 5
0.166667 0.161940 0.012021 200 190 1000 1022 2 1000 1000 1000 5
0.166667 0.177438 0.012307 200 215 1000 998 2 1000 1000 1000 5
0.166667 0.160539 0.011705 200 187 1000 1002 2 1000 1000 1000 5
0.166667 0.199831 0.012523 200 225 1000 1003 2 1000 1000 1000 5
0.166667 0.168279 0.011885 200 203 1000 1020 2 1000 1000 1000 5
0.166667 0.183010 0.012191 200 218 1000 1002 2 1000 1000 1000 5
0.166667 0.155183 0.011960 200 187 1000 1011 2 1000 1000 1000 5
0.166667 0.157065 0.011287 200 190 1000 1072 2 1000 1000 1000 5
0.166667 0.174206 0.012314 200 205 1000 974 2 1000 1000 1000 5
0.166667 0.166704 0.011760 200 194 1000 1024 2 1000 1000 1000 5
0.166667 0.166096 0.012062 200 203 1000 1013 2 1000 1000 1000 5
0.166667 0.166310 0.011938 200 199 1000 1030 2 1000 1000 1000 5
0.166667 0.144253 0.011898 200 164 1000 964 2 1000 1000 1000 5
0.166667 0.183941 0.012306 200 203 1000 981 2 1000 1000 1000 5
0.166667 0.185017 0.012510 200 201 1000 959 2 1000 1000 1000 5
0.166667 0.150458 0.011193 200 172 1000 1035 2 1000 1000 1000 5
0.166667 0.172771 0.012709 200 184 1000 934 2 1000 1000 1000 5
0.166667 0.159020 0.011721 200 185 1000 1030 2 1000 1000 1000 5
0.166667 0.165704 0.012254 200 183 1000 968 2 1000 1000 1000 5
0.166667 0.152565 0.011689 200 180 1000 1014 2 1000 1000 1000 5
0.166667 0.153785 0.011465 200 183 1000 1053 2 1000 1000 1000 5
0.166667 0.179082 0.012182 200 220 1000 1009 2 1000 1000 1000 5
0.166667 0.188989 0.012525 200 210 1000 992 2 1000 1000 1000 5
0.166667 0.169030 0.011921 200 206 1000 1025 2 1000 1000 1000 5
0.166667 0.168980 0.012249 200 198 1000 987 2 1000 1000 1000 5
0.166667 0.188190 0.012182 200 210 1000 1004 2 1000 1000 1000 5
0.166667 0.192304 0.012521 200 230 1000 991 2 1000 1000 1000 5
0.166667 0.175634 0.012237 200 192 1000 976 2 1000 1000 1000 5
0.166667 0.192581 0.012778 200 221 1000 964 2 1000 1000 1000 5
0.166667 0.186565 0.012261 200 216 1000 1033 2 1000 1000 1000 5
0.166667 0.169513 0.012227 200 197 1000 996 2 1000 1000 1000 5
0.166667 0.183587 0.012356 200 212 1000 999 2 1000 1000 1000 5
0.166667 0.186291 0.012218 200 223 1000 1009 2 1000 1000 1000 5
0.166667 0.176220 0.012391 200 213 1000 983 2 1000 1000 1000 5
0.166667 0.182252 0.012125 200 207 1000 1027 2 1000 1000 1000 5
0.166667 0.167662 0.012101 200 185 1000 971 2 1000 1000 1000 5
0.166667 0.174836 0.012211 200 215 1000 1017 2 1000 1000 1000 5
0.166667 0.166760 0.012056 200 196 1000 1004 2 1000 1000 1000 5
0.166667 0.186559 0.012504 200 200 1000 986 2 1000 1000 1000 5
0.166667 0.176291 0.012427 200 194 1000 945 2 1000 1000 1000 5
0.166667 0.159279 0.011880 200 190 1000 1021 2 1000 1000 1000 5
0.166667 0.175341 0.012115 200 204 1000 999 2 1000 1000 1000 5
0.166667 0.194804 0.012580 200 209 1000 992 2 1000 1000 1000 5
0.166667 0.178937 0.012258 200 194 1000 1001 2 1000 1000 1000 5
0.166667 0.166645 0.011976 200 188 1000 996 2 1000 1000 1000 5
0.166667 0.204618 0.012816 200 227 1000 970 2 1000 1000 1000 5
0.166667 0.183082 0.012222 200 208 1000 1006 2 1000 1000 1000 5
0.166667 0.189375 0.012177 200 217 1000 1011 2 1000 1000 1000 5
0.166667 0.162760 0.012244 200 194 1000 972 2 1000 1000 1000 5
0.166667 0.167135 0.011884 200 201 1000 1046 2 1000 1000 1000 5
0.166667 0.178152 0.012000 200 186 1000 1000 2 1000 1000 1000 5
0.166667 0.201658 0.012861 200 226 1000 969 2 1000 1000 1000 5
0.166667 0.163785 0.011463 200 190 1000 1062 2 1000 1000 1000 5
0.166667 0.168204 0.012015 200 196 1000 1009 2 1000 1000 1000 5
0.166667 0.178135 0.011922 200 202 1000 1028 2 1000 1000 1000 5
0.166667 0.164846 0.011855 200 199 1000 1011 2 1000 1000 1000 5
0.166667 0.177429 0.012512 200 204 1000 954 2 1000 1000 1000 5
0.166667 0.144945 0.011404 200 175 1000 1026 2 1000 1000 1000 5
0.166667 0.184655 0.012555 200 194 1000 955 2 1000 1000 1000 5
0.166667 0.159231 0.012132 200 184 1000 956 2 1000 1000 1000 5
0.166667 0.164135 0.011658 200 194 1000 1043 2 1000 1000 1000 5
0.166667 0.183973 0.012228 200 204 1000 998 2 1000 1000 1000 5
0.166667 0.176608 0.012097 200 187 1000 998 2 1000 1000 1000 5
0.166667 0.170168 0.012667 200 193 1000 926 2 1000 1000 1000 5
0.166667 0.172159 0.012187 200 190 1000 987 2 1000 1000 1000 5
0.166667 0.175116 0.012152 200 207 1000 1005 2 1000 1000 1000 5
0.166667 0.183437 0.012291 200 218 1000 1016 2 1000 1000 1000 5
0.166667 0.168974 0.011748 200 204 1000 1016 2 1000 1000 1000 5
0.166667 0.191675 0.012846 200 209 1000 972 2 1000 1000 1000 5
0.166667 0.174683 0.011804 200 211 1000 1065 2 1000 1000 1000 5
0.166667 0.177624 0.012078 200 190 1000 1013 2 1000 1000 1000 5
0.166667 0.177123 0.012499 200 198 1000 954 2 1000 1000 1000 5
0.166667 0.181334 0.012117 200 214 1000 999 2 1000 1000 1000 5
0.166667 0.179533 0.012054 200 198 1000 1019 2 1000 1000 1000 5
0.166667 0.183198 0.012113 200 233 1000 1037 2 1000 1000 1000 5
0.166667 0.175515 0.012121 200 199 1000 981 2 1000 1000 1000 5
0.166667 0.171873 0.012177 200 196 1000 975 2 1000 1000 1000 5
0.166667 0.160974 0.011673 200 193 1000 1046 2 1000 1000 1000 5
0.166667 0.163538 0.011842 200 196 1000 1039 2 1000 1000 1000 5
0.166667 0.164683 0.012261 200 193 1000 961 2 1000 1000 1000 5
0.166667 0.149380 0.011651 200 183 1000 1005 2 1000 1000 1000 5
0.166667 0.169186 0.011951 200 188 1000 994 2 1000 1000 1000 5
0.166667 0.164739 0.011704 200 201 1000 1035 2 1000 1000 1000 5
0.166667 0.166270 0.011994 200 187 1000 1024 2 1000 1000 1000 5
0.166667 0.188370 0.012053 200 227 1000 1044 2 1000 1000 1000 5
0.166667 0.187930 0.012583 200 220 1000 965 2 1000 1000 1000 5
0.166667 0.192401 0.012405 200 219 1000 1003 2 1000 1000 1000 5
0.166667 0.181220 0.012459 200 216 1000 986 2 1000 1000 1000 5
0.166667 0.189256 0.012534 200 202 1000 956 2 1000 1000 1000 5
0.166667 0.170994 0.012039 200 201 1000 1009 2 1000 1000 1000 5
0.166667 0.183155 0.012696 200 191 1000 952 2 1000 1000 1000 5
0.166667 0.163274 0.011625 200 188 1000 1057 2 1000 1000 1000 5
0.166667 0.165513 0.012002 200 185 1000 1001 2 1000 1000 1000 5
0.166667 0.179874 0.012140 200 208 1000 1017 2 1000 1000 1000 5
0.166667 0.157952 0.012195 200 184 1000 959 2 1000 1000 1000 5
0.166667 0.157352 0.011738 200 178 1000 1044 2 1000 1000 1000 5
0.166667 0.179278 0.012110 200 201 1000 1013 2 1000 1000 1000 5
0.166667 0.184080 0.012166 200 212 1000 1022 2 1000 1000 1000 5
0.166667 0.176784 0.012122 200 199 1000 991 2 1000 1000 1000 5
0.166667 0.130799 0.011118 200 163 1000 1054 2 1000 1000 1000 5
0.166667 0.181765 0.012465 200 216 1000 980 2 1000 1000 1000 5
0.166667 0.178578 0.012356 200 210 1000 986 2 1000 1000 1000 5
0.166667 0.177573 0.012404 200 196 1000 978 2 1000 1000 1000 5
0.166667 0.186805 0.012363 200 214 1000 986 2 1000 1000 1000 5
0.166667 0.174146 0.012093 200 204 1000 1011 2 1000 1000 1000 5
0.166667 0.186800 0.012521 200 233 1000 991 2 1000 1000 1000 5
0.166667 0.192863 0.012775 200 217 1000 970 2 1000 1000 1000 5
0.166667 0.176762 0.012158 200 197 1000 976 2 1000 1000 1000 5
0.166667 0.182425 0.012310 200 215 1000 1015 2 1000 1000 1000 5
0.166667 0.186047 0.012591 200 206 1000 994 2 1000 1000 1000 5
0.166667 0.178992 0.012366 200 217 1000 1002 2 1000 1000 1000 5
0.166667 0.182761 0.011997 200 207 1000 1011 2 1000 1000 1000 5
0.166667 0.163868 0.012052 200 179 1000 997 2 1000 1000 1000 5
0.166667 0.177511 0.012566 200 198 1000 939 2 1000 1000 1000 5
0.166667 0.183711 0.012263 200 214 1000 992 2 1000 1000 1000 5
0.166667 0.203097 0.012994 200 213 1000 940 2 1000 1000 1000 5
0.166667 0.148584 0.011659 200 186 1000 1020 2 1000 1000 1000 5
0.166667 0.160193 0.011740 200 187 1000 994 2 1000 1000 1000 5
0.166667 0.183935 0.012455 200 207 1000 974 2 1000 1000 1000 5
0.166667 0.171817 0.012119 200 194 1000 984 2 1000 1000 1000 5
0.166667 0.167444 0.012363 200 202 1000 975 2 1000 1000 1000 5
0.166667 0.182104 0.012331 200 199 1000 967 2 1000 1000 1000 5
0.166667 0.150145 0.011265 200 202 1000 1079 2 1000 1000 1000 5
0.166667 0.175014 0.012066 200 205 1000 1009 2 1000 1000 1000 5
0.166667 0.186072 0.012252 200 210 1000 999 2 1000 1000 1000 5
0.166667 0.169572 0.011973 200 216 1000 1001 2 1000 1000 1000 5
0.166667 0.166082 0.011899 200 195 1000 1049 2 1000 1000 1000 5
0.166667 0.176536 0.012249 200 196 1000 946 2 1000 1000 1000 5
0.166667 0.158395 0.011760 200 180 1000 1015 2 1000 1000 1000 5
0.166667 0.164670 0.012096 200 195 1000 986 2 1000 1000 1000 5
0.166667 0.164632 0.012149 200 203 1000 971 2 1000 1000 1000 5
0.166667 0.167188 0.012414 200 191 1000 952 2 1000 1000 1000 5
0.166667 0.173777 0.011961 200 213 1000 1034 2 1000 1000 1000 5
0.166667 0.170411 0.012056 200 208 1000 1017 2 1000 1000 1000 5
0.166667 0.188717 0.012595 200 208 1000 973 2 1000 1000 1000 5
0.166667 0.190080 0.012473 200 215 1000 982 2 1000 1000 1000 5
0.166667 0.165883 0.011926 200 191 1000 989 2 1000 1000 1000 5
0.166667 0.175259 0.012366 200 212 1000 988 2 1000 1000 1000 5
0.166667 0.171275 0.012126 200 200 1000 1030 2 1000 1000 1000 5
0.166667 0.176748 0.012313 200 211 1000 1001 2 1000 1000 1000 5
0.166667 0.165611 0.012217 200 198 1000 970 2 1000 1000 1000 5
0.166667 0.166729 0.011798 200 186 1000 1038 2 1000 1000 1000 5
0.166667 0.177244 0.012088 200 200 1000 1003 2 1000 1000 1000 5
0.166667 0.173664 0.012312 200 190 1000 992 2 1000 1000 1000 5
0.166667 0.166451 0.011577 200 206 1000 1060 2 1000 1000 1000 5
0.166667 0.184612 0.012852 200 207 1000 952 2 1000 1000 1000 5
0.166667 0.158758 0.012065 200 185 1000 996 2 1000 1000 1000 5
0.166667 0.159867 0.011670 200 193 1000 1030 2 1000 1000 1000 5
0.166667 0.153092 0.011966 200 184 1000 992 2 1000 1000 1000 5
0.166667 0.173202 0.012071 200 201 1000 1003 2 1000 1000 1000 5
0.166667 0.169642 0.012071 200 208 1000 1016 2 1000 1000 1000 5
0.166667 0.178667 0.012152 200 204 1000 1022 2 1000 1000 1000 5
0.166667 0.178193 0.011905 200 212 1000 1018 2 1000 1000 1000 5
0.166667 0.162090 0.011828 200 186 1000 1022 2 1000 1000 1000 5
0.166667 0.172891 0.011803 200 199 1000 1023 2 1000 1000 1000 5
0.166667 0.157884 0.012026 200 185 1000 1005 2 1000 1000 1000 5
0.166667 0.191217 0.012402 200 223 1000 996 2 1000 1000 1000 5
0.166667 0.172148 0.012214 200 193 1000 990 2 1000 1000 1000 5
0.166667 0.163197 0.011718 200 186 1000 1002 2 1000 1000 1000 5
0.166667 0.170111 0.011987 200 200 1000 1039 2 1000 1000 1000 5
0.166667 0.173568 0.012115 200 191 1000 1009 2 1000 1000 1000 5
0.166667 0.176474 0.012284 200 208 1000 1017 2 1000 1000 1000 5
0.166667 0.180343 0.012602 200 207 1000 948 2 1000 1000 1000 5
0.166667 0.190174 0.012337 200 222 1000 1000 2 1000 1000 1000 5
0.166667 0.168740 0.011864 200 200 1000 1030 2 1000 1000 1000 5
0.166667 0.170164 0.011940 200 197 1000 1005 2 1000 1000 1000 5
0.166667 0.169593 0.011646 200 194 1000 1053 2 1000 1000 1000 5
0.166667 0.183098 0.012395 200 210 1000 970 2 1000 1000 1000 5
0.166667 0.179466 0.012467 200 205 1000 957 2 1000 1000 1000 5
0.166667 0.196018 0.012847 200 218 1000 965 2 1000 1000 1000 5
0.166667 0.196333 0.012445 200 229 1000 1003 2 1000 1000 1000 5
0.166667 0.185661 0.012151 200 231 1000 1043 2 1000 1000 1000 5
0.166667 0.167497 0.011693 200 198 1000 1036 2 1000 1000 1000 5
0.166667 0.199304 0.012631 200 219 1000 978 2 1000 1000 1000 5
0.166667 0.170091 0.012018 200 205 1000 997 2 1000 1000 1000 5
0.166667 0.166751 0.012476 200 176 1000 943 2 1000 1000 1000 5
0.166667 0.180966 0.012362 200 199 1000 981 2 1000 1000 1000 5
0.166667 0.171709 0.011774 200 202 1000 1042 2 1000 1000 1000 5
0.166667 0.166918 0.011898 200 188 1000 1024 2 1000 1000 1000 5
0.166667 0.154114 0.012161 200 172 1000 983 2 1000 1000 1000 5
0.166667 0.171817 0.012112 200 190 1000 975 2 1000 1000 1000 5
0.166667 0.195539 0.012623 200 211 1000 990 2 1000 1000 1000 5
0.166667 0.191130 0.012434 200 230 1000 1012 2 1000 1000 1000 5
0.166667 0.155820 0.011992 200 181 1000 986 2 1000 1000 1000 5
0.166667 0.177347 0.012030 200 217 1000 1003 2 1000 1000 1000 5
0.166667 0.179264 0.011981 200 209 1000 1050 2 1000 1000 1000 5
0.166667 0.180787 0.012376 200 195 1000 988 2 1000 1000 1000 5
0.166667 0.143730 0.011281 200 175 1000 1041 2 1000 1000 1000 5
0.166667 0.174674 0.012050 200 195 1000 1005 2 1000 1000 1000 5
0.166667 0.161113 0.011907 200 186 1000 982 2 1000 1000 1000 5
0.166667 0.173088 0.011889 200 196 1000 1009 2 1000 1000 1000 5
0.166667 0.180844 0.012021 200 200 1000 1030 2 1000 1000 1000 5
0.166667 0.160985 0.012120 200 193 1000 999 2 1000 1000 1000 5
0.166667 0.197510 0.012920 200 217 1000 954 2 1000 1000 1000 5
0.166667 0.183985 0.012672 200 208 1000 950 2 1000 1000 1000 5
0.166667 0.178306 0.012518 200 210 1000 972 2 1000 1000 1000 5
0.166667 0.188990 0.012462 200 217 1000 998 2 1000 1000 1000 5
0.166667 0.152937 0.011250 200 180 1000 1055 2 1000 1000 1000 5
0.166667 0.173587 0.012331 200 203 1000 986 2 1000 1000 1000 5
0.166667 0.171326 0.012379 200 193 1000 960 2 1000 1000 1000 5
0.166667 0.179851 0.012067 200 204 1000 989 2 1000 1000 1000 5
0.166667 0.179938 0.012697 200 177 1000 940 2 1000 1000 1000 5
0.166667 0.180095 0.012413 200 202 1000 953 2 1000 1000 1000 5
0.166667 0.189665 0.012372 200 208 1000 993 2 1000 1000 1000 5
0.166667 0.196575 0.012446 200 210 1000 987 2 1000 1000 1000 5
0.166667 0.193604 0.012557 200 223 1000 982 2 1000 1000 1000 5
0.166667 0.193038 0.012777 200 213 1000 961 2 1000 1000 1000 5
0.166667 0.152350 0.011894 200 171 1000 1001 2 1000 1000 1000 5
0.166667 0.188216 0.012415 200 211 1000 972 2 1000 1000 1000 5
0.166667 0.169207 0.012231 200 196 1000 984 2 1000 1000 1000 5
0.166667 0.170544 0.012191 200 195 1000 974 2 1000 1000 1000 5
0.166667 0.183080 0.012227 200 215 1000 994 2 1000 1000 1000 5
0.166667 0.190805 0.012462 200 213 1000 980 2 1000 1000 1000 5
0.166667 0.164638 0.011726 200 199 1000 1030 2 1000 1000 1000 5
0.166667 0.175667 0.012408 200 208 1000 975 2 1000 1000 1000 5
0.166667 0.172177 0.012109 200 200 1000 996 2 1000 1000 1000 5
0.166667 0.174576 0.011986 200 204 1000 1031 2 1000 1000 1000 5
0.166667 0.171211 0.012072 200 205 1000 995 2 1000 1000 1000 5
0.166667 0.186841 0.012228 200 212 1000 1002 2 1000 1000 1000 5
0.166667 0.167470 0.011946 200 192 1000 1007 2 1000 1000 1000 5
0.166667 0.171938 0.011920 200 202 1000 1027 2 1000 1000 1000 5
0.166667 0.178562 0.012121 200 205 1000 975 2 1000 1000 1000 5
0.166667 0.154820 0.011434 200 188 1000 1047 2 1000 1000 1000 5
0.166667 0.191112 0.012625 200 218 1000 958 2 1000 1000 1000 5
0.166667 0.144641 0.011682 200 174 1000 1022 2 1000 1000 1000 5
0.166667 0.188476 0.012903 200 208 1000 935 2 1000 1000 1000 5
0.166667 0.185730 0.012109 200 206 1000 1013 2 1000 1000 1000 5
0.166667 0.165170 0.011508 200 194 1000 1071 2 1000 1000 1000 5
0.166667 0.174260 0.011708 200 202 1000 1056 2 1000 1000 1000 5
0.166667 0.153322 0.011776 200 170 1000 983 2 1000 1000 1000 5
0.166667 0.171029 0.012305 200 187 1000 976 2 1000 1000 1000 5
0.166667 0.165219 0.011941 200 202 1000 1002 2 1000 1000 1000 5
0.166667 0.203436 0.012735 200 228 1000 985 2 1000 1000 1000 5
0.166667 0.174033 0.011961 200 218 1000 1038 2 1000 1000 1000 5
0.166667 0.183605 0.012623 200 205 1000 963 2 1000 1000 1000 5
0.166667 0.172519 0.012249 200 200 1000 1010 2 1000 1000 1000 5
0.166667 0.154330 0.011438 200 193 1000 1087 2 1000 1000 1000 5
0.166667 0.197715 0.012297 200 228 1000 1045 2 1000 1000 1000 5
0.166667 0.186373 0.012331 200 228 1000 1015 2 1000 1000 1000 5
0.166667 0.169875 0.012133 200 214 1000 1027 2 1000 1000 1000 5
0.166667 0.172413 0.012102 200 212 1000 1022 2 1000 1000 1000 5
0.166667 0.188373 0.012251 200 216 1000 1015 2 1000 1000 1000 5
0.166667 0.164311 0.011821 200 188 1000 1011 2 1000 1000 1000 5
0.166667 0.186161 0.012548 200 225 1000 967 2 1000 1000 1000 5
0.166667 0.174659 0.012312 200 198 1000 996 2 1000 1000 1000 5
0.166667 0.172045 0.012150 200 210 1000 1006 2 1000 1000 1000 5
0.166667 0.166808 0.011857 200 193 1000 1026 2 1000 1000 1000 5
0.166667 0.186183 0.012295 200 210 1000 1007 2 1000 1000 1000 5
0.166667 0.180998 0.012584 200 196 1000 955 2 1000 1000 1000 5
0.166667 0.169807 0.011963 200 197 1000 999 2 1000 1000 1000 5
0.166667 0.193733 0.013123 200 205 1000 886 2 1000 1000 1000 5
0.166667 0.170016 0.011895 200 206 1000 1022 2 1000 1000 1000 5
0.166667 0.193133 0.012380 200 229 1000 1003 2 1000 1000 1000 5
0.166667 0.156370 0.011966 200 193 1000 991 2 1000 1000 1000 5
0.166667 0.189614 0.012709 200 225 1000 972 2 1000 1000 1000 5
0.166667 0.159232 0.011972 200 186 1000 989 2 1000 1000 1000 5
0.166667 0.160815 0.011896 200 203 1000 1023 2 1000 1000 1000 5
0.166667 0.177983 0.012342 200 198 1000 965 2 1000 1000 1000 5
0.166667 0.160654 0.012100 200 181 1000 990 2 1000 1000 1000 5
0.166667 0.182084 0.012260 200 202 1000 1011 2 1000 1000 1000 5
0.166667 0.178111 0.012056 200 213 1000 1019 2 1000 1000 1000 5
0.166667 0.157041 0.011697 200 190 1000 1006 2 1000 1000 1000 5
0.166667 0.193780 0.012565 200 207 1000 971 2 1000 1000 1000 5
0.166667 0.164647 0.012305 200 188 1000 963 2 1000 1000 1000 5
0.166667 0.163741 0.012123 200 187 1000 994 2 1000 1000 1000 5
0.166667 0.157110 0.011459 200 189 1000 1076 2 1000 1000 1000 5
0.166667 0.157939 0.011374 200 197 1000 1058 2 1000 1000 1000 5
0.166667 0.173272 0.012181 200 197 1000 1021 2 1000 1000 1000 5
0.166667 0.161200 0.012160 200 179 1000 952 2 1000 1000 1000 5
0.166667 0.170059 0.011817 200 207 1000 1022 2 1000 1000 1000 5
0.166667 0.165878 0.011919 200 184 1000 994 2 1000 1000 1000 5
0.166667 0.187911 0.012326 200 212 1000 999 2 1000 1000 1000 5
0.166667 0.168002 0.012379 200 198 1000 984 2 1000 1000 1000 5
0.166667 0.161552 0.011627 200 173 1000 1030 2 1000 1000 1000 5
0.166667 0.163640 0.011894 200 194 1000 1010 2 1000 1000 1000 5
0.166667 0.151068 0.012194 200 164 1000 945 2 1000 1000 1000 5
0.166667 0.161633 0.011699 200 181 1000 1037 2 1000 1000 1000 5
0.166667 0.175810 0.012194 200 203 1000 991 2 1000 1000 1000 5
0.166667 0.183428 0.012228 200 219 1000 1026 2 1000 1000 1000 5
0.166667 0.166816 0.011640 200 208 1000 1058 2 1000 1000 1000 5
0.166667 0.184329 0.012041 200 206 1000 1021 2 1000 1000 1000 5
0.166667 0.201899 0.012730 200 234 1000 971 2 1000 1000 1000 5
0.166667 0.171467 0.012049 200 208 1000 988 2 1000 1000 1000 5
0.166667 0.170357 0.011868 200 207 1000 1012 2 1000 1000 1000 5
0.166667 0.174490 0.012243 200 199 1000 944 2 1000 1000 1000 5
0.166667 0.184751 0.012471 200 198 1000 953 2 1000 1000 1000 5
0.166667 0.176948 0.012119 200 203 1000 1003 2 1000 1000 1000 5
0.166667 0.133334 0.011162 200 163 1000 1049 2 1000 1000 1000 5
0.166667 0.207625 0.012834 200 223 1000 960 2 1000 1000 1000 5
0.166667 0.179267 0.012470 200 210 1000 965 2 1000 1000 1000 5
0.166667 0.175761 0.012503 200 217 1000 973 2 1000 1000 1000 5
0.166667 0.159905 0.011905 200 176 1000 1008 2 1000 1000 1000 5
0.166667 0.176014 0.012164 200 197 1000 973 2 1000 1000 1000 5
0.166667 0.177281 0.012021 200 204 1000 1022 2 1000 1000 1000 5
0.166667 0.144955 0.011554 200 172 1000 1022 2 1000 1000 1000 5
0.166667 0.159212 0.011842 200 191 1000 1025 2 1000 1000 1000 5
0.166667 0.174521 0.012179 200 195 1000 999 2 1000 1000 1000 5
0.166667 0.179724 0.012204 200 218 1000 983 2 1000 1000 1000 5
0.166667 0.175882 0.012317 200 202 1000 961 2 1000 1000 1000 5
0.166667 0.176315 0.012315 200 199 1000 979 2 1000 1000 1000 5
0.166667 0.145043 0.011858 200 172 1000 976 2 1000 1000 1000 5
0.166667 0.168908 0.011790 200 190 1000 1028 2 1000 1000 1000 5
0.166667 0.146124 0.011160 200 182 1000 1064 2 1000 1000 1000 5
0.166667 0.155307 0.011902 200 175 1000 979 2 1000 1000 1000 5
0.166667 0.164266 0.012049 200 195 1000 979 2 1000 1000 1000 5
0.166667 0.161141 0.011700 200 189 1000 1014 2 1000 1000 1000 5
0.166667 0.169035 0.011966 200 210 1000 1020 2 1000 1000 1000 5
0.166667 0.167424 0.011869 200 197 1000 1018 2 1000 1000 1000 5
0.166667 0.184023 0.012556 200 204 1000 957 2 1000 1000 1000 5
0.166667 0.148542 0.011643 200 177 1000 1034 2 1000 1000 1000 5
0.166667 0.186759 0.012561 200 206 1000 964 2 1000 1000 1000 5
0.166667 0.181900 0.011859 200 224 1000 1061 2 1000 1000 1000 5
0.166667 0.173276 0.012158 200 207 1000 1024 2 1000 1000 1000 5
0.166667 0.181648 0.012178 200 226 1000 1012 2 1000 1000 1000 5
0.166667 0.190731 0.012459 200 221 1000 1005 2 1000 1000 1000 5
0.166667 0.174641 0.012245 200 199 1000 976 2 1000 1000 1000 5
0.166667 0.175880 0.012653 200 205 1000 973 2 1000 1000 1000 5
0.166667 0.183614 0.012522 200 220 1000 1006 2 1000 1000 1000 5
0.166667 0.166866 0.011447 200 205 1000 1087 2 1000 1000 1000 5
0.166667 0.171125 0.011905 200 205 1000 1036 2 1000 1000 1000 5
0.166667 0.174513 0.012367 200 196 1000 999 2 1000 1000 1000 5
0.166667 0.175118 0.012018 200 208 1000 1037 2 1000 1000 1000 5
0.166667 0.167389 0.011650 200 193 1000 1054 2 1000 1000 1000 5
0.166667 0.175722 0.012268 200 190 1000 969 2 1000 1000 1000 5
0.166667 0.180794 0.012394 200 207 1000 985 2 1000 1000 1000 5
0.166667 0.174830 0.012470 200 196 1000 973 2 1000 1000 1000 5
0.166667 0.173126 0.012206 200 187 1000 1004 2 1000 1000 1000 5
0.166667 0.164718 0.011820 200 189 1000 1025 2 1000 1000 1000 5
0.166667 0.148970 0.012078 200 175 1000 973 2 1000 1000 1000 5
0.166667 0.196549 0.012505 200 219 1000 994 2 1000 1000 1000 5
0.166667 0.173116 0.012323 200 201 1000 971 2 1000 1000 1000 5
0.166667 0.168541 0.011976 200 204 1000 1026 2 1000 1000 1000 5
0.166667 0.184147 0.012429 200 208 1000 977 2 1000 1000 1000 5
0.166667 0.194568 0.012587 200 223 1000 978 2 1000 1000 1000 5
0.166667 0.187918 0.012297 200 225 1000 1031 2 1000 1000 1000 5
0.166667 0.169988 0.012200 200 205 1000 1035 2 1000 1000 1000 5
0.166667 0.185506 0.012612 200 216 1000 979 2 1000 1000 1000 5
0.166667 0.154797 0.011644 200 183 1000 1015 2 1000 1000 1000 5
0.166667 0.188915 0.012525 200 226 1000 995 2 1000 1000 1000 5
0.166667 0.183749 0.012444 200 198 1000 955 2 1000 1000 1000 5
0.166667 0.162448 0.011930 200 194 1000 1004 2 1000 1000 1000 5
0.166667 0.172746 0.012256 200 196 1000 979 2 1000 1000 1000 5
0.166667 0.162369 0.011870 200 189 1000 986 2 1000 1000 1000 5
0.166667 0.175626 0.011910 200 204 1000 1015 2 1000 1000 1000 5
0.166667 0.166174 0.011926 200 185 1000 1005 2 1000 1000 1000 5
0.166667 0.184258 0.012739 200 195 1000 944 2 1000 1000 1000 5
0.166667 0.163624 0.012082 200 184 1000 993 2 1000 1000 1000 5
0.166667 0.177066 0.012009 200 198 1000 1002 2 1000 1000 1000 5
0.166667 0.162964 0.011678 200 197 1000 1055 2 1000 1000 1000 5
0.166667 0.166967 0.011629 200 204 1000 1071 2 1000 1000 1000 5
0.166667 0.201053 0.012253 200 230 1000 1017 2 1000 1000 1000 5
0.166667 0.163152 0.011581 200 199 1000 1058 2 1000 1000 1000 5
0.166667 0.182565 0.012372 200 200 1000 1016 2 1000 1000 1000 5
0.166667 0.177080 0.012516 200 204 1000 974 2 1000 1000 1000 5
0.166667 0.184808 0.012206 200 205 1000 1004 2 1000 1000 1000 5
0.166667 0.153981 0.011681 200 181 1000 1021 2 1000 1000 1000 5
0.166667 0.153763 0.011667 200 180 1000 1034 2 1000 1000 1000 5
0.166667 0.170298 0.011885 200 204 1000 1024 2 1000 1000 1000 5
0.166667 0.175786 0.011738 200 207 1000 1049 2 1000 1000 1000 5
0.166667 0.169149 0.012010 200 196 1000 988 2 1000 1000 1000 5
0.166667 0.206981 0.013129 200 208 1000 921 2 1000 1000 1000 5
0.166667 0.154743 0.011685 200 202 1000 1032 2 1000 1000 1000 5
0.166667 0.195840 0.012786 200 214 1000 943 2 1000 1000 1000 5
0.166667 0.186644 0.012546 200 204 1000 951 2 1000 1000 1000 5
0.166667 0.174175 0.012460 200 190 1000 958 2 1000 1000 1000 5
0.166667 0.164183 0.012078 200 191 1000 988 2 1000 1000 1000 5
0.166667 0.181911 0.012579 200 201 1000 958 2 1000 1000 1000 5
0.166667 0.149680 0.011756 200 180 1000 997 2 1000 1000 1000 5
0.166667 0.174169 0.011855 200 197 1000 1029 2 1000 1000 1000 5
0.166667 0.178259 0.012623 200 195 1000 958 2 1000 1000 1000 5
0.166667 0.181620 0.012255 200 214 1000 1005 2 1000 1000 1000 5
0.166667 0.162645 0.011629 200 191 1000 1002 2 1000 1000 1000 5
0.166667 0.149871 0.011506 200 171 1000 1016 2 1000 1000 1000 5
0.166667 0.170931 0.011992 200 198 1000 1018 2 1000 1000 1000 5
0.166667 0.167980 0.012257 200 198 1000 999 2 1000 1000 1000 5
0.166667 0.155978 0.011829 200 189 1000 1011 2 1000 1000 1000 5
0.166667 0.168411 0.011935 200 204 1000 1025 2 1000 1000 1000 5
0.166667 0.179316 0.012257 200 210 1000 989 2 1000 1000 1000 5
0.166667 0.162044 0.011969 200 191 1000 984 2 1000 1000 1000 5
0.166667 0.153880 0.011586 200 187 1000 1032 2 1000 1000 1000 5
0.166667 0.164285 0.012196 200 197 1000 985 2 1000 1000 1000 5
0.166667 0.180760 0.012158 200 202 1000 1011 2 1000 1000 1000 5
0.166667 0.157651 0.012110 200 183 1000 958 2 1000 1000 1000 5
0.166667 0.179963 0.012691 200 196 1000 955 2 1000 1000 1000 5
0.166667 0.173616 0.011870 200 195 1000 1025 2 1000 1000 1000 5
0.166667 0.197283 0.012639 200 205 1000 968 2 1000 1000 1000 5
0.166667 0.166664 0.011729 200 189 1000 1008 2 1000 1000 1000 5
0.166667 0.159426 0.011854 200 189 1000 1014 2 1000 1000 1000 5
0.166667 0.161586 0.011853 200 196 1000 1060 2 1000 1000 1000 5
0.166667 0.156942 0.011308 200 189 1000 1078 2 1000 1000 1000 5
0.166667 0.176610 0.011947 200 209 1000 1037 2 1000 1000 1000 5
0.166667 0.166873 0.011958 200 192 1000 999 2 1000 1000 1000 5
0.166667 0.187913 0.012280 200 221 1000 1011 2 1000 1000 1000 5
0.166667 0.184511 0.012294 200 208 1000 990 2 1000 1000 1000 5
0.166667 0.157029 0.011789 200 184 1000 980 2 1000 1000 1000 5
0.166667 0.179808 0.012603 200 195 1000 935 2 1000 1000 1000 5
0.166667 0.170827 0.011919 200 185 1000 978 2 1000 1000 1000 5
0.166667 0.185427 0.012508 200 197 1000 939 2 1000 1000 1000 5
0.166667 0.166167 0.012128 200 190 1000 966 2 1000 1000 1000 5
0.166667 0.162713 0.012081 200 181 1000 991 2 1000 1000 1000 5
0.166667 0.171809 0.012464 200 195 1000 972 2 1000 1000 1000 5
0.166667 0.174310 0.012535 200 191 1000 936 2 1000 1000 1000 5
0.166667 0.183969 0.012458 200 220 1000 1005 2 1000 1000 1000 5
0.166667 0.189855 0.012656 200 203 1000 946 2 1000 1000 1000 5
0.166667 0.176862 0.012842 200 205 1000 925 2 1000 1000 1000 5
0.166667 0.164765 0.012171 200 191 1000 993 2 1000 1000 1000 5
0.166667 0.139850 0.011508 200 180 1000 1015 2 1000 1000 1000 5
0.166667 0.183675 0.012291 200 210 1000 1005 2 1000 1000 1000 5
0.166667 0.165339 0.011647 200 187 1000 1039 2 1000 1000 1000 5
0.166667 0.172472 0.012241 200 200 1000 986 2 1000 1000 1000 5
0.166667 0.168466 0.011791 200 191 1000 1035 2 1000 1000 1000 5
0.166667 0.191966 0.012286 200 207 1000 1020 2 1000 1000 1000 5
0.166667 0.176044 0.011782 200 211 1000 1075 2 1000 1000 1000 5
0.166667 0.174634 0.012014 200 201 1000 1031 2 1000 1000 1000 5
0.166667 0.203001 0.012685 200 226 1000 985 2 1000 1000 1000 5
0.166667 0.181597 0.012354 200 207 1000 995 2 1000 1000 1000 5
0.166667 0.166847 0.012129 200 206 1000 1034 2 1000 1000 1000 5
0.166667 0.187542 0.012289 200 225 1000 1032 2 1000 1000 1000 5
0.166667 0.177564 0.012652 200 189 1000 912 2 1000 1000 1000 5
0.166667 0.165066 0.011878 200 192 1000 1032 2 1000 1000 1000 5
0.166667 0.179855 0.012355 200 200 1000 1001 2 1000 1000 1000 5
0.166667 0.158627 0.011898 200 191 1000 1009 2 1000 1000 1000 5
0.166667 0.174680 0.012096 200 208 1000 1025 2 1000 1000 1000 5
0.166667 0.196052 0.012696 200 214 1000 959 2 1000 1000 1000 5
0.166667 0.152044 0.011487 200 178 1000 1063 2 1000 1000 1000 5
0.166667 0.174274 0.012361 200 187 1000 964 2 1000 1000 1000 5
0.166667 0.175963 0.012116 200 194 1000 1021 2 1000 1000 1000 5
0.166667 0.149938 0.011300 200 187 1000 1071 2 1000 1000 1000 5
0.166667 0.171959 0.012223 200 196 1000 992 2 1000 1000 1000 5
0.166667 0.152386 0.011731 200 175 1000 998 2 1000 1000 1000 5
0.166667 0.182974 0.012003 200 206 1000 1006 2 1000 1000 1000 5
0.166667 0.167940 0.011851 200 201 1000 1027 2 1000 1000 1000 5
0.166667 0.181986 0.012338 200 218 1000 979 2 1000 1000 1000 5
0.166667 0.168872 0.011944 200 192 1000 1002 2 1000 1000 1000 5
0.166667 0.179301 0.012589 200 212 1000 989 2 1000 1000 1000 5
0.166667 0.145032 0.011450 200 179 1000 1012 2 1000 1000 1000 5
0.166667 0.156503 0.011742 200 187 1000 1008 2 1000 1000 1000 5
0.166667 0.184282 0.012474 200 210 1000 976 2 1000 1000 1000 5
0.166667 0.173106 0.012069 200 190 1000 989 2 1000 1000 1000 5
0.166667 0.196420 0.012733 200 207 1000 981 2 1000 1000 1000 5
0.166667 0.181203 0.012671 200 196 1000 942 2 1000 1000 1000 5
0.166667 0.165292 0.012436 200 200 1000 985 2 1000 1000 1000 5
0.166667 0.161931 0.011802 200 179 1000 1013 2 1000 1000 1000 5
0.166667 0.159123 0.011856 200 189 1000 1007 2 1000 1000 1000 5
0.166667 0.174444 0.011828 200 197 1000 1029 2 1000 1000 1000 5
0.166667 0.156751 0.011673 200 181 1000 1033 2 1000 1000 1000 5
0.166667 0.180851 0.012427 200 199 1000 952 2 1000 1000 1000 5
0.166667 0.171751 0.012074 200 198 1000 1016 2 1000 1000 1000 5
0.166667 0.184087 0.012463 200 207 1000 962 2 1000 1000 1000 5
0.166667 0.159545 0.011793 200 184 1000 1018 2 1000 1000 1000 5
0.166667 0.178153 0.012321 200 211 1000 983 2 1000 1000 1000 5
0.166667 0.177234 0.012261 200 202 1000 976 2 1000 1000 1000 5
0.166667 0.174925 0.012386 200 201 1000 971 2 1000 1000 1000 5
0.166667 0.182264 0.012206 200 204 1000 1007 2 1000 1000 1000 5
0.166667 0.190415 0.012879 200 200 1000 929 2 1000 1000 1000 5
0.166667 0.161114 0.012016 200 198 1000 1029 2 1000 1000 1000 5
0.166667 0.177173 0.012329 200 203 1000 976 2 1000 1000 1000 5
0.166667 0.149409 0.011777 200 175 1000 996 2 1000 1000 1000 5
0.166667 0.182688 0.012397 200 206 1000 1007 2 1000 1000 1000 5
0.166667 0.185172 0.012650 200 199 1000 947 2 1000 1000 1000 5
0.166667 0.182966 0.012715 200 196 1000 938 2 1000 1000 1000 5
0.166667 0.171898 0.012018 200 193 1000 1002 2 1000 1000 1000 5
0.166667 0.195026 0.012716 200 215 1000 981 2 1000 1000 1000 5
0.166667 0.173932 0.012166 200 200 1000 991 2 1000 1000 1000 5
0.166667 0.173573 0.012316 200 205 1000 996 2 1000 1000 1000 5
0.166667 0.196678 0.012598 200 232 1000 990 2 1000 1000 1000 5
0.166667 0.171781 0.012166 200 199 1000 981 2 1000 1000 1000 5
0.166667 0.179854 0.012432 200 210 1000 986 2 1000 1000 1000 5
0.166667 0.177338 0.012232 200 205 1000 985 2 1000 1000 1000 5
0.166667 0.163453 0.011827 200 180 1000 1007 2 1000 1000 1000 5
0.166667 0.159703 0.011868 200 200 1000 1000 2 1000 1000 1000 5
0.166667 0.177691 0.012067 200 219 1000 1045 2 1000 1000 1000 5
0.166667 0.167965 0.011928 200 194 1000 1011 2 1000 1000 1000 5
0.166667 0.159687 0.011746 200 184 1000 1018 2 1000 1000 1000 5
0.166667 0.167289 0.012030 200 185 1000 994 2 1000 1000 1000 5
0.166667 0.190001 0.012469 200 206 1000 993 2 1000 1000 1000 5
0.166667 0.175124 0.012085 200 204 1000 1001 2 1000 1000 1000 5
0.166667 0.171935 0.012039 200 212 1000 1027 2 1000 1000 1000 5
0.166667 0.163034 0.011643 200 185 1000 1049 2 1000 1000 1000 5
0.166667 0.189429 0.012481 200 216 1000 1000 2 1000 1000 1000 5
0.166667 0.168311 0.011870 200 190 1000 1004 2 1000 1000 1000 5
0.166667 0.177430 0.012209 200 212 1000 995 2 1000 1000 1000 5
0.166667 0.186795 0.012411 200 214 1000 977 2 1000 1000 1000 5
0.166667 0.195270 0.012756 200 217 1000 974 2 1000 1000 1000 5
0.166667 0.179492 0.012568 200 190 1000 935 2 1000 1000 1000 5
0.166667 0.177314 0.011918 200 211 1000 1040 2 1000 1000 1000 5
0.166667 0.160185 0.012008 200 182 1000 986 2 1000 1000 1000 5
0.166667 0.168321 0.012424 200 189 1000 954 2 1000 1000 1000 5
0.166667 0.169477 0.011741 200 203 1000 1031 2 1000 1000 1000 5
0.166667 0.171197 0.012022 200 191 1000 1030 2 1000 1000 1000 5
0.166667 0.167823 0.011868 200 211 1000 1051 2 1000 1000 1000 5
0.166667 0.177969 0.012002 200 210 1000 1025 2 1000 1000 1000 5
0.166667 0.153599 0.011809 200 178 1000 1027 2 1000 1000 1000 5
0.166667 0.169992 0.011766 200 197 1000 1040 2 1000 1000 1000 5
0.166667 0.155087 0.011816 200 171 1000 978 2 1000 1000 1000 5
0.166667 0.147796 0.011748 200 173 1000 1021 2 1000 1000 1000 5
0.166667 0.194191 0.012437 200 232 1000 980 2 1000 1000 1000 5
0.166667 0.187829 0.012215 200 220 1000 1041 2 1000 1000 1000 5
0.166667 0.171532 0.012390 200 188 1000 974 2 1000 1000 1000 5
0.166667 0.189442 0.012296 200 226 1000 1030 2 1000 1000 1000 5
0.166667 0.172376 0.012088 200 205 1000 1030 2 1000 1000 1000 5
0.166667 0.155596 0.011857 200 185 1000 1004 2 1000 1000 1000 5
0.166667 0.161418 0.012074 200 186 1000 998 2 1000 1000 1000 5
0.166667 0.177138 0.011921 200 203 1000 1005 2 1000 1000 1000 5
0.166667 0.187582 0.012505 200 206 1000 975 2 1000 1000 1000 5
0.166667 0.189180 0.012500 200 207 1000 975 2 1000 1000 1000 5
0.166667 0.162124 0.011982 200 196 1000 1009 2 1000 1000 1000 5
0.166667 0.180207 0.012209 200 193 1000 984 2 1000 1000 1000 5
0.166667 0.200467 0.012645 200 227 1000 985 2 1000 1000 1000 5
0.166667 0.184572 0.012411 200 206 1000 972 2 1000 1000 1000 5
0.166667 0.165857 0.011983 200 199 1000 997 2 1000 1000 1000 5
0.166667 0.177682 0.012218 200 210 1000 999 2 1000 1000 1000 5
0.166667 0.171300 0.012250 200 213 1000 986 2 1000 1000 1000 5
0.166667 0.181292 0.012258 200 205 1000 994 2 1000 1000 1000 5
0.166667 0.156584 0.011533 200 194 1000 1022 2 1000 1000 1000 5
0.166667 0.180269 0.012097 200 193 1000 1016 2 1000 1000 1000 5
0.166667 0.180196 0.012072 200 200 1000 1032 2 1000 1000 1000 5
0.166667 0.170299 0.012205 200 197 1000 1001 2 1000 1000 1000 5
0.166667 0.167299 0.012055 200 196 1000 1007 2 1000 1000 1000 5
0.166667 0.171365 0.012147 200 197 1000 982 2 1000 1000 1000 5
0.166667 0.166799 0.012211 200 191 1000 975 2 1000 1000 1000 5
0.166667 0.179514 0.012465 200 205 1000 965 2 1000 1000 1000 5
0.166667 0.169794 0.011893 200 196 1000 1008 2 1000 1000 1000 5
0.166667 0.190332 0.012490 200 195 1000 1005 2 1000 1000 1000 5
0.166667 0.164602 0.011944 200 175 1000 959 2 1000 1000 1000 5
0.166667 0.172277 0.012248 200 189 1000 999 2 1000 1000 1000 5
0.166667 0.167727 0.011878 200 191 1000 1007 2 1000 1000 1000 5
0.166667 0.173084 0.011744 200 195 1000 1038 2 1000 1000 1000 5
0.166667 0.182572 0.012262 200 207 1000 986 2 1000 1000 1000 5
0.166667 0.179278 0.011953 200 196 1000 1028 2 1000 1000 1000 5
0.166667 0.171279 0.011688 200 203 1000 1027 2 1000 1000 1000 5
0.166667 0.169053 0.011850 200 197 1000 1020 2 1000 1000 1000 5
0.166667 0.178125 0.012403 200 191 1000 966 2 1000 1000 1000 5
0.166667 0.207383 0.013110 200 237 1000 932 2 1000 1000 1000 5
0.166667 0.167640 0.011759 200 205 1000 1078 2 1000 1000 1000 5
0.166667 0.173714 0.012220 200 189 1000 1011 2 1000 1000 1000 5
0.166667 0.171302 0.012319 200 200 1000 983 2 1000 1000 1000 5
0.166667 0.184529 0.012376 200 206 1000 996 2 1000 1000 1000 5
0.166667 0.171793 0.012151 200 189 1000 1004 2 1000 1000 1000 5
0.166667 0.145279 0.011534 200 178 1000 1042 2 1000 1000 1000 5
0.166667 0.169432 0.012126 200 195 1000 1001 2 1000 1000 1000 5
0.166667 0.153677 0.011461 200 190 1000 1035 2 1000 1000 1000 5
0.166667 0.164716 0.011570 200 189 1000 1040 2 1000 1000 1000 5
0.166667 0.153596 0.011514 200 180 1000 1016 2 1000 1000 1000 5
0.166667 0.174314 0.012131 200 220 1000 1023 2 1000 1000 1000 5
0.166667 0.182547 0.012494 200 198 1000 959 2 1000 1000 1000 5
0.166667 0.185499 0.012743 200 192 1000 966 2 1000 1000 1000 5
0.166667 0.181586 0.012111 200 211 1000 1002 2 1000 1000 1000 5
0.166667 0.178821 0.012449 200 217 1000 979 2 1000 1000 1000 5
0.166667 0.163474 0.011861 200 188 1000 1018 2 1000 1000 1000 5
0.166667 0.182324 0.012565 200 195 1000 971 2 1000 1000 1000 5
0.166667 0.153350 0.011883 200 182 1000 1004 2 1000 1000 1000 5
0.166667 0.168439 0.011976 200 207 1000 994 2 1000 1000 1000 5
0.166667 0.164270 0.011828 200 187 1000 1010 2 1000 1000 1000 5
0.166667 0.165871 0.011829 200 193 1000 1006 2 1000 1000 1000 5
0.166667 0.166842 0.011867 200 203 1000 1044 2 1000 1000 1000 5
0.166667 0.165652 0.011870 200 209 1000 999 2 1000 1000 1000 5
0.166667 0.181050 0.012040 200 207 1000 1005 2 1000 1000 1000 5
0.166667 0.167766 0.011827 200 188 1000 1027 2 1000 1000 1000 5
0.166667 0.186747 0.012268 200 220 1000 997 2 1000 1000 1000 5
0.166667 0.186697 0.012321 200 217 1000 987 2 1000 1000 1000 5
0.166667 0.193189 0.012590 200 222 1000 975 2 1000 1000 1000 5
0.166667 0.162803 0.011843 200 202 1000 1031 2 1000 1000 1000 5
0.166667 0.171166 0.012192 200 200 1000 992 2 1000 1000 1000 5
0.166667 0.189617 0.012798 200 205 1000 972 2 1000 1000 1000 5
0.166667 0.172652 0.012066 200 189 1000 987 2 1000 1000 1000 5
0.166667 0.193748 0.012382 200 217 1000 1003 2 1000 1000 1000 5
0.166667 0.167826 0.011833 200 197 1000 1033 2 1000 1000 1000 5
0.166667 0.159265 0.011775 200 180 1000 1009 2 1000 1000 1000 5
0.166667 0.183939 0.012217 200 223 1000 1012 2 1000 1000 1000 5
0.166667 0.186720 0.012322 200 212 1000 987 2 1000 1000 1000 5
0.166667 0.177838 0.012177 200 189 1000 984 2 1000 1000 1000 5
0.166667 0.166499 0.012009 200 197 1000 1001 2 1000 1000 1000 5
0.166667 0.147833 0.011535 200 182 1000 1023 2 1000 1000 1000 5
0.166667 0.183770 0.012770 200 207 1000 955 2 1000 1000 1000 5
0.166667 0.181799 0.012262 200 217 1000 997 2 1000 1000 1000 5
0.166667 0.162847 0.011828 200 193 1000 1034 2 1000 1000 1000 5
0.166667 0.144027 0.011589 200 162 1000 998 2 1000 1000 1000 5
0.166667 0.188825 0.012727 200 208 1000 969 2 1000 1000 1000 5
0.166667 0.159678 0.011836 200 181 1000 1001 2 1000 1000 1000 5
0.166667 0.196747 0.012731 200 214 1000 932 2 1000 1000 1000 5
0.166667 0.187746 0.012452 200 209 1000 963 2 1000 1000 1000 5
0.166667 0.173076 0.011928 200 209 1000 1043 2 1000 1000 1000 5
0.166667 0.187268 0.012582 200 215 1000 964 2 1000 1000 1000 5
0.166667 0.173462 0.011787 200 210 1000 1067 2 1000 1000 1000 5
0.166667 0.171673 0.011714 200 202 1000 1049 2 1000 1000 1000 5
0.166667 0.176556 0.012477 200 198 1000 950 2 1000 1000 1000 5
0.166667 0.153264 0.011479 200 174 1000 1021 2 1000 1000 1000 5
0.166667 0.187351 0.012562 200 195 1000 963 2 1000 1000 1000 5
0.166667 0.170253 0.011412 200 214 1000 1083 2 1000 1000 1000 5
0.166667 0.171895 0.012520 200 188 1000 958 2 1000 1000 1000 5
0.166667 0.198269 0.012606 200 219 1000 981 2 1000 1000 1000 5
0.166667 0.158019 0.011456 200 179 1000 1065 2 1000 1000 1000 5
0.166667 0.164241 0.011759 200 190 1000 1024 2 1000 1000 1000 5
0.166667 0.170671 0.012403 200 184 1000 961 2 1000 1000 1000 5
0.166667 0.204618 0.012455 200 223 1000 1001 2 1000 1000 1000 5
0.166667 0.166337 0.012157 200 203 1000 980 2 1000 1000 1000 5
0.166667 0.170911 0.012274 200 207 1000 1008 2 1000 1000 1000 5
0.166667 0.178766 0.012140 200 191 1000 975 2 1000 1000 1000 5
0.166667 0.193649 0.012644 200 221 1000 1005 2 1000 1000 1000 5
0.166667 0.167886 0.012068 200 186 1000 1008 2 1000 1000 1000 5
0.166667 0.170016 0.011893 200 194 1000 1032 2 1000 1000 1000 5
0.166667 0.164632 0.012233 200 189 1000 975 2 1000 1000 1000 5
0.166667 0.188877 0.012493 200 218 1000 1000 2 1000 1000 1000 5
0.166667 0.185058 0.012091 200 213 1000 1017 2 1000 1000 1000 5
0.166667 0.169496 0.012125 200 181 1000 968 2 1000 1000 1000 5
0.166667 0.195452 0.012830 200 210 1000 956 2 1000 1000 1000 5
0.166667 0.177958 0.012591 200 193 1000 943 2 1000 1000 1000 5
0.166667 0.147812 0.011615 200 172 1000 1008 2 1000 1000 1000 5
0.166667 0.179445 0.012324 200 206 1000 976 2 1000 1000 1000 5
0.166667 0.179670 0.012065 200 204 1000 1030 2 1000 1000 1000 5
0.166667 0.191029 0.012130 200 215 1000 1005 2 1000 1000 1000 5
0.166667 0.152768 0.011606 200 172 1000 1018 2 1000 1000 1000 5
0.166667 0.183150 0.012353 200 207 1000 990 2 1000 1000 1000 5
0.166667 0.189647 0.012126 200 218 1000 1028 2 1000 1000 1000 5
0.166667 0.179840 0.011902 200 206 1000 1018 2 1000 1000 1000 5
0.166667 0.181640 0.012454 200 213 1000 965 2 1000 1000 1000 5
0.166667 0.167806 0.011799 200 199 1000 1025 2 1000 1000 1000 5
0.166667 0.188761 0.012451 200 209 1000 976 2 1000 1000 1000 5
0.166667 0.118592 0.010653 200 155 1000 1065 2 1000 1000 1000 5
0.166667 0.177304 0.012439 200 209 1000 978 2 1000 1000 1000 5
0.166667 0.173791 0.012281 200 205 1000 994 2 1000 1000 1000 5
0.166667 0.161170 0.011724 200 188 1000 1009 2 1000 1000 1000 5
0.166667 0.170518 0.011624 200 203 1000 1062 2 1000 1000 1000 5
0.166667 0.166967 0.012295 200 201 1000 975 2 1000 1000 1000 5
0.166667 0.178540 0.012051 200 206 1000 1012 2 1000 1000 1000 5
0.166667 0.169416 0.012031 200 204 1000 988 2 1000 1000 1000 5
0.166667 0.190203 0.013116 200 218 1000 935 2 1000 1000 1000 5
0.166667 0.168283 0.011842 200 195 1000 1019 2 1000 1000 1000 5
0.166667 0.154384 0.011758 200 168 1000 985 2 1000 1000 1000 5
0.166667 0.163203 0.012032 200 177 1000 955 2 1000 1000 1000 5
0.166667 0.158926 0.011807 200 188 1000 1002 2 1000 1000 1000 5
0.166667 0.182656 0.012491 200 204 1000 995 2 1000 1000 1000 5
0.166667 0.172779 0.012451 200 201 1000 994 2 1000 1000 1000 5
0.166667 0.173575 0.012346 200 212 1000 978 2 1000 1000 1000 5
0.166667 0.171570 0.012182 200 184 1000 985 2 1000 1000 1000 5
0.166667 0.167826 0.011835 200 194 1000 1016 2 1000 1000 1000 5
0.166667 0.176580 0.012308 200 195 1000 958 2 1000 1000 1000 5
0.166667 0.163399 0.011947 200 198 1000 1017 2 1000 1000 1000 5
0.166667 0.182133 0.012202 200 204 1000 996 2 1000 1000 1000 5
0.166667 0.158854 0.011882 200 175 1000 991 2 1000 1000 1000 5
0.166667 0.177299 0.012317 200 205 1000 997 2 1000 1000 1000 5
0.166667 0.183566 0.012164 200 206 1000 1012 2 1000 1000 1000 5
0.166667 0.190601 0.012374 200 224 1000 1022 2 1000 1000 1000 5
0.166667 0.177379 0.012356 200 196 1000 970 2 1000 1000 1000 5
0.166667 0.171488 0.012224 200 193 1000 995 2 1000 1000 1000 5
0.166667 0.188615 0.012451 200 219 1000 994 2 1000 1000 1000 5
0.166667 0.169682 0.012111 200 198 1000 988 2 1000 1000 1000 5
0.166667 0.187433 0.012478 200 201 1000 973 2 1000 1000 1000 5
0.166667 0.174614 0.011834 200 198 1000 1022 2 1000 1000 1000 5
0.166667 0.180367 0.012432 200 198 1000 959 2 1000 1000 1000 5
0.166667 0.185665 0.012247 200 216 1000 984 2 1000 1000 1000 5
0.166667 0.175661 0.011958 200 196 1000 1043 2 1000 1000 1000 5
0.166667 0.160136 0.011841 200 195 1000 1001 2 1000 1000 1000 5
0.166667 0.199830 0.012846 200 215 1000 951 2 1000 1000 1000 5
0.166667 0.170490 0.012171 200 183 1000 981 2 1000 1000 1000 5
0.166667 0.184197 0.012624 200 201 1000 939 2 1000 1000 1000 5
0.166667 0.154157 0.011830 200 179 1000 997 2 1000 1000 1000 5
0.166667 0.189191 0.012373 200 207 1000 978 2 1000 1000 1000 5
0.166667 0.163576 0.012052 200 173 1000 987 2 1000 1000 1000 5
0.166667 0.180119 0.012056 200 208 1000 1028 2 1000 1000 1000 5
0.166667 0.167380 0.012316 200 176 1000 974 2 1000 1000 1000 5
0.166667 0.181681 0.012240 200 202 1000 984 2 1000 1000 1000 5
0.166667 0.165046 0.012175 200 203 1000 1022 2 1000 1000 1000 5
0.166667 0.155899 0.012058 200 202 1000 1006 2 1000 1000 1000 5
0.166667 0.191755 0.012507 200 209 1000 971 2 1000 1000 1000 5
0.166667 0.183911 0.012634 200 211 1000 981 2 1000 1000 1000 5
0.166667 0.174277 0.011868 200 206 1000 1022 2 1000 1000 1000 5
0.166667 0.154391 0.011925 200 182 1000 991 2 1000 1000 1000 5
0.166667 0.179804 0.012008 200 197 1000 1027 2 1000 1000 1000 5
0.166667 0.174417 0.012328 200 194 1000 995 2 1000 1000 1000 5
0.166667 0.174311 0.012081 200 198 1000 1004 2 1000 1000 1000 5
0.166667 0.194739 0.012584 200 225 1000 970 2 1000 1000 1000 5
0.166667 0.167684 0.012043 200 192 1000 987 2 1000 1000 1000 5
0.166667 0.184353 0.012192 200 213 1000 1002 2 1000 1000 1000 5
0.166667 0.186227 0.012139 200 222 1000 1036 2 1000 1000 1000 5
0.166667 0.193929 0.012310 200 217 1000 1018 2 1000 1000 1000 5
0.166667 0.182657 0.012179 200 208 1000 1008 2 1000 1000 1000 5
0.166667 0.201696 0.012773 200 205 1000 944 2 1000 1000 1000 5
0.166667 0.175241 0.012035 200 200 1000 1007 2 1000 1000 1000 5
0.166667 0.164012 0.011912 200 185 1000 998 2 1000 1000 1000 5
0.166667 0.200095 0.012918 200 210 1000 964 2 1000 1000 1000 5
0.166667 0.176151 0.011837 200 197 1000 1047 2 1000 1000 1000 5
0.166667 0.173313 0.012377 200 196 1000 971 2 1000 1000 1000 5
0.166667 0.169114 0.011958 200 207 1000 1028 2 1000 1000 1000 5
0.166667 0.162888 0.012035 200 206 1000 990 2 1000 1000 1000 5
0.166667 0.179684 0.012332 200 211 1000 994 2 1000 1000 1000 5
0.166667 0.176804 0.012276 200 212 1000 981 2 1000 1000 1000 5
0.166667 0.176688 0.012419 200 198 1000 952 2 1000 1000 1000 5
0.166667 0.155934 0.011558 200 181 1000 1042 2 1000 1000 1000 5
0.166667 0.171701 0.012475 200 198 1000 991 2 1000 1000 1000 5
0.166667 0.182931 0.012532 200 214 1000 987 2 1000 1000 1000 5
0.166667 0.180167 0.012576 200 198 1000 963 2 1000 1000 1000 5
0.166667 0.181633 0.012068 200 207 1000 1021 2 1000 1000 1000 5
0.166667 0.154970 0.011981 200 167 1000 978 2 1000 1000 1000 5
0.166667 0.188666 0.012561 200 194 1000 943 2 1000 1000 1000 5
0.166667 0.172358 0.012175 200 187 1000 981 2 1000 1000 1000 5
0.166667 0.194421 0.012640 200 233 1000 993 2 1000 1000 1000 5
0.166667 0.152842 0.011905 200 168 1000 984 2 1000 1000 1000 5
0.166667 0.180378 0.012192 200 204 1000 979 2 1000 1000 1000 5
0.166667 0.159993 0.012076 200 189 1000 980 2 1000 1000 1000 5
0.166667 0.206961 0.012776 200 237 1000 991 2 1000 1000 1000 5
0.166667 0.183358 0.012688 200 191 1000 949 2 1000 1000 1000 5
0.166667 0.180524 0.011941 200 216 1000 1036 2 1000 1000 1000 5
0.166667 0.171190 0.011671 200 194 1000 1031 2 1000 1000 1000 5
0.166667 0.181365 0.012780 200 207 1000 951 2 1000 1000 1000 5
0.166667 0.189854 0.012235 200 228 1000 1030 2 1000 1000 1000 5
0.166667 0.166292 0.012024 200 194 1000 1016 2 1000 1000 1000 5
0.166667 0.163525 0.011946 200 184 1000 993 2 1000 1000 1000 5
0.166667 0.178601 0.012485 200 198 1000 962 2 1000 1000 1000 5
0.166667 0.191755 0.012302 200 209 1000 1017 2 1000 1000 1000 5
0.166667 0.170354 0.012028 200 193 1000 987 2 1000 1000 1000 5
0.166667 0.176855 0.012393 200 211 1000 953 2 1000 1000 1000 5
0.166667 0.188397 0.012522 200 223 1000 970 2 1000 1000 1000 5
0.166667 0.211347 0.012861 200 233 1000 978 2 1000 1000 1000 5
0.166667 0.163602 0.011613 200 180 1000 1036 2 1000 1000 1000 5
0.166667 0.183420 0.012576 200 211 1000 983 2 1000 1000 1000 5
0.166667 0.174655 0.011840 200 203 1000 1031 2 1000 1000 1000 5
0.166667 0.176398 0.012321 200 195 1000 959 2 1000 1000 1000 5
0.166667 0.171831 0.011950 200 203 1000 1022 2 1000 1000 1000 5
0.166667 0.185273 0.012535 200 208 1000 986 2 1000 1000 1000 5
0.166667 0.185519 0.012380 200 226 1000 992 2 1000 1000 1000 5
0.166667 0.159686 0.012274 200 186 1000 934 2 1000 1000 1000 5
0.166667 0.147134 0.011668 200 174 1000 1022 2 1000 1000 1000 5
0.166667 0.176864 0.012039 200 201 1000 1022 2 1000 1000 1000 5
0.166667 0.193523 0.012655 200 204 1000 969 2 1000 1000 1000 5
0.166667 0.163568 0.011676 200 182 1000 1026 2 1000 1000 1000 5
0.166667 0.156232 0.012147 200 179 1000 966 2 1000 1000 1000 5
0.166667 0.169884 0.011914 200 193 1000 1049 2 1000 1000 1000 5
0.166667 0.174527 0.012434 200 198 1000 983 2 1000 1000 1000 5
0.166667 0.167979 0.012145 200 184 1000 984 2 1000 1000 1000 5
0.166667 0.161735 0.011769 200 186 1000 1018 2 1000 1000 1000 5
0.166667 0.166390 0.012137 200 198 1000 985 2 1000 1000 1000 5
0.166667 0.156670 0.011443 200 199 1000 1062 2 1000 1000 1000 5
0.166667 0.178510 0.012278 200 208 1000 1001 2 1000 1000 1000 5
0.166667 0.165773 0.011609 200 202 1000 1068 2 1000 1000 1000 5
0.166667 0.174815 0.012170 200 218 1000 997 2 1000 1000 1000 5
0.166667 0.197136 0.012470 200 221 1000 1007 2 1000 1000 1000 5
0.166667 0.169251 0.012024 200 207 1000 1026 2 1000 1000 1000 5
0.166667 0.179529 0.012416 200 199 1000 1001 2 1000 1000 1000 5
0.166667 0.175842 0.012064 200 207 1000 1004 2 1000 1000 1000 5
0.166667 0.168187 0.012086 200 192 1000 996 2 1000 1000 1000 5
0.166667 0.153851 0.011824 200 181 1000 1002 2 1000 1000 1000 5
0.166667 0.136972 0.011149 200 167 1000 1048 2 1000 1000 1000 5
0.166667 0.199013 0.012813 200 225 1000 965 2 1000 1000 1000 5
0.166667 0.190247 0.012965 200 213 1000 934 2 1000 1000 1000 5
0.166667 0.179034 0.012410 200 210 1000 987 2 1000 1000 1000 5
0.166667 0.203544 0.012604 200 212 1000 986 2 1000 1000 1000 5
0.166667 0.188627 0.012475 200 208 1000 1003 2 1000 1000 1000 5
0.166667 0.184001 0.012369 200 216 1000 989 2 1000 1000 1000 5
0.166667 0.187049 0.012476 200 222 1000 977 2 1000 1000 1000 5
0.166667 0.171115 0.011797 200 214 1000 1050 2 1000 1000 1000 5
0.166667 0.157358 0.011670 200 184 1000 1005 2 1000 1000 1000 5
0.166667 0.170074 0.012313 200 192 1000 966 2 1000 1000 1000 5
0.166667 0.138827 0.011239 200 177 1000 1052 2 1000 1000 1000 5
0.166667 0.181034 0.012484 200 219 1000 980 2 1000 1000 1000 5
0.166667 0.165129 0.012128 200 189 1000 968 2 1000 1000 1000 5
0.166667 0.172082 0.012189 200 191 1000 999 2 1000 1000 1000 5
0.166667 0.178065 0.012146 200 203 1000 1037 2 1000 1000 1000 5
0.166667 0.167820 0.012088 200 187 1000 987 2 1000 1000 1000 5
0.166667 0.192508 0.012132 200 222 1000 1025 2 1000 1000 1000 5
0.166667 0.147001 0.011620 200 160 1000 966 2 1000 1000 1000 5
0.166667 0.152717 0.011855 200 174 1000 1010 2 1000 1000 1000 5
0.166667 0.180070 0.012277 200 208 1000 1015 2 1000 1000 1000 5
0.166667 0.200578 0.012566 200 236 1000 974 2 1000 1000 1000 5
0.166667 0.179207 0.012414 200 204 1000 995 2 1000 1000 1000 5
0.166667 0.183364 0.012305 200 199 1000 990 2 1000 1000 1000 5
0.166667 0.184110 0.012472 200 204 1000 957 2 1000 1000 1000 5
0.166667 0.168886 0.012016 200 202 1000 1015 2 1000 1000 1000 5
0.166667 0.168611 0.012263 200 172 1000 951 2 1000 1000 1000 5
0.166667 0.186176 0.012416 200 200 1000 958 2 1000 1000 1000 5
0.166667 0.174383 0.011989 200 208 1000 1032 2 1000 1000 1000 5
0.166667 0.172282 0.011974 200 214 1000 1038 2 1000 1000 1000 5
0.166667 0.153493 0.011705 200 186 1000 1010 2 1000 1000 1000 5
0.166667 0.176281 0.012366 200 204 1000 979 2 1000 1000 1000 5
0.166667 0.182364 0.012129 200 207 1000 1023 2 1000 1000 1000 5
0.166667 0.157766 0.011402 200 186 1000 1052 2 1000 1000 1000 5
0.166667 0.190248 0.012836 200 201 1000 945 2 1000 1000 1000 5
0.166667 0.156164 0.011742 200 185 1000 1018 2 1000 1000 1000 5
0.166667 0.168375 0.011925 200 202 1000 1010 2 1000 1000 1000 5
0.166667 0.172212 0.012648 200 200 1000 928 2 1000 1000 1000 5
0.166667 0.163702 0.011920 200 196 1000 1046 2 1000 1000 1000 5
0.166667 0.158854 0.011749 200 189 1000 1021 2 1000 1000 1000 5
0.166667 0.183672 0.012442 200 214 1000 955 2 1000 1000 1000 5
0.166667 0.169883 0.012346 200 193 1000 970 2 1000 1000 1000 5
0.166667 0.194779 0.012576 200 222 1000 991 2 1000 1000 1000 5
0.166667 0.156007 0.011688 200 179 1000 1021 2 1000 1000 1000 5
0.166667 0.189381 0.012201 200 210 1000 1019 2 1000 1000 1000 5
0.166667 0.162259 0.011963 200 204 1000 1027 2 1000 1000 1000 5
0.166667 0.205630 0.012288 200 244 1000 1034 2 1000 1000 1000 5
0.166667 0.180273 0.012085 200 205 1000 1011 2 1000 1000 1000 5
0.166667 0.184450 0.012793 200 199 1000 952 2 1000 1000 1000 5
0.166667 0.177567 0.012222 200 212 1000 1017 2 1000 1000 1000 5
0.166667 0.182847 0.012045 200 201 1000 1003 2 1000 1000 1000 5
0.166667 0.153049 0.011472 200 176 1000 1020 2 1000 1000 1000 5
0.166667 0.153801 0.011544 200 177 1000 1046 2 1000 1000 1000 5
0.166667 0.163189 0.012087 200 186 1000 998 2 1000 1000 1000 5
0.166667 0.162848 0.011827 200 191 1000 1035 2 1000 1000 1000 5
0.166667 0.205811 0.012933 200 235 1000 939 2 1000 1000 1000 5
0.166667 0.163274 0.011570 200 205 1000 1050 2 1000 1000 1000 5
0.166667 0.173187 0.012105 200 194 1000 973 2 1000 1000 1000 5
0.166667 0.165656 0.011963 200 199 1000 1003 2 1000 1000 1000 5
0.166667 0.169271 0.011979 200 206 1000 1010 2 1000 1000 1000 5
0.166667 0.187030 0.012356 200 214 1000 1000 2 1000 1000 1000 5
0.166667 0.176339 0.012399 200 197 1000 959 2 1000 1000 1000 5
0.166667 0.153590 0.012013 200 189 1000 1000 2 1000 1000 1000 5
0.166667 0.166801 0.011608 200 210 1000 1056 2 1000 1000 1000 5
0.166667 0.162455 0.011888 200 184 1000 1028 2 1000 1000 1000 5
0.166667 0.160569 0.011931 200 181 1000 997 2 1000 1000 1000 5
0.166667 0.178933 0.012329 200 217 1000 1004 2 1000 1000 1000 5
0.166667 0.148251 0.011848 200 178 1000 1013 2 1000 1000 1000 5
0.166667 0.189180 0.012317 200 224 1000 1001 2 1000 1000 1000 5
0.166667 0.173656 0.011795 200 205 1000 1072 2 1000 1000 1000 5
0.166667 0.179343 0.011959 200 208 1000 1038 2 1000 1000 1000 5
0.166667 0.159331 0.011674 200 175 1000 1022 2 1000 1000 1000 5
0.166667 0.167465 0.012109 200 198 1000 994 2 1000 1000 1000 5
0.166667 0.176315 0.012255 200 212 1000 997 2 1000 1000 1000 5
0.166667 0.179527 0.011712 200 215 1000 1057 2 1000 1000 1000 5
0.166667 0.159586 0.011684 200 191 1000 1020 2 1000 1000 1000 5
0.166667 0.156834 0.011960 200 174 1000 988 2 1000 1000 1000 5
0.166667 0.156615 0.011828 200 176 1000 1003 2 1000 1000 1000 5
0.166667 0.171126 0.012310 200 185 1000 945 2 1000 1000 1000 5
0.166667 0.180429 0.012712 200 183 1000 936 2 1000 1000 1000 5
0.166667 0.191721 0.012194 200 225 1000 1032 2 1000 1000 1000 5
0.166667 0.174736 0.012293 200 201 1000 993 2 1000 1000 1000 5
