0.166667 0.178020 0.041958 20 19 100 87 2 1000 1000 1000 10
0.166667 0.222340 0.042746 20 21 100 93 2 1000 1000 1000 10
0.166667 0.182776 0.041451 20 18 100 89 2 1000 1000 1000 10
0.166667 0.167287 0.036938 20 21 100 106 2 1000 1000 1000 10
0.166667 0.116800 0.035713 20 13 100 99 2 1000 1000 1000 10
0.166667 0.185203 0.039587 20 22 100 97 2 1000 1000 1000 10
0.166667 0.167415 0.039712 20 19 100 96 2 1000 1000 1000 10
0.166667 0.217148 0.040069 20 24 100 104 2 1000 1000 1000 10
0.166667 0.190964 0.044272 20 16 100 83 2 1000 1000 1000 10
0.166667 0.207199 0.041162 20 22 100 105 2 1000 1000 1000 10
0.166667 0.215656 0.041196 20 22 100 99 2 1000 1000 1000 10
0.166667 0.180692 0.038327 20 20 100 108 2 1000 1000 1000 10
0.166667 0.177630 0.037228 20 21 100 105 2 1000 1000 1000 10
0.166667 0.222413 0.041178 20 19 100 107 2 1000 1000 1000 10
0.166667 0.183341 0.040666 20 17 100 97 2 1000 1000 1000 10
0.166667 0.177579 0.039277 20 20 100 98 2 1000 1000 1000 10
0.166667 0.169419 0.037348 20 20 100 100 2 1000 1000 1000 10
0.166667 0.212639 0.042591 20 21 100 98 2 1000 1000 1000 10
0.166667 0.169661 0.036451 20 23 100 108 2 1000 1000 1000 10
0.166667 0.195166 0.043052 20 18 100 90 2 1000 1000 1000 10
0.166667 0.244982 0.044331 20 24 100 90 2 1000 1000 1000 10
0.166667 0.197650 0.037770 20 25 100 114 2 1000 1000 1000 10
0.166667 0.197110 0.042673 20 20 100 89 2 1000 1000 1000 10
0.166667 0.165227 0.039191 20 19 100 102 2 1000 1000 1000 10
0.166667 0.184626 0.038148 20 21 100 103 2 1000 1000 1000 10
0.166667 0.222939 0.041298 20 27 100 99 2 1000 1000 1000 10
0.166667 0.182189 0.038937 20 23 100 106 2 1000 1000 1000 10
0.166667 0.201193 0.037313 20 28 100 117 2 1000 1000 1000 10
0.166667 0.173931 0.037932 20 17 100 113 2 1000 1000 1000 10
0.166667 0.236084 0.041068 20 27 100 99 2 1000 1000 1000 10
0.166667 0.200425 0.042538 20 20 100 96 2 1000 1000 1000 10
0.166667 0.179424 0.037242 20 21 100 101 2 1000 1000 1000 10
0.166667 0.240224 0.043522 20 26 100 96 2 1000 1000 1000 10
0.166667 0.191244 0.041335 20 23 100 98 2 1000 1000 1000 10
0.166667 0.172402 0.036796 20 19 100 108 2 1000 1000 1000 10
0.166667 0.177879 0.039677 20 21 100 94 2 1000 1000 1000 10
0.166667 0.243761 0.041561 20 27 100 98 2 1000 1000 1000 10
0.166667 0.127794 0.034803 20 14 100 102 2 1000 1000 1000 10
0.166667 0.148955 0.036251 20 14 100 105 2 1000 1000 1000 10
0.166667 0.132430 0.036231 20 15 100 94 2 1000 1000 1000 10
0.166667 0.142675 0.041302 20 14 100 81 2 1000 1000 1000 10
0.166667 0.166515 0.037452 20 23 100 108 2 1000 1000 1000 10
0.166667 0.192643 0.036586 20 23 100 119 2 1000 1000 1000 10
0.166667 0.113531 0.031270 20 14 100 115 2 1000 1000 1000 10
0.166667 0.207789 0.041260 20 21 100 96 2 1000 1000 1000 10
0.166667 0.212713 0.048261 20 19 100 74 2 1000 1000 1000 10
0.166667 0.147560 0.036424 20 19 100 104 2 1000 1000 1000 10
0.166667 0.154186 0.037068 20 19 100 104 2 1000 1000 1000 10
0.166667 0.226813 0.041069 20 26 100 100 2 1000 1000 1000 10
0.166667 0.220582 0.043310 20 21 100 92 2 1000 1000 1000 10
0.166667 0.115970 0.033530 20 13 100 110 2 1000 1000 1000 10
0.166667 0.201633 0.042817 20 20 100 96 2 1000 1000 1000 10
0.166667 0.184885 0.044851 20 17 100 81 2 1000 1000 1000 10
0.166667 0.179353 0.037706 20 22 100 105 2 1000 1000 1000 10
0.166667 0.092359 0.032357 20 10 100 112 2 1000 1000 1000 10
0.166667 0.176734 0.039665 20 20 100 92 2 1000 1000 1000 10
0.166667 0.164324 0.038874 20 16 100 99 2 1000 1000 1000 10
0.166667 0.256104 0.043207 20 28 100 94 2 1000 1000 1000 10
0.166667 0.190377 0.042158 20 20 100 85 2 1000 1000 1000 10
0.166667 0.175687 0.041768 20 20 100 90 2 1000 1000 1000 10
0.166667 0.196067 0.039658 20 26 100 98 2 1000 1000 1000 10
0.166667 0.177887 0.039284 20 19 100 107 2 1000 1000 1000 10
0.166667 0.213313 0.044272 20 21 100 92 2 1000 1000 1000 10
0.166667 0.119699 0.033694 20 15 100 101 2 1000 1000 1000 10
0.166667 0.181497 0.037946 20 24 100 115 2 1000 1000 1000 10
0.166667 0.212002 0.040069 20 25 100 105 2 1000 1000 1000 10
0.166667 0.196719 0.037779 20 24 100 110 2 1000 1000 1000 10
0.166667 0.187582 0.037610 20 22 100 116 2 1000 1000 1000 10
0.166667 0.115190 0.034076 20 14 100 108 2 1000 1000 1000 10
0.166667 0.131952 0.033870 20 16 100 108 2 1000 1000 1000 10
0.166667 0.236254 0.040631 20 25 100 112 2 1000 1000 1000 10
0.166667 0.137779 0.037412 20 16 100 93 2 1000 1000 1000 10
0.166667 0.178781 0.040453 20 19 100 95 2 1000 1000 1000 10
0.166667 0.261737 0.045041 20 25 100 87 2 1000 1000 1000 10
0.166667 0.129583 0.037535 20 14 100 104 2 1000 1000 1000 10
0.166667 0.114487 0.033898 20 13 100 108 2 1000 1000 1000 10
0.166667 0.237977 0.039282 20 26 100 113 2 1000 1000 1000 10
0.166667 0.241055 0.045512 20 25 100 87 2 1000 1000 1000 10
0.166667 0.215241 0.041142 20 24 100 100 2 1000 1000 1000 10
0.166667 0.206856 0.044301 20 19 100 87 2 1000 1000 1000 10
0.166667 0.199205 0.042229 20 19 100 97 2 1000 1000 1000 10
0.166667 0.171692 0.039288 20 17 100 103 2 1000 1000 1000 10
0.166667 0.198057 0.042290 20 20 100 90 2 1000 1000 1000 10
0.166667 0.226810 0.042099 20 22 100 97 2 1000 1000 1000 10
0.166667 0.183788 0.035932 20 24 100 125 2 1000 1000 1000 10
0.166667 0.175474 0.037188 20 18 100 111 2 1000 1000 1000 10
0.166667 0.246879 0.046409 20 22 100 83 2 1000 1000 1000 10
0.166667 0.166483 0.035867 20 19 100 116 2 1000 1000 1000 10
0.166667 0.132706 0.036080 20 14 100 96 2 1000 1000 1000 10
0.166667 0.118560 0.034197 20 13 100 98 2 1000 1000 1000 10
0.166667 0.167646 0.037072 20 20 100 101 2 1000 1000 1000 10
0.166667 0.245972 0.042577 20 27 100 96 2 1000 1000 1000 10
0.166667 0.141898 0.034717 20 17 100 115 2 1000 1000 1000 10
0.166667 0.181933 0.042892 20 18 100 85 2 1000 1000 1000 10
0.166667 0.130532 0.035881 20 18 100 103 2 1000 1000 1000 10
0.166667 0.249709 0.046053 20 27 100 86 2 1000 1000 1000 10
0.166667 0.203365 0.042717 20 19 100 95 2 1000 1000 1000 10
0.166667 0.187522 0.038425 20 23 100 109 2 1000 1000 1000 10
0.166667 0.195827 0.041563 20 18 100 101 2 1000 1000 1000 10
0.166667 0.124263 0.033465 20 15 100 106 2 1000 1000 1000 10
0.166667 0.133447 0.035472 20 16 100 107 2 1000 1000 1000 10
0.166667 0.194314 0.041978 20 22 100 88 2 1000 1000 1000 10
0.166667 0.183367 0.038094 20 19 100 105 2 1000 1000 1000 10
0.166667 0.250922 0.044241 20 25 100 96 2 1000 1000 1000 10
0.166667 0.121454 0.035310 20 9 100 97 2 1000 1000 1000 10
0.166667 0.154363 0.037744 20 16 100 96 2 1000 1000 1000 10
0.166667 0.248903 0.041284 20 28 100 100 2 1000 1000 1000 10
0.166667 0.226823 0.039556 20 26 100 106 2 1000 1000 1000 10
0.166667 0.154542 0.036756 20 20 100 108 2 1000 1000 1000 10
0.166667 0.192267 0.041393 20 19 100 100 2 1000 1000 1000 10
0.166667 0.160624 0.038520 20 19 100 98 2 1000 1000 1000 10
0.166667 0.141578 0.037731 20 16 100 92 2 1000 1000 1000 10
0.166667 0.239003 0.040621 20 28 100 106 2 1000 1000 1000 10
0.166667 0.219010 0.045260 20 19 100 79 2 1000 1000 1000 10
0.166667 0.191524 0.037959 20 22 100 107 2 1000 1000 1000 10
0.166667 0.182903 0.042288 20 19 100 95 2 1000 1000 1000 10
0.166667 0.230599 0.042115 20 26 100 98 2 1000 1000 1000 10
0.166667 0.161700 0.036430 20 18 100 115 2 1000 1000 1000 10
0.166667 0.175281 0.037702 20 20 100 107 2 1000 1000 1000 10
0.166667 0.176160 0.036194 20 19 100 117 2 1000 1000 1000 10
0.166667 0.143824 0.037389 20 14 100 91 2 1000 1000 1000 10
0.166667 0.169172 0.039514 20 18 100 105 2 1000 1000 1000 10
0.166667 0.200870 0.042549 20 21 100 87 2 1000 1000 1000 10
0.166667 0.242916 0.045635 20 23 100 89 2 1000 1000 1000 10
0.166667 0.185383 0.038581 20 19 100 110 2 1000 1000 1000 10
0.166667 0.176729 0.037253 20 19 100 115 2 1000 1000 1000 10
0.166667 0.199404 0.041723 20 18 100 94 2 1000 1000 1000 10
0.166667 0.136355 0.035136 20 15 100 114 2 1000 1000 1000 10
0.166667 0.237814 0.043647 20 26 100 92 2 1000 1000 1000 10
0.166667 0.177534 0.038867 20 17 100 110 2 1000 1000 1000 10
0.166667 0.171227 0.039412 20 20 100 95 2 1000 1000 1000 10
0.166667 0.147385 0.034868 20 16 100 110 2 1000 1000 1000 10
0.166667 0.140723 0.036764 20 16 100 95 2 1000 1000 1000 10
0.166667 0.153520 0.038273 20 19 100 101 2 1000 1000 1000 10
0.166667 0.220780 0.040976 20 22 100 105 2 1000 1000 1000 10
0.166667 0.186452 0.037515 20 23 100 106 2 1000 1000 1000 10
0.166667 0.186554 0.038347 20 21 100 110 2 1000 1000 1000 10
0.166667 0.227343 0.041381 20 26 100 108 2 1000 1000 1000 10
0.166667 0.225102 0.044691 20 22 100 86 2 1000 1000 1000 10
0.166667 0.169744 0.041657 20 15 100 88 2 1000 1000 1000 10
0.166667 0.143697 0.039966 20 15 100 86 2 1000 1000 1000 10
0.166667 0.231214 0.042451 20 25 100 99 2 1000 1000 1000 10
0.166667 0.098260 0.033208 20 14 100 104 2 1000 1000 1000 10
0.166667 0.128763 0.034097 20 14 100 110 2 1000 1000 1000 10
0.166667 0.172615 0.038748 20 17 100 106 2 1000 1000 1000 10
0.166667 0.147145 0.038595 20 17 100 86 2 1000 1000 1000 10
0.166667 0.203443 0.042448 20 22 100 90 2 1000 1000 1000 10
0.166667 0.181656 0.039061 20 20 100 99 2 1000 1000 1000 10
0.166667 0.150664 0.035054 20 20 100 117 2 1000 1000 1000 10
0.166667 0.261937 0.043941 20 24 100 94 2 1000 1000 1000 10
0.166667 0.188736 0.038264 20 24 100 114 2 1000 1000 1000 10
0.166667 0.209233 0.039112 20 27 100 105 2 1000 1000 1000 10
0.166667 0.174914 0.040532 20 20 100 94 2 1000 1000 1000 10
0.166667 0.183721 0.037891 20 18 100 114 2 1000 1000 1000 10
0.166667 0.155251 0.037399 20 16 100 97 2 1000 1000 1000 10
0.166667 0.185249 0.038449 20 22 100 105 2 1000 1000 1000 10
0.166667 0.105419 0.031274 20 14 100 115 2 1000 1000 1000 10
0.166667 0.225728 0.043017 20 20 100 94 2 1000 1000 1000 10
0.166667 0.231552 0.043803 20 26 100 90 2 1000 1000 1000 10
0.166667 0.111207 0.032482 20 13 100 106 2 1000 1000 1000 10
0.166667 0.189572 0.040021 20 23 100 96 2 1000 1000 1000 10
0.166667 0.210921 0.044177 20 22 100 85 2 1000 1000 1000 10
0.166667 0.190604 0.038829 20 22 100 109 2 1000 1000 1000 10
0.166667 0.233024 0.042115 20 23 100 96 2 1000 1000 1000 10
0.166667 0.085939 0.031519 20 10 100 103 2 1000 1000 1000 10
0.166667 0.103404 0.030687 20 14 100 121 2 1000 1000 1000 10
0.166667 0.138226 0.038444 20 14 100 89 2 1000 1000 1000 10
0.166667 0.169591 0.040324 20 17 100 93 2 1000 1000 1000 10
0.166667 0.196967 0.037994 20 20 100 110 2 1000 1000 1000 10
0.166667 0.146993 0.036185 20 19 100 108 2 1000 1000 1000 10
0.166667 0.212626 0.042769 20 21 100 86 2 1000 1000 1000 10
0.166667 0.207158 0.039096 20 23 100 112 2 1000 1000 1000 10
0.166667 0.058880 0.027048 20 9 100 98 2 1000 1000 1000 10
0.166667 0.182438 0.038984 20 22 100 102 2 1000 1000 1000 10
0.166667 0.121407 0.033314 20 12 100 116 2 1000 1000 1000 10
0.166667 0.162245 0.038426 20 16 100 98 2 1000 1000 1000 10
0.166667 0.218973 0.042586 20 21 100 99 2 1000 1000 1000 10
0.166667 0.221061 0.042677 20 21 100 91 2 1000 1000 1000 10
0.166667 0.163360 0.040085 20 14 100 91 2 1000 1000 1000 10
0.166667 0.216145 0.038803 20 26 100 120 2 1000 1000 1000 10
0.166667 0.131499 0.037163 20 13 100 92 2 1000 1000 1000 10
0.166667 0.164605 0.040871 20 17 100 91 2 1000 1000 1000 10
0.166667 0.172126 0.040040 20 18 100 90 2 1000 1000 1000 10
0.166667 0.187281 0.039593 20 21 100 106 2 1000 1000 1000 10
0.166667 0.220346 0.041897 20 26 100 95 2 1000 1000 1000 10
0.166667 0.126801 0.034615 20 16 100 115 2 1000 1000 1000 10
0.166667 0.211219 0.039738 20 23 100 108 2 1000 1000 1000 10
0.166667 0.162063 0.039625 20 15 100 94 2 1000 1000 1000 10
0.166667 0.160651 0.037573 20 18 100 97 2 1000 1000 1000 10
0.166667 0.189721 0.040823 20 19 100 102 2 1000 1000 1000 10
0.166667 0.143550 0.036026 20 14 100 105 2 1000 1000 1000 10
0.166667 0.156859 0.040911 20 16 100 94 2 1000 1000 1000 10
0.166667 0.154872 0.034375 20 20 100 117 2 1000 1000 1000 10
0.166667 0.241607 0.046948 20 22 100 78 2 1000 1000 1000 10
0.166667 0.116778 0.033865 20 15 100 107 2 1000 1000 1000 10
0.166667 0.268350 0.045240 20 26 100 90 2 1000 1000 1000 10
0.166667 0.249484 0.046222 20 23 100 87 2 1000 1000 1000 10
0.166667 0.142003 0.037780 20 15 100 103 2 1000 1000 1000 10
0.166667 0.191289 0.037509 20 24 100 110 2 1000 1000 1000 10
0.166667 0.147241 0.033095 20 20 100 124 2 1000 1000 1000 10
0.166667 0.250581 0.041900 20 27 100 98 2 1000 1000 1000 10
0.166667 0.185428 0.041765 20 21 100 94 2 1000 1000 1000 10
0.166667 0.209398 0.042039 20 22 100 96 2 1000 1000 1000 10
0.166667 0.127655 0.033709 20 13 100 112 2 1000 1000 1000 10
0.166667 0.155729 0.034072 20 24 100 118 2 1000 1000 1000 10
0.166667 0.242824 0.044243 20 24 100 88 2 1000 1000 1000 10
0.166667 0.167619 0.039101 20 18 100 95 2 1000 1000 1000 10
0.166667 0.122867 0.032660 20 15 100 121 2 1000 1000 1000 10
0.166667 0.157146 0.035976 20 16 100 113 2 1000 1000 1000 10
0.166667 0.112052 0.035509 20 10 100 95 2 1000 1000 1000 10
0.166667 0.193492 0.039025 20 26 100 106 2 1000 1000 1000 10
0.166667 0.197317 0.037574 20 24 100 116 2 1000 1000 1000 10
0.166667 0.216821 0.045842 20 20 100 92 2 1000 1000 1000 10
0.166667 0.177767 0.041890 20 15 100 87 2 1000 1000 1000 10
0.166667 0.241555 0.040115 20 29 100 112 2 1000 1000 1000 10
0.166667 0.187386 0.041855 20 21 100 89 2 1000 1000 1000 10
0.166667 0.178627 0.039471 20 18 100 102 2 1000 1000 1000 10
0.166667 0.200838 0.038857 20 24 100 105 2 1000 1000 1000 10
0.166667 0.191872 0.039086 20 23 100 100 2 1000 1000 1000 10
0.166667 0.160325 0.037590 20 15 100 106 2 1000 1000 1000 10
0.166667 0.236447 0.042338 20 28 100 101 2 1000 1000 1000 10
0.166667 0.144157 0.036723 20 15 100 95 2 1000 1000 1000 10
0.166667 0.121337 0.034329 20 17 100 107 2 1000 1000 1000 10
0.166667 0.177938 0.039934 20 19 100 101 2 1000 1000 1000 10
0.166667 0.197360 0.042041 20 22 100 92 2 1000 1000 1000 10
0.166667 0.112047 0.035521 20 15 100 100 2 1000 1000 1000 10
0.166667 0.204712 0.041202 20 21 100 100 2 1000 1000 1000 10
0.166667 0.237598 0.042394 20 22 100 98 2 1000 1000 1000 10
0.166667 0.181997 0.038328 20 21 100 106 2 1000 1000 1000 10
0.166667 0.244746 0.041758 20 27 100 104 2 1000 1000 1000 10
0.166667 0.203359 0.040558 20 19 100 100 2 1000 1000 1000 10
0.166667 0.176847 0.040093 20 21 100 92 2 1000 1000 1000 10
0.166667 0.209246 0.042333 20 24 100 97 2 1000 1000 1000 10
0.166667 0.115122 0.033215 20 15 100 106 2 1000 1000 1000 10
0.166667 0.209467 0.038564 20 24 100 113 2 1000 1000 1000 10
0.166667 0.177784 0.042817 20 16 100 86 2 1000 1000 1000 10
0.166667 0.151356 0.038985 20 17 100 97 2 1000 1000 1000 10
0.166667 0.184214 0.038908 20 21 100 99 2 1000 1000 1000 10
0.166667 0.222138 0.043818 20 24 100 87 2 1000 1000 1000 10
0.166667 0.100695 0.030983 20 11 100 110 2 1000 1000 1000 10
0.166667 0.168261 0.040197 20 17 100 91 2 1000 1000 1000 10
0.166667 0.184839 0.039863 20 20 100 98 2 1000 1000 1000 10
0.166667 0.156370 0.033716 20 21 100 117 2 1000 1000 1000 10
0.166667 0.246259 0.043396 20 26 100 93 2 1000 1000 1000 10
0.166667 0.207353 0.042051 20 20 100 93 2 1000 1000 1000 10
0.166667 0.248049 0.040984 20 29 100 103 2 1000 1000 1000 10
0.166667 0.225634 0.044664 20 23 100 91 2 1000 1000 1000 10
0.166667 0.144245 0.036595 20 16 100 102 2 1000 1000 1000 10
0.166667 0.164349 0.035489 20 20 100 121 2 1000 1000 1000 10
0.166667 0.252752 0.046107 20 20 100 93 2 1000 1000 1000 10
0.166667 0.210225 0.041259 20 25 100 96 2 1000 1000 1000 10
0.166667 0.261195 0.044481 20 30 100 93 2 1000 1000 1000 10
0.166667 0.177064 0.038045 20 21 100 96 2 1000 1000 1000 10
0.166667 0.157536 0.039920 20 18 100 92 2 1000 1000 1000 10
0.166667 0.238416 0.046525 20 22 100 90 2 1000 1000 1000 10
0.166667 0.152791 0.036409 20 17 100 102 2 1000 1000 1000 10
0.166667 0.209727 0.045007 20 18 100 88 2 1000 1000 1000 10
0.166667 0.198512 0.039439 20 24 100 106 2 1000 1000 1000 10
0.166667 0.183659 0.039502 20 20 100 97 2 1000 1000 1000 10
0.166667 0.223317 0.043576 20 22 100 94 2 1000 1000 1000 10
0.166667 0.186209 0.038074 20 19 100 104 2 1000 1000 1000 10
0.166667 0.104176 0.034829 20 12 100 101 2 1000 1000 1000 10
0.166667 0.072618 0.028064 20 9 100 116 2 1000 1000 1000 10
0.166667 0.191380 0.040170 20 21 100 99 2 1000 1000 1000 10
0.166667 0.134992 0.036020 20 13 100 99 2 1000 1000 1000 10
0.166667 0.156710 0.038252 20 19 100 95 2 1000 1000 1000 10
0.166667 0.232681 0.041612 20 24 100 105 2 1000 1000 1000 10
0.166667 0.127023 0.033374 20 16 100 112 2 1000 1000 1000 10
0.166667 0.218888 0.046146 20 16 100 82 2 1000 1000 1000 10
0.166667 0.115897 0.034711 20 15 100 101 2 1000 1000 1000 10
0.166667 0.138862 0.037271 20 15 100 95 2 1000 1000 1000 10
0.166667 0.205878 0.039873 20 24 100 105 2 1000 1000 1000 10
0.166667 0.139222 0.035442 20 18 100 108 2 1000 1000 1000 10
0.166667 0.126902 0.036218 20 12 100 103 2 1000 1000 1000 10
0.166667 0.164868 0.040029 20 15 100 89 2 1000 1000 1000 10
0.166667 0.188679 0.040682 20 23 100 96 2 1000 1000 1000 10
0.166667 0.244153 0.044523 20 26 100 88 2 1000 1000 1000 10
0.166667 0.216335 0.041189 20 26 100 95 2 1000 1000 1000 10
0.166667 0.224400 0.042419 20 24 100 95 2 1000 1000 1000 10
0.166667 0.171859 0.038860 20 20 100 94 2 1000 1000 1000 10
0.166667 0.160324 0.036893 20 17 100 110 2 1000 1000 1000 10
0.166667 0.196252 0.039520 20 20 100 104 2 1000 1000 1000 10
0.166667 0.182617 0.036728 20 20 100 116 2 1000 1000 1000 10
0.166667 0.233990 0.046006 20 23 100 82 2 1000 1000 1000 10
0.166667 0.122848 0.030739 20 16 100 121 2 1000 1000 1000 10
0.166667 0.166487 0.037663 20 17 100 104 2 1000 1000 1000 10
0.166667 0.143824 0.036382 20 20 100 107 2 1000 1000 1000 10
0.166667 0.192762 0.040123 20 23 100 100 2 1000 1000 1000 10
0.166667 0.247886 0.043195 20 27 100 98 2 1000 1000 1000 10
0.166667 0.243178 0.046042 20 22 100 89 2 1000 1000 1000 10
0.166667 0.104498 0.034203 20 15 100 110 2 1000 1000 1000 10
0.166667 0.199050 0.040123 20 23 100 105 2 1000 1000 1000 10
0.166667 0.178854 0.036495 20 24 100 114 2 1000 1000 1000 10
0.166667 0.205734 0.038183 20 25 100 112 2 1000 1000 1000 10
0.166667 0.150220 0.041897 20 14 100 88 2 1000 1000 1000 10
0.166667 0.198073 0.041662 20 20 100 96 2 1000 1000 1000 10
0.166667 0.179180 0.042718 20 16 100 88 2 1000 1000 1000 10
0.166667 0.235418 0.042183 20 23 100 101 2 1000 1000 1000 10
0.166667 0.234618 0.045709 20 22 100 90 2 1000 1000 1000 10
0.166667 0.181322 0.034840 20 25 100 125 2 1000 1000 1000 10
0.166667 0.248426 0.040730 20 29 100 102 2 1000 1000 1000 10
0.166667 0.172290 0.038240 20 18 100 111 2 1000 1000 1000 10
0.166667 0.172381 0.036818 20 17 100 106 2 1000 1000 1000 10
0.166667 0.162979 0.038079 20 19 100 103 2 1000 1000 1000 10
0.166667 0.220856 0.041283 20 28 100 100 2 1000 1000 1000 10
0.166667 0.207607 0.037805 20 25 100 115 2 1000 1000 1000 10
0.166667 0.205713 0.041741 20 23 100 100 2 1000 1000 1000 10
0.166667 0.189001 0.035689 20 25 100 115 2 1000 1000 1000 10
0.166667 0.143462 0.033795 20 19 100 118 2 1000 1000 1000 10
0.166667 0.232699 0.042666 20 25 100 93 2 1000 1000 1000 10
0.166667 0.161630 0.036334 20 21 100 113 2 1000 1000 1000 10
0.166667 0.147872 0.035307 20 18 100 112 2 1000 1000 1000 10
0.166667 0.155404 0.038953 20 17 100 87 2 1000 1000 1000 10
0.166667 0.180931 0.041661 20 18 100 90 2 1000 1000 1000 10
0.166667 0.237006 0.043358 20 25 100 94 2 1000 1000 1000 10
0.166667 0.221282 0.043117 20 25 100 92 2 1000 1000 1000 10
0.166667 0.187037 0.036653 20 21 100 119 2 1000 1000 1000 10
0.166667 0.182879 0.040448 20 21 100 100 2 1000 1000 1000 10
0.166667 0.132532 0.037633 20 11 100 93 2 1000 1000 1000 10
0.166667 0.161740 0.042511 20 16 100 85 2 1000 1000 1000 10
0.166667 0.192865 0.040570 20 19 100 103 2 1000 1000 1000 10
0.166667 0.144255 0.035486 20 17 100 112 2 1000 1000 1000 10
0.166667 0.144077 0.036003 20 16 100 106 2 1000 1000 1000 10
0.166667 0.170113 0.035866 20 22 100 119 2 1000 1000 1000 10
0.166667 0.169743 0.036647 20 21 100 115 2 1000 1000 1000 10
0.166667 0.216522 0.043013 20 21 100 90 2 1000 1000 1000 10
0.166667 0.230154 0.039999 20 27 100 105 2 1000 1000 1000 10
0.166667 0.249197 0.041482 20 29 100 101 2 1000 1000 1000 10
0.166667 0.239136 0.042296 20 27 100 98 2 1000 1000 1000 10
0.166667 0.184118 0.041663 20 20 100 95 2 1000 1000 1000 10
0.166667 0.223264 0.043271 20 22 100 94 2 1000 1000 1000 10
0.166667 0.209422 0.042295 20 18 100 99 2 1000 1000 1000 10
0.166667 0.247659 0.043104 20 29 100 97 2 1000 1000 1000 10
0.166667 0.186849 0.038048 20 22 100 104 2 1000 1000 1000 10
0.166667 0.162283 0.037854 20 16 100 104 2 1000 1000 1000 10
0.166667 0.209183 0.040741 20 25 100 99 2 1000 1000 1000 10
0.166667 0.198077 0.036646 20 28 100 120 2 1000 1000 1000 10
0.166667 0.222911 0.044016 20 21 100 83 2 1000 1000 1000 10
0.166667 0.163507 0.038443 20 18 100 96 2 1000 1000 1000 10
0.166667 0.127155 0.037705 20 15 100 97 2 1000 1000 1000 10
0.166667 0.179992 0.038101 20 20 100 106 2 1000 1000 1000 10
0.166667 0.217061 0.042641 20 22 100 95 2 1000 1000 1000 10
0.166667 0.201820 0.042568 20 22 100 92 2 1000 1000 1000 10
0.166667 0.098270 0.032138 20 14 100 109 2 1000 1000 1000 10
0.166667 0.173235 0.037314 20 19 100 104 2 1000 1000 1000 10
0.166667 0.223752 0.039271 20 28 100 107 2 1000 1000 1000 10
0.166667 0.148168 0.037759 20 18 100 97 2 1000 1000 1000 10
0.166667 0.199217 0.041669 20 18 100 95 2 1000 1000 1000 10
0.166667 0.199892 0.042016 20 20 100 98 2 1000 1000 1000 10
0.166667 0.204177 0.043147 20 19 100 86 2 1000 1000 1000 10
0.166667 0.178273 0.039386 20 18 100 98 2 1000 1000 1000 10
0.166667 0.212303 0.042741 20 21 100 96 2 1000 1000 1000 10
0.166667 0.182351 0.036878 20 22 100 106 2 1000 1000 1000 10
0.166667 0.210779 0.040239 20 26 100 107 2 1000 1000 1000 10
0.166667 0.147089 0.037808 20 18 100 99 2 1000 1000 1000 10
0.166667 0.222707 0.043057 20 24 100 96 2 1000 1000 1000 10
0.166667 0.117288 0.032458 20 14 100 110 2 1000 1000 1000 10
0.166667 0.187321 0.041626 20 19 100 95 2 1000 1000 1000 10
0.166667 0.164548 0.036373 20 23 100 114 2 1000 1000 1000 10
0.166667 0.159725 0.035445 20 21 100 110 2 1000 1000 1000 10
0.166667 0.162706 0.040312 20 15 100 90 2 1000 1000 1000 10
0.166667 0.223235 0.042095 20 25 100 95 2 1000 1000 1000 10
0.166667 0.210496 0.043302 20 23 100 93 2 1000 1000 1000 10
0.166667 0.172887 0.042480 20 16 100 83 2 1000 1000 1000 10
0.166667 0.160659 0.038256 20 18 100 96 2 1000 1000 1000 10
0.166667 0.193988 0.042841 20 21 100 86 2 1000 1000 1000 10
0.166667 0.204044 0.043557 20 19 100 84 2 1000 1000 1000 10
0.166667 0.153667 0.036494 20 17 100 105 2 1000 1000 1000 10
0.166667 0.134921 0.038082 20 14 100 97 2 1000 1000 1000 10
0.166667 0.200736 0.040314 20 23 100 99 2 1000 1000 1000 10
0.166667 0.178538 0.040261 20 17 100 99 2 1000 1000 1000 10
0.166667 0.191178 0.040234 20 20 100 100 2 1000 1000 1000 10
0.166667 0.163592 0.036861 20 20 100 113 2 1000 1000 1000 10
0.166667 0.201416 0.037978 20 25 100 121 2 1000 1000 1000 10
0.166667 0.254851 0.046702 20 27 100 84 2 1000 1000 1000 10
0.166667 0.154759 0.036197 20 17 100 104 2 1000 1000 1000 10
0.166667 0.248783 0.044890 20 24 100 90 2 1000 1000 1000 10
0.166667 0.220554 0.040903 20 22 100 107 2 1000 1000 1000 10
0.166667 0.203496 0.041336 20 20 100 98 2 1000 1000 1000 10
0.166667 0.148427 0.040903 20 16 100 87 2 1000 1000 1000 10
0.166667 0.215615 0.041952 20 22 100 96 2 1000 1000 1000 10
0.166667 0.158642 0.038070 20 17 100 98 2 1000 1000 1000 10
0.166667 0.195246 0.044057 20 17 100 82 2 1000 1000 1000 10
0.166667 0.189429 0.039616 20 22 100 100 2 1000 1000 1000 10
0.166667 0.165262 0.037660 20 21 100 99 2 1000 1000 1000 10
0.166667 0.152081 0.038884 20 16 100 101 2 1000 1000 1000 10
0.166667 0.152494 0.038099 20 16 100 102 2 1000 1000 1000 10
0.166667 0.198702 0.041782 20 21 100 97 2 1000 1000 1000 10
0.166667 0.116765 0.032930 20 13 100 106 2 1000 1000 1000 10
0.166667 0.200010 0.043175 20 18 100 87 2 1000 1000 1000 10
0.166667 0.185938 0.039809 20 24 100 100 2 1000 1000 1000 10
0.166667 0.175929 0.038066 20 20 100 112 2 1000 1000 1000 10
0.166667 0.166209 0.038069 20 18 100 111 2 1000 1000 1000 10
0.166667 0.172550 0.040746 20 20 100 94 2 1000 1000 1000 10
0.166667 0.171588 0.039401 20 17 100 95 2 1000 1000 1000 10
0.166667 0.178516 0.037602 20 24 100 111 2 1000 1000 1000 10
0.166667 0.202037 0.041109 20 22 100 96 2 1000 1000 1000 10
0.166667 0.249496 0.042592 20 28 100 102 2 1000 1000 1000 10
0.166667 0.200779 0.040888 20 21 100 94 2 1000 1000 1000 10
0.166667 0.274915 0.049456 20 27 100 76 2 1000 1000 1000 10
0.166667 0.191968 0.042524 20 22 100 86 2 1000 1000 1000 10
0.166667 0.185503 0.039212 20 20 100 106 2 1000 1000 1000 10
0.166667 0.198403 0.042091 20 20 100 97 2 1000 1000 1000 10
0.166667 0.196039 0.044897 20 19 100 86 2 1000 1000 1000 10
0.166667 0.240764 0.044348 20 23 100 93 2 1000 1000 1000 10
0.166667 0.261353 0.047345 20 21 100 83 2 1000 1000 1000 10
0.166667 0.242291 0.039274 20 32 100 121 2 1000 1000 1000 10
0.166667 0.200940 0.042243 20 19 100 97 2 1000 1000 1000 10
0.166667 0.176302 0.038545 20 19 100 101 2 1000 1000 1000 10
0.166667 0.243832 0.041208 20 28 100 100 2 1000 1000 1000 10
0.166667 0.178790 0.040371 20 19 100 103 2 1000 1000 1000 10
0.166667 0.226349 0.041157 20 22 100 97 2 1000 1000 1000 10
0.166667 0.165778 0.037968 20 17 100 99 2 1000 1000 1000 10
0.166667 0.206047 0.043655 20 22 100 88 2 1000 1000 1000 10
0.166667 0.208073 0.043373 20 21 100 93 2 1000 1000 1000 10
0.166667 0.194900 0.043225 20 19 100 83 2 1000 1000 1000 10
0.166667 0.121353 0.036094 20 12 100 105 2 1000 1000 1000 10
0.166667 0.121944 0.032428 20 16 100 115 2 1000 1000 1000 10
0.166667 0.206854 0.042712 20 20 100 99 2 1000 1000 1000 10
0.166667 0.162075 0.041280 20 15 100 89 2 1000 1000 1000 10
0.166667 0.209984 0.043184 20 21 100 96 2 1000 1000 1000 10
0.166667 0.183298 0.037208 20 23 100 109 2 1000 1000 1000 10
0.166667 0.156845 0.039446 20 15 100 101 2 1000 1000 1000 10
0.166667 0.208985 0.038912 20 23 100 112 2 1000 1000 1000 10
0.166667 0.188534 0.038716 20 20 100 108 2 1000 1000 1000 10
0.166667 0.173882 0.038558 20 20 100 105 2 1000 1000 1000 10
0.166667 0.154806 0.033349 20 20 100 124 2 1000 1000 1000 10
0.166667 0.171208 0.037788 20 22 100 106 2 1000 1000 1000 10
0.166667 0.164451 0.037393 20 20 100 104 2 1000 1000 1000 10
0.166667 0.143319 0.039371 20 12 100 91 2 1000 1000 1000 10
0.166667 0.172863 0.038648 20 21 100 105 2 1000 1000 1000 10
0.166667 0.115974 0.031856 20 16 100 119 2 1000 1000 1000 10
0.166667 0.170612 0.038079 20 23 100 103 2 1000 1000 1000 10
0.166667 0.265999 0.042009 20 30 100 103 2 1000 1000 1000 10
0.166667 0.234756 0.041000 20 25 100 105 2 1000 1000 1000 10
0.166667 0.227316 0.038689 20 27 100 115 2 1000 1000 1000 10
0.166667 0.110094 0.033204 20 13 100 105 2 1000 1000 1000 10
0.166667 0.178946 0.037607 20 22 100 107 2 1000 1000 1000 10
0.166667 0.208891 0.044888 20 19 100 80 2 1000 1000 1000 10
0.166667 0.145404 0.039537 20 13 100 86 2 1000 1000 1000 10
0.166667 0.203547 0.037752 20 25 100 117 2 1000 1000 1000 10
0.166667 0.151197 0.034675 20 21 100 113 2 1000 1000 1000 10
0.166667 0.163336 0.038481 20 16 100 106 2 1000 1000 1000 10
0.166667 0.198969 0.040484 20 24 100 104 2 1000 1000 1000 10
0.166667 0.195594 0.041866 20 19 100 86 2 1000 1000 1000 10
0.166667 0.218229 0.044820 20 20 100 87 2 1000 1000 1000 10
0.166667 0.181363 0.041887 20 18 100 94 2 1000 1000 1000 10
0.166667 0.180539 0.036730 20 19 100 113 2 1000 1000 1000 10
0.166667 0.103902 0.032297 20 14 100 104 2 1000 1000 1000 10
0.166667 0.122321 0.032567 20 17 100 124 2 1000 1000 1000 10
0.166667 0.109394 0.032933 20 15 100 107 2 1000 1000 1000 10
0.166667 0.127302 0.035742 20 16 100 110 2 1000 1000 1000 10
0.166667 0.180856 0.039322 20 22 100 109 2 1000 1000 1000 10
0.166667 0.146683 0.035499 20 20 100 107 2 1000 1000 1000 10
0.166667 0.151969 0.037714 20 15 100 105 2 1000 1000 1000 10
0.166667 0.180058 0.039917 20 21 100 103 2 1000 1000 1000 10
0.166667 0.229917 0.045987 20 22 100 85 2 1000 1000 1000 10
0.166667 0.206130 0.044779 20 20 100 86 2 1000 1000 1000 10
0.166667 0.194826 0.042630 20 19 100 89 2 1000 1000 1000 10
0.166667 0.278742 0.048970 20 24 100 79 2 1000 1000 1000 10
0.166667 0.166685 0.037742 20 19 100 104 2 1000 1000 1000 10
0.166667 0.259633 0.046606 20 25 100 86 2 1000 1000 1000 10
0.166667 0.249453 0.042160 20 30 100 102 2 1000 1000 1000 10
0.166667 0.161867 0.037778 20 20 100 102 2 1000 1000 1000 10
0.166667 0.075010 0.028478 20 10 100 120 2 1000 1000 1000 10
0.166667 0.195524 0.040578 20 19 100 101 2 1000 1000 1000 10
0.166667 0.165518 0.042764 20 15 100 83 2 1000 1000 1000 10
0.166667 0.258695 0.042710 20 31 100 101 2 1000 1000 1000 10
0.166667 0.308412 0.045272 20 33 100 95 2 1000 1000 1000 10
0.166667 0.178003 0.039814 20 20 100 94 2 1000 1000 1000 10
0.166667 0.163833 0.037827 20 18 100 101 2 1000 1000 1000 10
0.166667 0.104892 0.031281 20 13 100 115 2 1000 1000 1000 10
0.166667 0.200393 0.040665 20 21 100 99 2 1000 1000 1000 10
0.166667 0.236134 0.043218 20 26 100 93 2 1000 1000 1000 10
0.166667 0.116368 0.033784 20 15 100 108 2 1000 1000 1000 10
0.166667 0.179187 0.042042 20 19 100 87 2 1000 1000 1000 10
0.166667 0.128216 0.033804 20 14 100 106 2 1000 1000 1000 10
0.166667 0.213077 0.040155 20 24 100 102 2 1000 1000 1000 10
0.166667 0.144214 0.035850 20 18 100 114 2 1000 1000 1000 10
0.166667 0.252243 0.045235 20 25 100 91 2 1000 1000 1000 10
0.166667 0.205323 0.041480 20 21 100 97 2 1000 1000 1000 10
0.166667 0.222545 0.041929 20 23 100 99 2 1000 1000 1000 10
0.166667 0.211940 0.044241 20 20 100 83 2 1000 1000 1000 10
0.166667 0.223073 0.041840 20 23 100 99 2 1000 1000 1000 10
0.166667 0.178396 0.037286 20 19 100 107 2 1000 1000 1000 10
0.166667 0.206297 0.041807 20 21 100 101 2 1000 1000 1000 10
0.166667 0.135256 0.036102 20 18 100 102 2 1000 1000 1000 10
0.166667 0.101858 0.034987 20 10 100 90 2 1000 1000 1000 10
0.166667 0.193161 0.041160 20 20 100 99 2 1000 1000 1000 10
0.166667 0.218579 0.045339 20 21 100 84 2 1000 1000 1000 10
0.166667 0.191969 0.039429 20 22 100 102 2 1000 1000 1000 10
0.166667 0.166656 0.038139 20 20 100 101 2 1000 1000 1000 10
0.166667 0.199370 0.039215 20 21 100 110 2 1000 1000 1000 10
0.166667 0.184923 0.041433 20 19 100 89 2 1000 1000 1000 10
0.166667 0.184483 0.044105 20 13 100 88 2 1000 1000 1000 10
0.166667 0.204227 0.042211 20 22 100 92 2 1000 1000 1000 10
0.166667 0.210010 0.044630 20 23 100 90 2 1000 1000 1000 10
0.166667 0.231797 0.042412 20 27 100 104 2 1000 1000 1000 10
0.166667 0.128608 0.034028 20 17 100 111 2 1000 1000 1000 10
0.166667 0.138783 0.032898 20 17 100 121 2 1000 1000 1000 10
0.166667 0.124343 0.032362 20 15 100 118 2 1000 1000 1000 10
0.166667 0.151429 0.038653 20 15 100 93 2 1000 1000 1000 10
0.166667 0.166666 0.034508 20 20 100 117 2 1000 1000 1000 10
0.166667 0.245489 0.052268 20 19 100 65 2 1000 1000 1000 10
0.166667 0.226748 0.040195 20 26 100 105 2 1000 1000 1000 10
0.166667 0.215893 0.042298 20 24 100 97 2 1000 1000 1000 10
0.166667 0.152180 0.037366 20 18 100 103 2 1000 1000 1000 10
0.166667 0.190402 0.037966 20 26 100 116 2 1000 1000 1000 10
0.166667 0.225514 0.045510 20 20 100 80 2 1000 1000 1000 10
0.166667 0.163918 0.040853 20 17 100 90 2 1000 1000 1000 10
0.166667 0.163080 0.038724 20 18 100 92 2 1000 1000 1000 10
0.166667 0.230032 0.042355 20 26 100 95 2 1000 1000 1000 10
0.166667 0.149417 0.036741 20 17 100 105 2 1000 1000 1000 10
0.166667 0.179176 0.037277 20 19 100 113 2 1000 1000 1000 10
0.166667 0.200663 0.042245 20 23 100 94 2 1000 1000 1000 10
0.166667 0.205907 0.042345 20 20 100 94 2 1000 1000 1000 10
0.166667 0.185765 0.038682 20 22 100 103 2 1000 1000 1000 10
0.166667 0.156259 0.036327 20 17 100 106 2 1000 1000 1000 10
0.166667 0.176408 0.037100 20 19 100 110 2 1000 1000 1000 10
0.166667 0.209054 0.043295 20 18 100 94 2 1000 1000 1000 10
0.166667 0.187845 0.042510 20 16 100 95 2 1000 1000 1000 10
0.166667 0.108406 0.031696 20 13 100 108 2 1000 1000 1000 10
0.166667 0.074135 0.029592 20 10 100 101 2 1000 1000 1000 10
0.166667 0.141057 0.035871 20 15 100 103 2 1000 1000 1000 10
0.166667 0.205531 0.040018 20 24 100 103 2 1000 1000 1000 10
0.166667 0.243328 0.043225 20 26 100 93 2 1000 1000 1000 10
0.166667 0.234428 0.044041 20 23 100 93 2 1000 1000 1000 10
0.166667 0.159503 0.043510 20 15 100 79 2 1000 1000 1000 10
0.166667 0.186617 0.037724 20 22 100 113 2 1000 1000 1000 10
0.166667 0.105261 0.033252 20 11 100 94 2 1000 1000 1000 10
0.166667 0.204752 0.042731 20 21 100 86 2 1000 1000 1000 10
0.166667 0.114585 0.034752 20 12 100 93 2 1000 1000 1000 10
0.166667 0.109467 0.033980 20 13 100 94 2 1000 1000 1000 10
0.166667 0.204126 0.039753 20 23 100 100 2 1000 1000 1000 10
0.166667 0.150821 0.035544 20 21 100 115 2 1000 1000 1000 10
0.166667 0.175257 0.038726 20 21 100 94 2 1000 1000 1000 10
0.166667 0.139341 0.036899 20 14 100 103 2 1000 1000 1000 10
0.166667 0.151973 0.035855 20 17 100 106 2 1000 1000 1000 10
0.166667 0.159289 0.040843 20 16 100 84 2 1000 1000 1000 10
0.166667 0.191160 0.040470 20 19 100 95 2 1000 1000 1000 10
0.166667 0.122400 0.033224 20 15 100 123 2 1000 1000 1000 10
0.166667 0.143234 0.035476 20 13 100 110 2 1000 1000 1000 10
0.166667 0.150412 0.035029 20 17 100 113 2 1000 1000 1000 10
0.166667 0.148997 0.036956 20 18 100 101 2 1000 1000 1000 10
0.166667 0.134221 0.032825 20 16 100 117 2 1000 1000 1000 10
0.166667 0.245048 0.043853 20 25 100 98 2 1000 1000 1000 10
0.166667 0.201956 0.041442 20 21 100 98 2 1000 1000 1000 10
0.166667 0.200916 0.040778 20 23 100 101 2 1000 1000 1000 10
0.166667 0.190110 0.037955 20 23 100 110 2 1000 1000 1000 10
0.166667 0.208003 0.041430 20 23 100 101 2 1000 1000 1000 10
0.166667 0.156034 0.036936 20 20 100 107 2 1000 1000 1000 10
0.166667 0.188152 0.040339 20 18 100 100 2 1000 1000 1000 10
0.166667 0.137248 0.033965 20 19 100 111 2 1000 1000 1000 10
0.166667 0.178401 0.038198 20 18 100 103 2 1000 1000 1000 10
0.166667 0.224524 0.046967 20 22 100 84 2 1000 1000 1000 10
0.166667 0.197531 0.041095 20 20 100 98 2 1000 1000 1000 10
0.166667 0.172409 0.038206 20 20 100 108 2 1000 1000 1000 10
0.166667 0.131167 0.036561 20 16 100 98 2 1000 1000 1000 10
0.166667 0.173190 0.042500 20 16 100 86 2 1000 1000 1000 10
0.166667 0.147625 0.038377 20 15 100 100 2 1000 1000 1000 10
0.166667 0.178606 0.037825 20 21 100 111 2 1000 1000 1000 10
0.166667 0.219018 0.040908 20 24 100 102 2 1000 1000 1000 10
0.166667 0.184831 0.040704 20 20 100 95 2 1000 1000 1000 10
0.166667 0.210900 0.042772 20 22 100 92 2 1000 1000 1000 10
0.166667 0.174690 0.040585 20 18 100 95 2 1000 1000 1000 10
0.166667 0.142583 0.035895 20 16 100 107 2 1000 1000 1000 10
0.166667 0.129028 0.037003 20 15 100 98 2 1000 1000 1000 10
0.166667 0.113523 0.032192 20 13 100 111 2 1000 1000 1000 10
0.166667 0.192707 0.038224 20 22 100 104 2 1000 1000 1000 10
0.166667 0.212431 0.044096 20 19 100 91 2 1000 1000 1000 10
0.166667 0.078164 0.029798 20 10 100 117 2 1000 1000 1000 10
0.166667 0.128462 0.036790 20 14 100 92 2 1000 1000 1000 10
0.166667 0.199783 0.041691 20 22 100 95 2 1000 1000 1000 10
0.166667 0.163505 0.040643 20 15 100 99 2 1000 1000 1000 10
0.166667 0.172843 0.039587 20 20 100 95 2 1000 1000 1000 10
0.166667 0.194427 0.044091 20 17 100 87 2 1000 1000 1000 10
0.166667 0.278013 0.046995 20 25 100 87 2 1000 1000 1000 10
0.166667 0.178760 0.038473 20 22 100 105 2 1000 1000 1000 10
0.166667 0.202204 0.044445 20 21 100 84 2 1000 1000 1000 10
0.166667 0.188439 0.046232 20 15 100 77 2 1000 1000 1000 10
0.166667 0.204409 0.042370 20 23 100 95 2 1000 1000 1000 10
0.166667 0.185101 0.042898 20 21 100 87 2 1000 1000 1000 10
0.166667 0.165450 0.039965 20 16 100 96 2 1000 1000 1000 10
0.166667 0.167579 0.034758 20 22 100 117 2 1000 1000 1000 10
0.166667 0.294652 0.048942 20 29 100 81 2 1000 1000 1000 10
0.166667 0.178583 0.042843 20 16 100 88 2 1000 1000 1000 10
0.166667 0.230323 0.043836 20 23 100 89 2 1000 1000 1000 10
0.166667 0.215726 0.042802 20 21 100 91 2 1000 1000 1000 10
0.166667 0.162210 0.039905 20 15 100 95 2 1000 1000 1000 10
0.166667 0.258589 0.042626 20 29 100 101 2 1000 1000 1000 10
0.166667 0.179322 0.039338 20 19 100 108 2 1000 1000 1000 10
0.166667 0.136579 0.033642 20 15 100 115 2 1000 1000 1000 10
0.166667 0.138832 0.035501 20 16 100 117 2 1000 1000 1000 10
0.166667 0.182724 0.041026 20 16 100 91 2 1000 1000 1000 10
0.166667 0.123325 0.038786 20 11 100 85 2 1000 1000 1000 10
0.166667 0.205685 0.043876 20 20 100 82 2 1000 1000 1000 10
0.166667 0.140856 0.037428 20 17 100 101 2 1000 1000 1000 10
0.166667 0.200910 0.041351 20 21 100 96 2 1000 1000 1000 10
0.166667 0.126383 0.035374 20 17 100 106 2 1000 1000 1000 10
0.166667 0.158341 0.040456 20 16 100 85 2 1000 1000 1000 10
0.166667 0.178204 0.041674 20 19 100 99 2 1000 1000 1000 10
0.166667 0.171127 0.037705 20 19 100 107 2 1000 1000 1000 10
0.166667 0.146061 0.039103 20 16 100 95 2 1000 1000 1000 10
0.166667 0.222335 0.041243 20 27 100 95 2 1000 1000 1000 10
0.166667 0.194443 0.040111 20 21 100 103 2 1000 1000 1000 10
0.166667 0.169886 0.037354 20 19 100 111 2 1000 1000 1000 10
0.166667 0.280434 0.045021 20 28 100 91 2 1000 1000 1000 10
0.166667 0.264101 0.044495 20 28 100 85 2 1000 1000 1000 10
0.166667 0.241144 0.044530 20 24 100 87 2 1000 1000 1000 10
0.166667 0.189988 0.043345 20 17 100 84 2 1000 1000 1000 10
0.166667 0.181759 0.039993 20 17 100 97 2 1000 1000 1000 10
0.166667 0.123353 0.032965 20 14 100 114 2 1000 1000 1000 10
0.166667 0.168284 0.037406 20 18 100 104 2 1000 1000 1000 10
0.166667 0.158047 0.037119 20 18 100 103 2 1000 1000 1000 10
0.166667 0.140323 0.036228 20 15 100 105 2 1000 1000 1000 10
0.166667 0.197944 0.038960 20 19 100 107 2 1000 1000 1000 10
0.166667 0.193978 0.043792 20 19 100 83 2 1000 1000 1000 10
0.166667 0.144777 0.035264 20 20 100 108 2 1000 1000 1000 10
0.166667 0.223448 0.042899 20 25 100 94 2 1000 1000 1000 10
0.166667 0.101787 0.033670 20 11 100 108 2 1000 1000 1000 10
0.166667 0.141004 0.035827 20 17 100 109 2 1000 1000 1000 10
0.166667 0.174352 0.036001 20 19 100 123 2 1000 1000 1000 10
0.166667 0.189934 0.039380 20 24 100 100 2 1000 1000 1000 10
0.166667 0.103944 0.034059 20 8 100 110 2 1000 1000 1000 10
0.166667 0.120427 0.033579 20 16 100 108 2 1000 1000 1000 10
0.166667 0.177787 0.037684 20 24 100 108 2 1000 1000 1000 10
0.166667 0.152715 0.037132 20 16 100 104 2 1000 1000 1000 10
0.166667 0.200298 0.038586 20 23 100 111 2 1000 1000 1000 10
0.166667 0.197591 0.038460 20 24 100 104 2 1000 1000 1000 10
0.166667 0.193458 0.044647 20 18 100 85 2 1000 1000 1000 10
0.166667 0.135475 0.037733 20 13 100 97 2 1000 1000 1000 10
0.166667 0.215957 0.039706 20 24 100 109 2 1000 1000 1000 10
0.166667 0.239886 0.043790 20 24 100 92 2 1000 1000 1000 10
0.166667 0.221229 0.044803 20 22 100 90 2 1000 1000 1000 10
0.166667 0.219364 0.041813 20 25 100 89 2 1000 1000 1000 10
0.166667 0.172010 0.039640 20 18 100 92 2 1000 1000 1000 10
0.166667 0.211983 0.039510 20 21 100 107 2 1000 1000 1000 10
0.166667 0.276301 0.042731 20 33 100 96 2 1000 1000 1000 10
0.166667 0.164501 0.037351 20 19 100 99 2 1000 1000 1000 10
0.166667 0.175183 0.037227 20 20 100 107 2 1000 1000 1000 10
0.166667 0.187075 0.043526 20 19 100 92 2 1000 1000 1000 10
0.166667 0.105297 0.034413 20 14 100 99 2 1000 1000 1000 10
0.166667 0.158543 0.037179 20 19 100 103 2 1000 1000 1000 10
0.166667 0.183991 0.042657 20 19 100 88 2 1000 1000 1000 10
0.166667 0.193227 0.041907 20 17 100 89 2 1000 1000 1000 10
0.166667 0.174637 0.040385 20 18 100 99 2 1000 1000 1000 10
0.166667 0.172892 0.039832 20 18 100 103 2 1000 1000 1000 10
0.166667 0.186707 0.038177 20 23 100 112 2 1000 1000 1000 10
0.166667 0.186998 0.037786 20 19 100 113 2 1000 1000 1000 10
0.166667 0.197970 0.039932 20 20 100 104 2 1000 1000 1000 10
0.166667 0.190775 0.039536 20 22 100 97 2 1000 1000 1000 10
0.166667 0.171455 0.039194 20 18 100 102 2 1000 1000 1000 10
0.166667 0.226125 0.040953 20 26 100 102 2 1000 1000 1000 10
0.166667 0.127010 0.032994 20 14 100 120 2 1000 1000 1000 10
0.166667 0.164076 0.037130 20 21 100 105 2 1000 1000 1000 10
0.166667 0.189801 0.038848 20 20 100 107 2 1000 1000 1000 10
0.166667 0.268899 0.045586 20 29 100 87 2 1000 1000 1000 10
0.166667 0.186558 0.041548 20 17 100 103 2 1000 1000 1000 10
0.166667 0.206364 0.041135 20 22 100 97 2 1000 1000 1000 10
0.166667 0.158658 0.037204 20 18 100 105 2 1000 1000 1000 10
0.166667 0.249662 0.042125 20 28 100 102 2 1000 1000 1000 10
0.166667 0.228611 0.042850 20 27 100 92 2 1000 1000 1000 10
0.166667 0.165152 0.036802 20 22 100 112 2 1000 1000 1000 10
0.166667 0.126853 0.033774 20 16 100 102 2 1000 1000 1000 10
0.166667 0.149764 0.037153 20 21 100 108 2 1000 1000 1000 10
0.166667 0.200060 0.040139 20 22 100 101 2 1000 1000 1000 10
0.166667 0.161295 0.039777 20 16 100 88 2 1000 1000 1000 10
0.166667 0.190634 0.041038 20 22 100 99 2 1000 1000 1000 10
0.166667 0.203930 0.042362 20 18 100 98 2 1000 1000 1000 10
0.166667 0.158473 0.035398 20 18 100 110 2 1000 1000 1000 10
0.166667 0.218693 0.047108 20 19 100 74 2 1000 1000 1000 10
0.166667 0.258379 0.045584 20 25 100 88 2 1000 1000 1000 10
0.166667 0.172383 0.040496 20 17 100 91 2 1000 1000 1000 10
0.166667 0.143881 0.035022 20 16 100 104 2 1000 1000 1000 10
0.166667 0.148706 0.035690 20 18 100 114 2 1000 1000 1000 10
0.166667 0.224293 0.042952 20 21 100 100 2 1000 1000 1000 10
0.166667 0.200419 0.038898 20 22 100 107 2 1000 1000 1000 10
0.166667 0.119600 0.033978 20 14 100 98 2 1000 1000 1000 10
0.166667 0.177043 0.038097 20 20 100 107 2 1000 1000 1000 10
0.166667 0.221146 0.043095 20 21 100 91 2 1000 1000 1000 10
0.166667 0.130519 0.034643 20 15 100 107 2 1000 1000 1000 10
0.166667 0.168991 0.036234 20 21 100 111 2 1000 1000 1000 10
0.166667 0.184922 0.040764 20 18 100 93 2 1000 1000 1000 10
0.166667 0.190876 0.038160 20 22 100 102 2 1000 1000 1000 10
0.166667 0.201233 0.041841 20 23 100 93 2 1000 1000 1000 10
0.166667 0.186287 0.041474 20 19 100 90 2 1000 1000 1000 10
0.166667 0.153674 0.037287 20 18 100 107 2 1000 1000 1000 10
0.166667 0.164084 0.037695 20 19 100 105 2 1000 1000 1000 10
0.166667 0.136795 0.037516 20 14 100 96 2 1000 1000 1000 10
0.166667 0.197214 0.039260 20 24 100 102 2 1000 1000 1000 10
0.166667 0.115374 0.035058 20 12 100 97 2 1000 1000 1000 10
0.166667 0.208110 0.042430 20 20 100 97 2 1000 1000 1000 10
0.166667 0.214759 0.042425 20 21 100 96 2 1000 1000 1000 10
0.166667 0.246171 0.044706 20 21 100 93 2 1000 1000 1000 10
0.166667 0.196195 0.042280 20 18 100 94 2 1000 1000 1000 10
0.166667 0.169874 0.038092 20 18 100 101 2 1000 1000 1000 10
0.166667 0.183616 0.036909 20 25 100 110 2 1000 1000 1000 10
0.166667 0.165056 0.036684 20 19 100 115 2 1000 1000 1000 10
0.166667 0.128208 0.034892 20 14 100 112 2 1000 1000 1000 10
0.166667 0.131072 0.036244 20 15 100 97 2 1000 1000 1000 10
0.166667 0.169329 0.038502 20 17 100 99 2 1000 1000 1000 10
0.166667 0.222286 0.040923 20 23 100 104 2 1000 1000 1000 10
0.166667 0.260137 0.043424 20 27 100 90 2 1000 1000 1000 10
0.166667 0.162961 0.040267 20 17 100 99 2 1000 1000 1000 10
0.166667 0.276033 0.046087 20 30 100 86 2 1000 1000 1000 10
0.166667 0.169280 0.037923 20 18 100 111 2 1000 1000 1000 10
0.166667 0.228165 0.044611 20 21 100 84 2 1000 1000 1000 10
0.166667 0.190775 0.037079 20 26 100 115 2 1000 1000 1000 10
0.166667 0.226320 0.041846 20 26 100 102 2 1000 1000 1000 10
0.166667 0.157615 0.038850 20 18 100 98 2 1000 1000 1000 10
0.166667 0.168877 0.040575 20 16 100 95 2 1000 1000 1000 10
0.166667 0.181631 0.044096 20 17 100 80 2 1000 1000 1000 10
0.166667 0.206058 0.042435 20 21 100 91 2 1000 1000 1000 10
0.166667 0.135397 0.038784 20 14 100 86 2 1000 1000 1000 10
0.166667 0.221780 0.044178 20 19 100 88 2 1000 1000 1000 10
0.166667 0.180397 0.035051 20 24 100 125 2 1000 1000 1000 10
0.166667 0.243498 0.042185 20 29 100 101 2 1000 1000 1000 10
0.166667 0.219565 0.041138 20 25 100 102 2 1000 1000 1000 10
0.166667 0.205293 0.043047 20 22 100 87 2 1000 1000 1000 10
0.166667 0.223097 0.041452 20 24 100 103 2 1000 1000 1000 10
0.166667 0.164985 0.037125 20 21 100 101 2 1000 1000 1000 10
0.166667 0.129430 0.035026 20 16 100 109 2 1000 1000 1000 10
0.166667 0.251455 0.047939 20 22 100 85 2 1000 1000 1000 10
0.166667 0.167590 0.039522 20 14 100 102 2 1000 1000 1000 10
0.166667 0.141157 0.033123 20 16 100 117 2 1000 1000 1000 10
0.166667 0.118633 0.035025 20 13 100 105 2 1000 1000 1000 10
0.166667 0.241687 0.046963 20 22 100 88 2 1000 1000 1000 10
0.166667 0.190323 0.039025 20 21 100 106 2 1000 1000 1000 10
0.166667 0.116280 0.035773 20 13 100 94 2 1000 1000 1000 10
0.166667 0.159846 0.038530 20 16 100 93 2 1000 1000 1000 10
0.166667 0.156244 0.044625 20 13 100 87 2 1000 1000 1000 10
0.166667 0.158787 0.039940 20 17 100 88 2 1000 1000 1000 10
0.166667 0.199336 0.042521 20 17 100 100 2 1000 1000 1000 10
0.166667 0.161138 0.035878 20 19 100 117 2 1000 1000 1000 10
0.166667 0.241227 0.045718 20 23 100 88 2 1000 1000 1000 10
0.166667 0.137626 0.035545 20 14 100 105 2 1000 1000 1000 10
0.166667 0.216540 0.039744 20 27 100 105 2 1000 1000 1000 10
0.166667 0.169003 0.037262 20 20 100 112 2 1000 1000 1000 10
0.166667 0.160301 0.039031 20 18 100 92 2 1000 1000 1000 10
0.166667 0.233345 0.043278 20 23 100 93 2 1000 1000 1000 10
0.166667 0.176813 0.040077 20 20 100 95 2 1000 1000 1000 10
0.166667 0.204979 0.040519 20 21 100 104 2 1000 1000 1000 10
0.166667 0.187079 0.039209 20 20 100 99 2 1000 1000 1000 10
0.166667 0.185208 0.036433 20 22 100 120 2 1000 1000 1000 10
0.166667 0.150463 0.035622 20 16 100 107 2 1000 1000 1000 10
0.166667 0.151793 0.038070 20 18 100 95 2 1000 1000 1000 10
0.166667 0.157562 0.037581 20 17 100 101 2 1000 1000 1000 10
0.166667 0.141440 0.040730 20 13 100 80 2 1000 1000 1000 10
0.166667 0.149194 0.038886 20 13 100 94 2 1000 1000 1000 10
0.166667 0.210163 0.039878 20 24 100 100 2 1000 1000 1000 10
0.166667 0.207891 0.040034 20 20 100 111 2 1000 1000 1000 10
0.166667 0.176600 0.038720 20 21 100 99 2 1000 1000 1000 10
0.166667 0.162570 0.039053 20 16 100 92 2 1000 1000 1000 10
0.166667 0.192514 0.039401 20 21 100 97 2 1000 1000 1000 10
0.166667 0.241344 0.042352 20 28 100 99 2 1000 1000 1000 10
0.166667 0.230964 0.044890 20 25 100 93 2 1000 1000 1000 10
0.166667 0.095344 0.033929 20 9 100 92 2 1000 1000 1000 10
0.166667 0.149756 0.034645 20 17 100 115 2 1000 1000 1000 10
0.166667 0.148206 0.036263 20 17 100 108 2 1000 1000 1000 10
0.166667 0.155763 0.039465 20 15 100 93 2 1000 1000 1000 10
0.166667 0.134497 0.033652 20 16 100 114 2 1000 1000 1000 10
0.166667 0.173648 0.038729 20 19 100 97 2 1000 1000 1000 10
0.166667 0.225181 0.041963 20 23 100 106 2 1000 1000 1000 10
0.166667 0.175024 0.038157 20 20 100 94 2 1000 1000 1000 10
0.166667 0.125509 0.037145 20 14 100 98 2 1000 1000 1000 10
0.166667 0.151265 0.037597 20 16 100 108 2 1000 1000 1000 10
0.166667 0.182402 0.041283 20 18 100 97 2 1000 1000 1000 10
0.166667 0.183495 0.037939 20 22 100 102 2 1000 1000 1000 10
0.166667 0.196994 0.043516 20 22 100 85 2 1000 1000 1000 10
0.166667 0.189313 0.040907 20 18 100 100 2 1000 1000 1000 10
0.166667 0.111444 0.029437 20 17 100 135 2 1000 1000 1000 10
0.166667 0.152790 0.036215 20 17 100 114 2 1000 1000 1000 10
0.166667 0.205651 0.038523 20 26 100 111 2 1000 1000 1000 10
0.166667 0.186934 0.043423 20 18 100 80 2 1000 1000 1000 10
0.166667 0.169672 0.036578 20 20 100 109 2 1000 1000 1000 10
0.166667 0.273164 0.044187 20 29 100 95 2 1000 1000 1000 10
0.166667 0.206870 0.041128 20 21 100 93 2 1000 1000 1000 10
0.166667 0.112632 0.033989 20 12 100 105 2 1000 1000 1000 10
0.166667 0.236059 0.042485 20 25 100 100 2 1000 1000 1000 10
0.166667 0.117036 0.033961 20 12 100 115 2 1000 1000 1000 10
0.166667 0.199631 0.041893 20 23 100 96 2 1000 1000 1000 10
0.166667 0.164683 0.038790 20 20 100 99 2 1000 1000 1000 10
0.166667 0.209287 0.041551 20 23 100 99 2 1000 1000 1000 10
0.166667 0.212791 0.043015 20 21 100 96 2 1000 1000 1000 10
0.166667 0.227107 0.039926 20 27 100 116 2 1000 1000 1000 10
0.166667 0.145536 0.033948 20 20 100 126 2 1000 1000 1000 10
0.166667 0.212924 0.043766 20 21 100 97 2 1000 1000 1000 10
0.166667 0.141120 0.037223 20 15 100 92 2 1000 1000 1000 10
0.166667 0.177857 0.044386 20 16 100 84 2 1000 1000 1000 10
0.166667 0.239931 0.046294 20 25 100 85 2 1000 1000 1000 10
0.166667 0.214247 0.040560 20 23 100 99 2 1000 1000 1000 10
0.166667 0.170762 0.036245 20 19 100 109 2 1000 1000 1000 10
0.166667 0.141006 0.036368 20 18 100 109 2 1000 1000 1000 10
0.166667 0.198144 0.040587 20 22 100 95 2 1000 1000 1000 10
0.166667 0.237954 0.041398 20 31 100 104 2 1000 1000 1000 10
0.166667 0.197107 0.043764 20 17 100 82 2 1000 1000 1000 10
0.166667 0.213748 0.041935 20 23 100 91 2 1000 1000 1000 10
0.166667 0.192131 0.039444 20 21 100 97 2 1000 1000 1000 10
0.166667 0.191081 0.041143 20 20 100 95 2 1000 1000 1000 10
0.166667 0.163657 0.037440 20 21 100 111 2 1000 1000 1000 10
0.166667 0.177223 0.039042 20 19 100 103 2 1000 1000 1000 10
0.166667 0.191319 0.042691 20 21 100 93 2 1000 1000 1000 10
0.166667 0.194754 0.040688 20 22 100 104 2 1000 1000 1000 10
0.166667 0.183924 0.037223 20 24 100 110 2 1000 1000 1000 10
0.166667 0.205610 0.042936 20 21 100 91 2 1000 1000 1000 10
0.166667 0.255620 0.041474 20 29 100 102 2 1000 1000 1000 10
0.166667 0.131590 0.034254 20 17 100 112 2 1000 1000 1000 10
0.166667 0.199760 0.037102 20 24 100 120 2 1000 1000 1000 10
0.166667 0.189523 0.038352 20 23 100 110 2 1000 1000 1000 10
0.166667 0.265253 0.047190 20 22 100 86 2 1000 1000 1000 10
0.166667 0.141092 0.036426 20 17 100 106 2 1000 1000 1000 10
0.166667 0.193914 0.043071 20 21 100 88 2 1000 1000 1000 10
0.166667 0.187397 0.036605 20 24 100 114 2 1000 1000 1000 10
0.166667 0.214158 0.043839 20 20 100 88 2 1000 1000 1000 10
0.166667 0.165698 0.040025 20 20 100 90 2 1000 1000 1000 10
0.166667 0.219731 0.045352 20 21 100 84 2 1000 1000 1000 10
0.166667 0.115050 0.031280 20 15 100 132 2 1000 1000 1000 10
0.166667 0.226344 0.042750 20 22 100 97 2 1000 1000 1000 10
0.166667 0.199428 0.039221 20 21 100 109 2 1000 1000 1000 10
0.166667 0.142544 0.037256 20 15 100 97 2 1000 1000 1000 10
0.166667 0.179676 0.037027 20 22 100 108 2 1000 1000 1000 10
0.166667 0.151285 0.036859 20 18 100 107 2 1000 1000 1000 10
0.166667 0.171144 0.038387 20 20 100 102 2 1000 1000 1000 10
0.166667 0.164226 0.036880 20 21 100 113 2 1000 1000 1000 10
0.166667 0.169557 0.038417 20 20 100 105 2 1000 1000 1000 10
0.166667 0.243402 0.040261 20 28 100 110 2 1000 1000 1000 10
0.166667 0.131169 0.040371 20 13 100 82 2 1000 1000 1000 10
0.166667 0.167761 0.037427 20 19 100 114 2 1000 1000 1000 10
0.166667 0.132646 0.036711 20 18 100 100 2 1000 1000 1000 10
0.166667 0.224028 0.045390 20 21 100 86 2 1000 1000 1000 10
0.166667 0.124710 0.035919 20 16 100 100 2 1000 1000 1000 10
0.166667 0.162952 0.037769 20 17 100 103 2 1000 1000 1000 10
0.166667 0.206207 0.040083 20 24 100 99 2 1000 1000 1000 10
0.166667 0.162371 0.039793 20 17 100 94 2 1000 1000 1000 10
0.166667 0.249779 0.045883 20 23 100 87 2 1000 1000 1000 10
0.166667 0.109008 0.033558 20 11 100 98 2 1000 1000 1000 10
0.166667 0.155191 0.036317 20 21 100 111 2 1000 1000 1000 10
0.166667 0.181207 0.041461 20 17 100 88 2 1000 1000 1000 10
0.166667 0.160749 0.036058 20 20 100 113 2 1000 1000 1000 10
0.166667 0.192499 0.043897 20 16 100 88 2 1000 1000 1000 10
0.166667 0.149547 0.039675 20 14 100 94 2 1000 1000 1000 10
0.166667 0.173391 0.040082 20 20 100 98 2 1000 1000 1000 10
0.166667 0.190776 0.040776 20 22 100 100 2 1000 1000 1000 10
0.166667 0.154539 0.035990 20 18 100 104 2 1000 1000 1000 10
0.166667 0.240666 0.046536 20 21 100 85 2 1000 1000 1000 10
0.166667 0.182418 0.041405 20 21 100 86 2 1000 1000 1000 10
0.166667 0.241101 0.043694 20 26 100 88 2 1000 1000 1000 10
0.166667 0.125898 0.037857 20 13 100 90 2 1000 1000 1000 10
0.166667 0.131976 0.036319 20 16 100 111 2 1000 1000 1000 10
0.166667 0.190637 0.041147 20 18 100 95 2 1000 1000 1000 10
0.166667 0.156299 0.038402 20 17 100 98 2 1000 1000 1000 10
0.166667 0.144081 0.032970 20 21 100 131 2 1000 1000 1000 10
0.166667 0.263928 0.042736 20 30 100 99 2 1000 1000 1000 10
0.166667 0.183540 0.038087 20 21 100 112 2 1000 1000 1000 10
0.166667 0.176512 0.037014 20 18 100 108 2 1000 1000 1000 10
0.166667 0.215878 0.044556 20 21 100 85 2 1000 1000 1000 10
0.166667 0.128112 0.033188 20 17 100 114 2 1000 1000 1000 10
0.166667 0.184107 0.041306 20 20 100 92 2 1000 1000 1000 10
0.166667 0.236991 0.045160 20 25 100 83 2 1000 1000 1000 10
0.166667 0.168034 0.039116 20 19 100 94 2 1000 1000 1000 10
0.166667 0.177538 0.039157 20 20 100 101 2 1000 1000 1000 10
0.166667 0.193280 0.040347 20 22 100 105 2 1000 1000 1000 10
0.166667 0.204691 0.043936 20 19 100 93 2 1000 1000 1000 10
0.166667 0.226251 0.046734 20 23 100 76 2 1000 1000 1000 10
0.166667 0.243055 0.046085 20 21 100 86 2 1000 1000 1000 10
0.166667 0.146111 0.038051 20 16 100 91 2 1000 1000 1000 10
0.166667 0.235036 0.042067 20 21 100 104 2 1000 1000 1000 10
0.166667 0.156562 0.037972 20 17 100 99 2 1000 1000 1000 10
0.166667 0.218739 0.042644 20 21 100 96 2 1000 1000 1000 10
0.166667 0.175311 0.040848 20 18 100 96 2 1000 1000 1000 10
0.166667 0.152329 0.036283 20 16 100 115 2 1000 1000 1000 10
0.166667 0.225428 0.040847 20 24 100 103 2 1000 1000 1000 10
0.166667 0.164631 0.035783 20 20 100 110 2 1000 1000 1000 10
0.166667 0.148919 0.038377 20 16 100 98 2 1000 1000 1000 10
0.166667 0.269490 0.045103 20 26 100 91 2 1000 1000 1000 10
0.166667 0.164984 0.038364 20 16 100 98 2 1000 1000 1000 10
0.166667 0.144932 0.038387 20 17 100 98 2 1000 1000 1000 10
0.166667 0.174860 0.037183 20 21 100 108 2 1000 1000 1000 10
0.166667 0.155757 0.039876 20 14 100 93 2 1000 1000 1000 10
0.166667 0.149009 0.039212 20 14 100 90 2 1000 1000 1000 10
0.166667 0.142075 0.034866 20 17 100 109 2 1000 1000 1000 10
0.166667 0.273128 0.045977 20 22 100 94 2 1000 1000 1000 10
0.166667 0.143066 0.038663 20 14 100 86 2 1000 1000 1000 10
0.166667 0.187333 0.038391 20 24 100 101 2 1000 1000 1000 10
0.166667 0.145119 0.038257 20 14 100 102 2 1000 1000 1000 10
0.166667 0.212655 0.039486 20 29 100 109 2 1000 1000 1000 10
0.166667 0.096092 0.033475 20 10 100 94 2 1000 1000 1000 10
0.166667 0.241859 0.042168 20 28 100 95 2 1000 1000 1000 10
0.166667 0.199844 0.043413 20 19 100 89 2 1000 1000 1000 10
0.166667 0.165693 0.040406 20 17 100 94 2 1000 1000 1000 10
0.166667 0.174567 0.041399 20 17 100 84 2 1000 1000 1000 10
0.166667 0.250398 0.045088 20 26 100 88 2 1000 1000 1000 10
0.166667 0.188404 0.041246 20 18 100 91 2 1000 1000 1000 10
0.166667 0.138570 0.033504 20 17 100 118 2 1000 1000 1000 10
0.166667 0.172188 0.038343 20 18 100 105 2 1000 1000 1000 10
0.166667 0.215810 0.044924 20 21 100 85 2 1000 1000 1000 10
0.166667 0.197489 0.040108 20 22 100 103 2 1000 1000 1000 10
0.166667 0.165730 0.039557 20 16 100 92 2 1000 1000 1000 10
0.166667 0.202554 0.043271 20 19 100 90 2 1000 1000 1000 10
0.166667 0.131444 0.031537 20 15 100 123 2 1000 1000 1000 10
0.166667 0.139093 0.035471 20 17 100 108 2 1000 1000 1000 10
0.166667 0.178597 0.037812 20 20 100 104 2 1000 1000 1000 10
0.166667 0.165398 0.038968 20 18 100 101 2 1000 1000 1000 10
0.166667 0.185777 0.038334 20 21 100 107 2 1000 1000 1000 10
0.166667 0.178593 0.040155 20 20 100 92 2 1000 1000 1000 10
0.166667 0.203225 0.047338 20 18 100 80 2 1000 1000 1000 10
0.166667 0.158151 0.036126 20 19 100 109 2 1000 1000 1000 10
0.166667 0.171073 0.038745 20 19 100 100 2 1000 1000 1000 10
0.166667 0.209082 0.043085 20 18 100 94 2 1000 1000 1000 10
0.166667 0.179060 0.039524 20 20 100 99 2 1000 1000 1000 10
0.166667 0.178256 0.039705 20 21 100 97 2 1000 1000 1000 10
0.166667 0.193759 0.039810 20 19 100 97 2 1000 1000 1000 10
0.166667 0.154859 0.043422 20 12 100 80 2 1000 1000 1000 10
0.166667 0.136031 0.035991 20 12 100 107 2 1000 1000 1000 10
0.166667 0.175194 0.034411 20 24 100 128 2 1000 1000 1000 10
0.166667 0.181580 0.042176 20 17 100 94 2 1000 1000 1000 10
0.166667 0.141291 0.036790 20 14 100 105 2 1000 1000 1000 10
0.166667 0.195559 0.039122 20 21 100 105 2 1000 1000 1000 10
0.166667 0.185284 0.037019 20 19 100 121 2 1000 1000 1000 10
0.166667 0.191678 0.041191 20 19 100 96 2 1000 1000 1000 10
0.166667 0.187724 0.038799 20 22 100 111 2 1000 1000 1000 10
0.166667 0.235987 0.041997 20 30 100 103 2 1000 1000 1000 10
0.166667 0.209286 0.042663 20 20 100 90 2 1000 1000 1000 10
0.166667 0.145928 0.035505 20 19 100 103 2 1000 1000 1000 10
0.166667 0.223833 0.042567 20 21 100 96 2 1000 1000 1000 10
0.166667 0.225287 0.041101 20 28 100 105 2 1000 1000 1000 10
0.166667 0.207228 0.039565 20 26 100 102 2 1000 1000 1000 10
0.166667 0.146104 0.034875 20 19 100 114 2 1000 1000 1000 10
0.166667 0.169469 0.037354 20 21 100 112 2 1000 1000 1000 10
0.166667 0.184161 0.042105 20 16 100 87 2 1000 1000 1000 10
0.166667 0.096160 0.032960 20 11 100 113 2 1000 1000 1000 10
0.166667 0.176986 0.038973 20 22 100 103 2 1000 1000 1000 10
0.166667 0.127302 0.034736 20 16 100 107 2 1000 1000 1000 10
0.166667 0.157801 0.040543 20 15 100 93 2 1000 1000 1000 10
0.166667 0.210264 0.042635 20 21 100 98 2 1000 1000 1000 10
0.166667 0.206364 0.040120 20 22 100 104 2 1000 1000 1000 10
0.166667 0.172624 0.039654 20 18 100 94 2 1000 1000 1000 10
0.166667 0.191571 0.042613 20 19 100 97 2 1000 1000 1000 10
0.166667 0.178569 0.039369 20 19 100 100 2 1000 1000 1000 10
0.166667 0.139298 0.037467 20 12 100 96 2 1000 1000 1000 10
0.166667 0.185605 0.038968 20 19 100 105 2 1000 1000 1000 10
0.166667 0.161916 0.037432 20 19 100 104 2 1000 1000 1000 10
0.166667 0.177925 0.039531 20 20 100 105 2 1000 1000 1000 10
0.166667 0.164510 0.036481 20 19 100 106 2 1000 1000 1000 10
0.166667 0.158146 0.039079 20 16 100 102 2 1000 1000 1000 10
0.166667 0.209387 0.041674 20 21 100 99 2 1000 1000 1000 10
0.166667 0.171235 0.036605 20 19 100 107 2 1000 1000 1000 10
0.166667 0.156239 0.039973 20 16 100 95 2 1000 1000 1000 10
0.166667 0.207995 0.039700 20 23 100 103 2 1000 1000 1000 10
0.166667 0.166246 0.039977 20 15 100 98 2 1000 1000 1000 10
0.166667 0.234444 0.045351 20 21 100 84 2 1000 1000 1000 10
0.166667 0.175778 0.038696 20 19 100 105 2 1000 1000 1000 10
0.166667 0.210682 0.042483 20 24 100 91 2 1000 1000 1000 10
0.166667 0.191003 0.039209 20 22 100 103 2 1000 1000 1000 10
0.166667 0.178436 0.034388 20 24 100 121 2 1000 1000 1000 10
0.166667 0.155338 0.036860 20 16 100 111 2 1000 1000 1000 10
0.166667 0.135316 0.035622 20 17 100 101 2 1000 1000 1000 10
0.166667 0.227041 0.045037 20 17 100 89 2 1000 1000 1000 10
0.166667 0.191958 0.039784 20 22 100 100 2 1000 1000 1000 10
0.166667 0.265752 0.045294 20 27 100 93 2 1000 1000 1000 10
0.166667 0.154428 0.034121 20 23 100 127 2 1000 1000 1000 10
0.166667 0.176626 0.036279 20 24 100 108 2 1000 1000 1000 10
0.166667 0.140949 0.035068 20 18 100 110 2 1000 1000 1000 10
0.166667 0.199371 0.039629 20 21 100 110 2 1000 1000 1000 10
0.166667 0.112336 0.035492 20 13 100 100 2 1000 1000 1000 10
0.166667 0.221020 0.047134 20 20 100 78 2 1000 1000 1000 10
0.166667 0.191940 0.039164 20 20 100 110 2 1000 1000 1000 10
0.166667 0.242468 0.042818 20 26 100 97 2 1000 1000 1000 10
0.166667 0.187762 0.039480 20 22 100 98 2 1000 1000 1000 10
0.166667 0.201689 0.040572 20 22 100 101 2 1000 1000 1000 10
0.166667 0.176408 0.037577 20 18 100 112 2 1000 1000 1000 10
0.166667 0.146684 0.034432 20 17 100 111 2 1000 1000 1000 10
0.166667 0.200365 0.041131 20 23 100 96 2 1000 1000 1000 10
0.166667 0.161593 0.038426 20 17 100 107 2 1000 1000 1000 10
0.166667 0.132971 0.035159 20 16 100 99 2 1000 1000 1000 10
0.166667 0.134800 0.035583 20 15 100 103 2 1000 1000 1000 10
0.166667 0.211744 0.040831 20 24 100 94 2 1000 1000 1000 10
0.166667 0.115529 0.035709 20 14 100 102 2 1000 1000 1000 10
0.166667 0.124399 0.034368 20 15 100 105 2 1000 1000 1000 10
0.166667 0.167108 0.038404 20 16 100 107 2 1000 1000 1000 10
0.166667 0.193469 0.038703 20 23 100 106 2 1000 1000 1000 10
0.166667 0.165835 0.038784 20 16 100 104 2 1000 1000 1000 10
0.166667 0.123440 0.035703 20 12 100 100 2 1000 1000 1000 10
0.166667 0.154380 0.035458 20 21 100 108 2 1000 1000 1000 10
0.166667 0.202258 0.039943 20 25 100 108 2 1000 1000 1000 10
0.166667 0.193141 0.038293 20 27 100 105 2 1000 1000 1000 10
0.166667 0.161535 0.037277 20 20 100 106 2 1000 1000 1000 10
0.166667 0.214484 0.039529 20 23 100 105 2 1000 1000 1000 10
0.166667 0.175889 0.037976 20 22 100 110 2 1000 1000 1000 10
0.166667 0.244902 0.045105 20 25 100 84 2 1000 1000 1000 10
0.166667 0.237326 0.043025 20 26 100 96 2 1000 1000 1000 10
0.166667 0.183302 0.037387 20 21 100 116 2 1000 1000 1000 10
0.166667 0.219494 0.042741 20 24 100 94 2 1000 1000 1000 10
0.166667 0.169912 0.034282 20 25 100 120 2 1000 1000 1000 10
0.166667 0.152186 0.037667 20 15 100 95 2 1000 1000 1000 10
0.166667 0.204073 0.041074 20 22 100 102 2 1000 1000 1000 10
0.166667 0.196153 0.039465 20 22 100 106 2 1000 1000 1000 10
0.166667 0.208855 0.037779 20 26 100 113 2 1000 1000 1000 10
0.166667 0.160006 0.039887 20 17 100 97 2 1000 1000 1000 10
0.166667 0.211077 0.042554 20 21 100 105 2 1000 1000 1000 10
