0.166667 0.170942 0.014285 200 209 1000 1059 1 1000 1000 0 3
0.166667 0.161099 0.013517 200 217 1000 1074 1 1000 1000 0 3
0.166667 0.175289 0.014512 200 218 1000 995 1 1000 1000 0 3
0.166667 0.159854 0.014033 200 183 1000 1032 1 1000 1000 0 3
0.166667 0.186264 0.014598 200 205 1000 970 1 1000 1000 0 3
0.166667 0.172369 0.014056 200 206 1000 1036 1 1000 1000 0 3
0.166667 0.148070 0.013757 200 196 1000 1014 1 1000 1000 0 3
0.166667 0.155379 0.013623 200 209 1000 1061 1 1000 1000 0 3
0.166667 0.146449 0.014460 200 186 1000 980 1 1000 1000 0 3
0.166667 0.179500 0.014835 200 209 1000 952 1 1000 1000 0 3
0.166667 0.148305 0.013638 200 178 1000 1033 1 1000 1000 0 3
0.166667 0.188030 0.014689 200 214 1000 968 1 1000 1000 0 3
0.166667 0.146592 0.013821 200 200 1000 1005 1 1000 1000 0 3
0.166667 0.176137 0.014392 200 203 1000 998 1 1000 1000 0 3
0.166667 0.142368 0.013677 200 188 1000 1018 1 1000 1000 0 3
0.166667 0.161550 0.014492 200 196 1000 999 1 1000 1000 0 3
0.166667 0.173968 0.014470 200 230 1000 1012 1 1000 1000 0 3
0.166667 0.169199 0.014195 200 195 1000 1019 1 1000 1000 0 3
0.166667 0.173065 0.014789 200 217 1000 993 1 1000 1000 0 3
0.166667 0.152569 0.014285 200 197 1000 998 1 1000 1000 0 3
0.166667 0.137537 0.013514 200 183 1000 1012 1 1000 1000 0 3
0.166667 0.161175 0.013746 200 192 1000 1058 1 1000 1000 0 3
0.166667 0.163916 0.013930 200 199 1000 1014 1 1000 1000 0 3
0.166667 0.184405 0.014597 200 209 1000 1016 1 1000 1000 0 3
0.166667 0.171437 0.013727 200 226 1000 1046 1 1000 1000 0 3
0.166667 0.160467 0.014077 200 196 1000 988 1 1000 1000 0 3
0.166667 0.177496 0.014724 200 194 1000 937 1 1000 1000 0 3
0.166667 0.168609 0.013728 200 196 1000 1060 1 1000 1000 0 3
0.166667 0.143830 0.013579 200 185 1000 1025 1 1000 1000 0 3
0.166667 0.151401 0.014087 200 200 1000 993 1 1000 1000 0 3
0.166667 0.175569 0.014322 200 203 1000 987 1 1000 1000 0 3
0.166667 0.164659 0.014017 200 189 1000 1023 1 1000 1000 0 3
0.166667 0.178143 0.013881 200 208 1000 1027 1 1000 1000 0 3
0.166667 0.151751 0.014171 200 194 1000 980 1 1000 1000 0 3
0.166667 0.176857 0.014595 200 202 1000 967 1 1000 1000 0 3
0.166667 0.153435 0.013511 200 170 1000 1013 1 1000 1000 0 3
0.166667 0.170975 0.014013 200 184 1000 1002 1 1000 1000 0 3
0.166667 0.184897 0.014751 200 206 1000 981 1 1000 1000 0 3
0.166667 0.154408 0.014024 200 204 1000 1013 1 1000 1000 0 3
0.166667 0.158923 0.014061 200 182 1000 1012 1 1000 1000 0 3
0.166667 0.154388 0.014201 200 192 1000 976 1 1000 1000 0 3
0.166667 0.161532 0.014276 200 166 1000 1013 1 1000 1000 0 3
0.166667 0.180338 0.014253 200 220 1000 1034 1 1000 1000 0 3
0.166667 0.138299 0.014014 200 188 1000 1006 1 1000 1000 0 3
0.166667 0.163434 0.014171 200 171 1000 989 1 1000 1000 0 3
0.166667 0.150783 0.014091 200 202 1000 1000 1 1000 1000 0 3
0.166667 0.147034 0.013780 200 187 1000 1006 1 1000 1000 0 3
0.166667 0.153725 0.013903 200 204 1000 972 1 1000 1000 0 3
0.166667 0.172818 0.014438 200 203 1000 977 1 1000 1000 0 3
0.166667 0.187920 0.014372 200 202 1000 1011 1 1000 1000 0 3
0.166667 0.208800 0.014824 200 237 1000 972 1 1000 1000 0 3
0.166667 0.150975 0.014208 200 207 1000 1025 1 1000 1000 0 3
0.166667 0.154313 0.014066 200 194 1000 983 1 1000 1000 0 3
0.166667 0.174804 0.013910 200 217 1000 1040 1 1000 1000 0 3
0.166667 0.163708 0.014201 200 218 1000 1035 1 1000 1000 0 3
0.166667 0.198344 0.014519 200 211 1000 1023 1 1000 1000 0 3
0.166667 0.161025 0.014185 200 212 1000 1027 1 1000 1000 0 3
0.166667 0.195648 0.014815 200 198 1000 969 1 1000 1000 0 3
0.166667 0.157484 0.014028 200 195 1000 1022 1 1000 1000 0 3
0.166667 0.187430 0.014370 200 195 1000 992 1 1000 1000 0 3
0.166667 0.181290 0.014489 200 200 1000 961 1 1000 1000 0 3
0.166667 0.180798 0.014504 200 205 1000 994 1 1000 1000 0 3
0.166667 0.177153 0.014454 200 212 1000 975 1 1000 1000 0 3
0.166667 0.162463 0.014191 200 201 1000 1015 1 1000 1000 0 3
0.166667 0.147726 0.013452 200 186 1000 1034 1 1000 1000 0 3
0.166667 0.192995 0.014746 200 221 1000 954 1 1000 1000 0 3
0.166667 0.157242 0.014239 200 194 1000 1030 1 1000 1000 0 3
0.166667 0.181467 0.014363 200 208 1000 957 1 1000 1000 0 3
0.166667 0.177531 0.014057 200 192 1000 1011 1 1000 1000 0 3
0.166667 0.208176 0.014758 200 235 1000 970 1 1000 1000 0 3
0.166667 0.161561 0.014275 200 200 1000 1060 1 1000 1000 0 3
0.166667 0.181429 0.014146 200 214 1000 976 1 1000 1000 0 3
0.166667 0.138776 0.013437 200 179 1000 1032 1 1000 1000 0 3
0.166667 0.161186 0.013811 200 188 1000 1060 1 1000 1000 0 3
0.166667 0.166500 0.014447 200 199 1000 1011 1 1000 1000 0 3
0.166667 0.165388 0.014405 200 208 1000 1037 1 1000 1000 0 3
0.166667 0.152466 0.013990 200 207 1000 990 1 1000 1000 0 3
0.166667 0.160952 0.014058 200 209 1000 1033 1 1000 1000 0 3
0.166667 0.151462 0.014164 200 186 1000 963 1 1000 1000 0 3
0.166667 0.156026 0.014306 200 195 1000 987 1 1000 1000 0 3
0.166667 0.177551 0.014504 200 199 1000 997 1 1000 1000 0 3
0.166667 0.159475 0.013906 200 227 1000 997 1 1000 1000 0 3
0.166667 0.158130 0.013812 200 206 1000 1003 1 1000 1000 0 3
0.166667 0.152113 0.014197 200 185 1000 1011 1 1000 1000 0 3
0.166667 0.147177 0.013614 200 185 1000 1008 1 1000 1000 0 3
0.166667 0.159648 0.013604 200 212 1000 1086 1 1000 1000 0 3
0.166667 0.175487 0.014127 200 193 1000 952 1 1000 1000 0 3
0.166667 0.190169 0.014845 200 212 1000 968 1 1000 1000 0 3
0.166667 0.159210 0.014449 200 196 1000 941 1 1000 1000 0 3
0.166667 0.198696 0.014756 200 219 1000 970 1 1000 1000 0 3
0.166667 0.155516 0.013315 200 195 1000 1059 1 1000 1000 0 3
0.166667 0.172925 0.014089 200 214 1000 1039 1 1000 1000 0 3
0.166667 0.171217 0.014641 200 195 1000 935 1 1000 1000 0 3
0.166667 0.154994 0.014242 200 193 1000 999 1 1000 1000 0 3
0.166667 0.177433 0.014090 200 196 1000 1003 1 1000 1000 0 3
0.166667 0.129199 0.013985 200 188 1000 991 1 1000 1000 0 3
0.166667 0.178547 0.013966 200 210 1000 973 1 1000 1000 0 3
0.166667 0.166497 0.014419 200 189 1000 956 1 1000 1000 0 3
0.166667 0.180518 0.014392 200 180 1000 995 1 1000 1000 0 3
0.166667 0.168086 0.013966 200 207 1000 994 1 1000 1000 0 3
0.166667 0.171690 0.014098 200 210 1000 1007 1 1000 1000 0 3
0.166667 0.149717 0.013959 200 215 1000 1059 1 1000 1000 0 3
0.166667 0.146287 0.013796 200 177 1000 1010 1 1000 1000 0 3
0.166667 0.205632 0.014627 200 239 1000 972 1 1000 1000 0 3
0.166667 0.168110 0.014633 200 210 1000 982 1 1000 1000 0 3
0.166667 0.166740 0.013844 200 220 1000 1033 1 1000 1000 0 3
0.166667 0.161063 0.014228 200 194 1000 989 1 1000 1000 0 3
0.166667 0.163052 0.014420 200 213 1000 988 1 1000 1000 0 3
0.166667 0.166045 0.013727 200 202 1000 1013 1 1000 1000 0 3
0.166667 0.181405 0.014397 200 199 1000 979 1 1000 1000 0 3
0.166667 0.187336 0.014454 200 218 1000 991 1 1000 1000 0 3
0.166667 0.165977 0.014167 200 209 1000 1029 1 1000 1000 0 3
0.166667 0.168988 0.014009 200 192 1000 1041 1 1000 1000 0 3
0.166667 0.171276 0.014588 200 195 1000 1017 1 1000 1000 0 3
0.166667 0.152360 0.013865 200 181 1000 1011 1 1000 1000 0 3
0.166667 0.139368 0.013242 200 199 1000 989 1 1000 1000 0 3
0.166667 0.152735 0.013792 200 216 1000 1013 1 1000 1000 0 3
0.166667 0.164655 0.014459 200 214 1000 1021 1 1000 1000 0 3
0.166667 0.158506 0.014240 200 208 1000 943 1 1000 1000 0 3
0.166667 0.193528 0.014570 200 231 1000 984 1 1000 1000 0 3
0.166667 0.146734 0.013594 200 179 1000 1019 1 1000 1000 0 3
0.166667 0.175945 0.015188 200 204 1000 941 1 1000 1000 0 3
0.166667 0.171985 0.014109 200 199 1000 1040 1 1000 1000 0 3
0.166667 0.163318 0.014151 200 189 1000 1004 1 1000 1000 0 3
0.166667 0.181247 0.014427 200 201 1000 981 1 1000 1000 0 3
0.166667 0.163776 0.013912 200 193 1000 1007 1 1000 1000 0 3
0.166667 0.182199 0.014112 200 200 1000 1022 1 1000 1000 0 3
0.166667 0.188346 0.014605 200 205 1000 958 1 1000 1000 0 3
0.166667 0.183328 0.014574 200 214 1000 1014 1 1000 1000 0 3
0.166667 0.199388 0.014339 200 222 1000 1001 1 1000 1000 0 3
0.166667 0.154348 0.014041 200 183 1000 1039 1 1000 1000 0 3
0.166667 0.191002 0.014730 200 203 1000 987 1 1000 1000 0 3
0.166667 0.176178 0.014347 200 194 1000 980 1 1000 1000 0 3
0.166667 0.155717 0.014645 200 203 1000 996 1 1000 1000 0 3
0.166667 0.176631 0.013950 200 202 1000 1047 1 1000 1000 0 3
0.166667 0.143915 0.014237 200 182 1000 1010 1 1000 1000 0 3
0.166667 0.160704 0.013959 200 214 1000 1067 1 1000 1000 0 3
0.166667 0.158121 0.014196 200 207 1000 997 1 1000 1000 0 3
0.166667 0.161769 0.014280 200 193 1000 1008 1 1000 1000 0 3
0.166667 0.155042 0.014414 200 196 1000 966 1 1000 1000 0 3
0.166667 0.163632 0.014337 200 234 1000 1051 1 1000 1000 0 3
0.166667 0.168129 0.014708 200 200 1000 955 1 1000 1000 0 3
0.166667 0.166511 0.014414 200 182 1000 985 1 1000 1000 0 3
0.166667 0.165485 0.013914 200 206 1000 982 1 1000 1000 0 3
0.166667 0.170483 0.014838 200 198 1000 958 1 1000 1000 0 3
0.166667 0.172501 0.014338 200 198 1000 1005 1 1000 1000 0 3
0.166667 0.207833 0.014398 200 228 1000 1030 1 1000 1000 0 3
0.166667 0.169187 0.013724 200 192 1000 1023 1 1000 1000 0 3
0.166667 0.166439 0.014856 200 214 1000 1001 1 1000 1000 0 3
0.166667 0.148396 0.013718 200 169 1000 1050 1 1000 1000 0 3
0.166667 0.165679 0.013813 200 201 1000 1064 1 1000 1000 0 3
0.166667 0.164717 0.014774 200 187 1000 981 1 1000 1000 0 3
0.166667 0.165157 0.014595 200 185 1000 982 1 1000 1000 0 3
0.166667 0.142323 0.013475 200 189 1000 1013 1 1000 1000 0 3
0.166667 0.169002 0.014359 200 201 1000 977 1 1000 1000 0 3
0.166667 0.185664 0.014264 200 190 1000 1006 1 1000 1000 0 3
0.166667 0.164814 0.013983 200 210 1000 1004 1 1000 1000 0 3
0.166667 0.169576 0.014164 200 193 1000 990 1 1000 1000 0 3
0.166667 0.166568 0.014536 200 207 1000 988 1 1000 1000 0 3
0.166667 0.144685 0.013804 200 204 1000 1003 1 1000 1000 0 3
0.166667 0.165903 0.014556 200 193 1000 1010 1 1000 1000 0 3
0.166667 0.149940 0.013922 200 176 1000 1029 1 1000 1000 0 3
0.166667 0.158824 0.013760 200 210 1000 1029 1 1000 1000 0 3
0.166667 0.181376 0.014010 200 204 1000 1014 1 1000 1000 0 3
0.166667 0.173961 0.014486 200 199 1000 966 1 1000 1000 0 3
0.166667 0.173616 0.014676 200 192 1000 942 1 1000 1000 0 3
0.166667 0.144173 0.013836 200 189 1000 1016 1 1000 1000 0 3
0.166667 0.174726 0.014349 200 201 1000 986 1 1000 1000 0 3
0.166667 0.168834 0.013996 200 212 1000 996 1 1000 1000 0 3
0.166667 0.142579 0.014039 200 191 1000 1027 1 1000 1000 0 3
0.166667 0.164954 0.014807 200 206 1000 950 1 1000 1000 0 3
0.166667 0.141155 0.014802 200 188 1000 941 1 1000 1000 0 3
0.166667 0.165204 0.014431 200 202 1000 991 1 1000 1000 0 3
0.166667 0.182594 0.014975 200 206 1000 919 1 1000 1000 0 3
0.166667 0.178199 0.014631 200 222 1000 1013 1 1000 1000 0 3
0.166667 0.172679 0.014330 200 219 1000 1039 1 1000 1000 0 3
0.166667 0.169472 0.014633 200 215 1000 958 1 1000 1000 0 3
0.166667 0.179805 0.014039 200 215 1000 1013 1 1000 1000 0 3
0.166667 0.166273 0.013793 200 225 1000 1047 1 1000 1000 0 3
0.166667 0.138292 0.014264 200 176 1000 984 1 1000 1000 0 3
0.166667 0.131805 0.013614 200 185 1000 1038 1 1000 1000 0 3
0.166667 0.174896 0.014107 200 206 1000 1010 1 1000 1000 0 3
0.166667 0.153697 0.014142 200 200 1000 1022 1 1000 1000 0 3
0.166667 0.160736 0.014336 200 207 1000 1023 1 1000 1000 0 3
0.166667 0.160588 0.014646 200 198 1000 996 1 1000 1000 0 3
0.166667 0.140604 0.014086 200 185 1000 1004 1 1000 1000 0 3
0.166667 0.187756 0.014338 200 188 1000 957 1 1000 1000 0 3
0.166667 0.147897 0.013722 200 212 1000 1023 1 1000 1000 0 3
0.166667 0.163284 0.014328 200 197 1000 962 1 1000 1000 0 3
0.166667 0.143963 0.013860 200 199 1000 995 1 1000 1000 0 3
0.166667 0.140568 0.013976 200 190 1000 1015 1 1000 1000 0 3
0.166667 0.205335 0.014579 200 241 1000 1025 1 1000 1000 0 3
0.166667 0.173187 0.013954 200 194 1000 1031 1 1000 1000 0 3
0.166667 0.174086 0.014642 200 187 1000 979 1 1000 1000 0 3
0.166667 0.166917 0.013868 200 207 1000 986 1 1000 1000 0 3
0.166667 0.157879 0.014567 200 181 1000 937 1 1000 1000 0 3
0.166667 0.168224 0.013910 200 203 1000 1042 1 1000 1000 0 3
0.166667 0.149356 0.013963 200 197 1000 999 1 1000 1000 0 3
0.166667 0.156015 0.014201 200 179 1000 975 1 1000 1000 0 3
0.166667 0.170231 0.014632 200 206 1000 954 1 1000 1000 0 3
0.166667 0.141342 0.013363 200 201 1000 1040 1 1000 1000 0 3
0.166667 0.156677 0.014054 200 194 1000 1005 1 1000 1000 0 3
0.166667 0.173438 0.015118 200 184 1000 925 1 1000 1000 0 3
0.166667 0.176887 0.015198 200 195 1000 922 1 1000 1000 0 3
0.166667 0.199747 0.014282 200 242 1000 1026 1 1000 1000 0 3
0.166667 0.151260 0.014077 200 180 1000 1027 1 1000 1000 0 3
0.166667 0.187600 0.014352 200 222 1000 982 1 1000 1000 0 3
0.166667 0.154351 0.013661 200 206 1000 1062 1 1000 1000 0 3
0.166667 0.166681 0.014592 200 196 1000 983 1 1000 1000 0 3
0.166667 0.146727 0.014279 200 208 1000 1011 1 1000 1000 0 3
0.166667 0.134768 0.013394 200 179 1000 1023 1 1000 1000 0 3
0.166667 0.157966 0.013986 200 190 1000 1020 1 1000 1000 0 3
0.166667 0.172212 0.013986 200 190 1000 1020 1 1000 1000 0 3
0.166667 0.161859 0.014175 200 191 1000 1015 1 1000 1000 0 3
0.166667 0.159578 0.014335 200 202 1000 1035 1 1000 1000 0 3
0.166667 0.160182 0.014457 200 192 1000 967 1 1000 1000 0 3
0.166667 0.180977 0.014383 200 202 1000 1021 1 1000 1000 0 3
0.166667 0.167187 0.014370 200 205 1000 995 1 1000 1000 0 3
0.166667 0.153344 0.014295 200 192 1000 939 1 1000 1000 0 3
0.166667 0.168783 0.014328 200 206 1000 1001 1 1000 1000 0 3
0.166667 0.149805 0.013689 200 185 1000 1012 1 1000 1000 0 3
0.166667 0.168977 0.014567 200 202 1000 977 1 1000 1000 0 3
0.166667 0.202786 0.014856 200 200 1000 954 1 1000 1000 0 3
0.166667 0.173212 0.014082 200 203 1000 1002 1 1000 1000 0 3
0.166667 0.200359 0.014719 200 224 1000 986 1 1000 1000 0 3
0.166667 0.159060 0.014085 200 192 1000 1041 1 1000 1000 0 3
0.166667 0.158716 0.013911 200 200 1000 1007 1 1000 1000 0 3
0.166667 0.157968 0.013976 200 185 1000 1003 1 1000 1000 0 3
0.166667 0.144117 0.013782 200 186 1000 1003 1 1000 1000 0 3
0.166667 0.167412 0.014151 200 189 1000 1008 1 1000 1000 0 3
0.166667 0.177672 0.014843 200 200 1000 957 1 1000 1000 0 3
0.166667 0.157432 0.014154 200 189 1000 978 1 1000 1000 0 3
0.166667 0.153829 0.014247 200 208 1000 1004 1 1000 1000 0 3
0.166667 0.177557 0.014784 200 208 1000 930 1 1000 1000 0 3
0.166667 0.151997 0.013381 200 207 1000 1079 1 1000 1000 0 3
0.166667 0.160272 0.014599 200 199 1000 960 1 1000 1000 0 3
0.166667 0.186784 0.014390 200 196 1000 994 1 1000 1000 0 3
0.166667 0.169565 0.014451 200 205 1000 960 1 1000 1000 0 3
0.166667 0.163255 0.014265 200 186 1000 1014 1 1000 1000 0 3
0.166667 0.153244 0.014046 200 192 1000 1000 1 1000 1000 0 3
0.166667 0.138920 0.014259 200 180 1000 990 1 1000 1000 0 3
0.166667 0.158647 0.014246 200 200 1000 975 1 1000 1000 0 3
0.166667 0.163463 0.014038 200 189 1000 1010 1 1000 1000 0 3
0.166667 0.179998 0.014360 200 212 1000 1013 1 1000 1000 0 3
0.166667 0.179208 0.014211 200 227 1000 1033 1 1000 1000 0 3
0.166667 0.173293 0.014137 200 203 1000 994 1 1000 1000 0 3
0.166667 0.160995 0.014186 200 209 1000 1037 1 1000 1000 0 3
0.166667 0.186636 0.014504 200 183 1000 986 1 1000 1000 0 3
0.166667 0.168203 0.014299 200 202 1000 954 1 1000 1000 0 3
0.166667 0.182257 0.014565 200 205 1000 954 1 1000 1000 0 3
0.166667 0.186508 0.014835 200 185 1000 956 1 1000 1000 0 3
0.166667 0.172448 0.013795 200 209 1000 1037 1 1000 1000 0 3
0.166667 0.173830 0.014041 200 198 1000 1008 1 1000 1000 0 3
0.166667 0.191918 0.013944 200 216 1000 1012 1 1000 1000 0 3
0.166667 0.176380 0.014701 200 182 1000 948 1 1000 1000 0 3
0.166667 0.166642 0.014662 200 190 1000 977 1 1000 1000 0 3
0.166667 0.173926 0.014563 200 194 1000 975 1 1000 1000 0 3
0.166667 0.177011 0.014057 200 216 1000 1010 1 1000 1000 0 3
0.166667 0.170440 0.013883 200 218 1000 1043 1 1000 1000 0 3
0.166667 0.187304 0.014706 200 227 1000 1027 1 1000 1000 0 3
0.166667 0.154581 0.014334 200 187 1000 956 1 1000 1000 0 3
0.166667 0.148085 0.013980 200 203 1000 1033 1 1000 1000 0 3
0.166667 0.186833 0.014681 200 216 1000 1014 1 1000 1000 0 3
0.166667 0.162010 0.014545 200 206 1000 963 1 1000 1000 0 3
0.166667 0.154368 0.013751 200 194 1000 1047 1 1000 1000 0 3
0.166667 0.164367 0.013863 200 218 1000 1006 1 1000 1000 0 3
0.166667 0.147104 0.014249 200 189 1000 970 1 1000 1000 0 3
0.166667 0.158084 0.014063 200 208 1000 1010 1 1000 1000 0 3
0.166667 0.139655 0.013366 200 193 1000 1035 1 1000 1000 0 3
0.166667 0.152561 0.014092 200 205 1000 991 1 1000 1000 0 3
0.166667 0.174085 0.014154 200 186 1000 995 1 1000 1000 0 3
0.166667 0.185303 0.014702 200 227 1000 991 1 1000 1000 0 3
0.166667 0.167176 0.014366 200 201 1000 987 1 1000 1000 0 3
0.166667 0.174454 0.014521 200 213 1000 1005 1 1000 1000 0 3
0.166667 0.169740 0.013930 200 188 1000 1001 1 1000 1000 0 3
0.166667 0.172784 0.014463 200 193 1000 1005 1 1000 1000 0 3
0.166667 0.155871 0.013757 200 201 1000 1065 1 1000 1000 0 3
0.166667 0.147530 0.013441 200 187 1000 1051 1 1000 1000 0 3
0.166667 0.162071 0.013734 200 191 1000 1027 1 1000 1000 0 3
0.166667 0.190476 0.014959 200 194 1000 1021 1 1000 1000 0 3
0.166667 0.179861 0.014704 200 204 1000 958 1 1000 1000 0 3
0.166667 0.194224 0.014595 200 216 1000 1026 1 1000 1000 0 3
0.166667 0.160714 0.014026 200 177 1000 989 1 1000 1000 0 3
0.166667 0.152574 0.014250 200 204 1000 978 1 1000 1000 0 3
0.166667 0.176469 0.014552 200 212 1000 1021 1 1000 1000 0 3
0.166667 0.160805 0.014201 200 188 1000 1018 1 1000 1000 0 3
0.166667 0.164519 0.013956 200 196 1000 995 1 1000 1000 0 3
0.166667 0.134027 0.014476 200 198 1000 989 1 1000 1000 0 3
0.166667 0.191048 0.014371 200 207 1000 1008 1 1000 1000 0 3
0.166667 0.176963 0.013959 200 192 1000 1033 1 1000 1000 0 3
0.166667 0.169751 0.014452 200 211 1000 975 1 1000 1000 0 3
0.166667 0.191736 0.014389 200 220 1000 994 1 1000 1000 0 3
0.166667 0.154831 0.014383 200 179 1000 1024 1 1000 1000 0 3
0.166667 0.179550 0.014629 200 212 1000 988 1 1000 1000 0 3
0.166667 0.169607 0.013743 200 191 1000 1072 1 1000 1000 0 3
0.166667 0.176962 0.014365 200 190 1000 1018 1 1000 1000 0 3
0.166667 0.167768 0.013813 200 222 1000 1035 1 1000 1000 0 3
0.166667 0.148388 0.014189 200 207 1000 1008 1 1000 1000 0 3
0.166667 0.192025 0.014857 200 224 1000 1006 1 1000 1000 0 3
0.166667 0.152782 0.014105 200 190 1000 997 1 1000 1000 0 3
0.166667 0.146299 0.013961 200 186 1000 1054 1 1000 1000 0 3
0.166667 0.184035 0.014158 200 214 1000 1014 1 1000 1000 0 3
0.166667 0.154765 0.013946 200 208 1000 994 1 1000 1000 0 3
0.166667 0.124964 0.013300 200 190 1000 1053 1 1000 1000 0 3
0.166667 0.189810 0.014328 200 212 1000 1015 1 1000 1000 0 3
0.166667 0.167444 0.013803 200 197 1000 1013 1 1000 1000 0 3
0.166667 0.173142 0.014676 200 224 1000 992 1 1000 1000 0 3
0.166667 0.180551 0.014369 200 234 1000 1021 1 1000 1000 0 3
0.166667 0.180404 0.014014 200 203 1000 1023 1 1000 1000 0 3
0.166667 0.159496 0.014425 200 210 1000 969 1 1000 1000 0 3
0.166667 0.188082 0.014122 200 210 1000 1018 1 1000 1000 0 3
0.166667 0.170895 0.014107 200 211 1000 1021 1 1000 1000 0 3
0.166667 0.142495 0.014118 200 200 1000 971 1 1000 1000 0 3
0.166667 0.151910 0.013922 200 216 1000 1005 1 1000 1000 0 3
0.166667 0.161895 0.013987 200 188 1000 977 1 1000 1000 0 3
0.166667 0.196314 0.014437 200 227 1000 996 1 1000 1000 0 3
0.166667 0.153145 0.013850 200 198 1000 1009 1 1000 1000 0 3
0.166667 0.142966 0.014164 200 206 1000 953 1 1000 1000 0 3
0.166667 0.170546 0.014349 200 202 1000 1019 1 1000 1000 0 3
0.166667 0.162808 0.013701 200 216 1000 1034 1 1000 1000 0 3
0.166667 0.153101 0.014041 200 184 1000 944 1 1000 1000 0 3
0.166667 0.169164 0.014030 200 218 1000 1018 1 1000 1000 0 3
0.166667 0.163304 0.014022 200 193 1000 994 1 1000 1000 0 3
0.166667 0.185132 0.014143 200 198 1000 1047 1 1000 1000 0 3
0.166667 0.151083 0.013502 200 200 1000 1035 1 1000 1000 0 3
0.166667 0.142300 0.014509 200 198 1000 952 1 1000 1000 0 3
0.166667 0.176738 0.014718 200 203 1000 999 1 1000 1000 0 3
0.166667 0.178867 0.014195 200 214 1000 1030 1 1000 1000 0 3
0.166667 0.177811 0.013729 200 201 1000 1075 1 1000 1000 0 3
0.166667 0.149837 0.014267 200 209 1000 1026 1 1000 1000 0 3
0.166667 0.205607 0.015391 200 207 1000 956 1 1000 1000 0 3
0.166667 0.168611 0.014699 200 219 1000 998 1 1000 1000 0 3
0.166667 0.141711 0.013390 200 183 1000 1010 1 1000 1000 0 3
0.166667 0.178272 0.014595 200 190 1000 956 1 1000 1000 0 3
0.166667 0.159152 0.014300 200 198 1000 1009 1 1000 1000 0 3
0.166667 0.158087 0.013644 200 202 1000 1044 1 1000 1000 0 3
0.166667 0.159236 0.014064 200 184 1000 1010 1 1000 1000 0 3
0.166667 0.174890 0.014136 200 227 1000 1054 1 1000 1000 0 3
0.166667 0.160891 0.014417 200 183 1000 970 1 1000 1000 0 3
0.166667 0.138781 0.013763 200 197 1000 1012 1 1000 1000 0 3
0.166667 0.184698 0.014315 200 202 1000 1003 1 1000 1000 0 3
0.166667 0.177078 0.014168 200 210 1000 988 1 1000 1000 0 3
0.166667 0.163736 0.014238 200 197 1000 991 1 1000 1000 0 3
0.166667 0.143322 0.014268 200 187 1000 1009 1 1000 1000 0 3
0.166667 0.167496 0.014404 200 173 1000 950 1 1000 1000 0 3
0.166667 0.158687 0.013941 200 202 1000 1032 1 1000 1000 0 3
0.166667 0.137718 0.014089 200 182 1000 1001 1 1000 1000 0 3
0.166667 0.168116 0.014240 200 225 1000 1012 1 1000 1000 0 3
0.166667 0.160248 0.014833 200 212 1000 995 1 1000 1000 0 3
0.166667 0.172985 0.014550 200 207 1000 975 1 1000 1000 0 3
0.166667 0.138320 0.014231 200 185 1000 997 1 1000 1000 0 3
0.166667 0.175020 0.014025 200 235 1000 1004 1 1000 1000 0 3
0.166667 0.129209 0.013371 200 184 1000 1045 1 1000 1000 0 3
0.166667 0.201440 0.014623 200 207 1000 961 1 1000 1000 0 3
0.166667 0.179480 0.014657 200 199 1000 982 1 1000 1000 0 3
0.166667 0.141749 0.014153 200 185 1000 1012 1 1000 1000 0 3
0.166667 0.173617 0.014286 200 205 1000 1021 1 1000 1000 0 3
0.166667 0.149935 0.014005 200 180 1000 986 1 1000 1000 0 3
0.166667 0.151910 0.013320 200 209 1000 1059 1 1000 1000 0 3
0.166667 0.179648 0.014540 200 202 1000 1015 1 1000 1000 0 3
0.166667 0.159603 0.014601 200 188 1000 939 1 1000 1000 0 3
0.166667 0.140331 0.013670 200 173 1000 1053 1 1000 1000 0 3
0.166667 0.166221 0.013969 200 191 1000 1023 1 1000 1000 0 3
0.166667 0.180043 0.013980 200 195 1000 993 1 1000 1000 0 3
0.166667 0.179325 0.014590 200 212 1000 959 1 1000 1000 0 3
0.166667 0.168822 0.013642 200 199 1000 1107 1 1000 1000 0 3
0.166667 0.159492 0.013865 200 190 1000 1014 1 1000 1000 0 3
0.166667 0.167852 0.014935 200 197 1000 955 1 1000 1000 0 3
0.166667 0.173813 0.014024 200 200 1000 1012 1 1000 1000 0 3
0.166667 0.125813 0.013536 200 185 1000 1058 1 1000 1000 0 3
0.166667 0.174920 0.014341 200 189 1000 979 1 1000 1000 0 3
0.166667 0.146903 0.013680 200 199 1000 1053 1 1000 1000 0 3
0.166667 0.160105 0.014418 200 200 1000 985 1 1000 1000 0 3
0.166667 0.149649 0.014183 200 197 1000 989 1 1000 1000 0 3
0.166667 0.148032 0.013933 200 195 1000 1007 1 1000 1000 0 3
0.166667 0.181570 0.014016 200 209 1000 976 1 1000 1000 0 3
0.166667 0.167702 0.014336 200 192 1000 1028 1 1000 1000 0 3
0.166667 0.162046 0.014012 200 175 1000 970 1 1000 1000 0 3
0.166667 0.127482 0.013862 200 180 1000 986 1 1000 1000 0 3
0.166667 0.155702 0.014088 200 207 1000 996 1 1000 1000 0 3
0.166667 0.174942 0.014267 200 231 1000 1027 1 1000 1000 0 3
0.166667 0.168903 0.014420 200 200 1000 979 1 1000 1000 0 3
0.166667 0.162603 0.014619 200 200 1000 961 1 1000 1000 0 3
0.166667 0.161143 0.014884 200 207 1000 964 1 1000 1000 0 3
0.166667 0.154837 0.013866 200 197 1000 1044 1 1000 1000 0 3
0.166667 0.191504 0.014792 200 228 1000 951 1 1000 1000 0 3
0.166667 0.158362 0.014324 200 205 1000 994 1 1000 1000 0 3
0.166667 0.171954 0.014663 200 205 1000 959 1 1000 1000 0 3
0.166667 0.153516 0.013988 200 184 1000 982 1 1000 1000 0 3
0.166667 0.174811 0.014204 200 203 1000 1005 1 1000 1000 0 3
0.166667 0.181240 0.014319 200 195 1000 1017 1 1000 1000 0 3
0.166667 0.153799 0.013785 200 208 1000 1028 1 1000 1000 0 3
0.166667 0.164508 0.015003 200 180 1000 961 1 1000 1000 0 3
0.166667 0.171740 0.014329 200 211 1000 980 1 1000 1000 0 3
0.166667 0.141019 0.013869 200 198 1000 1049 1 1000 1000 0 3
0.166667 0.139849 0.014043 200 204 1000 1018 1 1000 1000 0 3
0.166667 0.192139 0.013980 200 216 1000 1038 1 1000 1000 0 3
0.166667 0.167385 0.014385 200 194 1000 999 1 1000 1000 0 3
0.166667 0.188974 0.014271 200 199 1000 1003 1 1000 1000 0 3
0.166667 0.158899 0.014547 200 186 1000 983 1 1000 1000 0 3
0.166667 0.178034 0.014614 200 205 1000 953 1 1000 1000 0 3
0.166667 0.137915 0.013647 200 189 1000 1041 1 1000 1000 0 3
0.166667 0.165350 0.014396 200 231 1000 1018 1 1000 1000 0 3
0.166667 0.170267 0.014016 200 192 1000 993 1 1000 1000 0 3
0.166667 0.188150 0.015003 200 202 1000 960 1 1000 1000 0 3
0.166667 0.154670 0.014341 200 209 1000 958 1 1000 1000 0 3
0.166667 0.150603 0.014117 200 198 1000 1004 1 1000 1000 0 3
0.166667 0.205163 0.015159 200 220 1000 965 1 1000 1000 0 3
0.166667 0.166670 0.015094 200 198 1000 962 1 1000 1000 0 3
0.166667 0.159292 0.013964 200 215 1000 1067 1 1000 1000 0 3
0.166667 0.152277 0.014106 200 177 1000 943 1 1000 1000 0 3
0.166667 0.159396 0.014640 200 196 1000 964 1 1000 1000 0 3
0.166667 0.179378 0.014937 200 198 1000 998 1 1000 1000 0 3
0.166667 0.155767 0.014363 200 199 1000 985 1 1000 1000 0 3
0.166667 0.157368 0.013776 200 191 1000 1001 1 1000 1000 0 3
0.166667 0.157915 0.014128 200 184 1000 982 1 1000 1000 0 3
0.166667 0.195570 0.014642 200 212 1000 968 1 1000 1000 0 3
0.166667 0.204114 0.014224 200 231 1000 1026 1 1000 1000 0 3
0.166667 0.165269 0.014445 200 180 1000 997 1 1000 1000 0 3
0.166667 0.139914 0.013936 200 208 1000 1014 1 1000 1000 0 3
0.166667 0.155184 0.014328 200 183 1000 961 1 1000 1000 0 3
0.166667 0.150020 0.014250 200 174 1000 1001 1 1000 1000 0 3
0.166667 0.205047 0.014725 200 224 1000 989 1 1000 1000 0 3
0.166667 0.134451 0.013939 200 187 1000 1011 1 1000 1000 0 3
0.166667 0.178310 0.014506 200 209 1000 983 1 1000 1000 0 3
0.166667 0.138123 0.014260 200 181 1000 994 1 1000 1000 0 3
0.166667 0.182563 0.015274 200 196 1000 945 1 1000 1000 0 3
0.166667 0.162100 0.013940 200 196 1000 997 1 1000 1000 0 3
0.166667 0.155065 0.013700 200 174 1000 1009 1 1000 1000 0 3
0.166667 0.138860 0.013611 200 180 1000 1014 1 1000 1000 0 3
0.166667 0.175513 0.014099 200 207 1000 1041 1 1000 1000 0 3
0.166667 0.203174 0.014170 200 236 1000 1073 1 1000 1000 0 3
0.166667 0.164949 0.013865 200 220 1000 1059 1 1000 1000 0 3
0.166667 0.167972 0.014152 200 184 1000 997 1 1000 1000 0 3
0.166667 0.167683 0.014291 200 183 1000 975 1 1000 1000 0 3
0.166667 0.140113 0.014253 200 189 1000 980 1 1000 1000 0 3
0.166667 0.156100 0.014004 200 190 1000 988 1 1000 1000 0 3
0.166667 0.184600 0.014540 200 216 1000 1010 1 1000 1000 0 3
0.166667 0.152419 0.014137 200 174 1000 985 1 1000 1000 0 3
0.166667 0.186779 0.014259 200 239 1000 997 1 1000 1000 0 3
0.166667 0.166781 0.014270 200 192 1000 1008 1 1000 1000 0 3
0.166667 0.190091 0.015137 200 200 1000 918 1 1000 1000 0 3
0.166667 0.157151 0.014745 200 203 1000 972 1 1000 1000 0 3
0.166667 0.174107 0.014487 200 205 1000 997 1 1000 1000 0 3
0.166667 0.128275 0.013746 200 175 1000 1011 1 1000 1000 0 3
0.166667 0.160077 0.014837 200 189 1000 971 1 1000 1000 0 3
0.166667 0.176743 0.013973 200 218 1000 1005 1 1000 1000 0 3
0.166667 0.155822 0.014259 200 189 1000 975 1 1000 1000 0 3
0.166667 0.149413 0.013741 200 192 1000 1034 1 1000 1000 0 3
0.166667 0.195138 0.014683 200 217 1000 978 1 1000 1000 0 3
0.166667 0.158565 0.014011 200 200 1000 1010 1 1000 1000 0 3
0.166667 0.170573 0.014253 200 209 1000 975 1 1000 1000 0 3
0.166667 0.162802 0.014021 200 198 1000 991 1 1000 1000 0 3
0.166667 0.177565 0.014442 200 229 1000 1020 1 1000 1000 0 3
0.166667 0.136540 0.014103 200 185 1000 971 1 1000 1000 0 3
0.166667 0.159812 0.014265 200 206 1000 968 1 1000 1000 0 3
0.166667 0.156285 0.013886 200 200 1000 1002 1 1000 1000 0 3
0.166667 0.197696 0.014649 200 201 1000 962 1 1000 1000 0 3
0.166667 0.190698 0.014927 200 201 1000 977 1 1000 1000 0 3
0.166667 0.134738 0.013916 200 192 1000 993 1 1000 1000 0 3
0.166667 0.164008 0.014060 200 214 1000 985 1 1000 1000 0 3
0.166667 0.179998 0.014952 200 206 1000 981 1 1000 1000 0 3
0.166667 0.177302 0.014383 200 198 1000 1034 1 1000 1000 0 3
0.166667 0.158578 0.014094 200 181 1000 997 1 1000 1000 0 3
0.166667 0.157216 0.013812 200 184 1000 1009 1 1000 1000 0 3
0.166667 0.162215 0.013937 200 207 1000 1004 1 1000 1000 0 3
0.166667 0.154657 0.014045 200 173 1000 999 1 1000 1000 0 3
0.166667 0.181894 0.014307 200 207 1000 1019 1 1000 1000 0 3
0.166667 0.160326 0.014011 200 178 1000 1009 1 1000 1000 0 3
0.166667 0.150947 0.013383 200 176 1000 1052 1 1000 1000 0 3
0.166667 0.181141 0.014615 200 172 1000 946 1 1000 1000 0 3
0.166667 0.153779 0.014082 200 182 1000 983 1 1000 1000 0 3
0.166667 0.186824 0.015206 200 185 1000 933 1 1000 1000 0 3
0.166667 0.173437 0.014358 200 184 1000 1012 1 1000 1000 0 3
0.166667 0.184569 0.014017 200 198 1000 1038 1 1000 1000 0 3
0.166667 0.134784 0.013322 200 190 1000 1017 1 1000 1000 0 3
0.166667 0.177165 0.014203 200 215 1000 1001 1 1000 1000 0 3
0.166667 0.134767 0.013249 200 192 1000 1052 1 1000 1000 0 3
0.166667 0.173540 0.015058 200 196 1000 919 1 1000 1000 0 3
0.166667 0.130029 0.013573 200 179 1000 1027 1 1000 1000 0 3
0.166667 0.170700 0.014291 200 205 1000 1015 1 1000 1000 0 3
0.166667 0.178714 0.014687 200 203 1000 952 1 1000 1000 0 3
0.166667 0.181796 0.014114 200 197 1000 1017 1 1000 1000 0 3
0.166667 0.165590 0.013558 200 196 1000 1032 1 1000 1000 0 3
0.166667 0.178345 0.014433 200 210 1000 969 1 1000 1000 0 3
0.166667 0.166519 0.014152 200 203 1000 989 1 1000 1000 0 3
0.166667 0.144312 0.014508 200 182 1000 1005 1 1000 1000 0 3
0.166667 0.161918 0.013766 200 201 1000 1014 1 1000 1000 0 3
0.166667 0.185511 0.014320 200 197 1000 1031 1 1000 1000 0 3
0.166667 0.157414 0.014514 200 189 1000 962 1 1000 1000 0 3
0.166667 0.140215 0.013514 200 182 1000 1041 1 1000 1000 0 3
0.166667 0.187733 0.014184 200 212 1000 1016 1 1000 1000 0 3
0.166667 0.143629 0.013880 200 185 1000 991 1 1000 1000 0 3
0.166667 0.129199 0.013740 200 175 1000 1022 1 1000 1000 0 3
0.166667 0.130078 0.013460 200 160 1000 1031 1 1000 1000 0 3
0.166667 0.169261 0.014055 200 216 1000 971 1 1000 1000 0 3
0.166667 0.153365 0.014503 200 186 1000 997 1 1000 1000 0 3
0.166667 0.183292 0.014115 200 209 1000 1032 1 1000 1000 0 3
0.166667 0.149315 0.014038 200 177 1000 990 1 1000 1000 0 3
0.166667 0.160015 0.013892 200 199 1000 986 1 1000 1000 0 3
0.166667 0.177331 0.014348 200 192 1000 995 1 1000 1000 0 3
0.166667 0.141938 0.013990 200 203 1000 966 1 1000 1000 0 3
0.166667 0.166928 0.014093 200 181 1000 1040 1 1000 1000 0 3
0.166667 0.150981 0.014016 200 181 1000 996 1 1000 1000 0 3
0.166667 0.185410 0.014328 200 227 1000 999 1 1000 1000 0 3
0.166667 0.170632 0.014440 200 200 1000 976 1 1000 1000 0 3
0.166667 0.167574 0.014720 200 185 1000 968 1 1000 1000 0 3
0.166667 0.180765 0.014223 200 232 1000 1042 1 1000 1000 0 3
0.166667 0.151161 0.013992 200 203 1000 997 1 1000 1000 0 3
0.166667 0.167778 0.015020 200 200 1000 905 1 1000 1000 0 3
0.166667 0.177824 0.014986 200 204 1000 974 1 1000 1000 0 3
0.166667 0.169702 0.014107 200 202 1000 1017 1 1000 1000 0 3
0.166667 0.186287 0.014497 200 210 1000 1002 1 1000 1000 0 3
0.166667 0.181032 0.014382 200 216 1000 988 1 1000 1000 0 3
0.166667 0.153193 0.014228 200 188 1000 1000 1 1000 1000 0 3
0.166667 0.148099 0.013546 200 202 1000 1059 1 1000 1000 0 3
0.166667 0.155948 0.014081 200 198 1000 980 1 1000 1000 0 3
0.166667 0.162185 0.014073 200 213 1000 985 1 1000 1000 0 3
0.166667 0.169896 0.014601 200 214 1000 1047 1 1000 1000 0 3
0.166667 0.165635 0.013968 200 205 1000 1035 1 1000 1000 0 3
0.166667 0.162310 0.014491 200 192 1000 992 1 1000 1000 0 3
0.166667 0.166435 0.014175 200 204 1000 1011 1 1000 1000 0 3
0.166667 0.147176 0.013986 200 184 1000 1017 1 1000 1000 0 3
0.166667 0.175629 0.014741 200 216 1000 979 1 1000 1000 0 3
0.166667 0.176486 0.014163 200 183 1000 992 1 1000 1000 0 3
0.166667 0.162300 0.014709 200 190 1000 970 1 1000 1000 0 3
0.166667 0.127841 0.013796 200 188 1000 991 1 1000 1000 0 3
0.166667 0.191684 0.014428 200 226 1000 1016 1 1000 1000 0 3
0.166667 0.187215 0.014854 200 192 1000 936 1 1000 1000 0 3
0.166667 0.148223 0.014398 200 211 1000 1009 1 1000 1000 0 3
0.166667 0.158622 0.013884 200 181 1000 1031 1 1000 1000 0 3
0.166667 0.160472 0.014663 200 196 1000 946 1 1000 1000 0 3
0.166667 0.166570 0.014004 200 200 1000 1035 1 1000 1000 0 3
0.166667 0.178088 0.014412 200 220 1000 963 1 1000 1000 0 3
0.166667 0.159397 0.014009 200 182 1000 1012 1 1000 1000 0 3
0.166667 0.174431 0.014328 200 200 1000 1003 1 1000 1000 0 3
0.166667 0.152715 0.013778 200 201 1000 1028 1 1000 1000 0 3
0.166667 0.156919 0.013976 200 199 1000 972 1 1000 1000 0 3
0.166667 0.178872 0.013507 200 194 1000 1038 1 1000 1000 0 3
0.166667 0.167582 0.014138 200 178 1000 1008 1 1000 1000 0 3
0.166667 0.155818 0.013801 200 185 1000 992 1 1000 1000 0 3
0.166667 0.153045 0.014198 200 209 1000 971 1 1000 1000 0 3
0.166667 0.165068 0.013875 200 202 1000 1041 1 1000 1000 0 3
0.166667 0.153617 0.014107 200 196 1000 1031 1 1000 1000 0 3
0.166667 0.184126 0.015026 200 192 1000 950 1 1000 1000 0 3
0.166667 0.135317 0.013732 200 192 1000 1043 1 1000 1000 0 3
0.166667 0.208818 0.014248 200 216 1000 1025 1 1000 1000 0 3
0.166667 0.163666 0.014480 200 208 1000 973 1 1000 1000 0 3
0.166667 0.163420 0.013992 200 194 1000 1007 1 1000 1000 0 3
0.166667 0.134283 0.013280 200 176 1000 1057 1 1000 1000 0 3
0.166667 0.167983 0.013606 200 214 1000 1056 1 1000 1000 0 3
0.166667 0.186023 0.014264 200 203 1000 997 1 1000 1000 0 3
0.166667 0.149554 0.013874 200 192 1000 1039 1 1000 1000 0 3
0.166667 0.190451 0.014679 200 203 1000 976 1 1000 1000 0 3
0.166667 0.181252 0.014561 200 189 1000 950 1 1000 1000 0 3
0.166667 0.175950 0.014294 200 197 1000 1009 1 1000 1000 0 3
0.166667 0.159279 0.015002 200 202 1000 973 1 1000 1000 0 3
0.166667 0.138773 0.013377 200 187 1000 1043 1 1000 1000 0 3
0.166667 0.164358 0.014495 200 207 1000 1036 1 1000 1000 0 3
0.166667 0.189514 0.014414 200 223 1000 997 1 1000 1000 0 3
0.166667 0.170468 0.013990 200 187 1000 1003 1 1000 1000 0 3
0.166667 0.206671 0.014494 200 235 1000 1011 1 1000 1000 0 3
0.166667 0.177498 0.014664 200 215 1000 953 1 1000 1000 0 3
0.166667 0.187158 0.014400 200 218 1000 1017 1 1000 1000 0 3
0.166667 0.133971 0.013122 200 182 1000 1063 1 1000 1000 0 3
0.166667 0.159850 0.014005 200 209 1000 981 1 1000 1000 0 3
0.166667 0.168866 0.014520 200 190 1000 935 1 1000 1000 0 3
0.166667 0.157940 0.014073 200 203 1000 1001 1 1000 1000 0 3
0.166667 0.176122 0.014484 200 203 1000 997 1 1000 1000 0 3
0.166667 0.177036 0.014249 200 198 1000 1068 1 1000 1000 0 3
0.166667 0.174009 0.014331 200 194 1000 969 1 1000 1000 0 3
0.166667 0.144065 0.013669 200 191 1000 1015 1 1000 1000 0 3
0.166667 0.148863 0.013250 200 170 1000 1041 1 1000 1000 0 3
0.166667 0.160247 0.014166 200 174 1000 1020 1 1000 1000 0 3
0.166667 0.141376 0.013995 200 198 1000 1001 1 1000 1000 0 3
0.166667 0.162885 0.014064 200 211 1000 1009 1 1000 1000 0 3
0.166667 0.161854 0.014500 200 185 1000 997 1 1000 1000 0 3
0.166667 0.156062 0.013869 200 208 1000 1020 1 1000 1000 0 3
0.166667 0.158163 0.014186 200 181 1000 958 1 1000 1000 0 3
0.166667 0.157464 0.014161 200 211 1000 983 1 1000 1000 0 3
0.166667 0.168320 0.014281 200 216 1000 1001 1 1000 1000 0 3
0.166667 0.147274 0.014032 200 184 1000 1005 1 1000 1000 0 3
0.166667 0.174182 0.014390 200 197 1000 1007 1 1000 1000 0 3
0.166667 0.164515 0.014223 200 190 1000 1006 1 1000 1000 0 3
0.166667 0.131380 0.013804 200 200 1000 1018 1 1000 1000 0 3
0.166667 0.197435 0.014835 200 214 1000 985 1 1000 1000 0 3
0.166667 0.185782 0.015593 200 216 1000 894 1 1000 1000 0 3
0.166667 0.159261 0.013866 200 177 1000 998 1 1000 1000 0 3
0.166667 0.182706 0.014794 200 212 1000 943 1 1000 1000 0 3
0.166667 0.135207 0.014216 200 175 1000 955 1 1000 1000 0 3
0.166667 0.151121 0.013925 200 183 1000 1004 1 1000 1000 0 3
0.166667 0.212671 0.015118 200 218 1000 955 1 1000 1000 0 3
0.166667 0.167222 0.014085 200 169 1000 1021 1 1000 1000 0 3
0.166667 0.152569 0.013883 200 198 1000 1017 1 1000 1000 0 3
0.166667 0.155501 0.014260 200 191 1000 971 1 1000 1000 0 3
0.166667 0.156783 0.014109 200 197 1000 1011 1 1000 1000 0 3
0.166667 0.171007 0.014080 200 217 1000 1029 1 1000 1000 0 3
0.166667 0.171504 0.014264 200 204 1000 1022 1 1000 1000 0 3
0.166667 0.169397 0.014534 200 185 1000 947 1 1000 1000 0 3
0.166667 0.154203 0.014370 200 193 1000 1004 1 1000 1000 0 3
0.166667 0.184181 0.014708 200 221 1000 953 1 1000 1000 0 3
0.166667 0.144066 0.013894 200 187 1000 997 1 1000 1000 0 3
0.166667 0.191024 0.014726 200 232 1000 978 1 1000 1000 0 3
0.166667 0.178293 0.014563 200 196 1000 962 1 1000 1000 0 3
0.166667 0.170569 0.014392 200 207 1000 1021 1 1000 1000 0 3
0.166667 0.149299 0.013814 200 206 1000 1012 1 1000 1000 0 3
0.166667 0.156199 0.014325 200 199 1000 994 1 1000 1000 0 3
0.166667 0.152043 0.013791 200 207 1000 1039 1 1000 1000 0 3
0.166667 0.198145 0.014907 200 214 1000 969 1 1000 1000 0 3
0.166667 0.163510 0.014399 200 205 1000 1009 1 1000 1000 0 3
0.166667 0.154194 0.014605 200 195 1000 942 1 1000 1000 0 3
0.166667 0.145026 0.013615 200 181 1000 1010 1 1000 1000 0 3
0.166667 0.186921 0.014255 200 221 1000 1003 1 1000 1000 0 3
0.166667 0.154860 0.014115 200 193 1000 1044 1 1000 1000 0 3
0.166667 0.171037 0.013922 200 214 1000 1006 1 1000 1000 0 3
0.166667 0.135692 0.013675 200 198 1000 999 1 1000 1000 0 3
0.166667 0.174539 0.014488 200 191 1000 969 1 1000 1000 0 3
0.166667 0.175226 0.014106 200 197 1000 1021 1 1000 1000 0 3
0.166667 0.147930 0.013887 200 200 1000 1050 1 1000 1000 0 3
0.166667 0.150098 0.013821 200 196 1000 1027 1 1000 1000 0 3
0.166667 0.158037 0.014130 200 194 1000 982 1 1000 1000 0 3
0.166667 0.179321 0.014504 200 200 1000 1000 1 1000 1000 0 3
0.166667 0.159757 0.014087 200 190 1000 999 1 1000 1000 0 3
0.166667 0.112942 0.013436 200 174 1000 998 1 1000 1000 0 3
0.166667 0.147535 0.013393 200 177 1000 1069 1 1000 1000 0 3
0.166667 0.182630 0.014377 200 204 1000 1019 1 1000 1000 0 3
0.166667 0.157054 0.014371 200 194 1000 960 1 1000 1000 0 3
0.166667 0.162153 0.014253 200 195 1000 981 1 1000 1000 0 3
0.166667 0.185274 0.014474 200 210 1000 972 1 1000 1000 0 3
0.166667 0.165139 0.013672 200 190 1000 1057 1 1000 1000 0 3
0.166667 0.156429 0.014203 200 192 1000 987 1 1000 1000 0 3
0.166667 0.174116 0.014655 200 206 1000 964 1 1000 1000 0 3
0.166667 0.184640 0.014116 200 208 1000 1025 1 1000 1000 0 3
0.166667 0.149062 0.013739 200 190 1000 1030 1 1000 1000 0 3
0.166667 0.159647 0.014574 200 183 1000 962 1 1000 1000 0 3
0.166667 0.157325 0.013936 200 198 1000 999 1 1000 1000 0 3
0.166667 0.194268 0.014188 200 221 1000 986 1 1000 1000 0 3
0.166667 0.165250 0.014482 200 186 1000 1001 1 1000 1000 0 3
0.166667 0.168401 0.014463 200 203 1000 951 1 1000 1000 0 3
0.166667 0.185285 0.015022 200 193 1000 932 1 1000 1000 0 3
0.166667 0.140806 0.014539 200 203 1000 1000 1 1000 1000 0 3
0.166667 0.146369 0.013748 200 179 1000 1036 1 1000 1000 0 3
0.166667 0.177683 0.014561 200 205 1000 988 1 1000 1000 0 3
0.166667 0.153258 0.014596 200 182 1000 962 1 1000 1000 0 3
0.166667 0.187478 0.014534 200 204 1000 984 1 1000 1000 0 3
0.166667 0.175980 0.015051 200 209 1000 961 1 1000 1000 0 3
0.166667 0.181843 0.014891 200 215 1000 950 1 1000 1000 0 3
0.166667 0.150076 0.014223 200 189 1000 1029 1 1000 1000 0 3
0.166667 0.172990 0.014981 200 197 1000 930 1 1000 1000 0 3
0.166667 0.161322 0.014443 200 218 1000 966 1 1000 1000 0 3
0.166667 0.133285 0.013562 200 182 1000 1050 1 1000 1000 0 3
0.166667 0.165196 0.014435 200 196 1000 967 1 1000 1000 0 3
0.166667 0.157761 0.013519 200 218 1000 1083 1 1000 1000 0 3
0.166667 0.177186 0.014415 200 190 1000 997 1 1000 1000 0 3
0.166667 0.160896 0.013658 200 201 1000 1046 1 1000 1000 0 3
0.166667 0.162545 0.014014 200 196 1000 1027 1 1000 1000 0 3
0.166667 0.194061 0.014499 200 232 1000 953 1 1000 1000 0 3
0.166667 0.187725 0.015037 200 231 1000 978 1 1000 1000 0 3
0.166667 0.176081 0.014186 200 202 1000 979 1 1000 1000 0 3
0.166667 0.148446 0.013842 200 190 1000 1026 1 1000 1000 0 3
0.166667 0.136962 0.014266 200 180 1000 971 1 1000 1000 0 3
0.166667 0.148867 0.013822 200 181 1000 1007 1 1000 1000 0 3
0.166667 0.171966 0.014084 200 200 1000 995 1 1000 1000 0 3
0.166667 0.153966 0.013763 200 189 1000 1024 1 1000 1000 0 3
0.166667 0.185304 0.014569 200 219 1000 991 1 1000 1000 0 3
0.166667 0.142365 0.013450 200 184 1000 1093 1 1000 1000 0 3
0.166667 0.177074 0.014669 200 230 1000 981 1 1000 1000 0 3
0.166667 0.163783 0.014161 200 182 1000 984 1 1000 1000 0 3
0.166667 0.160866 0.013912 200 185 1000 986 1 1000 1000 0 3
0.166667 0.181396 0.014620 200 200 1000 956 1 1000 1000 0 3
0.166667 0.152667 0.014349 200 191 1000 959 1 1000 1000 0 3
0.166667 0.152675 0.014396 200 190 1000 964 1 1000 1000 0 3
0.166667 0.149099 0.013928 200 196 1000 1048 1 1000 1000 0 3
0.166667 0.151397 0.014295 200 210 1000 1032 1 1000 1000 0 3
0.166667 0.160117 0.014557 200 199 1000 947 1 1000 1000 0 3
0.166667 0.174905 0.014186 200 191 1000 1026 1 1000 1000 0 3
0.166667 0.188033 0.014163 200 200 1000 1009 1 1000 1000 0 3
0.166667 0.162785 0.014283 200 191 1000 974 1 1000 1000 0 3
0.166667 0.181524 0.014536 200 217 1000 978 1 1000 1000 0 3
0.166667 0.182151 0.014571 200 208 1000 1006 1 1000 1000 0 3
0.166667 0.190746 0.014969 200 215 1000 943 1 1000 1000 0 3
0.166667 0.174504 0.013849 200 213 1000 1025 1 1000 1000 0 3
0.166667 0.136415 0.013742 200 171 1000 999 1 1000 1000 0 3
0.166667 0.159011 0.013906 200 190 1000 1038 1 1000 1000 0 3
0.166667 0.137535 0.013989 200 185 1000 1011 1 1000 1000 0 3
0.166667 0.179725 0.014267 200 182 1000 998 1 1000 1000 0 3
0.166667 0.157905 0.013766 200 185 1000 1034 1 1000 1000 0 3
0.166667 0.153594 0.014360 200 190 1000 994 1 1000 1000 0 3
0.166667 0.179647 0.013934 200 219 1000 1035 1 1000 1000 0 3
0.166667 0.143664 0.013324 200 205 1000 1081 1 1000 1000 0 3
0.166667 0.176866 0.014456 200 209 1000 990 1 1000 1000 0 3
0.166667 0.161562 0.014150 200 209 1000 1046 1 1000 1000 0 3
0.166667 0.161862 0.014460 200 184 1000 1008 1 1000 1000 0 3
0.166667 0.133423 0.013532 200 183 1000 1030 1 1000 1000 0 3
0.166667 0.180251 0.014711 200 202 1000 979 1 1000 1000 0 3
0.166667 0.159701 0.013599 200 199 1000 1059 1 1000 1000 0 3
0.166667 0.159782 0.014122 200 201 1000 1007 1 1000 1000 0 3
0.166667 0.160111 0.013386 200 207 1000 1064 1 1000 1000 0 3
0.166667 0.172702 0.014290 200 189 1000 1020 1 1000 1000 0 3
0.166667 0.147611 0.013622 200 195 1000 1014 1 1000 1000 0 3
0.166667 0.166246 0.014291 200 198 1000 981 1 1000 1000 0 3
0.166667 0.185655 0.014597 200 201 1000 983 1 1000 1000 0 3
0.166667 0.137493 0.014276 200 192 1000 983 1 1000 1000 0 3
0.166667 0.178033 0.015030 200 216 1000 941 1 1000 1000 0 3
0.166667 0.154707 0.013904 200 214 1000 1029 1 1000 1000 0 3
0.166667 0.184870 0.014106 200 212 1000 1007 1 1000 1000 0 3
0.166667 0.167681 0.013991 200 214 1000 1055 1 1000 1000 0 3
0.166667 0.169639 0.014132 200 191 1000 987 1 1000 1000 0 3
0.166667 0.167170 0.014576 200 218 1000 1002 1 1000 1000 0 3
0.166667 0.158605 0.013947 200 181 1000 963 1 1000 1000 0 3
0.166667 0.177333 0.014039 200 199 1000 1007 1 1000 1000 0 3
0.166667 0.157506 0.014021 200 200 1000 999 1 1000 1000 0 3
0.166667 0.168210 0.014267 200 200 1000 994 1 1000 1000 0 3
0.166667 0.158870 0.013764 200 182 1000 1041 1 1000 1000 0 3
0.166667 0.148984 0.013817 200 194 1000 993 1 1000 1000 0 3
0.166667 0.160917 0.014061 200 211 1000 1025 1 1000 1000 0 3
0.166667 0.164824 0.014081 200 215 1000 1004 1 1000 1000 0 3
0.166667 0.154719 0.013764 200 195 1000 1006 1 1000 1000 0 3
0.166667 0.170874 0.014313 200 207 1000 1035 1 1000 1000 0 3
0.166667 0.175005 0.014358 200 213 1000 1009 1 1000 1000 0 3
0.166667 0.164666 0.014491 200 200 1000 958 1 1000 1000 0 3
0.166667 0.137376 0.014333 200 195 1000 984 1 1000 1000 0 3
0.166667 0.175969 0.013649 200 202 1000 1062 1 1000 1000 0 3
0.166667 0.148302 0.013711 200 203 1000 1016 1 1000 1000 0 3
0.166667 0.166355 0.013642 200 207 1000 1043 1 1000 1000 0 3
0.166667 0.125208 0.013378 200 197 1000 1031 1 1000 1000 0 3
0.166667 0.165525 0.014821 200 215 1000 976 1 1000 1000 0 3
0.166667 0.145537 0.014292 200 202 1000 983 1 1000 1000 0 3
0.166667 0.197230 0.014455 200 218 1000 975 1 1000 1000 0 3
0.166667 0.194863 0.014842 200 218 1000 958 1 1000 1000 0 3
0.166667 0.179183 0.015180 200 187 1000 992 1 1000 1000 0 3
0.166667 0.177758 0.014585 200 214 1000 989 1 1000 1000 0 3
0.166667 0.177576 0.014850 200 221 1000 950 1 1000 1000 0 3
0.166667 0.167587 0.013902 200 207 1000 1025 1 1000 1000 0 3
0.166667 0.163657 0.014817 200 186 1000 933 1 1000 1000 0 3
0.166667 0.168126 0.013828 200 203 1000 1023 1 1000 1000 0 3
0.166667 0.173449 0.014734 200 184 1000 941 1 1000 1000 0 3
0.166667 0.173051 0.014202 200 196 1000 1003 1 1000 1000 0 3
0.166667 0.198574 0.014860 200 215 1000 986 1 1000 1000 0 3
0.166667 0.161134 0.013724 200 208 1000 997 1 1000 1000 0 3
0.166667 0.171180 0.014400 200 203 1000 991 1 1000 1000 0 3
0.166667 0.153110 0.014573 200 201 1000 959 1 1000 1000 0 3
0.166667 0.177175 0.013876 200 190 1000 1042 1 1000 1000 0 3
0.166667 0.154229 0.014362 200 190 1000 969 1 1000 1000 0 3
0.166667 0.150534 0.014298 200 180 1000 979 1 1000 1000 0 3
0.166667 0.177403 0.014544 200 236 1000 974 1 1000 1000 0 3
0.166667 0.177590 0.014342 200 220 1000 1045 1 1000 1000 0 3
0.166667 0.155802 0.014129 200 210 1000 1019 1 1000 1000 0 3
0.166667 0.154370 0.013989 200 185 1000 1013 1 1000 1000 0 3
0.166667 0.152491 0.013928 200 187 1000 995 1 1000 1000 0 3
0.166667 0.153542 0.014149 200 194 1000 996 1 1000 1000 0 3
0.166667 0.169244 0.014121 200 211 1000 991 1 1000 1000 0 3
0.166667 0.133260 0.013595 200 175 1000 1048 1 1000 1000 0 3
0.166667 0.157935 0.014058 200 190 1000 984 1 1000 1000 0 3
0.166667 0.186486 0.014228 200 213 1000 1030 1 1000 1000 0 3
0.166667 0.181902 0.015024 200 211 1000 965 1 1000 1000 0 3
0.166667 0.163045 0.013803 200 219 1000 1028 1 1000 1000 0 3
0.166667 0.178591 0.014531 200 220 1000 991 1 1000 1000 0 3
0.166667 0.144524 0.014290 200 196 1000 1032 1 1000 1000 0 3
0.166667 0.165904 0.014400 200 197 1000 957 1 1000 1000 0 3
0.166667 0.163932 0.014055 200 187 1000 976 1 1000 1000 0 3
0.166667 0.130113 0.013403 200 184 1000 1019 1 1000 1000 0 3
0.166667 0.154996 0.013439 200 196 1000 1056 1 1000 1000 0 3
0.166667 0.174852 0.014440 200 201 1000 984 1 1000 1000 0 3
0.166667 0.136319 0.014454 200 185 1000 946 1 1000 1000 0 3
0.166667 0.164452 0.013616 200 208 1000 1048 1 1000 1000 0 3
0.166667 0.146248 0.014160 200 212 1000 998 1 1000 1000 0 3
0.166667 0.168648 0.014378 200 194 1000 1000 1 1000 1000 0 3
0.166667 0.140131 0.014516 200 173 1000 925 1 1000 1000 0 3
0.166667 0.167410 0.013971 200 197 1000 972 1 1000 1000 0 3
0.166667 0.169699 0.013796 200 218 1000 1046 1 1000 1000 0 3
0.166667 0.170079 0.014888 200 197 1000 943 1 1000 1000 0 3
0.166667 0.194562 0.014813 200 219 1000 948 1 1000 1000 0 3
0.166667 0.171743 0.014024 200 194 1000 1015 1 1000 1000 0 3
0.166667 0.166701 0.014102 200 206 1000 987 1 1000 1000 0 3
0.166667 0.144891 0.013793 200 189 1000 996 1 1000 1000 0 3
0.166667 0.174432 0.014958 200 187 1000 962 1 1000 1000 0 3
0.166667 0.165450 0.014209 200 178 1000 1010 1 1000 1000 0 3
0.166667 0.155913 0.014353 200 218 1000 964 1 1000 1000 0 3
0.166667 0.117833 0.013412 200 169 1000 988 1 1000 1000 0 3
0.166667 0.164031 0.013950 200 196 1000 1000 1 1000 1000 0 3
0.166667 0.154773 0.013556 200 214 1000 1045 1 1000 1000 0 3
0.166667 0.172705 0.014648 200 204 1000 954 1 1000 1000 0 3
0.166667 0.144017 0.013703 200 196 1000 1026 1 1000 1000 0 3
0.166667 0.170241 0.014169 200 203 1000 978 1 1000 1000 0 3
0.166667 0.163805 0.014243 200 196 1000 1006 1 1000 1000 0 3
0.166667 0.170853 0.014198 200 211 1000 1004 1 1000 1000 0 3
0.166667 0.160481 0.013796 200 195 1000 1053 1 1000 1000 0 3
0.166667 0.130998 0.013576 200 192 1000 1009 1 1000 1000 0 3
0.166667 0.160638 0.013809 200 185 1000 1047 1 1000 1000 0 3
0.166667 0.185490 0.014466 200 198 1000 990 1 1000 1000 0 3
0.166667 0.176819 0.014267 200 182 1000 1011 1 1000 1000 0 3
0.166667 0.168337 0.014875 200 188 1000 972 1 1000 1000 0 3
0.166667 0.190631 0.015403 200 207 1000 923 1 1000 1000 0 3
0.166667 0.182208 0.014416 200 201 1000 1010 1 1000 1000 0 3
0.166667 0.155787 0.014048 200 191 1000 1028 1 1000 1000 0 3
0.166667 0.144612 0.013822 200 192 1000 1012 1 1000 1000 0 3
0.166667 0.172124 0.013898 200 189 1000 1010 1 1000 1000 0 3
0.166667 0.163757 0.013852 200 213 1000 1038 1 1000 1000 0 3
0.166667 0.175314 0.015096 200 224 1000 956 1 1000 1000 0 3
0.166667 0.176945 0.014540 200 213 1000 957 1 1000 1000 0 3
0.166667 0.175382 0.014334 200 197 1000 1004 1 1000 1000 0 3
0.166667 0.166351 0.013671 200 215 1000 1035 1 1000 1000 0 3
0.166667 0.158347 0.014818 200 203 1000 950 1 1000 1000 0 3
0.166667 0.154269 0.014330 200 200 1000 965 1 1000 1000 0 3
0.166667 0.201684 0.014743 200 215 1000 1025 1 1000 1000 0 3
0.166667 0.164356 0.014185 200 203 1000 991 1 1000 1000 0 3
0.166667 0.158890 0.013745 200 177 1000 1045 1 1000 1000 0 3
0.166667 0.160821 0.014238 200 200 1000 983 1 1000 1000 0 3
0.166667 0.163295 0.013740 200 204 1000 1023 1 1000 1000 0 3
0.166667 0.180458 0.014555 200 216 1000 998 1 1000 1000 0 3
0.166667 0.153272 0.013641 200 199 1000 1034 1 1000 1000 0 3
0.166667 0.175427 0.014490 200 209 1000 1034 1 1000 1000 0 3
0.166667 0.162802 0.013787 200 188 1000 1047 1 1000 1000 0 3
0.166667 0.167121 0.013810 200 228 1000 1038 1 1000 1000 0 3
0.166667 0.145801 0.014657 200 200 1000 957 1 1000 1000 0 3
0.166667 0.162464 0.014032 200 226 1000 1031 1 1000 1000 0 3
0.166667 0.183853 0.014249 200 197 1000 1016 1 1000 1000 0 3
0.166667 0.178099 0.014530 200 216 1000 1006 1 1000 1000 0 3
0.166667 0.176778 0.014137 200 222 1000 997 1 1000 1000 0 3
0.166667 0.154311 0.013716 200 196 1000 1009 1 1000 1000 0 3
0.166667 0.131541 0.013571 200 190 1000 1006 1 1000 1000 0 3
0.166667 0.167871 0.014483 200 205 1000 979 1 1000 1000 0 3
0.166667 0.174662 0.014557 200 179 1000 937 1 1000 1000 0 3
0.166667 0.178848 0.014643 200 196 1000 991 1 1000 1000 0 3
0.166667 0.160656 0.014478 200 199 1000 982 1 1000 1000 0 3
0.166667 0.164955 0.014249 200 203 1000 986 1 1000 1000 0 3
0.166667 0.206395 0.014764 200 223 1000 960 1 1000 1000 0 3
0.166667 0.179818 0.014163 200 200 1000 1034 1 1000 1000 0 3
0.166667 0.141008 0.014086 200 196 1000 997 1 1000 1000 0 3
0.166667 0.150574 0.014480 200 181 1000 976 1 1000 1000 0 3
0.166667 0.174082 0.014201 200 200 1000 1003 1 1000 1000 0 3
0.166667 0.166601 0.014436 200 201 1000 976 1 1000 1000 0 3
0.166667 0.174337 0.014203 200 208 1000 1014 1 1000 1000 0 3
0.166667 0.173894 0.014676 200 209 1000 962 1 1000 1000 0 3
0.166667 0.162879 0.014136 200 192 1000 991 1 1000 1000 0 3
0.166667 0.168965 0.014759 200 190 1000 997 1 1000 1000 0 3
0.166667 0.156707 0.013650 200 205 1000 1031 1 1000 1000 0 3
0.166667 0.186753 0.014090 200 208 1000 1006 1 1000 1000 0 3
0.166667 0.180391 0.014559 200 204 1000 964 1 1000 1000 0 3
0.166667 0.158587 0.013890 200 205 1000 1004 1 1000 1000 0 3
0.166667 0.150142 0.014262 200 189 1000 968 1 1000 1000 0 3
0.166667 0.190885 0.014438 200 198 1000 951 1 1000 1000 0 3
0.166667 0.195594 0.014996 200 219 1000 1000 1 1000 1000 0 3
0.166667 0.165687 0.013863 200 206 1000 1027 1 1000 1000 0 3
0.166667 0.167233 0.014876 200 204 1000 951 1 1000 1000 0 3
0.166667 0.149014 0.013992 200 195 1000 979 1 1000 1000 0 3
0.166667 0.167969 0.014357 200 184 1000 970 1 1000 1000 0 3
0.166667 0.189361 0.014716 200 214 1000 970 1 1000 1000 0 3
0.166667 0.159230 0.014207 200 192 1000 987 1 1000 1000 0 3
0.166667 0.157353 0.014009 200 190 1000 1022 1 1000 1000 0 3
0.166667 0.176508 0.014517 200 178 1000 997 1 1000 1000 0 3
0.166667 0.143462 0.013411 200 172 1000 1011 1 1000 1000 0 3
0.166667 0.157389 0.013947 200 205 1000 980 1 1000 1000 0 3
0.166667 0.135472 0.013625 200 216 1000 1033 1 1000 1000 0 3
0.166667 0.168800 0.014295 200 212 1000 1029 1 1000 1000 0 3
0.166667 0.184485 0.014143 200 205 1000 1020 1 1000 1000 0 3
0.166667 0.174748 0.014461 200 226 1000 1045 1 1000 1000 0 3
0.166667 0.168397 0.014516 200 201 1000 979 1 1000 1000 0 3
0.166667 0.168159 0.014413 200 190 1000 957 1 1000 1000 0 3
0.166667 0.156514 0.013961 200 172 1000 1039 1 1000 1000 0 3
0.166667 0.176111 0.014498 200 202 1000 984 1 1000 1000 0 3
0.166667 0.160820 0.014088 200 212 1000 997 1 1000 1000 0 3
0.166667 0.169224 0.013976 200 209 1000 1024 1 1000 1000 0 3
0.166667 0.167298 0.013983 200 199 1000 1017 1 1000 1000 0 3
0.166667 0.142389 0.013675 200 189 1000 1012 1 1000 1000 0 3
0.166667 0.166817 0.014304 200 203 1000 983 1 1000 1000 0 3
0.166667 0.185680 0.015061 200 194 1000 954 1 1000 1000 0 3
0.166667 0.195481 0.014771 200 207 1000 979 1 1000 1000 0 3
0.166667 0.123604 0.013829 200 178 1000 960 1 1000 1000 0 3
0.166667 0.143128 0.014450 200 174 1000 966 1 1000 1000 0 3
0.166667 0.152759 0.014105 200 203 1000 1008 1 1000 1000 0 3
0.166667 0.188358 0.014498 200 221 1000 990 1 1000 1000 0 3
0.166667 0.139888 0.014054 200 173 1000 985 1 1000 1000 0 3
0.166667 0.145673 0.013798 200 195 1000 1036 1 1000 1000 0 3
0.166667 0.161005 0.014381 200 203 1000 988 1 1000 1000 0 3
0.166667 0.167928 0.013931 200 208 1000 996 1 1000 1000 0 3
0.166667 0.167888 0.014515 200 226 1000 962 1 1000 1000 0 3
0.166667 0.152827 0.014226 200 202 1000 1012 1 1000 1000 0 3
0.166667 0.127574 0.013678 200 186 1000 957 1 1000 1000 0 3
0.166667 0.175238 0.014739 200 189 1000 940 1 1000 1000 0 3
0.166667 0.161788 0.014182 200 201 1000 1031 1 1000 1000 0 3
0.166667 0.166478 0.014122 200 180 1000 972 1 1000 1000 0 3
0.166667 0.139044 0.013888 200 192 1000 1021 1 1000 1000 0 3
0.166667 0.178112 0.014248 200 199 1000 1052 1 1000 1000 0 3
0.166667 0.149479 0.013626 200 200 1000 1069 1 1000 1000 0 3
0.166667 0.184273 0.013851 200 205 1000 1004 1 1000 1000 0 3
0.166667 0.168843 0.014503 200 217 1000 998 1 1000 1000 0 3
0.166667 0.143525 0.014501 200 195 1000 974 1 1000 1000 0 3
0.166667 0.170106 0.015089 200 196 1000 943 1 1000 1000 0 3
0.166667 0.161849 0.013801 200 203 1000 1034 1 1000 1000 0 3
0.166667 0.158857 0.014697 200 199 1000 967 1 1000 1000 0 3
0.166667 0.156555 0.014389 200 202 1000 956 1 1000 1000 0 3
0.166667 0.160320 0.014430 200 208 1000 971 1 1000 1000 0 3
0.166667 0.152379 0.013623 200 216 1000 1026 1 1000 1000 0 3
0.166667 0.139381 0.014029 200 187 1000 952 1 1000 1000 0 3
0.166667 0.187036 0.014733 200 212 1000 997 1 1000 1000 0 3
0.166667 0.173736 0.014684 200 169 1000 957 1 1000 1000 0 3
0.166667 0.183410 0.014497 200 211 1000 1011 1 1000 1000 0 3
0.166667 0.162522 0.014430 200 196 1000 1004 1 1000 1000 0 3
0.166667 0.175975 0.014252 200 187 1000 1003 1 1000 1000 0 3
0.166667 0.175972 0.015148 200 203 1000 1001 1 1000 1000 0 3
0.166667 0.197886 0.014636 200 215 1000 966 1 1000 1000 0 3
0.166667 0.193345 0.014363 200 220 1000 1011 1 1000 1000 0 3
0.166667 0.146098 0.014491 200 202 1000 990 1 1000 1000 0 3
0.166667 0.164873 0.013549 200 193 1000 1067 1 1000 1000 0 3
0.166667 0.146179 0.013987 200 175 1000 1034 1 1000 1000 0 3
0.166667 0.141336 0.013880 200 206 1000 1025 1 1000 1000 0 3
0.166667 0.171656 0.014418 200 199 1000 996 1 1000 1000 0 3
0.166667 0.156907 0.014269 200 201 1000 999 1 1000 1000 0 3
0.166667 0.164908 0.014331 200 206 1000 1031 1 1000 1000 0 3
0.166667 0.184724 0.014466 200 206 1000 967 1 1000 1000 0 3
0.166667 0.165271 0.013812 200 228 1000 1026 1 1000 1000 0 3
0.166667 0.175808 0.014416 200 220 1000 1003 1 1000 1000 0 3
0.166667 0.156593 0.013996 200 206 1000 1006 1 1000 1000 0 3
0.166667 0.180540 0.014095 200 219 1000 1023 1 1000 1000 0 3
0.166667 0.165679 0.013838 200 193 1000 1030 1 1000 1000 0 3
0.166667 0.177412 0.014034 200 194 1000 988 1 1000 1000 0 3
0.166667 0.170863 0.013746 200 208 1000 1028 1 1000 1000 0 3
0.166667 0.186363 0.014464 200 241 1000 1005 1 1000 1000 0 3
0.166667 0.177473 0.014747 200 214 1000 959 1 1000 1000 0 3
0.166667 0.190349 0.014361 200 197 1000 1000 1 1000 1000 0 3
0.166667 0.158143 0.013993 200 198 1000 1051 1 1000 1000 0 3
0.166667 0.207215 0.014571 200 210 1000 979 1 1000 1000 0 3
0.166667 0.167471 0.013864 200 211 1000 1008 1 1000 1000 0 3
0.166667 0.182195 0.014147 200 202 1000 1003 1 1000 1000 0 3
0.166667 0.162388 0.014073 200 201 1000 997 1 1000 1000 0 3
0.166667 0.175838 0.013757 200 200 1000 1089 1 1000 1000 0 3
0.166667 0.203266 0.014494 200 227 1000 994 1 1000 1000 0 3
0.166667 0.153846 0.014074 200 222 1000 1007 1 1000 1000 0 3
0.166667 0.120974 0.013982 200 173 1000 951 1 1000 1000 0 3
0.166667 0.181022 0.014033 200 204 1000 1041 1 1000 1000 0 3
0.166667 0.144964 0.013709 200 186 1000 1048 1 1000 1000 0 3
0.166667 0.171136 0.013910 200 218 1000 1023 1 1000 1000 0 3
0.166667 0.166655 0.014088 200 193 1000 1002 1 1000 1000 0 3
0.166667 0.147901 0.014429 200 193 1000 933 1 1000 1000 0 3
0.166667 0.166831 0.013573 200 209 1000 1045 1 1000 1000 0 3
0.166667 0.216956 0.015056 200 216 1000 956 1 1000 1000 0 3
0.166667 0.149781 0.013784 200 185 1000 979 1 1000 1000 0 3
0.166667 0.180055 0.014576 200 199 1000 921 1 1000 1000 0 3
0.166667 0.171214 0.014040 200 191 1000 997 1 1000 1000 0 3
0.166667 0.151031 0.013543 200 198 1000 1028 1 1000 1000 0 3
0.166667 0.163021 0.013966 200 204 1000 1033 1 1000 1000 0 3
0.166667 0.139652 0.014148 200 186 1000 989 1 1000 1000 0 3
0.166667 0.178156 0.014577 200 205 1000 996 1 1000 1000 0 3
0.166667 0.154987 0.014356 200 185 1000 978 1 1000 1000 0 3
0.166667 0.154748 0.014519 200 204 1000 964 1 1000 1000 0 3
0.166667 0.184143 0.014347 200 199 1000 1003 1 1000 1000 0 3
0.166667 0.143096 0.013775 200 181 1000 977 1 1000 1000 0 3
0.166667 0.161523 0.013749 200 204 1000 1081 1 1000 1000 0 3
0.166667 0.149787 0.014728 200 206 1000 973 1 1000 1000 0 3
0.166667 0.149659 0.014303 200 192 1000 997 1 1000 1000 0 3
0.166667 0.166031 0.014455 200 179 1000 945 1 1000 1000 0 3
0.166667 0.167150 0.014084 200 194 1000 973 1 1000 1000 0 3
0.166667 0.153350 0.013910 200 196 1000 1032 1 1000 1000 0 3
0.166667 0.164365 0.013699 200 215 1000 972 1 1000 1000 0 3
0.166667 0.170067 0.014471 200 229 1000 976 1 1000 1000 0 3
0.166667 0.168620 0.014633 200 195 1000 956 1 1000 1000 0 3
0.166667 0.157311 0.014147 200 199 1000 1026 1 1000 1000 0 3
0.166667 0.163395 0.014107 200 219 1000 1003 1 1000 1000 0 3
0.166667 0.167314 0.014503 200 201 1000 996 1 1000 1000 0 3
0.166667 0.131966 0.013587 200 171 1000 1049 1 1000 1000 0 3
0.166667 0.171283 0.014039 200 197 1000 1037 1 1000 1000 0 3
0.166667 0.153026 0.014130 200 199 1000 981 1 1000 1000 0 3
0.166667 0.166915 0.014524 200 212 1000 980 1 1000 1000 0 3
0.166667 0.164471 0.014141 200 194 1000 983 1 1000 1000 0 3
0.166667 0.162532 0.014282 200 177 1000 992 1 1000 1000 0 3
0.166667 0.185094 0.014791 200 212 1000 972 1 1000 1000 0 3
0.166667 0.173508 0.013773 200 211 1000 1004 1 1000 1000 0 3
0.166667 0.155129 0.013555 200 201 1000 1046 1 1000 1000 0 3
0.166667 0.160242 0.013589 200 194 1000 1023 1 1000 1000 0 3
0.166667 0.172130 0.014578 200 224 1000 954 1 1000 1000 0 3
0.166667 0.172274 0.014584 200 209 1000 990 1 1000 1000 0 3
0.166667 0.186816 0.014541 200 210 1000 962 1 1000 1000 0 3
0.166667 0.163179 0.014320 200 231 1000 1022 1 1000 1000 0 3
0.166667 0.186764 0.014702 200 203 1000 949 1 1000 1000 0 3
0.166667 0.182010 0.013936 200 217 1000 1046 1 1000 1000 0 3
0.166667 0.188668 0.014247 200 201 1000 1046 1 1000 1000 0 3
0.166667 0.177554 0.014584 200 206 1000 984 1 1000 1000 0 3
0.166667 0.142954 0.013457 200 181 1000 1022 1 1000 1000 0 3
0.166667 0.168309 0.014739 200 185 1000 1015 1 1000 1000 0 3
0.166667 0.203893 0.014823 200 225 1000 957 1 1000 1000 0 3
0.166667 0.163823 0.014231 200 206 1000 998 1 1000 1000 0 3
0.166667 0.169707 0.014020 200 205 1000 1032 1 1000 1000 0 3
0.166667 0.175877 0.014896 200 194 1000 951 1 1000 1000 0 3
0.166667 0.164173 0.014158 200 208 1000 1015 1 1000 1000 0 3
0.166667 0.146012 0.013792 200 193 1000 1015 1 1000 1000 0 3
0.166667 0.165361 0.014622 200 197 1000 982 1 1000 1000 0 3
0.166667 0.155908 0.014270 200 209 1000 979 1 1000 1000 0 3
0.166667 0.166198 0.014179 200 187 1000 962 1 1000 1000 0 3
0.166667 0.185234 0.013983 200 214 1000 1017 1 1000 1000 0 3
0.166667 0.146162 0.014243 200 198 1000 965 1 1000 1000 0 3
0.166667 0.158722 0.014479 200 200 1000 999 1 1000 1000 0 3
0.166667 0.155991 0.013767 200 207 1000 1033 1 1000 1000 0 3
0.166667 0.176241 0.014025 200 214 1000 1039 1 1000 1000 0 3
0.166667 0.170280 0.014365 200 189 1000 981 1 1000 1000 0 3
0.166667 0.161306 0.013498 200 209 1000 1039 1 1000 1000 0 3
0.166667 0.128697 0.013934 200 177 1000 993 1 1000 1000 0 3
0.166667 0.169041 0.014015 200 216 1000 1034 1 1000 1000 0 3
0.166667 0.181600 0.014592 200 222 1000 976 1 1000 1000 0 3
