0.166667 0.160698 0.016305 200 179 1000 1005 2 10000 10000 0 5
0.166667 0.183126 0.016013 200 205 1000 1049 2 10000 10000 0 5
0.166667 0.162697 0.016363 200 166 1000 1015 2 10000 10000 0 5
0.166667 0.170124 0.016993 200 188 1000 960 2 10000 10000 0 5
0.166667 0.151820 0.016210 200 168 1000 970 2 10000 10000 0 5
0.166667 0.184206 0.017352 200 200 1000 946 2 10000 10000 0 5
0.166667 0.194542 0.016946 200 205 1000 998 2 10000 10000 0 5
0.166667 0.165914 0.015941 200 206 1000 994 2 10000 10000 0 5
0.166667 0.169197 0.016751 200 173 1000 982 2 10000 10000 0 5
0.166667 0.167182 0.016267 200 168 1000 1017 2 10000 10000 0 5
0.166667 0.167312 0.016791 200 185 1000 952 2 10000 10000 0 5
0.166667 0.178854 0.016518 200 194 1000 1014 2 10000 10000 0 5
0.166667 0.213010 0.017034 200 226 1000 952 2 10000 10000 0 5
0.166667 0.197387 0.017168 200 202 1000 929 2 10000 10000 0 5
0.166667 0.194449 0.016238 200 226 1000 993 2 10000 10000 0 5
0.166667 0.159277 0.016163 200 179 1000 1032 2 10000 10000 0 5
0.166667 0.182670 0.016357 200 233 1000 995 2 10000 10000 0 5
0.166667 0.181548 0.016457 200 211 1000 1009 2 10000 10000 0 5
0.166667 0.205330 0.016776 200 206 1000 1020 2 10000 10000 0 5
0.166667 0.169899 0.015993 200 193 1000 1033 2 10000 10000 0 5
0.166667 0.152211 0.015986 200 194 1000 1040 2 10000 10000 0 5
0.166667 0.192413 0.016553 200 211 1000 1000 2 10000 10000 0 5
0.166667 0.174225 0.016328 200 210 1000 1051 2 10000 10000 0 5
0.166667 0.136188 0.015671 200 184 1000 1054 2 10000 10000 0 5
0.166667 0.182209 0.016260 200 202 1000 1051 2 10000 10000 0 5
0.166667 0.160545 0.015802 200 205 1000 1034 2 10000 10000 0 5
0.166667 0.174823 0.016373 200 205 1000 1000 2 10000 10000 0 5
0.166667 0.163094 0.016485 200 188 1000 956 2 10000 10000 0 5
0.166667 0.164566 0.016348 200 224 1000 998 2 10000 10000 0 5
0.166667 0.172015 0.016044 200 193 1000 1039 2 10000 10000 0 5
0.166667 0.175896 0.016538 200 192 1000 988 2 10000 10000 0 5
0.166667 0.177535 0.016706 200 213 1000 979 2 10000 10000 0 5
0.166667 0.157584 0.015764 200 187 1000 974 2 10000 10000 0 5
0.166667 0.153378 0.016517 200 179 1000 920 2 10000 10000 0 5
0.166667 0.141138 0.015952 200 199 1000 1021 2 10000 10000 0 5
0.166667 0.165575 0.015932 200 193 1000 1050 2 10000 10000 0 5
0.166667 0.196612 0.016227 200 203 1000 1020 2 10000 10000 0 5
0.166667 0.158444 0.015578 200 200 1000 1035 2 10000 10000 0 5
0.166667 0.201194 0.016220 200 212 1000 1101 2 10000 10000 0 5
0.166667 0.169598 0.015949 200 191 1000 1017 2 10000 10000 0 5
0.166667 0.173504 0.016956 200 183 1000 958 2 10000 10000 0 5
0.166667 0.189965 0.016821 200 223 1000 974 2 10000 10000 0 5
0.166667 0.173754 0.016734 200 194 1000 956 2 10000 10000 0 5
0.166667 0.172444 0.015852 200 213 1000 1029 2 10000 10000 0 5
0.166667 0.182462 0.016460 200 222 1000 1010 2 10000 10000 0 5
0.166667 0.173404 0.016707 200 173 1000 953 2 10000 10000 0 5
0.166667 0.217627 0.017370 200 211 1000 948 2 10000 10000 0 5
0.166667 0.177972 0.016140 200 205 1000 1011 2 10000 10000 0 5
0.166667 0.158182 0.016573 200 183 1000 1011 2 10000 10000 0 5
0.166667 0.191781 0.016910 200 214 1000 993 2 10000 10000 0 5
0.166667 0.180455 0.016442 200 197 1000 997 2 10000 10000 0 5
0.166667 0.169273 0.016862 200 181 1000 981 2 10000 10000 0 5
0.166667 0.133797 0.015425 200 170 1000 1061 2 10000 10000 0 5
0.166667 0.153426 0.016419 200 175 1000 1000 2 10000 10000 0 5
0.166667 0.167964 0.015793 200 201 1000 1049 2 10000 10000 0 5
0.166667 0.182846 0.016177 200 212 1000 1010 2 10000 10000 0 5
0.166667 0.177749 0.016432 200 184 1000 1003 2 10000 10000 0 5
0.166667 0.198048 0.016818 200 233 1000 974 2 10000 10000 0 5
0.166667 0.168156 0.016814 200 177 1000 967 2 10000 10000 0 5
0.166667 0.199192 0.017139 200 193 1000 1010 2 10000 10000 0 5
0.166667 0.166803 0.016083 200 196 1000 1023 2 10000 10000 0 5
0.166667 0.186060 0.016554 200 210 1000 997 2 10000 10000 0 5
0.166667 0.190972 0.016007 200 217 1000 1064 2 10000 10000 0 5
0.166667 0.194842 0.016758 200 216 1000 1025 2 10000 10000 0 5
0.166667 0.195475 0.017300 200 197 1000 927 2 10000 10000 0 5
0.166667 0.189969 0.016442 200 190 1000 1033 2 10000 10000 0 5
0.166667 0.175860 0.016017 200 202 1000 1046 2 10000 10000 0 5
0.166667 0.168453 0.016482 200 204 1000 1009 2 10000 10000 0 5
0.166667 0.155213 0.015871 200 194 1000 1024 2 10000 10000 0 5
0.166667 0.165317 0.015623 200 183 1000 1083 2 10000 10000 0 5
0.166667 0.172729 0.016649 200 209 1000 940 2 10000 10000 0 5
0.166667 0.203278 0.016745 200 213 1000 990 2 10000 10000 0 5
0.166667 0.184161 0.016684 200 192 1000 975 2 10000 10000 0 5
0.166667 0.180701 0.016308 200 213 1000 1025 2 10000 10000 0 5
0.166667 0.168362 0.016190 200 180 1000 1009 2 10000 10000 0 5
0.166667 0.182491 0.015854 200 221 1000 1024 2 10000 10000 0 5
0.166667 0.188566 0.017083 200 203 1000 975 2 10000 10000 0 5
0.166667 0.193153 0.016371 200 216 1000 1008 2 10000 10000 0 5
0.166667 0.188082 0.015960 200 220 1000 1036 2 10000 10000 0 5
0.166667 0.178094 0.017365 200 201 1000 923 2 10000 10000 0 5
0.166667 0.172477 0.016697 200 174 1000 976 2 10000 10000 0 5
0.166667 0.167641 0.016573 200 166 1000 992 2 10000 10000 0 5
0.166667 0.157841 0.015451 200 196 1000 1047 2 10000 10000 0 5
0.166667 0.155742 0.016299 200 185 1000 986 2 10000 10000 0 5
0.166667 0.173850 0.016252 200 202 1000 987 2 10000 10000 0 5
0.166667 0.188132 0.016428 200 216 1000 1001 2 10000 10000 0 5
0.166667 0.164043 0.016548 200 186 1000 972 2 10000 10000 0 5
0.166667 0.211492 0.016658 200 208 1000 1015 2 10000 10000 0 5
0.166667 0.203847 0.016658 200 194 1000 981 2 10000 10000 0 5
0.166667 0.133743 0.015353 200 190 1000 1039 2 10000 10000 0 5
0.166667 0.206947 0.017420 200 212 1000 975 2 10000 10000 0 5
0.166667 0.169514 0.016888 200 178 1000 897 2 10000 10000 0 5
0.166667 0.161398 0.016642 200 189 1000 975 2 10000 10000 0 5
0.166667 0.143761 0.016170 200 172 1000 996 2 10000 10000 0 5
0.166667 0.171716 0.016340 200 206 1000 1022 2 10000 10000 0 5
0.166667 0.157062 0.016245 200 173 1000 1024 2 10000 10000 0 5
0.166667 0.191624 0.017112 200 225 1000 971 2 10000 10000 0 5
0.166667 0.165638 0.016523 200 196 1000 995 2 10000 10000 0 5
0.166667 0.225282 0.016814 200 217 1000 999 2 10000 10000 0 5
0.166667 0.158976 0.015849 200 176 1000 1039 2 10000 10000 0 5
0.166667 0.204557 0.016492 200 238 1000 1025 2 10000 10000 0 5
0.166667 0.150440 0.016201 200 172 1000 953 2 10000 10000 0 5
0.166667 0.138913 0.015771 200 173 1000 1000 2 10000 10000 0 5
0.166667 0.152799 0.016061 200 199 1000 981 2 10000 10000 0 5
0.166667 0.188071 0.016538 200 206 1000 966 2 10000 10000 0 5
0.166667 0.164672 0.016271 200 198 1000 947 2 10000 10000 0 5
0.166667 0.135244 0.015240 200 169 1000 1038 2 10000 10000 0 5
0.166667 0.178739 0.016452 200 184 1000 1017 2 10000 10000 0 5
0.166667 0.163205 0.016139 200 188 1000 999 2 10000 10000 0 5
0.166667 0.189110 0.017079 200 216 1000 949 2 10000 10000 0 5
0.166667 0.158053 0.015968 200 182 1000 1022 2 10000 10000 0 5
0.166667 0.192559 0.016859 200 185 1000 1005 2 10000 10000 0 5
0.166667 0.166578 0.016087 200 188 1000 1027 2 10000 10000 0 5
0.166667 0.176617 0.016926 200 194 1000 955 2 10000 10000 0 5
0.166667 0.166736 0.015951 200 202 1000 1025 2 10000 10000 0 5
0.166667 0.166049 0.016294 200 199 1000 1020 2 10000 10000 0 5
0.166667 0.178745 0.016842 200 185 1000 978 2 10000 10000 0 5
0.166667 0.180508 0.015793 200 199 1000 1036 2 10000 10000 0 5
0.166667 0.157036 0.016518 200 206 1000 942 2 10000 10000 0 5
0.166667 0.141837 0.016082 200 186 1000 1017 2 10000 10000 0 5
0.166667 0.169745 0.016690 200 187 1000 998 2 10000 10000 0 5
0.166667 0.170645 0.015940 200 189 1000 1060 2 10000 10000 0 5
0.166667 0.171183 0.016842 200 187 1000 968 2 10000 10000 0 5
0.166667 0.178020 0.016586 200 173 1000 1018 2 10000 10000 0 5
0.166667 0.153989 0.016134 200 185 1000 981 2 10000 10000 0 5
0.166667 0.179181 0.016621 200 197 1000 979 2 10000 10000 0 5
0.166667 0.135963 0.016026 200 193 1000 1037 2 10000 10000 0 5
0.166667 0.174122 0.016256 200 200 1000 1030 2 10000 10000 0 5
0.166667 0.199885 0.016638 200 216 1000 980 2 10000 10000 0 5
0.166667 0.180405 0.016086 200 194 1000 1021 2 10000 10000 0 5
0.166667 0.167435 0.016571 200 195 1000 1003 2 10000 10000 0 5
0.166667 0.164941 0.016635 200 194 1000 979 2 10000 10000 0 5
0.166667 0.173071 0.016165 200 206 1000 999 2 10000 10000 0 5
0.166667 0.158469 0.017146 200 198 1000 966 2 10000 10000 0 5
0.166667 0.203901 0.016774 200 222 1000 988 2 10000 10000 0 5
0.166667 0.168643 0.016237 200 206 1000 961 2 10000 10000 0 5
0.166667 0.191390 0.016721 200 192 1000 999 2 10000 10000 0 5
0.166667 0.151888 0.015929 200 175 1000 998 2 10000 10000 0 5
0.166667 0.204142 0.017733 200 209 1000 930 2 10000 10000 0 5
0.166667 0.190037 0.016468 200 207 1000 1009 2 10000 10000 0 5
0.166667 0.181315 0.016822 200 198 1000 980 2 10000 10000 0 5
0.166667 0.146682 0.015310 200 204 1000 1052 2 10000 10000 0 5
0.166667 0.183455 0.016406 200 215 1000 1028 2 10000 10000 0 5
0.166667 0.192872 0.016334 200 227 1000 1028 2 10000 10000 0 5
0.166667 0.183641 0.016433 200 210 1000 990 2 10000 10000 0 5
0.166667 0.174656 0.016091 200 212 1000 1022 2 10000 10000 0 5
0.166667 0.170890 0.016977 200 172 1000 955 2 10000 10000 0 5
0.166667 0.144436 0.015974 200 187 1000 1011 2 10000 10000 0 5
0.166667 0.169677 0.016536 200 191 1000 1010 2 10000 10000 0 5
0.166667 0.190610 0.016502 200 189 1000 1012 2 10000 10000 0 5
0.166667 0.185705 0.016460 200 206 1000 983 2 10000 10000 0 5
0.166667 0.180109 0.016365 200 188 1000 1024 2 10000 10000 0 5
0.166667 0.192987 0.016536 200 207 1000 990 2 10000 10000 0 5
0.166667 0.155260 0.016055 200 196 1000 994 2 10000 10000 0 5
0.166667 0.163361 0.016500 200 190 1000 986 2 10000 10000 0 5
0.166667 0.173374 0.016028 200 205 1000 1038 2 10000 10000 0 5
0.166667 0.166127 0.016075 200 188 1000 1016 2 10000 10000 0 5
0.166667 0.171118 0.016922 200 191 1000 962 2 10000 10000 0 5
0.166667 0.174950 0.017071 200 196 1000 966 2 10000 10000 0 5
0.166667 0.147725 0.016210 200 184 1000 995 2 10000 10000 0 5
0.166667 0.144975 0.015348 200 186 1000 1063 2 10000 10000 0 5
0.166667 0.165704 0.015628 200 198 1000 1025 2 10000 10000 0 5
0.166667 0.148186 0.016077 200 183 1000 999 2 10000 10000 0 5
0.166667 0.174507 0.016360 200 214 1000 990 2 10000 10000 0 5
0.166667 0.160923 0.015909 200 192 1000 995 2 10000 10000 0 5
0.166667 0.174982 0.016384 200 192 1000 995 2 10000 10000 0 5
0.166667 0.158720 0.015800 200 208 1000 1010 2 10000 10000 0 5
0.166667 0.173183 0.016972 200 188 1000 943 2 10000 10000 0 5
0.166667 0.148250 0.015978 200 194 1000 1021 2 10000 10000 0 5
0.166667 0.177211 0.016392 200 195 1000 1017 2 10000 10000 0 5
0.166667 0.169963 0.015973 200 213 1000 1021 2 10000 10000 0 5
0.166667 0.155509 0.016915 200 192 1000 968 2 10000 10000 0 5
0.166667 0.145998 0.015389 200 196 1000 1028 2 10000 10000 0 5
0.166667 0.190042 0.017653 200 223 1000 925 2 10000 10000 0 5
0.166667 0.147482 0.016038 200 198 1000 1024 2 10000 10000 0 5
0.166667 0.159585 0.016001 200 206 1000 980 2 10000 10000 0 5
0.166667 0.166697 0.016147 200 195 1000 983 2 10000 10000 0 5
0.166667 0.170578 0.016250 200 188 1000 970 2 10000 10000 0 5
0.166667 0.170029 0.016489 200 195 1000 944 2 10000 10000 0 5
0.166667 0.157606 0.016113 200 194 1000 1005 2 10000 10000 0 5
0.166667 0.181458 0.017337 200 199 1000 970 2 10000 10000 0 5
0.166667 0.172526 0.017074 200 176 1000 952 2 10000 10000 0 5
0.166667 0.179368 0.016290 200 192 1000 1046 2 10000 10000 0 5
0.166667 0.145853 0.015624 200 174 1000 1059 2 10000 10000 0 5
0.166667 0.173178 0.016296 200 202 1000 1021 2 10000 10000 0 5
0.166667 0.178039 0.016767 200 194 1000 988 2 10000 10000 0 5
0.166667 0.197319 0.017066 200 216 1000 935 2 10000 10000 0 5
0.166667 0.150262 0.015816 200 203 1000 1029 2 10000 10000 0 5
0.166667 0.158013 0.015986 200 190 1000 1012 2 10000 10000 0 5
0.166667 0.177163 0.016063 200 208 1000 1050 2 10000 10000 0 5
0.166667 0.172913 0.016989 200 177 1000 970 2 10000 10000 0 5
0.166667 0.190603 0.016521 200 219 1000 980 2 10000 10000 0 5
0.166667 0.167343 0.016231 200 197 1000 1016 2 10000 10000 0 5
0.166667 0.154442 0.016213 200 196 1000 990 2 10000 10000 0 5
0.166667 0.170724 0.016040 200 194 1000 1037 2 10000 10000 0 5
0.166667 0.148782 0.015613 200 184 1000 1074 2 10000 10000 0 5
0.166667 0.187129 0.016956 200 191 1000 981 2 10000 10000 0 5
0.166667 0.170817 0.015703 200 189 1000 1047 2 10000 10000 0 5
0.166667 0.164028 0.016315 200 206 1000 1007 2 10000 10000 0 5
0.166667 0.163976 0.016434 200 202 1000 999 2 10000 10000 0 5
0.166667 0.167266 0.016253 200 195 1000 1019 2 10000 10000 0 5
0.166667 0.182973 0.016929 200 210 1000 974 2 10000 10000 0 5
0.166667 0.193130 0.016578 200 214 1000 969 2 10000 10000 0 5
0.166667 0.170450 0.016071 200 188 1000 1055 2 10000 10000 0 5
0.166667 0.202686 0.016843 200 214 1000 951 2 10000 10000 0 5
0.166667 0.153433 0.016421 200 188 1000 975 2 10000 10000 0 5
0.166667 0.186587 0.016693 200 206 1000 996 2 10000 10000 0 5
0.166667 0.176126 0.016404 200 226 1000 967 2 10000 10000 0 5
0.166667 0.199576 0.016791 200 207 1000 965 2 10000 10000 0 5
0.166667 0.163221 0.016438 200 201 1000 975 2 10000 10000 0 5
0.166667 0.183152 0.016591 200 203 1000 1017 2 10000 10000 0 5
0.166667 0.153695 0.015265 200 205 1000 1085 2 10000 10000 0 5
0.166667 0.170354 0.016412 200 205 1000 998 2 10000 10000 0 5
0.166667 0.177300 0.016558 200 192 1000 1011 2 10000 10000 0 5
0.166667 0.159787 0.016032 200 194 1000 1033 2 10000 10000 0 5
0.166667 0.166389 0.016086 200 201 1000 1001 2 10000 10000 0 5
0.166667 0.168632 0.015814 200 195 1000 1042 2 10000 10000 0 5
0.166667 0.173079 0.016342 200 182 1000 1005 2 10000 10000 0 5
0.166667 0.203399 0.016408 200 220 1000 1084 2 10000 10000 0 5
0.166667 0.159338 0.016551 200 194 1000 971 2 10000 10000 0 5
0.166667 0.171638 0.016140 200 224 1000 1016 2 10000 10000 0 5
0.166667 0.167055 0.016320 200 192 1000 1016 2 10000 10000 0 5
0.166667 0.179922 0.016011 200 197 1000 1052 2 10000 10000 0 5
0.166667 0.191691 0.016604 200 203 1000 986 2 10000 10000 0 5
0.166667 0.152730 0.015609 200 181 1000 1044 2 10000 10000 0 5
0.166667 0.127299 0.014995 200 191 1000 1071 2 10000 10000 0 5
0.166667 0.188317 0.017150 200 204 1000 947 2 10000 10000 0 5
0.166667 0.167263 0.016138 200 201 1000 1018 2 10000 10000 0 5
0.166667 0.194412 0.016620 200 212 1000 1009 2 10000 10000 0 5
0.166667 0.177138 0.016651 200 213 1000 1019 2 10000 10000 0 5
0.166667 0.166352 0.016212 200 216 1000 987 2 10000 10000 0 5
0.166667 0.191572 0.016864 200 211 1000 984 2 10000 10000 0 5
0.166667 0.172791 0.016171 200 207 1000 1010 2 10000 10000 0 5
0.166667 0.167306 0.016344 200 203 1000 1020 2 10000 10000 0 5
0.166667 0.175984 0.016341 200 193 1000 1022 2 10000 10000 0 5
0.166667 0.160006 0.016337 200 195 1000 973 2 10000 10000 0 5
0.166667 0.203466 0.017202 200 200 1000 981 2 10000 10000 0 5
0.166667 0.176281 0.016170 200 202 1000 1041 2 10000 10000 0 5
0.166667 0.153706 0.016014 200 190 1000 1031 2 10000 10000 0 5
0.166667 0.212269 0.017236 200 221 1000 954 2 10000 10000 0 5
0.166667 0.221867 0.016830 200 239 1000 995 2 10000 10000 0 5
0.166667 0.181227 0.016543 200 187 1000 985 2 10000 10000 0 5
0.166667 0.159142 0.016345 200 198 1000 1027 2 10000 10000 0 5
0.166667 0.159211 0.016381 200 193 1000 961 2 10000 10000 0 5
0.166667 0.172225 0.016297 200 209 1000 981 2 10000 10000 0 5
0.166667 0.212986 0.016919 200 220 1000 1021 2 10000 10000 0 5
0.166667 0.183684 0.016490 200 209 1000 1010 2 10000 10000 0 5
0.166667 0.163211 0.016420 200 193 1000 1016 2 10000 10000 0 5
0.166667 0.189123 0.016242 200 179 1000 1018 2 10000 10000 0 5
0.166667 0.183234 0.017108 200 199 1000 992 2 10000 10000 0 5
0.166667 0.168223 0.016250 200 201 1000 1029 2 10000 10000 0 5
0.166667 0.156887 0.016390 200 173 1000 976 2 10000 10000 0 5
0.166667 0.171290 0.016201 200 204 1000 1014 2 10000 10000 0 5
0.166667 0.157735 0.016065 200 201 1000 990 2 10000 10000 0 5
0.166667 0.167912 0.016004 200 201 1000 997 2 10000 10000 0 5
0.166667 0.168739 0.016799 200 191 1000 969 2 10000 10000 0 5
0.166667 0.179404 0.017074 200 215 1000 940 2 10000 10000 0 5
0.166667 0.171217 0.016358 200 187 1000 994 2 10000 10000 0 5
0.166667 0.177611 0.016531 200 213 1000 959 2 10000 10000 0 5
0.166667 0.159226 0.016482 200 177 1000 975 2 10000 10000 0 5
0.166667 0.152959 0.015629 200 206 1000 1045 2 10000 10000 0 5
0.166667 0.174861 0.016419 200 200 1000 1013 2 10000 10000 0 5
0.166667 0.179090 0.016120 200 205 1000 1058 2 10000 10000 0 5
0.166667 0.165846 0.015590 200 196 1000 1071 2 10000 10000 0 5
0.166667 0.201612 0.016385 200 223 1000 1049 2 10000 10000 0 5
0.166667 0.163530 0.016179 200 192 1000 1003 2 10000 10000 0 5
0.166667 0.201304 0.016866 200 206 1000 968 2 10000 10000 0 5
0.166667 0.178205 0.016302 200 183 1000 1022 2 10000 10000 0 5
0.166667 0.156544 0.016085 200 183 1000 1021 2 10000 10000 0 5
0.166667 0.198704 0.016736 200 234 1000 975 2 10000 10000 0 5
0.166667 0.204827 0.017143 200 221 1000 980 2 10000 10000 0 5
0.166667 0.213729 0.016602 200 232 1000 1000 2 10000 10000 0 5
0.166667 0.216415 0.017670 200 204 1000 941 2 10000 10000 0 5
0.166667 0.179943 0.015957 200 198 1000 1027 2 10000 10000 0 5
0.166667 0.179865 0.016479 200 187 1000 1009 2 10000 10000 0 5
0.166667 0.199441 0.016671 200 192 1000 1030 2 10000 10000 0 5
0.166667 0.179661 0.016330 200 203 1000 1013 2 10000 10000 0 5
0.166667 0.162511 0.016271 200 194 1000 959 2 10000 10000 0 5
0.166667 0.162678 0.016403 200 205 1000 1013 2 10000 10000 0 5
0.166667 0.154951 0.016270 200 201 1000 1031 2 10000 10000 0 5
0.166667 0.175846 0.016257 200 181 1000 1023 2 10000 10000 0 5
0.166667 0.186216 0.016360 200 214 1000 995 2 10000 10000 0 5
0.166667 0.204978 0.016940 200 208 1000 1027 2 10000 10000 0 5
0.166667 0.175061 0.016238 200 199 1000 1053 2 10000 10000 0 5
0.166667 0.198855 0.016767 200 205 1000 969 2 10000 10000 0 5
0.166667 0.153926 0.016146 200 198 1000 1004 2 10000 10000 0 5
0.166667 0.164270 0.016143 200 163 1000 1011 2 10000 10000 0 5
0.166667 0.154776 0.016264 200 203 1000 1018 2 10000 10000 0 5
0.166667 0.146357 0.015637 200 194 1000 1034 2 10000 10000 0 5
0.166667 0.151253 0.015535 200 172 1000 1045 2 10000 10000 0 5
0.166667 0.181827 0.016738 200 189 1000 994 2 10000 10000 0 5
0.166667 0.172449 0.016682 200 218 1000 1014 2 10000 10000 0 5
0.166667 0.158962 0.016561 200 183 1000 954 2 10000 10000 0 5
0.166667 0.179276 0.016851 200 193 1000 976 2 10000 10000 0 5
0.166667 0.212764 0.017127 200 202 1000 971 2 10000 10000 0 5
0.166667 0.192599 0.016794 200 218 1000 980 2 10000 10000 0 5
0.166667 0.176257 0.016375 200 195 1000 1043 2 10000 10000 0 5
0.166667 0.191017 0.016159 200 195 1000 1050 2 10000 10000 0 5
0.166667 0.197433 0.017015 200 212 1000 945 2 10000 10000 0 5
0.166667 0.170238 0.016013 200 202 1000 1016 2 10000 10000 0 5
0.166667 0.190025 0.016494 200 223 1000 1012 2 10000 10000 0 5
0.166667 0.179931 0.016424 200 188 1000 1004 2 10000 10000 0 5
0.166667 0.157765 0.016251 200 168 1000 1024 2 10000 10000 0 5
0.166667 0.182501 0.015984 200 204 1000 1052 2 10000 10000 0 5
0.166667 0.184424 0.016710 200 178 1000 958 2 10000 10000 0 5
0.166667 0.149288 0.016176 200 195 1000 984 2 10000 10000 0 5
0.166667 0.173245 0.016588 200 173 1000 994 2 10000 10000 0 5
0.166667 0.188891 0.016696 200 215 1000 990 2 10000 10000 0 5
0.166667 0.184508 0.016870 200 199 1000 961 2 10000 10000 0 5
0.166667 0.190803 0.017080 200 201 1000 939 2 10000 10000 0 5
0.166667 0.187674 0.016413 200 209 1000 1003 2 10000 10000 0 5
0.166667 0.156860 0.016277 200 188 1000 963 2 10000 10000 0 5
0.166667 0.163804 0.016249 200 203 1000 1025 2 10000 10000 0 5
0.166667 0.177469 0.016856 200 184 1000 976 2 10000 10000 0 5
0.166667 0.196302 0.016421 200 236 1000 1041 2 10000 10000 0 5
0.166667 0.176420 0.016377 200 194 1000 1038 2 10000 10000 0 5
0.166667 0.180746 0.016832 200 198 1000 956 2 10000 10000 0 5
0.166667 0.139806 0.016003 200 180 1000 957 2 10000 10000 0 5
0.166667 0.140866 0.016141 200 171 1000 996 2 10000 10000 0 5
0.166667 0.177251 0.016935 200 198 1000 966 2 10000 10000 0 5
0.166667 0.177008 0.016568 200 201 1000 1006 2 10000 10000 0 5
0.166667 0.164024 0.016486 200 187 1000 1027 2 10000 10000 0 5
0.166667 0.165095 0.016074 200 196 1000 1023 2 10000 10000 0 5
0.166667 0.167207 0.016157 200 209 1000 1004 2 10000 10000 0 5
0.166667 0.154873 0.016588 200 178 1000 971 2 10000 10000 0 5
0.166667 0.178763 0.016360 200 194 1000 1006 2 10000 10000 0 5
0.166667 0.158073 0.016019 200 213 1000 1025 2 10000 10000 0 5
0.166667 0.165429 0.016706 200 183 1000 981 2 10000 10000 0 5
0.166667 0.142892 0.015705 200 195 1000 1049 2 10000 10000 0 5
0.166667 0.180631 0.016193 200 230 1000 985 2 10000 10000 0 5
0.166667 0.184799 0.016745 200 191 1000 1001 2 10000 10000 0 5
0.166667 0.147563 0.015641 200 191 1000 1028 2 10000 10000 0 5
0.166667 0.205613 0.016771 200 211 1000 1038 2 10000 10000 0 5
0.166667 0.132359 0.015494 200 196 1000 1004 2 10000 10000 0 5
0.166667 0.192994 0.016702 200 209 1000 1023 2 10000 10000 0 5
0.166667 0.145530 0.016666 200 167 1000 945 2 10000 10000 0 5
0.166667 0.166935 0.016238 200 203 1000 1035 2 10000 10000 0 5
0.166667 0.204146 0.016998 200 198 1000 1046 2 10000 10000 0 5
0.166667 0.160017 0.016362 200 189 1000 1019 2 10000 10000 0 5
0.166667 0.191593 0.016868 200 224 1000 962 2 10000 10000 0 5
0.166667 0.194893 0.016054 200 226 1000 1059 2 10000 10000 0 5
0.166667 0.192610 0.016534 200 198 1000 1011 2 10000 10000 0 5
0.166667 0.167460 0.015816 200 195 1000 1055 2 10000 10000 0 5
0.166667 0.165054 0.016567 200 183 1000 1004 2 10000 10000 0 5
0.166667 0.183522 0.016737 200 199 1000 982 2 10000 10000 0 5
0.166667 0.190494 0.016878 200 223 1000 953 2 10000 10000 0 5
0.166667 0.174035 0.016468 200 191 1000 1002 2 10000 10000 0 5
0.166667 0.176299 0.016375 200 209 1000 994 2 10000 10000 0 5
0.166667 0.164215 0.016066 200 203 1000 1051 2 10000 10000 0 5
0.166667 0.165700 0.015723 200 211 1000 1055 2 10000 10000 0 5
0.166667 0.172440 0.016880 200 195 1000 938 2 10000 10000 0 5
0.166667 0.187529 0.016121 200 195 1000 1051 2 10000 10000 0 5
0.166667 0.180009 0.016751 200 195 1000 976 2 10000 10000 0 5
0.166667 0.199596 0.017107 200 203 1000 937 2 10000 10000 0 5
0.166667 0.179000 0.016827 200 181 1000 981 2 10000 10000 0 5
0.166667 0.184763 0.016918 200 235 1000 984 2 10000 10000 0 5
0.166667 0.161522 0.016443 200 184 1000 1006 2 10000 10000 0 5
0.166667 0.182434 0.016961 200 217 1000 952 2 10000 10000 0 5
0.166667 0.183040 0.016512 200 221 1000 984 2 10000 10000 0 5
0.166667 0.173306 0.016690 200 181 1000 975 2 10000 10000 0 5
0.166667 0.159191 0.015670 200 208 1000 1036 2 10000 10000 0 5
0.166667 0.173219 0.015820 200 196 1000 1050 2 10000 10000 0 5
0.166667 0.164585 0.016081 200 208 1000 1017 2 10000 10000 0 5
0.166667 0.150075 0.015860 200 179 1000 1016 2 10000 10000 0 5
0.166667 0.200207 0.016628 200 212 1000 1064 2 10000 10000 0 5
0.166667 0.212726 0.016972 200 218 1000 975 2 10000 10000 0 5
0.166667 0.169808 0.016270 200 196 1000 987 2 10000 10000 0 5
0.166667 0.170999 0.016122 200 209 1000 997 2 10000 10000 0 5
0.166667 0.205620 0.016896 200 197 1000 994 2 10000 10000 0 5
0.166667 0.177653 0.016678 200 209 1000 992 2 10000 10000 0 5
0.166667 0.173940 0.016411 200 188 1000 1013 2 10000 10000 0 5
0.166667 0.159260 0.016490 200 185 1000 1024 2 10000 10000 0 5
0.166667 0.179671 0.016724 200 206 1000 1018 2 10000 10000 0 5
0.166667 0.188682 0.016419 200 193 1000 1018 2 10000 10000 0 5
0.166667 0.178458 0.016497 200 201 1000 1020 2 10000 10000 0 5
0.166667 0.170083 0.016134 200 206 1000 988 2 10000 10000 0 5
0.166667 0.182037 0.016540 200 200 1000 1004 2 10000 10000 0 5
0.166667 0.179963 0.016386 200 201 1000 1024 2 10000 10000 0 5
0.166667 0.173533 0.015910 200 197 1000 1012 2 10000 10000 0 5
0.166667 0.173657 0.016374 200 222 1000 990 2 10000 10000 0 5
0.166667 0.175734 0.016909 200 206 1000 988 2 10000 10000 0 5
0.166667 0.183636 0.016525 200 187 1000 1018 2 10000 10000 0 5
0.166667 0.170647 0.016390 200 204 1000 1040 2 10000 10000 0 5
0.166667 0.180815 0.016660 200 190 1000 997 2 10000 10000 0 5
0.166667 0.183691 0.016267 200 224 1000 1016 2 10000 10000 0 5
0.166667 0.177488 0.016060 200 208 1000 1045 2 10000 10000 0 5
0.166667 0.167180 0.016955 200 203 1000 956 2 10000 10000 0 5
0.166667 0.163078 0.016116 200 199 1000 996 2 10000 10000 0 5
0.166667 0.166122 0.015994 200 200 1000 1009 2 10000 10000 0 5
0.166667 0.180445 0.016279 200 204 1000 1057 2 10000 10000 0 5
0.166667 0.170356 0.016453 200 197 1000 976 2 10000 10000 0 5
0.166667 0.180103 0.016769 200 215 1000 978 2 10000 10000 0 5
0.166667 0.206881 0.016854 200 236 1000 1000 2 10000 10000 0 5
0.166667 0.181561 0.016777 200 209 1000 1006 2 10000 10000 0 5
0.166667 0.190335 0.016529 200 215 1000 1004 2 10000 10000 0 5
0.166667 0.165690 0.016006 200 176 1000 1028 2 10000 10000 0 5
0.166667 0.157910 0.016151 200 207 1000 982 2 10000 10000 0 5
0.166667 0.176234 0.016547 200 200 1000 1026 2 10000 10000 0 5
0.166667 0.149004 0.015889 200 172 1000 998 2 10000 10000 0 5
0.166667 0.161320 0.016211 200 192 1000 985 2 10000 10000 0 5
0.166667 0.169390 0.016187 200 196 1000 988 2 10000 10000 0 5
0.166667 0.171072 0.015988 200 192 1000 1044 2 10000 10000 0 5
0.166667 0.169747 0.016423 200 196 1000 977 2 10000 10000 0 5
0.166667 0.182701 0.016706 200 205 1000 972 2 10000 10000 0 5
0.166667 0.147477 0.015316 200 195 1000 1087 2 10000 10000 0 5
0.166667 0.173405 0.015842 200 202 1000 1073 2 10000 10000 0 5
0.166667 0.176232 0.017001 200 198 1000 947 2 10000 10000 0 5
0.166667 0.198974 0.017710 200 197 1000 935 2 10000 10000 0 5
0.166667 0.189382 0.016369 200 187 1000 999 2 10000 10000 0 5
0.166667 0.192298 0.016328 200 202 1000 1013 2 10000 10000 0 5
0.166667 0.181150 0.016278 200 198 1000 985 2 10000 10000 0 5
0.166667 0.182244 0.016606 200 190 1000 988 2 10000 10000 0 5
0.166667 0.139737 0.015672 200 190 1000 997 2 10000 10000 0 5
0.166667 0.184574 0.016101 200 207 1000 1029 2 10000 10000 0 5
0.166667 0.223000 0.017451 200 223 1000 933 2 10000 10000 0 5
0.166667 0.174823 0.016872 200 194 1000 940 2 10000 10000 0 5
0.166667 0.175690 0.016680 200 183 1000 955 2 10000 10000 0 5
0.166667 0.165474 0.016745 200 208 1000 959 2 10000 10000 0 5
0.166667 0.177095 0.016283 200 217 1000 1023 2 10000 10000 0 5
0.166667 0.191198 0.016607 200 206 1000 993 2 10000 10000 0 5
0.166667 0.171625 0.016977 200 194 1000 977 2 10000 10000 0 5
0.166667 0.208770 0.017098 200 196 1000 970 2 10000 10000 0 5
0.166667 0.160647 0.015919 200 172 1000 1041 2 10000 10000 0 5
0.166667 0.157142 0.016560 200 205 1000 979 2 10000 10000 0 5
0.166667 0.159847 0.016341 200 177 1000 1008 2 10000 10000 0 5
0.166667 0.172013 0.016046 200 205 1000 1021 2 10000 10000 0 5
0.166667 0.193725 0.016527 200 244 1000 997 2 10000 10000 0 5
0.166667 0.148088 0.015865 200 176 1000 1022 2 10000 10000 0 5
0.166667 0.185925 0.016878 200 188 1000 969 2 10000 10000 0 5
0.166667 0.183737 0.016449 200 204 1000 1024 2 10000 10000 0 5
0.166667 0.175552 0.016243 200 202 1000 1026 2 10000 10000 0 5
0.166667 0.157717 0.015754 200 205 1000 1050 2 10000 10000 0 5
0.166667 0.205377 0.017149 200 219 1000 963 2 10000 10000 0 5
0.166667 0.181749 0.016690 200 205 1000 972 2 10000 10000 0 5
0.166667 0.188222 0.016627 200 210 1000 1014 2 10000 10000 0 5
0.166667 0.178124 0.016341 200 204 1000 1017 2 10000 10000 0 5
0.166667 0.189619 0.016678 200 218 1000 980 2 10000 10000 0 5
0.166667 0.195834 0.016907 200 208 1000 956 2 10000 10000 0 5
0.166667 0.181731 0.016704 200 216 1000 973 2 10000 10000 0 5
0.166667 0.157958 0.015537 200 193 1000 1042 2 10000 10000 0 5
0.166667 0.194621 0.016700 200 218 1000 986 2 10000 10000 0 5
0.166667 0.145722 0.015636 200 201 1000 1065 2 10000 10000 0 5
0.166667 0.181878 0.016827 200 188 1000 971 2 10000 10000 0 5
0.166667 0.178354 0.016535 200 205 1000 982 2 10000 10000 0 5
0.166667 0.158074 0.015772 200 176 1000 1034 2 10000 10000 0 5
0.166667 0.176206 0.016023 200 206 1000 993 2 10000 10000 0 5
0.166667 0.167874 0.015917 200 200 1000 1032 2 10000 10000 0 5
0.166667 0.164156 0.016247 200 218 1000 1004 2 10000 10000 0 5
0.166667 0.181511 0.016576 200 210 1000 998 2 10000 10000 0 5
0.166667 0.197327 0.016616 200 202 1000 1037 2 10000 10000 0 5
0.166667 0.152293 0.016145 200 177 1000 998 2 10000 10000 0 5
0.166667 0.168877 0.016200 200 207 1000 1000 2 10000 10000 0 5
0.166667 0.184020 0.017215 200 194 1000 943 2 10000 10000 0 5
0.166667 0.164691 0.016062 200 203 1000 1029 2 10000 10000 0 5
0.166667 0.172220 0.016542 200 199 1000 1033 2 10000 10000 0 5
0.166667 0.188142 0.016758 200 211 1000 956 2 10000 10000 0 5
0.166667 0.179722 0.016085 200 223 1000 1085 2 10000 10000 0 5
0.166667 0.156808 0.015932 200 187 1000 983 2 10000 10000 0 5
0.166667 0.171200 0.016675 200 197 1000 1006 2 10000 10000 0 5
0.166667 0.150333 0.015286 200 201 1000 1050 2 10000 10000 0 5
0.166667 0.192822 0.017099 200 186 1000 950 2 10000 10000 0 5
0.166667 0.159988 0.015928 200 201 1000 1039 2 10000 10000 0 5
0.166667 0.187933 0.016353 200 203 1000 1020 2 10000 10000 0 5
0.166667 0.163859 0.016643 200 165 1000 1003 2 10000 10000 0 5
0.166667 0.140318 0.015777 200 173 1000 1026 2 10000 10000 0 5
0.166667 0.160270 0.015809 200 192 1000 1019 2 10000 10000 0 5
0.166667 0.167445 0.016215 200 199 1000 1002 2 10000 10000 0 5
0.166667 0.179872 0.016437 200 202 1000 986 2 10000 10000 0 5
0.166667 0.174728 0.016707 200 185 1000 974 2 10000 10000 0 5
0.166667 0.184071 0.016858 200 194 1000 1003 2 10000 10000 0 5
0.166667 0.176178 0.016059 200 221 1000 1019 2 10000 10000 0 5
0.166667 0.169843 0.016101 200 217 1000 1050 2 10000 10000 0 5
0.166667 0.145167 0.015578 200 190 1000 1052 2 10000 10000 0 5
0.166667 0.171855 0.016454 200 194 1000 981 2 10000 10000 0 5
0.166667 0.162145 0.016107 200 193 1000 1012 2 10000 10000 0 5
0.166667 0.189706 0.017008 200 224 1000 989 2 10000 10000 0 5
0.166667 0.138646 0.015415 200 202 1000 1062 2 10000 10000 0 5
0.166667 0.171753 0.015840 200 181 1000 1052 2 10000 10000 0 5
0.166667 0.180548 0.016630 200 199 1000 1008 2 10000 10000 0 5
0.166667 0.151491 0.016014 200 178 1000 1020 2 10000 10000 0 5
0.166667 0.130848 0.015602 200 166 1000 993 2 10000 10000 0 5
0.166667 0.195016 0.016620 200 193 1000 1014 2 10000 10000 0 5
0.166667 0.152837 0.016010 200 196 1000 1010 2 10000 10000 0 5
0.166667 0.155386 0.016275 200 190 1000 990 2 10000 10000 0 5
0.166667 0.164726 0.016538 200 194 1000 1021 2 10000 10000 0 5
0.166667 0.188003 0.016885 200 209 1000 945 2 10000 10000 0 5
0.166667 0.179311 0.016691 200 204 1000 995 2 10000 10000 0 5
0.166667 0.162002 0.016051 200 192 1000 1018 2 10000 10000 0 5
0.166667 0.176424 0.016352 200 194 1000 1026 2 10000 10000 0 5
0.166667 0.172538 0.015969 200 216 1000 1006 2 10000 10000 0 5
0.166667 0.176407 0.016922 200 208 1000 935 2 10000 10000 0 5
0.166667 0.150139 0.016021 200 205 1000 1004 2 10000 10000 0 5
0.166667 0.179362 0.016507 200 199 1000 987 2 10000 10000 0 5
0.166667 0.190136 0.016789 200 192 1000 999 2 10000 10000 0 5
0.166667 0.151447 0.015940 200 185 1000 1019 2 10000 10000 0 5
0.166667 0.193716 0.016570 200 188 1000 994 2 10000 10000 0 5
0.166667 0.168501 0.016769 200 193 1000 985 2 10000 10000 0 5
0.166667 0.167407 0.016456 200 179 1000 986 2 10000 10000 0 5
0.166667 0.166973 0.016466 200 200 1000 977 2 10000 10000 0 5
0.166667 0.171852 0.016214 200 188 1000 1005 2 10000 10000 0 5
0.166667 0.151095 0.015863 200 184 1000 1011 2 10000 10000 0 5
0.166667 0.178389 0.016123 200 202 1000 1002 2 10000 10000 0 5
0.166667 0.186691 0.017009 200 202 1000 1028 2 10000 10000 0 5
0.166667 0.161160 0.015660 200 201 1000 1065 2 10000 10000 0 5
0.166667 0.181192 0.016863 200 198 1000 989 2 10000 10000 0 5
0.166667 0.172211 0.016591 200 208 1000 984 2 10000 10000 0 5
0.166667 0.195775 0.016864 200 218 1000 967 2 10000 10000 0 5
0.166667 0.181064 0.016574 200 191 1000 990 2 10000 10000 0 5
0.166667 0.162583 0.016450 200 176 1000 998 2 10000 10000 0 5
0.166667 0.171802 0.016530 200 195 1000 985 2 10000 10000 0 5
0.166667 0.184455 0.016844 200 205 1000 982 2 10000 10000 0 5
0.166667 0.191508 0.016646 200 186 1000 946 2 10000 10000 0 5
0.166667 0.163830 0.015700 200 210 1000 1025 2 10000 10000 0 5
0.166667 0.160392 0.015642 200 199 1000 1096 2 10000 10000 0 5
0.166667 0.172903 0.016625 200 183 1000 956 2 10000 10000 0 5
0.166667 0.153351 0.016765 200 189 1000 993 2 10000 10000 0 5
0.166667 0.155488 0.016095 200 204 1000 989 2 10000 10000 0 5
0.166667 0.173757 0.016549 200 207 1000 992 2 10000 10000 0 5
0.166667 0.179655 0.016366 200 211 1000 967 2 10000 10000 0 5
0.166667 0.180950 0.016588 200 209 1000 987 2 10000 10000 0 5
0.166667 0.158322 0.015593 200 214 1000 1038 2 10000 10000 0 5
0.166667 0.198224 0.016517 200 205 1000 1060 2 10000 10000 0 5
0.166667 0.154438 0.016289 200 195 1000 991 2 10000 10000 0 5
0.166667 0.167590 0.016196 200 193 1000 990 2 10000 10000 0 5
0.166667 0.192078 0.016770 200 191 1000 992 2 10000 10000 0 5
0.166667 0.182047 0.016247 200 227 1000 993 2 10000 10000 0 5
0.166667 0.196870 0.017593 200 210 1000 949 2 10000 10000 0 5
0.166667 0.211896 0.016890 200 202 1000 1014 2 10000 10000 0 5
0.166667 0.185835 0.016879 200 207 1000 969 2 10000 10000 0 5
0.166667 0.181209 0.016821 200 215 1000 976 2 10000 10000 0 5
0.166667 0.190597 0.016878 200 210 1000 957 2 10000 10000 0 5
0.166667 0.185527 0.016688 200 200 1000 973 2 10000 10000 0 5
0.166667 0.163596 0.016411 200 194 1000 1009 2 10000 10000 0 5
0.166667 0.145566 0.015852 200 175 1000 1001 2 10000 10000 0 5
0.166667 0.172885 0.016246 200 200 1000 971 2 10000 10000 0 5
0.166667 0.161560 0.016263 200 181 1000 992 2 10000 10000 0 5
0.166667 0.159979 0.015720 200 190 1000 1025 2 10000 10000 0 5
0.166667 0.167433 0.016113 200 200 1000 985 2 10000 10000 0 5
0.166667 0.175883 0.016261 200 220 1000 1020 2 10000 10000 0 5
0.166667 0.184393 0.016620 200 208 1000 991 2 10000 10000 0 5
0.166667 0.173842 0.016068 200 223 1000 1017 2 10000 10000 0 5
0.166667 0.156420 0.015964 200 189 1000 1048 2 10000 10000 0 5
0.166667 0.167316 0.016216 200 210 1000 1015 2 10000 10000 0 5
0.166667 0.164089 0.016277 200 203 1000 1014 2 10000 10000 0 5
0.166667 0.212793 0.017653 200 206 1000 942 2 10000 10000 0 5
0.166667 0.182898 0.016256 200 210 1000 1018 2 10000 10000 0 5
0.166667 0.168502 0.016278 200 196 1000 984 2 10000 10000 0 5
0.166667 0.178900 0.016735 200 206 1000 986 2 10000 10000 0 5
0.166667 0.171347 0.016355 200 221 1000 1002 2 10000 10000 0 5
0.166667 0.186841 0.016383 200 219 1000 1018 2 10000 10000 0 5
0.166667 0.149740 0.016041 200 194 1000 1005 2 10000 10000 0 5
0.166667 0.202631 0.017114 200 214 1000 949 2 10000 10000 0 5
0.166667 0.166940 0.015751 200 206 1000 1041 2 10000 10000 0 5
0.166667 0.148355 0.015718 200 174 1000 1046 2 10000 10000 0 5
0.166667 0.148083 0.015568 200 185 1000 1076 2 10000 10000 0 5
0.166667 0.176644 0.016365 200 220 1000 1004 2 10000 10000 0 5
0.166667 0.169174 0.016358 200 192 1000 1013 2 10000 10000 0 5
0.166667 0.175408 0.016827 200 201 1000 988 2 10000 10000 0 5
0.166667 0.192711 0.016489 200 217 1000 1016 2 10000 10000 0 5
0.166667 0.171509 0.016575 200 185 1000 981 2 10000 10000 0 5
0.166667 0.190490 0.017176 200 209 1000 962 2 10000 10000 0 5
0.166667 0.209586 0.017016 200 206 1000 997 2 10000 10000 0 5
0.166667 0.177481 0.016850 200 193 1000 977 2 10000 10000 0 5
0.166667 0.176100 0.016317 200 179 1000 1018 2 10000 10000 0 5
0.166667 0.187835 0.016583 200 208 1000 998 2 10000 10000 0 5
0.166667 0.164505 0.016354 200 188 1000 973 2 10000 10000 0 5
0.166667 0.161909 0.016519 200 194 1000 996 2 10000 10000 0 5
0.166667 0.185265 0.017279 200 198 1000 970 2 10000 10000 0 5
0.166667 0.157751 0.015589 200 202 1000 1041 2 10000 10000 0 5
0.166667 0.183806 0.016264 200 224 1000 1021 2 10000 10000 0 5
0.166667 0.181559 0.016821 200 199 1000 986 2 10000 10000 0 5
0.166667 0.180924 0.016392 200 223 1000 982 2 10000 10000 0 5
0.166667 0.172704 0.016758 200 194 1000 997 2 10000 10000 0 5
0.166667 0.156065 0.016585 200 189 1000 996 2 10000 10000 0 5
0.166667 0.167224 0.016531 200 198 1000 977 2 10000 10000 0 5
0.166667 0.177126 0.016197 200 209 1000 1012 2 10000 10000 0 5
0.166667 0.155740 0.016400 200 194 1000 1023 2 10000 10000 0 5
0.166667 0.177936 0.016661 200 193 1000 1004 2 10000 10000 0 5
0.166667 0.185219 0.016995 200 209 1000 994 2 10000 10000 0 5
0.166667 0.164691 0.016089 200 178 1000 1041 2 10000 10000 0 5
0.166667 0.171460 0.016348 200 198 1000 1022 2 10000 10000 0 5
0.166667 0.172575 0.016790 200 220 1000 967 2 10000 10000 0 5
0.166667 0.167282 0.016359 200 206 1000 1015 2 10000 10000 0 5
0.166667 0.186533 0.016513 200 209 1000 1000 2 10000 10000 0 5
0.166667 0.142473 0.015691 200 169 1000 1031 2 10000 10000 0 5
0.166667 0.214036 0.016581 200 217 1000 1021 2 10000 10000 0 5
0.166667 0.167891 0.015920 200 211 1000 1066 2 10000 10000 0 5
0.166667 0.153461 0.016764 200 185 1000 970 2 10000 10000 0 5
0.166667 0.143829 0.016248 200 194 1000 985 2 10000 10000 0 5
0.166667 0.156422 0.016392 200 178 1000 982 2 10000 10000 0 5
0.166667 0.176626 0.016246 200 220 1000 1001 2 10000 10000 0 5
0.166667 0.188706 0.016573 200 203 1000 979 2 10000 10000 0 5
0.166667 0.172414 0.016136 200 188 1000 1021 2 10000 10000 0 5
0.166667 0.168051 0.016551 200 198 1000 984 2 10000 10000 0 5
0.166667 0.174161 0.016073 200 207 1000 1042 2 10000 10000 0 5
0.166667 0.172606 0.016138 200 183 1000 1002 2 10000 10000 0 5
0.166667 0.187389 0.016543 200 215 1000 999 2 10000 10000 0 5
0.166667 0.194785 0.016751 200 201 1000 985 2 10000 10000 0 5
0.166667 0.195441 0.016385 200 207 1000 1040 2 10000 10000 0 5
0.166667 0.179024 0.016590 200 195 1000 1003 2 10000 10000 0 5
0.166667 0.180964 0.016493 200 202 1000 983 2 10000 10000 0 5
0.166667 0.168986 0.016549 200 198 1000 1028 2 10000 10000 0 5
0.166667 0.157288 0.015562 200 182 1000 1025 2 10000 10000 0 5
0.166667 0.152453 0.015784 200 200 1000 1096 2 10000 10000 0 5
0.166667 0.183223 0.016602 200 218 1000 991 2 10000 10000 0 5
0.166667 0.189504 0.016276 200 210 1000 1006 2 10000 10000 0 5
0.166667 0.193197 0.016907 200 207 1000 953 2 10000 10000 0 5
0.166667 0.192052 0.016446 200 202 1000 966 2 10000 10000 0 5
0.166667 0.142691 0.015692 200 175 1000 1052 2 10000 10000 0 5
0.166667 0.173907 0.016159 200 198 1000 1048 2 10000 10000 0 5
0.166667 0.167655 0.016149 200 189 1000 1006 2 10000 10000 0 5
0.166667 0.158954 0.015995 200 188 1000 1037 2 10000 10000 0 5
0.166667 0.180476 0.016446 200 204 1000 999 2 10000 10000 0 5
0.166667 0.171711 0.016820 200 178 1000 939 2 10000 10000 0 5
0.166667 0.164760 0.016249 200 198 1000 987 2 10000 10000 0 5
0.166667 0.154731 0.016420 200 183 1000 992 2 10000 10000 0 5
0.166667 0.154293 0.015894 200 187 1000 1075 2 10000 10000 0 5
0.166667 0.174573 0.016352 200 193 1000 962 2 10000 10000 0 5
0.166667 0.209203 0.016799 200 224 1000 1028 2 10000 10000 0 5
0.166667 0.179768 0.016936 200 171 1000 935 2 10000 10000 0 5
0.166667 0.157806 0.016277 200 200 1000 1034 2 10000 10000 0 5
0.166667 0.179473 0.016617 200 196 1000 960 2 10000 10000 0 5
0.166667 0.176674 0.016467 200 187 1000 1029 2 10000 10000 0 5
0.166667 0.160565 0.016289 200 179 1000 995 2 10000 10000 0 5
0.166667 0.166875 0.015817 200 209 1000 1002 2 10000 10000 0 5
0.166667 0.192210 0.016731 200 221 1000 989 2 10000 10000 0 5
0.166667 0.168756 0.016309 200 200 1000 1006 2 10000 10000 0 5
0.166667 0.172093 0.016650 200 182 1000 977 2 10000 10000 0 5
0.166667 0.150194 0.015978 200 183 1000 1029 2 10000 10000 0 5
0.166667 0.153304 0.015684 200 226 1000 1026 2 10000 10000 0 5
0.166667 0.190240 0.016653 200 213 1000 996 2 10000 10000 0 5
0.166667 0.131221 0.015150 200 200 1000 1033 2 10000 10000 0 5
0.166667 0.167761 0.016284 200 187 1000 1035 2 10000 10000 0 5
0.166667 0.154558 0.015876 200 191 1000 1038 2 10000 10000 0 5
0.166667 0.200261 0.016612 200 205 1000 983 2 10000 10000 0 5
0.166667 0.210316 0.017356 200 213 1000 965 2 10000 10000 0 5
0.166667 0.202700 0.016760 200 209 1000 994 2 10000 10000 0 5
0.166667 0.186287 0.016392 200 195 1000 1004 2 10000 10000 0 5
0.166667 0.172749 0.016694 200 201 1000 1023 2 10000 10000 0 5
0.166667 0.186855 0.016453 200 210 1000 1001 2 10000 10000 0 5
0.166667 0.158088 0.015936 200 191 1000 991 2 10000 10000 0 5
0.166667 0.188021 0.016997 200 185 1000 991 2 10000 10000 0 5
0.166667 0.194898 0.016528 200 215 1000 1002 2 10000 10000 0 5
0.166667 0.158327 0.016104 200 188 1000 1007 2 10000 10000 0 5
0.166667 0.169472 0.016645 200 202 1000 980 2 10000 10000 0 5
0.166667 0.159144 0.015671 200 174 1000 1044 2 10000 10000 0 5
0.166667 0.149607 0.016014 200 210 1000 1022 2 10000 10000 0 5
0.166667 0.169372 0.016090 200 209 1000 1004 2 10000 10000 0 5
0.166667 0.176652 0.016758 200 196 1000 956 2 10000 10000 0 5
0.166667 0.160906 0.015879 200 182 1000 1064 2 10000 10000 0 5
0.166667 0.183601 0.016236 200 209 1000 1019 2 10000 10000 0 5
0.166667 0.161396 0.015767 200 191 1000 1027 2 10000 10000 0 5
0.166667 0.173713 0.015954 200 201 1000 1029 2 10000 10000 0 5
0.166667 0.164319 0.015847 200 218 1000 1012 2 10000 10000 0 5
0.166667 0.192288 0.016649 200 198 1000 993 2 10000 10000 0 5
0.166667 0.199647 0.016549 200 196 1000 1064 2 10000 10000 0 5
0.166667 0.179881 0.015767 200 215 1000 1037 2 10000 10000 0 5
0.166667 0.189234 0.016393 200 212 1000 998 2 10000 10000 0 5
0.166667 0.167397 0.016290 200 209 1000 996 2 10000 10000 0 5
0.166667 0.168749 0.016132 200 205 1000 1012 2 10000 10000 0 5
0.166667 0.165223 0.016178 200 201 1000 1006 2 10000 10000 0 5
0.166667 0.182782 0.016228 200 225 1000 1065 2 10000 10000 0 5
0.166667 0.162909 0.016165 200 203 1000 1010 2 10000 10000 0 5
0.166667 0.195471 0.016849 200 200 1000 1009 2 10000 10000 0 5
0.166667 0.214051 0.016490 200 229 1000 1047 2 10000 10000 0 5
0.166667 0.175586 0.016280 200 200 1000 997 2 10000 10000 0 5
0.166667 0.166097 0.016071 200 196 1000 1009 2 10000 10000 0 5
0.166667 0.176546 0.016384 200 180 1000 1019 2 10000 10000 0 5
0.166667 0.161153 0.016162 200 185 1000 1029 2 10000 10000 0 5
0.166667 0.164839 0.016128 200 185 1000 1005 2 10000 10000 0 5
0.166667 0.180476 0.017075 200 205 1000 965 2 10000 10000 0 5
0.166667 0.157717 0.015697 200 191 1000 1047 2 10000 10000 0 5
0.166667 0.154131 0.015576 200 187 1000 1044 2 10000 10000 0 5
0.166667 0.181479 0.017005 200 197 1000 935 2 10000 10000 0 5
0.166667 0.172464 0.017051 200 183 1000 951 2 10000 10000 0 5
0.166667 0.191475 0.016262 200 208 1000 997 2 10000 10000 0 5
0.166667 0.168152 0.016101 200 200 1000 992 2 10000 10000 0 5
0.166667 0.169555 0.016466 200 186 1000 983 2 10000 10000 0 5
0.166667 0.170177 0.016138 200 204 1000 1048 2 10000 10000 0 5
0.166667 0.187594 0.017008 200 207 1000 974 2 10000 10000 0 5
0.166667 0.187003 0.016966 200 204 1000 993 2 10000 10000 0 5
0.166667 0.163908 0.016102 200 218 1000 1005 2 10000 10000 0 5
0.166667 0.163230 0.016440 200 199 1000 993 2 10000 10000 0 5
0.166667 0.166165 0.015531 200 183 1000 1079 2 10000 10000 0 5
0.166667 0.172683 0.016319 200 219 1000 1006 2 10000 10000 0 5
0.166667 0.189783 0.016492 200 216 1000 1045 2 10000 10000 0 5
0.166667 0.183314 0.016402 200 205 1000 989 2 10000 10000 0 5
0.166667 0.181263 0.016643 200 201 1000 973 2 10000 10000 0 5
0.166667 0.204877 0.016704 200 221 1000 997 2 10000 10000 0 5
0.166667 0.174385 0.016883 200 187 1000 969 2 10000 10000 0 5
0.166667 0.196077 0.016933 200 212 1000 1003 2 10000 10000 0 5
0.166667 0.167692 0.016470 200 181 1000 1017 2 10000 10000 0 5
0.166667 0.164651 0.016536 200 202 1000 978 2 10000 10000 0 5
0.166667 0.161373 0.016586 200 191 1000 992 2 10000 10000 0 5
0.166667 0.181131 0.016559 200 191 1000 969 2 10000 10000 0 5
0.166667 0.209578 0.016714 200 201 1000 987 2 10000 10000 0 5
0.166667 0.157832 0.015863 200 218 1000 1034 2 10000 10000 0 5
0.166667 0.201652 0.017028 200 205 1000 975 2 10000 10000 0 5
0.166667 0.175911 0.016474 200 199 1000 977 2 10000 10000 0 5
0.166667 0.170512 0.016894 200 183 1000 996 2 10000 10000 0 5
0.166667 0.174183 0.016479 200 172 1000 992 2 10000 10000 0 5
0.166667 0.211047 0.017022 200 208 1000 1002 2 10000 10000 0 5
0.166667 0.153294 0.016342 200 175 1000 976 2 10000 10000 0 5
0.166667 0.163526 0.016284 200 193 1000 1009 2 10000 10000 0 5
0.166667 0.186018 0.016668 200 208 1000 989 2 10000 10000 0 5
0.166667 0.167517 0.016793 200 188 1000 972 2 10000 10000 0 5
0.166667 0.172325 0.017014 200 177 1000 934 2 10000 10000 0 5
0.166667 0.194243 0.016627 200 232 1000 1009 2 10000 10000 0 5
0.166667 0.162457 0.016338 200 191 1000 987 2 10000 10000 0 5
0.166667 0.177925 0.016344 200 192 1000 1080 2 10000 10000 0 5
0.166667 0.204884 0.017924 200 183 1000 912 2 10000 10000 0 5
0.166667 0.156984 0.016012 200 184 1000 1016 2 10000 10000 0 5
0.166667 0.193978 0.016899 200 212 1000 944 2 10000 10000 0 5
0.166667 0.198734 0.017337 200 188 1000 937 2 10000 10000 0 5
0.166667 0.171270 0.016561 200 193 1000 996 2 10000 10000 0 5
0.166667 0.182615 0.016957 200 202 1000 974 2 10000 10000 0 5
0.166667 0.169132 0.016657 200 186 1000 977 2 10000 10000 0 5
0.166667 0.154224 0.015863 200 181 1000 1015 2 10000 10000 0 5
0.166667 0.170753 0.016162 200 190 1000 1000 2 10000 10000 0 5
0.166667 0.155872 0.016071 200 189 1000 988 2 10000 10000 0 5
0.166667 0.175630 0.016543 200 208 1000 1006 2 10000 10000 0 5
0.166667 0.168304 0.016422 200 182 1000 1007 2 10000 10000 0 5
0.166667 0.188690 0.016953 200 209 1000 984 2 10000 10000 0 5
0.166667 0.141868 0.015701 200 183 1000 1036 2 10000 10000 0 5
0.166667 0.166599 0.016537 200 188 1000 984 2 10000 10000 0 5
0.166667 0.171254 0.016546 200 175 1000 1004 2 10000 10000 0 5
0.166667 0.173980 0.016339 200 194 1000 1037 2 10000 10000 0 5
0.166667 0.189848 0.016030 200 224 1000 1063 2 10000 10000 0 5
0.166667 0.149049 0.015714 200 201 1000 1020 2 10000 10000 0 5
0.166667 0.151665 0.016097 200 204 1000 978 2 10000 10000 0 5
0.166667 0.162609 0.016340 200 198 1000 962 2 10000 10000 0 5
0.166667 0.171106 0.015803 200 195 1000 1069 2 10000 10000 0 5
0.166667 0.193601 0.016610 200 197 1000 997 2 10000 10000 0 5
0.166667 0.195756 0.016669 200 198 1000 998 2 10000 10000 0 5
0.166667 0.181376 0.016463 200 215 1000 987 2 10000 10000 0 5
0.166667 0.192556 0.016358 200 220 1000 1018 2 10000 10000 0 5
0.166667 0.165114 0.016228 200 208 1000 1026 2 10000 10000 0 5
0.166667 0.205853 0.017183 200 219 1000 973 2 10000 10000 0 5
0.166667 0.186194 0.016723 200 194 1000 981 2 10000 10000 0 5
0.166667 0.155122 0.016155 200 188 1000 1020 2 10000 10000 0 5
0.166667 0.180520 0.016932 200 189 1000 974 2 10000 10000 0 5
0.166667 0.173317 0.016540 200 215 1000 981 2 10000 10000 0 5
0.166667 0.183356 0.016432 200 199 1000 992 2 10000 10000 0 5
0.166667 0.143715 0.015592 200 195 1000 1056 2 10000 10000 0 5
0.166667 0.178368 0.016393 200 220 1000 989 2 10000 10000 0 5
0.166667 0.191354 0.017251 200 205 1000 935 2 10000 10000 0 5
0.166667 0.174836 0.016758 200 188 1000 980 2 10000 10000 0 5
0.166667 0.172155 0.016566 200 202 1000 1010 2 10000 10000 0 5
0.166667 0.159955 0.016215 200 214 1000 1012 2 10000 10000 0 5
0.166667 0.161966 0.016104 200 206 1000 1017 2 10000 10000 0 5
0.166667 0.184359 0.016002 200 192 1000 1087 2 10000 10000 0 5
0.166667 0.153681 0.016119 200 193 1000 974 2 10000 10000 0 5
0.166667 0.170474 0.016881 200 216 1000 955 2 10000 10000 0 5
0.166667 0.184976 0.016528 200 226 1000 984 2 10000 10000 0 5
0.166667 0.166620 0.016632 200 188 1000 990 2 10000 10000 0 5
0.166667 0.185429 0.016598 200 207 1000 995 2 10000 10000 0 5
0.166667 0.162980 0.016092 200 201 1000 1029 2 10000 10000 0 5
0.166667 0.153896 0.016522 200 177 1000 975 2 10000 10000 0 5
0.166667 0.157759 0.015857 200 191 1000 1049 2 10000 10000 0 5
0.166667 0.161087 0.016328 200 216 1000 1017 2 10000 10000 0 5
0.166667 0.162411 0.016267 200 201 1000 970 2 10000 10000 0 5
0.166667 0.176034 0.016388 200 193 1000 1020 2 10000 10000 0 5
0.166667 0.192378 0.017057 200 214 1000 997 2 10000 10000 0 5
0.166667 0.163106 0.015929 200 202 1000 1019 2 10000 10000 0 5
0.166667 0.173860 0.015909 200 194 1000 1031 2 10000 10000 0 5
0.166667 0.183498 0.016563 200 200 1000 977 2 10000 10000 0 5
0.166667 0.166466 0.015981 200 189 1000 1057 2 10000 10000 0 5
0.166667 0.161684 0.016414 200 201 1000 991 2 10000 10000 0 5
0.166667 0.170551 0.016208 200 183 1000 1018 2 10000 10000 0 5
0.166667 0.191917 0.016669 200 207 1000 1002 2 10000 10000 0 5
0.166667 0.180667 0.016697 200 206 1000 946 2 10000 10000 0 5
0.166667 0.154517 0.015752 200 199 1000 1010 2 10000 10000 0 5
0.166667 0.162111 0.015640 200 186 1000 1047 2 10000 10000 0 5
0.166667 0.167828 0.016229 200 198 1000 994 2 10000 10000 0 5
0.166667 0.191018 0.016587 200 229 1000 972 2 10000 10000 0 5
0.166667 0.174240 0.016082 200 186 1000 992 2 10000 10000 0 5
0.166667 0.190959 0.016395 200 205 1000 1014 2 10000 10000 0 5
0.166667 0.162506 0.016132 200 193 1000 1040 2 10000 10000 0 5
0.166667 0.182873 0.016399 200 224 1000 985 2 10000 10000 0 5
0.166667 0.143417 0.015110 200 195 1000 1084 2 10000 10000 0 5
0.166667 0.192296 0.016369 200 201 1000 1008 2 10000 10000 0 5
0.166667 0.178234 0.016581 200 203 1000 977 2 10000 10000 0 5
0.166667 0.190554 0.016850 200 197 1000 932 2 10000 10000 0 5
0.166667 0.149238 0.015805 200 208 1000 1030 2 10000 10000 0 5
0.166667 0.182245 0.016319 200 205 1000 1043 2 10000 10000 0 5
0.166667 0.176557 0.017059 200 189 1000 957 2 10000 10000 0 5
0.166667 0.151666 0.015770 200 181 1000 1026 2 10000 10000 0 5
0.166667 0.193411 0.016551 200 203 1000 1035 2 10000 10000 0 5
0.166667 0.167968 0.016179 200 191 1000 1035 2 10000 10000 0 5
0.166667 0.148967 0.015774 200 179 1000 1011 2 10000 10000 0 5
0.166667 0.172027 0.016272 200 209 1000 984 2 10000 10000 0 5
0.166667 0.157549 0.015997 200 198 1000 996 2 10000 10000 0 5
0.166667 0.173429 0.016548 200 189 1000 1021 2 10000 10000 0 5
0.166667 0.175786 0.016371 200 199 1000 1036 2 10000 10000 0 5
0.166667 0.146409 0.015927 200 195 1000 1025 2 10000 10000 0 5
0.166667 0.195947 0.017050 200 193 1000 974 2 10000 10000 0 5
0.166667 0.180929 0.016915 200 202 1000 964 2 10000 10000 0 5
0.166667 0.189239 0.016234 200 236 1000 1063 2 10000 10000 0 5
0.166667 0.161187 0.016460 200 190 1000 1022 2 10000 10000 0 5
0.166667 0.182449 0.016746 200 186 1000 981 2 10000 10000 0 5
0.166667 0.191340 0.016472 200 200 1000 993 2 10000 10000 0 5
0.166667 0.140143 0.015126 200 182 1000 1067 2 10000 10000 0 5
0.166667 0.210381 0.016744 200 223 1000 975 2 10000 10000 0 5
0.166667 0.197892 0.016230 200 207 1000 1016 2 10000 10000 0 5
0.166667 0.172776 0.017154 200 208 1000 938 2 10000 10000 0 5
0.166667 0.164662 0.015907 200 190 1000 1049 2 10000 10000 0 5
0.166667 0.202675 0.016922 200 203 1000 974 2 10000 10000 0 5
0.166667 0.123159 0.015843 200 192 1000 1005 2 10000 10000 0 5
0.166667 0.173626 0.016793 200 194 1000 958 2 10000 10000 0 5
0.166667 0.178380 0.016685 200 184 1000 971 2 10000 10000 0 5
0.166667 0.207378 0.017146 200 220 1000 978 2 10000 10000 0 5
0.166667 0.193901 0.016788 200 204 1000 988 2 10000 10000 0 5
0.166667 0.195240 0.016363 200 228 1000 1073 2 10000 10000 0 5
0.166667 0.163176 0.015940 200 191 1000 1010 2 10000 10000 0 5
0.166667 0.187937 0.016574 200 190 1000 1001 2 10000 10000 0 5
0.166667 0.179868 0.016174 200 192 1000 1022 2 10000 10000 0 5
0.166667 0.174694 0.016346 200 188 1000 1027 2 10000 10000 0 5
0.166667 0.201186 0.016334 200 234 1000 1012 2 10000 10000 0 5
0.166667 0.179618 0.016596 200 182 1000 976 2 10000 10000 0 5
0.166667 0.161822 0.015745 200 196 1000 1073 2 10000 10000 0 5
0.166667 0.163062 0.016351 200 186 1000 988 2 10000 10000 0 5
0.166667 0.206218 0.016117 200 240 1000 1046 2 10000 10000 0 5
0.166667 0.177164 0.016922 200 197 1000 979 2 10000 10000 0 5
0.166667 0.166694 0.016303 200 208 1000 1026 2 10000 10000 0 5
0.166667 0.162257 0.016277 200 199 1000 1005 2 10000 10000 0 5
0.166667 0.190512 0.017528 200 211 1000 916 2 10000 10000 0 5
0.166667 0.164945 0.016292 200 195 1000 1002 2 10000 10000 0 5
0.166667 0.157882 0.016112 200 181 1000 997 2 10000 10000 0 5
0.166667 0.188450 0.016522 200 213 1000 1032 2 10000 10000 0 5
0.166667 0.172938 0.016102 200 210 1000 1013 2 10000 10000 0 5
0.166667 0.172530 0.016115 200 219 1000 1022 2 10000 10000 0 5
0.166667 0.163403 0.016383 200 201 1000 994 2 10000 10000 0 5
0.166667 0.189215 0.016149 200 223 1000 1002 2 10000 10000 0 5
0.166667 0.164837 0.016230 200 175 1000 1027 2 10000 10000 0 5
0.166667 0.167071 0.016066 200 212 1000 1030 2 10000 10000 0 5
0.166667 0.168754 0.015940 200 211 1000 1013 2 10000 10000 0 5
0.166667 0.145675 0.016539 200 186 1000 998 2 10000 10000 0 5
0.166667 0.135753 0.015379 200 172 1000 996 2 10000 10000 0 5
0.166667 0.174977 0.016385 200 201 1000 967 2 10000 10000 0 5
0.166667 0.190064 0.016767 200 194 1000 953 2 10000 10000 0 5
0.166667 0.183770 0.016604 200 216 1000 1006 2 10000 10000 0 5
0.166667 0.175758 0.016818 200 203 1000 951 2 10000 10000 0 5
0.166667 0.199743 0.016203 200 198 1000 1038 2 10000 10000 0 5
0.166667 0.178531 0.016016 200 179 1000 998 2 10000 10000 0 5
0.166667 0.161838 0.015933 200 193 1000 1018 2 10000 10000 0 5
0.166667 0.204946 0.016332 200 239 1000 1007 2 10000 10000 0 5
0.166667 0.198417 0.016614 200 216 1000 962 2 10000 10000 0 5
0.166667 0.161773 0.015728 200 218 1000 1056 2 10000 10000 0 5
0.166667 0.190461 0.016907 200 200 1000 988 2 10000 10000 0 5
0.166667 0.180311 0.016755 200 210 1000 940 2 10000 10000 0 5
0.166667 0.191531 0.016654 200 203 1000 1009 2 10000 10000 0 5
0.166667 0.180367 0.016906 200 191 1000 962 2 10000 10000 0 5
0.166667 0.195762 0.017039 200 211 1000 931 2 10000 10000 0 5
0.166667 0.220768 0.017024 200 217 1000 977 2 10000 10000 0 5
0.166667 0.193138 0.016843 200 194 1000 963 2 10000 10000 0 5
0.166667 0.183466 0.017265 200 203 1000 943 2 10000 10000 0 5
0.166667 0.156277 0.016058 200 201 1000 1004 2 10000 10000 0 5
0.166667 0.186801 0.015790 200 211 1000 1082 2 10000 10000 0 5
0.166667 0.165986 0.016197 200 192 1000 1000 2 10000 10000 0 5
0.166667 0.154181 0.015872 200 199 1000 981 2 10000 10000 0 5
0.166667 0.174856 0.015829 200 224 1000 1038 2 10000 10000 0 5
0.166667 0.179736 0.016550 200 209 1000 1020 2 10000 10000 0 5
0.166667 0.150348 0.016006 200 183 1000 1040 2 10000 10000 0 5
0.166667 0.174157 0.017088 200 188 1000 955 2 10000 10000 0 5
0.166667 0.189963 0.016445 200 195 1000 1006 2 10000 10000 0 5
0.166667 0.168348 0.015962 200 210 1000 1039 2 10000 10000 0 5
0.166667 0.179979 0.015912 200 211 1000 1039 2 10000 10000 0 5
0.166667 0.179666 0.016557 200 195 1000 987 2 10000 10000 0 5
0.166667 0.166791 0.015373 200 218 1000 1055 2 10000 10000 0 5
0.166667 0.162163 0.016189 200 194 1000 983 2 10000 10000 0 5
0.166667 0.163047 0.016358 200 203 1000 973 2 10000 10000 0 5
0.166667 0.175211 0.016427 200 199 1000 959 2 10000 10000 0 5
0.166667 0.161740 0.016139 200 201 1000 970 2 10000 10000 0 5
0.166667 0.178441 0.016106 200 204 1000 1030 2 10000 10000 0 5
0.166667 0.177520 0.016624 200 204 1000 1020 2 10000 10000 0 5
0.166667 0.189664 0.016532 200 209 1000 1023 2 10000 10000 0 5
0.166667 0.182354 0.016121 200 203 1000 1042 2 10000 10000 0 5
0.166667 0.154763 0.015733 200 190 1000 1024 2 10000 10000 0 5
0.166667 0.177119 0.016030 200 225 1000 1033 2 10000 10000 0 5
0.166667 0.191901 0.016591 200 195 1000 963 2 10000 10000 0 5
0.166667 0.148946 0.015732 200 193 1000 1039 2 10000 10000 0 5
0.166667 0.191466 0.016959 200 220 1000 986 2 10000 10000 0 5
0.166667 0.172989 0.016352 200 193 1000 1012 2 10000 10000 0 5
0.166667 0.177493 0.016351 200 197 1000 1020 2 10000 10000 0 5
0.166667 0.175851 0.016481 200 211 1000 969 2 10000 10000 0 5
0.166667 0.196566 0.017176 200 206 1000 952 2 10000 10000 0 5
0.166667 0.175664 0.016306 200 211 1000 1029 2 10000 10000 0 5
0.166667 0.183713 0.016574 200 190 1000 979 2 10000 10000 0 5
0.166667 0.171813 0.016466 200 190 1000 964 2 10000 10000 0 5
0.166667 0.163069 0.016013 200 200 1000 1040 2 10000 10000 0 5
0.166667 0.188500 0.016612 200 202 1000 1014 2 10000 10000 0 5
0.166667 0.168640 0.016491 200 177 1000 1001 2 10000 10000 0 5
0.166667 0.163819 0.016476 200 209 1000 949 2 10000 10000 0 5
0.166667 0.160250 0.015987 200 211 1000 1048 2 10000 10000 0 5
0.166667 0.179489 0.016368 200 202 1000 1057 2 10000 10000 0 5
0.166667 0.192268 0.017063 200 207 1000 997 2 10000 10000 0 5
0.166667 0.199142 0.016701 200 219 1000 999 2 10000 10000 0 5
0.166667 0.172068 0.015977 200 209 1000 1055 2 10000 10000 0 5
0.166667 0.195454 0.017179 200 198 1000 958 2 10000 10000 0 5
0.166667 0.160066 0.016913 200 170 1000 930 2 10000 10000 0 5
0.166667 0.179275 0.016590 200 176 1000 979 2 10000 10000 0 5
0.166667 0.181645 0.016663 200 212 1000 977 2 10000 10000 0 5
0.166667 0.175982 0.016777 200 206 1000 939 2 10000 10000 0 5
0.166667 0.174642 0.016172 200 202 1000 1055 2 10000 10000 0 5
0.166667 0.155421 0.016618 200 193 1000 951 2 10000 10000 0 5
0.166667 0.173404 0.016805 200 187 1000 972 2 10000 10000 0 5
0.166667 0.204398 0.016771 200 203 1000 1001 2 10000 10000 0 5
0.166667 0.155129 0.015612 200 197 1000 1036 2 10000 10000 0 5
0.166667 0.185799 0.016847 200 229 1000 1015 2 10000 10000 0 5
0.166667 0.188643 0.016654 200 206 1000 1003 2 10000 10000 0 5
0.166667 0.198719 0.016962 200 221 1000 979 2 10000 10000 0 5
0.166667 0.192979 0.016473 200 204 1000 1009 2 10000 10000 0 5
0.166667 0.163540 0.016084 200 186 1000 992 2 10000 10000 0 5
0.166667 0.198449 0.016116 200 234 1000 995 2 10000 10000 0 5
0.166667 0.148630 0.016021 200 168 1000 986 2 10000 10000 0 5
0.166667 0.151036 0.015968 200 200 1000 1003 2 10000 10000 0 5
0.166667 0.175404 0.015968 200 183 1000 1072 2 10000 10000 0 5
0.166667 0.214343 0.017369 200 226 1000 974 2 10000 10000 0 5
0.166667 0.163045 0.016597 200 203 1000 958 2 10000 10000 0 5
0.166667 0.194238 0.016778 200 217 1000 971 2 10000 10000 0 5
0.166667 0.161560 0.016472 200 209 1000 999 2 10000 10000 0 5
0.166667 0.164344 0.015786 200 211 1000 1060 2 10000 10000 0 5
0.166667 0.165528 0.015912 200 195 1000 1043 2 10000 10000 0 5
0.166667 0.197813 0.016888 200 224 1000 979 2 10000 10000 0 5
0.166667 0.156848 0.016380 200 199 1000 995 2 10000 10000 0 5
0.166667 0.177956 0.016391 200 220 1000 966 2 10000 10000 0 5
0.166667 0.174917 0.016381 200 200 1000 1007 2 10000 10000 0 5
0.166667 0.176032 0.016229 200 196 1000 1040 2 10000 10000 0 5
0.166667 0.183806 0.016780 200 190 1000 958 2 10000 10000 0 5
0.166667 0.144582 0.016019 200 193 1000 1012 2 10000 10000 0 5
0.166667 0.179940 0.016554 200 220 1000 992 2 10000 10000 0 5
0.166667 0.183488 0.016287 200 194 1000 1022 2 10000 10000 0 5
0.166667 0.173226 0.016172 200 207 1000 1020 2 10000 10000 0 5
0.166667 0.164999 0.016695 200 209 1000 990 2 10000 10000 0 5
0.166667 0.174193 0.016509 200 190 1000 1021 2 10000 10000 0 5
0.166667 0.137610 0.015850 200 175 1000 981 2 10000 10000 0 5
0.166667 0.156058 0.015909 200 198 1000 1000 2 10000 10000 0 5
0.166667 0.213039 0.017413 200 226 1000 954 2 10000 10000 0 5
0.166667 0.204223 0.016828 200 221 1000 980 2 10000 10000 0 5
0.166667 0.191766 0.016872 200 211 1000 980 2 10000 10000 0 5
0.166667 0.170127 0.016062 200 214 1000 1004 2 10000 10000 0 5
0.166667 0.157441 0.015582 200 188 1000 1012 2 10000 10000 0 5
0.166667 0.159216 0.016134 200 179 1000 1026 2 10000 10000 0 5
0.166667 0.185017 0.016634 200 183 1000 964 2 10000 10000 0 5
0.166667 0.147960 0.015631 200 194 1000 1004 2 10000 10000 0 5
0.166667 0.155810 0.016224 200 193 1000 998 2 10000 10000 0 5
0.166667 0.175672 0.016389 200 212 1000 1037 2 10000 10000 0 5
0.166667 0.188526 0.016432 200 195 1000 1016 2 10000 10000 0 5
0.166667 0.176630 0.016555 200 198 1000 994 2 10000 10000 0 5
0.166667 0.185900 0.017285 200 179 1000 952 2 10000 10000 0 5
0.166667 0.143437 0.015643 200 190 1000 1035 2 10000 10000 0 5
0.166667 0.158272 0.016485 200 186 1000 1006 2 10000 10000 0 5
0.166667 0.186600 0.016775 200 197 1000 994 2 10000 10000 0 5
0.166667 0.179497 0.016107 200 227 1000 1001 2 10000 10000 0 5
0.166667 0.170028 0.016756 200 208 1000 950 2 10000 10000 0 5
0.166667 0.175433 0.017009 200 190 1000 954 2 10000 10000 0 5
0.166667 0.140664 0.016731 200 188 1000 895 2 10000 10000 0 5
0.166667 0.175836 0.016131 200 201 1000 1007 2 10000 10000 0 5
0.166667 0.188294 0.016336 200 209 1000 1016 2 10000 10000 0 5
0.166667 0.182340 0.016427 200 209 1000 996 2 10000 10000 0 5
0.166667 0.154005 0.016465 200 198 1000 1001 2 10000 10000 0 5
0.166667 0.162948 0.016941 200 198 1000 943 2 10000 10000 0 5
0.166667 0.178806 0.016059 200 215 1000 1019 2 10000 10000 0 5
0.166667 0.151283 0.016121 200 174 1000 1027 2 10000 10000 0 5
0.166667 0.182279 0.016933 200 181 1000 982 2 10000 10000 0 5
0.166667 0.132799 0.015801 200 179 1000 1045 2 10000 10000 0 5
0.166667 0.159421 0.015790 200 192 1000 1032 2 10000 10000 0 5
0.166667 0.207439 0.016758 200 221 1000 1030 2 10000 10000 0 5
0.166667 0.183355 0.016558 200 200 1000 963 2 10000 10000 0 5
0.166667 0.140453 0.015914 200 167 1000 998 2 10000 10000 0 5
0.166667 0.175140 0.016522 200 207 1000 1002 2 10000 10000 0 5
0.166667 0.181078 0.016098 200 217 1000 1023 2 10000 10000 0 5
0.166667 0.172644 0.016734 200 192 1000 973 2 10000 10000 0 5
0.166667 0.170354 0.016761 200 196 1000 957 2 10000 10000 0 5
0.166667 0.153462 0.016030 200 195 1000 1017 2 10000 10000 0 5
0.166667 0.161975 0.016086 200 183 1000 994 2 10000 10000 0 5
0.166667 0.167375 0.015624 200 198 1000 1057 2 10000 10000 0 5
0.166667 0.192771 0.016734 200 200 1000 1004 2 10000 10000 0 5
0.166667 0.178243 0.016531 200 202 1000 1014 2 10000 10000 0 5
0.166667 0.166710 0.016281 200 208 1000 997 2 10000 10000 0 5
0.166667 0.180094 0.016341 200 207 1000 1049 2 10000 10000 0 5
0.166667 0.162865 0.015909 200 193 1000 1044 2 10000 10000 0 5
0.166667 0.181824 0.016531 200 204 1000 987 2 10000 10000 0 5
0.166667 0.179682 0.016266 200 175 1000 1007 2 10000 10000 0 5
0.166667 0.195763 0.016762 200 211 1000 990 2 10000 10000 0 5
0.166667 0.164952 0.015763 200 204 1000 1078 2 10000 10000 0 5
0.166667 0.193143 0.017110 200 204 1000 957 2 10000 10000 0 5
0.166667 0.166263 0.016760 200 175 1000 930 2 10000 10000 0 5
0.166667 0.185831 0.016321 200 188 1000 1010 2 10000 10000 0 5
0.166667 0.157963 0.016223 200 181 1000 988 2 10000 10000 0 5
0.166667 0.159873 0.016234 200 181 1000 972 2 10000 10000 0 5
0.166667 0.172518 0.017084 200 178 1000 961 2 10000 10000 0 5
0.166667 0.164988 0.016288 200 178 1000 1010 2 10000 10000 0 5
0.166667 0.144843 0.015364 200 218 1000 1050 2 10000 10000 0 5
0.166667 0.179250 0.016703 200 191 1000 983 2 10000 10000 0 5
0.166667 0.172310 0.016566 200 211 1000 968 2 10000 10000 0 5
0.166667 0.186892 0.016255 200 222 1000 1006 2 10000 10000 0 5
0.166667 0.160620 0.016183 200 177 1000 974 2 10000 10000 0 5
0.166667 0.182319 0.016599 200 172 1000 983 2 10000 10000 0 5
0.166667 0.153808 0.016368 200 197 1000 989 2 10000 10000 0 5
