0.166667 0.168238 0.038377 20 20 100 87 2 1000 1000 0 3
0.166667 0.194370 0.037330 20 27 100 102 2 1000 1000 0 3
0.166667 0.217364 0.036511 20 31 100 110 2 1000 1000 0 3
0.166667 0.181894 0.039430 20 18 100 92 2 1000 1000 0 3
0.166667 0.159663 0.037129 20 18 100 94 2 1000 1000 0 3
0.166667 0.118570 0.031443 20 14 100 109 2 1000 1000 0 3
0.166667 0.195691 0.035872 20 28 100 108 2 1000 1000 0 3
0.166667 0.137092 0.034700 20 16 100 104 2 1000 1000 0 3
0.166667 0.152602 0.034746 20 20 100 105 2 1000 1000 0 3
0.166667 0.176433 0.038230 20 19 100 94 2 1000 1000 0 3
0.166667 0.169204 0.036003 20 21 100 108 2 1000 1000 0 3
0.166667 0.155722 0.037624 20 18 100 90 2 1000 1000 0 3
0.166667 0.164363 0.033290 20 23 100 120 2 1000 1000 0 3
0.166667 0.156171 0.034732 20 22 100 111 2 1000 1000 0 3
0.166667 0.194895 0.039474 20 24 100 88 2 1000 1000 0 3
0.166667 0.116236 0.031756 20 13 100 113 2 1000 1000 0 3
0.166667 0.180479 0.034535 20 25 100 116 2 1000 1000 0 3
0.166667 0.073282 0.028896 20 8 100 94 2 1000 1000 0 3
0.166667 0.152516 0.035396 20 17 100 100 2 1000 1000 0 3
0.166667 0.193227 0.038658 20 23 100 98 2 1000 1000 0 3
0.166667 0.132017 0.032687 20 17 100 106 2 1000 1000 0 3
0.166667 0.161128 0.037963 20 15 100 91 2 1000 1000 0 3
0.166667 0.216879 0.035351 20 29 100 123 2 1000 1000 0 3
0.166667 0.154097 0.033773 20 24 100 109 2 1000 1000 0 3
0.166667 0.179312 0.035330 20 24 100 108 2 1000 1000 0 3
0.166667 0.157505 0.035222 20 18 100 106 2 1000 1000 0 3
0.166667 0.152304 0.033687 20 22 100 114 2 1000 1000 0 3
0.166667 0.145956 0.037104 20 16 100 88 2 1000 1000 0 3
0.166667 0.159279 0.037621 20 22 100 97 2 1000 1000 0 3
0.166667 0.125053 0.032868 20 16 100 102 2 1000 1000 0 3
0.166667 0.125422 0.033518 20 13 100 109 2 1000 1000 0 3
0.166667 0.216178 0.039817 20 24 100 90 2 1000 1000 0 3
0.166667 0.223667 0.037057 20 31 100 105 2 1000 1000 0 3
0.166667 0.148425 0.035050 20 18 100 102 2 1000 1000 0 3
0.166667 0.167387 0.037192 20 19 100 93 2 1000 1000 0 3
0.166667 0.175217 0.036057 20 24 100 105 2 1000 1000 0 3
0.166667 0.199673 0.038636 20 24 100 96 2 1000 1000 0 3
0.166667 0.181174 0.038072 20 20 100 98 2 1000 1000 0 3
0.166667 0.133993 0.031880 20 16 100 114 2 1000 1000 0 3
0.166667 0.151530 0.034680 20 17 100 105 2 1000 1000 0 3
0.166667 0.112348 0.034242 20 12 100 94 2 1000 1000 0 3
0.166667 0.081817 0.029692 20 11 100 96 2 1000 1000 0 3
0.166667 0.144041 0.035176 20 17 100 98 2 1000 1000 0 3
0.166667 0.173259 0.036223 20 22 100 102 2 1000 1000 0 3
0.166667 0.233002 0.038499 20 32 100 100 2 1000 1000 0 3
0.166667 0.216423 0.042352 20 24 100 82 2 1000 1000 0 3
0.166667 0.175177 0.036759 20 24 100 100 2 1000 1000 0 3
0.166667 0.244827 0.041507 20 27 100 92 2 1000 1000 0 3
0.166667 0.172937 0.039139 20 19 100 90 2 1000 1000 0 3
0.166667 0.213094 0.040164 20 25 100 92 2 1000 1000 0 3
0.166667 0.165024 0.035121 20 22 100 105 2 1000 1000 0 3
0.166667 0.125230 0.034462 20 16 100 95 2 1000 1000 0 3
0.166667 0.210187 0.038281 20 26 100 101 2 1000 1000 0 3
0.166667 0.181455 0.036276 20 22 100 109 2 1000 1000 0 3
0.166667 0.194564 0.038286 20 23 100 96 2 1000 1000 0 3
0.166667 0.158281 0.036768 20 20 100 95 2 1000 1000 0 3
0.166667 0.167675 0.038227 20 24 100 93 2 1000 1000 0 3
0.166667 0.143525 0.034511 20 17 100 104 2 1000 1000 0 3
0.166667 0.113525 0.029866 20 17 100 123 2 1000 1000 0 3
0.166667 0.218191 0.038229 20 29 100 102 2 1000 1000 0 3
0.166667 0.168101 0.034724 20 19 100 115 2 1000 1000 0 3
0.166667 0.136249 0.032340 20 19 100 110 2 1000 1000 0 3
0.166667 0.122102 0.035045 20 14 100 92 2 1000 1000 0 3
0.166667 0.164576 0.036813 20 20 100 101 2 1000 1000 0 3
0.166667 0.187236 0.038920 20 21 100 92 2 1000 1000 0 3
0.166667 0.191602 0.041010 20 19 100 89 2 1000 1000 0 3
0.166667 0.167752 0.037982 20 18 100 89 2 1000 1000 0 3
0.166667 0.203010 0.039278 20 25 100 96 2 1000 1000 0 3
0.166667 0.164061 0.036929 20 19 100 96 2 1000 1000 0 3
0.166667 0.159060 0.034218 20 22 100 117 2 1000 1000 0 3
0.166667 0.156529 0.037116 20 20 100 92 2 1000 1000 0 3
0.166667 0.220997 0.037890 20 27 100 104 2 1000 1000 0 3
0.166667 0.165807 0.036432 20 20 100 105 2 1000 1000 0 3
0.166667 0.240542 0.042420 20 27 100 82 2 1000 1000 0 3
0.166667 0.213455 0.039636 20 25 100 99 2 1000 1000 0 3
0.166667 0.147747 0.035383 20 16 100 94 2 1000 1000 0 3
0.166667 0.185013 0.040647 20 20 100 84 2 1000 1000 0 3
0.166667 0.152434 0.035657 20 16 100 99 2 1000 1000 0 3
0.166667 0.183182 0.036258 20 21 100 105 2 1000 1000 0 3
0.166667 0.177608 0.038712 20 19 100 93 2 1000 1000 0 3
0.166667 0.131220 0.034056 20 18 100 105 2 1000 1000 0 3
0.166667 0.189929 0.039191 20 21 100 91 2 1000 1000 0 3
0.166667 0.172098 0.038018 20 19 100 91 2 1000 1000 0 3
0.166667 0.203370 0.039769 20 26 100 89 2 1000 1000 0 3
0.166667 0.137455 0.035391 20 14 100 97 2 1000 1000 0 3
0.166667 0.152451 0.033311 20 21 100 112 2 1000 1000 0 3
0.166667 0.139336 0.034635 20 16 100 100 2 1000 1000 0 3
0.166667 0.199999 0.034231 20 28 100 125 2 1000 1000 0 3
0.166667 0.164274 0.037186 20 18 100 94 2 1000 1000 0 3
0.166667 0.242830 0.041822 20 27 100 88 2 1000 1000 0 3
0.166667 0.151348 0.035252 20 20 100 106 2 1000 1000 0 3
0.166667 0.153056 0.037038 20 16 100 96 2 1000 1000 0 3
0.166667 0.239326 0.042371 20 23 100 89 2 1000 1000 0 3
0.166667 0.212388 0.039125 20 24 100 97 2 1000 1000 0 3
0.166667 0.171812 0.039327 20 18 100 90 2 1000 1000 0 3
0.166667 0.180052 0.035983 20 25 100 109 2 1000 1000 0 3
0.166667 0.175862 0.034987 20 23 100 112 2 1000 1000 0 3
0.166667 0.155570 0.038735 20 16 100 85 2 1000 1000 0 3
0.166667 0.206053 0.038084 20 28 100 99 2 1000 1000 0 3
0.166667 0.250782 0.039514 20 35 100 96 2 1000 1000 0 3
0.166667 0.090907 0.029498 20 13 100 112 2 1000 1000 0 3
0.166667 0.209789 0.040125 20 24 100 90 2 1000 1000 0 3
0.166667 0.278441 0.045743 20 30 100 83 2 1000 1000 0 3
0.166667 0.121353 0.036438 20 14 100 87 2 1000 1000 0 3
0.166667 0.191848 0.035727 20 29 100 114 2 1000 1000 0 3
0.166667 0.217192 0.038757 20 25 100 97 2 1000 1000 0 3
0.166667 0.155153 0.034582 20 19 100 105 2 1000 1000 0 3
0.166667 0.208741 0.038188 20 24 100 98 2 1000 1000 0 3
0.166667 0.127685 0.034539 20 17 100 99 2 1000 1000 0 3
0.166667 0.216812 0.041123 20 26 100 88 2 1000 1000 0 3
0.166667 0.141617 0.034916 20 17 100 97 2 1000 1000 0 3
0.166667 0.150736 0.035419 20 18 100 93 2 1000 1000 0 3
0.166667 0.131756 0.034431 20 16 100 98 2 1000 1000 0 3
0.166667 0.203318 0.039190 20 23 100 97 2 1000 1000 0 3
0.166667 0.188364 0.037187 20 23 100 97 2 1000 1000 0 3
0.166667 0.153559 0.039905 20 14 100 83 2 1000 1000 0 3
0.166667 0.220556 0.038747 20 29 100 95 2 1000 1000 0 3
0.166667 0.161702 0.037412 20 16 100 89 2 1000 1000 0 3
0.166667 0.165000 0.036098 20 21 100 99 2 1000 1000 0 3
0.166667 0.143499 0.033130 20 16 100 111 2 1000 1000 0 3
0.166667 0.147637 0.033082 20 17 100 109 2 1000 1000 0 3
0.166667 0.149178 0.035876 20 19 100 99 2 1000 1000 0 3
0.166667 0.157865 0.036523 20 18 100 101 2 1000 1000 0 3
0.166667 0.133185 0.033251 20 18 100 103 2 1000 1000 0 3
0.166667 0.239424 0.041414 20 27 100 91 2 1000 1000 0 3
0.166667 0.147135 0.034231 20 19 100 105 2 1000 1000 0 3
0.166667 0.106225 0.030185 20 14 100 117 2 1000 1000 0 3
0.166667 0.189400 0.037461 20 24 100 97 2 1000 1000 0 3
0.166667 0.150954 0.036675 20 16 100 92 2 1000 1000 0 3
0.166667 0.156374 0.034824 20 18 100 106 2 1000 1000 0 3
0.166667 0.149613 0.037121 20 17 100 94 2 1000 1000 0 3
0.166667 0.166114 0.036134 20 21 100 98 2 1000 1000 0 3
0.166667 0.127995 0.032385 20 16 100 113 2 1000 1000 0 3
0.166667 0.117472 0.033368 20 11 100 96 2 1000 1000 0 3
0.166667 0.130533 0.032437 20 17 100 108 2 1000 1000 0 3
0.166667 0.180690 0.038548 20 20 100 90 2 1000 1000 0 3
0.166667 0.232284 0.046155 20 22 100 72 2 1000 1000 0 3
0.166667 0.164668 0.038915 20 17 100 96 2 1000 1000 0 3
0.166667 0.203197 0.036222 20 26 100 116 2 1000 1000 0 3
0.166667 0.094578 0.028247 20 15 100 117 2 1000 1000 0 3
0.166667 0.210510 0.039804 20 25 100 90 2 1000 1000 0 3
0.166667 0.127477 0.030474 20 16 100 125 2 1000 1000 0 3
0.166667 0.169265 0.036462 20 21 100 94 2 1000 1000 0 3
0.166667 0.124549 0.034683 20 15 100 95 2 1000 1000 0 3
0.166667 0.115712 0.033269 20 13 100 98 2 1000 1000 0 3
0.166667 0.165647 0.035024 20 23 100 110 2 1000 1000 0 3
0.166667 0.128716 0.033149 20 16 100 108 2 1000 1000 0 3
0.166667 0.137390 0.033511 20 17 100 103 2 1000 1000 0 3
0.166667 0.153618 0.035621 20 20 100 103 2 1000 1000 0 3
0.166667 0.207759 0.038494 20 23 100 102 2 1000 1000 0 3
0.166667 0.252822 0.037714 20 36 100 110 2 1000 1000 0 3
0.166667 0.206578 0.038698 20 24 100 100 2 1000 1000 0 3
0.166667 0.165281 0.036206 20 21 100 105 2 1000 1000 0 3
0.166667 0.108875 0.028805 20 16 100 121 2 1000 1000 0 3
0.166667 0.175492 0.038139 20 18 100 98 2 1000 1000 0 3
0.166667 0.153357 0.033832 20 21 100 117 2 1000 1000 0 3
0.166667 0.197613 0.036241 20 27 100 110 2 1000 1000 0 3
0.166667 0.157851 0.034593 20 22 100 109 2 1000 1000 0 3
0.166667 0.156888 0.035601 20 19 100 100 2 1000 1000 0 3
0.166667 0.142265 0.036639 20 18 100 94 2 1000 1000 0 3
0.166667 0.195127 0.037947 20 24 100 96 2 1000 1000 0 3
0.166667 0.135004 0.034836 20 17 100 101 2 1000 1000 0 3
0.166667 0.210994 0.041099 20 25 100 90 2 1000 1000 0 3
0.166667 0.246985 0.039604 20 28 100 102 2 1000 1000 0 3
0.166667 0.189637 0.039118 20 22 100 92 2 1000 1000 0 3
0.166667 0.123273 0.031583 20 16 100 111 2 1000 1000 0 3
0.166667 0.150156 0.034622 20 20 100 107 2 1000 1000 0 3
0.166667 0.174795 0.036865 20 20 100 101 2 1000 1000 0 3
0.166667 0.144721 0.035975 20 17 100 94 2 1000 1000 0 3
0.166667 0.217235 0.037451 20 31 100 104 2 1000 1000 0 3
0.166667 0.119935 0.031813 20 17 100 111 2 1000 1000 0 3
0.166667 0.159425 0.037172 20 17 100 96 2 1000 1000 0 3
0.166667 0.173336 0.036621 20 19 100 102 2 1000 1000 0 3
0.166667 0.209100 0.040906 20 21 100 93 2 1000 1000 0 3
0.166667 0.212057 0.041698 20 22 100 90 2 1000 1000 0 3
0.166667 0.186403 0.038770 20 21 100 96 2 1000 1000 0 3
0.166667 0.170974 0.036195 20 22 100 99 2 1000 1000 0 3
0.166667 0.155160 0.034796 20 20 100 107 2 1000 1000 0 3
0.166667 0.089591 0.027409 20 13 100 121 2 1000 1000 0 3
0.166667 0.127205 0.032643 20 15 100 104 2 1000 1000 0 3
0.166667 0.216607 0.041444 20 23 100 85 2 1000 1000 0 3
0.166667 0.165681 0.037075 20 18 100 100 2 1000 1000 0 3
0.166667 0.143097 0.033133 20 19 100 115 2 1000 1000 0 3
0.166667 0.137091 0.032594 20 18 100 115 2 1000 1000 0 3
0.166667 0.160595 0.032826 20 22 100 119 2 1000 1000 0 3
0.166667 0.202584 0.036561 20 26 100 109 2 1000 1000 0 3
0.166667 0.182788 0.035461 20 24 100 107 2 1000 1000 0 3
0.166667 0.153913 0.036332 20 17 100 98 2 1000 1000 0 3
0.166667 0.113025 0.030786 20 15 100 107 2 1000 1000 0 3
0.166667 0.199128 0.039690 20 20 100 93 2 1000 1000 0 3
0.166667 0.175712 0.038283 20 19 100 90 2 1000 1000 0 3
0.166667 0.151011 0.034897 20 17 100 108 2 1000 1000 0 3
0.166667 0.153132 0.032473 20 22 100 114 2 1000 1000 0 3
0.166667 0.253005 0.041692 20 30 100 89 2 1000 1000 0 3
0.166667 0.194237 0.041323 20 19 100 85 2 1000 1000 0 3
0.166667 0.189947 0.038631 20 21 100 91 2 1000 1000 0 3
0.166667 0.203252 0.041197 20 22 100 87 2 1000 1000 0 3
0.166667 0.173605 0.035845 20 20 100 107 2 1000 1000 0 3
0.166667 0.108996 0.033558 20 14 100 95 2 1000 1000 0 3
0.166667 0.193888 0.039498 20 22 100 93 2 1000 1000 0 3
0.166667 0.182766 0.037554 20 21 100 92 2 1000 1000 0 3
0.166667 0.172769 0.038121 20 19 100 96 2 1000 1000 0 3
0.166667 0.169721 0.033963 20 24 100 117 2 1000 1000 0 3
0.166667 0.161986 0.035401 20 23 100 105 2 1000 1000 0 3
0.166667 0.142363 0.033535 20 14 100 109 2 1000 1000 0 3
0.166667 0.144028 0.033146 20 19 100 112 2 1000 1000 0 3
0.166667 0.171649 0.036841 20 20 100 104 2 1000 1000 0 3
0.166667 0.220653 0.039866 20 27 100 93 2 1000 1000 0 3
0.166667 0.177023 0.036187 20 21 100 108 2 1000 1000 0 3
0.166667 0.116023 0.033949 20 13 100 96 2 1000 1000 0 3
0.166667 0.136228 0.031774 20 20 100 117 2 1000 1000 0 3
0.166667 0.158711 0.036166 20 17 100 103 2 1000 1000 0 3
0.166667 0.164452 0.037790 20 19 100 87 2 1000 1000 0 3
0.166667 0.149613 0.035921 20 17 100 93 2 1000 1000 0 3
0.166667 0.185659 0.038894 20 23 100 93 2 1000 1000 0 3
0.166667 0.189777 0.039393 20 19 100 93 2 1000 1000 0 3
0.166667 0.183601 0.042014 20 17 100 76 2 1000 1000 0 3
0.166667 0.136508 0.032372 20 17 100 108 2 1000 1000 0 3
0.166667 0.183597 0.037823 20 21 100 100 2 1000 1000 0 3
0.166667 0.153158 0.036443 20 17 100 88 2 1000 1000 0 3
0.166667 0.141533 0.033382 20 19 100 112 2 1000 1000 0 3
0.166667 0.149801 0.032692 20 19 100 118 2 1000 1000 0 3
0.166667 0.154342 0.034976 20 21 100 102 2 1000 1000 0 3
0.166667 0.139227 0.030767 20 20 100 121 2 1000 1000 0 3
0.166667 0.165909 0.035366 20 24 100 102 2 1000 1000 0 3
0.166667 0.141392 0.035612 20 18 100 94 2 1000 1000 0 3
0.166667 0.234502 0.040581 20 28 100 91 2 1000 1000 0 3
0.166667 0.236435 0.040143 20 29 100 93 2 1000 1000 0 3
0.166667 0.177978 0.035975 20 24 100 103 2 1000 1000 0 3
0.166667 0.194711 0.035356 20 27 100 112 2 1000 1000 0 3
0.166667 0.131237 0.032388 20 15 100 109 2 1000 1000 0 3
0.166667 0.161881 0.036626 20 18 100 99 2 1000 1000 0 3
0.166667 0.155652 0.035239 20 21 100 103 2 1000 1000 0 3
0.166667 0.147904 0.037740 20 14 100 84 2 1000 1000 0 3
0.166667 0.154079 0.033673 20 19 100 109 2 1000 1000 0 3
0.166667 0.127690 0.033659 20 15 100 99 2 1000 1000 0 3
0.166667 0.191482 0.035712 20 28 100 107 2 1000 1000 0 3
0.166667 0.198020 0.038446 20 23 100 94 2 1000 1000 0 3
0.166667 0.132263 0.033191 20 16 100 109 2 1000 1000 0 3
0.166667 0.124336 0.030197 20 15 100 125 2 1000 1000 0 3
0.166667 0.166845 0.034966 20 23 100 107 2 1000 1000 0 3
0.166667 0.097084 0.032780 20 9 100 91 2 1000 1000 0 3
0.166667 0.173975 0.038678 20 18 100 91 2 1000 1000 0 3
0.166667 0.210739 0.040267 20 25 100 88 2 1000 1000 0 3
0.166667 0.240517 0.043559 20 26 100 83 2 1000 1000 0 3
0.166667 0.203457 0.040774 20 21 100 89 2 1000 1000 0 3
0.166667 0.141940 0.037216 20 15 100 93 2 1000 1000 0 3
0.166667 0.187780 0.037464 20 21 100 101 2 1000 1000 0 3
0.166667 0.199342 0.039174 20 22 100 94 2 1000 1000 0 3
0.166667 0.139941 0.034175 20 18 100 102 2 1000 1000 0 3
0.166667 0.199715 0.039975 20 24 100 89 2 1000 1000 0 3
0.166667 0.159289 0.035404 20 17 100 99 2 1000 1000 0 3
0.166667 0.130525 0.032356 20 18 100 107 2 1000 1000 0 3
0.166667 0.155835 0.033787 20 22 100 112 2 1000 1000 0 3
0.166667 0.109131 0.027498 20 18 100 134 2 1000 1000 0 3
0.166667 0.156309 0.033888 20 24 100 114 2 1000 1000 0 3
0.166667 0.136705 0.034305 20 17 100 101 2 1000 1000 0 3
0.166667 0.147820 0.036352 20 16 100 92 2 1000 1000 0 3
0.166667 0.105265 0.031235 20 14 100 107 2 1000 1000 0 3
0.166667 0.233698 0.039413 20 26 100 104 2 1000 1000 0 3
0.166667 0.147856 0.033907 20 19 100 107 2 1000 1000 0 3
0.166667 0.160469 0.037059 20 19 100 93 2 1000 1000 0 3
0.166667 0.140683 0.034566 20 17 100 103 2 1000 1000 0 3
0.166667 0.165216 0.034609 20 23 100 111 2 1000 1000 0 3
0.166667 0.244229 0.042366 20 29 100 83 2 1000 1000 0 3
0.166667 0.185906 0.038485 20 22 100 97 2 1000 1000 0 3
0.166667 0.185219 0.039298 20 19 100 87 2 1000 1000 0 3
0.166667 0.180134 0.038188 20 22 100 95 2 1000 1000 0 3
0.166667 0.204567 0.039226 20 23 100 95 2 1000 1000 0 3
0.166667 0.165546 0.033933 20 20 100 118 2 1000 1000 0 3
0.166667 0.132011 0.032853 20 17 100 102 2 1000 1000 0 3
0.166667 0.173585 0.036625 20 22 100 99 2 1000 1000 0 3
0.166667 0.178497 0.039390 20 19 100 89 2 1000 1000 0 3
0.166667 0.215425 0.041324 20 24 100 90 2 1000 1000 0 3
0.166667 0.113031 0.031079 20 14 100 107 2 1000 1000 0 3
0.166667 0.122383 0.031936 20 14 100 107 2 1000 1000 0 3
0.166667 0.173239 0.034732 20 23 100 113 2 1000 1000 0 3
0.166667 0.157045 0.035461 20 20 100 95 2 1000 1000 0 3
0.166667 0.171234 0.035248 20 24 100 112 2 1000 1000 0 3
0.166667 0.169911 0.037979 20 19 100 91 2 1000 1000 0 3
0.166667 0.103292 0.030257 20 15 100 109 2 1000 1000 0 3
0.166667 0.198812 0.039256 20 21 100 97 2 1000 1000 0 3
0.166667 0.105611 0.030385 20 15 100 111 2 1000 1000 0 3
0.166667 0.179460 0.042000 20 18 100 81 2 1000 1000 0 3
0.166667 0.127020 0.035967 20 12 100 86 2 1000 1000 0 3
0.166667 0.123007 0.031941 20 16 100 106 2 1000 1000 0 3
0.166667 0.157329 0.037482 20 17 100 89 2 1000 1000 0 3
0.166667 0.229453 0.040350 20 25 100 95 2 1000 1000 0 3
0.166667 0.141073 0.032358 20 20 100 112 2 1000 1000 0 3
0.166667 0.157910 0.034717 20 21 100 98 2 1000 1000 0 3
0.166667 0.198467 0.037210 20 22 100 109 2 1000 1000 0 3
0.166667 0.161488 0.032744 20 19 100 125 2 1000 1000 0 3
0.166667 0.141402 0.035571 20 19 100 92 2 1000 1000 0 3
0.166667 0.164397 0.033575 20 24 100 115 2 1000 1000 0 3
0.166667 0.163272 0.038207 20 19 100 92 2 1000 1000 0 3
0.166667 0.142253 0.034785 20 15 100 100 2 1000 1000 0 3
0.166667 0.179865 0.036150 20 23 100 107 2 1000 1000 0 3
0.166667 0.114718 0.031709 20 14 100 105 2 1000 1000 0 3
0.166667 0.168481 0.037484 20 24 100 99 2 1000 1000 0 3
0.166667 0.201326 0.037961 20 24 100 99 2 1000 1000 0 3
0.166667 0.108180 0.030248 20 16 100 109 2 1000 1000 0 3
0.166667 0.146725 0.032576 20 21 100 121 2 1000 1000 0 3
0.166667 0.165987 0.036464 20 19 100 99 2 1000 1000 0 3
0.166667 0.127408 0.033330 20 15 100 108 2 1000 1000 0 3
0.166667 0.182315 0.035965 20 24 100 107 2 1000 1000 0 3
0.166667 0.175021 0.037288 20 22 100 100 2 1000 1000 0 3
0.166667 0.132983 0.034623 20 13 100 103 2 1000 1000 0 3
0.166667 0.178102 0.036053 20 21 100 106 2 1000 1000 0 3
0.166667 0.173416 0.036280 20 20 100 106 2 1000 1000 0 3
0.166667 0.141363 0.032621 20 17 100 113 2 1000 1000 0 3
0.166667 0.156143 0.035202 20 15 100 106 2 1000 1000 0 3
0.166667 0.232337 0.040368 20 26 100 99 2 1000 1000 0 3
0.166667 0.182621 0.038728 20 22 100 93 2 1000 1000 0 3
0.166667 0.125509 0.034909 20 13 100 97 2 1000 1000 0 3
0.166667 0.174090 0.033825 20 24 100 119 2 1000 1000 0 3
0.166667 0.157927 0.035668 20 21 100 103 2 1000 1000 0 3
0.166667 0.169728 0.037877 20 19 100 93 2 1000 1000 0 3
0.166667 0.179906 0.041373 20 20 100 85 2 1000 1000 0 3
0.166667 0.128188 0.037354 20 13 100 82 2 1000 1000 0 3
0.166667 0.176260 0.036617 20 23 100 107 2 1000 1000 0 3
0.166667 0.183507 0.037265 20 21 100 98 2 1000 1000 0 3
0.166667 0.203968 0.039487 20 23 100 91 2 1000 1000 0 3
0.166667 0.126766 0.036200 20 14 100 83 2 1000 1000 0 3
0.166667 0.186944 0.038114 20 24 100 99 2 1000 1000 0 3
0.166667 0.169509 0.035381 20 21 100 108 2 1000 1000 0 3
0.166667 0.191991 0.037759 20 24 100 95 2 1000 1000 0 3
0.166667 0.158271 0.034733 20 22 100 109 2 1000 1000 0 3
0.166667 0.193755 0.041555 20 21 100 83 2 1000 1000 0 3
0.166667 0.239679 0.042155 20 25 100 86 2 1000 1000 0 3
0.166667 0.131938 0.031055 20 14 100 126 2 1000 1000 0 3
0.166667 0.199328 0.041852 20 21 100 82 2 1000 1000 0 3
0.166667 0.131106 0.032821 20 17 100 107 2 1000 1000 0 3
0.166667 0.131245 0.031946 20 19 100 105 2 1000 1000 0 3
0.166667 0.160633 0.034240 20 21 100 108 2 1000 1000 0 3
0.166667 0.228774 0.047202 20 20 100 67 2 1000 1000 0 3
0.166667 0.170174 0.036017 20 20 100 102 2 1000 1000 0 3
0.166667 0.158249 0.034487 20 22 100 111 2 1000 1000 0 3
0.166667 0.183615 0.036670 20 26 100 102 2 1000 1000 0 3
0.166667 0.142452 0.034679 20 16 100 101 2 1000 1000 0 3
0.166667 0.182147 0.035862 20 21 100 106 2 1000 1000 0 3
0.166667 0.163955 0.039352 20 21 100 85 2 1000 1000 0 3
0.166667 0.223873 0.040869 20 24 100 91 2 1000 1000 0 3
0.166667 0.242665 0.042721 20 26 100 85 2 1000 1000 0 3
0.166667 0.168691 0.035894 20 22 100 101 2 1000 1000 0 3
0.166667 0.162212 0.039066 20 15 100 87 2 1000 1000 0 3
0.166667 0.177846 0.038345 20 20 100 93 2 1000 1000 0 3
0.166667 0.173817 0.036700 20 22 100 102 2 1000 1000 0 3
0.166667 0.209288 0.042633 20 22 100 82 2 1000 1000 0 3
0.166667 0.153958 0.033259 20 18 100 118 2 1000 1000 0 3
0.166667 0.140543 0.032276 20 20 100 116 2 1000 1000 0 3
0.166667 0.131012 0.032050 20 18 100 110 2 1000 1000 0 3
0.166667 0.119366 0.035208 20 15 100 88 2 1000 1000 0 3
0.166667 0.133346 0.036260 20 14 100 89 2 1000 1000 0 3
0.166667 0.175853 0.035645 20 23 100 107 2 1000 1000 0 3
0.166667 0.194928 0.034978 20 28 100 115 2 1000 1000 0 3
0.166667 0.182777 0.037855 20 20 100 94 2 1000 1000 0 3
0.166667 0.182955 0.040182 20 18 100 86 2 1000 1000 0 3
0.166667 0.170000 0.037007 20 17 100 101 2 1000 1000 0 3
0.166667 0.229633 0.043250 20 22 100 82 2 1000 1000 0 3
0.166667 0.160977 0.037902 20 14 100 89 2 1000 1000 0 3
0.166667 0.161006 0.035439 20 19 100 99 2 1000 1000 0 3
0.166667 0.143567 0.033977 20 18 100 110 2 1000 1000 0 3
0.166667 0.079192 0.027221 20 11 100 106 2 1000 1000 0 3
0.166667 0.247831 0.041743 20 30 100 87 2 1000 1000 0 3
0.166667 0.185411 0.040252 20 21 100 88 2 1000 1000 0 3
0.166667 0.100865 0.035507 20 9 100 87 2 1000 1000 0 3
0.166667 0.138957 0.031744 20 20 100 112 2 1000 1000 0 3
0.166667 0.188759 0.037873 20 23 100 94 2 1000 1000 0 3
0.166667 0.220911 0.039750 20 27 100 93 2 1000 1000 0 3
0.166667 0.122789 0.029746 20 16 100 120 2 1000 1000 0 3
0.166667 0.179963 0.035486 20 22 100 110 2 1000 1000 0 3
0.166667 0.204380 0.035968 20 31 100 110 2 1000 1000 0 3
0.166667 0.160434 0.037981 20 18 100 90 2 1000 1000 0 3
0.166667 0.166760 0.036557 20 20 100 102 2 1000 1000 0 3
0.166667 0.194856 0.037221 20 23 100 106 2 1000 1000 0 3
0.166667 0.173705 0.034962 20 24 100 117 2 1000 1000 0 3
0.166667 0.184055 0.037399 20 22 100 99 2 1000 1000 0 3
0.166667 0.173316 0.035990 20 22 100 100 2 1000 1000 0 3
0.166667 0.131821 0.031029 20 19 100 121 2 1000 1000 0 3
0.166667 0.242640 0.041198 20 28 100 100 2 1000 1000 0 3
0.166667 0.218891 0.039317 20 25 100 98 2 1000 1000 0 3
0.166667 0.218518 0.040577 20 21 100 96 2 1000 1000 0 3
0.166667 0.178980 0.036833 20 22 100 99 2 1000 1000 0 3
0.166667 0.190200 0.038296 20 23 100 95 2 1000 1000 0 3
0.166667 0.193585 0.037762 20 23 100 101 2 1000 1000 0 3
0.166667 0.158619 0.033654 20 23 100 111 2 1000 1000 0 3
0.166667 0.154419 0.035105 20 19 100 99 2 1000 1000 0 3
0.166667 0.126145 0.035213 20 14 100 94 2 1000 1000 0 3
0.166667 0.143873 0.037240 20 17 100 92 2 1000 1000 0 3
0.166667 0.214867 0.037483 20 27 100 109 2 1000 1000 0 3
0.166667 0.142930 0.030126 20 23 100 128 2 1000 1000 0 3
0.166667 0.130164 0.032465 20 12 100 109 2 1000 1000 0 3
0.166667 0.137023 0.034897 20 15 100 101 2 1000 1000 0 3
0.166667 0.119821 0.030997 20 16 100 120 2 1000 1000 0 3
0.166667 0.162257 0.035004 20 22 100 104 2 1000 1000 0 3
0.166667 0.214037 0.038762 20 26 100 98 2 1000 1000 0 3
0.166667 0.177675 0.038619 20 20 100 92 2 1000 1000 0 3
0.166667 0.181462 0.039594 20 21 100 95 2 1000 1000 0 3
0.166667 0.112190 0.029785 20 17 100 115 2 1000 1000 0 3
0.166667 0.125488 0.032056 20 17 100 106 2 1000 1000 0 3
0.166667 0.128795 0.033670 20 16 100 101 2 1000 1000 0 3
0.166667 0.192881 0.038174 20 23 100 100 2 1000 1000 0 3
0.166667 0.189746 0.036862 20 22 100 105 2 1000 1000 0 3
0.166667 0.154318 0.033917 20 21 100 107 2 1000 1000 0 3
0.166667 0.131394 0.032005 20 15 100 113 2 1000 1000 0 3
0.166667 0.164550 0.035950 20 20 100 100 2 1000 1000 0 3
0.166667 0.158497 0.036524 20 17 100 95 2 1000 1000 0 3
0.166667 0.201767 0.036965 20 30 100 103 2 1000 1000 0 3
0.166667 0.211813 0.036912 20 26 100 110 2 1000 1000 0 3
0.166667 0.198520 0.037038 20 27 100 104 2 1000 1000 0 3
0.166667 0.176956 0.035419 20 20 100 108 2 1000 1000 0 3
0.166667 0.152988 0.034187 20 19 100 113 2 1000 1000 0 3
0.166667 0.170766 0.036583 20 22 100 102 2 1000 1000 0 3
0.166667 0.145387 0.036285 20 16 100 93 2 1000 1000 0 3
0.166667 0.248235 0.045915 20 26 100 73 2 1000 1000 0 3
0.166667 0.174955 0.035677 20 23 100 106 2 1000 1000 0 3
0.166667 0.116113 0.032043 20 14 100 104 2 1000 1000 0 3
0.166667 0.188736 0.037937 20 22 100 97 2 1000 1000 0 3
0.166667 0.194630 0.039662 20 23 100 92 2 1000 1000 0 3
0.166667 0.204411 0.038873 20 24 100 95 2 1000 1000 0 3
0.166667 0.135107 0.035701 20 18 100 92 2 1000 1000 0 3
0.166667 0.217759 0.037662 20 28 100 106 2 1000 1000 0 3
0.166667 0.199360 0.037907 20 28 100 99 2 1000 1000 0 3
0.166667 0.175418 0.038304 20 19 100 96 2 1000 1000 0 3
0.166667 0.110472 0.030881 20 14 100 103 2 1000 1000 0 3
0.166667 0.246056 0.042375 20 24 100 89 2 1000 1000 0 3
0.166667 0.183793 0.037593 20 24 100 98 2 1000 1000 0 3
0.166667 0.207677 0.040335 20 25 100 89 2 1000 1000 0 3
0.166667 0.132197 0.031069 20 17 100 123 2 1000 1000 0 3
0.166667 0.213902 0.042302 20 21 100 85 2 1000 1000 0 3
0.166667 0.202449 0.037613 20 25 100 97 2 1000 1000 0 3
0.166667 0.154581 0.036415 20 17 100 98 2 1000 1000 0 3
0.166667 0.189896 0.038132 20 26 100 100 2 1000 1000 0 3
0.166667 0.156215 0.035949 20 17 100 100 2 1000 1000 0 3
0.166667 0.162898 0.037542 20 19 100 92 2 1000 1000 0 3
0.166667 0.244528 0.041712 20 27 100 88 2 1000 1000 0 3
0.166667 0.120274 0.031598 20 17 100 113 2 1000 1000 0 3
0.166667 0.139463 0.036016 20 17 100 92 2 1000 1000 0 3
0.166667 0.164046 0.034281 20 23 100 111 2 1000 1000 0 3
0.166667 0.173213 0.035241 20 23 100 105 2 1000 1000 0 3
0.166667 0.141964 0.034524 20 16 100 103 2 1000 1000 0 3
0.166667 0.189315 0.040321 20 14 100 95 2 1000 1000 0 3
0.166667 0.229014 0.039583 20 25 100 101 2 1000 1000 0 3
0.166667 0.162004 0.038702 20 19 100 90 2 1000 1000 0 3
0.166667 0.187468 0.041553 20 20 100 86 2 1000 1000 0 3
0.166667 0.157156 0.035548 20 18 100 102 2 1000 1000 0 3
0.166667 0.190170 0.039201 20 21 100 89 2 1000 1000 0 3
0.166667 0.121311 0.033699 20 15 100 102 2 1000 1000 0 3
0.166667 0.219207 0.041588 20 23 100 86 2 1000 1000 0 3
0.166667 0.126377 0.035706 20 13 100 96 2 1000 1000 0 3
0.166667 0.149071 0.036374 20 16 100 96 2 1000 1000 0 3
0.166667 0.130680 0.033067 20 18 100 103 2 1000 1000 0 3
0.166667 0.136245 0.034053 20 16 100 101 2 1000 1000 0 3
0.166667 0.142367 0.034858 20 17 100 105 2 1000 1000 0 3
0.166667 0.153867 0.034051 20 22 100 110 2 1000 1000 0 3
0.166667 0.153027 0.035186 20 19 100 104 2 1000 1000 0 3
0.166667 0.164731 0.035274 20 21 100 107 2 1000 1000 0 3
0.166667 0.200459 0.039844 20 22 100 94 2 1000 1000 0 3
0.166667 0.133183 0.035113 20 15 100 93 2 1000 1000 0 3
0.166667 0.214281 0.037703 20 28 100 101 2 1000 1000 0 3
0.166667 0.110055 0.029894 20 13 100 111 2 1000 1000 0 3
0.166667 0.156174 0.035917 20 19 100 103 2 1000 1000 0 3
0.166667 0.115222 0.029582 20 15 100 122 2 1000 1000 0 3
0.166667 0.143580 0.035018 20 17 100 96 2 1000 1000 0 3
0.166667 0.160318 0.031980 20 23 100 129 2 1000 1000 0 3
0.166667 0.183194 0.037861 20 19 100 101 2 1000 1000 0 3
0.166667 0.135751 0.033165 20 18 100 107 2 1000 1000 0 3
0.166667 0.117155 0.030458 20 17 100 114 2 1000 1000 0 3
0.166667 0.139657 0.034899 20 17 100 94 2 1000 1000 0 3
0.166667 0.195550 0.040929 20 18 100 87 2 1000 1000 0 3
0.166667 0.226294 0.042602 20 24 100 81 2 1000 1000 0 3
0.166667 0.137487 0.032845 20 20 100 107 2 1000 1000 0 3
0.166667 0.167928 0.036236 20 19 100 105 2 1000 1000 0 3
0.166667 0.148673 0.033683 20 20 100 108 2 1000 1000 0 3
0.166667 0.106966 0.031799 20 13 100 103 2 1000 1000 0 3
0.166667 0.205898 0.038669 20 25 100 101 2 1000 1000 0 3
0.166667 0.197313 0.039250 20 22 100 92 2 1000 1000 0 3
0.166667 0.176305 0.036747 20 24 100 98 2 1000 1000 0 3
0.166667 0.166611 0.037529 20 21 100 91 2 1000 1000 0 3
0.166667 0.164703 0.038227 20 16 100 87 2 1000 1000 0 3
0.166667 0.092270 0.027242 20 15 100 124 2 1000 1000 0 3
0.166667 0.145793 0.033084 20 20 100 113 2 1000 1000 0 3
0.166667 0.161388 0.035922 20 19 100 99 2 1000 1000 0 3
0.166667 0.187643 0.041949 20 18 100 77 2 1000 1000 0 3
0.166667 0.112685 0.030141 20 16 100 116 2 1000 1000 0 3
0.166667 0.194823 0.038128 20 23 100 97 2 1000 1000 0 3
0.166667 0.202292 0.039991 20 24 100 89 2 1000 1000 0 3
0.166667 0.133414 0.031754 20 17 100 111 2 1000 1000 0 3
0.166667 0.145300 0.036427 20 16 100 90 2 1000 1000 0 3
0.166667 0.136804 0.032468 20 21 100 113 2 1000 1000 0 3
0.166667 0.142798 0.035144 20 16 100 108 2 1000 1000 0 3
0.166667 0.184011 0.035801 20 25 100 108 2 1000 1000 0 3
0.166667 0.101861 0.030257 20 14 100 114 2 1000 1000 0 3
0.166667 0.107710 0.030204 20 16 100 114 2 1000 1000 0 3
0.166667 0.139891 0.033291 20 17 100 109 2 1000 1000 0 3
0.166667 0.146440 0.032075 20 22 100 117 2 1000 1000 0 3
0.166667 0.155235 0.039199 20 16 100 81 2 1000 1000 0 3
0.166667 0.233150 0.038875 20 30 100 102 2 1000 1000 0 3
0.166667 0.224700 0.039697 20 26 100 96 2 1000 1000 0 3
0.166667 0.221023 0.038789 20 25 100 100 2 1000 1000 0 3
0.166667 0.193720 0.038499 20 22 100 95 2 1000 1000 0 3
0.166667 0.166591 0.034216 20 26 100 114 2 1000 1000 0 3
0.166667 0.207917 0.037564 20 26 100 105 2 1000 1000 0 3
0.166667 0.171754 0.035402 20 21 100 107 2 1000 1000 0 3
0.166667 0.196072 0.038653 20 23 100 98 2 1000 1000 0 3
0.166667 0.136601 0.036675 20 16 100 92 2 1000 1000 0 3
0.166667 0.189717 0.037636 20 25 100 101 2 1000 1000 0 3
0.166667 0.156992 0.035958 20 21 100 99 2 1000 1000 0 3
0.166667 0.161204 0.033856 20 23 100 109 2 1000 1000 0 3
0.166667 0.122807 0.030779 20 17 100 116 2 1000 1000 0 3
0.166667 0.121198 0.031730 20 16 100 106 2 1000 1000 0 3
0.166667 0.194591 0.038076 20 23 100 96 2 1000 1000 0 3
0.166667 0.134080 0.032547 20 15 100 108 2 1000 1000 0 3
0.166667 0.124298 0.032484 20 17 100 102 2 1000 1000 0 3
0.166667 0.185495 0.038805 20 22 100 92 2 1000 1000 0 3
0.166667 0.140477 0.037331 20 17 100 87 2 1000 1000 0 3
0.166667 0.187047 0.039293 20 21 100 92 2 1000 1000 0 3
0.166667 0.140036 0.033117 20 18 100 114 2 1000 1000 0 3
0.166667 0.229147 0.041484 20 25 100 89 2 1000 1000 0 3
0.166667 0.139468 0.033937 20 19 100 108 2 1000 1000 0 3
0.166667 0.175224 0.038182 20 19 100 95 2 1000 1000 0 3
0.166667 0.166626 0.036580 20 20 100 97 2 1000 1000 0 3
0.166667 0.120163 0.034166 20 13 100 87 2 1000 1000 0 3
0.166667 0.196643 0.040933 20 23 100 87 2 1000 1000 0 3
0.166667 0.181134 0.036571 20 22 100 100 2 1000 1000 0 3
0.166667 0.109524 0.031628 20 17 100 107 2 1000 1000 0 3
0.166667 0.157810 0.038186 20 19 100 87 2 1000 1000 0 3
0.166667 0.147231 0.037112 20 18 100 90 2 1000 1000 0 3
0.166667 0.151721 0.035057 20 19 100 100 2 1000 1000 0 3
0.166667 0.232816 0.039669 20 29 100 97 2 1000 1000 0 3
0.166667 0.231811 0.041570 20 26 100 90 2 1000 1000 0 3
0.166667 0.163680 0.034993 20 22 100 109 2 1000 1000 0 3
0.166667 0.181880 0.035456 20 25 100 109 2 1000 1000 0 3
0.166667 0.117073 0.034300 20 12 100 93 2 1000 1000 0 3
0.166667 0.176964 0.034554 20 25 100 115 2 1000 1000 0 3
0.166667 0.122408 0.034234 20 13 100 99 2 1000 1000 0 3
0.166667 0.176470 0.039383 20 21 100 91 2 1000 1000 0 3
0.166667 0.159133 0.039902 20 17 100 84 2 1000 1000 0 3
0.166667 0.156593 0.034326 20 17 100 114 2 1000 1000 0 3
0.166667 0.153380 0.037522 20 15 100 89 2 1000 1000 0 3
0.166667 0.187614 0.038656 20 19 100 96 2 1000 1000 0 3
0.166667 0.165132 0.034613 20 25 100 109 2 1000 1000 0 3
0.166667 0.216210 0.038994 20 23 100 108 2 1000 1000 0 3
0.166667 0.168746 0.036446 20 17 100 107 2 1000 1000 0 3
0.166667 0.159208 0.037330 20 17 100 99 2 1000 1000 0 3
0.166667 0.179257 0.037590 20 21 100 96 2 1000 1000 0 3
0.166667 0.182558 0.038379 20 20 100 94 2 1000 1000 0 3
0.166667 0.150438 0.035621 20 16 100 99 2 1000 1000 0 3
0.166667 0.194855 0.039800 20 19 100 91 2 1000 1000 0 3
0.166667 0.222945 0.039798 20 26 100 96 2 1000 1000 0 3
0.166667 0.201526 0.037404 20 24 100 103 2 1000 1000 0 3
0.166667 0.210465 0.037152 20 27 100 108 2 1000 1000 0 3
0.166667 0.214508 0.041252 20 24 100 84 2 1000 1000 0 3
0.166667 0.165360 0.033298 20 26 100 117 2 1000 1000 0 3
0.166667 0.209005 0.040697 20 23 100 86 2 1000 1000 0 3
0.166667 0.154690 0.034067 20 18 100 112 2 1000 1000 0 3
0.166667 0.136762 0.033894 20 16 100 101 2 1000 1000 0 3
0.166667 0.146105 0.032785 20 19 100 119 2 1000 1000 0 3
0.166667 0.204822 0.039641 20 24 100 92 2 1000 1000 0 3
0.166667 0.110875 0.034141 20 12 100 94 2 1000 1000 0 3
0.166667 0.197253 0.037255 20 25 100 102 2 1000 1000 0 3
0.166667 0.124482 0.031169 20 16 100 108 2 1000 1000 0 3
0.166667 0.202320 0.034299 20 31 100 126 2 1000 1000 0 3
0.166667 0.128045 0.035244 20 15 100 91 2 1000 1000 0 3
0.166667 0.172615 0.036516 20 20 100 100 2 1000 1000 0 3
0.166667 0.137160 0.034613 20 19 100 99 2 1000 1000 0 3
0.166667 0.131284 0.034045 20 17 100 95 2 1000 1000 0 3
0.166667 0.197032 0.038521 20 24 100 96 2 1000 1000 0 3
0.166667 0.175383 0.033876 20 23 100 118 2 1000 1000 0 3
0.166667 0.219192 0.043675 20 20 100 82 2 1000 1000 0 3
0.166667 0.179243 0.037335 20 22 100 101 2 1000 1000 0 3
0.166667 0.138440 0.034806 20 19 100 97 2 1000 1000 0 3
0.166667 0.134699 0.034384 20 16 100 103 2 1000 1000 0 3
0.166667 0.178265 0.037622 20 20 100 99 2 1000 1000 0 3
0.166667 0.156716 0.038187 20 16 100 90 2 1000 1000 0 3
0.166667 0.184644 0.034869 20 27 100 113 2 1000 1000 0 3
0.166667 0.128918 0.033778 20 16 100 95 2 1000 1000 0 3
0.166667 0.171091 0.037002 20 18 100 103 2 1000 1000 0 3
0.166667 0.129856 0.032642 20 15 100 111 2 1000 1000 0 3
0.166667 0.209266 0.040319 20 26 100 87 2 1000 1000 0 3
0.166667 0.180218 0.042633 20 17 100 76 2 1000 1000 0 3
0.166667 0.159214 0.036118 20 20 100 96 2 1000 1000 0 3
0.166667 0.169666 0.034359 20 24 100 114 2 1000 1000 0 3
0.166667 0.119641 0.031144 20 13 100 112 2 1000 1000 0 3
0.166667 0.171122 0.036655 20 20 100 102 2 1000 1000 0 3
0.166667 0.180796 0.040201 20 19 100 84 2 1000 1000 0 3
0.166667 0.110541 0.030834 20 16 100 107 2 1000 1000 0 3
0.166667 0.137479 0.032803 20 17 100 114 2 1000 1000 0 3
0.166667 0.222540 0.039305 20 25 100 101 2 1000 1000 0 3
0.166667 0.175358 0.036813 20 19 100 107 2 1000 1000 0 3
0.166667 0.141048 0.034296 20 20 100 105 2 1000 1000 0 3
0.166667 0.158595 0.035933 20 17 100 101 2 1000 1000 0 3
0.166667 0.132221 0.034483 20 14 100 103 2 1000 1000 0 3
0.166667 0.159841 0.036335 20 18 100 96 2 1000 1000 0 3
0.166667 0.154397 0.038239 20 17 100 90 2 1000 1000 0 3
0.166667 0.143537 0.032252 20 21 100 121 2 1000 1000 0 3
0.166667 0.211393 0.043722 20 19 100 78 2 1000 1000 0 3
0.166667 0.164520 0.035006 20 23 100 106 2 1000 1000 0 3
0.166667 0.127027 0.032737 20 18 100 108 2 1000 1000 0 3
0.166667 0.203854 0.037365 20 25 100 102 2 1000 1000 0 3
0.166667 0.169724 0.039373 20 19 100 80 2 1000 1000 0 3
0.166667 0.121658 0.035015 20 14 100 97 2 1000 1000 0 3
0.166667 0.138138 0.035173 20 17 100 96 2 1000 1000 0 3
0.166667 0.189356 0.034362 20 25 100 117 2 1000 1000 0 3
0.166667 0.170170 0.036823 20 21 100 98 2 1000 1000 0 3
0.166667 0.108792 0.033604 20 13 100 95 2 1000 1000 0 3
0.166667 0.153542 0.035093 20 20 100 99 2 1000 1000 0 3
0.166667 0.233090 0.042692 20 26 100 87 2 1000 1000 0 3
0.166667 0.228273 0.038923 20 31 100 97 2 1000 1000 0 3
0.166667 0.119295 0.029926 20 16 100 122 2 1000 1000 0 3
0.166667 0.204044 0.036381 20 29 100 106 2 1000 1000 0 3
0.166667 0.144266 0.033087 20 21 100 114 2 1000 1000 0 3
0.166667 0.120531 0.031410 20 16 100 113 2 1000 1000 0 3
0.166667 0.158876 0.034685 20 21 100 107 2 1000 1000 0 3
0.166667 0.184653 0.035753 20 21 100 115 2 1000 1000 0 3
0.166667 0.182132 0.037910 20 20 100 99 2 1000 1000 0 3
0.166667 0.131290 0.033742 20 16 100 105 2 1000 1000 0 3
0.166667 0.160487 0.038638 20 17 100 88 2 1000 1000 0 3
0.166667 0.154614 0.034965 20 20 100 101 2 1000 1000 0 3
0.166667 0.086081 0.027132 20 11 100 115 2 1000 1000 0 3
0.166667 0.188008 0.038528 20 21 100 94 2 1000 1000 0 3
0.166667 0.170868 0.035772 20 17 100 106 2 1000 1000 0 3
0.166667 0.164640 0.034182 20 22 100 108 2 1000 1000 0 3
0.166667 0.224333 0.039636 20 26 100 97 2 1000 1000 0 3
0.166667 0.133462 0.034077 20 17 100 101 2 1000 1000 0 3
0.166667 0.195988 0.039727 20 20 100 87 2 1000 1000 0 3
0.166667 0.186991 0.038167 20 21 100 95 2 1000 1000 0 3
0.166667 0.190688 0.037084 20 25 100 98 2 1000 1000 0 3
0.166667 0.188332 0.038595 20 20 100 95 2 1000 1000 0 3
0.166667 0.137844 0.034961 20 19 100 98 2 1000 1000 0 3
0.166667 0.127557 0.031266 20 21 100 114 2 1000 1000 0 3
0.166667 0.191469 0.036759 20 25 100 103 2 1000 1000 0 3
0.166667 0.105769 0.030837 20 14 100 106 2 1000 1000 0 3
0.166667 0.127997 0.033887 20 16 100 101 2 1000 1000 0 3
0.166667 0.084751 0.030999 20 9 100 104 2 1000 1000 0 3
0.166667 0.182567 0.035893 20 22 100 107 2 1000 1000 0 3
0.166667 0.164895 0.036713 20 17 100 97 2 1000 1000 0 3
0.166667 0.177915 0.036536 20 22 100 100 2 1000 1000 0 3
0.166667 0.153034 0.037004 20 19 100 96 2 1000 1000 0 3
0.166667 0.231124 0.045623 20 20 100 75 2 1000 1000 0 3
0.166667 0.141561 0.036749 20 16 100 89 2 1000 1000 0 3
0.166667 0.167614 0.034752 20 24 100 106 2 1000 1000 0 3
0.166667 0.181639 0.036617 20 21 100 103 2 1000 1000 0 3
0.166667 0.156069 0.037373 20 19 100 100 2 1000 1000 0 3
0.166667 0.186198 0.037216 20 24 100 102 2 1000 1000 0 3
0.166667 0.162253 0.034669 20 22 100 109 2 1000 1000 0 3
0.166667 0.301742 0.044840 20 31 100 83 2 1000 1000 0 3
0.166667 0.137384 0.033029 20 17 100 105 2 1000 1000 0 3
0.166667 0.138354 0.034454 20 16 100 98 2 1000 1000 0 3
0.166667 0.163621 0.034820 20 22 100 104 2 1000 1000 0 3
0.166667 0.169670 0.036522 20 21 100 103 2 1000 1000 0 3
0.166667 0.108258 0.029956 20 14 100 115 2 1000 1000 0 3
0.166667 0.191691 0.042361 20 17 100 84 2 1000 1000 0 3
0.166667 0.183534 0.034583 20 26 100 114 2 1000 1000 0 3
0.166667 0.188626 0.039954 20 21 100 86 2 1000 1000 0 3
0.166667 0.154366 0.034300 20 20 100 107 2 1000 1000 0 3
0.166667 0.201482 0.041667 20 20 100 82 2 1000 1000 0 3
0.166667 0.148818 0.036505 20 15 100 97 2 1000 1000 0 3
0.166667 0.206383 0.037859 20 25 100 100 2 1000 1000 0 3
0.166667 0.135888 0.037448 20 13 100 84 2 1000 1000 0 3
0.166667 0.155958 0.037381 20 15 100 89 2 1000 1000 0 3
0.166667 0.206260 0.038333 20 25 100 100 2 1000 1000 0 3
0.166667 0.150120 0.035854 20 16 100 94 2 1000 1000 0 3
0.166667 0.227195 0.037732 20 32 100 108 2 1000 1000 0 3
0.166667 0.135116 0.032677 20 19 100 110 2 1000 1000 0 3
0.166667 0.189859 0.034968 20 25 100 114 2 1000 1000 0 3
0.166667 0.108738 0.029640 20 17 100 111 2 1000 1000 0 3
0.166667 0.126567 0.030337 20 19 100 121 2 1000 1000 0 3
0.166667 0.158337 0.035863 20 17 100 105 2 1000 1000 0 3
0.166667 0.206779 0.038917 20 25 100 96 2 1000 1000 0 3
0.166667 0.173494 0.035657 20 24 100 103 2 1000 1000 0 3
0.166667 0.098642 0.028527 20 12 100 121 2 1000 1000 0 3
0.166667 0.144738 0.038675 20 15 100 83 2 1000 1000 0 3
0.166667 0.220233 0.041699 20 25 100 82 2 1000 1000 0 3
0.166667 0.138949 0.037693 20 15 100 81 2 1000 1000 0 3
0.166667 0.151641 0.034512 20 17 100 103 2 1000 1000 0 3
0.166667 0.168397 0.036604 20 21 100 96 2 1000 1000 0 3
0.166667 0.176223 0.035149 20 24 100 109 2 1000 1000 0 3
0.166667 0.128926 0.034891 20 15 100 89 2 1000 1000 0 3
0.166667 0.160156 0.037148 20 17 100 94 2 1000 1000 0 3
0.166667 0.165052 0.035674 20 20 100 103 2 1000 1000 0 3
0.166667 0.124642 0.036409 20 12 100 88 2 1000 1000 0 3
0.166667 0.158012 0.033781 20 22 100 113 2 1000 1000 0 3
0.166667 0.205308 0.042108 20 22 100 81 2 1000 1000 0 3
0.166667 0.172586 0.039583 20 17 100 93 2 1000 1000 0 3
0.166667 0.168417 0.035772 20 21 100 103 2 1000 1000 0 3
0.166667 0.111970 0.034834 20 15 100 92 2 1000 1000 0 3
0.166667 0.136150 0.032413 20 18 100 116 2 1000 1000 0 3
0.166667 0.147925 0.031920 20 22 100 121 2 1000 1000 0 3
0.166667 0.133663 0.031996 20 17 100 114 2 1000 1000 0 3
0.166667 0.210593 0.040126 20 23 100 92 2 1000 1000 0 3
0.166667 0.144414 0.034431 20 15 100 106 2 1000 1000 0 3
0.166667 0.164148 0.038277 20 15 100 94 2 1000 1000 0 3
0.166667 0.182344 0.036904 20 21 100 105 2 1000 1000 0 3
0.166667 0.207297 0.040348 20 22 100 89 2 1000 1000 0 3
0.166667 0.153012 0.038579 20 17 100 85 2 1000 1000 0 3
0.166667 0.106507 0.033682 20 12 100 96 2 1000 1000 0 3
0.166667 0.185529 0.036594 20 23 100 105 2 1000 1000 0 3
0.166667 0.136178 0.032247 20 18 100 109 2 1000 1000 0 3
0.166667 0.127916 0.030776 20 21 100 117 2 1000 1000 0 3
0.166667 0.126024 0.032492 20 16 100 107 2 1000 1000 0 3
0.166667 0.100072 0.032534 20 11 100 87 2 1000 1000 0 3
0.166667 0.187200 0.036953 20 21 100 103 2 1000 1000 0 3
0.166667 0.140548 0.035089 20 15 100 93 2 1000 1000 0 3
0.166667 0.216392 0.041242 20 25 100 87 2 1000 1000 0 3
0.166667 0.178120 0.037557 20 22 100 97 2 1000 1000 0 3
0.166667 0.202306 0.040156 20 23 100 93 2 1000 1000 0 3
0.166667 0.172292 0.040634 20 17 100 84 2 1000 1000 0 3
0.166667 0.187245 0.036836 20 23 100 102 2 1000 1000 0 3
0.166667 0.192948 0.037995 20 26 100 100 2 1000 1000 0 3
0.166667 0.244102 0.040029 20 28 100 98 2 1000 1000 0 3
0.166667 0.123914 0.032573 20 15 100 103 2 1000 1000 0 3
0.166667 0.144006 0.035700 20 18 100 96 2 1000 1000 0 3
0.166667 0.127888 0.032389 20 19 100 107 2 1000 1000 0 3
0.166667 0.143704 0.034092 20 17 100 106 2 1000 1000 0 3
0.166667 0.129356 0.033730 20 14 100 109 2 1000 1000 0 3
0.166667 0.186650 0.038673 20 19 100 97 2 1000 1000 0 3
0.166667 0.208513 0.039868 20 23 100 94 2 1000 1000 0 3
0.166667 0.145775 0.035456 20 19 100 95 2 1000 1000 0 3
0.166667 0.156152 0.035619 20 17 100 100 2 1000 1000 0 3
0.166667 0.248079 0.043887 20 26 100 86 2 1000 1000 0 3
0.166667 0.139142 0.035073 20 17 100 94 2 1000 1000 0 3
0.166667 0.147113 0.035521 20 15 100 102 2 1000 1000 0 3
0.166667 0.238340 0.042590 20 29 100 89 2 1000 1000 0 3
0.166667 0.197544 0.038144 20 24 100 99 2 1000 1000 0 3
0.166667 0.142234 0.032443 20 20 100 116 2 1000 1000 0 3
0.166667 0.118991 0.033042 20 14 100 100 2 1000 1000 0 3
0.166667 0.204538 0.038195 20 23 100 105 2 1000 1000 0 3
0.166667 0.156157 0.036170 20 18 100 97 2 1000 1000 0 3
0.166667 0.176037 0.036552 20 22 100 108 2 1000 1000 0 3
0.166667 0.167313 0.033895 20 24 100 109 2 1000 1000 0 3
0.166667 0.145846 0.032502 20 20 100 121 2 1000 1000 0 3
0.166667 0.161924 0.035433 20 19 100 107 2 1000 1000 0 3
0.166667 0.225053 0.040788 20 23 100 96 2 1000 1000 0 3
0.166667 0.139729 0.036906 20 16 100 85 2 1000 1000 0 3
0.166667 0.135332 0.035939 20 15 100 99 2 1000 1000 0 3
0.166667 0.127848 0.035087 20 16 100 90 2 1000 1000 0 3
0.166667 0.216663 0.041158 20 25 100 89 2 1000 1000 0 3
0.166667 0.131219 0.032724 20 19 100 112 2 1000 1000 0 3
0.166667 0.187222 0.037962 20 24 100 102 2 1000 1000 0 3
0.166667 0.162979 0.037978 20 16 100 97 2 1000 1000 0 3
0.166667 0.161084 0.036151 20 18 100 97 2 1000 1000 0 3
0.166667 0.125398 0.035103 20 14 100 94 2 1000 1000 0 3
0.166667 0.132663 0.033011 20 17 100 100 2 1000 1000 0 3
0.166667 0.154773 0.036932 20 17 100 92 2 1000 1000 0 3
0.166667 0.204091 0.039455 20 21 100 91 2 1000 1000 0 3
0.166667 0.160817 0.033795 20 21 100 117 2 1000 1000 0 3
0.166667 0.171776 0.036683 20 22 100 102 2 1000 1000 0 3
0.166667 0.239782 0.038927 20 30 100 99 2 1000 1000 0 3
0.166667 0.155722 0.034954 20 23 100 106 2 1000 1000 0 3
0.166667 0.188726 0.035544 20 28 100 111 2 1000 1000 0 3
0.166667 0.191682 0.042759 20 19 100 80 2 1000 1000 0 3
0.166667 0.161297 0.035852 20 19 100 102 2 1000 1000 0 3
0.166667 0.128263 0.034779 20 15 100 99 2 1000 1000 0 3
0.166667 0.234215 0.042902 20 27 100 83 2 1000 1000 0 3
0.166667 0.165948 0.034697 20 23 100 104 2 1000 1000 0 3
0.166667 0.170774 0.037818 20 17 100 96 2 1000 1000 0 3
0.166667 0.141043 0.036512 20 17 100 94 2 1000 1000 0 3
0.166667 0.164353 0.035092 20 22 100 100 2 1000 1000 0 3
0.166667 0.125103 0.030677 20 18 100 113 2 1000 1000 0 3
0.166667 0.202927 0.042387 20 19 100 78 2 1000 1000 0 3
0.166667 0.126925 0.036258 20 13 100 91 2 1000 1000 0 3
0.166667 0.179900 0.038540 20 22 100 88 2 1000 1000 0 3
0.166667 0.155532 0.035491 20 19 100 100 2 1000 1000 0 3
0.166667 0.121006 0.032795 20 15 100 104 2 1000 1000 0 3
0.166667 0.182311 0.037256 20 23 100 102 2 1000 1000 0 3
0.166667 0.149151 0.033966 20 18 100 108 2 1000 1000 0 3
0.166667 0.190331 0.039596 20 22 100 96 2 1000 1000 0 3
0.166667 0.179546 0.035831 20 22 100 113 2 1000 1000 0 3
0.166667 0.170346 0.036176 20 21 100 104 2 1000 1000 0 3
0.166667 0.165507 0.036392 20 21 100 97 2 1000 1000 0 3
0.166667 0.125716 0.030238 20 16 100 125 2 1000 1000 0 3
0.166667 0.144710 0.032069 20 21 100 118 2 1000 1000 0 3
0.166667 0.169029 0.036114 20 19 100 98 2 1000 1000 0 3
0.166667 0.184381 0.039382 20 20 100 92 2 1000 1000 0 3
0.166667 0.200359 0.038461 20 25 100 97 2 1000 1000 0 3
0.166667 0.208372 0.037887 20 27 100 101 2 1000 1000 0 3
0.166667 0.150022 0.034808 20 19 100 106 2 1000 1000 0 3
0.166667 0.102974 0.032940 20 10 100 90 2 1000 1000 0 3
0.166667 0.242210 0.041199 20 28 100 92 2 1000 1000 0 3
0.166667 0.215030 0.041553 20 22 100 88 2 1000 1000 0 3
0.166667 0.161872 0.034792 20 22 100 108 2 1000 1000 0 3
0.166667 0.176895 0.040514 20 16 100 82 2 1000 1000 0 3
0.166667 0.142083 0.033689 20 19 100 107 2 1000 1000 0 3
0.166667 0.135081 0.031966 20 20 100 119 2 1000 1000 0 3
0.166667 0.189182 0.034862 20 27 100 108 2 1000 1000 0 3
0.166667 0.183745 0.037966 20 22 100 97 2 1000 1000 0 3
0.166667 0.129630 0.036079 20 15 100 93 2 1000 1000 0 3
0.166667 0.132769 0.033805 20 15 100 96 2 1000 1000 0 3
0.166667 0.165413 0.033142 20 23 100 123 2 1000 1000 0 3
0.166667 0.167495 0.039155 20 17 100 92 2 1000 1000 0 3
0.166667 0.193637 0.042355 20 20 100 77 2 1000 1000 0 3
0.166667 0.161970 0.037570 20 18 100 91 2 1000 1000 0 3
0.166667 0.153724 0.035060 20 19 100 100 2 1000 1000 0 3
0.166667 0.115758 0.031741 20 16 100 106 2 1000 1000 0 3
0.166667 0.209490 0.040783 20 23 100 88 2 1000 1000 0 3
0.166667 0.152256 0.034282 20 20 100 104 2 1000 1000 0 3
0.166667 0.175599 0.035759 20 22 100 112 2 1000 1000 0 3
0.166667 0.224757 0.041350 20 28 100 88 2 1000 1000 0 3
0.166667 0.140129 0.035083 20 14 100 98 2 1000 1000 0 3
0.166667 0.172885 0.034307 20 24 100 111 2 1000 1000 0 3
0.166667 0.180938 0.036678 20 24 100 100 2 1000 1000 0 3
0.166667 0.221637 0.039694 20 23 100 105 2 1000 1000 0 3
0.166667 0.205867 0.038905 20 26 100 100 2 1000 1000 0 3
0.166667 0.177581 0.034443 20 26 100 109 2 1000 1000 0 3
0.166667 0.150405 0.033651 20 21 100 112 2 1000 1000 0 3
0.166667 0.113402 0.033144 20 12 100 93 2 1000 1000 0 3
0.166667 0.180399 0.036050 20 21 100 108 2 1000 1000 0 3
0.166667 0.187818 0.039374 20 19 100 93 2 1000 1000 0 3
0.166667 0.183991 0.037597 20 20 100 102 2 1000 1000 0 3
0.166667 0.126886 0.029419 20 18 100 131 2 1000 1000 0 3
0.166667 0.188872 0.037752 20 24 100 93 2 1000 1000 0 3
0.166667 0.092436 0.032408 20 11 100 92 2 1000 1000 0 3
0.166667 0.224115 0.041720 20 23 100 90 2 1000 1000 0 3
0.166667 0.246409 0.039954 20 33 100 94 2 1000 1000 0 3
0.166667 0.161215 0.038023 20 17 100 92 2 1000 1000 0 3
0.166667 0.181450 0.037632 20 19 100 103 2 1000 1000 0 3
0.166667 0.186888 0.038617 20 22 100 96 2 1000 1000 0 3
0.166667 0.215358 0.038696 20 27 100 97 2 1000 1000 0 3
0.166667 0.202841 0.040257 20 24 100 89 2 1000 1000 0 3
0.166667 0.200886 0.037402 20 24 100 104 2 1000 1000 0 3
0.166667 0.165827 0.035161 20 20 100 105 2 1000 1000 0 3
0.166667 0.115355 0.031497 20 16 100 104 2 1000 1000 0 3
0.166667 0.183490 0.034211 20 24 100 121 2 1000 1000 0 3
0.166667 0.138155 0.033576 20 16 100 107 2 1000 1000 0 3
0.166667 0.124152 0.031670 20 14 100 109 2 1000 1000 0 3
0.166667 0.165565 0.034356 20 20 100 111 2 1000 1000 0 3
0.166667 0.160893 0.036255 20 17 100 99 2 1000 1000 0 3
0.166667 0.210406 0.042551 20 21 100 90 2 1000 1000 0 3
0.166667 0.189055 0.037115 20 21 100 103 2 1000 1000 0 3
0.166667 0.124883 0.034528 20 16 100 104 2 1000 1000 0 3
0.166667 0.125542 0.034717 20 14 100 95 2 1000 1000 0 3
0.166667 0.167236 0.035116 20 24 100 111 2 1000 1000 0 3
0.166667 0.183620 0.037374 20 25 100 103 2 1000 1000 0 3
0.166667 0.188305 0.038417 20 23 100 95 2 1000 1000 0 3
0.166667 0.226343 0.039376 20 25 100 96 2 1000 1000 0 3
0.166667 0.192113 0.040444 20 20 100 86 2 1000 1000 0 3
0.166667 0.172579 0.035867 20 19 100 105 2 1000 1000 0 3
0.166667 0.172096 0.038127 20 22 100 96 2 1000 1000 0 3
0.166667 0.142582 0.036254 20 14 100 91 2 1000 1000 0 3
0.166667 0.208383 0.038464 20 25 100 98 2 1000 1000 0 3
0.166667 0.179432 0.035881 20 23 100 105 2 1000 1000 0 3
0.166667 0.169499 0.034485 20 22 100 111 2 1000 1000 0 3
0.166667 0.151886 0.035086 20 18 100 104 2 1000 1000 0 3
0.166667 0.164773 0.034802 20 23 100 113 2 1000 1000 0 3
0.166667 0.164720 0.036888 20 21 100 94 2 1000 1000 0 3
0.166667 0.172017 0.037396 20 18 100 100 2 1000 1000 0 3
0.166667 0.191703 0.038860 20 22 100 96 2 1000 1000 0 3
0.166667 0.219735 0.040316 20 24 100 97 2 1000 1000 0 3
0.166667 0.133113 0.033993 20 18 100 96 2 1000 1000 0 3
0.166667 0.164959 0.036564 20 20 100 103 2 1000 1000 0 3
0.166667 0.156856 0.034401 20 18 100 109 2 1000 1000 0 3
0.166667 0.181888 0.037299 20 22 100 99 2 1000 1000 0 3
0.166667 0.105076 0.030966 20 14 100 100 2 1000 1000 0 3
0.166667 0.158548 0.033627 20 21 100 114 2 1000 1000 0 3
0.166667 0.142170 0.035280 20 16 100 95 2 1000 1000 0 3
0.166667 0.170088 0.035310 20 23 100 104 2 1000 1000 0 3
0.166667 0.178460 0.037530 20 21 100 95 2 1000 1000 0 3
0.166667 0.269771 0.042519 20 31 100 89 2 1000 1000 0 3
0.166667 0.176795 0.037999 20 20 100 95 2 1000 1000 0 3
0.166667 0.242914 0.042112 20 26 100 92 2 1000 1000 0 3
0.166667 0.147133 0.034175 20 19 100 109 2 1000 1000 0 3
0.166667 0.150529 0.036931 20 21 100 91 2 1000 1000 0 3
0.166667 0.190356 0.035734 20 28 100 108 2 1000 1000 0 3
0.166667 0.178352 0.037175 20 20 100 99 2 1000 1000 0 3
0.166667 0.203134 0.039421 20 25 100 93 2 1000 1000 0 3
0.166667 0.151859 0.040268 20 15 100 80 2 1000 1000 0 3
0.166667 0.247044 0.043191 20 25 100 85 2 1000 1000 0 3
0.166667 0.135680 0.034095 20 15 100 95 2 1000 1000 0 3
0.166667 0.153085 0.036991 20 16 100 93 2 1000 1000 0 3
0.166667 0.165313 0.031588 20 28 100 130 2 1000 1000 0 3
0.166667 0.123317 0.033413 20 18 100 104 2 1000 1000 0 3
0.166667 0.172620 0.039827 20 19 100 84 2 1000 1000 0 3
0.166667 0.188372 0.038794 20 25 100 94 2 1000 1000 0 3
0.166667 0.133798 0.033597 20 15 100 110 2 1000 1000 0 3
0.166667 0.116973 0.029751 20 17 100 120 2 1000 1000 0 3
0.166667 0.240704 0.040533 20 30 100 95 2 1000 1000 0 3
0.166667 0.178506 0.036785 20 23 100 104 2 1000 1000 0 3
0.166667 0.179412 0.035804 20 22 100 105 2 1000 1000 0 3
0.166667 0.173323 0.035178 20 24 100 108 2 1000 1000 0 3
0.166667 0.206849 0.036833 20 28 100 109 2 1000 1000 0 3
0.166667 0.158227 0.036520 20 19 100 98 2 1000 1000 0 3
0.166667 0.134891 0.034559 20 14 100 94 2 1000 1000 0 3
0.166667 0.143118 0.035274 20 17 100 104 2 1000 1000 0 3
0.166667 0.124621 0.034161 20 16 100 94 2 1000 1000 0 3
0.166667 0.188553 0.039401 20 19 100 94 2 1000 1000 0 3
0.166667 0.171296 0.035368 20 21 100 106 2 1000 1000 0 3
0.166667 0.192549 0.040082 20 23 100 91 2 1000 1000 0 3
0.166667 0.166533 0.035588 20 20 100 105 2 1000 1000 0 3
0.166667 0.165288 0.036519 20 19 100 98 2 1000 1000 0 3
0.166667 0.171920 0.038808 20 19 100 91 2 1000 1000 0 3
0.166667 0.129205 0.033959 20 16 100 95 2 1000 1000 0 3
0.166667 0.144723 0.033708 20 22 100 108 2 1000 1000 0 3
0.166667 0.195942 0.039028 20 24 100 93 2 1000 1000 0 3
0.166667 0.209726 0.039592 20 24 100 92 2 1000 1000 0 3
0.166667 0.220466 0.039450 20 26 100 91 2 1000 1000 0 3
0.166667 0.116083 0.030998 20 14 100 119 2 1000 1000 0 3
0.166667 0.213739 0.038662 20 27 100 97 2 1000 1000 0 3
0.166667 0.147682 0.034435 20 17 100 110 2 1000 1000 0 3
0.166667 0.144609 0.034039 20 18 100 108 2 1000 1000 0 3
0.166667 0.131393 0.033256 20 15 100 103 2 1000 1000 0 3
0.166667 0.178291 0.038735 20 21 100 91 2 1000 1000 0 3
0.166667 0.193117 0.037189 20 27 100 101 2 1000 1000 0 3
0.166667 0.125980 0.033936 20 13 100 106 2 1000 1000 0 3
0.166667 0.169884 0.035509 20 21 100 104 2 1000 1000 0 3
0.166667 0.164646 0.035017 20 21 100 110 2 1000 1000 0 3
0.166667 0.169500 0.041201 20 22 100 80 2 1000 1000 0 3
0.166667 0.198181 0.037764 20 23 100 99 2 1000 1000 0 3
0.166667 0.160880 0.036985 20 15 100 96 2 1000 1000 0 3
0.166667 0.180685 0.034798 20 23 100 109 2 1000 1000 0 3
0.166667 0.135241 0.033397 20 19 100 105 2 1000 1000 0 3
0.166667 0.123492 0.032565 20 14 100 109 2 1000 1000 0 3
0.166667 0.179609 0.037437 20 22 100 93 2 1000 1000 0 3
0.166667 0.182722 0.038703 20 16 100 98 2 1000 1000 0 3
0.166667 0.149409 0.033875 20 18 100 109 2 1000 1000 0 3
0.166667 0.129999 0.035994 20 15 100 91 2 1000 1000 0 3
0.166667 0.199078 0.039300 20 24 100 91 2 1000 1000 0 3
0.166667 0.132170 0.035742 20 15 100 92 2 1000 1000 0 3
0.166667 0.139195 0.035510 20 11 100 99 2 1000 1000 0 3
0.166667 0.208484 0.037325 20 30 100 106 2 1000 1000 0 3
0.166667 0.198600 0.037584 20 23 100 107 2 1000 1000 0 3
0.166667 0.154480 0.038369 20 17 100 90 2 1000 1000 0 3
0.166667 0.190120 0.036250 20 25 100 107 2 1000 1000 0 3
0.166667 0.122739 0.031279 20 18 100 110 2 1000 1000 0 3
0.166667 0.137083 0.032443 20 19 100 115 2 1000 1000 0 3
0.166667 0.181725 0.039679 20 19 100 85 2 1000 1000 0 3
0.166667 0.194059 0.037606 20 25 100 100 2 1000 1000 0 3
0.166667 0.151102 0.034845 20 18 100 101 2 1000 1000 0 3
0.166667 0.190663 0.035930 20 25 100 111 2 1000 1000 0 3
0.166667 0.190434 0.038806 20 24 100 92 2 1000 1000 0 3
0.166667 0.170213 0.037350 20 19 100 97 2 1000 1000 0 3
0.166667 0.176555 0.038598 20 21 100 90 2 1000 1000 0 3
0.166667 0.142212 0.034829 20 18 100 104 2 1000 1000 0 3
0.166667 0.194727 0.036337 20 25 100 105 2 1000 1000 0 3
0.166667 0.100162 0.029888 20 14 100 106 2 1000 1000 0 3
0.166667 0.179440 0.041664 20 17 100 76 2 1000 1000 0 3
0.166667 0.131271 0.034927 20 15 100 97 2 1000 1000 0 3
0.166667 0.105509 0.031262 20 13 100 113 2 1000 1000 0 3
0.166667 0.227978 0.041231 20 21 100 97 2 1000 1000 0 3
0.166667 0.182288 0.038228 20 22 100 91 2 1000 1000 0 3
0.166667 0.168360 0.036029 20 23 100 99 2 1000 1000 0 3
0.166667 0.176806 0.039541 20 19 100 89 2 1000 1000 0 3
0.166667 0.188895 0.038797 20 23 100 98 2 1000 1000 0 3
0.166667 0.077783 0.025806 20 10 100 124 2 1000 1000 0 3
0.166667 0.203880 0.038060 20 26 100 99 2 1000 1000 0 3
0.166667 0.172669 0.037723 20 20 100 92 2 1000 1000 0 3
0.166667 0.147568 0.033517 20 18 100 108 2 1000 1000 0 3
0.166667 0.206044 0.041173 20 24 100 86 2 1000 1000 0 3
0.166667 0.182161 0.040171 20 20 100 88 2 1000 1000 0 3
0.166667 0.166595 0.034872 20 22 100 105 2 1000 1000 0 3
0.166667 0.183459 0.036377 20 23 100 107 2 1000 1000 0 3
0.166667 0.158938 0.036823 20 19 100 98 2 1000 1000 0 3
0.166667 0.139669 0.034100 20 16 100 99 2 1000 1000 0 3
0.166667 0.169646 0.037668 20 20 100 95 2 1000 1000 0 3
0.166667 0.141105 0.036669 20 14 100 90 2 1000 1000 0 3
0.166667 0.163563 0.036892 20 21 100 97 2 1000 1000 0 3
0.166667 0.151939 0.037136 20 17 100 89 2 1000 1000 0 3
0.166667 0.139733 0.032934 20 15 100 113 2 1000 1000 0 3
0.166667 0.193333 0.036712 20 24 100 107 2 1000 1000 0 3
0.166667 0.146395 0.036645 20 17 100 91 2 1000 1000 0 3
0.166667 0.217007 0.041168 20 20 100 95 2 1000 1000 0 3
0.166667 0.134793 0.034767 20 16 100 101 2 1000 1000 0 3
0.166667 0.174907 0.034732 20 24 100 111 2 1000 1000 0 3
0.166667 0.127712 0.033839 20 15 100 100 2 1000 1000 0 3
0.166667 0.207853 0.036364 20 29 100 114 2 1000 1000 0 3
0.166667 0.166119 0.036684 20 21 100 102 2 1000 1000 0 3
0.166667 0.179062 0.036835 20 22 100 103 2 1000 1000 0 3
0.166667 0.215429 0.040497 20 26 100 89 2 1000 1000 0 3
0.166667 0.157837 0.038022 20 15 100 91 2 1000 1000 0 3
0.166667 0.148380 0.036937 20 15 100 90 2 1000 1000 0 3
0.166667 0.092878 0.029351 20 11 100 110 2 1000 1000 0 3
0.166667 0.190667 0.039228 20 18 100 95 2 1000 1000 0 3
0.166667 0.142881 0.035333 20 17 100 96 2 1000 1000 0 3
0.166667 0.212188 0.041847 20 26 100 81 2 1000 1000 0 3
0.166667 0.256247 0.043230 20 29 100 79 2 1000 1000 0 3
0.166667 0.221658 0.039656 20 27 100 97 2 1000 1000 0 3
0.166667 0.164652 0.036537 20 20 100 96 2 1000 1000 0 3
0.166667 0.199332 0.040171 20 22 100 92 2 1000 1000 0 3
0.166667 0.189592 0.038590 20 21 100 93 2 1000 1000 0 3
0.166667 0.218972 0.042850 20 23 100 82 2 1000 1000 0 3
0.166667 0.224516 0.039737 20 27 100 94 2 1000 1000 0 3
0.166667 0.156278 0.036991 20 16 100 95 2 1000 1000 0 3
0.166667 0.193978 0.038375 20 24 100 92 2 1000 1000 0 3
0.166667 0.122358 0.034940 20 12 100 100 2 1000 1000 0 3
0.166667 0.200833 0.039669 20 24 100 89 2 1000 1000 0 3
0.166667 0.097994 0.030456 20 12 100 109 2 1000 1000 0 3
0.166667 0.190832 0.037056 20 24 100 105 2 1000 1000 0 3
0.166667 0.176777 0.034885 20 21 100 113 2 1000 1000 0 3
0.166667 0.168797 0.038909 20 20 100 85 2 1000 1000 0 3
0.166667 0.181930 0.034474 20 27 100 118 2 1000 1000 0 3
0.166667 0.130200 0.035546 20 16 100 91 2 1000 1000 0 3
0.166667 0.160210 0.036863 20 16 100 99 2 1000 1000 0 3
0.166667 0.209569 0.040435 20 25 100 94 2 1000 1000 0 3
0.166667 0.179062 0.036354 20 24 100 103 2 1000 1000 0 3
0.166667 0.193578 0.038019 20 24 100 101 2 1000 1000 0 3
0.166667 0.130064 0.035015 20 17 100 98 2 1000 1000 0 3
0.166667 0.190343 0.036377 20 21 100 110 2 1000 1000 0 3
0.166667 0.160959 0.036604 20 18 100 96 2 1000 1000 0 3
0.166667 0.170868 0.035175 20 25 100 106 2 1000 1000 0 3
0.166667 0.202876 0.036872 20 28 100 102 2 1000 1000 0 3
