0.166667 0.154648 0.011346 200 192 1000 998 10000 10000 0 5
0.166667 0.181156 0.012157 200 210 1000 960 10000 10000 0 5
0.166667 0.181441 0.012114 200 212 1000 964 10000 10000 0 5
0.166667 0.175081 0.011744 200 212 1000 1013 10000 10000 0 5
0.166667 0.165203 0.011642 200 187 1000 992 10000 10000 0 5
0.166667 0.159457 0.011523 200 188 1000 1022 10000 10000 0 5
0.166667 0.187867 0.012176 200 209 1000 969 10000 10000 0 5
0.166667 0.172323 0.011423 200 216 1000 1045 10000 10000 0 5
0.166667 0.151194 0.011139 200 183 1000 1020 10000 10000 0 5
0.166667 0.171676 0.012152 200 190 1000 941 10000 10000 0 5
0.166667 0.164035 0.011670 200 188 1000 979 10000 10000 0 5
0.166667 0.163523 0.011812 200 196 1000 963 10000 10000 0 5
0.166667 0.176951 0.011703 200 203 1000 1019 10000 10000 0 5
0.166667 0.164759 0.011869 200 188 1000 952 10000 10000 0 5
0.166667 0.141556 0.010923 200 178 1000 1037 10000 10000 0 5
0.166667 0.176563 0.011691 200 205 1000 1011 10000 10000 0 5
0.166667 0.176802 0.011670 200 218 1000 1014 10000 10000 0 5
0.166667 0.171098 0.011845 200 195 1000 969 10000 10000 0 5
0.166667 0.180944 0.012238 200 211 1000 959 10000 10000 0 5
0.166667 0.184810 0.012150 200 203 1000 992 10000 10000 0 5
0.166667 0.167374 0.011673 200 194 1000 998 10000 10000 0 5
0.166667 0.160051 0.011496 200 189 1000 1006 10000 10000 0 5
0.166667 0.170632 0.011663 200 205 1000 1011 10000 10000 0 5
0.166667 0.142826 0.011165 200 181 1000 1021 10000 10000 0 5
0.166667 0.172502 0.011976 200 221 1000 971 10000 10000 0 5
0.166667 0.135317 0.010905 200 169 1000 1008 10000 10000 0 5
0.166667 0.167350 0.011623 200 193 1000 997 10000 10000 0 5
0.166667 0.167154 0.011548 200 197 1000 1012 10000 10000 0 5
0.166667 0.159926 0.011498 200 199 1000 1011 10000 10000 0 5
0.166667 0.171012 0.011795 200 206 1000 994 10000 10000 0 5
0.166667 0.159770 0.011643 200 196 1000 992 10000 10000 0 5
0.166667 0.166810 0.011746 200 195 1000 992 10000 10000 0 5
0.166667 0.169024 0.011622 200 212 1000 1019 10000 10000 0 5
0.166667 0.164653 0.011424 200 208 1000 1016 10000 10000 0 5
0.166667 0.155688 0.011090 200 197 1000 1068 10000 10000 0 5
0.166667 0.164303 0.011601 200 190 1000 969 10000 10000 0 5
0.166667 0.179864 0.011798 200 221 1000 1006 10000 10000 0 5
0.166667 0.161197 0.011630 200 195 1000 989 10000 10000 0 5
0.166667 0.164145 0.011564 200 200 1000 1000 10000 10000 0 5
0.166667 0.171607 0.011886 200 196 1000 958 10000 10000 0 5
0.166667 0.157258 0.011713 200 176 1000 966 10000 10000 0 5
0.166667 0.154350 0.011315 200 195 1000 1025 10000 10000 0 5
0.166667 0.179503 0.012250 200 204 1000 920 10000 10000 0 5
0.166667 0.157053 0.011651 200 185 1000 989 10000 10000 0 5
0.166667 0.171422 0.011832 200 205 1000 974 10000 10000 0 5
0.166667 0.167568 0.011508 200 219 1000 1025 10000 10000 0 5
0.166667 0.160937 0.011550 200 187 1000 1001 10000 10000 0 5
0.166667 0.158518 0.011155 200 203 1000 1051 10000 10000 0 5
0.166667 0.152461 0.011474 200 187 1000 983 10000 10000 0 5
0.166667 0.165587 0.011553 200 197 1000 989 10000 10000 0 5
0.166667 0.175993 0.011761 200 206 1000 997 10000 10000 0 5
0.166667 0.139630 0.010800 200 180 1000 1077 10000 10000 0 5
0.166667 0.170811 0.011783 200 210 1000 982 10000 10000 0 5
0.166667 0.160391 0.011358 200 207 1000 1047 10000 10000 0 5
0.166667 0.170848 0.011749 200 191 1000 1002 10000 10000 0 5
0.166667 0.178213 0.011887 200 214 1000 989 10000 10000 0 5
0.166667 0.162953 0.011486 200 196 1000 1012 10000 10000 0 5
0.166667 0.163182 0.011622 200 202 1000 1008 10000 10000 0 5
0.166667 0.167181 0.011648 200 197 1000 987 10000 10000 0 5
0.166667 0.175609 0.011873 200 212 1000 994 10000 10000 0 5
0.166667 0.180662 0.011982 200 208 1000 992 10000 10000 0 5
0.166667 0.164102 0.011564 200 201 1000 999 10000 10000 0 5
0.166667 0.156153 0.011289 200 184 1000 1035 10000 10000 0 5
0.166667 0.154662 0.011494 200 185 1000 989 10000 10000 0 5
0.166667 0.162820 0.011763 200 198 1000 977 10000 10000 0 5
0.166667 0.158202 0.011578 200 185 1000 977 10000 10000 0 5
0.166667 0.168063 0.011546 200 207 1000 1015 10000 10000 0 5
0.166667 0.169900 0.011476 200 211 1000 1035 10000 10000 0 5
0.166667 0.146794 0.010950 200 187 1000 1074 10000 10000 0 5
0.166667 0.148719 0.011629 200 174 1000 970 10000 10000 0 5
0.166667 0.180352 0.011609 200 221 1000 1040 10000 10000 0 5
0.166667 0.147924 0.010976 200 185 1000 1039 10000 10000 0 5
0.166667 0.137803 0.011037 200 169 1000 1011 10000 10000 0 5
0.166667 0.161558 0.011626 200 189 1000 974 10000 10000 0 5
0.166667 0.179557 0.011862 200 217 1000 983 10000 10000 0 5
0.166667 0.192597 0.012073 200 235 1000 1000 10000 10000 0 5
0.166667 0.168103 0.011682 200 196 1000 981 10000 10000 0 5
0.166667 0.195696 0.012244 200 232 1000 974 10000 10000 0 5
0.166667 0.170771 0.011500 200 215 1000 1025 10000 10000 0 5
0.166667 0.158391 0.011430 200 192 1000 1016 10000 10000 0 5
0.166667 0.166083 0.011418 200 196 1000 1019 10000 10000 0 5
0.166667 0.177302 0.011670 200 223 1000 1016 10000 10000 0 5
0.166667 0.137776 0.010857 200 167 1000 1033 10000 10000 0 5
0.166667 0.183680 0.011773 200 221 1000 1009 10000 10000 0 5
0.166667 0.156876 0.011448 200 195 1000 1011 10000 10000 0 5
0.166667 0.167449 0.011657 200 204 1000 1002 10000 10000 0 5
0.166667 0.170684 0.011526 200 211 1000 1044 10000 10000 0 5
0.166667 0.150922 0.011359 200 187 1000 998 10000 10000 0 5
0.166667 0.195186 0.012025 200 244 1000 1005 10000 10000 0 5
0.166667 0.142486 0.011096 200 181 1000 1005 10000 10000 0 5
0.166667 0.181182 0.012188 200 217 1000 933 10000 10000 0 5
0.166667 0.188620 0.012215 200 216 1000 969 10000 10000 0 5
0.166667 0.140142 0.010868 200 176 1000 1040 10000 10000 0 5
0.166667 0.166995 0.011600 200 206 1000 999 10000 10000 0 5
0.166667 0.166494 0.011386 200 201 1000 1037 10000 10000 0 5
0.166667 0.161455 0.011824 200 187 1000 958 10000 10000 0 5
0.166667 0.171858 0.011706 200 211 1000 990 10000 10000 0 5
0.166667 0.149735 0.011102 200 186 1000 1042 10000 10000 0 5
0.166667 0.156996 0.011306 200 192 1000 1005 10000 10000 0 5
0.166667 0.165528 0.011798 200 196 1000 977 10000 10000 0 5
0.166667 0.151501 0.011222 200 185 1000 1034 10000 10000 0 5
0.166667 0.174691 0.011708 200 218 1000 1006 10000 10000 0 5
0.166667 0.143564 0.011121 200 172 1000 1021 10000 10000 0 5
0.166667 0.169910 0.011668 200 202 1000 1002 10000 10000 0 5
0.166667 0.158650 0.011383 200 201 1000 1019 10000 10000 0 5
0.166667 0.163325 0.011677 200 186 1000 988 10000 10000 0 5
0.166667 0.159715 0.011534 200 186 1000 982 10000 10000 0 5
0.166667 0.162491 0.011456 200 198 1000 1001 10000 10000 0 5
0.166667 0.169121 0.011561 200 211 1000 1012 10000 10000 0 5
0.166667 0.168109 0.011826 200 200 1000 978 10000 10000 0 5
0.166667 0.165424 0.011543 200 199 1000 1012 10000 10000 0 5
0.166667 0.194867 0.012835 200 204 1000 904 10000 10000 0 5
0.166667 0.163722 0.011368 200 197 1000 1036 10000 10000 0 5
0.166667 0.176815 0.011905 200 219 1000 986 10000 10000 0 5
0.166667 0.173345 0.011672 200 213 1000 1016 10000 10000 0 5
0.166667 0.150403 0.011089 200 184 1000 1045 10000 10000 0 5
0.166667 0.189503 0.012322 200 225 1000 958 10000 10000 0 5
0.166667 0.169876 0.012120 200 194 1000 952 10000 10000 0 5
0.166667 0.175799 0.011623 200 224 1000 1036 10000 10000 0 5
0.166667 0.173547 0.011735 200 211 1000 1011 10000 10000 0 5
0.166667 0.148582 0.011225 200 185 1000 995 10000 10000 0 5
0.166667 0.165194 0.011550 200 203 1000 995 10000 10000 0 5
0.166667 0.162600 0.011539 200 208 1000 1007 10000 10000 0 5
0.166667 0.182575 0.011795 200 219 1000 1026 10000 10000 0 5
0.166667 0.162409 0.011762 200 192 1000 982 10000 10000 0 5
0.166667 0.162059 0.011166 200 206 1000 1077 10000 10000 0 5
0.166667 0.164425 0.011604 200 195 1000 1005 10000 10000 0 5
0.166667 0.153294 0.011229 200 198 1000 1017 10000 10000 0 5
0.166667 0.145700 0.011037 200 189 1000 1029 10000 10000 0 5
0.166667 0.172580 0.012180 200 200 1000 937 10000 10000 0 5
0.166667 0.180083 0.012277 200 200 1000 945 10000 10000 0 5
0.166667 0.160924 0.011476 200 185 1000 997 10000 10000 0 5
0.166667 0.199057 0.012694 200 231 1000 921 10000 10000 0 5
0.166667 0.176102 0.011808 200 216 1000 1003 10000 10000 0 5
0.166667 0.166085 0.012237 200 173 1000 922 10000 10000 0 5
0.166667 0.175531 0.011611 200 218 1000 1013 10000 10000 0 5
0.166667 0.159293 0.011593 200 192 1000 995 10000 10000 0 5
0.166667 0.179178 0.011877 200 213 1000 968 10000 10000 0 5
0.166667 0.164289 0.011602 200 188 1000 1001 10000 10000 0 5
0.166667 0.151105 0.011288 200 180 1000 1008 10000 10000 0 5
0.166667 0.160533 0.011645 200 195 1000 982 10000 10000 0 5
0.166667 0.181754 0.011552 200 243 1000 1048 10000 10000 0 5
0.166667 0.171126 0.011947 200 202 1000 971 10000 10000 0 5
0.166667 0.173971 0.011449 200 217 1000 1044 10000 10000 0 5
0.166667 0.171949 0.011640 200 220 1000 1020 10000 10000 0 5
0.166667 0.168639 0.011780 200 193 1000 980 10000 10000 0 5
0.166667 0.170930 0.011699 200 196 1000 999 10000 10000 0 5
0.166667 0.173897 0.012066 200 206 1000 962 10000 10000 0 5
0.166667 0.159350 0.011423 200 197 1000 1022 10000 10000 0 5
0.166667 0.149686 0.011067 200 174 1000 1033 10000 10000 0 5
0.166667 0.174382 0.011804 200 199 1000 989 10000 10000 0 5
0.166667 0.172646 0.011800 200 206 1000 999 10000 10000 0 5
0.166667 0.155347 0.011413 200 185 1000 998 10000 10000 0 5
0.166667 0.149995 0.011192 200 183 1000 1043 10000 10000 0 5
0.166667 0.152918 0.011235 200 195 1000 1010 10000 10000 0 5
0.166667 0.166968 0.011342 200 202 1000 1053 10000 10000 0 5
0.166667 0.143269 0.010947 200 181 1000 1054 10000 10000 0 5
0.166667 0.167728 0.011426 200 204 1000 1040 10000 10000 0 5
0.166667 0.153366 0.011110 200 190 1000 1037 10000 10000 0 5
0.166667 0.137616 0.011026 200 171 1000 1015 10000 10000 0 5
0.166667 0.165867 0.011727 200 201 1000 977 10000 10000 0 5
0.166667 0.177124 0.011747 200 214 1000 997 10000 10000 0 5
0.166667 0.173034 0.011878 200 208 1000 988 10000 10000 0 5
0.166667 0.161569 0.011405 200 197 1000 1011 10000 10000 0 5
0.166667 0.172569 0.011997 200 214 1000 972 10000 10000 0 5
0.166667 0.156320 0.011667 200 176 1000 970 10000 10000 0 5
0.166667 0.179531 0.011647 200 226 1000 1026 10000 10000 0 5
0.166667 0.170436 0.011704 200 203 1000 1003 10000 10000 0 5
0.166667 0.163546 0.011636 200 195 1000 994 10000 10000 0 5
0.166667 0.167958 0.011930 200 185 1000 960 10000 10000 0 5
0.166667 0.156389 0.011459 200 185 1000 992 10000 10000 0 5
0.166667 0.170910 0.011742 200 209 1000 993 10000 10000 0 5
0.166667 0.167115 0.011631 200 199 1000 1004 10000 10000 0 5
0.166667 0.163551 0.011866 200 190 1000 960 10000 10000 0 5
0.166667 0.150461 0.011010 200 196 1000 1052 10000 10000 0 5
0.166667 0.167055 0.011573 200 201 1000 1028 10000 10000 0 5
0.166667 0.153176 0.011347 200 179 1000 998 10000 10000 0 5
0.166667 0.148509 0.011085 200 186 1000 1011 10000 10000 0 5
0.166667 0.175725 0.011939 200 202 1000 969 10000 10000 0 5
0.166667 0.153618 0.011395 200 181 1000 989 10000 10000 0 5
0.166667 0.158080 0.011132 200 195 1000 1046 10000 10000 0 5
0.166667 0.161264 0.011654 200 179 1000 973 10000 10000 0 5
0.166667 0.175463 0.011879 200 210 1000 989 10000 10000 0 5
0.166667 0.163239 0.011497 200 208 1000 1026 10000 10000 0 5
0.166667 0.175515 0.012009 200 213 1000 963 10000 10000 0 5
0.166667 0.160944 0.011807 200 177 1000 966 10000 10000 0 5
0.166667 0.157106 0.011639 200 185 1000 980 10000 10000 0 5
0.166667 0.151199 0.011349 200 180 1000 998 10000 10000 0 5
0.166667 0.148787 0.011081 200 183 1000 1039 10000 10000 0 5
0.166667 0.169663 0.011800 200 196 1000 988 10000 10000 0 5
0.166667 0.178521 0.012236 200 198 1000 954 10000 10000 0 5
0.166667 0.144996 0.011258 200 167 1000 982 10000 10000 0 5
0.166667 0.179154 0.011788 200 219 1000 1033 10000 10000 0 5
0.166667 0.155261 0.011225 200 192 1000 1030 10000 10000 0 5
0.166667 0.152963 0.011491 200 185 1000 984 10000 10000 0 5
0.166667 0.175661 0.011888 200 208 1000 984 10000 10000 0 5
0.166667 0.181051 0.011911 200 218 1000 982 10000 10000 0 5
0.166667 0.178080 0.012371 200 203 1000 924 10000 10000 0 5
0.166667 0.164709 0.011384 200 221 1000 1016 10000 10000 0 5
0.166667 0.198406 0.012342 200 229 1000 964 10000 10000 0 5
0.166667 0.165801 0.011739 200 195 1000 979 10000 10000 0 5
0.166667 0.151680 0.010979 200 180 1000 1056 10000 10000 0 5
0.166667 0.171721 0.011445 200 229 1000 1034 10000 10000 0 5
0.166667 0.170947 0.011922 200 202 1000 967 10000 10000 0 5
0.166667 0.167308 0.011814 200 196 1000 964 10000 10000 0 5
0.166667 0.156118 0.011229 200 186 1000 1027 10000 10000 0 5
0.166667 0.151380 0.011301 200 180 1000 1020 10000 10000 0 5
0.166667 0.165145 0.011497 200 198 1000 1043 10000 10000 0 5
0.166667 0.188661 0.012348 200 222 1000 951 10000 10000 0 5
0.166667 0.168105 0.011634 200 194 1000 994 10000 10000 0 5
0.166667 0.157300 0.011292 200 188 1000 1029 10000 10000 0 5
0.166667 0.162111 0.011348 200 206 1000 1040 10000 10000 0 5
0.166667 0.178995 0.012066 200 211 1000 999 10000 10000 0 5
0.166667 0.153289 0.011517 200 186 1000 975 10000 10000 0 5
0.166667 0.161020 0.011544 200 186 1000 987 10000 10000 0 5
0.166667 0.175115 0.011750 200 220 1000 991 10000 10000 0 5
0.166667 0.177213 0.011834 200 212 1000 992 10000 10000 0 5
0.166667 0.141862 0.011019 200 159 1000 1026 10000 10000 0 5
0.166667 0.191704 0.012048 200 242 1000 1016 10000 10000 0 5
0.166667 0.145507 0.011173 200 179 1000 1018 10000 10000 0 5
0.166667 0.176212 0.012319 200 195 1000 917 10000 10000 0 5
0.166667 0.173088 0.011690 200 201 1000 1002 10000 10000 0 5
0.166667 0.156601 0.011517 200 191 1000 993 10000 10000 0 5
0.166667 0.162615 0.011553 200 194 1000 988 10000 10000 0 5
0.166667 0.198698 0.012199 200 236 1000 988 10000 10000 0 5
0.166667 0.166182 0.011580 200 204 1000 1024 10000 10000 0 5
0.166667 0.162468 0.011573 200 195 1000 1005 10000 10000 0 5
0.166667 0.180652 0.011994 200 221 1000 998 10000 10000 0 5
0.166667 0.181998 0.012286 200 202 1000 953 10000 10000 0 5
0.166667 0.171044 0.012116 200 195 1000 954 10000 10000 0 5
0.166667 0.153900 0.011336 200 194 1000 1007 10000 10000 0 5
0.166667 0.176604 0.011802 200 217 1000 992 10000 10000 0 5
0.166667 0.177529 0.011870 200 210 1000 994 10000 10000 0 5
0.166667 0.148872 0.011180 200 187 1000 1010 10000 10000 0 5
0.166667 0.154194 0.011327 200 190 1000 1012 10000 10000 0 5
0.166667 0.166150 0.011271 200 198 1000 1074 10000 10000 0 5
0.166667 0.164147 0.011643 200 192 1000 988 10000 10000 0 5
0.166667 0.162083 0.011562 200 196 1000 991 10000 10000 0 5
0.166667 0.153986 0.011182 200 187 1000 1049 10000 10000 0 5
0.166667 0.161156 0.011579 200 186 1000 1014 10000 10000 0 5
0.166667 0.163903 0.011669 200 191 1000 964 10000 10000 0 5
0.166667 0.166817 0.011730 200 202 1000 1012 10000 10000 0 5
0.166667 0.165628 0.011501 200 208 1000 1037 10000 10000 0 5
0.166667 0.142599 0.011172 200 174 1000 999 10000 10000 0 5
0.166667 0.167585 0.011678 200 208 1000 1007 10000 10000 0 5
0.166667 0.171803 0.011474 200 210 1000 1030 10000 10000 0 5
0.166667 0.175931 0.012103 200 206 1000 939 10000 10000 0 5
0.166667 0.169529 0.011687 200 208 1000 994 10000 10000 0 5
0.166667 0.154566 0.011553 200 182 1000 985 10000 10000 0 5
0.166667 0.160186 0.011909 200 181 1000 948 10000 10000 0 5
0.166667 0.165173 0.011494 200 210 1000 1012 10000 10000 0 5
0.166667 0.167875 0.011732 200 193 1000 990 10000 10000 0 5
0.166667 0.157859 0.011478 200 187 1000 969 10000 10000 0 5
0.166667 0.173462 0.011714 200 204 1000 1009 10000 10000 0 5
0.166667 0.168889 0.011585 200 206 1000 1001 10000 10000 0 5
0.166667 0.176102 0.011743 200 220 1000 996 10000 10000 0 5
0.166667 0.170389 0.011691 200 207 1000 1016 10000 10000 0 5
0.166667 0.153939 0.011370 200 179 1000 1003 10000 10000 0 5
0.166667 0.177985 0.012164 200 213 1000 954 10000 10000 0 5
0.166667 0.170748 0.012082 200 191 1000 944 10000 10000 0 5
0.166667 0.173568 0.012094 200 199 1000 935 10000 10000 0 5
0.166667 0.166454 0.011638 200 199 1000 999 10000 10000 0 5
0.166667 0.171567 0.011783 200 203 1000 989 10000 10000 0 5
0.166667 0.165108 0.011718 200 197 1000 980 10000 10000 0 5
0.166667 0.160999 0.011569 200 194 1000 993 10000 10000 0 5
0.166667 0.152675 0.011178 200 192 1000 1041 10000 10000 0 5
0.166667 0.155461 0.011475 200 175 1000 981 10000 10000 0 5
0.166667 0.182656 0.012302 200 207 1000 936 10000 10000 0 5
0.166667 0.163650 0.011660 200 196 1000 963 10000 10000 0 5
0.166667 0.157818 0.011584 200 189 1000 980 10000 10000 0 5
0.166667 0.181273 0.011952 200 213 1000 979 10000 10000 0 5
0.166667 0.172149 0.011902 200 205 1000 1000 10000 10000 0 5
0.166667 0.179133 0.011922 200 201 1000 996 10000 10000 0 5
0.166667 0.166827 0.011644 200 209 1000 1015 10000 10000 0 5
0.166667 0.168745 0.011724 200 200 1000 992 10000 10000 0 5
0.166667 0.160818 0.011487 200 197 1000 1011 10000 10000 0 5
0.166667 0.155147 0.011343 200 179 1000 1016 10000 10000 0 5
0.166667 0.161184 0.011335 200 208 1000 1035 10000 10000 0 5
0.166667 0.146676 0.011164 200 173 1000 1014 10000 10000 0 5
0.166667 0.170789 0.011860 200 203 1000 982 10000 10000 0 5
0.166667 0.188487 0.012156 200 232 1000 957 10000 10000 0 5
0.166667 0.179511 0.012048 200 202 1000 988 10000 10000 0 5
0.166667 0.170396 0.011964 200 196 1000 972 10000 10000 0 5
0.166667 0.171245 0.011906 200 204 1000 990 10000 10000 0 5
0.166667 0.157746 0.011472 200 176 1000 993 10000 10000 0 5
0.166667 0.170992 0.011901 200 187 1000 981 10000 10000 0 5
0.166667 0.184867 0.011974 200 225 1000 991 10000 10000 0 5
0.166667 0.192839 0.012141 200 233 1000 977 10000 10000 0 5
0.166667 0.166076 0.011847 200 194 1000 977 10000 10000 0 5
0.166667 0.161398 0.011443 200 192 1000 989 10000 10000 0 5
0.166667 0.151961 0.011173 200 193 1000 1024 10000 10000 0 5
0.166667 0.173097 0.012091 200 207 1000 953 10000 10000 0 5
0.166667 0.157468 0.011303 200 186 1000 1010 10000 10000 0 5
0.166667 0.158480 0.011241 200 210 1000 1039 10000 10000 0 5
0.166667 0.141691 0.011235 200 165 1000 983 10000 10000 0 5
0.166667 0.162131 0.011203 200 197 1000 1041 10000 10000 0 5
0.166667 0.173426 0.011725 200 210 1000 1000 10000 10000 0 5
0.166667 0.168920 0.011674 200 202 1000 1010 10000 10000 0 5
0.166667 0.179790 0.012030 200 210 1000 970 10000 10000 0 5
0.166667 0.143710 0.010794 200 182 1000 1058 10000 10000 0 5
0.166667 0.161868 0.011367 200 194 1000 1033 10000 10000 0 5
0.166667 0.179419 0.011987 200 208 1000 954 10000 10000 0 5
0.166667 0.180569 0.012343 200 202 1000 928 10000 10000 0 5
0.166667 0.170407 0.011748 200 213 1000 994 10000 10000 0 5
0.166667 0.185548 0.011857 200 221 1000 1019 10000 10000 0 5
0.166667 0.174597 0.011967 200 211 1000 969 10000 10000 0 5
0.166667 0.182856 0.011815 200 222 1000 1016 10000 10000 0 5
0.166667 0.164175 0.011343 200 206 1000 1044 10000 10000 0 5
0.166667 0.147689 0.011192 200 177 1000 1028 10000 10000 0 5
0.166667 0.158848 0.011262 200 201 1000 1042 10000 10000 0 5
0.166667 0.165578 0.011665 200 200 1000 993 10000 10000 0 5
0.166667 0.175654 0.011748 200 208 1000 1000 10000 10000 0 5
0.166667 0.158327 0.011483 200 191 1000 1005 10000 10000 0 5
0.166667 0.171543 0.011907 200 205 1000 997 10000 10000 0 5
0.166667 0.176705 0.011657 200 218 1000 1019 10000 10000 0 5
0.166667 0.157693 0.011733 200 191 1000 956 10000 10000 0 5
0.166667 0.151732 0.011388 200 181 1000 1012 10000 10000 0 5
0.166667 0.170816 0.011324 200 218 1000 1047 10000 10000 0 5
0.166667 0.143391 0.011056 200 179 1000 996 10000 10000 0 5
0.166667 0.156089 0.011494 200 189 1000 1001 10000 10000 0 5
0.166667 0.172605 0.011642 200 214 1000 1017 10000 10000 0 5
0.166667 0.156822 0.011231 200 201 1000 1032 10000 10000 0 5
0.166667 0.153758 0.011094 200 187 1000 1037 10000 10000 0 5
0.166667 0.177496 0.012047 200 206 1000 968 10000 10000 0 5
0.166667 0.162989 0.011850 200 190 1000 961 10000 10000 0 5
0.166667 0.167367 0.011566 200 207 1000 1020 10000 10000 0 5
0.166667 0.178651 0.012072 200 207 1000 976 10000 10000 0 5
0.166667 0.177588 0.011938 200 220 1000 970 10000 10000 0 5
0.166667 0.168275 0.011718 200 196 1000 989 10000 10000 0 5
0.166667 0.160951 0.011632 200 189 1000 979 10000 10000 0 5
0.166667 0.193373 0.012297 200 226 1000 963 10000 10000 0 5
0.166667 0.159138 0.011407 200 199 1000 1011 10000 10000 0 5
0.166667 0.181368 0.011891 200 211 1000 997 10000 10000 0 5
0.166667 0.159976 0.011650 200 188 1000 968 10000 10000 0 5
0.166667 0.169407 0.012034 200 198 1000 952 10000 10000 0 5
0.166667 0.164208 0.011548 200 212 1000 1013 10000 10000 0 5
0.166667 0.178663 0.012069 200 205 1000 971 10000 10000 0 5
0.166667 0.153085 0.011260 200 200 1000 1001 10000 10000 0 5
0.166667 0.192009 0.012451 200 225 1000 947 10000 10000 0 5
0.166667 0.171521 0.011729 200 209 1000 1002 10000 10000 0 5
0.166667 0.147575 0.011263 200 171 1000 984 10000 10000 0 5
0.166667 0.175932 0.011718 200 212 1000 1009 10000 10000 0 5
0.166667 0.163006 0.011547 200 185 1000 1017 10000 10000 0 5
0.166667 0.165841 0.011538 200 210 1000 1021 10000 10000 0 5
0.166667 0.165974 0.011586 200 195 1000 1005 10000 10000 0 5
0.166667 0.178254 0.012056 200 221 1000 966 10000 10000 0 5
0.166667 0.170409 0.011643 200 208 1000 1012 10000 10000 0 5
0.166667 0.164674 0.011674 200 193 1000 980 10000 10000 0 5
0.166667 0.154982 0.011341 200 192 1000 1025 10000 10000 0 5
0.166667 0.149597 0.011478 200 181 1000 966 10000 10000 0 5
0.166667 0.163721 0.011913 200 195 1000 936 10000 10000 0 5
0.166667 0.189624 0.012289 200 223 1000 976 10000 10000 0 5
0.166667 0.154202 0.010972 200 183 1000 1068 10000 10000 0 5
0.166667 0.161700 0.011240 200 215 1000 1067 10000 10000 0 5
0.166667 0.169982 0.011580 200 217 1000 1021 10000 10000 0 5
0.166667 0.176737 0.011950 200 201 1000 964 10000 10000 0 5
0.166667 0.154613 0.011522 200 185 1000 982 10000 10000 0 5
0.166667 0.152819 0.011306 200 184 1000 1000 10000 10000 0 5
0.166667 0.164962 0.011644 200 207 1000 991 10000 10000 0 5
0.166667 0.161403 0.011737 200 189 1000 961 10000 10000 0 5
0.166667 0.146365 0.010780 200 193 1000 1073 10000 10000 0 5
0.166667 0.160704 0.011663 200 188 1000 973 10000 10000 0 5
0.166667 0.180982 0.011879 200 220 1000 1022 10000 10000 0 5
0.166667 0.162001 0.011519 200 191 1000 989 10000 10000 0 5
0.166667 0.146674 0.011051 200 188 1000 1047 10000 10000 0 5
0.166667 0.165860 0.011739 200 202 1000 980 10000 10000 0 5
0.166667 0.187640 0.012056 200 223 1000 981 10000 10000 0 5
0.166667 0.170646 0.012022 200 196 1000 965 10000 10000 0 5
0.166667 0.160369 0.011525 200 194 1000 1000 10000 10000 0 5
0.166667 0.176198 0.012100 200 204 1000 971 10000 10000 0 5
0.166667 0.160521 0.011868 200 183 1000 964 10000 10000 0 5
0.166667 0.174987 0.011959 200 203 1000 974 10000 10000 0 5
0.166667 0.164470 0.011361 200 208 1000 1041 10000 10000 0 5
0.166667 0.162688 0.011284 200 200 1000 1033 10000 10000 0 5
0.166667 0.188020 0.011972 200 232 1000 1010 10000 10000 0 5
0.166667 0.157114 0.011437 200 188 1000 990 10000 10000 0 5
0.166667 0.171153 0.011725 200 208 1000 1002 10000 10000 0 5
0.166667 0.174330 0.011777 200 205 1000 1003 10000 10000 0 5
0.166667 0.163018 0.011430 200 196 1000 1016 10000 10000 0 5
0.166667 0.186586 0.011780 200 232 1000 1042 10000 10000 0 5
0.166667 0.152622 0.011420 200 178 1000 983 10000 10000 0 5
0.166667 0.164912 0.011750 200 188 1000 970 10000 10000 0 5
0.166667 0.165744 0.011392 200 213 1000 1029 10000 10000 0 5
0.166667 0.145715 0.011016 200 182 1000 1027 10000 10000 0 5
0.166667 0.166115 0.011660 200 194 1000 981 10000 10000 0 5
0.166667 0.177948 0.012053 200 207 1000 964 10000 10000 0 5
0.166667 0.177266 0.011891 200 212 1000 986 10000 10000 0 5
0.166667 0.163955 0.011760 200 195 1000 970 10000 10000 0 5
0.166667 0.176043 0.011871 200 205 1000 990 10000 10000 0 5
0.166667 0.162736 0.011566 200 197 1000 982 10000 10000 0 5
0.166667 0.169234 0.011562 200 200 1000 1022 10000 10000 0 5
0.166667 0.181831 0.012190 200 202 1000 943 10000 10000 0 5
0.166667 0.173895 0.011739 200 212 1000 996 10000 10000 0 5
0.166667 0.163736 0.011243 200 205 1000 1059 10000 10000 0 5
0.166667 0.156776 0.011258 200 194 1000 1040 10000 10000 0 5
0.166667 0.185722 0.012072 200 217 1000 985 10000 10000 0 5
0.166667 0.171683 0.011890 200 198 1000 984 10000 10000 0 5
0.166667 0.158858 0.011421 200 195 1000 1008 10000 10000 0 5
0.166667 0.166403 0.011566 200 214 1000 1004 10000 10000 0 5
0.166667 0.156927 0.011472 200 179 1000 1000 10000 10000 0 5
0.166667 0.159647 0.011374 200 193 1000 1034 10000 10000 0 5
0.166667 0.143068 0.010888 200 173 1000 1027 10000 10000 0 5
0.166667 0.169005 0.011783 200 201 1000 1001 10000 10000 0 5
0.166667 0.157519 0.011489 200 197 1000 984 10000 10000 0 5
0.166667 0.166573 0.011584 200 197 1000 1002 10000 10000 0 5
0.166667 0.151257 0.011163 200 198 1000 1033 10000 10000 0 5
0.166667 0.169911 0.011604 200 195 1000 1021 10000 10000 0 5
0.166667 0.155157 0.011189 200 197 1000 1057 10000 10000 0 5
0.166667 0.188012 0.012198 200 219 1000 958 10000 10000 0 5
0.166667 0.173180 0.011704 200 218 1000 994 10000 10000 0 5
0.166667 0.183731 0.012142 200 209 1000 958 10000 10000 0 5
0.166667 0.153877 0.011142 200 180 1000 1044 10000 10000 0 5
0.166667 0.161470 0.011741 200 181 1000 979 10000 10000 0 5
0.166667 0.159659 0.011741 200 188 1000 970 10000 10000 0 5
0.166667 0.159058 0.011534 200 188 1000 989 10000 10000 0 5
0.166667 0.185349 0.011986 200 213 1000 995 10000 10000 0 5
0.166667 0.146962 0.011238 200 181 1000 992 10000 10000 0 5
0.166667 0.176276 0.011769 200 212 1000 1003 10000 10000 0 5
0.166667 0.169145 0.011320 200 214 1000 1073 10000 10000 0 5
0.166667 0.176464 0.011691 200 217 1000 1002 10000 10000 0 5
0.166667 0.176122 0.011554 200 215 1000 1035 10000 10000 0 5
0.166667 0.172624 0.011892 200 212 1000 1000 10000 10000 0 5
0.166667 0.158408 0.011356 200 198 1000 1031 10000 10000 0 5
0.166667 0.162504 0.011678 200 192 1000 986 10000 10000 0 5
0.166667 0.182396 0.011836 200 229 1000 1018 10000 10000 0 5
0.166667 0.155161 0.011177 200 183 1000 1047 10000 10000 0 5
0.166667 0.170191 0.011280 200 216 1000 1046 10000 10000 0 5
0.166667 0.149784 0.010905 200 189 1000 1064 10000 10000 0 5
0.166667 0.170561 0.011993 200 197 1000 965 10000 10000 0 5
0.166667 0.167723 0.011557 200 197 1000 1013 10000 10000 0 5
0.166667 0.157653 0.011169 200 198 1000 1044 10000 10000 0 5
0.166667 0.175421 0.011721 200 204 1000 998 10000 10000 0 5
0.166667 0.161068 0.011448 200 187 1000 998 10000 10000 0 5
0.166667 0.185690 0.011974 200 228 1000 996 10000 10000 0 5
0.166667 0.153293 0.011299 200 191 1000 1024 10000 10000 0 5
0.166667 0.162533 0.011828 200 199 1000 956 10000 10000 0 5
0.166667 0.149971 0.011232 200 184 1000 1016 10000 10000 0 5
0.166667 0.153221 0.011204 200 196 1000 1025 10000 10000 0 5
0.166667 0.180584 0.012034 200 207 1000 973 10000 10000 0 5
0.166667 0.164515 0.011627 200 189 1000 996 10000 10000 0 5
0.166667 0.152544 0.011339 200 184 1000 996 10000 10000 0 5
0.166667 0.162240 0.011623 200 188 1000 985 10000 10000 0 5
0.166667 0.150982 0.011529 200 182 1000 963 10000 10000 0 5
0.166667 0.171124 0.011417 200 206 1000 1057 10000 10000 0 5
0.166667 0.172403 0.011888 200 194 1000 988 10000 10000 0 5
0.166667 0.162450 0.011922 200 180 1000 937 10000 10000 0 5
0.166667 0.152451 0.011044 200 192 1000 1044 10000 10000 0 5
0.166667 0.183189 0.012329 200 202 1000 941 10000 10000 0 5
0.166667 0.159194 0.011346 200 193 1000 1024 10000 10000 0 5
0.166667 0.165925 0.011486 200 211 1000 1019 10000 10000 0 5
0.166667 0.154965 0.011324 200 183 1000 1008 10000 10000 0 5
0.166667 0.141647 0.010916 200 176 1000 1047 10000 10000 0 5
0.166667 0.164185 0.011420 200 204 1000 1063 10000 10000 0 5
0.166667 0.153470 0.011516 200 176 1000 965 10000 10000 0 5
0.166667 0.159982 0.011884 200 176 1000 947 10000 10000 0 5
0.166667 0.164284 0.011796 200 193 1000 968 10000 10000 0 5
0.166667 0.170985 0.011466 200 202 1000 1027 10000 10000 0 5
0.166667 0.157545 0.011730 200 194 1000 958 10000 10000 0 5
0.166667 0.178793 0.012031 200 214 1000 983 10000 10000 0 5
0.166667 0.177292 0.012318 200 191 1000 925 10000 10000 0 5
0.166667 0.164737 0.011812 200 193 1000 969 10000 10000 0 5
0.166667 0.165356 0.011342 200 210 1000 1042 10000 10000 0 5
0.166667 0.160358 0.011651 200 198 1000 986 10000 10000 0 5
0.166667 0.159233 0.011942 200 188 1000 943 10000 10000 0 5
0.166667 0.149543 0.011517 200 193 1000 984 10000 10000 0 5
0.166667 0.177032 0.011689 200 222 1000 1034 10000 10000 0 5
0.166667 0.148337 0.010968 200 174 1000 1029 10000 10000 0 5
0.166667 0.166376 0.011711 200 193 1000 993 10000 10000 0 5
0.166667 0.177449 0.011925 200 212 1000 987 10000 10000 0 5
0.166667 0.163975 0.011241 200 212 1000 1058 10000 10000 0 5
0.166667 0.177761 0.011987 200 210 1000 978 10000 10000 0 5
0.166667 0.175087 0.011832 200 215 1000 992 10000 10000 0 5
0.166667 0.173824 0.011932 200 207 1000 969 10000 10000 0 5
0.166667 0.175229 0.012156 200 206 1000 977 10000 10000 0 5
0.166667 0.174804 0.012170 200 205 1000 930 10000 10000 0 5
0.166667 0.162542 0.011653 200 193 1000 987 10000 10000 0 5
0.166667 0.162612 0.011480 200 195 1000 1014 10000 10000 0 5
0.166667 0.185465 0.011934 200 226 1000 997 10000 10000 0 5
0.166667 0.161324 0.011350 200 204 1000 1046 10000 10000 0 5
0.166667 0.165233 0.011493 200 200 1000 1031 10000 10000 0 5
0.166667 0.182328 0.012066 200 211 1000 976 10000 10000 0 5
0.166667 0.161317 0.011614 200 196 1000 989 10000 10000 0 5
0.166667 0.183363 0.012070 200 209 1000 972 10000 10000 0 5
0.166667 0.176172 0.011848 200 202 1000 1004 10000 10000 0 5
0.166667 0.172736 0.011668 200 206 1000 1018 10000 10000 0 5
0.166667 0.152960 0.011180 200 182 1000 1014 10000 10000 0 5
0.166667 0.155858 0.011228 200 204 1000 1036 10000 10000 0 5
0.166667 0.177588 0.011992 200 208 1000 966 10000 10000 0 5
0.166667 0.180812 0.012028 200 219 1000 988 10000 10000 0 5
0.166667 0.180534 0.012100 200 217 1000 961 10000 10000 0 5
0.166667 0.186112 0.011980 200 213 1000 969 10000 10000 0 5
0.166667 0.149209 0.011204 200 187 1000 1024 10000 10000 0 5
0.166667 0.174481 0.011559 200 210 1000 1025 10000 10000 0 5
0.166667 0.145692 0.011194 200 173 1000 1001 10000 10000 0 5
0.166667 0.158156 0.011333 200 195 1000 1027 10000 10000 0 5
0.166667 0.175329 0.012264 200 202 1000 945 10000 10000 0 5
0.166667 0.158032 0.011490 200 182 1000 986 10000 10000 0 5
0.166667 0.156537 0.011321 200 181 1000 1006 10000 10000 0 5
0.166667 0.159693 0.011667 200 197 1000 988 10000 10000 0 5
0.166667 0.159714 0.011388 200 198 1000 1016 10000 10000 0 5
0.166667 0.179927 0.012201 200 209 1000 949 10000 10000 0 5
0.166667 0.168428 0.011437 200 210 1000 1033 10000 10000 0 5
0.166667 0.143233 0.010971 200 186 1000 1059 10000 10000 0 5
0.166667 0.188590 0.012455 200 214 1000 940 10000 10000 0 5
0.166667 0.135764 0.010831 200 174 1000 1031 10000 10000 0 5
0.166667 0.172512 0.012025 200 188 1000 957 10000 10000 0 5
0.166667 0.184317 0.011692 200 223 1000 1046 10000 10000 0 5
0.166667 0.168873 0.011713 200 198 1000 988 10000 10000 0 5
0.166667 0.179327 0.011937 200 214 1000 986 10000 10000 0 5
0.166667 0.146320 0.011158 200 169 1000 1024 10000 10000 0 5
0.166667 0.155053 0.011513 200 187 1000 996 10000 10000 0 5
0.166667 0.174956 0.011815 200 208 1000 986 10000 10000 0 5
0.166667 0.154391 0.011207 200 189 1000 1022 10000 10000 0 5
0.166667 0.151803 0.011408 200 188 1000 996 10000 10000 0 5
0.166667 0.151431 0.011082 200 196 1000 1047 10000 10000 0 5
0.166667 0.159300 0.011680 200 192 1000 981 10000 10000 0 5
0.166667 0.179603 0.012074 200 199 1000 967 10000 10000 0 5
0.166667 0.170949 0.011714 200 214 1000 1002 10000 10000 0 5
0.166667 0.163548 0.011410 200 200 1000 1040 10000 10000 0 5
0.166667 0.160960 0.011411 200 196 1000 1026 10000 10000 0 5
0.166667 0.179946 0.011630 200 230 1000 1032 10000 10000 0 5
0.166667 0.158588 0.011637 200 195 1000 986 10000 10000 0 5
0.166667 0.170114 0.011541 200 217 1000 1016 10000 10000 0 5
0.166667 0.149920 0.011253 200 185 1000 1015 10000 10000 0 5
0.166667 0.154032 0.011525 200 187 1000 974 10000 10000 0 5
0.166667 0.201236 0.012092 200 248 1000 997 10000 10000 0 5
0.166667 0.162162 0.011455 200 197 1000 1018 10000 10000 0 5
0.166667 0.167788 0.011423 200 203 1000 1025 10000 10000 0 5
0.166667 0.165217 0.011561 200 199 1000 1016 10000 10000 0 5
0.166667 0.170938 0.011795 200 204 1000 979 10000 10000 0 5
0.166667 0.168752 0.011973 200 191 1000 967 10000 10000 0 5
0.166667 0.168518 0.011801 200 212 1000 993 10000 10000 0 5
0.166667 0.176226 0.011973 200 209 1000 946 10000 10000 0 5
0.166667 0.166130 0.011460 200 207 1000 1033 10000 10000 0 5
0.166667 0.173971 0.011468 200 218 1000 1045 10000 10000 0 5
0.166667 0.158953 0.011672 200 183 1000 964 10000 10000 0 5
0.166667 0.172547 0.011966 200 196 1000 951 10000 10000 0 5
0.166667 0.177740 0.011791 200 217 1000 995 10000 10000 0 5
0.166667 0.178019 0.011898 200 206 1000 988 10000 10000 0 5
0.166667 0.170015 0.011612 200 199 1000 1027 10000 10000 0 5
0.166667 0.162844 0.011462 200 187 1000 1024 10000 10000 0 5
0.166667 0.168002 0.011313 200 210 1000 1044 10000 10000 0 5
0.166667 0.171222 0.012179 200 199 1000 924 10000 10000 0 5
0.166667 0.167865 0.011876 200 202 1000 968 10000 10000 0 5
0.166667 0.190394 0.011862 200 226 1000 1016 10000 10000 0 5
0.166667 0.178755 0.012365 200 204 1000 924 10000 10000 0 5
0.166667 0.184592 0.011975 200 221 1000 990 10000 10000 0 5
0.166667 0.153735 0.011511 200 183 1000 1002 10000 10000 0 5
0.166667 0.164361 0.011712 200 197 1000 974 10000 10000 0 5
0.166667 0.170843 0.011543 200 215 1000 1037 10000 10000 0 5
0.166667 0.156438 0.011511 200 174 1000 986 10000 10000 0 5
0.166667 0.160815 0.011581 200 195 1000 989 10000 10000 0 5
0.166667 0.169643 0.011855 200 193 1000 977 10000 10000 0 5
0.166667 0.162866 0.011678 200 191 1000 975 10000 10000 0 5
0.166667 0.158535 0.011663 200 182 1000 977 10000 10000 0 5
0.166667 0.160226 0.011363 200 209 1000 1048 10000 10000 0 5
0.166667 0.178839 0.011974 200 219 1000 1005 10000 10000 0 5
0.166667 0.147780 0.011444 200 171 1000 981 10000 10000 0 5
0.166667 0.145608 0.010845 200 188 1000 1049 10000 10000 0 5
0.166667 0.161259 0.011489 200 195 1000 1035 10000 10000 0 5
0.166667 0.149281 0.011309 200 165 1000 975 10000 10000 0 5
0.166667 0.184826 0.011937 200 217 1000 1007 10000 10000 0 5
0.166667 0.164180 0.011462 200 194 1000 1027 10000 10000 0 5
0.166667 0.185408 0.012152 200 209 1000 978 10000 10000 0 5
0.166667 0.161732 0.011148 200 203 1000 1064 10000 10000 0 5
0.166667 0.161414 0.011268 200 195 1000 1043 10000 10000 0 5
0.166667 0.151022 0.011193 200 180 1000 1030 10000 10000 0 5
0.166667 0.157010 0.011452 200 180 1000 1002 10000 10000 0 5
0.166667 0.143121 0.011353 200 174 1000 965 10000 10000 0 5
0.166667 0.175495 0.011625 200 217 1000 1024 10000 10000 0 5
0.166667 0.175131 0.012090 200 200 1000 944 10000 10000 0 5
0.166667 0.137108 0.010745 200 164 1000 1052 10000 10000 0 5
0.166667 0.146649 0.011006 200 187 1000 1045 10000 10000 0 5
0.166667 0.183732 0.012377 200 207 1000 925 10000 10000 0 5
0.166667 0.155111 0.011382 200 181 1000 1008 10000 10000 0 5
0.166667 0.156940 0.011361 200 186 1000 1021 10000 10000 0 5
0.166667 0.165861 0.011602 200 197 1000 1010 10000 10000 0 5
0.166667 0.168423 0.011936 200 194 1000 963 10000 10000 0 5
0.166667 0.158660 0.011562 200 187 1000 977 10000 10000 0 5
0.166667 0.184084 0.012227 200 223 1000 954 10000 10000 0 5
0.166667 0.170107 0.011591 200 205 1000 1007 10000 10000 0 5
0.166667 0.146512 0.010985 200 177 1000 1024 10000 10000 0 5
0.166667 0.156920 0.011336 200 195 1000 1028 10000 10000 0 5
0.166667 0.167460 0.011547 200 203 1000 1012 10000 10000 0 5
0.166667 0.143479 0.011133 200 177 1000 997 10000 10000 0 5
0.166667 0.161804 0.011423 200 206 1000 1015 10000 10000 0 5
0.166667 0.182417 0.011888 200 222 1000 991 10000 10000 0 5
0.166667 0.174368 0.011867 200 209 1000 996 10000 10000 0 5
0.166667 0.150756 0.011471 200 190 1000 975 10000 10000 0 5
0.166667 0.168074 0.011237 200 221 1000 1067 10000 10000 0 5
0.166667 0.162644 0.011684 200 196 1000 975 10000 10000 0 5
0.166667 0.166023 0.011577 200 193 1000 1018 10000 10000 0 5
0.166667 0.172849 0.011732 200 214 1000 1007 10000 10000 0 5
0.166667 0.168196 0.011895 200 194 1000 951 10000 10000 0 5
0.166667 0.151614 0.011390 200 185 1000 1002 10000 10000 0 5
0.166667 0.167534 0.011814 200 194 1000 966 10000 10000 0 5
0.166667 0.161071 0.011830 200 182 1000 944 10000 10000 0 5
0.166667 0.151769 0.011189 200 177 1000 1044 10000 10000 0 5
0.166667 0.165459 0.011343 200 209 1000 1029 10000 10000 0 5
0.166667 0.157776 0.011528 200 185 1000 997 10000 10000 0 5
0.166667 0.189694 0.012229 200 233 1000 968 10000 10000 0 5
0.166667 0.178492 0.011925 200 212 1000 966 10000 10000 0 5
0.166667 0.157122 0.011475 200 192 1000 998 10000 10000 0 5
0.166667 0.184090 0.011746 200 225 1000 1030 10000 10000 0 5
0.166667 0.180778 0.012242 200 219 1000 940 10000 10000 0 5
0.166667 0.170745 0.011737 200 202 1000 985 10000 10000 0 5
0.166667 0.177140 0.011586 200 219 1000 1040 10000 10000 0 5
0.166667 0.181106 0.012271 200 201 1000 936 10000 10000 0 5
0.166667 0.169169 0.011606 200 204 1000 1017 10000 10000 0 5
0.166667 0.176388 0.012058 200 211 1000 944 10000 10000 0 5
0.166667 0.174686 0.011981 200 202 1000 965 10000 10000 0 5
0.166667 0.172813 0.011745 200 218 1000 998 10000 10000 0 5
0.166667 0.167166 0.011295 200 208 1000 1050 10000 10000 0 5
0.166667 0.171307 0.011612 200 209 1000 1011 10000 10000 0 5
0.166667 0.157920 0.011780 200 182 1000 957 10000 10000 0 5
0.166667 0.158119 0.011311 200 203 1000 1053 10000 10000 0 5
0.166667 0.185628 0.012114 200 220 1000 980 10000 10000 0 5
0.166667 0.178418 0.011860 200 207 1000 993 10000 10000 0 5
0.166667 0.162507 0.011516 200 194 1000 1006 10000 10000 0 5
0.166667 0.184754 0.012184 200 222 1000 965 10000 10000 0 5
0.166667 0.143502 0.011059 200 183 1000 1023 10000 10000 0 5
0.166667 0.185155 0.011874 200 226 1000 1016 10000 10000 0 5
0.166667 0.174951 0.011702 200 206 1000 983 10000 10000 0 5
0.166667 0.168482 0.011775 200 208 1000 988 10000 10000 0 5
0.166667 0.147050 0.011116 200 177 1000 997 10000 10000 0 5
0.166667 0.161546 0.011572 200 193 1000 983 10000 10000 0 5
0.166667 0.155070 0.011409 200 180 1000 994 10000 10000 0 5
0.166667 0.153244 0.011580 200 176 1000 958 10000 10000 0 5
0.166667 0.170994 0.011839 200 200 1000 981 10000 10000 0 5
0.166667 0.166687 0.011509 200 208 1000 1025 10000 10000 0 5
0.166667 0.170053 0.011796 200 203 1000 976 10000 10000 0 5
0.166667 0.156305 0.011746 200 180 1000 951 10000 10000 0 5
0.166667 0.161467 0.011607 200 193 1000 995 10000 10000 0 5
0.166667 0.160578 0.011500 200 198 1000 1007 10000 10000 0 5
0.166667 0.154149 0.011299 200 185 1000 1006 10000 10000 0 5
0.166667 0.164654 0.011372 200 209 1000 1031 10000 10000 0 5
0.166667 0.144012 0.011102 200 176 1000 1005 10000 10000 0 5
0.166667 0.171826 0.011748 200 211 1000 981 10000 10000 0 5
0.166667 0.156648 0.010999 200 214 1000 1090 10000 10000 0 5
0.166667 0.157323 0.011153 200 194 1000 1054 10000 10000 0 5
0.166667 0.162018 0.011368 200 206 1000 1017 10000 10000 0 5
0.166667 0.165242 0.011808 200 198 1000 980 10000 10000 0 5
0.166667 0.167145 0.011698 200 201 1000 1000 10000 10000 0 5
0.166667 0.175605 0.011960 200 206 1000 976 10000 10000 0 5
0.166667 0.169739 0.011375 200 213 1000 1049 10000 10000 0 5
0.166667 0.163995 0.011777 200 185 1000 972 10000 10000 0 5
0.166667 0.168180 0.011572 200 213 1000 1011 10000 10000 0 5
0.166667 0.148806 0.011369 200 178 1000 996 10000 10000 0 5
0.166667 0.158406 0.011524 200 192 1000 986 10000 10000 0 5
0.166667 0.167049 0.011776 200 200 1000 969 10000 10000 0 5
0.166667 0.159934 0.011160 200 205 1000 1045 10000 10000 0 5
0.166667 0.166064 0.011389 200 216 1000 1020 10000 10000 0 5
0.166667 0.181825 0.011692 200 228 1000 1040 10000 10000 0 5
0.166667 0.183020 0.011914 200 234 1000 989 10000 10000 0 5
0.166667 0.169115 0.011828 200 201 1000 992 10000 10000 0 5
0.166667 0.155075 0.011645 200 180 1000 967 10000 10000 0 5
0.166667 0.179593 0.012079 200 209 1000 967 10000 10000 0 5
0.166667 0.147966 0.011309 200 170 1000 1009 10000 10000 0 5
0.166667 0.182879 0.011936 200 233 1000 996 10000 10000 0 5
0.166667 0.152009 0.011079 200 188 1000 1046 10000 10000 0 5
0.166667 0.173921 0.011852 200 208 1000 977 10000 10000 0 5
0.166667 0.191274 0.011975 200 231 1000 998 10000 10000 0 5
0.166667 0.168960 0.011544 200 209 1000 1023 10000 10000 0 5
0.166667 0.173464 0.011579 200 221 1000 1031 10000 10000 0 5
0.166667 0.170736 0.011510 200 207 1000 1017 10000 10000 0 5
0.166667 0.152596 0.011264 200 194 1000 1036 10000 10000 0 5
0.166667 0.160104 0.011398 200 189 1000 1024 10000 10000 0 5
0.166667 0.167509 0.011153 200 220 1000 1087 10000 10000 0 5
0.166667 0.167274 0.011769 200 188 1000 970 10000 10000 0 5
0.166667 0.159031 0.011375 200 192 1000 1019 10000 10000 0 5
0.166667 0.155239 0.011221 200 191 1000 1028 10000 10000 0 5
0.166667 0.172616 0.012000 200 207 1000 952 10000 10000 0 5
0.166667 0.167931 0.011763 200 197 1000 990 10000 10000 0 5
0.166667 0.152099 0.011266 200 187 1000 985 10000 10000 0 5
0.166667 0.170593 0.011677 200 211 1000 1001 10000 10000 0 5
0.166667 0.174697 0.011883 200 214 1000 959 10000 10000 0 5
0.166667 0.166602 0.011557 200 199 1000 1014 10000 10000 0 5
0.166667 0.200701 0.012492 200 228 1000 952 10000 10000 0 5
0.166667 0.192647 0.012157 200 234 1000 982 10000 10000 0 5
0.166667 0.155283 0.011365 200 190 1000 1000 10000 10000 0 5
0.166667 0.167457 0.011453 200 202 1000 1020 10000 10000 0 5
0.166667 0.171841 0.011932 200 207 1000 980 10000 10000 0 5
0.166667 0.153403 0.011509 200 185 1000 985 10000 10000 0 5
0.166667 0.173966 0.011909 200 201 1000 984 10000 10000 0 5
0.166667 0.152894 0.010940 200 195 1000 1074 10000 10000 0 5
0.166667 0.164284 0.011679 200 197 1000 996 10000 10000 0 5
0.166667 0.164183 0.011579 200 201 1000 1016 10000 10000 0 5
0.166667 0.165143 0.011959 200 197 1000 942 10000 10000 0 5
0.166667 0.170122 0.011815 200 207 1000 995 10000 10000 0 5
0.166667 0.154190 0.011172 200 187 1000 1020 10000 10000 0 5
0.166667 0.166725 0.011513 200 207 1000 1021 10000 10000 0 5
0.166667 0.152214 0.011265 200 183 1000 1005 10000 10000 0 5
0.166667 0.160281 0.011750 200 191 1000 958 10000 10000 0 5
0.166667 0.162049 0.011439 200 211 1000 1041 10000 10000 0 5
0.166667 0.164660 0.011606 200 204 1000 999 10000 10000 0 5
0.166667 0.175816 0.011706 200 223 1000 1013 10000 10000 0 5
0.166667 0.173970 0.011699 200 212 1000 1002 10000 10000 0 5
0.166667 0.151564 0.011297 200 178 1000 1002 10000 10000 0 5
0.166667 0.147583 0.011311 200 180 1000 1006 10000 10000 0 5
0.166667 0.186515 0.012149 200 211 1000 960 10000 10000 0 5
0.166667 0.172266 0.011678 200 209 1000 1003 10000 10000 0 5
0.166667 0.175380 0.012034 200 198 1000 948 10000 10000 0 5
0.166667 0.175233 0.011497 200 214 1000 1052 10000 10000 0 5
0.166667 0.151235 0.011381 200 179 1000 1005 10000 10000 0 5
0.166667 0.165427 0.011704 200 193 1000 974 10000 10000 0 5
0.166667 0.167293 0.011532 200 195 1000 1022 10000 10000 0 5
0.166667 0.184863 0.011923 200 221 1000 993 10000 10000 0 5
0.166667 0.181310 0.011991 200 217 1000 984 10000 10000 0 5
0.166667 0.152309 0.011442 200 183 1000 981 10000 10000 0 5
0.166667 0.167047 0.011651 200 204 1000 989 10000 10000 0 5
0.166667 0.164619 0.011582 200 192 1000 1007 10000 10000 0 5
0.166667 0.172634 0.011489 200 215 1000 1029 10000 10000 0 5
0.166667 0.150246 0.011301 200 182 1000 1019 10000 10000 0 5
0.166667 0.153498 0.011786 200 185 1000 964 10000 10000 0 5
0.166667 0.159193 0.011278 200 203 1000 1018 10000 10000 0 5
0.166667 0.163182 0.011388 200 206 1000 1021 10000 10000 0 5
0.166667 0.159165 0.011599 200 189 1000 1003 10000 10000 0 5
0.166667 0.167195 0.011652 200 203 1000 985 10000 10000 0 5
0.166667 0.174953 0.012067 200 208 1000 963 10000 10000 0 5
0.166667 0.136288 0.010954 200 171 1000 1012 10000 10000 0 5
0.166667 0.161990 0.011810 200 186 1000 961 10000 10000 0 5
0.166667 0.164162 0.011323 200 195 1000 1036 10000 10000 0 5
0.166667 0.157474 0.011548 200 179 1000 989 10000 10000 0 5
0.166667 0.155092 0.011214 200 183 1000 1035 10000 10000 0 5
0.166667 0.151033 0.011163 200 185 1000 1022 10000 10000 0 5
0.166667 0.137312 0.011017 200 179 1000 997 10000 10000 0 5
0.166667 0.163669 0.011714 200 200 1000 991 10000 10000 0 5
0.166667 0.159173 0.011550 200 189 1000 989 10000 10000 0 5
0.166667 0.158987 0.011488 200 186 1000 1017 10000 10000 0 5
0.166667 0.169239 0.011681 200 214 1000 989 10000 10000 0 5
0.166667 0.162506 0.011576 200 203 1000 992 10000 10000 0 5
0.166667 0.180904 0.011983 200 203 1000 979 10000 10000 0 5
0.166667 0.194740 0.012485 200 221 1000 938 10000 10000 0 5
0.166667 0.172861 0.011851 200 205 1000 994 10000 10000 0 5
0.166667 0.170755 0.011942 200 194 1000 949 10000 10000 0 5
0.166667 0.179246 0.011965 200 209 1000 975 10000 10000 0 5
0.166667 0.170141 0.011784 200 203 1000 987 10000 10000 0 5
0.166667 0.181803 0.012233 200 194 1000 955 10000 10000 0 5
0.166667 0.177504 0.012073 200 198 1000 957 10000 10000 0 5
0.166667 0.162028 0.011622 200 200 1000 999 10000 10000 0 5
0.166667 0.173052 0.011500 200 208 1000 1049 10000 10000 0 5
0.166667 0.161435 0.011206 200 198 1000 1068 10000 10000 0 5
0.166667 0.168605 0.012083 200 183 1000 921 10000 10000 0 5
0.166667 0.180643 0.011868 200 218 1000 992 10000 10000 0 5
0.166667 0.161983 0.011458 200 198 1000 1019 10000 10000 0 5
0.166667 0.130210 0.010672 200 165 1000 1031 10000 10000 0 5
0.166667 0.169008 0.011932 200 202 1000 957 10000 10000 0 5
0.166667 0.155097 0.011245 200 185 1000 1001 10000 10000 0 5
0.166667 0.177010 0.011461 200 216 1000 1053 10000 10000 0 5
0.166667 0.168069 0.011672 200 202 1000 1012 10000 10000 0 5
0.166667 0.181716 0.012081 200 204 1000 984 10000 10000 0 5
0.166667 0.173894 0.011696 200 216 1000 1013 10000 10000 0 5
0.166667 0.162889 0.011497 200 191 1000 1007 10000 10000 0 5
0.166667 0.159564 0.011834 200 176 1000 944 10000 10000 0 5
0.166667 0.166142 0.011645 200 198 1000 987 10000 10000 0 5
0.166667 0.163771 0.011449 200 215 1000 1040 10000 10000 0 5
0.166667 0.180110 0.011882 200 218 1000 992 10000 10000 0 5
0.166667 0.172992 0.011860 200 198 1000 1010 10000 10000 0 5
0.166667 0.172905 0.011989 200 191 1000 955 10000 10000 0 5
0.166667 0.175513 0.011731 200 206 1000 1033 10000 10000 0 5
0.166667 0.175558 0.011679 200 216 1000 1019 10000 10000 0 5
0.166667 0.145663 0.011261 200 178 1000 1003 10000 10000 0 5
0.166667 0.168795 0.011574 200 213 1000 1020 10000 10000 0 5
0.166667 0.171276 0.011936 200 203 1000 972 10000 10000 0 5
0.166667 0.167759 0.011916 200 181 1000 977 10000 10000 0 5
0.166667 0.180743 0.011531 200 218 1000 1027 10000 10000 0 5
0.166667 0.149313 0.011367 200 173 1000 999 10000 10000 0 5
0.166667 0.180446 0.012320 200 211 1000 931 10000 10000 0 5
0.166667 0.162015 0.011550 200 191 1000 993 10000 10000 0 5
0.166667 0.170325 0.011550 200 213 1000 1021 10000 10000 0 5
0.166667 0.158402 0.011569 200 195 1000 983 10000 10000 0 5
0.166667 0.164714 0.011248 200 205 1000 1045 10000 10000 0 5
0.166667 0.166014 0.011589 200 201 1000 985 10000 10000 0 5
0.166667 0.189395 0.011885 200 232 1000 1011 10000 10000 0 5
0.166667 0.159403 0.011310 200 195 1000 1029 10000 10000 0 5
0.166667 0.144325 0.011098 200 171 1000 1037 10000 10000 0 5
0.166667 0.142718 0.011177 200 174 1000 1000 10000 10000 0 5
0.166667 0.180952 0.011950 200 213 1000 990 10000 10000 0 5
0.166667 0.152956 0.011220 200 193 1000 1020 10000 10000 0 5
0.166667 0.174703 0.012145 200 208 1000 946 10000 10000 0 5
0.166667 0.164950 0.011296 200 206 1000 1044 10000 10000 0 5
0.166667 0.190038 0.012209 200 228 1000 981 10000 10000 0 5
0.166667 0.164459 0.011451 200 214 1000 1032 10000 10000 0 5
0.166667 0.165008 0.011797 200 192 1000 980 10000 10000 0 5
0.166667 0.162348 0.011522 200 195 1000 1005 10000 10000 0 5
0.166667 0.170617 0.011604 200 208 1000 1011 10000 10000 0 5
0.166667 0.149858 0.011028 200 184 1000 1033 10000 10000 0 5
0.166667 0.169547 0.011832 200 201 1000 995 10000 10000 0 5
0.166667 0.179096 0.011618 200 226 1000 1030 10000 10000 0 5
0.166667 0.151141 0.011413 200 185 1000 996 10000 10000 0 5
0.166667 0.151882 0.011111 200 183 1000 1037 10000 10000 0 5
0.166667 0.172478 0.012023 200 198 1000 931 10000 10000 0 5
0.166667 0.162266 0.011327 200 205 1000 1045 10000 10000 0 5
0.166667 0.145528 0.011473 200 171 1000 995 10000 10000 0 5
0.166667 0.172199 0.012226 200 194 1000 922 10000 10000 0 5
0.166667 0.175664 0.011632 200 218 1000 1034 10000 10000 0 5
0.166667 0.183393 0.012003 200 220 1000 992 10000 10000 0 5
0.166667 0.163962 0.011705 200 194 1000 984 10000 10000 0 5
0.166667 0.175914 0.011382 200 214 1000 1064 10000 10000 0 5
0.166667 0.167506 0.011872 200 197 1000 955 10000 10000 0 5
0.166667 0.180093 0.012415 200 205 1000 913 10000 10000 0 5
0.166667 0.167052 0.011828 200 196 1000 998 10000 10000 0 5
0.166667 0.153940 0.011240 200 188 1000 1007 10000 10000 0 5
0.166667 0.171157 0.011451 200 216 1000 1050 10000 10000 0 5
0.166667 0.175385 0.012012 200 201 1000 986 10000 10000 0 5
0.166667 0.167587 0.011473 200 211 1000 1016 10000 10000 0 5
0.166667 0.160810 0.012142 200 177 1000 907 10000 10000 0 5
0.166667 0.159260 0.011526 200 198 1000 1012 10000 10000 0 5
0.166667 0.176024 0.012098 200 203 1000 945 10000 10000 0 5
0.166667 0.161288 0.011454 200 189 1000 1041 10000 10000 0 5
0.166667 0.163841 0.011494 200 191 1000 1018 10000 10000 0 5
0.166667 0.144983 0.011030 200 180 1000 1042 10000 10000 0 5
0.166667 0.173157 0.011804 200 215 1000 1005 10000 10000 0 5
0.166667 0.167046 0.011570 200 212 1000 998 10000 10000 0 5
0.166667 0.168527 0.011409 200 208 1000 1034 10000 10000 0 5
0.166667 0.177815 0.011542 200 216 1000 1042 10000 10000 0 5
0.166667 0.161329 0.011413 200 203 1000 1016 10000 10000 0 5
0.166667 0.161597 0.011322 200 208 1000 1037 10000 10000 0 5
0.166667 0.165796 0.011923 200 192 1000 953 10000 10000 0 5
0.166667 0.168026 0.012288 200 183 1000 922 10000 10000 0 5
0.166667 0.152291 0.011437 200 182 1000 979 10000 10000 0 5
0.166667 0.173755 0.011786 200 220 1000 1010 10000 10000 0 5
0.166667 0.181891 0.011948 200 223 1000 1008 10000 10000 0 5
0.166667 0.174242 0.011861 200 202 1000 984 10000 10000 0 5
0.166667 0.161330 0.011302 200 199 1000 1045 10000 10000 0 5
0.166667 0.151739 0.011298 200 181 1000 1001 10000 10000 0 5
0.166667 0.149170 0.011312 200 179 1000 1000 10000 10000 0 5
0.166667 0.158344 0.011385 200 184 1000 1019 10000 10000 0 5
0.166667 0.175746 0.011773 200 209 1000 1008 10000 10000 0 5
0.166667 0.177638 0.011799 200 207 1000 1002 10000 10000 0 5
0.166667 0.166909 0.011534 200 205 1000 1004 10000 10000 0 5
0.166667 0.184618 0.012153 200 227 1000 969 10000 10000 0 5
0.166667 0.165087 0.012010 200 193 1000 945 10000 10000 0 5
0.166667 0.168409 0.011760 200 191 1000 998 10000 10000 0 5
0.166667 0.168891 0.011621 200 198 1000 1023 10000 10000 0 5
0.166667 0.163056 0.011611 200 194 1000 983 10000 10000 0 5
0.166667 0.145635 0.011056 200 180 1000 1017 10000 10000 0 5
0.166667 0.173961 0.011832 200 199 1000 988 10000 10000 0 5
0.166667 0.157188 0.011269 200 199 1000 1045 10000 10000 0 5
0.166667 0.170032 0.011456 200 212 1000 1030 10000 10000 0 5
0.166667 0.183849 0.012215 200 210 1000 979 10000 10000 0 5
0.166667 0.166859 0.011908 200 184 1000 944 10000 10000 0 5
0.166667 0.173718 0.011629 200 216 1000 1009 10000 10000 0 5
0.166667 0.166588 0.011422 200 207 1000 1055 10000 10000 0 5
0.166667 0.174326 0.011762 200 204 1000 983 10000 10000 0 5
0.166667 0.159961 0.011283 200 204 1000 1030 10000 10000 0 5
0.166667 0.151519 0.011717 200 178 1000 942 10000 10000 0 5
0.166667 0.165091 0.011929 200 187 1000 950 10000 10000 0 5
0.166667 0.160081 0.011444 200 196 1000 1025 10000 10000 0 5
0.166667 0.162867 0.011403 200 202 1000 1017 10000 10000 0 5
0.166667 0.173182 0.011986 200 204 1000 969 10000 10000 0 5
0.166667 0.164626 0.011756 200 199 1000 978 10000 10000 0 5
0.166667 0.172381 0.011524 200 213 1000 1011 10000 10000 0 5
0.166667 0.166699 0.011628 200 200 1000 1000 10000 10000 0 5
0.166667 0.178872 0.011887 200 223 1000 994 10000 10000 0 5
0.166667 0.176863 0.011670 200 224 1000 1036 10000 10000 0 5
0.166667 0.175397 0.011795 200 206 1000 997 10000 10000 0 5
0.166667 0.167005 0.011604 200 204 1000 995 10000 10000 0 5
0.166667 0.144167 0.011064 200 183 1000 1024 10000 10000 0 5
0.166667 0.180931 0.011961 200 216 1000 979 10000 10000 0 5
0.166667 0.172571 0.011576 200 224 1000 1015 10000 10000 0 5
0.166667 0.163570 0.011691 200 197 1000 995 10000 10000 0 5
0.166667 0.185148 0.011984 200 220 1000 971 10000 10000 0 5
0.166667 0.169612 0.011664 200 213 1000 1014 10000 10000 0 5
0.166667 0.176079 0.011862 200 218 1000 997 10000 10000 0 5
0.166667 0.159696 0.011513 200 204 1000 1020 10000 10000 0 5
0.166667 0.163139 0.011510 200 190 1000 1006 10000 10000 0 5
0.166667 0.174504 0.011787 200 214 1000 984 10000 10000 0 5
0.166667 0.169386 0.011777 200 210 1000 994 10000 10000 0 5
0.166667 0.163927 0.011571 200 203 1000 1015 10000 10000 0 5
0.166667 0.181233 0.012070 200 212 1000 975 10000 10000 0 5
0.166667 0.151195 0.011314 200 184 1000 1002 10000 10000 0 5
0.166667 0.172331 0.011754 200 206 1000 1015 10000 10000 0 5
0.166667 0.138167 0.011332 200 164 1000 973 10000 10000 0 5
0.166667 0.186588 0.012037 200 219 1000 975 10000 10000 0 5
0.166667 0.180170 0.012058 200 226 1000 970 10000 10000 0 5
0.166667 0.172726 0.011635 200 210 1000 1025 10000 10000 0 5
0.166667 0.153521 0.011272 200 188 1000 1013 10000 10000 0 5
0.166667 0.154432 0.011642 200 184 1000 940 10000 10000 0 5
0.166667 0.174653 0.011645 200 209 1000 1006 10000 10000 0 5
0.166667 0.169920 0.011479 200 203 1000 1025 10000 10000 0 5
0.166667 0.158673 0.011555 200 191 1000 1005 10000 10000 0 5
0.166667 0.153823 0.011603 200 178 1000 978 10000 10000 0 5
0.166667 0.172390 0.011631 200 210 1000 1005 10000 10000 0 5
0.166667 0.148718 0.011242 200 175 1000 1007 10000 10000 0 5
0.166667 0.158449 0.011683 200 194 1000 981 10000 10000 0 5
0.166667 0.168886 0.011867 200 196 1000 966 10000 10000 0 5
0.166667 0.175171 0.011682 200 218 1000 1013 10000 10000 0 5
0.166667 0.172711 0.011999 200 196 1000 965 10000 10000 0 5
0.166667 0.165364 0.011658 200 197 1000 999 10000 10000 0 5
0.166667 0.172690 0.011488 200 220 1000 1022 10000 10000 0 5
0.166667 0.147065 0.011161 200 180 1000 999 10000 10000 0 5
0.166667 0.171477 0.011713 200 208 1000 999 10000 10000 0 5
0.166667 0.168350 0.011758 200 200 1000 990 10000 10000 0 5
0.166667 0.169848 0.011501 200 212 1000 1027 10000 10000 0 5
0.166667 0.168329 0.011664 200 207 1000 1001 10000 10000 0 5
0.166667 0.155567 0.011851 200 181 1000 953 10000 10000 0 5
0.166667 0.169915 0.011806 200 199 1000 986 10000 10000 0 5
0.166667 0.152211 0.011237 200 190 1000 1017 10000 10000 0 5
0.166667 0.206973 0.012497 200 240 1000 962 10000 10000 0 5
0.166667 0.178578 0.012046 200 213 1000 970 10000 10000 0 5
0.166667 0.152469 0.011133 200 175 1000 1037 10000 10000 0 5
0.166667 0.180928 0.011935 200 222 1000 983 10000 10000 0 5
0.166667 0.172576 0.011901 200 201 1000 978 10000 10000 0 5
0.166667 0.177831 0.011791 200 216 1000 1007 10000 10000 0 5
0.166667 0.164751 0.011915 200 185 1000 943 10000 10000 0 5
0.166667 0.165122 0.011779 200 188 1000 975 10000 10000 0 5
0.166667 0.157754 0.011720 200 176 1000 960 10000 10000 0 5
0.166667 0.147551 0.011377 200 171 1000 988 10000 10000 0 5
0.166667 0.163442 0.011652 200 195 1000 997 10000 10000 0 5
0.166667 0.167418 0.011697 200 200 1000 986 10000 10000 0 5
0.166667 0.184640 0.012216 200 212 1000 963 10000 10000 0 5
0.166667 0.165355 0.011783 200 193 1000 963 10000 10000 0 5
0.166667 0.168515 0.011644 200 226 1000 1017 10000 10000 0 5
0.166667 0.171270 0.011514 200 214 1000 1031 10000 10000 0 5
0.166667 0.169292 0.011494 200 207 1000 1019 10000 10000 0 5
0.166667 0.157034 0.011367 200 192 1000 998 10000 10000 0 5
0.166667 0.166300 0.011808 200 198 1000 978 10000 10000 0 5
0.166667 0.170874 0.011717 200 199 1000 990 10000 10000 0 5
0.166667 0.169471 0.011587 200 210 1000 1001 10000 10000 0 5
0.166667 0.150821 0.011095 200 189 1000 1044 10000 10000 0 5
0.166667 0.148738 0.011264 200 180 1000 1003 10000 10000 0 5
0.166667 0.154396 0.011287 200 186 1000 1019 10000 10000 0 5
0.166667 0.163085 0.011465 200 206 1000 1007 10000 10000 0 5
0.166667 0.151120 0.011271 200 192 1000 1010 10000 10000 0 5
0.166667 0.191787 0.012526 200 220 1000 918 10000 10000 0 5
0.166667 0.173750 0.011628 200 216 1000 1018 10000 10000 0 5
0.166667 0.149518 0.011308 200 179 1000 1011 10000 10000 0 5
0.166667 0.187552 0.011945 200 231 1000 991 10000 10000 0 5
0.166667 0.161200 0.011387 200 191 1000 1013 10000 10000 0 5
0.166667 0.163706 0.011491 200 197 1000 1003 10000 10000 0 5
0.166667 0.149540 0.011298 200 177 1000 1017 10000 10000 0 5
0.166667 0.186408 0.012077 200 211 1000 985 10000 10000 0 5
0.166667 0.168616 0.011554 200 199 1000 1018 10000 10000 0 5
0.166667 0.172520 0.011778 200 204 1000 1014 10000 10000 0 5
0.166667 0.147370 0.011118 200 184 1000 1044 10000 10000 0 5
0.166667 0.161329 0.011737 200 178 1000 965 10000 10000 0 5
0.166667 0.170112 0.011642 200 188 1000 1021 10000 10000 0 5
0.166667 0.150226 0.011538 200 176 1000 956 10000 10000 0 5
0.166667 0.152677 0.011228 200 180 1000 1020 10000 10000 0 5
0.166667 0.171162 0.011766 200 205 1000 1001 10000 10000 0 5
0.166667 0.159375 0.011444 200 211 1000 1037 10000 10000 0 5
0.166667 0.161367 0.011306 200 198 1000 1031 10000 10000 0 5
0.166667 0.166573 0.011832 200 196 1000 993 10000 10000 0 5
0.166667 0.170272 0.011870 200 197 1000 958 10000 10000 0 5
0.166667 0.158490 0.011605 200 176 1000 969 10000 10000 0 5
0.166667 0.175489 0.011921 200 206 1000 991 10000 10000 0 5
0.166667 0.141907 0.011274 200 162 1000 981 10000 10000 0 5
0.166667 0.180664 0.012000 200 223 1000 995 10000 10000 0 5
0.166667 0.160888 0.011705 200 193 1000 986 10000 10000 0 5
0.166667 0.167602 0.011472 200 207 1000 1033 10000 10000 0 5
0.166667 0.185433 0.011910 200 226 1000 997 10000 10000 0 5
0.166667 0.161326 0.011710 200 194 1000 975 10000 10000 0 5
0.166667 0.165593 0.011772 200 187 1000 975 10000 10000 0 5
0.166667 0.168347 0.011717 200 201 1000 987 10000 10000 0 5
0.166667 0.177829 0.012070 200 202 1000 971 10000 10000 0 5
0.166667 0.177701 0.011820 200 224 1000 1006 10000 10000 0 5
0.166667 0.146696 0.011039 200 182 1000 1033 10000 10000 0 5
0.166667 0.177450 0.012079 200 211 1000 970 10000 10000 0 5
0.166667 0.157117 0.010977 200 206 1000 1073 10000 10000 0 5
0.166667 0.190573 0.012141 200 220 1000 995 10000 10000 0 5
0.166667 0.162298 0.011430 200 200 1000 1025 10000 10000 0 5
0.166667 0.157806 0.011563 200 192 1000 988 10000 10000 0 5
0.166667 0.153075 0.011338 200 192 1000 999 10000 10000 0 5
0.166667 0.177972 0.011760 200 217 1000 998 10000 10000 0 5
0.166667 0.138295 0.011060 200 170 1000 1003 10000 10000 0 5
0.166667 0.149546 0.011671 200 172 1000 953 10000 10000 0 5
0.166667 0.181979 0.011956 200 209 1000 995 10000 10000 0 5
0.166667 0.165555 0.011469 200 214 1000 1029 10000 10000 0 5
0.166667 0.175060 0.011603 200 215 1000 1030 10000 10000 0 5
0.166667 0.177435 0.011909 200 212 1000 1011 10000 10000 0 5
0.166667 0.156708 0.011548 200 185 1000 1000 10000 10000 0 5
0.166667 0.147419 0.011369 200 175 1000 983 10000 10000 0 5
0.166667 0.165299 0.011828 200 192 1000 948 10000 10000 0 5
0.166667 0.164191 0.011495 200 214 1000 1032 10000 10000 0 5
0.166667 0.173817 0.011863 200 209 1000 1009 10000 10000 0 5
0.166667 0.167547 0.011630 200 198 1000 996 10000 10000 0 5
0.166667 0.151616 0.011236 200 188 1000 1029 10000 10000 0 5
0.166667 0.164913 0.011674 200 199 1000 980 10000 10000 0 5
0.166667 0.147821 0.011159 200 183 1000 1015 10000 10000 0 5
0.166667 0.151692 0.011462 200 177 1000 980 10000 10000 0 5
0.166667 0.160803 0.011403 200 193 1000 1031 10000 10000 0 5
0.166667 0.177045 0.012151 200 198 1000 953 10000 10000 0 5
0.166667 0.155722 0.011541 200 180 1000 987 10000 10000 0 5
0.166667 0.164318 0.011654 200 198 1000 995 10000 10000 0 5
0.166667 0.164809 0.011407 200 198 1000 1031 10000 10000 0 5
0.166667 0.171250 0.011598 200 202 1000 1003 10000 10000 0 5
0.166667 0.181475 0.012328 200 200 1000 936 10000 10000 0 5
0.166667 0.176928 0.011631 200 226 1000 1036 10000 10000 0 5
0.166667 0.165447 0.011757 200 197 1000 981 10000 10000 0 5
0.166667 0.166098 0.011474 200 211 1000 1031 10000 10000 0 5
0.166667 0.142499 0.010988 200 181 1000 1046 10000 10000 0 5
0.166667 0.178596 0.011924 200 200 1000 981 10000 10000 0 5
0.166667 0.188609 0.012336 200 222 1000 932 10000 10000 0 5
0.166667 0.157657 0.011335 200 182 1000 1021 10000 10000 0 5
0.166667 0.165818 0.011718 200 193 1000 997 10000 10000 0 5
0.166667 0.158675 0.011496 200 190 1000 986 10000 10000 0 5
0.166667 0.156974 0.011435 200 192 1000 1013 10000 10000 0 5
0.166667 0.170543 0.011613 200 218 1000 1011 10000 10000 0 5
0.166667 0.172171 0.011920 200 204 1000 977 10000 10000 0 5
